14071.69 124.75
14072.89 125.87
14074.09 126.44
14075.29 125.72
14076.50 124.86
14077.70 125.93
14078.90 125.96
14080.10 125.48
14081.30 124.74
14082.50 124.87
14083.70 125.94
14084.90 114.47
14086.10 87.23
14087.26 94.12
14088.43 105.06
14089.63 84.53
14090.80 69.76
14091.96 89.38
14093.12 86.69
14094.29 69.35
14095.46 84.67
14096.62 97.84
14097.79 78.92
14098.96 73.46
14100.13 90.73
14101.30 81.86
14102.46 65.93
14103.62 81.97
14104.79 95.48
14105.95 77.74
14107.12 61.37
14108.29 48.19
14109.46 65.59
14110.62 87.30
14111.78 99.65
14112.95 107.32
14114.16 82.16
14115.32 65.08
14116.48 87.04
14117.64 82.02
14118.80 67.01
14119.96 81.01
14121.13 95.00
14122.29 76.50
14123.45 69.25
14124.62 87.13
14125.79 81.56
14126.95 64.78
14128.13 79.89
14129.29 95.95
14130.46 74.47
14131.62 72.74
14132.79 90.37
14133.96 80.18
14135.13 61.09
14136.29 79.05
14137.45 93.52
14138.62 74.76
14139.79 76.38
14140.95 90.69
14142.11 77.35
14143.29 62.17
14144.46 49.09
14145.62 42.54
14146.79 69.27
14147.96 88.64
14149.13 101.82
14150.34 89.91
14151.50 67.95
14152.66 51.48
14153.84 40.24
14155.00 68.62
14156.15 77.81
14157.32 64.40
14158.48 77.70
14159.64 91.35
14160.81 103.68
14162.02 109.84
14163.22 82.42
14164.38 82.71
14165.55 94.35
14166.72 80.68
14167.89 61.34
14169.06 82.67
14170.22 90.33
14171.38 70.17
14172.55 78.58
14173.71 92.79
14174.88 78.40
14176.04 62.20
14177.19 46.60
14178.35 51.30
14179.51 76.15
14180.68 94.07
14181.84 103.54
14183.04 87.77
14184.20 67.88
14185.36 83.44
14186.53 96.72
14187.70 76.36
14188.86 78.18
14190.02 93.09
14191.18 79.05
14192.34 60.52
14193.51 80.76
14194.69 92.38
14195.85 71.19
14197.02 77.10
14198.18 91.05
14199.34 78.52
14200.50 62.26
14201.66 80.63
14202.83 87.82
14204.00 70.91
14205.16 55.45
14206.33 41.23
14207.50 63.61
14208.66 85.31
14209.83 68.65
14211.00 70.33
14212.16 88.66
14213.33 78.83
14214.50 59.92
14215.66 47.96
14216.83 38.98
14218.00 67.49
14219.15 88.74
14220.32 99.37
14221.49 106.19
14222.70 110.59
14223.90 114.80
14225.09 118.40
14226.28 120.20
14227.48 120.10
14228.68 119.55
14229.88 120.77
14231.08 122.39
14232.28 123.19
14233.48 122.10
14234.68 122.05
14235.88 122.52
14237.08 124.26
14238.28 123.13
14239.49 122.07
14240.69 122.03
14241.89 123.02
14243.09 125.01
14244.28 125.50
14245.48 124.75
14246.68 124.38
14247.89 123.19
14249.10 123.09
14250.29 122.55
14251.50 123.77
14252.70 122.89
14253.90 123.94
14255.10 125.47
14256.30 126.24
14257.50 124.12
14258.70 125.06