18144.00 124.23
18145.19 125.12
18146.40 126.06
18147.59 125.03
18148.79 126.01
18149.99 126.51
18151.20 125.25
18152.40 125.63
18153.61 124.31
18154.82 125.16
18156.02 126.58
18157.23 104.29
18158.43 80.14
18159.61 94.57
18160.78 101.29
18161.99 79.64
18163.15 85.82
18164.32 99.41
18165.50 83.21
18166.66 64.10
18167.83 83.55
18168.99 85.28
18170.16 70.64
18171.33 80.32
18172.50 94.16
18173.66 78.08
18174.83 62.04
18176.00 82.52
18177.15 83.26
18178.32 66.63
18179.50 51.81
18180.66 41.41
18181.83 68.20
18182.99 87.10
18184.15 101.55
18185.36 89.78
18186.53 68.89
18187.70 77.94
18188.86 91.97
18190.03 76.49
18191.18 61.24
18192.35 82.62
18193.53 84.81
18194.70 67.91
18195.86 80.45
18197.03 95.73
18198.20 78.86
18199.35 61.43
18200.52 82.22
18201.69 81.11
18202.86 65.55
18204.02 78.28
18205.18 93.14
18206.35 75.07
18207.51 62.03
18208.67 83.52
18209.84 80.76
18211.01 63.88
18212.17 79.94
18213.34 94.97
18214.51 75.48
18215.67 57.74
18216.84 44.37
18218.01 61.19
18219.18 82.59
18220.34 95.80
18221.51 103.90
18222.71 83.45
18223.87 64.72
18225.04 50.36
18226.20 57.68
18227.36 78.84
18228.53 73.42
18229.70 58.71
18230.86 79.36
18232.03 95.68
18233.19 104.84
18234.39 91.92
18235.56 71.46
18236.73 83.23
18237.90 98.11
18239.07 76.56
18240.23 72.28
18241.40 90.14
18242.57 82.07
18243.73 64.53
18244.90 80.77
18246.06 96.38
18247.22 74.69
18248.39 56.85
18249.56 42.92
18250.72 62.96
18251.89 84.48
18253.05 97.74
18254.21 106.87
18255.42 85.44
18256.58 68.22
18257.75 86.11
18258.92 80.55
18260.10 64.28
18261.26 80.14
18262.43 94.07
18263.60 73.53
18264.76 70.77
18265.93 88.38
18267.10 80.69
18268.26 62.35
18269.42 80.17
18270.59 96.09
18271.76 76.04
18272.91 75.52
18274.08 89.76
18275.24 78.38
18276.41 60.69
18277.58 46.35
18278.75 36.67
18279.91 66.84
18281.08 70.42
18282.24 57.21
18283.41 74.60
18284.57 91.30
18285.73 73.65
18286.90 56.33
18288.07 44.16
18289.23 58.58
18290.40 79.79
18291.56 94.90
18292.73 104.95
18293.93 109.97
18295.13 113.99
18296.34 116.49
18297.55 118.25
18298.75 118.62
18299.96 119.81
18301.17 119.91
18302.38 119.45
18303.58 119.23
18304.79 121.11
18306.00 121.56
18307.20 121.78
18308.40 122.39
18309.60 122.19
18310.80 123.10
18311.99 122.55
18313.21 123.27
18314.42 123.64
18315.63 123.82
18316.84 123.91
18318.05 124.45
18319.25 123.73
18320.46 123.86
18321.67 123.93
18322.87 123.97
18324.07 123.98
18325.27 123.99
18326.47 124.00
18327.68 124.00
18328.87 124.00
18330.07 124.50
18331.26 126.25