19261.70 127.73
19262.90 127.87
19264.10 127.43
19265.30 127.22
19266.50 126.61
19267.70 126.30
19268.90 127.15
19270.10 127.58
19271.30 127.29
19272.50 126.14
19273.70 125.07
19274.90 98.54
19276.06 79.77
19277.22 96.38
19278.39 89.19
19279.55 71.10
19280.72 85.55
19281.89 100.27
19283.10 80.64
19284.26 76.82
19285.43 93.91
19286.61 84.45
19287.78 65.73
19288.94 83.36
19290.12 97.18
19291.29 76.59
19292.47 78.80
19293.63 93.40
19294.79 81.20
19295.95 62.60
19297.11 49.80
19298.27 44.40
19299.43 72.70
19300.60 91.85
19301.76 102.92
19302.96 85.96
19304.13 65.98
19305.30 80.99
19306.47 95.50
19307.64 75.75
19308.81 73.87
19309.98 89.94
19311.15 79.97
19312.31 63.48
19313.48 81.74
19314.65 97.37
19315.82 75.19
19316.99 78.09
19318.15 92.05
19319.31 79.02
19320.48 62.51
19321.65 81.26
19322.82 90.13
19323.99 71.06
19325.15 77.53
19326.32 92.77
19327.49 78.38
19328.66 61.19
19329.83 81.60
19330.99 84.30
19332.16 67.65
19333.32 53.32
19334.49 42.66
19335.66 66.83
19336.83 86.42
19337.99 98.71
19339.16 107.35
19340.37 81.68
19341.54 60.84
19342.70 46.92
19343.86 66.46
19345.03 86.23
19346.19 70.61
19347.36 62.81
19348.53 82.90
19349.69 97.45
19350.86 105.73
19352.07 86.36
19353.23 66.68
19354.39 85.34
19355.56 86.17
19356.73 68.09
19357.90 79.54
19359.06 93.77
19360.22 76.89
19361.39 59.44
19362.55 81.72
19363.72 80.36
19364.89 63.68
19366.06 51.34
19367.22 39.67
19368.39 65.84
19369.55 86.42
19370.72 99.71
19371.89 101.85
19373.09 76.93
19374.25 82.46
19375.42 95.23
19376.59 78.62
19377.76 61.31
19378.93 81.65
19380.10 84.33
19381.27 65.66
19382.43 76.83
19383.61 92.92
19384.78 76.46
19385.94 58.23
19387.11 81.11
19388.28 80.06
19389.46 64.03
19390.62 78.01
19391.78 93.01
19392.94 74.50
19394.10 57.25
19395.26 46.13
19396.43 59.06
19397.60 80.53
19398.76 72.27
19399.93 57.13
19401.10 78.07
19402.26 84.53
19403.42 66.27
19404.60 52.63
19405.76 40.32
19406.93 63.66
19408.10 83.33
19409.26 96.66
19410.43 105.33
19411.65 111.17
19412.86 114.08
19414.06 117.04
19415.25 118.52
19416.47 119.76
19417.67 119.38
19418.88 119.19
19420.08 120.10
19421.28 121.05
19422.48 122.02
19423.68 122.51
19424.89 122.26
19426.10 122.63
19427.30 122.81
19428.50 122.91
19429.70 122.95
19430.91 122.98
19432.11 123.49
19433.32 123.74
19434.53 123.87
19435.74 124.44
19436.94 124.22
19438.15 124.11
19439.36 123.55
19440.57 123.28
19441.78 123.64
19442.99 124.32
19444.19 124.16
19445.40 124.08
19446.60 124.54
19447.81 124.27
19449.02 124.13