20642.04 125.57
20643.24 125.78
20644.44 124.89
20645.64 125.45
20646.85 124.72
20648.06 125.86
20649.26 125.93
20650.46 125.47
20651.66 125.73
20652.86 125.87
20654.07 126.93
20655.26 95.47
20656.44 93.23
20657.60 103.62
20658.80 87.31
20659.96 67.15
20661.13 86.58
20662.30 90.79
20663.46 73.39
20664.62 81.70
20665.78 96.35
20666.95 81.67
20668.12 63.84
20669.29 83.92
20670.47 85.46
20671.63 67.73
20672.80 81.86
20673.96 96.93
20675.13 78.47
20676.30 61.73
20677.46 46.87
20678.62 58.93
20679.80 80.97
20680.96 96.48
20682.12 106.24
20683.33 85.12
20684.50 63.56
20685.66 82.28
20686.83 89.14
20688.00 70.57
20689.15 79.29
20690.32 94.14
20691.49 79.57
20692.66 61.29
20693.83 83.14
20694.99 84.07
20696.15 67.54
20697.32 79.27
20698.49 95.13
20699.66 79.57
20700.83 60.78
20701.99 82.39
20703.16 81.20
20704.33 64.60
20705.49 78.30
20706.65 93.15
20707.82 75.07
20708.98 63.54
20710.15 83.77
20711.31 79.88
20712.48 63.94
20713.65 49.97
20714.82 41.49
20715.99 68.24
20717.15 88.12
20718.32 101.56
20719.53 95.28
20720.70 74.14
20721.86 56.07
20723.03 43.04
20724.18 67.52
20725.35 87.76
20726.52 69.88
20727.69 74.94
20728.86 89.97
20730.02 100.48
20731.23 108.24
20732.44 83.12
20733.61 77.56
20734.78 92.28
20735.94 81.64
20737.11 63.82
20738.28 80.91
20739.45 95.46
20740.62 75.23
20741.78 76.61
20742.95 91.81
20744.12 79.40
20745.28 62.70
20746.44 47.35
20747.61 40.18
20748.78 69.09
20749.94 89.54
20751.10 102.27
20752.31 91.14
20753.48 69.07
20754.64 84.03
20755.80 98.02
20756.96 77.01
20758.12 71.50
20759.28 88.25
20760.45 80.63
20761.62 64.31
20762.78 80.66
20763.95 95.33
20765.12 74.66
20766.29 75.33
20767.46 89.67
20768.62 78.83
20769.80 62.92
20770.96 80.96
20772.13 94.48
20773.30 73.24
20774.47 56.12
20775.63 44.06
20776.79 65.53
20777.96 84.76
20779.13 69.38
20780.30 66.19
20781.46 84.10
20782.62 78.05
20783.78 61.52
20784.96 46.26
20786.12 37.13
20787.30 66.57
20788.47 86.28
20789.63 98.64
20790.80 106.82
20792.00 111.41
20793.19 114.71
20794.40 117.35
20795.61 119.18
20796.82 119.59
20798.02 119.79
20799.23 119.40
20800.43 121.20
20801.63 120.10
20802.83 121.55
20804.03 121.77
20805.23 122.39
20806.44 122.19
20807.64 122.10
20808.85 123.05
20810.05 124.02
20811.24 124.51
20812.45 123.76
20813.66 123.88
20814.86 123.94
20816.06 123.97
20817.26 123.98
20818.46 124.49
20819.66 124.75
20820.86 124.37
20822.07 124.19
20823.26 124.09
20824.47 124.05
20825.66 124.02
20826.86 124.01
20828.07 126.01
20829.26 125.00