22010.47 126.42
22011.67 125.71
22012.88 125.86
22014.09 125.93
22015.29 125.96
22016.50 126.98
22017.70 126.49
22018.90 126.25
22020.10 126.12
22021.31 127.06
22022.51 126.53
22023.72 95.77
22024.89 91.88
22026.05 103.44
22027.26 87.22
22028.42 67.11
22029.59 86.56
22030.76 92.28
22031.93 73.14
22033.10 82.07
22034.26 97.03
22035.42 80.02
22036.58 62.01
22037.75 83.00
22038.90 87.50
22040.05 69.75
22041.21 79.88
22042.39 95.44
22043.55 78.72
22044.72 61.36
22045.89 47.68
22047.06 56.84
22048.22 79.92
22049.39 95.96
22050.56 105.48
22051.76 83.74
22052.93 62.87
22054.10 81.93
22055.26 90.97
22056.42 71.48
22057.59 79.24
22058.76 93.62
22059.93 78.31
22061.10 61.16
22062.26 81.58
22063.43 86.29
22064.60 68.64
22065.76 78.82
22066.93 93.91
22068.10 76.96
22069.26 59.98
22070.43 81.49
22071.60 81.74
22072.76 64.87
22073.93 78.44
22075.10 93.22
22076.26 76.11
22077.44 62.55
22078.61 83.28
22079.78 79.64
22080.94 63.32
22082.11 50.66
22083.28 39.33
22084.45 67.16
22085.62 87.08
22086.78 100.04
22087.99 95.52
22089.15 73.76
22090.32 55.88
22091.49 43.44
22092.66 67.72
22093.83 87.36
22095.00 69.18
22096.16 74.59
22097.33 90.29
22098.50 100.65
22099.70 108.32
22100.91 83.66
22102.07 76.83
22103.23 91.42
22104.40 81.21
22105.56 64.10
22106.72 81.55
22107.89 96.78
22109.06 75.89
22110.22 74.94
22111.39 88.97
22112.56 78.99
22113.73 61.49
22114.90 48.25
22116.06 40.12
22117.23 69.06
22118.40 88.53
22119.56 100.77
22120.77 89.88
22121.94 70.44
22123.10 84.72
22124.26 98.36
22125.43 76.68
22126.60 72.84
22127.76 88.42
22128.93 80.21
22130.10 63.61
22131.26 81.30
22132.42 95.65
22133.59 74.83
22134.76 74.91
22135.94 90.96
22137.10 78.48
22138.26 61.74
22139.43 80.37
22140.60 95.18
22141.76 73.59
22142.93 55.80
22144.09 42.90
22145.24 64.45
22146.41 84.22
22147.58 69.11
22148.75 60.56
22149.91 81.78
22151.08 78.39
22152.24 62.69
22153.41 47.35
22154.58 37.67
22155.75 66.84
22156.91 86.92
22158.08 99.46
22159.24 107.23
22160.45 111.61
22161.66 115.81
22162.86 117.90
22164.07 119.45
22165.26 119.23
22166.47 119.11
22167.69 120.06
22168.89 121.03
22170.09 121.51
22171.29 122.26
22172.50 122.13
22173.70 122.06
22174.90 122.53
22176.10 122.77
22177.30 122.88
22178.50 122.94
22179.70 122.97
22180.91 122.99
22182.11 122.99
22183.32 123.00
22184.53 123.50
22185.73 123.75
22186.94 124.37
22188.15 124.19
22189.35 124.09
22190.56 124.05
22191.76 126.02
22192.96 125.01
22194.17 125.01
22195.38 125.00
22196.58 125.00
22197.77 125.00