23287.39 125.43
23288.60 126.71
23289.80 126.86
23291.01 125.93
23292.21 125.96
23293.42 125.48
23294.62 125.74
23295.83 126.87
23297.03 126.94
23298.23 126.97
23299.44 126.48
23300.64 99.74
23301.81 75.87
23302.98 93.94
23304.15 90.97
23305.31 72.48
23306.49 85.24
23307.66 100.12
23308.86 82.06
23310.02 73.03
23311.18 91.02
23312.36 84.01
23313.53 65.50
23314.69 81.75
23315.86 96.38
23317.02 76.19
23318.18 74.59
23319.36 90.80
23320.52 81.40
23321.68 64.70
23322.84 50.85
23324.01 40.42
23325.17 69.71
23326.34 90.36
23327.51 102.68
23328.72 86.34
23329.89 67.17
23331.06 81.58
23332.22 96.79
23333.39 76.90
23334.55 67.45
23335.72 87.22
23336.89 81.11
23338.06 65.06
23339.22 80.03
23340.39 96.01
23341.55 77.51
23342.72 72.75
23343.89 89.38
23345.06 80.19
23346.22 63.59
23347.39 80.30
23348.55 95.15
23349.72 75.07
23350.88 77.04
23352.04 92.02
23353.20 80.51
23354.37 63.75
23355.54 81.88
23356.70 96.44
23357.86 75.72
23359.03 57.86
23360.20 43.93
23361.36 64.96
23362.53 84.48
23363.70 98.24
23364.86 106.62
23366.07 82.31
23367.23 62.66
23368.41 46.83
23369.57 63.41
23370.75 83.71
23371.91 71.35
23373.08 55.18
23374.24 79.09
23375.40 94.54
23376.56 104.77
23377.77 87.39
23378.94 67.19
23380.11 84.10
23381.28 93.55
23382.45 73.77
23383.62 79.89
23384.78 94.44
23385.95 79.72
23387.13 60.86
23388.30 80.93
23389.47 84.47
23390.63 66.73
23391.80 52.87
23392.97 40.93
23394.13 65.97
23395.30 85.48
23396.47 98.74
23397.64 106.87
23398.84 81.44
23400.01 82.22
23401.17 95.11
23402.34 81.05
23403.51 62.53
23404.68 81.26
23405.85 88.13
23407.02 69.07
23408.18 78.03
23409.34 92.52
23410.51 78.26
23411.68 60.63
23412.86 80.81
23414.02 82.41
23415.19 65.20
23416.36 77.60
23417.52 93.30
23418.68 77.15
23419.85 58.58
23421.02 45.29
23422.18 56.14
23423.36 79.57
23424.52 72.29
23425.69 56.14
23426.86 75.57
23428.02 87.29
23429.19 68.64
23430.36 52.32
23431.53 41.16
23432.70 63.58
23433.86 84.29
23435.02 98.15
23436.19 106.07
23437.39 111.04
23438.59 114.52
23439.80 117.76
23441.00 118.38
23442.19 118.69
23443.39 118.84
23444.60 119.42
23445.80 120.21
23447.00 121.11
23448.20 121.55
23449.40 121.78
23450.60 121.89
23451.80 122.44
23453.00 122.72
23454.19 122.86
23455.39 122.93
23456.59 122.97
23457.80 123.48
23459.00 123.24
23460.19 123.62
23461.40 124.31
23462.60 124.66
23463.80 124.83
23465.00 123.91
23466.19 124.46
23467.40 124.23
23468.60 124.11
23469.80 123.56
23471.00 123.78
23472.19 123.89
23473.39 123.94
23474.59 123.47