0.0 99.7519636213
1.21 100.0
2.42 99.0905332782
3.62 98.1190574618
4.82 99.1835469202
6.02 99.720959074
7.22 98.4291029351
8.43 98.3050847458
9.63 98.2430756511
10.83 97.1785861926
12.03 98.2017362547
13.24 82.1723852832
14.44 56.0665564283
15.6 66.7941298057
16.77 77.8317486565
17.98 56.4902852418
19.14 49.9483257544
20.3 65.7916494419
21.47 56.6659776767
22.64 37.639520463
23.8 54.4749896652
24.97 69.605208764
26.14 49.7933030178
27.3 50.2170318313
28.46 65.4092600248
29.63 52.8627532038
30.8 33.6606035552
31.97 55.0744109136
33.14 69.3881769326
34.3 49.162877222
35.46 31.3042579578
36.64 16.1637040099
37.8 37.5361719719
38.97 57.523770153
40.14 71.1347664324
41.3 72.2612649855
42.47 49.0491938818
43.63 40.5436130632
44.8 59.5390657296
45.97 54.5783381563
47.14 38.1355932203
48.3 54.7230260438
49.46 68.1893344357
50.63 48.046713518
51.8 45.2046300124
52.97 60.8412567177
54.14 50.0620090947
55.3 32.2653989252
56.47 52.3046713518
57.64 67.4865646962
58.8 47.6953286482
59.96 51.2401818933
61.13 64.3757751137
62.3 51.8189334436
63.46 32.1103761885
64.62 51.7155849525
65.78 63.5799917321
66.95 44.7085572551
68.12 50.7751136833
69.29 64.6548160397
70.46 50.4133939644
71.62 32.4410913601
72.79 19.8429102935
73.95 21.8065316246
75.12 48.1087226126
76.29 64.871847871
77.46 74.813972716
78.66 60.1384869781
79.83 37.3088052914
80.99 20.721372468
82.15 11.9057461761
83.32 40.5746176106
84.49 45.0909466722
85.66 32.3687474163
86.82 49.7726333196
87.99 64.6754857379
89.16 74.1938817693
90.36 73.2637453493
91.57 49.0388590327
92.74 57.0690367921
93.9 69.3571723853
95.06 53.2864820174
96.22 35.4278627532
97.39 54.4026457214
98.57 54.5886730054
99.74 36.5957007028
100.9 48.2637453493
102.06 63.4042992972
103.22 48.2430756511
104.39 28.7722199256
105.57 15.4195948739
106.74 29.4129805705
107.9 50.3617197189
109.06 65.9983464241
110.22 75.372054568
111.42 56.2939231087
112.59 34.3427035965
113.76 54.3819760232
114.93 58.7122778007
116.09 41.7527904093
117.25 51.8809425382
118.42 67.7966101695
119.58 49.4005787516
120.74 29.8677139314
121.9 51.1058288549
123.06 53.9789169078
124.23 36.2856552294
125.41 49.1525423729
126.58 65.3989251757
127.74 47.1682513435
128.9 28.7515502274
130.06 52.6147168251
131.23 52.6560562216
132.39 36.6680446465
133.57 19.88424969
134.74 9.94212484498
135.9 37.0090946672
137.06 54.1546093427
138.22 37.4121537826
139.38 44.0264572137
140.54 60.2521703183
141.7 48.2120711038
142.86 30.3121124432
144.03 17.2178586193
145.2 18.4270359653
146.37 45.907399752
147.54 62.7428689541
148.7 75.2893757751
149.9 80.5394791236
151.1 84.1876808599
152.3 87.5671765192
153.51 90.8123191401
154.71 91.9078131459
155.91 91.4324100868
157.11 91.7011161637
158.32 94.4295163291
159.54 95.2666391071
160.74 94.1401405539
161.93 94.6155436131
163.13 94.3261678379
164.34 95.2252997106
165.55 94.6362133113
166.76 95.3699875982
167.96 96.7755270773
169.17 96.9615543613
170.38 95.5043406366
171.59 96.8478710211
172.8 97.5093013642
174.01 96.8168664737
175.22 96.9822240595
176.42 98.0983877635
177.62 96.5894997933
178.82 95.3183133526
180.03 96.2277800744
181.24 96.6928482844
182.44 96.4034725093
183.64 96.2587846217
184.84 97.7366680446
186.03 98.4704423315
187.23 97.2922695329
