0.0 20.0
1.12 20.0
2.24 20.0
3.36 20.0
4.47 20.0
5.59 20.0
6.71 20.0
7.84 20.0
8.96 100.0
10.12 100.0
11.32 20.0
12.54 20.0
13.75 100.0
14.96 20.0
16.15 20.0
17.36 100.0
18.56 100.0
19.76 20.0
20.96 100.0
22.16 100.0
23.36 20.0
24.56 20.0
25.76 100.0
26.96 100.0
28.15 20.0
29.36 100.0
30.56 100.0
31.76 20.0
32.96 20.0
34.15 20.0
35.36 100.0
36.56 100.0
37.76 100.0
38.96 20.0
40.16 20.0
41.36 100.0
42.57 100.0
43.78 20.0
44.99 20.0
46.2 100.0
47.4 100.0
48.6 20.0
49.8 100.0
51.0 100.0
52.2 20.0
53.41 20.0
54.62 100.0
55.82 20.0
57.03 20.0
58.22 20.0
59.42 100.0
60.63 100.0
61.83 100.0
63.04 100.0
64.22 20.0
65.42 20.0
66.63 20.0
67.84 100.0
69.05 100.0
70.26 20.0
71.46 20.0
72.68 100.0
73.88 100.0
75.09 100.0
76.3 20.0
77.5 20.0
78.71 20.0
79.92 100.0
81.13 100.0
82.34 20.0
83.55 20.0
84.76 100.0
85.96 100.0
87.16 100.0
88.37 20.0
89.58 20.0
90.78 20.0
91.99 20.0
93.19 100.0
94.4 100.0
95.6 100.0
96.81 20.0
98.02 20.0
99.22 100.0
100.42 20.0
101.62 20.0
102.84 100.0
104.04 100.0
105.24 20.0
106.45 20.0
107.67 100.0
108.87 20.0
110.08 20.0
111.29 20.0
112.5 20.0
113.72 100.0
114.92 20.0
116.12 20.0
117.33 100.0
118.54 100.0
119.76 100.0
120.96 20.0
122.15 20.0
123.36 100.0
124.56 100.0
125.77 20.0
126.98 20.0
128.18 20.0
129.39 100.0
130.6 100.0
131.81 100.0
133.02 20.0
134.22 20.0
135.42 20.0
136.62 20.0
137.84 100.0
139.04 100.0
140.24 100.0
141.45 20.0
142.66 20.0
143.86 20.0
145.06 20.0
146.27 100.0
147.47 100.0
148.69 20.0
149.9 100.0
151.11 100.0
152.32 100.0
153.53 20.0
154.74 20.0
155.94 20.0
157.15 20.0
158.36 100.0
159.56 100.0
160.76 20.0
161.96 100.0
163.16 100.0
164.36 100.0
165.56 20.0
166.76 20.0
167.96 100.0
169.16 100.0
170.36 20.0
171.56 20.0
172.76 100.0
173.96 20.0
175.15 20.0
176.35 20.0
177.55 20.0
178.76 100.0
179.96 100.0
181.14 20.0
182.36 100.0
183.56 100.0
184.78 100.0
185.98 20.0
187.18 20.0
188.39 20.0
189.6 20.0
190.8 100.0
192.01 100.0
193.21 20.0
194.41 100.0
195.61 100.0
196.82 100.0
198.03 20.0
199.23 20.0
200.44 100.0
201.66 100.0
202.86 20.0
204.06 20.0
205.27 100.0
206.48 100.0
207.7 20.0
208.9 20.0
210.11 20.0
211.32 100.0
212.53 100.0
213.74 20.0
214.95 100.0
216.16 100.0
217.36 100.0
218.58 20.0
219.78 20.0
220.99 20.0
222.19 20.0
223.4 100.0
224.61 100.0
225.82 20.0
227.03 100.0
228.23 100.0
229.43 20.0
230.65 100.0
231.86 100.0
233.06 20.0
234.26 20.0
235.48 100.0
236.69 100.0
237.9 100.0
239.1 20.0
240.31 20.0
241.52 100.0
242.73 100.0
243.94 20.0
245.14 20.0
246.35 20.0
247.56 100.0
248.76 100.0
249.96 100.0
251.16 20.0
252.37 20.0
253.57 100.0
254.78 100.0
255.98 20.0
257.18 100.0
258.4 100.0
259.61 20.0
260.82 20.0
262.03 100.0
263.23 100.0
264.43 20.0
265.65 100.0
266.87 100.0
268.07 20.0
269.27 20.0
270.48 100.0
271.69 100.0
272.9 20.0
274.1 20.0
275.31 20.0
276.52 100.0
277.73 100.0
278.93 20.0
280.14 100.0
281.35 100.0
282.55 20.0
283.75 100.0
284.96 100.0
286.16 100.0
287.36 100.0
288.57 20.0
289.78 20.0
290.98 20.0
292.19 100.0
293.4 100.0
294.6 20.0
295.8 20.0
297.0 100.0
298.2 20.0
299.4 20.0
300.6 100.0
301.81 100.0
303.02 100.0
304.22 20.0
305.42 20.0
306.65 20.0
307.84 20.0
309.04 100.0
310.24 100.0
311.45 20.0
312.66 100.0
313.86 100.0
315.07 100.0
316.28 20.0
317.48 20.0
318.7 20.0
319.9 20.0
321.12 100.0
322.33 100.0
323.54 20.0
324.75 100.0
325.96 100.0
327.15 20.0
328.36 20.0
329.56 100.0
330.76 20.0
331.95 20.0
333.16 100.0
334.36 100.0
335.56 100.0
336.76 100.0
337.96 20.0
339.15 20.0
340.36 20.0
341.56 100.0
342.76 100.0
343.97 20.0
345.17 100.0
346.38 100.0
347.59 20.0
348.8 20.0
350.0 100.0
351.2 100.0
352.41 100.0
353.62 20.0
354.82 20.0
356.04 100.0
357.23 20.0
358.44 20.0
359.66 20.0
360.86 20.0
362.07 100.0
363.28 100.0
364.49 100.0
365.7 20.0
366.9 20.0
368.11 100.0
369.32 100.0
370.52 20.0
371.73 20.0
372.94 20.0
374.15 100.0
375.36 100.0
376.55 20.0
377.76 100.0
378.96 100.0
380.16 100.0
381.36 100.0
382.57 20.0
383.78 20.0
384.98 20.0
386.19 100.0
387.4 100.0
388.6 20.0
389.81 100.0
391.02 100.0
392.22 100.0
393.43 100.0
394.64 20.0
395.85 100.0
397.05 100.0
398.25 20.0
399.45 20.0
400.66 100.0
401.86 100.0
403.06 20.0
404.26 20.0
405.46 20.0
406.68 100.0
407.88 100.0
409.08 20.0
410.28 100.0
411.49 100.0
412.71 100.0
413.92 100.0
415.12 20.0
416.34 100.0
417.55 100.0
418.75 20.0
419.96 20.0
421.15 20.0
422.36 100.0
423.56 100.0
424.76 100.0
425.97 100.0
427.17 20.0
428.38 100.0
429.59 100.0
430.79 20.0
432.0 20.0
433.2 100.0
434.41 100.0
435.62 20.0
436.84 100.0
438.04 100.0
439.24 20.0
440.44 20.0
441.65 100.0
442.86 20.0
444.06 20.0
445.27 100.0
446.47 100.0
447.68 20.0
448.89 100.0
450.1 100.0
451.31 20.0
452.52 20.0
453.73 100.0
454.94 100.0
456.15 20.0
457.36 20.0
458.56 20.0
459.76 100.0
460.96 100.0
462.15 20.0
463.36 100.0
464.56 100.0
465.77 20.0
466.97 20.0
468.16 20.0
469.36 100.0
470.57 100.0
471.79 100.0
472.99 100.0
474.2 100.0
475.4 100.0
476.62 100.0
477.83 100.0
479.04 100.0
480.24 100.0
481.45 100.0
482.67 100.0
483.88 100.0
485.08 100.0
486.29 100.0
487.51 100.0
488.72 100.0
489.94 100.0
491.15 100.0
492.36 100.0
493.56 100.0
494.76 100.0
495.95 100.0
497.15 100.0
498.36 100.0
499.56 100.0
500.76 100.0
501.97 100.0
503.17 100.0
504.38 100.0
505.59 100.0
506.8 100.0
508.0 100.0
509.21 100.0
510.42 100.0
511.64 100.0
512.85 100.0
514.06 100.0
515.27 100.0
516.48 100.0
517.71 100.0
518.92 100.0
520.13 100.0
521.34 100.0
522.55 100.0
523.76 100.0
524.96 100.0
526.16 100.0
527.36 100.0
528.56 100.0
529.77 100.0
530.98 100.0
532.18 100.0
533.39 100.0
534.6 100.0
535.81 100.0
537.01 100.0
538.22 100.0
539.43 100.0
540.64 100.0
541.85 100.0
543.06 100.0
544.27 100.0
545.48 100.0
546.7 100.0
547.91 100.0
549.12 100.0
550.33 100.0
551.55 100.0
552.76 100.0
553.96 100.0
555.16 100.0
556.37 100.0
557.59 100.0
558.8 100.0
560.0 100.0
561.21 100.0
562.42 100.0
563.64 100.0
564.85 100.0
566.06 100.0
567.26 100.0
568.47 100.0
569.69 100.0
570.9 100.0
572.11 100.0
573.32 100.0
574.53 100.0
575.74 100.0
576.95 100.0
578.16 100.0
579.37 100.0
580.58 100.0
581.79 100.0
583.0 100.0
584.2 100.0
585.41 100.0
586.61 100.0
587.81 100.0
589.02 100.0
590.23 100.0
591.44 100.0
592.66 100.0
593.87 100.0
595.08 100.0
596.28 100.0
597.51 100.0
598.72 100.0
599.92 100.0
601.13 100.0
602.34 100.0
603.55 100.0
604.76 100.0
605.97 100.0
607.17 100.0
608.38 100.0
609.6 100.0
610.8 100.0
612.01 100.0
613.21 100.0
614.42 100.0
615.64 100.0
616.85 100.0
618.07 100.0
619.28 100.0
620.5 100.0
621.72 100.0
622.92 100.0
624.13 100.0
625.34 100.0
626.55 100.0
627.76 100.0
628.96 100.0
630.16 100.0
631.36 100.0
632.57 100.0
633.79 100.0
635.0 100.0
636.2 100.0
637.41 100.0
638.64 100.0
639.84 100.0
641.05 100.0
642.25 100.0
643.46 100.0
644.67 100.0
645.88 100.0
647.08 100.0
648.29 100.0
649.51 100.0
650.72 100.0
651.93 100.0
653.14 100.0
654.35 100.0
655.56 100.0
656.77 100.0
657.98 100.0
659.18 100.0
660.39 100.0
661.6 100.0
662.8 100.0
664.02 100.0
665.23 100.0
666.44 100.0
667.66 100.0
668.86 100.0
670.07 100.0
671.28 100.0
672.48 100.0
673.7 100.0
674.92 100.0
676.12 100.0
677.34 100.0
678.55 100.0
679.76 100.0
680.96 100.0
682.16 100.0
683.37 100.0
684.58 100.0
685.79 100.0
687.0 100.0
688.2 100.0
689.42 100.0
690.64 100.0
691.85 100.0
693.06 100.0
694.27 100.0
695.48 100.0
696.71 100.0
697.92 100.0
699.12 100.0
700.33 100.0
701.54 100.0
702.75 100.0
703.96 100.0
705.16 100.0
706.37 100.0
707.59 100.0
708.8 100.0
710.0 100.0
711.21 100.0
712.41 100.0
713.63 100.0
714.84 100.0
716.04 100.0
717.24 100.0
718.46 100.0
719.68 100.0
720.88 100.0
722.09 100.0
723.31 100.0
724.52 100.0
725.72 100.0
726.93 100.0
728.14 100.0
729.35 100.0
730.56 100.0
731.76 100.0
732.96 100.0
734.16 100.0
735.37 100.0
736.58 100.0
737.79 100.0
739.0 100.0
740.21 100.0
741.42 100.0
742.64 100.0
743.85 100.0
745.07 100.0
746.28 100.0
747.51 100.0
748.72 100.0
749.92 100.0
751.13 100.0
752.35 100.0
753.55 100.0
754.75 100.0
755.95 100.0
757.15 100.0
758.36 100.0
759.57 100.0
760.79 100.0
762.0 100.0
763.2 100.0
764.41 100.0
765.63 100.0
766.84 100.0
768.04 100.0
769.24 100.0
770.45 100.0
771.68 100.0
772.88 100.0
774.09 100.0
775.3 100.0
776.52 100.0
777.72 100.0
778.93 100.0
780.14 100.0
781.35 100.0
782.56 100.0
783.76 100.0
784.97 100.0
786.18 100.0
787.39 100.0
788.59 100.0
789.8 100.0
791.0 100.0
792.2 100.0
793.42 100.0
794.64 100.0
795.84 100.0
797.05 100.0
798.25 100.0
799.46 100.0
800.68 100.0
801.88 100.0
803.09 100.0
804.3 100.0
805.52 100.0
806.73 100.0
807.95 100.0
809.16 100.0
810.36 100.0
811.56 100.0
812.76 100.0
813.96 100.0
815.16 100.0
816.36 100.0
817.56 100.0
818.77 100.0
819.98 100.0
821.19 100.0
822.4 100.0
823.62 100.0
824.82 100.0
826.03 100.0
827.24 100.0
828.44 100.0
829.66 100.0
830.87 100.0
832.08 100.0
833.29 100.0
834.51 100.0
835.72 100.0
836.92 100.0
838.13 100.0
839.34 100.0
840.55 100.0
841.76 100.0
842.96 100.0
844.16 100.0
845.36 100.0
846.56 100.0
847.76 100.0
848.96 100.0
850.16 100.0
851.36 100.0
852.56 100.0
853.76 100.0
854.97 100.0
856.18 100.0
857.4 100.0
858.6 100.0
859.81 100.0
861.02 100.0
862.23 100.0
863.44 100.0
864.65 100.0
865.87 100.0
867.08 100.0
868.3 100.0
869.51 100.0
870.72 100.0
871.92 100.0
873.13 100.0
874.34 100.0
875.55 100.0
876.76 100.0
877.96 100.0
879.16 100.0
880.36 100.0
881.57 100.0
882.78 100.0
883.99 100.0
885.2 100.0
886.4 100.0
887.62 100.0
888.84 100.0
890.04 100.0
891.24 100.0
892.45 100.0
893.67 100.0
894.88 100.0
896.09 100.0
897.31 100.0
898.52 100.0
899.73 100.0
900.93 100.0
902.14 100.0
903.36 100.0
904.56 100.0
905.76 100.0
906.96 100.0
908.16 100.0
909.36 100.0
910.56 100.0
911.77 100.0
912.99 100.0
914.2 100.0
915.4 100.0
916.61 100.0
917.82 100.0
919.03 100.0
920.23 100.0
921.44 100.0
922.65 100.0
923.86 100.0
925.06 100.0
926.27 100.0
927.49 100.0
928.7 100.0
929.91 100.0
931.12 100.0
932.33 100.0
933.54 100.0
934.75 100.0
935.96 100.0
937.16 100.0
938.37 100.0
939.59 100.0
940.8 100.0
942.0 100.0
943.2 100.0
944.41 100.0
945.64 100.0
946.84 100.0
948.04 100.0
949.25 100.0
950.46 100.0
951.68 100.0
952.89 100.0
954.1 100.0
955.31 100.0
956.52 100.0
957.72 100.0
958.94 100.0
960.15 100.0
961.36 100.0
962.56 100.0
963.76 100.0
964.96 100.0
966.16 100.0
967.37 100.0
968.59 100.0
969.8 100.0
971.01 100.0
972.21 100.0
973.43 100.0
974.64 100.0
975.85 100.0
977.06 100.0
978.27 100.0
979.49 100.0
980.7 100.0
981.91 100.0
983.12 100.0
984.32 100.0
985.53 100.0
986.75 100.0
987.96 100.0
989.16 100.0
990.37 100.0
991.58 100.0
992.79 100.0
994.0 100.0
995.2 100.0
996.41 100.0
997.63 100.0
998.84 100.0
1000.05 100.0
1001.25 100.0
1002.46 100.0
1003.68 100.0
1004.89 100.0
1006.09 100.0
1007.3 100.0
1008.51 100.0
1009.72 100.0
1010.93 100.0
1012.14 100.0
1013.36 100.0
1014.56 100.0
1015.77 100.0
1016.98 100.0
1018.19 100.0
1019.4 100.0
1020.62 100.0
1021.83 100.0
1023.04 100.0
1024.24 100.0
1025.44 100.0
1026.67 100.0
1027.88 100.0
1029.09 100.0
1030.3 100.0
1031.52 100.0
1032.73 100.0
1033.94 100.0
1035.15 100.0
1036.36 100.0
1037.56 100.0
1038.77 100.0
1039.99 100.0
1041.2 100.0
1042.41 100.0
1043.63 100.0
1044.84 100.0
1046.04 100.0
1047.24 100.0
1048.45 100.0
1049.67 100.0
1050.88 100.0
1052.08 100.0
1053.3 100.0
1054.51 100.0
1055.72 100.0
1056.93 100.0
1058.14 100.0
1059.35 100.0
1060.56 100.0
1061.76 100.0
1062.97 100.0
1064.18 100.0
1065.4 100.0
1066.62 100.0
1067.83 100.0
1069.04 100.0
1070.24 100.0
1071.44 100.0
1072.67 100.0
1073.88 100.0
1075.09 100.0
1076.3 100.0
1077.51 100.0
1078.72 100.0
1079.93 100.0
1081.14 100.0
1082.35 100.0
1083.56 100.0
1084.76 100.0
1085.97 100.0
1087.18 100.0
1088.39 100.0
1089.6 100.0
1090.81 100.0
1092.02 100.0
1093.24 100.0
1094.44 100.0
1095.66 100.0
1096.87 100.0
1098.08 100.0
1099.3 100.0
1100.51 100.0
1101.72 100.0
1102.92 100.0
1104.12 100.0
1105.33 100.0
1106.55 100.0
1107.75 100.0
1108.96 100.0
1110.16 100.0
1111.36 100.0
1112.56 100.0
1113.76 100.0
1114.96 100.0
1116.16 100.0
1117.37 100.0
1118.58 100.0
1119.8 100.0
1121.0 100.0
1122.2 100.0
1123.41 100.0
1124.63 100.0
1125.84 100.0
1127.05 100.0
1128.26 100.0
1129.47 100.0
1130.68 100.0
1131.89 100.0
1133.1 100.0
1134.31 100.0
1135.52 100.0
1136.72 100.0
1137.94 100.0
1139.15 100.0
1140.36 100.0
1141.56 100.0
1142.77 100.0
1143.98 100.0
1145.19 100.0
1146.4 100.0
1147.62 100.0
1148.83 100.0
1150.04 100.0
1151.24 100.0
1152.44 100.0
1153.65 100.0
1154.85 100.0
1156.05 100.0
1157.25 100.0
1158.46 100.0
1159.68 100.0
1160.89 100.0
1162.1 100.0
1163.31 100.0
1164.52 100.0
1165.72 100.0
1166.94 100.0
1168.15 100.0
1169.36 100.0
1170.56 100.0
1171.77 100.0
1172.98 100.0
1174.18 100.0
1175.4 100.0
1176.62 100.0
1177.84 100.0
1179.04 100.0
1180.25 100.0
1181.46 100.0
1182.68 100.0
1183.88 100.0
1185.09 100.0
1186.31 100.0
1187.52 100.0
1188.72 100.0
1189.93 100.0
1191.14 100.0
1192.35 100.0
1193.56 100.0
1194.77 100.0
1195.98 100.0
1197.19 100.0
1198.4 100.0
1199.63 100.0
1200.84 100.0
1202.04 100.0
1203.25 100.0
1204.46 100.0
1205.68 100.0
1206.89 100.0
1208.1 100.0
1209.32 100.0
1210.52 100.0
1211.73 100.0
1212.95 100.0
1214.16 100.0
1215.36 100.0
1216.57 100.0
1217.79 100.0
1219.0 100.0
1220.21 100.0
1221.42 100.0
1222.64 100.0
1223.84 100.0
1225.05 100.0
1226.26 100.0
1227.46 100.0
1228.67 100.0
1229.88 100.0
1231.09 100.0
1232.31 100.0
1233.52 100.0
1234.73 100.0
1235.94 100.0
1237.15 100.0
1238.36 100.0
1239.57 100.0
1240.78 100.0
1241.99 100.0
1243.2 100.0
1244.4 100.0
1245.62 100.0
1246.84 100.0
1248.04 100.0
1249.24 100.0
1250.45 100.0
1251.67 100.0
1252.88 100.0
1254.09 100.0
1255.31 100.0
1256.52 100.0
1257.72 100.0
1258.93 100.0
1260.15 100.0
1261.36 100.0
1262.56 100.0
1263.77 100.0
1264.98 100.0
1266.18 100.0
1267.39 100.0
1268.6 100.0
1269.8 100.0
1271.01 100.0
1272.21 100.0
1273.43 100.0
1274.64 100.0
1275.85 100.0
1277.06 100.0
1278.27 100.0
1279.48 100.0
1280.7 100.0
1281.9 100.0
1283.1 100.0
1284.31 100.0
1285.52 100.0
1286.73 100.0
1287.94 100.0
1289.15 100.0
1290.36 100.0
1291.56 100.0
1292.76 100.0
1293.96 100.0
1295.16 100.0
1296.36 100.0
1297.57 100.0
1298.78 100.0
1300.0 100.0
1301.2 100.0
1302.41 100.0
1303.63 100.0
1304.84 100.0
1306.04 100.0
1307.25 100.0
1308.45 100.0
1309.67 100.0
1310.88 100.0
1312.09 100.0
1313.3 100.0
1314.51 100.0
1315.72 100.0
1316.92 100.0
1318.13 100.0
1319.34 100.0
1320.56 100.0
1321.76 100.0
1322.96 100.0
1324.16 100.0
1325.36 100.0
1326.56 100.0
1327.76 100.0
1328.96 100.0
1330.16 100.0
1331.37 100.0
1332.58 100.0
1333.79 100.0
1335.0 100.0
1336.2 100.0
1337.41 100.0
1338.63 100.0
1339.85 100.0
1341.06 100.0
1342.27 100.0
1343.49 100.0
1344.7 100.0
1345.91 100.0
1347.12 100.0
1348.32 100.0
1349.53 100.0
1350.74 100.0
1351.96 100.0
1353.16 100.0
1354.36 100.0
1355.57 100.0
1356.78 100.0
1357.99 100.0
1359.19 100.0
1360.4 100.0
1361.62 100.0
1362.83 100.0
1364.04 100.0
1365.24 100.0
1366.45 100.0
1367.68 100.0
1368.89 100.0
1370.1 100.0
1371.31 100.0
1372.52 100.0
1373.72 100.0
1374.93 100.0
1376.14 100.0
1377.35 100.0
1378.56 100.0
1379.76 100.0
1380.97 100.0
1382.17 100.0
1383.39 100.0
1384.6 100.0
1385.81 100.0
1387.02 100.0
1388.23 100.0
1389.44 100.0
1390.66 100.0
1391.86 100.0
1393.06 100.0
1394.28 100.0
1395.49 100.0
1396.7 100.0
1397.91 100.0
1399.12 100.0
1400.33 100.0
1401.54 100.0
1402.75 100.0
1403.96 100.0
1405.16 100.0
1406.36 100.0
1407.57 100.0
1408.78 100.0
1409.99 100.0
1411.2 100.0
1412.41 100.0
1413.63 100.0
1414.84 100.0
1416.04 100.0
1417.25 100.0
1418.46 100.0
1419.68 100.0
1420.89 100.0
1422.1 100.0
1423.32 100.0
1424.52 100.0
1425.73 100.0
1426.94 100.0
1428.15 100.0
1429.36 100.0
1430.56 100.0
1431.77 100.0
1432.97 100.0
1434.19 100.0
1435.4 100.0
1436.61 100.0
1437.82 100.0
1439.03 100.0
1440.24 100.0
1441.44 100.0
1442.66 100.0
1443.87 100.0
1445.08 100.0
1446.29 100.0
1447.51 100.0
1448.72 100.0
1449.92 100.0
1451.12 100.0
1452.33 100.0
1453.54 100.0
1454.75 100.0
1455.96 100.0
1457.16 100.0
1458.36 100.0
1459.57 100.0
1460.79 100.0
1462.0 100.0
1463.2 100.0
1464.4 100.0
1465.62 100.0
1466.84 100.0
1468.05 100.0
1469.25 100.0
1470.46 100.0
1471.68 100.0
1472.89 100.0
1474.1 100.0
1475.32 100.0
1476.52 100.0
1477.73 100.0
1478.94 100.0
1480.15 100.0
1481.36 100.0
1482.57 100.0
1483.78 100.0
1484.99 100.0
1486.2 100.0
1487.4 100.0
1488.62 100.0
1489.83 100.0
1491.04 100.0
1492.24 100.0
1493.46 100.0
1494.68 100.0
1495.88 100.0
1497.09 100.0
1498.31 100.0
1499.52 100.0
1500.73 100.0
1501.93 100.0
1503.14 100.0
1504.35 100.0
1505.56 100.0
1506.77 100.0
1507.98 100.0
1509.18 100.0
1510.39 100.0
1511.61 100.0
1512.82 100.0
1514.02 100.0
1515.23 100.0
1516.44 100.0
1517.65 100.0
1518.86 100.0
1520.06 100.0
1521.27 100.0
1522.48 100.0
1523.7 100.0
1524.91 100.0
1526.12 100.0
1527.33 100.0
1528.54 100.0
1529.75 100.0
1530.96 100.0
1532.16 100.0
1533.36 100.0
1534.58 100.0
1535.79 100.0
1537.0 100.0
1538.2 100.0
1539.4 100.0
1540.62 100.0
1541.83 100.0
1543.04 100.0
1544.24 100.0
1545.45 100.0
1546.67 100.0
1547.88 100.0
1549.09 100.0
1550.3 100.0
1551.51 100.0
1552.71 100.0
1553.92 100.0
1555.13 100.0
1556.34 100.0
1557.55 100.0
1558.76 100.0
1559.96 100.0
1561.16 100.0
1562.36 100.0
1563.56 100.0
1564.76 100.0
1565.96 100.0
1567.16 100.0
1568.37 100.0
1569.58 100.0
1570.79 100.0
1572.0 100.0
1573.2 100.0
1574.41 100.0
1575.63 100.0
1576.84 100.0
1578.04 100.0
1579.24 100.0
1580.45 100.0
1581.67 100.0
1582.88 100.0
1584.08 100.0
1585.29 100.0
1586.5 100.0
1587.7 100.0
1588.9 100.0
1590.11 100.0
1591.32 100.0
1592.53 100.0
1593.74 100.0
1594.94 100.0
1596.14 100.0
1597.35 100.0
1598.56 100.0
1599.76 100.0
1600.98 100.0
1602.18 100.0
1603.39 100.0
1604.6 100.0
1605.81 100.0
1607.02 100.0
1608.22 100.0
1609.43 100.0
1610.64 100.0
1611.85 100.0
1613.06 100.0
1614.27 100.0
1615.49 100.0
1616.69 100.0
1617.91 100.0
1619.12 100.0
1620.33 100.0
1621.55 100.0
1622.76 100.0
1623.96 100.0
1625.16 100.0
1626.36 100.0
1627.57 100.0
1628.79 100.0
1630.0 100.0
1631.2 100.0
1632.41 100.0
1633.63 100.0
1634.84 100.0
1636.04 100.0
1637.25 100.0
1638.47 100.0
1639.68 100.0
1640.89 100.0
1642.11 100.0
1643.32 100.0
1644.53 100.0
1645.75 100.0
1646.96 100.0
1648.16 100.0
1649.36 100.0
1650.56 100.0
1651.77 100.0
1652.99 100.0
1654.2 100.0
1655.41 100.0
1656.63 100.0
1657.84 100.0
1659.04 100.0
1660.24 100.0
1661.45 100.0
1662.67 100.0
1663.88 100.0
1665.08 100.0
1666.3 100.0
1667.51 100.0
1668.72 100.0
1669.93 100.0
1671.14 100.0
1672.35 100.0
1673.56 100.0
1674.76 100.0
1675.96 100.0
1677.16 100.0
1678.37 100.0
1679.6 100.0
1680.8 100.0
1682.02 100.0
1683.23 100.0
1684.44 100.0
1685.65 100.0
1686.86 100.0
1688.07 100.0
1689.28 100.0
1690.48 100.0
1691.69 100.0
1692.9 100.0
1694.11 100.0
1695.32 100.0
1696.53 100.0
1697.74 100.0
1698.95 100.0
1700.16 100.0
1701.36 100.0
1702.57 100.0
1703.78 100.0
1704.99 100.0
1706.2 100.0
1707.41 100.0
1708.64 100.0
1709.84 100.0
1711.05 100.0
1712.25 100.0
1713.47 100.0
1714.68 100.0
1715.89 100.0
1717.09 100.0
1718.3 100.0
1719.51 100.0
1720.72 100.0
1721.92 100.0
1723.13 100.0
1724.34 100.0
1725.55 100.0
1726.76 100.0
1727.96 100.0
1729.16 100.0
1730.37 100.0
1731.6 100.0
1732.8 100.0
1734.01 100.0
1735.22 100.0
1736.43 100.0
1737.65 100.0
1738.86 100.0
1740.07 100.0
1741.28 100.0
1742.5 100.0
1743.71 100.0
1744.92 100.0
1746.12 100.0
1747.33 100.0
1748.55 100.0
1749.76 100.0
1750.96 100.0
1752.16 100.0
1753.36 100.0
1754.57 100.0
1755.78 100.0
1756.99 100.0
1758.2 100.0
1759.41 100.0
1760.64 100.0
1761.85 100.0
1763.06 100.0
1764.27 100.0
1765.48 100.0
1766.69 100.0
1767.9 100.0
1769.11 100.0
1770.32 100.0
1771.53 100.0
1772.74 100.0
1773.95 100.0
1775.16 100.0
1776.36 100.0
1777.56 100.0
1778.76 100.0
1779.96 100.0
1781.16 100.0
1782.37 100.0
1783.59 100.0
1784.8 100.0
1786.0 100.0
1787.21 100.0
1788.42 100.0
1789.64 100.0
1790.85 100.0
1792.06 100.0
1793.27 100.0
1794.48 100.0
1795.7 100.0
1796.91 100.0
1798.12 100.0
1799.32 100.0
1800.53 100.0
1801.74 100.0
1802.96 100.0
1804.16 100.0
1805.36 100.0
1806.56 100.0
1807.76 100.0
1808.96 100.0
1810.16 100.0
1811.36 100.0
1812.57 100.0
1813.78 100.0
1814.99 100.0
1816.2 100.0
1817.41 100.0
1818.64 100.0
1819.84 100.0
1821.05 100.0
1822.25 100.0
1823.47 100.0
1824.68 100.0
1825.89 100.0
1827.1 100.0
1828.32 100.0
1829.52 100.0
1830.73 100.0
1831.95 100.0
1833.16 100.0
1834.36 100.0
1835.57 100.0
1836.79 100.0
1838.0 100.0
1839.2 100.0
1840.4 100.0
1841.62 100.0
1842.84 100.0
1844.04 100.0
1845.24 100.0
1846.46 100.0
1847.67 100.0
1848.88 100.0
1850.09 100.0
1851.3 100.0
1852.52 100.0
1853.73 100.0
1854.94 100.0
1856.15 100.0
1857.36 100.0
1858.57 100.0
1859.79 100.0
1861.0 100.0
1862.2 100.0
1863.41 100.0
1864.64 100.0
1865.84 100.0
1867.05 100.0
1868.26 100.0
1869.48 100.0
1870.69 100.0
1871.9 100.0
1873.11 100.0
1874.32 100.0
1875.53 100.0
1876.74 100.0
1877.95 100.0
1879.16 100.0
1880.36 100.0
1881.57 100.0
1882.78 100.0
1883.99 100.0
1885.19 100.0
1886.4 100.0
1887.62 100.0
1888.83 100.0
1890.04 100.0
1891.24 100.0
1892.46 100.0
1893.67 100.0
1894.88 100.0
1896.08 100.0
1897.3 100.0
1898.52 100.0
1899.73 100.0
1900.93 100.0
1902.14 100.0
1903.35 100.0
1904.56 100.0
1905.76 100.0
1906.96 100.0
1908.16 100.0
1909.37 100.0
1910.6 100.0
1911.8 100.0
1913.01 100.0
1914.21 100.0
1915.41 100.0
1916.63 100.0
1917.84 100.0
1919.04 100.0
1920.24 100.0
1921.46 100.0
1922.67 100.0
1923.88 100.0
1925.08 100.0
1926.29 100.0
1927.5 100.0
1928.71 100.0
1929.92 100.0
1931.12 100.0
1932.33 100.0
1933.53 100.0
1934.74 100.0
1935.96 100.0
1937.16 100.0
1938.36 100.0
1939.57 100.0
1940.78 100.0
1941.99 100.0
1943.2 100.0
1944.41 100.0
1945.63 100.0
1946.83 100.0
1948.03 100.0
1949.23 100.0
1950.44 100.0
1951.65 100.0
1952.86 100.0
1954.06 100.0
1955.27 100.0
1956.48 100.0
1957.7 100.0
1958.91 100.0
1960.12 100.0
1961.32 100.0
1962.53 100.0
1963.74 100.0
1964.95 100.0
1966.15 100.0
1967.35 100.0
1968.56 100.0
1969.76 100.0
1970.96 100.0
1972.16 100.0
1973.36 100.0
1974.56 100.0
1975.77 100.0
1976.98 100.0
1978.19 100.0
1979.4 100.0
1980.61 100.0
1981.82 100.0
1983.03 100.0
1984.23 100.0
1985.44 100.0
1986.65 100.0
1987.85 100.0
1989.05 100.0
1990.25 100.0
1991.46 100.0
1992.65 100.0
1993.85 100.0
1995.06 100.0
1996.27 100.0
1997.48 100.0
1998.69 100.0
1999.9 100.0
2001.1 100.0
2002.31 100.0
2003.52 100.0
2004.72 100.0
2005.93 100.0
2007.14 100.0
2008.35 100.0
2009.56 100.0
2010.77 100.0
2011.98 100.0
2013.18 100.0
2014.39 100.0
2015.61 100.0
2016.81 100.0
2018.01 100.0
2019.21 100.0
2020.42 100.0
2021.64 100.0
2022.86 100.0
2024.06 100.0
2025.26 100.0
2026.47 100.0
2027.68 100.0
2028.89 100.0
2030.1 100.0
2031.31 100.0
2032.52 100.0
2033.73 100.0
2034.94 100.0
2036.15 100.0
2037.36 100.0
2038.56 100.0
2039.76 100.0
2040.96 100.0
2042.16 100.0
2043.37 100.0
2044.6 100.0
2045.8 100.0
2047.0 100.0
2048.2 100.0
2049.4 100.0
2050.62 100.0
2051.84 100.0
2053.04 100.0
2054.25 100.0
2055.47 100.0
2056.68 100.0
2057.88 100.0
2059.09 100.0
2060.3 100.0
2061.51 100.0
2062.71 100.0
2063.92 100.0
2065.12 100.0
2066.34 100.0
2067.55 100.0
2068.76 100.0
2069.96 100.0
2071.16 100.0
2072.36 100.0
2073.57 100.0
2074.78 100.0
2075.99 100.0
2077.2 100.0
2078.41 100.0
2079.63 100.0
2080.84 100.0
2082.04 100.0
2083.24 100.0
2084.47 100.0
2085.68 100.0
2086.89 100.0
2088.1 100.0
2089.32 100.0
2090.52 100.0
2091.73 100.0
2092.94 100.0
2094.15 100.0
2095.36 100.0
2096.56 100.0
2097.77 100.0
2098.98 100.0
2100.19 100.0
2101.4 100.0
2102.61 100.0
2103.82 100.0
2105.03 100.0
2106.24 100.0
2107.46 100.0
2108.67 100.0
2109.88 100.0
2111.09 100.0
2112.3 100.0
2113.51 100.0
2114.71 100.0
2115.92 100.0
2117.12 100.0
2118.33 100.0
2119.54 100.0
2120.76 100.0
2121.96 100.0
2123.16 100.0
2124.37 100.0
2125.59 100.0
2126.8 100.0
2128.0 100.0
2129.2 100.0
2130.41 100.0
2131.64 100.0
2132.85 100.0
2134.05 100.0
2135.26 100.0
2136.47 100.0
2137.69 100.0
2138.9 100.0
2140.11 100.0
2141.32 100.0
2142.52 100.0
2143.73 100.0
2144.95 100.0
2146.15 100.0
2147.36 100.0
2148.56 100.0
2149.77 100.0
2150.99 100.0
2152.2 100.0
2153.4 100.0
2154.62 100.0
2155.84 100.0
2157.04 100.0
2158.24 100.0
2159.45 100.0
2160.66 100.0
2161.86 100.0
2163.06 100.0
2164.27 100.0
2165.48 100.0
2166.69 100.0
2167.9 100.0
2169.11 100.0
2170.32 100.0
2171.53 100.0
2172.74 100.0
2173.95 100.0
2175.16 100.0
2176.36 100.0
2177.56 100.0
2178.76 100.0
2179.96 100.0
2181.16 100.0
2182.36 100.0
2183.56 100.0
2184.76 100.0
2185.96 100.0
2187.16 100.0
2188.36 100.0
2189.58 100.0
2190.79 100.0
2192.0 100.0
2193.21 100.0
2194.42 100.0
2195.64 100.0
2196.84 100.0
2198.05 100.0
2199.26 100.0
2200.47 100.0
2201.68 100.0
2202.89 100.0
2204.1 100.0
2205.32 100.0
2206.52 100.0
2207.73 100.0
2208.93 100.0
2210.13 100.0
2211.34 100.0
2212.55 100.0
2213.76 100.0
2214.96 100.0
2216.16 100.0
2217.37 100.0
2218.6 100.0
2219.81 100.0
2221.02 100.0
2222.22 100.0
2223.43 100.0
2224.64 100.0
2225.85 100.0
2227.06 100.0
2228.26 100.0
2229.47 100.0
2230.68 100.0
2231.9 100.0
2233.11 100.0
2234.32 100.0
2235.52 100.0
2236.73 100.0
2237.94 100.0
2239.15 100.0
2240.36 100.0
2241.58 100.0
2242.79 100.0
2244.0 100.0
2245.21 100.0
2246.42 100.0
2247.64 100.0
2248.84 100.0
2250.05 100.0
2251.26 100.0
2252.47 100.0
2253.68 100.0
2254.88 100.0
2256.1 100.0
2257.32 100.0
2258.52 100.0
2259.72 100.0
2260.93 100.0
2262.14 100.0
2263.35 100.0
2264.56 100.0
2265.76 100.0
2266.97 100.0
2268.18 100.0
2269.39 100.0
2270.6 100.0
2271.81 100.0
2273.02 100.0
2274.22 100.0
2275.43 100.0
2276.64 100.0
2277.85 100.0
2279.06 100.0
2280.27 100.0
2281.48 100.0
2282.7 100.0
2283.92 100.0
2285.12 100.0
2286.32 100.0
2287.53 100.0
2288.75 100.0
2289.96 100.0
2291.16 100.0
2292.37 100.0
2293.59 100.0
2294.8 100.0
2296.01 100.0
2297.21 100.0
2298.4 100.0
2299.62 100.0
2300.83 100.0
2302.04 100.0
2303.24 100.0
2304.46 100.0
2305.66 100.0
2306.86 100.0
2308.06 100.0
2309.27 100.0
2310.48 100.0
2311.69 100.0
2312.89 100.0
2314.09 100.0
2315.29 100.0
2316.49 100.0
2317.69 100.0
2318.9 100.0
2320.11 100.0
2321.32 100.0
2322.53 100.0
2323.74 100.0
2324.95 100.0
2326.16 100.0
2327.37 100.0
2328.6 100.0
2329.8 100.0
2331.01 100.0
2332.21 100.0
2333.42 100.0
2334.64 100.0
2335.85 100.0
2337.05 100.0
2338.26 100.0
2339.46 100.0
2340.66 100.0
2341.86 100.0
2343.06 100.0
2344.26 100.0
2345.46 100.0
2346.67 100.0
2347.88 100.0
2349.09 100.0
2350.3 100.0
2351.51 100.0
2352.72 100.0
2353.93 100.0
2355.13 100.0
2356.34 100.0
2357.55 100.0
2358.76 100.0
2359.96 100.0
2361.16 100.0
2362.36 100.0
2363.56 100.0
2364.77 100.0
2365.98 100.0
2367.19 100.0
2368.4 100.0
2369.61 100.0
2370.82 100.0
2372.03 100.0
2373.24 100.0
2374.45 100.0
2375.66 100.0
2376.87 100.0
2378.08 100.0
2379.3 100.0
2380.51 100.0
2381.72 100.0
2382.93 100.0
2384.13 100.0
2385.34 100.0
2386.56 100.0
2387.77 100.0
2388.98 100.0
2390.18 100.0
2391.39 100.0
2392.61 100.0
2393.81 100.0
2395.02 100.0
2396.23 100.0
2397.45 100.0
2398.66 100.0
2399.87 100.0
2401.08 100.0
2402.29 100.0
2403.5 100.0
2404.71 100.0
2405.93 100.0
2407.14 100.0
2408.35 100.0
2409.56 100.0
2410.76 100.0
2411.96 100.0
2413.16 100.0
2414.36 100.0
2415.56 100.0
2416.76 100.0
2417.96 100.0
2419.16 100.0
2420.37 100.0
2421.6 100.0
2422.8 100.0
2424.01 100.0
2425.21 100.0
2426.42 100.0
2427.64 100.0
2428.85 100.0
2430.06 100.0
2431.27 100.0
2432.48 100.0
2433.69 100.0
2434.9 100.0
2436.11 100.0
2437.32 100.0
2438.53 100.0
2439.74 100.0
2440.95 100.0
2442.16 100.0
2443.37 100.0
2444.59 100.0
2445.8 100.0
2447.01 100.0
2448.21 100.0
2449.42 100.0
2450.64 100.0
2451.85 100.0
2453.05 100.0
2454.25 100.0
2455.46 100.0
2456.67 100.0
2457.88 100.0
2459.09 100.0
2460.3 100.0
2461.5 100.0
2462.7 100.0
2463.91 100.0
2465.12 100.0
2466.33 100.0
2467.54 100.0
2468.75 100.0
2469.96 100.0
2471.15 100.0
2472.36 100.0
2473.58 100.0
2474.8 100.0
2476.01 100.0
2477.21 100.0
2478.4 100.0
2479.62 100.0
2480.83 100.0
2482.04 100.0
2483.24 100.0
2484.46 100.0
2485.67 100.0
2486.88 100.0
2488.09 100.0
2489.3 100.0
2490.51 100.0
2491.72 100.0
2492.93 100.0
2494.14 100.0
2495.35 100.0
2496.56 100.0
2497.76 100.0
2498.96 100.0
2500.17 100.0
2501.39 100.0
2502.61 100.0
2503.81 100.0
2505.02 100.0
2506.23 100.0
2507.45 100.0
2508.66 100.0
2509.86 100.0
2511.06 100.0
2512.27 100.0
2513.49 100.0
2514.7 100.0
2515.91 100.0
2517.12 100.0
2518.32 100.0
2519.53 100.0
2520.74 100.0
2521.95 100.0
2523.16 100.0
2524.36 100.0
2525.56 100.0
2526.77 100.0
2527.98 100.0
2529.18 100.0
2530.39 100.0
2531.61 100.0
2532.82 100.0
2534.03 100.0
2535.23 100.0
2536.45 100.0
2537.66 100.0
2538.87 100.0
2540.08 100.0
2541.29 100.0
2542.5 100.0
2543.71 100.0
2544.91 100.0
2546.11 100.0
2547.32 100.0
2548.53 100.0
2549.74 100.0
2550.95 100.0
2552.16 100.0
2553.36 100.0
2554.56 100.0
2555.77 100.0
2556.98 100.0
2558.18 100.0
2559.39 100.0
2560.61 100.0
2561.82 100.0
2563.03 100.0
2564.23 100.0
2565.45 100.0
2566.65 100.0
2567.86 100.0
2569.06 100.0
2570.26 100.0
2571.46 100.0
2572.66 100.0
2573.86 100.0
2575.06 100.0
2576.26 100.0
2577.46 100.0
2578.66 100.0
2579.87 100.0
2581.08 100.0
2582.3 100.0
2583.51 100.0
2584.72 100.0
2585.92 100.0
2587.12 100.0
2588.32 100.0
2589.53 100.0
2590.74 100.0
2591.95 100.0
2593.15 100.0
2594.36 100.0
2595.57 100.0
2596.78 100.0
2597.99 100.0
2599.2 100.0
2600.41 100.0
2601.63 100.0
2602.84 100.0
2604.04 100.0
2605.24 100.0
2606.46 100.0
2607.66 100.0
2608.86 100.0
2610.06 100.0
2611.27 100.0
2612.48 100.0
2613.69 100.0
2614.91 100.0
2616.12 100.0
2617.33 100.0
2618.55 100.0
2619.76 100.0
2620.96 100.0
2622.16 100.0
2623.37 100.0
2624.59 100.0
2625.8 100.0
2627.0 100.0
2628.21 100.0
2629.41 100.0
2630.63 100.0
2631.84 100.0
2633.04 100.0
2634.24 100.0
2635.46 100.0
2636.66 100.0
2637.86 100.0
2639.06 100.0
2640.27 100.0
2641.48 100.0
2642.69 100.0
2643.9 100.0
2645.11 100.0
2646.32 100.0
2647.53 100.0
2648.74 100.0
2649.95 100.0
2651.16 100.0
2652.37 100.0
2653.59 100.0
2654.8 100.0
2656.01 100.0
2657.22 100.0
2658.44 100.0
2659.64 100.0
2660.85 100.0
2662.06 100.0
2663.27 100.0
2664.48 100.0
2665.69 100.0
2666.91 100.0
2668.12 100.0
2669.32 100.0
2670.53 100.0
2671.74 100.0
2672.95 100.0
2674.16 100.0
2675.37 100.0
2676.59 100.0
2677.8 100.0
2679.01 100.0
2680.21 100.0
2681.44 100.0
2682.65 100.0
2683.85 100.0
2685.05 100.0
2686.25 100.0
2687.46 100.0
2688.67 100.0
2689.88 100.0
2691.09 100.0
2692.31 100.0
2693.52 100.0
2694.73 100.0
2695.94 100.0
2697.15 100.0
2698.36 100.0
2699.57 100.0
2700.77 100.0
2701.97 100.0
2703.16 100.0
2704.37 100.0
2705.59 100.0
2706.8 100.0
2708.01 100.0
2709.21 100.0
2710.42 100.0
2711.64 100.0
2712.85 100.0
2714.06 100.0
2715.26 100.0
2716.46 100.0
2717.66 100.0
2718.86 100.0
2720.06 100.0
2721.27 100.0
2722.48 100.0
2723.69 100.0
2724.9 100.0
2726.11 100.0
2727.32 100.0
2728.53 100.0
2729.74 100.0
2730.95 100.0
2732.16 100.0
2733.37 100.0
2734.59 100.0
2735.8 100.0
2737.01 100.0
2738.21 100.0
2739.42 100.0
2740.64 100.0
2741.85 100.0
2743.06 100.0
2744.27 100.0
2745.48 100.0
2746.69 100.0
2747.9 100.0
2749.11 100.0
2750.32 100.0
2751.53 100.0
2752.74 100.0
2753.95 100.0
2755.16 100.0
2756.37 100.0
2757.59 100.0
2758.8 100.0
2760.01 100.0
2761.21 100.0
2762.42 100.0
2763.64 100.0
2764.85 100.0
2766.04 100.0
2767.24 100.0
2768.46 100.0
2769.66 100.0
2770.87 100.0
2772.08 100.0
2773.3 100.0
2774.5 100.0
2775.71 100.0
2776.92 100.0
2778.12 100.0
2779.33 100.0
2780.54 100.0
2781.75 100.0
2782.96 100.0
2784.16 100.0
2785.37 100.0
2786.59 100.0
2787.8 100.0
2789.01 100.0
2790.2 100.0
2791.4 100.0
2792.61 100.0
2793.8 100.0
2795.01 100.0
2796.21 100.0
2797.41 100.0
2798.64 100.0
2799.85 100.0
2801.05 100.0
2802.26 100.0
2803.46 100.0
2804.66 100.0
2805.87 100.0
2807.08 100.0
2808.29 100.0
2809.5 100.0
2810.71 100.0
2811.92 100.0
2813.12 100.0
2814.33 100.0
2815.54 100.0
2816.75 100.0
2817.96 100.0
2819.16 100.0
2820.37 100.0
2821.59 100.0
2822.8 100.0
2824.01 100.0
2825.22 100.0
2826.44 100.0
2827.64 100.0
2828.85 100.0
2830.06 100.0
2831.26 100.0
2832.47 100.0
2833.68 100.0
2834.9 100.0
2836.11 100.0
2837.32 100.0
2838.53 100.0
2839.74 100.0
2840.95 100.0
2842.16 100.0
2843.37 100.0
2844.59 100.0
2845.8 100.0
2847.01 100.0
2848.22 100.0
2849.44 100.0
2850.64 100.0
2851.85 100.0
2853.06 100.0
2854.27 100.0
2855.48 100.0
2856.69 100.0
2857.9 100.0
2859.11 100.0
2860.32 100.0
2861.53 100.0
2862.74 100.0
2863.95 100.0
2865.16 100.0
2866.36 100.0
2867.56 100.0
2868.77 100.0
2869.98 100.0
2871.18 100.0
2872.39 100.0
2873.61 100.0
2874.82 100.0
2876.04 100.0
2877.24 100.0
2878.45 100.0
2879.65 100.0
2880.86 100.0
2882.06 100.0
2883.27 100.0
2884.48 100.0
2885.69 100.0
2886.89 100.0
2888.1 100.0
2889.32 100.0
2890.53 100.0
2891.74 100.0
2892.95 100.0
2894.15 100.0
2895.36 100.0
2896.57 100.0
2897.78 100.0
2898.98 100.0
2900.17 100.0
2901.38 100.0
2902.61 100.0
2903.82 100.0
2905.03 100.0
2906.24 100.0
2907.45 100.0
2908.65 100.0
2909.86 100.0
2911.07 100.0
2912.28 100.0
2913.48 100.0
2914.69 100.0
2915.9 100.0
2917.11 100.0
2918.31 100.0
2919.52 100.0
2920.72 100.0
2921.94 100.0
2923.15 100.0
2924.36 100.0
2925.57 100.0
2926.79 100.0
