9864.16 100
9865.25 100
9866.33 100
9867.42 100
9868.51 100
9869.6 100
9870.68 100
9871.77 100
9872.86 100
9873.94 100
9875.03 100
9876.11 100
9877.2 100
9878.27 100
9879.35 100
9880.44 100
9881.52 100
9882.62 100
9883.7 100
9884.77 100
9885.86 100
9886.94 100
9888.03 100
9889.12 100
9890.2 100
9891.28 100
9892.36 100
9893.45 100
9894.54 100
9895.63 100
9896.72 100
9897.8 100
9898.88 100
9899.96 100
9901.06 100
9902.14 100
9903.22 100
9904.3 100
9905.39 100
9906.47 100
9907.55 100
9908.64 100
9909.73 100
9910.8 100
9911.88 100
9912.96 100
9914.04 100
9915.12 100
9916.22 100
9917.31 100
9918.4 100
9919.48 100
9920.57 100
9921.66 100
9922.75 100
9923.83 100
9924.92 100
9926.0 100
9927.08 100
9928.16 100
9929.25 100
9930.34 100
9931.42 100
9932.5 100
9933.57 100
9934.66 100
9935.74 100
9936.83 100
9937.93 100
9939.01 100
9940.09 100
9941.17 100
9942.26 100
9943.35 100
9944.44 100
9945.52 100
9946.61 100
9947.71 100
9948.79 100
9949.87 100
9950.95 100
9952.03 100
9953.12 100
9954.21 100
9955.3 100
9956.39 100
9957.47 100
9958.56 100
9959.64 100
9960.73 100
9961.8 100
9962.88 100
9963.96 100
9965.04 100
9966.12 100
9967.2 100
9968.28 100
9969.37 100
9970.46 100
9971.54 100
9972.63 100
9973.72 100
9974.79 100
9975.88 100
9976.95 100
9978.03 100
9979.12 100
9980.2 100
9981.29 100
9982.37 100
9983.46 100
9984.55 100
9985.63 100
9986.72 100
9987.79 100
9988.87 100
9989.96 100
9991.04 100
9992.12 100
9993.22 100
9994.3 100
9995.38 100
9996.46 100
9997.55 100
9998.64 100
9999.72 100
10000.8 100
10001.92 100
10003.04 100
10004.16 100
10005.28 100
10006.41 100
10007.54 100
10008.67 100
10009.8 100
10010.92 100
10012.05 100
10013.17 100
10014.29 100
10015.41 100
10016.53 100
10017.66 100
10018.79 100
10019.92 100
10021.04 100
10022.16 100
10023.28 100
10024.41 100
10025.52 100
10026.64 100
10027.76 100
10028.88 100
10030.0 100
10031.11 100
10032.23 100
10033.35 100
10034.48 100
10035.6 100
10036.71 100
10037.83 100
10038.96 100
10040.08 100
10041.2 100
10042.33 100
10043.46 100
10044.58 100
10045.71 100
10046.84 100
10047.96 100
10049.09 100
10050.2 100
10051.31 100
10052.44 100
10053.56 100
10054.69 100
10055.8 100
10056.92 100
10058.04 100
10059.16 100
10060.29 100
10061.42 100
10062.54 100
10063.66 100
10064.78 100
10065.91 100
10067.04 100
10068.16 100
10069.29 100
10070.42 100
10071.55 100
10072.67 100
10073.8 100
10074.92 100
10076.05 100
10077.18 100
10078.31 100
10079.44 100
10080.55 100
10081.68 100
10082.8 100
10083.91 100
10085.03 100
10086.15 100
10087.28 100
10088.39 100
10089.52 100
10090.64 100
10091.76 100
10092.88 100
10094.0 100
10095.12 100
10096.24 100
10097.36 100
10098.49 100
10099.62 100
10100.75 100
10101.87 100
10102.99 100
10104.12 100
10105.25 100
10106.38 100
10107.5 100
10108.62 100
10109.74 100
10110.86 100
10111.99 100
10113.11 100
10114.24 100
10115.36 100
10116.49 100
10117.62 100
10118.74 100
10119.87 100
10121.0 100
10122.12 100
10123.24 100
10124.37 100
10125.49 100
10126.61 100
10127.73 100
10128.84 100
10129.96 100
10131.09 100
10132.21 100
10133.34 100
10134.46 100
10135.59 100
10136.72 100
10137.84 100
10138.96 100
10140.08 100
10141.2 100
10142.32 100
10143.44 100
10144.57 100
10145.7 100
10146.82 100
10147.94 100
10149.06 100
10150.18 100
10151.3 100
10152.42 100
10153.54 100
10154.66 100
10155.79 100
10156.92 100
10158.04 100
10159.17 100
10160.3 100
10161.42 100
10162.54 100
10163.66 100
10164.78 100
10165.91 100
10167.03 100
10168.15 100
10169.27 100
10170.39 100
10171.52 100
10172.65 100
10173.78 100
10174.9 100
10176.03 100
10177.15 100
10178.28 100
10179.41 100
10180.54 100
10181.66 100
10182.78 100
10183.89 100
10185.0 100
10186.12 100
10187.25 100
10188.38 100
10189.51 100
10190.64 100
10191.76 100
10192.89 100
10194.01 100
10195.14 100
10196.27 100
10197.39 100
10198.52 100
10199.65 100
10200.77 100
10201.89 100
10203.02 100
10204.14 100
10205.27 100
10206.38 100
10207.51 100
10208.63 100
10209.75 100
10210.87 100
10211.99 100
10213.12 100
10214.25 100
10215.38 100
10216.51 100
10217.64 100
10218.76 100
10219.88 100
10221.01 100
10222.13 100
10223.25 100
10224.37 100
10225.49 100
10226.61 100
10227.72 100
10228.84 100
10229.96 100
10231.08 100
10232.21 100
10233.34 100
10234.47 100
10235.59 100
10236.72 100
10237.84 100
10238.98 100
10240.1 100
10241.23 100
10242.36 100
10243.48 100
10244.59 100
10245.71 100
10246.83 100
10247.96 100
10249.08 100
10250.2 100
10251.31 100
10252.44 100
10253.56 100
10254.69 100
10255.79 100
10256.91 100
10258.04 100
10259.16 100
10260.27 100
10261.4 100
10262.52 100
10263.64 100
10264.77 100
10265.9 100
10267.02 100
10268.14 100
10269.26 100
10270.39 100
10271.51 100
10272.64 100
10273.76 100
10274.89 100
10276.0 100
10277.12 100
10278.24 100
10279.36 100
10280.49 100
10281.61 100
10282.73 100
10283.85 100
10284.97 100
10286.09 100
10287.2 100
10288.32 100
10289.45 100
10290.58 100
10291.7 100
10292.82 100
10293.94 100
10295.06 100
10296.19 100
10297.31 100
10298.43 100
10299.56 100
10300.69 100
10301.81 100
10302.93 100
10304.05 100
10305.18 100
10306.3 100
10307.42 100
10308.54 100
10309.66 100
10310.78 100
10311.9 100
10313.02 100
10314.13 100
10315.24 100
10316.37 100
10317.5 100
10318.62 100
10319.74 100
10320.86 100
10321.99 100
10323.1 100
10324.22 100
10325.34 100
10326.47 100
10327.6 100
10328.72 100
10329.84 100
10330.96 100
10332.08 100
10333.2 100
10334.32 100
10335.45 100
10336.58 100
10337.7 100
10338.82 100
10339.94 100
10341.06 100
10342.17 100
10343.3 100
10344.43 100
10345.56 100
10346.69 100
10347.82 100
10348.94 100
10350.06 100
10351.19 100
10352.31 100
10353.44 100
10354.57 100
10355.7 100
10356.81 100
10357.93 100
10359.06 100
10360.18 100
10361.3 100
10362.42 100
10363.55 100
10364.68 100
10365.8 100
10366.92 100
10368.05 100
10369.16 100
10370.28 100
10371.4 100
10372.51 100
10373.63 100
10374.75 100
10375.88 100
10377.0 100
10378.1 100
10379.22 100
10380.35 100
10381.48 100
10382.6 100
10383.73 100
10384.86 100
10385.98 100
10387.1 100
10388.22 100
10389.35 100
10390.47 100
10391.6 100
10392.71 100
10393.82 100
10394.95 100
10396.07 100
10397.19 100
10398.32 100
10399.45 100
10400.57 100
10401.7 100
10402.82 100
10403.94 100
10405.06 100
10406.18 100
10407.3 100
10408.42 100
10409.55 100
10410.68 100
10411.81 100
10412.94 100
10414.07 100
10415.18 100
10416.3 100
10417.42 100
10418.55 100
10419.68 100
10420.8 100
10421.92 100
10423.03 100
10424.14 100
10425.27 100
10426.39 100
10427.5 100
10428.62 100
10429.74 100
10430.87 100
10431.99 100
10433.12 100
10434.24 100
10435.36 100
10436.48 100
10437.61 100
10438.73 100
10439.85 100
10440.97 100
10442.1 100
10443.22 100
10444.34 100
10445.46 100
10446.59 100
10447.72 100
10448.85 100
10449.97 100
10451.09 100
10452.2 100
10453.32 100
10454.44 100
10455.57 100
10456.69 100
10457.81 100
10458.94 100
10460.06 100
10461.18 100
10462.3 100
10463.42 100
10464.55 100
10465.68 100
10466.81 100
10467.93 100
10469.05 100
10470.17 100
10471.3 100
10472.42 100
10473.55 100
10474.68 100
10475.81 100
10476.94 100
10478.07 100
10479.19 100
10480.31 100
10481.43 100
10482.56 100
10483.69 100
10484.82 100
10485.94 100
10487.08 100
10488.2 100
10489.31 100
10490.44 100
10491.56 100
10492.69 100
10493.82 100
10494.95 100
10496.08 100
10497.2 100
10498.32 100
10499.45 100
10500.58 100
10501.71 100
10502.82 100
10503.96 100
10505.08 100
10506.2 100
10507.32 100
10508.45 100
10509.58 100
10510.7 100
10511.82 100
10512.94 100
10514.06 100
10515.18 100
10516.3 100
10517.42 100
10518.54 100
10519.65 100
10520.78 100
10521.9 100
10523.02 100
10524.13 100
10525.26 100
10526.39 100
10527.52 100
10528.64 100
10529.76 100
10530.88 100
10531.99 100
10533.1 100
10534.22 100
10535.33 100
10536.44 100
10537.55 100
10538.67 100
10539.77 100
10540.87 100
10541.98 100
10543.08 100
10544.19 100
10545.32 100
10546.45 100
10547.57 100
10548.69 100
10549.81 100
10550.94 100
10552.05 100
10553.16 100
10554.28 100
10555.4 100
10556.51 100
10557.63 100
10558.76 100
10559.88 100
10561.01 100
10562.13 100
10563.26 100
10564.38 100
10565.5 100
10566.61 100
10567.74 100
10568.87 100
10569.99 100
10571.12 100
10572.25 100
10573.37 100
10574.48 100
10575.6 100
10576.72 100
10577.83 100
10578.96 100
10580.07 100
10581.2 100
10582.32 100
10583.44 100
10584.57 100
10585.69 100
10586.82 100
10587.94 100
10589.08 100
10590.21 100
10591.33 100
10592.45 100
10593.57 100
10594.7 100
10595.81 100
10596.94 100
10598.06 100
10599.17 100
10600.29 100
10601.4 100
10602.52 100
10603.64 100
10604.76 100
10605.89 100
10607.0 100
10608.1 100
10609.22 100
10610.34 100
10611.46 100
10612.58 100
10613.71 100
10614.84 100
10615.96 100
10617.09 100
10618.21 100
10619.34 100
10620.45 100
10621.57 100
10622.69 100
10623.82 100
10624.94 100
10626.06 100
10627.17 100
10628.29 100
10629.42 100
10630.54 100
10631.68 100
10632.8 100
10633.92 100
10635.05 100
10636.17 100
10637.29 100
10638.41 100
10639.54 100
10640.68 100
10641.8 100
10642.92 100
10644.05 100
10645.16 100
10646.29 100
10647.41 100
10648.54 100
10649.67 100
10650.78 100
10651.91 100
10653.03 100
10654.14 100
10655.26 100
10656.38 100
10657.51 100
10658.64 100
10659.76 100
10660.88 100
10662.01 100
10663.13 100
10664.25 100
10665.38 100
10666.5 100
10667.62 100
10668.75 100
10669.87 100
10671.0 100
10672.1 100
10673.22 100
10674.34 100
10675.48 100
10676.6 100
10677.72 100
10678.84 100
10679.96 100
10681.08 100
10682.2 100
10683.32 100
10684.45 100
10685.57 100
10686.7 100
10687.82 100
10688.94 100
10690.06 100
10691.18 100
10692.3 100
10693.42 100
10694.54 100
10695.68 100
10696.8 100
10697.91 100
10699.03 100
10700.15 100
10701.28 100
10702.4 100
10703.51 100
10704.64 100
10705.76 100
10706.88 100
10708.0 100
10709.11 100
10710.23 100
10711.35 100
10712.47 100
10713.59 100
10714.71 100
10715.84 100
10716.96 100
10718.08 100
10719.2 100
10720.31 100
10721.43 100
10722.55 100
10723.68 100
10724.8 100
10725.91 100
10727.03 100
10728.14 100
10729.25 100
10730.36 100
10731.48 100
10732.6 100
10733.71 100
10734.84 100
10735.96 100
10737.08 100
10738.2 100
10739.32 100
10740.44 100
10741.57 100
10742.7 100
10743.82 100
10744.94 100
10746.06 100
10747.17 100
10748.29 100
10749.41 100
10750.54 100
10751.67 100
10752.79 100
10753.92 100
10755.04 100
10756.17 100
10757.29 100
10758.41 100
10759.53 100
10760.65 100
10761.78 100
10762.9 100
10764.01 100
10765.12 100
10766.24 100
10767.37 100
10768.49 100
10769.61 100
10770.73 100
10771.86 100
10772.98 100
10774.1 100
10775.22 100
10776.34 100
10777.46 100
10778.58 100
10779.71 100
10780.83 100
10781.96 100
10783.08 100
10784.2 100
10785.32 100
10786.45 100
10787.58 100
10788.71 100
10789.83 100
10790.96 100
10792.09 100
10793.21 100
10794.34 100
10795.47 100
10796.6 100
10797.72 100
10798.85 100
10799.98 100
10801.1 100
10802.23 100
10803.35 100
10804.48 100
10805.6 100
10806.72 100
10807.84 100
10808.96 100
10810.08 100
10811.2 100
10812.32 100
10813.44 100
10814.56 100
10815.68 100
10816.8 100
10817.91 100
10819.03 100
10820.14 100
10821.27 100
10822.39 100
10823.52 100
10824.64 100
10825.77 100
10826.9 100
10828.02 100
10829.14 100
10830.26 100
10831.39 100
10832.52 100
10833.64 100
10834.76 100
10835.88 100
10837.0 100
10838.12 100
10839.24 100
10840.36 100
10841.49 100
10842.61 100
10843.72 100
10844.84 100
10845.96 100
10847.08 100
10848.2 100
10849.32 100
10850.44 100
10851.57 100
10852.7 100
10853.82 100
10854.95 100
10856.07 100
10857.19 100
10858.32 100
10859.44 100
10860.56 100
10861.68 100
10862.8 100
10863.92 100
10865.04 100
10866.16 100
10867.28 100
10868.41 100
10869.54 100
10870.67 100
10871.8 100
10872.92 100
10874.04 100
10875.16 100
10876.29 100
10877.42 100
10878.54 100
10879.67 100
10880.8 100
10881.92 100
10883.03 100
10884.14 100
10885.26 100
10886.39 100
10887.51 100
10888.63 100
10889.75 100
10890.88 100
10891.99 100
10893.1 100
10894.22 100
10895.33 100
10896.44 100
10897.55 100
10898.67 100
10899.77 100
10900.88 100
10902.0 100
10903.12 100
10904.25 100
10905.38 100
10906.51 100
10907.64 100
10908.76 100
10909.88 100
10911.0 100
10912.12 100
10913.24 100
10914.36 100
10915.48 100
10916.6 100
10917.71 100
10918.84 100
10919.96 100
10921.07 100
10922.18 100
10923.31 100
10924.43 100
10925.56 100
10926.68 100
10927.81 100
10928.93 100
10930.05 100
10931.16 100
10932.27 100
10933.38 100
10934.5 100
10935.62 100
10936.75 100
10937.88 100
10939.0 100
10940.11 100
10941.23 100
10942.35 100
10943.46 100
10944.59 100
10945.72 100
10946.84 100
10947.96 100
10949.09 100
10950.21 100
10951.33 100
10952.45 100
10953.57 100
10954.69 100
10955.82 100
10956.94 100
10958.06 100
10959.18 100
10960.3 100
10961.42 100
10962.54 100
10963.68 100
10964.8 100
10965.92 100
10967.04 100
10968.15 100
10969.28 100
10970.4 100
10971.52 100
10972.64 100
10973.76 100
10974.89 100
10976.02 100
10977.14 100
10978.26 100
10979.39 100
10980.51 100
10981.63 100
10982.75 100
10983.87 100
10984.99 100
10986.11 100
10987.24 100
10988.36 100
10989.48 100
10990.6 100
10991.72 100
10992.84 100
10993.97 100
10995.09 100
10996.2 100
10997.32 100
10998.45 100
10999.57 100
11000.69 100
11001.82 100
11002.94 100
11004.06 100
11005.19 100
11006.31 100
11007.44 100
11008.57 100
11009.7 100
11010.83 100
11011.96 100
11013.08 100
11014.19 100
11015.31 100
11016.43 100
11017.54 100
11018.67 100
11019.8 100
11020.92 100
11022.04 100
11023.16 100
11024.28 100
11025.42 100
11026.54 100
11027.67 100
11028.79 100
11029.91 100
11031.03 100
11032.14 100
11033.27 100
11034.4 100
11035.52 100
11036.64 100
11037.76 100
11038.88 100
11040.01 100
11041.13 100
11042.25 100
11043.37 100
11044.5 100
11045.61 100
11046.73 100
11047.85 100
11048.97 100
11050.09 100
11051.21 100
11052.34 100
11053.47 100
11054.59 100
11055.72 100
11056.84 100
11057.97 100
11059.1 100
11060.23 100
11061.34 100
11062.47 100
11063.59 100
11064.71 100
11065.83 100
11066.95 100
11068.08 100
11069.19 100
11070.31 100
11071.44 100
11072.56 100
11073.68 100
11074.8 100
11075.92 100
11077.04 100
11078.16 100
11079.28 100
11080.4 100
11081.52 100
11082.66 100
11083.78 100
11084.91 100
11086.03 100
11087.14 100
11088.26 100
11089.38 100
11090.51 100
11091.64 100
11092.76 100
11093.89 100
11095.01 100
11096.13 100
11097.25 100
11098.37 100
11099.5 100
11100.62 100
11101.74 100
11102.86 100
11103.98 100
11105.1 100
11106.21 100
11107.34 100
11108.46 100
11109.58 100
11110.71 100
11111.83 100
11112.96 100
11114.08 100
11115.2 100
11116.32 100
11117.44 100
11118.57 100
11119.69 100
11120.82 100
11121.95 100
11123.07 100
11124.19 100
11125.31 100
11126.43 100
11127.55 100
11128.68 100
11129.8 100
11130.91 100
11132.04 100
11133.15 100
11134.28 100
11135.4 100
11136.52 100
11137.66 100
11138.78 100
11139.9 100
11141.02 100
11142.14 100
11143.26 100
11144.39 100
11145.52 100
11146.64 100
11147.76 100
11148.88 100
11150.0 100
11151.12 100
11152.26 100
11153.38 100
11154.5 100
11155.62 100
11156.74 100
11157.85 100
11158.97 100
11160.08 100
11161.19 100
11162.32 100
11163.44 100
11164.57 100
11165.7 100
11166.82 100
11167.95 100
11169.07 100
11170.19 100
11171.32 100
11172.44 100
11173.56 100
11174.69 100
11175.82 100
11176.95 100
11178.06 100
11179.18 100
11180.31 100
11181.43 100
11182.56 100
11183.69 100
11184.81 100
11185.93 100
11187.06 100
11188.18 100
11189.31 100
11190.43 100
11191.56 100
11192.68 100
11193.8 100
11194.92 100
11196.05 100
11197.17 100
11198.31 100
11199.43 100
11200.55 100
11201.67 100
11202.79 100
11203.92 100
11205.03 100
11206.16 100
11207.28 100
11208.4 100
11209.51 100
11210.64 100
11211.75 100
11212.88 100
11214.01 100
11215.13 100
11216.25 100
11217.38 100
11218.5 100
11219.62 100
11220.75 100
11221.88 100
11223.0 100
11224.12 100
11225.24 100
11226.36 100
11227.48 100
11228.6 100
11229.72 100
11230.84 100
11231.97 100
11233.09 100
11234.21 100
11235.34 100
11236.46 100
11237.58 100
11238.7 100
11239.82 100
11240.94 100
11242.06 100
11243.19 100
11244.31 100
11245.44 100
11246.57 100
11247.7 100
11248.83 100
11249.96 100
11251.08 100
11252.2 100
11253.32 100
11254.43 100
11255.55 100
11256.67 100
11257.8 100
11258.92 100
11260.04 100
11261.16 100
11262.29 100
11263.41 100
11264.53 100
11265.67 100
11266.8 100
11267.92 100
11269.05 100
11270.17 100
11271.3 100
11272.42 100
11273.54 100
11274.66 100
11275.76 100
11276.88 100
11277.99 100
11279.11 100
11280.23 100
11281.36 100
11282.49 100
11283.61 100
11284.73 100
11285.86 100
11286.98 100
11288.11 100
11289.23 100
11290.36 100
11291.48 100
11292.61 100
11293.74 100
11294.86 100
11295.99 100
11297.11 100
11298.24 100
11299.36 100
11300.48 100
11301.6 100
11302.72 100
11303.85 100
11304.98 100
11306.11 100
11307.23 100
11308.35 100
11309.48 100
11310.6 100
11311.72 100
11312.85 100
11313.98 100
11315.1 100
11316.23 100
11317.35 100
11318.47 100
11319.59 100
11320.72 100
11321.84 100
11322.97 100
11324.1 100
11325.22 100
11326.34 100
11327.48 100
11328.6 100
11329.72 100
11330.85 100
11331.97 100
11333.09 100
11334.21 100
11335.34 100
11336.46 100
11337.58 100
11338.71 100
11339.83 100
11340.94 100
11342.06 100
11343.17 100
11344.3 100
11345.43 100
11346.55 100
11347.68 100
11348.8 100
11349.92 100
11351.05 100
11352.16 100
11353.29 100
11354.42 100
11355.55 100
11356.67 100
11357.79 100
11358.92 100
11360.04 100
11361.16 100
11362.28 100
11363.4 100
11364.52 100
11365.66 100
11366.78 100
11367.91 100
11369.03 100
11370.15 100
11371.27 100
11372.4 100
11373.51 100
11374.64 100
11375.77 100
11376.89 100
11378.01 100
11379.12 100
11380.24 100
11381.37 100
11382.5 100
11383.62 100
11384.74 100
11385.86 100
11386.98 100
11388.1 100
11389.22 100
11390.34 100
11391.47 100
11392.59 100
11393.72 100
11394.84 100
11395.96 100
11397.09 100
11398.2 100
11399.32 100
11400.45 100
11401.57 100
11402.7 100
11403.81 100
11404.94 100
11406.06 100
11407.19 100
11408.31 100
11409.43 100
11410.56 100
11411.68 100
11412.81 100
11413.94 100
11415.06 100
11416.18 100
11417.3 100
11418.42 100
11419.54 100
11420.67 100
11421.79 100
11422.9 100
11424.02 100
11425.14 100
11426.26 100
11427.4 100
11428.52 100
11429.65 100
11430.78 100
11431.91 100
11433.04 100
11434.16 100
11435.28 100
11436.41 100
11437.53 100
11438.66 100
11439.79 100
11440.9 100
11442.02 100
11443.14 100
11444.27 100
11445.39 100
11446.52 100
11447.66 100
11448.79 100
11449.91 100
11451.04 100
11452.16 100
11453.28 100
11454.41 100
11455.54 100
11456.67 100
11457.79 100
11458.92 100
11460.04 100
11461.16 100
11462.28 100
11463.4 100
11464.52 100
11465.65 100
11466.78 100
11467.9 100
11469.01 100
11470.13 100
11471.25 100
11472.37 100
11473.5 100
11474.62 100
11475.74 100
11476.86 100
11477.97 100
11479.09 100
11480.21 100
11481.33 100
11482.45 100
11483.56 100
11484.68 100
11485.8 100
11486.92 100
11488.04 100
11489.15 100
11490.28 100
11491.4 100
11492.51 100
11493.64 100
11494.76 100
11495.88 100
11496.99 100
11498.11 100
11499.23 100
11500.35 100
11501.47 100
11502.6 100
11503.72 100
11504.85 100
11505.98 100
11507.1 100
11508.22 100
11509.35 100
11510.47 100
11511.59 100
11512.72 100
11513.86 100
11514.98 100
11516.11 100
11517.23 100
11518.36 100
11519.48 100
11520.61 100
11521.74 100
11522.86 100
11523.98 100
11525.11 100
11526.22 100
11527.33 100
11528.44 100
11529.57 100
11530.7 100
11531.82 100
11532.94 100
11534.07 100
11535.18 100
11536.31 100
11537.44 100
11538.56 100
11539.68 100
11540.81 100
11541.93 100
11543.04 100
11544.16 100
11545.28 100
11546.4 100
11547.52 100
11548.67 100
11549.79 100
11550.91 100
11552.04 100
11553.15 100
11554.28 100
11555.4 100
11556.52 100
11557.66 100
11558.78 100
11559.92 100
11561.04 100
11562.16 100
11563.29 100
11564.42 100
11565.54 100
11566.66 100
11567.78 100
11568.9 100
11570.02 100
11571.13 100
11572.25 100
11573.37 100
11574.49 100
11575.61 100
11576.74 100
11577.87 100
11579.0 100
11580.11 100
11581.24 100
11582.36 100
11583.48 100
11584.6 100
11585.72 100
11586.84 100
11587.96 100
11589.08 100
11590.19 100
11591.31 100
11592.43 100
11593.56 100
11594.68 100
11595.81 100
11596.94 100
11598.07 100
11599.19 100
11600.31 100
11601.44 100
11602.57 100
11603.69 100
11604.81 100
11605.93 100
11607.04 100
11608.14 100
11609.26 100
11610.39 100
11611.51 100
11612.63 100
11613.75 100
11614.88 100
11616.01 100
11617.14 100
11618.26 100
11619.38 100
11620.5 100
11621.62 100
11622.74 100
11623.86 100
11624.98 100
11626.1 100
11627.21 100
11628.33 100
11629.45 100
11630.56 100
11631.68 100
11632.8 100
11633.92 100
11635.04 100
11636.16 100
11637.28 100
11638.4 100
11639.51 100
11640.64 100
11641.76 100
11642.89 100
11644.01 100
11645.13 100
11646.26 100
11647.38 100
11648.52 100
11649.65 100
11650.77 100
11651.89 100
11653.01 100
11654.13 100
11655.25 100
11656.37 100
11657.48 100
11658.59 100
11659.71 100
11660.83 100
11661.95 100
11663.07 100
11664.18 100
11665.29 100
11666.42 100
11667.55 100
11668.68 100
11669.8 100
11670.92 100
11672.05 100
11673.17 100
11674.3 100
11675.42 100
11676.55 100
11677.67 100
11678.79 100
11679.92 100
11681.04 100
11682.15 100
11683.28 100
11684.4 100
11685.52 100
11686.65 100
11687.78 100
11688.91 100
11690.04 100
11691.16 100
11692.28 100
11693.41 100
11694.54 100
11695.66 100
11696.79 100
11697.92 100
11699.04 100
11700.16 100
11701.29 100
11702.42 100
11703.54 100
11704.65 100
11705.77 100
11706.89 100
11708.0 100
11709.11 100
11710.23 100
11711.35 100
11712.48 100
11713.6 100
11714.72 100
11715.83 100
11716.96 100
11718.08 100
11719.2 100
11720.32 100
11721.44 100
11722.56 100
11723.69 100
11724.81 100
11725.93 100
11727.06 100
11728.18 100
11729.3 100
11730.42 100
11731.54 100
11732.66 100
11733.78 100
11734.9 100
11736.01 100
11737.14 100
11738.26 100
11739.38 100
11740.5 100
11741.63 100
11742.75 100
11743.87 100
11744.99 100
11746.11 100
11747.23 100
11748.36 100
11749.48 100
11750.6 100
11751.71 100
11752.84 100
11753.96 100
11755.08 100
11756.2 100
11757.31 100
11758.43 100
11759.55 100
11760.68 100
11761.8 100
11762.91 100
11764.03 100
11765.14 100
11766.27 100
11767.39 100
11768.52 100
11769.65 100
11770.78 100
11771.91 100
11773.03 100
11774.15 100
11775.28 100
11776.41 100
11777.54 100
11778.66 100
11779.79 100
11780.92 100
11782.04 100
11783.16 100
11784.28 100
11785.4 100
11786.52 100
11787.65 100
11788.77 100
11789.9 100
11791.02 100
11792.15 100
11793.27 100
11794.4 100
11795.52 100
11796.65 100
11797.77 100
11798.89 100
11800.02 100
11801.13 100
11802.26 100
11803.38 100
11804.5 100
11805.62 100
11806.74 100
11807.88 100
11809.0 100
11810.12 100
11811.24 100
11812.36 100
11813.48 100
11814.6 100
11815.72 100
11816.84 100
11817.96 100
11819.08 100
11820.2 100
11821.32 100
11822.43 100
11823.54 100
11824.66 100
11825.78 100
11826.91 100
11828.04 100
11829.16 100
11830.29 100
11831.41 100
11832.54 100
11833.66 100
11834.78 100
11835.9 100
11837.02 100
11838.13 100
11839.26 100
11840.38 100
11841.5 100
11842.62 100
11843.75 100
11844.88 100
11846.0 100
11847.11 100
11848.24 100
11849.36 100
11850.48 100
11851.6 100
11852.72 100
11853.85 100
11854.97 100
11856.09 100
11857.21 100
11858.33 100
11859.46 100
11860.58 100
11861.7 100
11862.81 100
11863.94 100
11865.07 100
11866.19 100
11867.32 100
11868.44 100
11869.56 100
11870.68 100
11871.8 100
11872.92 100
11874.04 100
11875.16 100
11876.29 100
11877.41 100
11878.54 100
11879.66 100
11880.78 100
11881.91 100
11883.03 100
11884.15 100
11885.28 100
11886.4 100
11887.52 100
11888.65 100
11889.77 100
11890.9 100
11892.02 100
11893.14 100
11894.26 100
11895.4 100
11896.52 100
11897.64 100
11898.77 100
11899.9 100
11901.01 100
11902.13 100
11903.26 100
11904.39 100
11905.51 100
11906.64 100
11907.76 100
11908.88 100
11910.01 100
11911.13 100
11912.26 100
11913.38 100
11914.51 100
11915.63 100
11916.74 100
11917.86 100
11918.98 100
11920.1 100
11921.22 100
11922.34 100
11923.47 100
11924.58 100
11925.7 100
11926.82 100
11927.95 100
11929.07 100
11930.18 100
11931.3 100
11932.42 100
11933.54 100
11934.66 100
11935.79 100
11936.91 100
11938.03 100
11939.15 100
11940.27 100
11941.4 100
11942.51 100
11943.64 100
11944.76 100
11945.88 100
11947.02 100
11948.14 100
11949.26 100
11950.38 100
11951.5 100
11952.62 100
11953.74 100
11954.86 100
11955.99 100
11957.11 100
11958.24 100
11959.36 100
11960.49 100
11961.61 100
11962.74 100
11963.86 100
11964.98 100
11966.1 100
11967.21 100
11968.34 100
11969.46 100
11970.59 100
11971.71 100
11972.84 100
11973.96 100
11975.08 100
11976.2 100
11977.32 100
11978.44 100
11979.56 100
11980.69 100
11981.82 100
11982.94 100
11984.07 100
11985.19 100
11986.31 100
11987.44 100
11988.56 100
11989.68 100
11990.8 100
11991.92 100
11993.04 100
11994.16 100
11995.28 100
11996.41 100
11997.53 100
11998.65 100
11999.78 100
12000.9 100
12002.02 100
12003.13 100
12004.25 100
12005.37 100
12006.49 100
12007.61 100
12008.73 100
12009.86 100
12010.98 100
12012.11 100
12013.24 100
12014.37 100
12015.49 100
12016.61 100
12017.73 100
12018.85 100
12019.98 100
12021.11 100
12022.23 100
12023.35 100
12024.47 100
12025.59 100
12026.71 100
12027.83 100
12028.96 100
12030.09 100
12031.21 100
12032.33 100
12033.46 100
12034.58 100
12035.71 100
12036.83 100
12037.95 100
12039.07 100
12040.19 100
12041.3 100
12042.41 100
12043.52 100
12044.65 100
12045.78 100
12046.9 100
12048.02 100
12049.14 100
12050.26 100
12051.39 100
12052.51 100
12053.63 100
12054.75 100
12055.88 100
12057.0 100
12058.11 100
12059.23 100
12060.36 100
12061.49 100
12062.61 100
12063.74 100
12064.85 100
12065.97 100
12067.09 100
12068.2 100
12069.32 100
12070.44 100
12071.56 100
12072.68 100
12073.8 100
12074.92 100
12076.05 100
12077.16 100
12078.28 100
12079.4 100
12080.52 100
12081.64 100
12082.76 100
12083.89 100
12085.01 100
12086.12 100
12087.25 100
12088.37 100
12089.5 100
12090.62 100
12091.76 100
12092.88 100
12093.99 100
12095.11 100
12096.23 100
12097.36 100
12098.48 100
12099.6 100
12100.72 100
12101.84 100
12102.96 100
12104.09 100
12105.21 100
12106.33 100
12107.45 100
12108.58 100
12109.7 100
12110.82 100
12111.94 100
12113.06 100
12114.18 100
12115.31 100
12116.44 100
12117.57 100
12118.69 100
12119.81 100
12120.94 100
12122.06 100
12123.18 100
12124.31 100
12125.44 100
12126.56 100
12127.68 100
12128.8 100
12129.92 100
12131.05 100
12132.17 100
12133.29 100
12134.42 100
12135.53 100
12136.66 100
12137.78 100
12138.9 100
12140.02 100
12141.14 100
12142.26 100
12143.39 100
12144.5 100
12145.63 100
12146.76 100
12147.89 100
12149.01 100
12150.12 100
12151.26 100
12152.38 100
12153.52 100
12154.64 100
12155.76 100
12156.88 100
12158.0 100
12159.12 100
12160.24 100
12161.36 100
12162.49 100
12163.61 100
12164.73 100
12165.85 100
12166.97 100
12168.09 100
12169.2 100
12170.32 100
12171.44 100
12172.56 100
12173.69 100
12174.81 100
12175.93 100
12177.05 100
12178.16 100
12179.29 100
12180.42 100
12181.54 100
12182.66 100
12183.78 100
12184.91 100
12186.04 100
12187.16 100
12188.28 100
12189.4 100
12190.52 100
12191.65 100
12192.78 100
12193.9 100
12195.02 100
12196.13 100
12197.25 100
12198.38 100
12199.51 100
12200.64 100
12201.76 100
12202.88 100
12204.0 100
12205.12 100
12206.24 100
12207.36 100
12208.48 100
12209.63 100
12210.76 100
12211.88 100
12213.01 100
12214.12 100
12215.25 100
12216.38 100
12217.5 100
12218.63 100
12219.76 100
12220.88 100
12222.01 100
12223.12 100
12224.25 100
12225.36 100
12226.47 100
12227.59 100
12228.7 100
12229.8 100
12230.92 100
12232.05 100
12233.17 100
12234.29 100
12235.42 100
12236.54 100
12237.67 100
12238.79 100
12239.91 100
12241.04 100
12242.16 100
12243.29 100
12244.41 100
12245.53 100
12246.65 100
12247.77 100
12248.89 100
12250.01 100
12251.12 100
12252.24 100
12253.36 100
12254.48 100
12255.6 100
12256.72 100
12257.85 100
12258.97 100
12260.09 100
12261.21 100
12262.33 100
12263.45 100
12264.57 100
12265.69 100
12266.81 100
12267.94 100
12269.06 100
12270.18 100
12271.3 100
12272.42 100
12273.54 100
12274.65 100
12275.76 100
12276.89 100
12278.01 100
12279.13 100
12280.26 100
12281.39 100
12282.52 100
12283.64 100
12284.77 100
12285.9 100
12287.02 100
12288.14 100
12289.26 100
12290.39 100
12291.5 100
12292.62 100
12293.73 100
12294.85 100
12295.97 100
12297.1 100
12298.21 100
12299.33 100
12300.46 100
12301.59 100
12302.72 100
12303.84 100
12304.96 100
12306.09 100
12307.21 100
12308.34 100
12309.46 100
12310.58 100
12311.71 100
12312.83 100
12313.96 100
12315.08 100
12316.2 100
12317.32 100
12318.44 100
12319.57 100
12320.69 100
12321.82 100
12322.95 100
12324.08 100
12325.2 100
12326.32 100
12327.44 100
12328.56 100
12329.68 100
12330.8 100
12331.92 100
12333.03 100
12334.15 100
12335.27 100
12336.39 100
12337.51 100
12338.63 100
12339.74 100
12340.86 100
12341.98 100
12343.1 100
12344.23 100
12345.36 100
12346.49 100
12347.62 100
12348.75 100
12349.87 100
12350.98 100
12352.11 100
12353.23 100
12354.35 100
12355.48 100
12356.6 100
12357.72 100
12358.84 100
12359.97 100
12361.1 100
12362.22 100
12363.34 100
12364.47 100
12365.6 100
12366.71 100
12367.84 100
12368.96 100
12370.09 100
12371.2 100
12372.31 100
12373.43 100
12374.56 100
12375.68 100
12376.81 100
12377.93 100
12379.05 100
12380.17 100
12381.29 100
12382.41 100
12383.54 100
12384.67 100
12385.79 100
12386.9 100
12388.02 100
12389.14 100
12390.27 100
12391.4 100
12392.52 100
12393.65 100
12394.78 100
12395.9 100
12397.01 100
12398.13 100
12399.26 100
12400.38 100
12401.5 100
12402.62 100
12403.74 100
12404.87 100
12405.99 100
12407.11 100
12408.24 100
12409.36 100
12410.48 100
12411.61 100
12412.73 100
12413.85 100
12414.98 100
12416.1 100
12417.21 100
12418.34 100
12419.46 100
12420.58 100
12421.71 100
12422.84 100
12423.96 100
12425.08 100
12426.2 100
12427.33 100
12428.45 100
12429.57 100
12430.69 100
12431.81 100
12432.94 100
12434.06 100
12435.18 100
12436.3 100
12437.42 100
12438.55 100
12439.67 100
12440.79 100
12441.9 100
12443.02 100
12444.14 100
12445.26 100
12446.38 100
12447.49 100
12448.62 100
12449.73 100
12450.85 100
12451.97 100
12453.1 100
12454.22 100
12455.34 100
12456.47 100
12457.59 100
12458.71 100
12459.84 100
12460.97 100
12462.1 100
12463.22 100
12464.34 100
12465.46 100
12466.59 100
12467.71 100
12468.83 100
12469.94 100
12471.06 100
12472.17 100
12473.3 100
12474.42 100
12475.54 100
12476.67 100
12477.79 100
12478.91 100
12480.04 100
12481.16 100
12482.28 100
12483.41 100
12484.54 100
12485.67 100
12486.8 100
12487.91 100
12489.04 100
12490.16 100
12491.28 100
12492.41 100
12493.54 100
12494.67 100
12495.79 100
12496.92 100
12498.04 100
12499.15 100
12500.27 100
12501.4 100
12502.51 100
12503.64 100
12504.76 100
12505.89 100
12507.02 100
12508.14 100
12509.26 100
12510.38 100
12511.51 100
12512.64 100
12513.76 100
12514.87 100
12516.0 100
12517.12 100
12518.25 100
12519.37 100
12520.5 100
12521.62 100
12522.75 100
12523.88 100
12525.0 100
12526.12 100
12527.24 100
12528.37 100
12529.49 100
12530.62 100
12531.74 100
12532.86 100
12533.98 100
12535.11 100
12536.24 100
12537.36 100
12538.49 100
12539.62 100
12540.75 100
12541.88 100
12543.0 100
12544.12 100
12545.24 100
12546.36 100
12547.48 100
12548.6 100
12549.72 100
12550.84 100
12551.96 100
12553.09 100
12554.21 100
12555.34 100
12556.46 100
12557.57 100
12558.68 100
12559.8 100
12560.92 100
12562.05 100
12563.17 100
12564.29 100
12565.41 100
12566.54 100
12567.66 100
12568.78 100
12569.9 100
12571.02 100
12572.14 100
12573.26 100
12574.39 100
12575.5 100
12576.63 100
12577.76 100
12578.88 100
12580.0 100
12581.11 100
12582.23 100
12583.35 100
12584.48 100
12585.6 100
12586.72 100
12587.84 100
12588.96 100
12590.09 100
12591.2 100
12592.33 100
12593.46 100
12594.58 100
12595.72 100
12596.84 100
12597.96 100
12599.09 100
12600.2 100
12601.32 100
12602.44 100
12603.56 100
12604.69 100
12605.82 100
12606.94 100
12608.06 100
12609.18 100
12610.31 100
12611.43 100
12612.56 100
12613.68 100
12614.81 100
12615.94 100
12617.06 100
12618.19 100
12619.32 100
12620.44 100
12621.56 100
12622.68 100
12623.81 100
12624.93 100
12626.06 100
12627.18 100
12628.3 100
12629.42 100
12630.54 100
12631.66 100
12632.78 100
12633.91 100
12635.03 100
12636.15 100
12637.28 100
12638.4 100
12639.52 100
12640.64 100
12641.77 100
12642.89 100
12644.01 100
12645.12 100
12646.23 100
12647.35 100
12648.48 100
12649.61 100
12650.72 100
12651.84 100
12652.96 100
12654.09 100
12655.21 100
12656.33 100
12657.45 100
12658.58 100
12659.7 100
12660.81 100
12661.92 100
12663.04 100
12664.16 100
12665.28 100
12666.4 100
12667.52 100
12668.64 100
12669.77 100
12670.9 100
12672.03 100
12673.14 100
12674.27 100
12675.39 100
12676.52 100
12677.64 100
12678.76 100
12679.89 100
12681.02 100
12682.14 100
12683.26 100
12684.38 100
12685.5 100
12686.62 100
12687.76 100
12688.88 100
12690.01 100
12691.12 100
12692.24 100
12693.37 100
12694.5 100
12695.62 100
12696.76 100
12697.88 100
12699.0 100
12700.12 100
12701.24 100
12702.36 100
12703.49 100
12704.62 100
12705.74 100
12706.87 100
12708.0 100
12709.11 100
12710.23 100
12711.36 100
12712.48 100
12713.62 100
12714.75 100
12715.88 100
12717.0 100
12718.12 100
12719.24 100
12720.37 100
12721.48 100
12722.62 100
12723.74 100
12724.86 100
12725.98 100
12727.1 100
12728.22 100
12729.35 100
12730.46 100
12731.59 100
12732.71 100
12733.84 100
12734.96 100
12736.09 100
12737.21 100
12738.33 100
12739.46 100
12740.58 100
12741.7 100
12742.83 100
12743.95 100
12745.08 100
12746.19 100
12747.31 100
12748.43 100
12749.55 100
12750.67 100
12751.8 100
12752.93 100
12754.06 100
12755.18 100
12756.31 100
12757.44 100
12758.56 100
12759.69 100
12760.82 100
12761.94 100
12763.07 100
12764.19 100
12765.31 100
12766.44 100
12767.56 100
12768.68 100
12769.8 100
12770.92 100
12772.04 100
12773.16 100
12774.28 100
12775.42 100
12776.54 100
12777.66 100
12778.79 100
12779.92 100
12781.05 100
12782.17 100
12783.3 100
12784.42 100
12785.54 100
12786.67 100
12787.79 100
12788.91 100
12790.04 100
12791.16 100
12792.3 100
12793.42 100
12794.54 100
12795.66 100
12796.78 100
12797.9 100
12799.02 100
12800.14 100
12801.26 100
12802.39 100
12803.5 100
12804.62 100
12805.75 100
12806.88 100
12808.0 100
12809.12 100
12810.25 100
12811.37 100
12812.49 100
12813.62 100
12814.75 100
12815.87 100
12817.0 100
12818.11 100
12819.24 100
12820.36 100
12821.48 100
12822.61 100
12823.74 100
12824.87 100
12825.99 100
12827.12 100
12828.24 100
12829.36 100
12830.49 100
12831.62 100
12832.74 100
12833.86 100
12834.98 100
12836.09 100
12837.2 100
12838.32 100
12839.44 100
12840.56 100
12841.68 100
12842.8 100
12843.91 100
12845.04 100
12846.15 100
12847.26 100
12848.38 100
12849.51 100
12850.64 100
12851.76 100
12852.88 100
12854.0 100
12855.11 100
12856.24 100
12857.36 100
12858.49 100
12859.62 100
12860.74 100
12861.87 100
12862.99 100
12864.11 100
12865.24 100
12866.36 100
12867.49 100
12868.62 100
12869.74 100
12870.86 100
12871.99 100
12873.12 100
12874.24 100
12875.36 100
12876.49 100
12877.62 100
12878.74 100
12879.87 100
12880.99 100
12882.11 100
12883.23 100
12884.36 100
12885.48 100
12886.62 100
12887.74 100
12888.87 100
12890.0 100
12891.12 100
12892.24 100
12893.37 100
12894.49 100
12895.61 100
12896.74 100
12897.86 100
12898.99 100
12900.12 100
12901.24 100
12902.36 100
12903.48 100
12904.61 100
12905.73 100
12906.86 100
12907.98 100
12909.11 100
12910.24 100
12911.36 100
12912.49 100
12913.62 100
12914.74 100
12915.86 100
12916.98 100
12918.1 100
12919.22 100
12920.35 100
12921.47 100
12922.58 100
12923.71 100
12924.83 100
12925.96 100
12927.08 100
12928.2 100
12929.32 100
12930.44 100
12931.57 100
12932.7 100
12933.82 100
12934.94 100
12936.06 100
12937.18 100
12938.31 100
12939.43 100
12940.56 100
12941.69 100
12942.82 100
12943.94 100
12945.06 100
12946.17 100
12947.29 100
12948.4 100
12949.53 100
12950.66 100
12951.78 100
12952.91 100
12954.03 100
12955.15 100
12956.27 100
12957.4 100
12958.52 100
12959.65 100
12960.78 100
12961.89 100
12963.01 100
12964.12 100
12965.25 100
12966.37 100
12967.49 100
12968.62 100
12969.74 100
12970.86 100
12971.98 100
12973.1 100
12974.22 100
12975.34 100
12976.46 100
12977.6 100
12978.71 100
12979.83 100
12980.95 100
12982.07 100
12983.19 100
12984.31 100
12985.42 100
12986.54 100
12987.65 100
12988.77 100
12989.88 100
12990.99 100
12992.1 100
12993.21 100
12994.34 100
12995.46 100
12996.6 100
12997.7 100
12998.81 100
12999.93 100
13001.05 100
13002.17 100
13003.29 100
13004.41 100
13005.53 100
13006.65 100
13007.76 100
13008.9 100
13010.01 100
13011.13 100
13012.26 100
13013.38 100
13014.52 100
13015.64 100
13016.77 100
13017.89 100
13019.01 100
13020.12 100
13021.24 100
13022.37 100
13023.49 100
13024.61 100
13025.73 100
13026.86 100
13027.97 100
13029.09 100
13030.19 100
13031.31 100
13032.45 100
13033.57 100
13034.7 100
13035.82 100
13036.94 100
13038.07 100
13039.19 100
13040.31 100
13041.44 100
13042.57 100
13043.7 100
13044.82 100
13045.95 100
13047.07 100
13048.2 100
13049.32 100
13050.46 100
13051.59 100
13052.71 100
13053.83 100
13054.96 100
13056.08 100
13057.2 100
13058.32 100
13059.44 100
13060.55 100
13061.68 100
13062.8 100
13063.92 100
13065.04 100
13066.16 100
13067.28 100
13068.4 100
13069.51 100
13070.63 100
13071.76 100
13072.88 100
13074.0 100
13075.12 100
13076.25 100
13077.37 100
13078.48 100
13079.61 100
13080.73 100
13081.86 100
13082.98 100
13084.11 100
13085.23 100
13086.36 100
13087.48 100
13088.6 100
13089.7 100
13090.83 100
13091.94 100
13093.07 100
13094.19 100
13095.32 100
13096.44 100
13097.56 100
13098.69 100
13099.82 100
13100.94 100
13102.07 100
13103.19 100
13104.31 100
13105.44 100
13106.56 100
13107.69 100
13108.81 100
13109.93 100
13111.05 100
13112.16 100
13113.29 100
13114.42 100
13115.55 100
13116.66 100
13117.79 100
13118.91 100
13120.03 100
13121.15 100
13122.27 100
13123.4 100
13124.52 100
13125.64 100
13126.76 100
13127.89 100
13129.01 100
13130.13 100
13131.26 100
13132.39 100
13133.51 100
13134.64 100
13135.76 100
13136.88 100
13138.0 100
13139.1 100
13140.22 100
13141.34 100
13142.47 100
13143.6 100
13144.72 100
13145.85 100
13146.97 100
13148.1 100
13149.22 100
13150.35 100
13151.47 100
13152.6 100
13153.71 100
13154.83 100
13155.96 100
13157.08 100
13158.2 100
13159.32 100
13160.44 100
13161.56 100
13162.68 100
13163.81 100
13164.94 100
13166.07 100
13167.18 100
13168.31 100
13169.44 100
13170.56 100
13171.69 100
13172.81 100
13173.93 100
13175.05 100
13176.17 100
13177.29 100
13178.41 100
13179.54 100
13180.66 100
13181.79 100
13182.91 100
13184.03 100
13185.15 100
13186.27 100
13187.39 100
13188.51 100
13189.63 100
13190.75 100
13191.87 100
13192.99 100
13194.11 100
13195.24 100
13196.36 100
13197.49 100
13198.61 100
13199.73 100
13200.86 100
13201.98 100
13203.11 100
13204.23 100
13205.36 100
13206.49 100
13207.61 100
13208.73 100
13209.86 100
13210.99 100
13212.12 100
13213.24 100
13214.36 100
13215.48 100
13216.61 100
13217.74 100
13218.87 100
13219.98 100
13221.1 100
13222.22 100
13223.34 100
13224.47 100
13225.6 100
13226.73 100
13227.85 100
13228.97 100
13230.1 100
13231.21 100
13232.33 100
13233.46 100
13234.59 100
13235.7 100
13236.82 100
13237.94 100
13239.07 100
13240.18 100
13241.3 100
13242.42 100
13243.54 100
13244.66 100
13245.79 100
13246.92 100
13248.04 100
13249.16 100
13250.28 100
13251.41 100
13252.54 100
13253.66 100
13254.79 100
13255.92 100
13257.04 100
13258.16 100
13259.28 100
13260.4 100
13261.51 100
13262.62 100
13263.74 100
13264.87 100
13265.99 100
13267.11 100
13268.23 100
13269.36 100
13270.48 100
13271.6 100
13272.72 100
13273.84 100
13274.97 100
13276.1 100
13277.22 100
13278.35 100
13279.48 100
13280.6 100
13281.72 100
13282.84 100
13283.96 100
13285.07 100
13286.18 100
13287.3 100
13288.42 100
13289.54 100
13290.65 100
13291.76 100
13292.88 100
13293.99 100
13295.1 100
13296.22 100
13297.34 100
13298.46 100
13299.59 100
13300.72 100
13301.84 100
13302.97 100
13304.09 100
13305.2 100
13306.32 100
13307.44 100
13308.57 100
13309.68 100
13310.8 100
13311.91 100
13313.04 100
13314.15 100
13315.28 100
13316.4 100
13317.51 100
13318.63 100
13319.76 100
13320.88 100
13322.0 100
13323.11 100
13324.23 100
13325.35 100
13326.47 100
13327.59 100
13328.7 100
13329.8 100
13330.9 100
13332.01 100
13333.14 100
13334.26 100
13335.39 100
13336.51 100
13337.64 100
13338.76 100
13339.88 100
13341.0 100
13342.11 100
13343.23 100
13344.36 100
13345.48 100
13346.6 100
13347.71 100
13348.83 100
13349.96 100
13351.08 100
13352.19 100
13353.31 100
13354.43 100
13355.55 100
13356.68 100
13357.8 100
13358.91 100
13360.04 100
13361.16 100
13362.28 100
13363.4 100
13364.52 100
13365.64 100
13366.76 100
13367.88 100
13369.0 100
13370.12 100
13371.24 100
13372.37 100
13373.5 100
13374.62 100
13375.74 100
13376.86 100
13377.98 100
13379.1 100
13380.22 100
13381.33 100
13382.44 100
13383.56 100
13384.68 100
13385.8 100
13386.92 100
13388.03 100
13389.14 100
13390.26 100
13391.38 100
13392.5 100
13393.62 100
13394.75 100
13395.87 100
13397.0 100
13398.11 100
13399.24 100
13400.36 100
13401.48 100
13402.6 100
13403.72 100
13404.85 100
13405.98 100
13407.1 100
13408.22 100
13409.36 100
13410.48 100
13411.61 100
13412.74 100
13413.86 100
13414.99 100
13416.12 100
13417.24 100
13418.36 100
13419.48 100
13420.61 100
13421.73 100
13422.85 100
13423.97 100
13425.1 100
13426.23 100
13427.35 100
13428.47 100
13429.6 100
13430.72 100
13431.84 100
13432.96 100
13434.09 100
13435.2 100
13436.32 100
13437.44 100
13438.58 100
13439.7 100
13440.82 100
13441.94 100
13443.06 100
13444.18 100
13445.3 100
13446.41 100
13447.54 100
13448.67 100
13449.79 100
13450.92 100
13452.05 100
13453.17 100
13454.29 100
13455.41 100
13456.53 100
13457.65 100
13458.78 100
13459.9 100
13461.02 100
13462.14 100
13463.26 100
13464.38 100
13465.5 100
13466.62 100
13467.74 100
13468.87 100
13469.99 100
13471.11 100
13472.23 100
13473.35 100
13474.47 100
13475.6 100
13476.72 100
13477.84 100
13478.96 100
13480.09 100
13481.21 100
13482.33 100
13483.45 100
13484.59 100
13485.72 100
13486.84 100
13487.97 100
13489.1 100
13490.22 100
13491.34 100
13492.47 100
13493.6 100
13494.72 100
13495.84 100
13496.96 100
13498.08 100
13499.2 100
13500.32 100
13501.45 100
13502.56 100
13503.68 100
13504.8 100
13505.92 100
13507.05 100
13508.17 100
13509.29 100
13510.41 100
13511.53 100
13512.64 100
13513.76 100
13514.88 100
13516.01 100
13517.13 100
13518.26 100
13519.38 100
13520.5 100
13521.62 100
13522.74 100
13523.86 100
13524.97 100
13526.08 100
13527.18 100
13528.3 100
13529.42 100
13530.56 100
13531.68 100
13532.81 100
13533.93 100
13535.05 100
13536.17 100
13537.3 100
13538.41 100
13539.53 100
13540.66 100
13541.79 100
13542.91 100
13544.04 100
13545.16 100
13546.28 100
13547.41 100
13548.54 100
13549.66 100
13550.78 100
13551.89 100
13553.01 100
13554.13 100
13555.25 100
13556.37 100
13557.5 100
13558.62 100
13559.74 100
13560.86 100
13561.98 100
13563.1 100
13564.22 100
13565.34 100
13566.46 100
13567.59 100
13568.72 100
13569.84 100
13570.96 100
13572.1 100
13573.22 100
13574.34 100
13575.47 100
13576.6 100
13577.72 100
13578.85 100
13579.98 100
13581.1 100
13582.22 100
13583.35 100
13584.47 100
13585.59 100
13586.72 100
13587.84 100
13588.96 100
13590.09 100
13591.2 100
13592.32 100
13593.45 100
13594.59 100
13595.72 100
13596.84 100
13597.96 100
13599.08 100
13600.2 100
13601.32 100
13602.44 100
13603.56 100
13604.68 100
13605.81 100
13606.94 100
13608.06 100
13609.17 100
13610.29 100
13611.41 100
13612.52 100
13613.64 100
13614.76 100
13615.89 100
13617.01 100
13618.12 100
13619.24 100
13620.36 100
13621.48 100
13622.61 100
13623.73 100
13624.86 100
13625.98 100
13627.1 100
13628.23 100
13629.35 100
13630.48 100
13631.61 100
13632.74 100
13633.87 100
13634.99 100
13636.12 100
13637.26 100
13638.38 100
13639.5 100
13640.62 100
13641.74 100
13642.85 100
13643.96 100
13645.08 100
13646.19 100
13647.3 100
13648.41 100
13649.55 100
13650.68 100
13651.8 100
13652.92 100
13654.05 100
13655.16 100
13656.29 100
13657.42 100
13658.54 100
13659.67 100
13660.8 100
13661.92 100
13663.05 100
13664.17 100
13665.29 100
13666.4 100
13667.52 100
13668.65 100
13669.77 100
13670.89 100
13672.01 100
13673.14 100
13674.27 100
13675.39 100
13676.52 100
13677.64 100
13678.76 100
13679.89 100
13681.01 100
13682.12 100
13683.26 100
13684.38 100
13685.51 100
13686.63 100
13687.76 100
13688.88 100
13690.0 100
13691.12 100
13692.24 100
13693.37 100
13694.5 100
13695.62 100
13696.74 100
13697.88 100
13699.0 100
13700.11 100
13701.23 100
13702.35 100
13703.48 100
13704.6 100
13705.72 100
13706.85 100
13707.97 100
13709.09 100
13710.21 100
13711.34 100
13712.46 100
13713.59 100
13714.72 100
13715.85 100
13716.98 100
13718.11 100
13719.24 100
13720.36 100
13721.48 100
13722.62 100
13723.74 100
13724.86 100
13725.99 100
13727.12 100
13728.25 100
13729.37 100
13730.5 100
13731.62 100
13732.74 100
13733.88 100
13734.99 100
13736.12 100
13737.24 100
13738.36 100
13739.49 100
13740.61 100
13741.73 100
13742.86 100
13743.99 100
13745.11 100
13746.24 100
13747.37 100
13748.5 100
13749.62 100
13750.75 100
13751.88 100
13752.99 100
13754.11 100
13755.24 100
13756.37 100
13757.5 100
13758.62 100
13759.74 100
13760.87 100
13761.99 100
13763.12 100
13764.24 100
13765.37 100
13766.49 100
13767.62 100
13768.74 100
13769.86 100
13770.98 100
13772.1 100
13773.22 100
13774.33 100
13775.46 100
13776.58 100
13777.71 100
13778.84 100
13779.97 100
13781.09 100
13782.21 100
13783.34 100
13784.46 100
13785.58 100
13786.71 100
13787.83 100
13788.96 100
13790.08 100
13791.2 100
13792.31 100
13793.43 100
13794.56 100
13795.68 100
13796.81 100
13797.93 100
13799.06 100
13800.18 100
13801.3 100
13802.42 100
13803.54 100
13804.66 100
13805.79 100
13806.92 100
13808.04 100
13809.15 100
13810.27 100
13811.39 100
13812.5 100
13813.61 100
13814.74 100
13815.86 100
13816.98 100
13818.1 100
13819.23 100
13820.36 100
13821.48 100
13822.6 100
13823.71 100
13824.84 100
13825.96 100
13827.08 100
13828.18 100
13829.3 100
13830.43 100
13831.55 100
13832.67 100
13833.8 100
13834.92 100
13836.04 100
13837.16 100
13838.29 100
13839.41 100
13840.54 100
13841.67 100
13842.8 100
13843.91 100
13845.03 100
13846.14 100
13847.26 100
13848.39 100
13849.51 100
13850.63 100
13851.75 100
13852.88 100
13854.0 100
13855.12 100
13856.24 100
13857.36 100
13858.48 100
13859.61 100
13860.74 100
13861.87 100
13862.99 100
13864.11 100
13865.23 100
13866.36 100
13867.48 100
13868.61 100
13869.73 100
13870.86 100
13871.99 100
13873.1 100
13874.22 100
13875.35 100
13876.47 100
13877.6 100
13878.72 100
13879.85 100
13880.98 100
13882.1 100
13883.22 100
13884.34 100
13885.46 100
13886.58 100
13887.71 100
13888.84 100
13889.96 100
13891.09 100
13892.21 100
13893.33 100
13894.46 100
13895.58 100
13896.71 100
13897.82 100
13898.95 100
13900.08 100
13901.19 100
13902.31 100
13903.44 100
13904.57 100
13905.7 100
13906.82 100
13907.94 100
13909.06 100
13910.18 100
13911.3 100
13912.42 100
13913.54 100
13914.67 100
13915.8 100
13916.92 100
13918.04 100
13919.16 100
13920.28 100
13921.41 100
13922.54 100
13923.66 100
13924.79 100
13925.92 100
13927.05 100
13928.17 100
13929.3 100
13930.42 100
13931.54 100
13932.66 100
13933.78 100
13934.9 100
13936.02 100
13937.13 100
13938.25 100
13939.37 100
13940.49 100
13941.61 100
13942.73 100
13943.86 100
13944.98 100
13946.12 100
13947.24 100
13948.37 100
13949.5 100
13950.62 100
13951.74 100
13952.87 100
13953.99 100
13955.11 100
13956.23 100
13957.36 100
13958.48 100
13959.6 100
13960.72 100
13961.84 100
13962.97 100
13964.1 100
13965.23 100
13966.36 100
13967.48 100
13968.61 100
13969.73 100
13970.85 100
13971.97 100
13973.08 100
13974.18 100
13975.3 100
13976.42 100
13977.54 100
13978.67 100
13979.79 100
13980.91 100
13982.04 100
13983.15 100
13984.28 100
13985.41 100
13986.54 100
13987.67 100
13988.8 100
13989.92 100
13991.04 100
13992.15 100
13993.28 100
13994.4 100
13995.52 100
13996.64 100
13997.76 100
13998.88 100
14000.01 100
14001.14 100
14002.26 100
14003.38 100
14004.51 100
14005.62 100
14006.74 100
14007.86 100
14008.99 100
14010.12 100
14011.24 100
14012.37 100
14013.49 100
14014.62 100
14015.75 100
14016.87 100
14018.0 100
14019.12 100
14020.24 100
14021.35 100
14022.47 100
14023.59 100
14024.71 100
14025.82 100
14026.94 100
14028.06 100
14029.16 100
14030.3 100
14031.43 100
14032.56 100
14033.68 100
14034.8 100
14035.92 100
14037.04 100
14038.16 100
14039.29 100
14040.41 100
14041.53 100
14042.65 100
14043.77 100
14044.89 100
14046.01 100
14047.12 100
14048.23 100
14049.35 100
14050.48 100
14051.6 100
14052.72 100
14053.85 100
14054.97 100
14056.1 100
14057.22 100
14058.34 100
14059.47 100
14060.6 100
14061.72 100
14062.84 100
14063.96 100
14065.09 100
14066.21 100
14067.34 100
14068.46 100
14069.59 100
14070.71 100
14071.83 100
14072.96 100
14074.08 100
14075.2 100
14076.33 100
14077.46 100
14078.58 100
14079.71 100
14080.84 100
14081.96 100
14083.08 100
14084.19 100
14085.31 100
14086.43 100
14087.56 100
14088.69 100
14089.82 100
14090.94 100
14092.06 100
14093.17 100
14094.29 100
14095.42 100
14096.54 100
14097.67 100
14098.8 100
14099.91 100
14101.04 100
14102.16 100
14103.28 100
14104.4 100
14105.51 100
14106.63 100
14107.75 100
14108.88 100
14110.0 350
14111.16 350
14112.36 100
14113.58 100
14114.79 350
14116.0 100
14117.19 100
14118.4 350
14119.6 350
14120.8 100
14122.0 350
14123.2 350
14124.4 100
14125.6 100
14126.8 350
14128.0 350
14129.19 100
14130.4 350
14131.6 350
14132.8 100
14134.0 100
14135.19 100
14136.4 350
14137.6 350
14138.8 350
14140.0 100
14141.2 100
14142.4 350
14143.61 350
14144.82 100
14146.03 100
14147.24 350
14148.44 350
14149.64 100
14150.84 350
14152.04 350
14153.24 100
14154.45 100
14155.66 350
14156.86 100
14158.07 100
14159.26 100
14160.46 350
14161.67 350
14162.87 350
14164.08 350
14165.26 100
14166.46 100
14167.67 100
14168.88 350
14170.09 350
14171.3 100
14172.5 100
14173.72 350
14174.92 350
14176.13 350
14177.34 100
14178.54 100
14179.75 100
14180.96 350
14182.17 350
14183.38 100
14184.59 100
14185.8 350
14187.0 350
14188.2 350
14189.41 100
14190.62 100
14191.82 100
14193.03 100
14194.23 350
14195.44 350
14196.64 350
14197.85 100
14199.06 100
14200.26 350
14201.46 100
14202.66 100
14203.88 350
14205.08 350
14206.28 100
14207.49 100
14208.71 350
14209.91 100
14211.12 100
14212.33 100
14213.54 100
14214.76 350
14215.96 100
14217.16 100
14218.37 350
14219.58 350
14220.8 350
14222.0 100
14223.19 100
14224.4 350
14225.6 350
14226.81 100
14228.02 100
14229.22 100
14230.43 350
14231.64 350
14232.85 350
14234.06 100
14235.26 100
14236.46 100
14237.66 100
14238.88 350
14240.08 350
14241.28 350
14242.49 100
14243.7 100
14244.9 100
14246.1 100
14247.31 350
14248.51 350
14249.73 100
14250.94 350
14252.15 350
14253.36 350
14254.57 100
14255.78 100
14256.98 100
14258.19 100
14259.4 350
14260.6 350
14261.8 100
14263.0 350
14264.2 350
14265.4 350
14266.6 100
14267.8 100
14269.0 350
14270.2 350
14271.4 100
14272.6 100
14273.8 350
14275.0 100
14276.19 100
14277.39 100
14278.59 100
14279.8 350
14281.0 350
14282.18 100
14283.4 350
14284.6 350
14285.82 350
14287.02 100
14288.22 100
14289.43 100
14290.64 100
14291.84 350
14293.05 350
14294.25 100
14295.45 350
14296.65 350
14297.86 350
14299.07 100
14300.27 100
14301.48 350
14302.7 350
14303.9 100
14305.1 100
14306.31 350
14307.52 350
14308.74 100
14309.94 100
14311.15 100
14312.36 350
14313.57 350
14314.78 100
14315.99 350
14317.2 350
14318.4 350
14319.62 100
14320.82 100
14322.03 100
14323.23 100
14324.44 350
14325.65 350
14326.86 100
14328.07 350
14329.27 350
14330.47 100
14331.69 350
14332.9 350
14334.1 100
14335.3 100
14336.52 350
14337.73 350
14338.94 350
14340.14 100
14341.35 100
14342.56 350
14343.77 350
14344.98 100
14346.18 100
14347.39 100
14348.6 350
14349.8 350
14351.0 350
14352.2 100
14353.41 100
14354.61 350
14355.82 350
14357.02 100
14358.22 350
14359.44 350
14360.65 100
14361.86 100
14363.07 350
14364.27 350
14365.47 100
14366.69 350
14367.91 350
14369.11 100
14370.31 100
14371.52 350
14372.73 350
14373.94 100
14375.14 100
14376.35 100
14377.56 350
14378.77 350
14379.97 100
14381.18 350
14382.39 350
14383.59 100
14384.79 350
14386.0 350
14387.2 350
14388.4 350
14389.61 100
14390.82 100
14392.02 100
14393.23 350
14394.44 350
14395.64 100
14396.84 100
14398.04 350
14399.24 100
14400.44 100
14401.64 350
14402.85 350
14404.06 350
14405.26 100
14406.46 100
14407.69 100
14408.88 100
14410.08 350
14411.28 350
14412.49 100
14413.7 350
14414.9 350
14416.11 350
14417.32 100
14418.52 100
14419.74 100
14420.94 100
14422.16 350
14423.37 350
14424.58 100
14425.79 350
14427.0 350
14428.19 100
14429.4 100
14430.6 350
14431.8 100
14432.99 100
14434.2 350
14435.4 350
14436.6 350
14437.8 350
14439.0 100
14440.19 100
14441.4 100
14442.6 350
14443.8 350
14445.01 100
14446.21 350
14447.42 350
14448.63 100
14449.84 100
14451.04 350
14452.24 350
14453.45 350
14454.66 100
14455.86 100
14457.08 350
14458.27 100
14459.48 100
14460.7 100
14461.9 100
14463.11 350
14464.32 350
14465.53 350
14466.74 100
14467.94 100
14469.15 350
14470.36 350
14471.56 100
14472.77 100
14473.98 100
14475.19 350
14476.4 350
14477.59 100
14478.8 350
14480.0 350
14481.2 350
14482.4 350
14483.61 100
14484.82 100
14486.02 100
14487.23 350
14488.44 350
14489.64 100
14490.85 350
14492.06 350
14493.26 350
14494.47 350
14495.68 100
14496.89 350
14498.09 350
14499.29 100
14500.49 100
14501.7 350
14502.9 350
14504.1 100
14505.3 100
14506.5 100
14507.72 350
14508.92 350
14510.12 100
14511.32 350
14512.53 350
14513.75 350
14514.96 350
14516.16 100
14517.38 350
14518.59 350
14519.79 100
14521.0 100
14522.19 100
14523.4 350
14524.6 350
14525.8 350
14527.01 350
14528.21 100
14529.42 350
14530.63 350
14531.83 100
14533.04 100
14534.24 350
14535.45 350
14536.66 100
14537.88 350
14539.08 350
14540.28 100
14541.48 100
14542.69 350
14543.9 100
14545.1 100
14546.31 350
14547.51 350
14548.72 100
14549.93 350
14551.14 350
14552.35 100
14553.56 100
14554.77 350
14555.98 350
14557.19 100
14558.4 100
14559.6 100
14560.8 350
14562.0 350
14563.19 100
14564.4 350
14565.6 350
14566.81 100
14568.01 100
14569.2 100
14570.4 350
14571.61 350
14572.83 350
14574.03 350
14575.24 350
14576.44 350
14577.66 350
14578.87 350
14580.08 350
14581.28 350
14582.49 350
14583.71 350
14584.92 350
14586.12 350
14587.33 350
14588.55 350
14589.76 350
14590.98 350
14592.19 350
14593.4 350
14594.6 350
14595.8 350
14596.99 350
14598.19 350
14599.4 350
14600.6 350
14601.8 350
14603.01 350
14604.21 350
14605.42 350
14606.63 350
14607.84 350
14609.04 350
14610.25 350
14611.46 350
14612.68 350
14613.89 350
14615.1 350
14616.31 350
14617.52 350
14618.75 350
14619.96 350
14621.17 350
14622.38 350
14623.59 350
14624.8 350
14626.0 350
14627.2 350
14628.4 350
14629.6 350
14630.81 350
14632.02 350
14633.22 350
14634.43 350
14635.64 350
14636.85 350
14638.05 350
14639.26 350
14640.47 350
14641.68 350
14642.89 350
14644.1 350
14645.31 350
14646.52 350
14647.74 350
14648.95 350
14650.16 350
14651.37 350
14652.59 350
14653.8 350
14655.0 350
14656.2 350
14657.41 350
14658.63 350
14659.84 350
14661.04 350
14662.25 350
14663.46 350
14664.68 350
14665.89 350
14667.1 350
14668.3 350
14669.51 350
14670.73 350
14671.94 350
14673.15 350
14674.36 350
14675.57 350
14676.78 350
14677.99 350
14679.2 350
14680.41 350
14681.62 350
14682.83 350
14684.04 350
14685.24 350
14686.45 350
14687.65 350
14688.85 350
14690.06 350
14691.27 350
14692.48 350
14693.7 350
14694.91 350
14696.12 350
14697.32 350
14698.55 350
14699.76 350
14700.96 350
14702.17 350
14703.38 350
14704.59 350
14705.8 350
14707.01 350
14708.21 350
14709.42 350
14710.64 350
14711.84 350
14713.05 350
14714.25 350
14715.46 350
14716.68 350
14717.89 350
14719.11 350
14720.32 350
14721.54 350
14722.76 350
14723.96 350
14725.17 350
14726.38 350
14727.59 350
14728.8 350
14730.0 350
14731.2 350
14732.4 350
14733.61 350
14734.83 350
14736.04 350
14737.24 350
14738.45 350
14739.68 350
14740.88 350
14742.09 350
14743.29 350
14744.5 350
14745.71 350
14746.92 350
14748.12 350
14749.33 350
14750.55 350
14751.76 350
14752.97 350
14754.18 350
14755.39 350
14756.6 350
14757.81 350
14759.02 350
14760.22 350
14761.43 350
14762.64 350
14763.84 350
14765.06 350
14766.27 350
14767.48 350
14768.7 350
14769.9 350
14771.11 350
14772.32 350
14773.52 350
14774.74 350
14775.96 350
14777.16 350
14778.38 350
14779.59 350
14780.8 350
14782.0 350
14783.2 350
14784.41 350
14785.62 350
14786.83 350
14788.04 350
14789.24 350
14790.46 350
14791.68 350
14792.89 350
14794.1 350
14795.31 350
14796.52 350
14797.75 350
14798.96 350
14800.16 350
14801.37 350
14802.58 350
14803.79 350
14805.0 350
14806.2 350
14807.41 350
14808.63 350
14809.84 350
14811.04 350
14812.25 350
14813.45 350
14814.67 350
14815.88 350
14817.08 350
14818.28 350
14819.5 350
14820.72 350
14821.92 350
14823.13 350
14824.35 350
14825.56 350
14826.76 350
14827.97 350
14829.18 350
14830.39 350
14831.6 350
14832.8 350
14834.0 350
14835.2 350
14836.41 350
14837.62 350
14838.83 350
14840.04 350
14841.25 350
14842.46 350
14843.68 350
14844.89 350
14846.11 350
14847.32 350
14848.55 350
14849.76 350
14850.96 350
14852.17 350
14853.39 350
14854.59 350
14855.79 350
14856.99 350
14858.19 350
14859.4 350
14860.61 350
14861.83 350
14863.04 350
14864.24 350
14865.45 350
14866.67 350
14867.88 350
14869.08 350
14870.28 350
14871.49 350
14872.72 350
14873.92 350
14875.13 350
14876.34 350
14877.56 350
14878.76 350
14879.97 350
14881.18 350
14882.39 350
14883.6 350
14884.8 350
14886.01 350
14887.22 350
14888.43 350
14889.63 350
14890.84 350
14892.04 350
14893.24 350
14894.46 350
14895.68 350
14896.88 350
14898.09 350
14899.29 350
14900.5 350
14901.72 350
14902.92 350
14904.13 350
14905.34 350
14906.56 350
14907.77 350
14908.99 350
14910.2 350
14911.4 350
14912.6 350
14913.8 350
14915.0 350
14916.2 350
14917.4 350
14918.6 350
14919.81 350
14921.02 350
14922.23 350
14923.44 350
14924.66 350
14925.86 350
14927.07 350
14928.28 350
14929.48 350
14930.7 350
14931.91 350
14933.12 350
14934.33 350
14935.55 350
14936.76 350
14937.96 350
14939.17 350
14940.38 350
14941.59 350
14942.8 350
14944.0 350
14945.2 350
14946.4 350
14947.6 350
14948.8 350
14950.0 350
14951.2 350
14952.4 350
14953.6 350
14954.8 350
14956.01 350
14957.22 350
14958.44 350
14959.64 350
14960.85 350
14962.06 350
14963.27 350
14964.48 350
14965.69 350
14966.91 350
14968.12 350
14969.34 350
14970.55 350
14971.76 350
14972.96 350
14974.17 350
14975.38 350
14976.59 350
14977.8 350
14979.0 350
14980.2 350
14981.4 350
14982.61 350
14983.82 350
14985.03 350
14986.24 350
14987.44 350
14988.66 350
14989.88 350
14991.08 350
14992.28 350
14993.49 350
14994.71 350
14995.92 350
14997.13 350
14998.35 350
14999.56 350
15000.77 350
15001.97 350
15003.18 350
15004.4 350
15005.6 350
15006.8 350
15008.0 350
15009.2 350
15010.4 350
15011.6 350
15012.81 350
15014.03 350
15015.24 350
15016.44 350
15017.65 350
15018.86 350
15020.07 350
15021.27 350
15022.48 350
15023.69 350
15024.9 350
15026.1 350
15027.31 350
15028.53 350
15029.74 350
15030.95 350
15032.16 350
15033.37 350
15034.58 350
15035.79 350
15037.0 350
15038.2 350
15039.41 350
15040.63 350
15041.84 350
15043.04 350
15044.24 350
15045.45 350
15046.68 350
15047.88 350
15049.08 350
15050.29 350
15051.5 350
15052.72 350
15053.93 350
15055.14 350
15056.35 350
15057.56 350
15058.76 350
15059.98 350
15061.19 350
15062.4 350
15063.6 350
15064.8 350
15066.0 350
15067.2 350
15068.41 350
15069.63 350
15070.84 350
15072.05 350
15073.25 350
15074.47 350
15075.68 350
15076.89 350
15078.1 350
15079.31 350
15080.53 350
15081.74 350
15082.95 350
15084.16 350
15085.36 350
15086.57 350
15087.79 350
15089.0 350
15090.2 350
15091.41 350
15092.62 350
15093.83 350
15095.04 350
15096.24 350
15097.45 350
15098.67 350
15099.88 350
15101.09 350
15102.29 350
15103.5 350
15104.72 350
15105.93 350
15107.13 350
15108.34 350
15109.55 350
15110.76 350
15111.97 350
15113.18 350
15114.4 350
15115.6 350
15116.81 350
15118.02 350
15119.23 350
15120.44 350
15121.66 350
15122.87 350
15124.08 350
15125.28 350
15126.48 350
15127.71 350
15128.92 350
15130.13 350
15131.34 350
15132.56 350
15133.77 350
15134.98 350
15136.19 350
15137.4 350
15138.6 350
15139.81 350
15141.03 350
15142.24 350
15143.45 350
15144.67 350
15145.88 350
15147.08 350
15148.28 350
15149.49 350
15150.71 350
15151.92 350
15153.12 350
15154.34 350
15155.55 350
15156.76 350
15157.97 350
15159.18 350
15160.39 350
15161.6 350
15162.8 350
15164.01 350
15165.22 350
15166.44 350
15167.66 350
15168.87 350
15170.08 350
15171.28 350
15172.48 350
15173.71 350
15174.92 350
15176.13 350
15177.34 350
15178.55 350
15179.76 350
15180.97 350
15182.18 350
15183.39 350
15184.6 350
15185.8 350
15187.01 350
15188.22 350
15189.43 350
15190.64 350
15191.85 350
15193.06 350
15194.28 350
15195.48 350
15196.7 350
15197.91 350
15199.12 350
15200.34 350
15201.55 350
15202.76 350
15203.96 350
15205.16 350
15206.37 350
15207.59 350
15208.79 350
15210.0 350
15211.2 350
15212.4 350
15213.6 350
15214.8 350
15216.0 350
15217.2 350
15218.41 350
15219.62 350
15220.84 350
15222.04 350
15223.24 350
15224.45 350
15225.67 350
15226.88 350
15228.09 350
15229.3 350
15230.51 350
15231.72 350
15232.93 350
15234.14 350
15235.35 350
15236.56 350
15237.76 350
15238.98 350
15240.19 350
15241.4 350
15242.6 350
15243.81 350
15245.02 350
15246.23 350
15247.44 350
15248.66 350
15249.87 350
15251.08 350
15252.28 350
15253.48 350
15254.69 350
15255.89 350
15257.09 350
15258.29 350
15259.5 350
15260.72 350
15261.93 350
15263.14 350
15264.35 350
15265.56 350
15266.76 350
15267.98 350
15269.19 350
15270.4 350
15271.6 350
15272.81 350
15274.02 350
15275.22 350
15276.44 350
15277.66 350
15278.88 350
15280.08 350
15281.29 350
15282.5 350
15283.72 350
15284.92 350
15286.13 350
15287.35 350
15288.56 350
15289.76 350
15290.97 350
15292.18 350
15293.39 350
15294.6 350
15295.81 350
15297.02 350
15298.23 350
15299.44 350
15300.67 350
15301.88 350
15303.08 350
15304.29 350
15305.5 350
15306.72 350
15307.93 350
15309.14 350
15310.36 350
15311.56 350
15312.77 350
15313.99 350
15315.2 350
15316.4 350
15317.61 350
15318.83 350
15320.04 350
15321.25 350
15322.46 350
15323.68 350
15324.88 350
15326.09 350
15327.3 350
15328.5 350
15329.71 350
15330.92 350
15332.13 350
15333.35 350
15334.56 350
15335.77 350
15336.98 350
15338.19 350
15339.4 350
15340.61 350
15341.82 350
15343.03 350
15344.24 350
15345.44 350
15346.66 350
15347.88 350
15349.08 350
15350.28 350
15351.49 350
15352.71 350
15353.92 350
15355.13 350
15356.35 350
15357.56 350
15358.76 350
15359.97 350
15361.19 350
15362.4 350
15363.6 350
15364.81 350
15366.02 350
15367.22 350
15368.43 350
15369.64 350
15370.84 350
15372.05 350
15373.25 350
15374.47 350
15375.68 350
15376.89 350
15378.1 350
15379.31 350
15380.52 350
15381.74 350
15382.94 350
15384.14 350
15385.35 350
15386.56 350
15387.77 350
15388.98 350
15390.19 350
15391.4 350
15392.6 350
15393.8 350
15395.0 350
15396.2 350
15397.4 350
15398.61 350
15399.82 350
15401.04 350
15402.24 350
15403.45 350
15404.67 350
15405.88 350
15407.08 350
15408.29 350
15409.49 350
15410.71 350
15411.92 350
15413.13 350
15414.34 350
15415.55 350
15416.76 350
15417.96 350
15419.17 350
15420.38 350
15421.6 350
15422.8 350
15424.0 350
15425.2 350
15426.4 350
15427.6 350
15428.8 350
15430.0 350
15431.2 350
15432.41 350
15433.62 350
15434.83 350
15436.04 350
15437.24 350
15438.45 350
15439.67 350
15440.89 350
15442.1 350
15443.31 350
15444.53 350
15445.74 350
15446.95 350
15448.16 350
15449.36 350
15450.57 350
15451.78 350
15453.0 350
15454.2 350
15455.4 350
15456.61 350
15457.82 350
15459.03 350
15460.23 350
15461.44 350
15462.66 350
15463.87 350
15465.08 350
15466.28 350
15467.49 350
15468.72 350
15469.93 350
15471.14 350
15472.35 350
15473.56 350
15474.76 350
15475.97 350
15477.18 350
15478.39 350
15479.6 350
15480.8 350
15482.01 350
15483.21 350
15484.43 350
15485.64 350
15486.85 350
15488.06 350
15489.27 350
15490.48 350
15491.7 350
15492.9 350
15494.1 350
15495.32 350
15496.53 350
15497.74 350
15498.95 350
15500.16 350
15501.37 350
15502.58 350
15503.79 350
15505.0 350
15506.2 350
15507.4 350
15508.61 350
15509.82 350
15511.03 350
15512.24 350
15513.45 350
15514.67 350
15515.88 350
15517.08 350
15518.29 350
15519.5 350
15520.72 350
15521.93 350
15523.14 350
15524.36 350
15525.56 350
15526.77 350
15527.98 350
15529.19 350
15530.4 350
15531.6 350
15532.81 350
15534.01 350
15535.23 350
15536.44 350
15537.65 350
15538.86 350
15540.07 350
15541.28 350
15542.48 350
15543.7 350
15544.91 350
15546.12 350
15547.33 350
15548.55 350
15549.76 350
15550.96 350
15552.16 350
15553.37 350
15554.58 350
15555.79 350
15557.0 350
15558.2 350
15559.4 350
15560.61 350
15561.83 350
15563.04 350
15564.24 350
15565.44 350
15566.66 350
15567.88 350
15569.09 350
15570.29 350
15571.5 350
15572.72 350
15573.93 350
15575.14 350
15576.36 350
15577.56 350
15578.77 350
15579.98 350
15581.19 350
15582.4 350
15583.61 350
15584.82 350
15586.03 350
15587.24 350
15588.44 350
15589.66 350
15590.87 350
15592.08 350
15593.28 350
15594.5 350
15595.72 350
15596.92 350
15598.13 350
15599.35 350
15600.56 350
15601.77 350
15602.97 350
15604.18 350
15605.39 350
15606.6 350
15607.81 350
15609.02 350
15610.22 350
15611.43 350
15612.65 350
15613.86 350
15615.06 350
15616.27 350
15617.48 350
15618.69 350
15619.9 350
15621.1 350
15622.31 350
15623.52 350
15624.74 350
15625.95 350
15627.16 350
15628.37 350
15629.58 350
15630.79 350
15632.0 350
15633.2 350
15634.4 350
15635.62 350
15636.83 350
15638.04 350
15639.24 350
15640.44 350
15641.66 350
15642.87 350
15644.08 350
15645.28 350
15646.49 350
15647.71 350
15648.92 350
15650.13 350
15651.34 350
15652.55 350
15653.75 350
15654.96 350
15656.17 350
15657.38 350
15658.59 350
15659.8 350
15661.0 350
15662.2 350
15663.4 350
15664.6 350
15665.8 350
15667.0 350
15668.2 350
15669.41 350
15670.62 350
15671.83 350
15673.04 350
15674.24 350
15675.45 350
15676.67 350
15677.88 350
15679.08 350
15680.28 350
15681.49 350
15682.71 350
15683.92 350
15685.12 350
15686.33 350
15687.54 350
15688.74 350
15689.94 350
15691.15 350
15692.36 350
15693.57 350
15694.78 350
15695.98 350
15697.18 350
15698.39 350
15699.6 350
15700.8 350
15702.02 350
15703.22 350
15704.43 350
15705.64 350
15706.85 350
15708.06 350
15709.26 350
15710.47 350
15711.68 350
15712.89 350
15714.1 350
15715.31 350
15716.53 350
15717.73 350
15718.95 350
15720.16 350
15721.37 350
15722.59 350
15723.8 350
15725.0 350
15726.2 350
15727.4 350
15728.61 350
15729.83 350
15731.04 350
15732.24 350
15733.45 350
15734.67 350
15735.88 350
15737.08 350
15738.29 350
15739.51 350
15740.72 350
15741.93 350
15743.15 350
15744.36 350
15745.57 350
15746.79 350
15748.0 350
15749.2 350
15750.4 350
15751.6 350
15752.81 350
15754.03 350
15755.24 350
15756.45 350
15757.67 350
15758.88 350
15760.08 350
15761.28 350
15762.49 350
15763.71 350
15764.92 350
15766.12 350
15767.34 350
15768.55 350
15769.76 350
15770.97 350
15772.18 350
15773.39 350
15774.6 350
15775.8 350
15777.0 350
15778.2 350
15779.41 350
15780.64 350
15781.84 350
15783.06 350
15784.27 350
15785.48 350
15786.69 350
15787.9 350
15789.11 350
15790.32 350
15791.52 350
15792.73 350
15793.94 350
15795.15 350
15796.36 350
15797.57 350
15798.78 350
15799.99 350
15801.2 350
15802.4 350
15803.61 350
15804.82 350
15806.03 350
15807.24 350
15808.45 350
15809.68 350
15810.88 350
15812.09 350
15813.29 350
15814.51 350
15815.72 350
15816.93 350
15818.13 350
15819.34 350
15820.55 350
15821.76 350
15822.96 350
15824.17 350
15825.38 350
15826.59 350
15827.8 350
15829.0 350
15830.2 350
15831.41 350
15832.64 350
15833.84 350
15835.05 350
15836.26 350
15837.47 350
15838.69 350
15839.9 350
15841.11 350
15842.32 350
15843.54 350
15844.75 350
15845.96 350
15847.16 350
15848.37 350
15849.59 350
15850.8 350
15852.0 350
15853.2 350
15854.4 350
15855.61 350
15856.82 350
15858.03 350
15859.24 350
15860.45 350
15861.68 350
15862.89 350
15864.1 350
15865.31 350
15866.52 350
15867.73 350
15868.94 350
15870.15 350
15871.36 350
15872.57 350
15873.78 350
15874.99 350
15876.2 350
15877.4 350
15878.6 350
15879.8 350
15881.0 350
15882.2 350
15883.41 350
15884.63 350
15885.84 350
15887.04 350
15888.25 350
15889.46 350
15890.68 350
15891.89 350
15893.1 350
15894.31 350
15895.52 350
15896.74 350
15897.95 350
15899.16 350
15900.36 350
15901.57 350
15902.78 350
15904.0 350
15905.2 350
15906.4 350
15907.6 350
15908.8 350
15910.0 350
15911.2 350
15912.4 350
15913.61 350
15914.82 350
15916.03 350
15917.24 350
15918.45 350
15919.68 350
15920.88 350
15922.09 350
15923.29 350
15924.51 350
15925.72 350
15926.93 350
15928.14 350
15929.36 350
15930.56 350
15931.77 350
15932.99 350
15934.2 350
15935.4 350
15936.61 350
15937.83 350
15939.04 350
15940.24 350
15941.44 350
15942.66 350
15943.88 350
15945.08 350
15946.28 350
15947.5 350
15948.71 350
15949.92 350
15951.13 350
15952.34 350
15953.56 350
15954.77 350
15955.98 350
15957.19 350
15958.4 350
15959.61 350
15960.83 350
15962.04 350
15963.24 350
15964.45 350
15965.68 350
15966.88 350
15968.09 350
15969.3 350
15970.52 350
15971.73 350
15972.94 350
15974.15 350
15975.36 350
15976.57 350
15977.78 350
15978.99 350
15980.2 350
15981.4 350
15982.61 350
15983.82 350
15985.03 350
15986.23 350
15987.44 350
15988.66 350
15989.87 350
15991.08 350
15992.28 350
15993.5 350
15994.71 350
15995.92 350
15997.12 350
15998.34 350
15999.56 350
16000.77 350
16001.97 350
16003.18 350
16004.39 350
16005.6 350
16006.8 350
16008.0 350
16009.2 350
16010.41 350
16011.64 350
16012.84 350
16014.05 350
16015.25 350
16016.45 350
16017.67 350
16018.88 350
16020.08 350
16021.28 350
16022.5 350
16023.71 350
16024.92 350
16026.12 350
16027.33 350
16028.54 350
16029.75 350
16030.96 350
16032.16 350
16033.37 350
16034.57 350
16035.78 350
16037.0 350
16038.2 350
16039.4 350
16040.61 350
16041.82 350
16043.03 350
16044.24 350
16045.45 350
16046.67 350
16047.87 350
16049.07 350
16050.27 350
16051.48 350
16052.69 350
16053.9 350
16055.1 350
16056.31 350
16057.52 350
16058.74 350
16059.95 350
16061.16 350
16062.36 350
16063.57 350
16064.78 350
16065.99 350
16067.19 350
16068.39 350
16069.6 350
16070.8 350
16072.0 350
16073.2 350
16074.4 350
16075.6 350
16076.81 350
16078.02 350
16079.23 350
16080.44 350
16081.65 350
16082.86 350
16084.07 350
16085.27 350
16086.48 350
16087.69 350
16088.89 350
16090.09 350
16091.29 350
16092.5 350
16093.69 350
16094.89 350
16096.1 350
16097.31 350
16098.52 350
16099.73 350
16100.94 350
16102.14 350
16103.35 350
16104.56 350
16105.76 350
16106.97 350
16108.18 350
16109.39 350
16110.6 350
16111.81 350
16113.02 350
16114.22 350
16115.43 350
16116.65 350
16117.85 350
16119.05 350
16120.25 350
16121.46 350
16122.68 350
16123.9 350
16125.1 350
16126.3 350
16127.51 350
16128.72 350
16129.93 350
16131.14 350
16132.35 350
16133.56 350
16134.77 350
16135.98 350
16137.19 350
16138.4 350
16139.6 350
16140.8 350
16142.0 350
16143.2 350
16144.41 350
16145.64 350
16146.84 350
16148.04 350
16149.24 350
16150.44 350
16151.66 350
16152.88 350
16154.08 350
16155.29 350
16156.51 350
16157.72 350
16158.92 350
16160.13 350
16161.34 350
16162.55 350
16163.75 350
16164.96 350
16166.16 350
16167.38 350
16168.59 350
16169.8 350
16171.0 350
16172.2 350
16173.4 350
16174.61 350
16175.82 350
16177.03 350
16178.24 350
16179.45 350
16180.67 350
16181.88 350
16183.08 350
16184.28 350
16185.51 350
16186.72 350
16187.93 350
16189.14 350
16190.36 350
16191.56 350
16192.77 350
16193.98 350
16195.19 350
16196.4 350
16197.6 350
16198.81 350
16200.02 350
16201.23 350
16202.44 350
16203.65 350
16204.86 350
16206.07 350
16207.28 350
16208.5 350
16209.71 350
16210.92 350
16212.13 350
16213.34 350
16214.55 350
16215.75 350
16216.96 350
16218.16 350
16219.37 350
16220.58 350
16221.8 350
16223.0 350
16224.2 350
16225.41 350
16226.63 350
16227.84 350
16229.04 350
16230.24 350
16231.45 350
16232.68 350
16233.89 350
16235.09 350
16236.3 350
16237.51 350
16238.73 350
16239.94 350
16241.15 350
16242.36 350
16243.56 350
16244.77 350
16245.99 350
16247.19 350
16248.4 350
16249.6 350
16250.81 350
16252.03 350
16253.24 350
16254.44 350
16255.66 350
16256.88 350
16258.08 350
16259.28 350
16260.49 350
16261.7 350
16262.9 350
16264.1 350
16265.31 350
16266.52 350
16267.73 350
16268.94 350
16270.15 350
16271.36 350
16272.57 350
16273.78 350
16274.99 350
16276.2 350
16277.4 350
16278.6 350
16279.8 350
16281.0 350
16282.2 350
16283.4 350
16284.6 350
16285.8 350
16287.0 350
16288.2 350
16289.4 350
16290.62 350
16291.83 350
16293.04 350
16294.25 350
16295.46 350
16296.68 350
16297.88 350
16299.09 350
16300.3 350
16301.51 350
16302.72 350
16303.93 350
16305.14 350
16306.36 350
16307.56 350
16308.77 350
16309.97 350
16311.17 350
16312.38 350
16313.59 350
16314.8 350
16316.0 350
16317.2 350
16318.41 350
16319.64 350
16320.85 350
16322.06 350
16323.26 350
16324.47 350
16325.68 350
16326.89 350
16328.1 350
16329.3 350
16330.51 350
16331.72 350
16332.94 350
16334.15 350
16335.36 350
16336.56 350
16337.77 350
16338.98 350
16340.19 350
16341.4 350
16342.62 350
16343.83 350
16345.04 350
16346.25 350
16347.46 350
16348.68 350
16349.88 350
16351.09 350
16352.3 350
16353.51 350
16354.72 350
16355.92 350
16357.14 350
16358.36 350
16359.56 350
16360.76 350
16361.97 350
16363.18 350
16364.39 350
16365.6 350
16366.8 350
16368.01 350
16369.22 350
16370.43 350
16371.64 350
16372.85 350
16374.06 350
16375.26 350
16376.47 350
16377.68 350
16378.89 350
16380.1 350
16381.31 350
16382.52 350
16383.74 350
16384.96 350
16386.16 350
16387.36 350
16388.57 350
16389.79 350
16391.0 350
16392.2 350
16393.41 350
16394.63 350
16395.84 350
16397.05 350
16398.25 350
16399.44 350
16400.66 350
16401.87 350
16403.08 350
16404.28 350
16405.5 350
16406.7 350
16407.9 350
16409.1 350
16410.31 350
16411.52 350
16412.73 350
16413.93 350
16415.13 350
16416.33 350
16417.53 350
16418.73 350
16419.94 350
16421.15 350
16422.36 350
16423.57 350
16424.78 350
16425.99 350
16427.2 350
16428.41 350
16429.64 350
16430.84 350
16432.05 350
16433.25 350
16434.46 350
16435.68 350
16436.89 350
16438.09 350
16439.3 350
16440.5 350
16441.7 350
16442.9 350
16444.1 350
16445.3 350
16446.5 350
16447.71 350
16448.92 350
16450.13 350
16451.34 350
16452.55 350
16453.76 350
16454.97 350
16456.17 350
16457.38 350
16458.59 350
16459.8 350
16461.0 350
16462.2 350
16463.4 350
16464.6 350
16465.81 350
16467.02 350
16468.23 350
16469.44 350
16470.65 350
16471.86 350
16473.07 350
16474.28 350
16475.49 350
16476.7 350
16477.91 350
16479.12 350
16480.34 350
16481.55 350
16482.76 350
16483.97 350
16485.17 350
16486.38 350
16487.6 350
16488.81 350
16490.02 350
16491.22 350
16492.43 350
16493.65 350
16494.85 350
16496.06 350
16497.27 350
16498.49 350
16499.7 350
16500.91 350
16502.12 350
16503.33 350
16504.54 350
16505.75 350
16506.97 350
16508.18 350
16509.39 350
16510.6 350
16511.8 350
16513.0 350
16514.2 350
16515.4 350
16516.6 350
16517.8 350
16519.0 350
16520.2 350
16521.41 350
16522.64 350
16523.84 350
16525.05 350
16526.25 350
16527.46 350
16528.68 350
16529.89 350
16531.1 350
16532.31 350
16533.52 350
16534.73 350
16535.94 350
16537.15 350
16538.36 350
16539.57 350
16540.78 350
16541.99 350
16543.2 350
16544.41 350
16545.63 350
16546.84 350
16548.05 350
16549.25 350
16550.46 350
16551.68 350
16552.89 350
16554.09 350
16555.29 350
16556.5 350
16557.71 350
16558.92 350
16560.13 350
16561.34 350
16562.54 350
16563.74 350
16564.95 350
16566.16 350
16567.37 350
16568.58 350
16569.79 350
16571.0 350
16572.19 350
16573.4 350
16574.62 350
16575.84 350
16577.05 350
16578.25 350
16579.44 350
16580.66 350
16581.87 350
16583.08 350
16584.28 350
16585.5 350
16586.71 350
16587.92 350
16589.13 350
16590.34 350
16591.55 350
16592.76 350
16593.97 350
16595.18 350
16596.39 350
16597.6 350
16598.8 350
16600.0 350
16601.21 350
16602.43 350
16603.65 350
16604.85 350
16606.06 350
16607.27 350
16608.49 350
16609.7 350
16610.9 350
16612.1 350
16613.31 350
16614.53 350
16615.74 350
16616.95 350
16618.16 350
16619.36 350
16620.57 350
16621.78 350
16622.99 350
16624.2 350
16625.4 350
16626.6 350
16627.81 350
16629.02 350
16630.22 350
16631.43 350
16632.65 350
16633.86 350
16635.07 350
16636.27 350
16637.49 350
16638.7 350
16639.91 350
16641.12 350
16642.33 350
16643.54 350
16644.75 350
16645.95 350
16647.15 350
16648.36 350
16649.57 350
16650.78 350
16651.99 350
16653.2 350
16654.4 350
16655.6 350
16656.81 350
16658.02 350
16659.22 350
16660.43 350
16661.65 350
16662.86 350
16664.07 350
16665.27 350
16666.49 350
16667.69 350
16668.9 350
16670.1 350
16671.3 350
16672.5 350
16673.7 350
16674.9 350
16676.1 350
16677.3 350
16678.5 350
16679.7 350
16680.91 350
16682.12 350
16683.34 350
16684.55 350
16685.76 350
16686.96 350
16688.16 350
16689.36 350
16690.57 350
16691.78 350
16692.99 350
16694.19 350
16695.4 350
16696.61 350
16697.82 350
16699.03 350
16700.24 350
16701.45 350
16702.67 350
16703.88 350
16705.08 350
16706.28 350
16707.5 350
16708.7 350
16709.9 350
16711.1 350
16712.31 350
16713.52 350
16714.73 350
16715.95 350
16717.16 350
16718.37 350
16719.59 350
16720.8 350
16722.0 350
16723.2 350
16724.41 350
16725.63 350
16726.84 350
16728.04 350
16729.25 350
16730.45 350
16731.67 350
16732.88 350
16734.08 350
16735.28 350
16736.5 350
16737.7 350
16738.9 350
16740.1 350
16741.31 350
16742.52 350
16743.73 350
16744.94 350
16746.15 350
16747.36 350
16748.57 350
16749.78 350
16750.99 350
16752.2 350
16753.41 350
16754.63 350
16755.84 350
16757.05 350
16758.26 350
16759.48 350
16760.68 350
16761.89 350
16763.1 350
16764.31 350
16765.52 350
16766.73 350
16767.95 350
16769.16 350
16770.36 350
16771.57 350
16772.78 350
16773.99 350
16775.2 350
16776.41 350
16777.63 350
16778.84 350
16780.05 350
16781.25 350
16782.48 350
16783.69 350
16784.89 350
16786.09 350
16787.29 350
16788.5 350
16789.71 350
16790.92 350
16792.13 350
16793.35 350
16794.56 350
16795.77 350
16796.98 350
16798.19 350
16799.4 350
16800.61 350
16801.81 350
16803.01 350
16804.2 350
16805.41 350
16806.63 350
16807.84 350
16809.05 350
16810.25 350
16811.46 350
16812.68 350
16813.89 350
16815.1 350
16816.3 350
16817.5 350
16818.7 350
16819.9 350
16821.1 350
16822.31 350
16823.52 350
16824.73 350
16825.94 350
16827.15 350
16828.36 350
16829.57 350
16830.78 350
16831.99 350
16833.2 350
16834.41 350
16835.63 350
16836.84 350
16838.05 350
16839.25 350
16840.46 350
16841.68 350
16842.89 350
16844.1 350
16845.31 350
16846.52 350
16847.73 350
16848.94 350
16850.15 350
16851.36 350
16852.57 350
16853.78 350
16854.99 350
16856.2 350
16857.41 350
16858.63 350
16859.84 350
16861.05 350
16862.25 350
16863.46 350
16864.68 350
16865.89 350
16867.08 350
16868.28 350
16869.5 350
16870.7 350
16871.91 350
16873.12 350
16874.34 350
16875.54 350
16876.75 350
16877.96 350
16879.16 350
16880.37 350
16881.58 350
16882.79 350
16884.0 350
16885.2 350
16886.41 350
16887.63 350
16888.84 350
16890.05 350
16891.24 350
16892.44 350
16893.65 350
16894.84 350
16896.05 350
16897.25 350
16898.45 350
16899.68 350
16900.89 350
16902.09 350
16903.3 350
16904.5 350
16905.7 350
16906.91 350
16908.12 350
16909.33 350
16910.54 350
16911.75 350
16912.96 350
16914.16 350
16915.37 350
16916.58 350
16917.79 350
16919.0 350
16920.2 350
16921.41 350
16922.63 350
16923.84 350
16925.05 350
16926.26 350
16927.48 350
16928.68 350
16929.89 350
16931.1 350
16932.3 350
16933.51 350
16934.72 350
16935.94 350
16937.15 350
16938.36 350
16939.57 350
16940.78 350
16941.99 350
16943.2 350
16944.41 350
16945.63 350
16946.84 350
16948.05 350
16949.26 350
16950.48 350
16951.68 350
16952.89 350
16954.1 350
16955.31 350
16956.52 350
16957.73 350
16958.94 350
16960.15 350
16961.36 350
16962.57 350
16963.78 350
16964.99 350
16966.2 350
16967.4 350
16968.6 350
16969.81 350
16971.02 350
16972.22 350
16973.43 350
16974.65 350
16975.86 350
16977.08 350
16978.28 350
16979.49 350
16980.69 350
16981.9 350
16983.1 350
16984.31 350
16985.52 350
16986.73 350
16987.93 350
16989.14 350
16990.36 350
16991.57 350
16992.78 350
16993.99 350
16995.19 350
16996.4 350
16997.61 350
16998.82 350
17000.02 350
17001.21 350
17002.42 350
17003.65 350
17004.86 350
17006.07 350
17007.28 350
17008.49 350
17009.69 350
17010.9 350
17012.11 350
17013.32 350
17014.52 350
17015.73 350
17016.94 350
17018.15 350
17019.35 350
17020.56 350
17021.76 350
17022.98 350
17024.19 350
17025.4 350
17026.61 350
17027.83 350
