9861.92 0.77
9863.08 2.38
9864.16 1.19
9865.25 2.10
9866.33 2.55
9867.42 1.27
9868.51 1.14
9869.60 1.07
9870.68 1.53
9871.77 1.27
9872.86 2.13
9873.94 2.57
9875.03 1.28
9876.11 0.64
9877.20 0.82
9878.27 0.41
9879.35 0.21
9880.44 0.10
9881.52 1.55
9882.62 1.78
9883.70 0.89
9884.77 1.44
9885.86 1.22
9886.94 0.61
9888.03 1.81
9889.12 1.90
9890.20 1.95
9891.28 0.98
9892.36 2.49
9893.45 2.74
9894.54 1.37
9895.63 2.19
9896.72 2.59
9897.80 1.30
9898.88 0.65
9899.96 2.32
9901.06 3.16
9902.14 2.08
9903.22 1.04
9904.30 0.52
9905.39 1.26
9906.47 0.63
9907.55 0.32
9908.64 1.16
9909.73 2.08
9910.80 2.04
9911.88 1.02
9912.96 0.51
9914.04 0.25
9915.12 1.63
9916.22 0.81
9917.31 0.91
9918.40 2.45
9919.48 1.23
9920.57 2.61
9921.66 1.31
9922.75 1.15
9923.83 0.58
9924.92 0.79
9926.00 0.89
9927.08 1.45
9928.16 1.22
9929.25 0.61
9930.34 0.81
9931.42 0.40
9932.50 0.20
9933.57 2.10
9934.66 2.55
9935.74 2.78
9936.83 1.39
9937.93 2.19
9939.01 1.60
9940.09 1.80
9941.17 2.40
9942.26 1.70
9943.35 2.35
9944.44 1.67
9945.52 2.34
9946.61 1.17
9947.71 1.08
9948.79 1.04
9949.87 2.02
9950.95 1.01
9952.03 0.51
9953.12 2.25
9954.21 2.63
9955.30 1.31
9956.39 2.16
9957.47 3.08
9958.56 2.04
9959.64 1.52
9960.73 0.76
9961.80 0.88
9962.88 0.94
9963.96 0.97
9965.04 0.48
9966.12 0.74
9967.20 0.87
9968.28 0.94
9969.37 0.97
9970.46 1.98
9971.54 0.99
9972.63 2.50
9973.72 2.25
9974.79 1.12
9975.88 1.06
9976.95 0.53
9978.03 0.27
9979.12 0.63
9980.20 1.82
9981.29 0.91
9982.37 0.95
9983.46 1.48
9984.55 2.74
9985.63 1.37
9986.72 0.68
9987.79 0.34
9988.87 0.17
9989.96 2.09
9991.04 2.04
9992.12 1.52
9993.22 0.76
9994.30 1.88
9995.38 1.94
9996.46 1.97
9997.55 0.99
9998.64 0.99
9999.72 1.50
10000.80 2.25
10001.92 2.12
10003.04 1.06
10004.16 2.03
10005.28 1.52
10006.41 1.76
10007.54 1.88
10008.67 1.44
10009.80 2.22
10010.92 3.11
10012.05 1.55
10013.17 0.78
10014.29 0.89
10015.41 0.94
10016.53 1.97
10017.66 1.99
10018.79 1.49
10019.92 1.25
10021.04 0.62
10022.16 2.81
10023.28 1.41
10024.41 0.70
10025.52 0.35
10026.64 0.18
10027.76 0.09
10028.88 1.54
10030.00 1.77
10031.11 0.89
10032.23 1.44
10033.35 0.72
10034.48 0.86
10035.60 1.93
10036.71 0.97
10037.83 0.48
10038.96 1.74
10040.08 1.87
10041.20 2.44
10042.33 1.72
10043.46 0.86
10044.58 0.93
10045.71 0.96
10046.84 1.48
10047.96 1.74
10049.09 0.87
10050.20 0.44
10051.31 0.22
10052.44 0.61
10053.56 0.80
10054.69 1.90
10055.80 0.95
10056.92 1.98
10058.04 1.49
10059.16 1.24
10060.29 1.12
10061.42 0.56
10062.54 0.28
10063.66 0.64
10064.78 1.82
10065.91 1.41
10067.04 1.21
10068.16 2.10
10069.29 1.55
10070.42 2.28
10071.55 1.64
10072.67 0.82
10073.80 1.91
10074.92 2.45
10076.05 2.23
10077.18 2.61
10078.31 1.81
10079.44 0.90
10080.55 0.45
10081.68 0.73
10082.80 0.86
10083.91 0.43
10085.03 0.22
10086.15 1.61
10087.28 1.30
10088.39 1.65
10089.52 0.83
10090.64 0.41
10091.76 0.21
10092.88 1.60
10094.00 1.80
10095.12 2.90
10096.24 1.45
10097.36 2.73
10098.49 1.36
10099.62 2.68
10100.75 2.34
10101.87 2.17
10102.99 2.59
10104.12 1.29
10105.25 1.15
10106.38 1.07
10107.50 1.04
10108.62 0.52
10109.74 0.26
10110.86 1.63
10111.99 0.81
10113.11 1.91
10114.24 2.45
10115.36 2.73
10116.49 2.86
10117.62 1.43
10118.74 0.72
10119.87 1.36
10121.00 2.68
10122.12 2.84
10123.24 1.42
10124.37 0.71
10125.49 0.35
10126.61 0.18
10127.73 0.09
10128.84 1.04
10129.96 2.52
10131.09 1.76
10132.21 1.38
10133.34 0.69
10134.46 1.35
10135.59 2.17
10136.72 1.59
10137.84 0.79
10138.96 2.40
10140.08 2.20
10141.20 2.10
10142.32 1.05
10143.44 1.52
10144.57 1.76
10145.70 0.88
10146.82 0.94
10147.94 0.97
10149.06 0.99
10150.18 0.99
10151.30 1.00
10152.42 0.50
10153.54 0.25
10154.66 1.62
10155.79 2.31
10156.92 1.66
10158.04 2.33
10159.17 2.16
10160.30 3.08
10161.42 3.04
10162.54 2.02
10163.66 1.51
10164.78 0.76
10165.91 1.88
10167.03 0.94
10168.15 0.97
10169.27 0.48
10170.39 0.24
10171.52 1.12
10172.65 1.56
10173.78 2.28
10174.90 1.14
10176.03 2.07
10177.15 1.54
10178.28 2.27
10179.41 1.63
10180.54 0.82
10181.66 0.41
10182.78 0.20
10183.89 0.10
10185.00 0.55
10186.12 2.28
10187.25 1.64
10188.38 1.82
10189.51 2.91
10190.64 1.95
10191.76 2.98
10192.89 1.49
10194.01 2.24
10195.14 1.62
10196.27 1.31
10197.39 1.66
10198.52 1.33
10199.65 0.66
10200.77 0.33
10201.89 1.67
10203.02 0.83
10204.14 0.92
10205.27 0.96
10206.38 0.48
10207.51 0.74
10208.63 0.37
10209.75 0.18
10210.87 0.09
10211.99 1.05
10213.12 1.52
10214.25 1.76
10215.38 1.38
10216.51 2.19
10217.64 1.60
10218.76 2.30
10219.88 1.15
10221.01 0.57
10222.13 0.29
10223.25 0.64
10224.37 0.32
10225.49 0.16
10226.61 0.08
10227.72 1.04
10228.84 2.02
10229.96 1.01
10231.08 1.51
10232.21 2.75
10233.34 2.38
10234.47 1.69
10235.59 0.84
10236.72 1.92
10237.84 1.46
10238.98 1.23
10240.10 2.12
10241.23 2.56
10242.36 1.78
10243.48 0.89
10244.59 0.44
10245.71 0.72
10246.83 1.36
10247.96 2.18
10249.08 1.09
10250.20 1.05
10251.31 0.52
10252.44 1.76
10253.56 0.88
10254.69 0.44
10255.79 0.22
10256.91 0.11
10258.04 0.56
10259.16 0.78
10260.27 0.39
10261.40 1.69
10262.52 1.85
10263.64 2.42
10264.77 1.71
10265.90 1.86
10267.02 1.93
10268.14 1.96
10269.26 1.98
10270.39 1.49
10271.51 0.75
10272.64 2.37
10273.76 1.19
10274.89 0.59
10276.00 1.80
10277.12 2.40
10278.24 2.70
10279.36 1.35
10280.49 0.67
10281.61 0.34
10282.73 0.17
10283.85 0.58
10284.97 0.79
10286.09 1.90
10287.20 2.45
10288.32 1.72
10289.45 1.36
10290.58 0.68
10291.70 0.84
10292.82 0.42
10293.94 0.21
10295.06 1.11
10296.19 1.05
10297.31 1.03
10298.43 0.51
10299.56 0.76
10300.69 0.88
10301.81 0.44
10302.93 0.22
10304.05 1.11
10305.18 1.05
10306.30 0.53
10307.42 0.76
10308.54 0.88
10309.66 1.44
10310.78 0.72
10311.90 0.36
10313.02 0.18
10314.13 0.09
10315.24 0.55
10316.37 1.77
10317.50 2.39
10318.62 1.69
10319.74 0.85
10320.86 0.42
10321.99 0.71
10323.10 0.36
10324.22 1.68
10325.34 0.84
10326.47 1.42
10327.60 2.21
10328.72 1.10
10329.84 0.55
10330.96 0.28
10332.08 1.64
10333.20 2.32
10334.32 1.66
10335.45 1.83
10336.58 1.41
10337.70 0.71
10338.82 0.85
10339.94 0.93
10341.06 0.46
10342.17 1.73
10343.30 2.37
10344.43 1.68
10345.56 2.34
10346.69 2.17
10347.82 2.59
10348.94 1.29
10350.06 2.65
10351.19 1.82
10352.31 2.91
10353.44 1.96
10354.57 0.98
10355.70 0.99
10356.81 0.49
10357.93 1.25
10359.06 1.12
10360.18 0.56
10361.30 0.28
10362.42 2.14
10363.55 2.07
10364.68 1.54
10365.80 2.27
10366.92 1.63
10368.05 0.82
10369.16 0.41
10370.28 1.20
10371.40 0.60
10372.51 0.30
10373.63 1.15
10374.75 0.58
10375.88 1.79
10377.00 0.89
10378.10 0.45
10379.22 0.72
10380.35 1.86
10381.48 1.43
10382.60 2.22
10383.73 1.61
10384.86 1.80
10385.98 1.90
10387.10 2.45
10388.22 2.23
10389.35 1.61
10390.47 0.81
10391.60 1.40
10392.71 0.70
10393.82 0.35
10394.95 0.68
10396.07 1.84
10397.19 2.42
10398.32 2.21
10399.45 1.60
10400.57 2.30
10401.70 1.65
10402.82 0.83
10403.94 0.41
10405.06 1.71
10406.18 0.85
10407.30 1.43
10408.42 1.71
10409.55 2.36
10410.68 2.68
10411.81 1.34
10412.94 2.17
10414.07 1.08
10415.18 2.04
10416.30 1.52
10417.42 2.26
10418.55 1.63
10419.68 0.82
10420.80 0.41
10421.92 0.70
10423.03 0.35
10424.14 0.18
10425.27 1.09
10426.39 2.04
10427.50 2.52
10428.62 1.26
10429.74 0.63
10430.87 0.82
10431.99 0.41
10433.12 1.70
10434.24 0.85
10435.36 0.93
10436.48 1.96
10437.61 0.98
10438.73 0.49
10439.85 0.75
10440.97 1.37
10442.10 0.69
10443.22 0.84
10444.34 0.92
10445.46 1.46
10446.59 1.23
10447.72 1.12
10448.85 0.56
10449.97 0.28
10451.09 0.14
10452.20 1.57
10453.32 0.78
10454.44 1.39
10455.57 1.70
10456.69 0.85
10457.81 1.42
10458.94 0.71
10460.06 0.36
10461.18 0.18
10462.30 1.09
10463.42 1.54
10464.55 1.77
10465.68 1.39
10466.81 0.69
10467.93 0.85
10469.05 1.92
10470.17 2.46
10471.30 2.73
10472.42 1.37
10473.55 1.18
10474.68 1.59
10475.81 2.30
10476.94 1.15
10478.07 2.07
10479.19 1.54
10480.31 0.77
10481.43 0.38
10482.56 1.69
10483.69 1.35
10484.82 2.17
10485.94 2.59
10487.08 1.79
10488.20 2.40
10489.31 1.20
10490.44 1.10
10491.56 0.55
10492.69 1.77
10493.82 2.39
10494.95 1.69
10496.08 1.35
10497.20 1.17
10498.32 1.59
10499.45 2.29
10500.58 1.15
10501.71 1.07
10502.82 1.54
10503.96 1.77
10505.08 2.88
10506.20 2.44
10507.32 1.22
10508.45 1.11
10509.58 0.56
10510.70 1.28
10511.82 2.14
10512.94 1.07
10514.06 0.53
10515.18 0.27
10516.30 0.63
10517.42 0.32
10518.54 0.16
10519.65 1.58
10520.78 0.79
10521.90 1.89
10523.02 0.95
10524.13 2.47
10525.26 1.74
10526.39 1.37
10527.52 1.18
10528.64 0.59
10529.76 0.80
10530.88 0.40
10531.99 0.20
10533.10 0.10
10534.22 0.05
10535.33 0.02
10536.44 0.01
10537.55 0.01
10538.67 0.00
10539.77 0.00
10540.87 0.00
10541.98 0.00
10543.08 0.50
10544.19 0.25
10545.32 1.13
10546.45 2.06
10547.57 2.03
10548.69 1.02
10549.81 2.01
10550.94 1.00
10552.05 0.50
10553.16 0.25
10554.28 0.13
10555.40 0.06
10556.51 0.53
10557.63 0.27
10558.76 1.63
10559.88 1.32
10561.01 1.66
10562.13 2.33
10563.26 2.16
10564.38 1.08
10565.50 0.54
10566.61 1.77
10567.74 1.89
10568.87 2.44
10569.99 3.22
10571.12 1.61
10572.25 0.81
10573.37 0.40
10574.48 2.20
10575.60 1.10
10576.72 2.05
10577.83 1.03
10578.96 2.01
10580.07 3.01
10581.20 2.50
10582.32 2.25
10583.44 3.13
10584.57 3.06
10585.69 2.53
10586.82 1.27
10587.94 2.63
10589.08 2.32
10590.21 1.66
10591.33 0.83
10592.45 0.41
10593.57 2.21
10594.70 1.10
10595.81 1.55
10596.94 0.78
10598.06 0.39
10599.17 0.19
10600.29 0.10
10601.40 1.55
10602.52 0.77
10603.64 0.39
10604.76 1.19
10605.89 0.60
10607.00 0.30
10608.10 0.15
10609.22 1.07
10610.34 0.54
10611.46 1.27
10612.58 0.63
10613.71 2.32
10614.84 1.66
10615.96 2.83
10617.09 2.41
10618.21 1.21
10619.34 0.60
10620.45 1.80
10621.57 0.90
10622.69 2.95
10623.82 2.48
10624.94 1.24
10626.06 0.62
10627.17 0.31
10628.29 1.65
10629.42 0.83
10630.54 1.91
10631.68 2.46
10632.80 2.23
10633.92 2.61
10635.05 2.81
10636.17 3.40
10637.29 4.20
10638.41 3.10
10639.54 1.55
10640.68 2.28
10641.80 1.14
10642.92 1.57
10644.05 0.78
10645.16 1.89
10646.29 0.95
10647.41 1.47
10648.54 1.24
10649.67 0.62
10650.78 0.31
10651.91 2.15
10653.03 1.08
10654.14 0.54
10655.26 0.27
10656.38 0.13
10657.51 0.57
10658.64 1.78
10659.76 0.89
10660.88 2.95
10662.01 1.47
10663.13 0.74
10664.25 1.87
10665.38 2.43
10666.50 1.22
10667.62 0.61
10668.75 1.30
10669.87 2.15
10671.00 2.08
10672.10 1.04
10673.22 1.52
10674.34 1.76
10675.48 2.38
10676.60 1.19
10677.72 0.59
10678.84 0.30
10679.96 0.65
10681.08 2.32
10682.20 2.66
10683.32 1.33
10684.45 0.67
10685.57 1.83
10686.70 1.92
10687.82 0.96
10688.94 0.48
10690.06 2.74
10691.18 1.37
10692.30 0.68
10693.42 1.34
10694.54 0.67
10695.68 0.84
10696.80 0.92
10697.91 0.46
10699.03 0.23
10700.15 2.11
10701.28 1.06
10702.40 0.53
10703.51 0.26
10704.64 0.63
10705.76 0.32
10706.88 0.66
10708.00 1.83
10709.11 0.91
10710.23 0.46
10711.35 0.23
10712.47 0.11
10713.59 0.06
10714.71 1.03
10715.84 1.01
10716.96 1.01
10718.08 1.00
10719.20 1.00
10720.31 2.50
10721.43 2.25
10722.55 1.13
10723.68 0.56
10724.80 0.28
10725.91 0.14
10727.03 0.07
10728.14 0.04
10729.25 0.02
10730.36 0.01
10731.48 1.50
10732.60 1.75
10733.71 0.88
10734.84 1.94
10735.96 0.97
10737.08 0.48
10738.20 1.74
10739.32 2.37
10740.44 2.69
10741.57 1.34
10742.70 2.17
10743.82 1.59
10744.94 0.79
10746.06 0.40
10747.17 1.20
10748.29 1.10
10749.41 1.05
10750.54 1.02
10751.67 1.01
10752.79 1.51
10753.92 1.25
10755.04 1.13
10756.17 0.56
10757.29 0.78
10758.41 0.89
10759.53 0.95
10760.65 1.97
10761.78 0.99
10762.90 0.49
10764.01 0.25
10765.12 0.12
10766.24 1.56
10767.37 1.78
10768.49 1.89
10769.61 0.95
10770.73 1.97
10771.86 0.99
10772.98 0.49
10774.10 0.75
10775.22 0.37
10776.34 0.69
10777.46 0.34
10778.58 1.67
10779.71 1.84
10780.83 0.92
10781.96 2.96
10783.08 2.98
10784.20 2.99
10785.32 2.49
10786.45 2.25
10787.58 2.62
10788.71 2.31
10789.83 2.66
10790.96 2.83
10792.09 1.41
10793.21 0.71
10794.34 1.85
10795.47 2.43
10796.60 1.71
10797.72 2.36
10798.85 2.68
10799.98 3.34
10801.10 1.67
10802.23 2.33
10803.35 1.17
10804.48 1.08
10805.60 2.04
10806.72 1.02
10807.84 0.51
10808.96 0.76
10810.08 0.38
10811.20 1.19
10812.32 2.09
10813.44 1.05
10814.56 1.02
10815.68 2.01
10816.80 1.01
10817.91 0.50
10819.03 1.75
10820.14 1.88
10821.27 0.94
10822.39 0.47
10823.52 1.73
10824.64 1.87
10825.77 1.43
10826.90 1.72
10828.02 1.36
10829.14 1.18
10830.26 0.59
10831.39 1.79
10832.52 2.40
10833.64 1.20
10834.76 1.10
10835.88 1.05
10837.00 1.52
10838.12 1.26
10839.24 0.63
10840.36 0.82
10841.49 0.41
10842.61 0.20
10843.72 0.60
10844.84 1.30
10845.96 0.65
10847.08 1.83
10848.20 1.91
10849.32 0.96
10850.44 1.98
10851.57 1.49
10852.70 2.24
10853.82 1.62
10854.95 1.81
10856.07 0.91
10857.19 0.45
10858.32 0.73
10859.44 0.86
10860.56 0.93
10861.68 0.47
10862.80 0.73
10863.92 0.37
10865.04 1.18
10866.16 2.09
10867.28 2.55
10868.41 2.27
10869.54 3.64
10870.67 1.82
10871.80 0.91
10872.92 1.45
10874.04 0.73
10875.16 1.36
10876.29 1.18
10877.42 1.09
10878.54 1.05
10879.67 0.52
10880.80 0.76
10881.92 0.88
10883.03 0.44
10884.14 0.22
10885.26 0.11
10886.39 1.06
10887.51 0.53
10888.63 0.26
10889.75 0.13
10890.88 0.57
10891.99 0.28
10893.10 0.14
10894.22 0.07
10895.33 0.04
10896.44 0.02
10897.55 0.01
10898.67 0.00
10899.77 0.00
10900.88 1.50
10902.00 1.25
10903.12 2.13
10904.25 2.56
10905.38 2.28
10906.51 1.64
10907.64 1.82
10908.76 0.91
10909.88 0.46
10911.00 0.73
10912.12 1.36
10913.24 0.68
10914.36 0.84
10915.48 0.92
10916.60 0.96
10917.71 0.48
10918.84 0.74
10919.96 0.87
10921.07 0.94
10922.18 0.47
10923.31 1.73
10924.43 0.87
10925.56 0.93
10926.68 1.47
10927.81 0.73
10928.93 0.37
10930.05 0.18
10931.16 0.09
10932.27 0.05
10933.38 0.02
10934.50 0.51
10935.62 0.76
10936.75 1.38
10937.88 2.19
10939.00 1.59
10940.11 1.80
10941.23 0.90
10942.35 0.95
10943.46 0.47
10944.59 2.74
10945.72 2.37
10946.84 1.18
10947.96 1.59
10949.09 1.30
10950.21 0.65
10951.33 0.32
10952.45 0.66
10953.57 0.83
10954.69 1.92
10955.82 0.96
10956.94 0.48
10958.06 0.74
10959.18 1.87
10960.30 0.93
10961.42 0.47
10962.54 1.23
10963.68 1.12
10964.80 0.56
10965.92 0.78
10967.04 0.89
10968.15 1.44
10969.28 1.72
10970.40 0.86
10971.52 1.93
10972.64 0.97
10973.76 1.98
10974.89 2.49
10976.02 1.25
10977.14 0.62
10978.26 1.81
10979.39 1.41
10980.51 0.70
10981.63 1.85
10982.75 0.93
10983.87 0.46
10984.99 0.23
10986.11 0.12
10987.24 1.06
10988.36 0.53
10989.48 0.26
10990.60 0.63
10991.72 1.82
10992.84 2.41
10993.97 2.20
10995.09 2.60
10996.20 2.30
10997.32 2.15
10998.45 1.08
10999.57 0.54
11000.69 1.77
11001.82 2.38
11002.94 1.19
11004.06 1.60
11005.19 2.30
11006.31 2.65
11007.44 2.82
11008.57 2.41
11009.70 2.71
11010.83 2.35
11011.96 1.68
11013.08 0.84
11014.19 0.42
11015.31 0.21
11016.43 0.10
11017.54 0.05
11018.67 1.53
11019.80 1.76
11020.92 0.88
11022.04 0.94
11023.16 1.97
11024.28 1.99
11025.42 1.99
11026.54 2.50
11027.67 2.75
11028.79 1.37
11029.91 0.69
11031.03 0.34
11032.14 0.17
11033.27 1.59
11034.40 1.29
11035.52 1.15
11036.64 2.07
11037.76 1.04
11038.88 2.52
11040.01 1.76
11041.13 0.88
11042.25 0.94
11043.37 1.97
11044.50 0.98
11045.61 0.99
11046.73 0.50
11047.85 0.25
11048.97 0.62
11050.09 2.31
11051.21 2.66
11052.34 1.83
11053.47 1.91
11054.59 0.96
11055.72 2.48
11056.84 2.24
11057.97 2.12
11059.10 1.56
11060.23 0.78
11061.34 0.39
11062.47 0.69
11063.59 1.35
11064.71 0.67
11065.83 0.34
11066.95 0.17
11068.08 1.08
11069.19 0.54
11070.31 0.27
11071.44 0.64
11072.56 0.32
11073.68 0.66
11074.80 1.83
11075.92 0.91
11077.04 1.46
11078.16 0.73
11079.28 0.86
11080.40 1.93
11081.52 1.47
11082.66 2.23
11083.78 3.12
11084.91 2.06
11086.03 1.03
11087.14 0.51
11088.26 0.26
11089.38 0.13
11090.51 1.56
11091.64 1.78
11092.76 2.39
11093.89 1.20
11095.01 2.10
11096.13 1.05
11097.25 2.02
11098.37 2.01
11099.50 1.51
11100.62 0.75
11101.74 0.38
11102.86 0.19
11103.98 0.09
11105.10 0.05
11106.21 1.52
11107.34 1.76
11108.46 0.88
11109.58 1.94
11110.71 1.97
11111.83 0.99
11112.96 1.99
11114.08 2.00
11115.20 2.50
11116.32 1.75
11117.44 1.87
11118.57 0.94
11119.69 1.97
11120.82 1.98
11121.95 2.49
11123.07 1.25
11124.19 0.62
11125.31 0.31
11126.43 0.16
11127.55 0.08
11128.68 1.04
11129.80 2.02
11130.91 1.01
11132.04 1.50
11133.15 0.75
11134.28 1.38
11135.40 1.69
11136.52 2.34
11137.66 1.17
11138.78 3.09
11139.90 1.54
11141.02 0.77
11142.14 2.89
11143.26 1.44
11144.39 0.72
11145.52 1.86
11146.64 0.93
11147.76 0.47
11148.88 0.23
11150.00 1.62
11151.12 3.31
11152.26 3.15
11153.38 1.58
11154.50 0.79
11155.62 0.39
11156.74 0.20
11157.85 1.60
11158.97 0.80
11160.08 0.90
11161.19 0.45
11162.32 1.72
11163.44 3.36
11164.57 1.68
11165.70 2.34
11166.82 2.67
11167.95 3.34
11169.07 1.67
11170.19 0.83
11171.32 1.92
11172.44 0.96
11173.56 1.98
11174.69 2.49
11175.82 1.24
11176.95 0.62
11178.06 0.31
11179.18 0.66
11180.31 0.83
11181.43 0.41
11182.56 1.21
11183.69 2.10
11184.81 1.05
11185.93 1.03
11187.06 1.01
11188.18 2.01
11189.31 2.50
11190.43 1.25
11191.56 0.63
11192.68 0.31
11193.80 0.66
11194.92 1.83
11196.05 1.41
11197.17 2.21
11198.31 1.60
11199.43 0.80
11200.55 1.40
11201.67 2.20
11202.79 1.10
11203.92 1.05
11205.03 0.53
11206.16 1.26
11207.28 0.63
11208.40 0.32
11209.51 0.16
11210.64 1.08
11211.75 1.54
11212.88 2.27
11214.01 1.13
11215.13 0.57
11216.25 1.28
11217.38 0.64
11218.50 1.82
11219.62 2.91
11220.75 2.46
11221.88 1.73
11223.00 1.36
11224.12 0.68
11225.24 0.34
11226.36 0.17
11227.48 0.09
11228.60 0.54
11229.72 2.27
11230.84 1.14
11231.97 0.57
11233.09 1.28
11234.21 1.64
11235.34 1.82
11236.46 0.91
11237.58 1.96
11238.70 0.98
11239.82 0.49
11240.94 2.24
11242.06 3.12
11243.19 2.56
11244.31 1.28
11245.44 3.14
11246.57 1.57
11247.70 1.29
11248.83 2.64
11249.96 2.82
11251.08 2.41
11252.20 1.21
11253.32 0.60
11254.43 0.30
11255.55 1.15
11256.67 0.58
11257.80 1.79
11258.92 3.39
11260.04 3.20
11261.16 2.10
11262.29 1.05
11263.41 0.52
11264.53 2.26
11265.67 2.63
11266.80 2.32
11267.92 1.66
11269.05 2.33
11270.17 3.16
11271.30 1.58
11272.42 0.79
11273.54 0.40
11274.66 0.20
11275.76 1.60
11276.88 0.80
11277.99 0.40
11279.11 2.70
11280.23 1.35
11281.36 1.17
11282.49 0.59
11283.61 0.29
11284.73 1.15
11285.86 0.57
11286.98 1.29
11288.11 2.14
11289.23 1.07
11290.36 1.04
11291.48 2.52
11292.61 1.26
11293.74 1.13
11294.86 0.56
11295.99 0.78
11297.11 1.39
11298.24 2.20
11299.36 2.60
11300.48 2.30
11301.60 1.65
11302.72 2.32
11303.85 2.66
11304.98 1.33
11306.11 1.67
11307.23 0.83
11308.35 0.42
11309.48 1.71
11310.60 1.85
11311.72 1.43
11312.85 2.21
11313.98 2.61
11315.10 2.80
11316.23 2.40
11317.35 2.70
11318.47 2.85
11319.59 1.43
11320.72 0.71
11321.84 1.86
11322.97 1.93
11324.10 2.46
11325.22 1.73
11326.34 1.87
11327.48 1.93
11328.60 1.97
11329.72 2.48
11330.85 1.24
11331.97 0.62
11333.09 1.81
11334.21 0.91
11335.34 0.45
11336.46 1.23
11337.58 0.61
11338.71 0.81
11339.83 0.40
11340.94 0.20
11342.06 0.10
11343.17 0.55
11344.30 2.78
11345.43 2.39
11346.55 1.19
11347.68 1.60
11348.80 2.30
11349.92 1.15
11351.05 0.57
11352.16 2.29
11353.29 3.64
11354.42 3.32
11355.55 3.16
11356.67 1.58
11357.79 0.79
11358.92 1.40
11360.04 3.20
11361.16 1.60
11362.28 2.30
11363.40 2.65
11364.52 1.82
11365.66 0.91
11366.78 1.46
11367.91 2.23
11369.03 1.11
11370.15 0.56
11371.27 0.28
11372.40 1.64
11373.51 0.82
11374.64 1.41
11375.77 1.20
11376.89 1.10
11378.01 0.55
11379.12 0.28
11380.24 1.64
11381.37 1.82
11382.50 1.41
11383.62 0.70
11384.74 1.35
11385.86 0.68
11386.98 1.84
11388.10 0.92
11389.22 0.96
11390.34 1.48
11391.47 2.24
11392.59 1.12
11393.72 1.06
11394.84 0.53
11395.96 1.26
11397.09 0.63
11398.20 0.32
11399.32 1.66
11400.45 0.83
11401.57 1.91
11402.70 0.96
11403.81 1.98
11404.94 2.49
11406.06 1.24
11407.19 2.12
11408.31 1.06
11409.43 0.53
11410.56 1.77
11411.68 2.38
11412.81 1.19
11413.94 1.10
11415.06 2.05
11416.18 1.52
11417.30 0.76
11418.42 1.88
11419.54 0.94
11420.67 0.97
11421.79 0.99
11422.90 0.49
11424.02 1.75
11425.14 2.37
11426.26 2.69
11427.40 2.84
11428.52 2.92
11429.65 2.96
11430.78 2.48
11431.91 2.24
11433.04 2.62
11434.16 2.81
11435.28 1.41
11436.41 1.70
11437.53 2.35
11438.66 1.18
11439.79 2.09
11440.90 1.04
11442.02 1.52
11443.14 1.26
11444.27 2.13
11445.39 2.57
11446.52 2.28
11447.66 1.14
11448.79 1.57
11449.91 1.79
11451.04 0.89
11452.16 0.95
11453.28 1.47
11454.41 2.24
11455.54 1.12
11456.67 2.06
11457.79 2.53
11458.92 2.76
11460.04 1.88
11461.16 0.94
11462.28 0.47
11463.40 0.24
11464.52 1.12
11465.65 1.56
11466.78 0.78
11467.90 0.89
11469.01 1.94
11470.13 0.97
11471.25 0.49
11472.37 1.24
11473.50 0.62
11474.62 0.31
11475.74 0.16
11476.86 0.08
11477.97 0.54
11479.09 0.77
11480.21 0.38
11481.33 0.19
11482.45 0.10
11483.56 0.05
11484.68 1.02
11485.80 1.51
11486.92 0.76
11488.04 0.88
11489.15 0.44
11490.28 1.72
11491.40 0.86
11492.51 0.43
11493.64 0.21
11494.76 0.61
11495.88 0.30
11496.99 0.15
11498.11 0.08
11499.23 1.54
11500.35 0.77
11501.47 0.38
11502.60 1.69
11503.72 2.35
11504.85 2.67
11505.98 2.84
11507.10 1.42
11508.22 0.71
11509.35 1.35
11510.47 0.68
11511.59 0.34
11512.72 1.17
11513.86 1.58
11514.98 1.79
11516.11 2.40
11517.23 1.20
11518.36 2.10
11519.48 2.55
11520.61 2.27
11521.74 1.64
11522.86 0.82
11523.98 0.41
11525.11 0.20
11526.22 0.10
11527.33 0.05
11528.44 1.03
11529.57 1.51
11530.70 1.76
11531.82 1.38
11532.94 0.69
11534.07 0.84
11535.18 0.42
11536.31 0.71
11537.44 0.86
11538.56 0.43
11539.68 1.21
11540.81 0.61
11541.93 0.80
11543.04 1.40
11544.16 2.20
11545.28 2.10
11546.40 1.05
11547.52 1.53
11548.67 2.26
11549.79 2.13
11550.91 1.07
11552.04 2.03
11553.15 1.02
11554.28 2.51
11555.40 2.75
11556.52 2.88
11557.66 2.44
11558.78 2.72
11559.92 2.86
11561.04 2.43
11562.16 2.21
11563.29 1.11
11564.42 0.55
11565.54 0.28
11566.66 0.64
11567.78 0.32
11568.90 1.16
11570.02 0.58
11571.13 0.29
11572.25 0.14
11573.37 1.07
11574.49 1.04
11575.61 1.02
11576.74 1.51
11577.87 2.25
11579.00 1.63
11580.11 0.81
11581.24 1.41
11582.36 1.70
11583.48 0.85
11584.60 0.43
11585.72 0.71
11586.84 0.36
11587.96 0.18
11589.08 1.09
11590.19 0.54
11591.31 0.27
11592.43 0.14
11593.56 1.07
11594.68 1.53
11595.81 2.27
11596.94 2.13
11598.07 2.07
11599.19 2.53
11600.31 1.27
11601.44 1.13
11602.57 0.57
11603.69 0.28
11604.81 0.14
11605.93 0.07
11607.04 0.04
11608.14 0.02
11609.26 1.01
11610.39 2.00
11611.51 2.50
11612.63 2.25
11613.75 2.63
11614.88 2.31
11616.01 2.16
11617.14 1.08
11618.26 0.54
11619.38 1.27
11620.50 0.63
11621.62 0.32
11622.74 0.16
11623.86 0.58
11624.98 0.79
11626.10 0.39
11627.21 0.20
11628.33 0.60
11629.45 0.30
11630.56 0.65
11631.68 0.32
11632.80 0.66
11633.92 0.33
11635.04 0.67
11636.16 0.33
11637.28 0.17
11638.40 0.08
11639.51 2.04
11640.64 3.02
11641.76 1.51
11642.89 2.76
11644.01 3.88
11645.13 1.94
11646.26 2.47
11647.38 1.23
11648.52 1.12
11649.65 1.06
11650.77 0.53
11651.89 0.26
11653.01 1.63
11654.13 0.82
11655.25 0.41
11656.37 0.20
11657.48 0.10
11658.59 0.05
11659.71 0.53
11660.83 0.26
11661.95 0.13
11663.07 0.07
11664.18 0.03
11665.29 1.02
11666.42 1.51
11667.55 2.25
11668.68 2.63
11669.80 2.81
11670.92 2.91
11672.05 2.45
11673.17 1.23
11674.30 1.11
11675.42 0.56
11676.55 0.78
11677.67 1.89
11678.79 0.94
11679.92 1.97
11681.04 0.99
11682.15 0.49
11683.28 0.75
11684.40 0.87
11685.52 1.94
11686.65 1.97
11687.78 2.48
11688.91 2.24
11690.04 2.62
11691.16 2.81
11692.28 1.91
11693.41 1.45
11694.54 1.23
11695.66 0.61
11696.79 1.81
11697.92 1.90
11699.04 1.45
11700.16 2.23
11701.29 1.61
11702.42 0.81
11703.54 0.40
11704.65 0.20
11705.77 0.60
11706.89 0.80
11708.00 1.90
11709.11 0.95
11710.23 0.48
11711.35 0.24
11712.48 1.62
11713.60 0.81
11714.72 0.90
11715.83 0.45
11716.96 1.23
11718.08 0.61
11719.20 1.31
11720.32 0.65
11721.44 0.33
11722.56 1.16
11723.69 2.08
11724.81 2.54
11725.93 1.77
11727.06 0.89
11728.18 1.94
11729.30 0.97
11730.42 0.49
11731.54 0.24
11732.66 0.12
11733.78 1.06
11734.90 0.53
11736.01 1.77
11737.14 0.88
11738.26 0.94
11739.38 0.47
11740.50 1.24
11741.63 0.62
11742.75 0.81
11743.87 0.40
11744.99 0.70
11746.11 1.85
11747.23 0.93
11748.36 1.96
11749.48 0.98
11750.60 0.49
11751.71 0.25
11752.84 1.12
11753.96 2.06
11755.08 1.03
11756.20 2.02
11757.31 1.01
11758.43 1.50
11759.55 0.75
11760.68 1.88
11761.80 0.94
11762.91 0.47
11764.03 0.23
11765.14 0.12
11766.27 1.56
11767.39 0.78
11768.52 1.89
11769.65 1.94
11770.78 2.47
11771.91 2.74
11773.03 2.87
11774.15 1.43
11775.28 2.22
11776.41 1.11
11777.54 1.55
11778.66 0.78
11779.79 1.39
11780.92 1.19
11782.04 0.60
11783.16 1.30
11784.28 0.65
11785.40 0.32
11786.52 1.66
11787.65 0.83
11788.77 1.92
11789.90 2.46
11791.02 2.73
11792.15 2.86
11793.27 1.43
11794.40 0.72
11795.52 1.36
11796.65 0.68
11797.77 0.34
11798.89 1.17
11800.02 0.58
11801.13 1.79
11802.26 0.90
11803.38 0.45
11804.50 1.72
11805.62 2.36
11806.74 1.18
11807.88 2.09
11809.00 2.05
11810.12 1.52
11811.24 0.76
11812.36 0.38
11813.48 0.69
11814.60 0.35
11815.72 0.67
11816.84 0.84
11817.96 0.42
11819.08 1.21
11820.20 0.60
11821.32 1.80
11822.43 0.90
11823.54 0.45
11824.66 0.23
11825.78 0.11
11826.91 1.56
11828.04 2.28
11829.16 1.14
11830.29 1.07
11831.41 2.03
11832.54 1.02
11833.66 0.51
11834.78 1.75
11835.90 0.88
11837.02 0.44
11838.13 1.72
11839.26 0.86
11840.38 0.43
11841.50 1.71
11842.62 1.86
11843.75 1.93
11844.88 2.46
11846.00 1.23
11847.11 0.62
11848.24 1.81
11849.36 1.40
11850.48 1.70
11851.60 2.35
11852.72 1.18
11853.85 1.09
11854.97 0.54
11856.09 1.27
11857.21 0.64
11858.33 1.82
11859.46 0.91
11860.58 0.45
11861.70 0.23
11862.81 1.61
11863.94 2.31
11865.07 2.15
11866.19 1.08
11867.32 2.04
11868.44 1.02
11869.56 0.51
11870.68 0.25
11871.80 0.13
11872.92 1.06
11874.04 2.03
11875.16 1.52
11876.29 0.76
11877.41 1.38
11878.54 0.69
11879.66 1.34
11880.78 0.67
11881.91 1.34
11883.03 0.67
11884.15 1.33
11885.28 2.17
11886.40 1.08
11887.52 1.04
11888.65 2.02
11889.77 1.51
11890.90 0.76
11892.02 1.88
11893.14 2.44
11894.26 1.22
11895.40 1.61
11896.52 1.30
11897.64 0.65
11898.77 1.33
11899.90 0.66
11901.01 0.33
11902.13 0.67
11903.26 1.83
11904.39 2.42
11905.51 1.21
11906.64 0.60
11907.76 1.30
11908.88 1.65
11910.01 0.83
11911.13 1.41
11912.26 2.21
11913.38 2.60
11914.51 1.80
11915.63 0.90
11916.74 0.95
11917.86 1.98
11918.98 0.99
11920.10 0.49
11921.22 1.75
11922.34 0.87
11923.47 0.94
11924.58 0.47
11925.70 0.23
11926.82 0.62
11927.95 1.81
11929.07 0.90
11930.18 0.45
11931.30 0.23
11932.42 0.11
11933.54 1.06
11934.66 0.53
11935.79 0.76
11936.91 1.38
11938.03 0.69
11939.15 1.85
11940.27 0.92
11941.40 1.96
11942.51 0.98
11943.64 0.49
11944.76 0.25
11945.88 1.62
11947.02 1.31
11948.14 0.66
11949.26 0.33
11950.38 0.66
11951.50 1.83
11952.62 0.92
11953.74 1.46
11954.86 0.73
11955.99 1.86
11957.11 0.93
11958.24 0.97
11959.36 1.48
11960.49 0.74
11961.61 1.87
11962.74 0.94
11963.86 0.97
11964.98 0.48
11966.10 0.24
11967.21 1.62
11968.34 0.81
11969.46 0.91
11970.59 1.95
11971.71 0.98
11972.84 0.99
11973.96 1.49
11975.08 1.75
11976.20 0.87
11977.32 1.44
11978.44 0.72
11979.56 1.86
11980.69 1.93
11981.82 0.96
11982.94 1.98
11984.07 2.49
11985.19 2.25
11986.31 1.12
11987.44 2.06
11988.56 2.03
11989.68 1.02
11990.80 0.51
11991.92 0.75
11993.04 1.88
11994.16 0.94
11995.28 1.97
11996.41 0.98
11997.53 0.49
11998.65 1.75
11999.78 0.87
12000.90 1.94
12002.02 0.97
12003.13 0.48
12004.25 0.24
12005.37 0.12
12006.49 1.06
12007.61 0.53
12008.73 1.27
12009.86 2.13
12010.98 2.57
12012.11 2.78
12013.24 1.39
12014.37 0.70
12015.49 0.35
12016.61 0.67
12017.73 0.34
12018.85 1.17
12019.98 1.58
12021.11 1.29
12022.23 0.65
12023.35 0.32
12024.47 0.16
12025.59 0.08
12026.71 0.54
12027.83 0.27
12028.96 1.14
12030.09 1.57
12031.21 0.78
12032.33 1.39
12033.46 0.70
12034.58 1.85
12035.71 1.92
12036.83 0.96
12037.95 0.48
12039.07 0.24
12040.19 0.12
12041.30 0.06
12042.41 0.03
12043.52 0.52
12044.65 1.26
12045.78 0.63
12046.90 1.81
12048.02 1.41
12049.14 1.70
12050.26 0.85
12051.39 0.93
12052.51 0.96
12053.63 0.48
12054.75 0.24
12055.88 1.12
12057.00 1.06
12058.11 0.53
12059.23 0.27
12060.36 1.63
12061.49 0.82
12062.61 1.41
12063.74 0.70
12064.85 0.85
12065.97 0.43
12067.09 0.21
12068.20 0.11
12069.32 0.55
12070.44 0.78
12071.56 0.89
12072.68 0.44
12073.80 1.22
12074.92 1.61
12076.05 0.81
12077.16 1.40
12078.28 2.20
12079.40 1.60
12080.52 0.80
12081.64 1.90
12082.76 1.95
12083.89 0.98
12085.01 0.49
12086.12 1.74
12087.25 0.87
12088.37 1.44
12089.50 2.22
12090.62 1.11
12091.76 1.05
12092.88 1.03
12093.99 0.51
12095.11 0.26
12096.23 0.13
12097.36 1.06
12098.48 0.53
12099.60 0.27
12100.72 0.63
12101.84 0.32
12102.96 1.16
12104.09 1.58
12105.21 0.79
12106.33 0.39
12107.45 1.70
12108.58 0.85
12109.70 0.92
12110.82 0.96
12111.94 1.48
12113.06 0.74
12114.18 1.87
12115.31 2.44
12116.44 1.22
12117.57 0.61
12118.69 1.30
12119.81 1.15
12120.94 0.58
12122.06 0.79
12123.18 1.39
12124.31 1.70
12125.44 1.85
12126.56 0.92
12127.68 0.46
12128.80 0.23
12129.92 1.12
12131.05 1.06
12132.17 0.53
12133.29 1.76
12134.42 0.88
12135.53 1.44
12136.66 0.72
12137.78 0.36
12138.90 1.68
12140.02 1.84
12141.14 1.92
12142.26 0.96
12143.39 0.98
12144.50 0.49
12145.63 1.75
12146.76 1.87
12147.89 0.94
12149.01 0.47
12150.12 1.23
12151.26 1.62
12152.38 1.81
12153.52 1.90
12154.64 0.95
12155.76 0.98
12156.88 0.99
12158.00 1.99
12159.12 1.50
12160.24 0.75
12161.36 1.37
12162.49 0.69
12163.61 0.34
12164.73 0.67
12165.85 0.34
12166.97 0.17
12168.09 0.08
12169.20 1.54
12170.32 0.77
12171.44 0.39
12172.56 1.19
12173.69 1.10
12174.81 2.05
12175.93 1.02
12177.05 0.51
12178.16 0.76
12179.29 1.88
12180.42 0.94
12181.54 0.47
12182.66 0.23
12183.78 1.62
12184.91 2.31
12186.04 2.15
12187.16 1.08
12188.28 0.54
12189.40 1.27
12190.52 2.13
12191.65 1.57
12192.78 1.28
12193.90 1.14
12195.02 0.57
12196.13 0.29
12197.25 1.64
12198.38 2.32
12199.51 2.16
12200.64 1.08
12201.76 1.04
12202.88 1.52
12204.00 1.76
12205.12 1.88
12206.24 0.94
12207.36 0.47
12208.48 1.74
12209.63 2.37
12210.76 1.68
12211.88 1.34
12213.01 0.67
12214.12 0.84
12215.25 1.42
12216.38 0.71
12217.50 0.35
12218.63 1.68
12219.76 1.34
12220.88 1.17
12222.01 0.58
12223.12 0.79
12224.25 0.40
12225.36 0.20
12226.47 0.10
12227.59 0.05
12228.70 0.02
12229.80 1.01
12230.92 1.51
12232.05 1.25
12233.17 0.63
12234.29 1.31
12235.42 1.16
12236.54 0.58
12237.67 0.79
12238.79 1.39
12239.91 1.70
12241.04 1.35
12242.16 1.67
12243.29 0.84
12244.41 0.42
12245.53 0.21
12246.65 1.60
12247.77 1.80
12248.89 2.40
12250.01 1.20
12251.12 0.60
12252.24 0.30
12253.36 1.65
12254.48 0.83
12255.60 1.91
12256.72 1.46
12257.85 0.73
12258.97 0.36
12260.09 1.18
12261.21 1.09
12262.33 0.55
12263.45 0.27
12264.57 0.14
12265.69 0.57
12266.81 1.78
12267.94 0.89
12269.06 0.45
12270.18 0.72
12271.30 0.36
12272.42 0.18
12273.54 0.09
12274.65 0.05
12275.76 1.02
12276.89 1.01
12278.01 0.51
12279.13 0.75
12280.26 1.38
12281.39 1.19
12282.52 1.59
12283.64 2.30
12284.77 2.65
12285.90 2.32
12287.02 1.16
12288.14 0.58
12289.26 1.79
12290.39 1.40
12291.50 0.70
12292.62 0.85
12293.73 0.42
12294.85 0.21
12295.97 1.61
12297.10 0.80
12298.21 0.90
12299.33 1.45
12300.46 1.73
12301.59 1.36
12302.72 1.18
12303.84 2.09
12304.96 2.55
12306.09 2.27
12307.21 1.14
12308.34 2.07
12309.46 2.03
12310.58 2.52
12311.71 1.76
12312.83 0.88
12313.96 1.44
12315.08 1.72
12316.20 0.86
12317.32 0.93
12318.44 1.46
12319.57 0.73
12320.69 1.37
12321.82 1.18
12322.95 1.59
12324.08 2.30
12325.20 1.65
12326.32 0.82
12327.44 0.41
12328.56 0.21
12329.68 0.60
12330.80 0.80
12331.92 1.40
12333.03 0.70
12334.15 1.35
12335.27 0.68
12336.39 0.34
12337.51 0.17
12338.63 0.08
12339.74 0.04
12340.86 1.02
12341.98 2.01
12343.10 1.51
12344.23 1.25
12345.36 1.13
12346.49 1.56
12347.62 0.78
12348.75 0.89
12349.87 0.95
12350.98 0.47
12352.11 0.74
12353.23 0.37
12354.35 0.18
12355.48 1.09
12356.60 2.05
12357.72 1.52
12358.84 1.26
12359.97 1.13
12361.10 1.07
12362.22 0.53
12363.34 1.77
12364.47 2.38
12365.60 2.69
12366.71 1.35
12367.84 0.67
12368.96 1.84
12370.09 0.92
12371.20 0.46
12372.31 0.23
12373.43 0.11
12374.56 1.06
12375.68 1.53
12376.81 0.76
12377.93 0.38
12379.05 1.69
12380.17 0.85
12381.29 0.42
12382.41 1.21
12383.54 0.61
12384.67 0.80
12385.79 1.90
12386.90 1.95
12388.02 0.98
12389.14 1.99
12390.27 2.49
12391.40 2.75
12392.52 1.37
12393.65 2.19
12394.78 1.09
12395.90 0.55
12397.01 1.77
12398.13 1.89
12399.26 0.94
12400.38 0.47
12401.50 1.74
12402.62 0.87
12403.74 0.43
12404.87 0.72
12405.99 0.36
12407.11 0.18
12408.24 1.59
12409.36 0.79
12410.48 1.90
12411.61 1.95
12412.73 0.97
12413.85 1.99
12414.98 0.99
12416.10 0.50
12417.21 1.25
12418.34 0.62
12419.46 0.31
12420.58 1.66
12421.71 1.33
12422.84 1.16
12423.96 0.58
12425.08 1.29
12426.20 1.15
12427.33 2.07
12428.45 1.04
12429.57 0.52
12430.69 0.76
12431.81 1.88
12432.94 0.94
12434.06 0.97
12435.18 0.48
12436.30 0.74
12437.42 1.37
12438.55 1.19
12439.67 0.59
12440.79 0.30
12441.90 0.15
12443.02 0.57
12444.14 0.79
12445.26 0.39
12446.38 0.20
12447.49 0.60
12448.62 0.30
12449.73 0.15
12450.85 0.57
12451.97 1.29
12453.10 1.64
12454.22 1.32
12455.34 0.66
12456.47 0.83
12457.59 1.42
12458.71 1.71
12459.84 2.35
12460.97 1.68
12462.10 1.34
12463.22 0.67
12464.34 0.33
12465.46 0.17
12466.59 1.58
12467.71 0.79
12468.83 0.40
12469.94 0.20
12471.06 0.10
12472.17 1.05
12473.30 2.02
12474.42 2.01
12475.54 1.01
12476.67 1.50
12477.79 2.25
12478.91 1.13
12480.04 1.06
12481.16 1.53
12482.28 2.27
12483.41 1.63
12484.54 1.32
12485.67 2.16
12486.80 1.58
12487.91 0.79
12489.04 1.89
12490.16 2.45
12491.28 2.72
12492.41 2.86
12493.54 1.43
12494.67 1.72
12495.79 0.86
12496.92 0.93
12498.04 1.46
12499.15 0.73
12500.27 0.37
12501.40 1.68
12502.51 0.84
12503.64 1.42
12504.76 2.21
12505.89 2.61
12507.02 1.30
12508.14 0.65
12509.26 0.83
12510.38 0.41
12511.51 1.21
12512.64 1.60
12513.76 1.30
12514.87 0.65
12516.00 1.83
12517.12 1.41
12518.25 0.71
12519.37 1.35
12520.50 1.68
12521.62 0.84
12522.75 1.42
12523.88 2.21
12525.00 2.60
12526.12 2.30
12527.24 2.15
12528.37 1.08
12529.49 0.54
12530.62 0.27
12531.74 0.63
12532.86 0.32
12533.98 0.16
12535.11 1.08
12536.24 1.54
12537.36 1.27
12538.49 0.63
12539.62 0.82
12540.75 0.91
12541.88 1.95
12543.00 1.48
12544.12 0.74
12545.24 0.37
12546.36 0.18
12547.48 0.09
12548.60 1.55
12549.72 0.77
12550.84 0.89
12551.96 1.44
12553.09 1.22
12554.21 1.61
12555.34 0.81
12556.46 0.40
12557.57 0.20
12558.68 0.60
12559.80 1.30
12560.92 2.15
12562.05 2.08
12563.17 1.04
12564.29 0.52
12565.41 1.76
12566.54 1.88
12567.66 0.94
12568.78 0.47
12569.90 1.23
12571.02 1.12
12572.14 0.56
12573.26 0.28
12574.39 0.64
12575.50 0.32
12576.63 1.66
12577.76 1.33
12578.88 0.66
12580.00 0.33
12581.11 0.17
12582.23 0.08
12583.35 0.54
12584.48 0.77
12585.60 1.39
12586.72 0.69
12587.84 0.35
12588.96 1.67
12590.09 1.84
12591.20 1.42
12592.33 1.71
12593.46 2.35
12594.58 1.18
12595.72 1.09
12596.84 2.04
12597.96 1.52
12599.09 0.76
12600.20 0.38
12601.32 1.69
12602.44 0.85
12603.56 1.92
12604.69 1.46
12605.82 0.73
12606.94 0.37
12608.06 1.68
12609.18 2.34
12610.31 2.17
12611.43 1.09
12612.56 2.04
12613.68 1.52
12614.81 2.26
12615.94 1.13
12617.06 0.57
12618.19 1.78
12619.32 1.89
12620.44 0.95
12621.56 0.47
12622.68 1.24
12623.81 0.62
12624.93 1.81
12626.06 1.40
12627.18 2.20
12628.30 1.10
12629.42 0.55
12630.54 0.28
12631.66 1.64
12632.78 0.82
12633.91 1.41
12635.03 0.70
12636.15 1.35
12637.28 1.18
12638.40 0.59
12639.52 1.29
12640.64 1.15
12641.77 0.57
12642.89 0.29
12644.01 0.14
12645.12 0.07
12646.23 0.04
12647.35 0.52
12648.48 1.76
12649.61 0.88
12650.72 0.44
12651.84 0.22
12652.96 1.11
12654.09 1.55
12655.21 0.78
12656.33 0.39
12657.45 1.19
12658.58 0.60
12659.70 0.80
12660.81 0.40
12661.92 1.70
12663.04 0.85
12664.16 0.92
12665.28 0.46
12666.40 0.23
12667.52 0.62
12668.64 2.31
12669.77 1.65
12670.90 1.33
12672.03 1.66
12673.14 0.83
12674.27 0.92
12675.39 0.46
12676.52 1.73
12677.64 0.86
12678.76 1.43
12679.89 1.22
12681.02 0.61
12682.14 1.30
12683.26 0.65
12684.38 0.33
12685.50 0.16
12686.62 1.58
12687.76 2.29
12688.88 1.15
12690.01 0.57
12691.12 0.29
12692.24 1.64
12693.37 2.32
12694.50 1.16
12695.62 1.58
12696.76 1.79
12697.88 0.90
12699.00 1.95
12700.12 1.97
12701.24 0.99
12702.36 1.99
12703.49 1.00
12704.62 0.50
12705.74 1.75
12706.87 2.37
12708.00 2.19
12709.11 1.09
12710.23 0.55
12711.36 1.27
12712.48 1.64
12713.62 2.32
12714.75 1.16
12715.88 2.08
12717.00 1.04
12718.12 1.02
12719.24 1.01
12720.37 0.50
12721.48 1.75
12722.62 0.88
12723.74 0.44
12724.86 0.22
12725.98 0.11
12727.10 1.55
12728.22 1.78
12729.35 0.89
12730.46 0.44
12731.59 0.72
12732.71 2.36
12733.84 2.18
12734.96 2.59
12736.09 1.80
12737.21 0.90
12738.33 2.45
12739.46 1.22
12740.58 0.61
12741.70 0.31
12742.83 2.65
12743.95 1.33
12745.08 0.66
12746.19 0.33
12747.31 0.17
12748.43 0.08
12749.55 2.54
12750.67 1.27
12751.80 2.64
12752.93 1.32
12754.06 2.16
12755.18 1.08
12756.31 2.04
12757.44 1.52
12758.56 2.76
12759.69 1.88
12760.82 1.44
12761.94 0.72
12763.07 0.86
12764.19 1.93
12765.31 0.96
12766.44 0.98
12767.56 1.99
12768.68 1.00
12769.80 0.50
12770.92 0.75
12772.04 0.87
12773.16 0.44
12774.28 1.72
12775.42 2.36
12776.54 2.68
12777.66 2.84
12778.79 2.92
12779.92 1.46
12781.05 0.73
12782.17 1.86
12783.30 0.93
12784.42 0.47
12785.54 0.73
12786.67 0.87
12787.79 0.93
12788.91 1.47
12790.04 1.23
12791.16 1.12
12792.30 1.06
12793.42 2.03
12794.54 1.01
12795.66 0.51
12796.78 0.25
12797.90 0.13
12799.02 0.06
12800.14 1.53
12801.26 0.77
12802.39 0.88
12803.50 0.44
12804.62 1.72
12805.75 1.86
12806.88 2.43
12808.00 2.22
12809.12 1.11
12810.25 1.55
12811.37 0.78
12812.49 0.39
12813.62 1.19
12814.75 2.10
12815.87 1.05
12817.00 2.02
12818.11 1.51
12819.24 1.26
12820.36 0.63
12821.48 0.31
12822.61 0.66
12823.74 1.33
12824.87 1.66
12825.99 0.83
12827.12 1.92
12828.24 0.96
12829.36 1.98
12830.49 0.99
12831.62 0.49
12832.74 0.25
12833.86 0.12
12834.98 0.06
12836.09 0.03
12837.20 1.52
12838.32 0.76
12839.44 0.38
12840.56 0.19
12841.68 0.09
12842.80 1.55
12843.91 0.77
12845.04 0.89
12846.15 0.94
12847.26 0.47
12848.38 0.24
12849.51 1.62
12850.64 1.81
12851.76 0.90
12852.88 1.95
12854.00 2.48
12855.11 3.74
12856.24 1.87
12857.36 2.43
12858.49 2.22
12859.62 1.11
12860.74 0.55
12861.87 1.78
12862.99 0.89
12864.11 0.44
12865.24 1.72
12866.36 2.36
12867.49 2.18
12868.62 1.09
12869.74 1.55
12870.86 1.77
12871.99 0.89
12873.12 1.44
12874.24 0.72
12875.36 1.86
12876.49 2.43
12877.62 1.22
12878.74 0.61
12879.87 1.80
12880.99 2.40
12882.11 2.70
12883.23 1.85
12884.36 1.43
12885.48 1.21
12886.62 1.11
12887.74 0.55
12888.87 1.28
12890.00 1.64
12891.12 2.32
12892.24 2.16
12893.37 1.08
12894.49 2.04
12895.61 1.02
12896.74 0.51
12897.86 1.75
12898.99 1.38
12900.12 2.19
12901.24 1.09
12902.36 2.05
12903.48 2.02
12904.61 1.01
12905.73 1.51
12906.86 1.75
12907.98 1.88
12909.11 1.94
12910.24 2.47
12911.36 2.73
12912.49 1.37
12913.62 0.68
12914.74 0.34
12915.86 0.67
12916.98 0.84
12918.10 2.42
12919.22 1.21
12920.35 1.10
12921.47 2.05
12922.58 1.03
12923.71 2.01
12924.83 2.51
12925.96 1.25
12927.08 2.13
12928.20 1.06
12929.32 1.53
12930.44 2.27
12931.57 1.13
12932.70 2.57
12933.82 1.28
12934.94 2.64
12936.06 1.32
12937.18 0.66
12938.31 1.83
12939.43 1.92
12940.56 2.46
12941.69 1.73
12942.82 0.86
12943.94 0.43
12945.06 0.22
12946.17 0.11
12947.29 0.05
12948.40 1.53
12949.53 2.26
12950.66 2.13
12951.78 2.57
12952.91 1.28
12954.03 0.64
12955.15 1.32
12956.27 1.66
12957.40 0.83
12958.52 1.42
12959.65 2.21
12960.78 1.10
12961.89 1.55
12963.01 0.78
12964.12 1.39
12965.25 0.69
12966.37 0.35
12967.49 1.67
12968.62 0.84
12969.74 0.42
12970.86 0.21
12971.98 1.10
12973.10 2.05
12974.22 1.53
12975.34 0.76
12976.46 0.38
12977.60 1.69
12978.71 1.35
12979.83 0.67
12980.95 0.34
12982.07 0.17
12983.19 0.58
12984.31 0.79
12985.42 0.40
12986.54 0.20
12987.65 1.60
12988.77 0.80
12989.88 0.40
12990.99 0.20
12992.10 0.10
12993.21 1.55
12994.34 0.77
12995.46 1.89
12996.60 0.94
12997.70 0.97
12998.81 0.49
12999.93 0.74
13001.05 1.87
13002.17 0.94
13003.29 0.47
13004.41 0.23
13005.53 0.12
13006.65 0.06
13007.76 1.53
13008.90 1.76
13010.01 1.38
13011.13 1.69
13012.26 2.35
13013.38 2.67
13014.52 2.84
13015.64 1.92
13016.77 0.96
13017.89 1.98
13019.01 0.99
13020.12 0.49
13021.24 1.75
13022.37 0.87
13023.49 0.44
13024.61 0.22
13025.73 0.61
13026.86 0.30
13027.97 0.15
13029.09 0.08
13030.19 0.04
13031.31 1.52
13032.45 2.26
13033.57 1.13
13034.70 1.06
13035.82 0.53
13036.94 1.27
13038.07 1.63
13039.19 1.32
13040.31 1.66
13041.44 2.33
13042.57 1.16
13043.70 1.58
13044.82 1.29
13045.95 1.65
13047.07 1.82
13048.20 2.41
13049.32 2.21
13050.46 2.10
13051.59 1.05
13052.71 1.03
13053.83 0.51
13054.96 1.26
13056.08 1.13
13057.20 0.56
13058.32 0.78
13059.44 0.89
13060.55 0.45
13061.68 0.72
13062.80 0.86
13063.92 1.93
13065.04 1.47
13066.16 0.73
13067.28 0.87
13068.40 1.43
13069.51 0.72
13070.63 0.36
13071.76 0.68
13072.88 1.84
13074.00 2.42
13075.12 1.21
13076.25 1.60
13077.37 0.80
13078.48 1.40
13079.61 1.70
13080.73 1.35
13081.86 0.68
13082.98 1.84
13084.11 2.42
13085.23 1.21
13086.36 0.60
13087.48 0.80
13088.60 1.90
13089.70 1.95
13090.83 2.48
13091.94 2.74
13093.07 1.37
13094.19 0.68
13095.32 1.34
13096.44 0.67
13097.56 1.84
13098.69 1.42
13099.82 0.71
13100.94 1.35
13102.07 1.68
13103.19 1.34
13104.31 0.67
13105.44 0.83
13106.56 1.92
13107.69 0.96
13108.81 0.48
13109.93 0.24
13111.05 0.12
13112.16 1.56
13113.29 2.28
13114.42 1.14
13115.55 1.07
13116.66 0.53
13117.79 1.77
13118.91 0.88
13120.03 0.44
13121.15 1.72
13122.27 0.86
13123.40 1.93
13124.52 2.47
13125.64 2.73
13126.76 1.87
13127.89 0.93
13129.01 1.97
13130.13 2.48
13131.26 2.74
13132.39 2.37
13133.51 1.19
13134.64 0.59
13135.76 0.30
13136.88 1.65
13138.00 0.82
13139.10 0.41
13140.22 1.71
13141.34 1.85
13142.47 0.93
13143.60 1.96
13144.72 1.48
13145.85 0.74
13146.97 1.87
13148.10 2.44
13149.22 1.22
13150.35 0.61
13151.47 0.30
13152.60 0.65
13153.71 0.83
13154.83 0.41
13155.96 1.71
13157.08 1.85
13158.20 0.93
13159.32 0.96
13160.44 0.48
13161.56 1.74
13162.68 1.37
13163.81 2.19
13164.94 2.59
13166.07 2.30
13167.18 1.15
13168.31 0.57
13169.44 1.79
13170.56 2.39
13171.69 2.20
13172.81 1.10
13173.93 0.55
13175.05 1.77
13176.17 0.89
13177.29 0.44
13178.41 0.72
13179.54 1.36
13180.66 0.68
13181.79 1.34
13182.91 0.67
13184.03 0.34
13185.15 0.17
13186.27 0.08
13187.39 1.54
13188.51 0.77
13189.63 0.39
13190.75 0.19
13191.87 0.10
13192.99 1.55
13194.11 0.77
13195.24 1.39
13196.36 1.69
13197.49 0.85
13198.61 0.42
13199.73 1.21
13200.86 1.11
13201.98 0.55
13203.11 1.28
13204.23 1.64
13205.36 1.82
13206.49 0.91
13207.61 0.45
13208.73 1.23
13209.86 2.11
13210.99 2.56
13212.12 1.78
13213.24 0.89
13214.36 0.44
13215.48 0.22
13216.61 1.61
13217.74 1.81
13218.87 1.40
13219.98 0.70
13221.10 0.35
13222.22 0.18
13223.34 1.59
13224.47 2.29
13225.60 2.15
13226.73 1.07
13227.85 1.04
13228.97 1.52
13230.10 0.76
13231.21 0.88
13232.33 1.94
13233.46 0.97
13234.59 1.98
13235.70 1.49
13236.82 0.75
13237.94 1.87
13239.07 1.44
13240.18 0.72
13241.30 0.36
13242.42 1.68
13243.54 0.84
13244.66 0.42
13245.79 1.71
13246.92 2.35
13248.04 2.18
13249.16 1.09
13250.28 1.54
13251.41 2.27
13252.54 1.64
13253.66 0.82
13254.79 1.91
13255.92 2.45
13257.04 1.23
13258.16 0.61
13259.28 0.31
13260.40 0.15
13261.51 0.08
13262.62 0.04
13263.74 0.52
13264.87 1.76
13265.99 1.88
13267.11 0.94
13268.23 0.47
13269.36 0.73
13270.48 0.37
13271.60 0.18
13272.72 1.09
13273.84 1.55
13274.97 1.27
13276.10 0.64
13277.22 1.32
13278.35 2.16
13279.48 2.08
13280.60 1.04
13281.72 1.02
13282.84 2.01
13283.96 1.00
13285.07 0.50
13286.18 0.25
13287.30 0.13
13288.42 0.06
13289.54 0.03
13290.65 0.02
13291.76 0.01
13292.88 1.00
13293.99 2.00
13295.10 1.00
13296.22 0.50
13297.34 1.75
13298.46 0.88
13299.59 0.44
13300.72 0.72
13301.84 1.86
13302.97 0.93
13304.09 0.46
13305.20 0.23
13306.32 0.62
13307.44 1.81
13308.57 0.90
13309.68 0.45
13310.80 0.23
13311.91 0.11
13313.04 1.56
13314.15 0.78
13315.28 1.89
13316.40 0.94
13317.51 0.47
13318.63 0.24
13319.76 1.12
13320.88 0.56
13322.00 0.28
13323.11 1.64
13324.23 0.82
13325.35 0.41
13326.47 0.20
13327.59 0.10
13328.70 0.05
13329.80 0.03
13330.90 0.01
13332.01 1.51
13333.14 1.75
13334.26 0.88
13335.39 0.94
13336.51 1.97
13337.64 1.48
13338.76 0.74
13339.88 0.37
13341.00 0.19
13342.11 0.09
13343.23 0.55
13344.36 1.77
13345.48 0.89
13346.60 0.44
13347.71 0.22
13348.83 0.11
13349.96 0.56
13351.08 0.28
13352.19 0.14
13353.31 0.07
13354.43 1.53
13355.55 0.77
13356.68 0.88
13357.80 1.44
13358.91 0.72
13360.04 1.36
13361.16 1.68
13362.28 0.84
13363.40 0.92
13364.52 0.46
13365.64 0.23
13366.76 0.12
13367.88 0.56
13369.00 1.78
13370.12 2.39
13371.24 2.69
13372.37 1.35
13373.50 0.67
13374.62 0.84
13375.74 1.42
13376.86 0.71
13377.98 0.35
13379.10 0.18
13380.22 0.09
13381.33 0.04
13382.44 1.02
13383.56 1.01
13384.68 1.01
13385.80 2.00
13386.92 2.00
13388.03 1.00
13389.14 0.50
13390.26 0.25
13391.38 0.13
13392.50 1.56
13393.62 1.28
13394.75 2.14
13395.87 1.07
13397.00 0.54
13398.11 1.27
13399.24 1.63
13400.36 0.82
13401.48 0.41
13402.60 1.70
13403.72 1.35
13404.85 2.18
13405.98 2.09
13407.10 2.54
13408.22 2.77
13409.36 2.39
13410.48 2.69
13411.61 2.85
13412.74 1.42
13413.86 0.71
13414.99 1.86
13416.12 1.43
13417.24 0.71
13418.36 0.36
13419.48 1.18
13420.61 2.09
13421.73 2.04
13422.85 1.02
13423.97 1.51
13425.10 2.26
13426.23 1.63
13427.35 0.81
13428.47 0.41
13429.60 0.70
13430.72 0.85
13431.84 0.93
13432.96 1.96
13434.09 0.98
13435.20 0.99
13436.32 1.50
13437.44 1.25
13438.58 1.62
13439.70 0.81
13440.82 0.41
13441.94 1.70
13443.06 1.35
13444.18 0.68
13445.30 0.34
13446.41 1.17
13447.54 1.58
13448.67 2.29
13449.79 1.15
13450.92 1.57
13452.05 1.79
13453.17 0.89
13454.29 0.45
13455.41 0.22
13456.53 0.11
13457.65 0.56
13458.78 0.78
13459.90 1.89
13461.02 2.44
13462.14 1.72
13463.26 0.86
13464.38 0.43
13465.50 0.22
13466.62 0.11
13467.74 1.55
13468.87 1.28
13469.99 0.64
13471.11 0.32
13472.23 0.16
13473.35 0.08
13474.47 1.54
13475.60 0.77
13476.72 0.88
13477.84 1.94
13478.96 1.47
13480.09 1.24
13481.21 0.62
13482.33 0.31
13483.45 1.65
13484.59 2.33
13485.72 2.16
13486.84 2.58
13487.97 2.29
13489.10 1.15
13490.22 0.57
13491.34 0.29
13492.47 1.64
13493.60 0.82
13494.72 0.91
13495.84 0.46
13496.96 0.23
13498.08 1.61
13499.20 1.81
13500.32 1.40
13501.45 0.70
13502.56 0.85
13503.68 0.93
13504.80 1.96
13505.92 2.48
13507.05 1.24
13508.17 0.62
13509.29 0.31
13510.41 0.16
13511.53 0.08
13512.64 1.04
13513.76 0.52
13514.88 1.26
13516.01 0.63
13517.13 1.31
13518.26 1.66
13519.38 0.83
13520.50 0.41
13521.62 0.21
13522.74 1.60
13523.86 0.80
13524.97 0.40
13526.08 0.20
13527.18 0.10
13528.30 1.55
13529.42 1.78
13530.56 2.39
13531.68 2.19
13532.81 1.10
13533.93 0.55
13535.05 1.77
13536.17 1.89
13537.30 0.94
13538.41 0.47
13539.53 1.24
13540.66 1.12
13541.79 2.06
13542.91 1.53
13544.04 2.26
13545.16 2.63
13546.28 2.82
13547.41 2.41
13548.54 1.20
13549.66 0.60
13550.78 0.80
13551.89 1.40
13553.01 2.20
13554.13 1.10
13555.25 1.05
13556.37 0.53
13557.50 1.76
13558.62 0.88
13559.74 0.94
13560.86 0.97
13561.98 0.49
13563.10 1.24
13564.22 0.62
13565.34 0.31
13566.46 0.16
13567.59 1.58
13568.72 1.79
13569.84 1.89
13570.96 2.45
13572.10 2.72
13573.22 2.36
13574.34 1.18
13575.47 2.09
13576.60 2.55
13577.72 1.77
13578.85 1.39
13579.98 1.69
13581.10 1.85
13582.22 0.92
13583.35 1.96
13584.47 0.98
13585.59 0.49
13586.72 0.75
13587.84 0.37
13588.96 1.69
13590.09 0.84
13591.20 1.42
13592.32 2.21
13593.45 1.11
13594.59 1.55
13595.72 1.28
13596.84 0.64
13597.96 0.82
13599.08 1.91
13600.20 1.95
13601.32 0.98
13602.44 0.49
13603.56 1.24
13604.68 1.62
13605.81 1.81
13606.94 0.91
13608.06 0.45
13609.17 0.23
13610.29 0.11
13611.41 0.06
13612.52 0.03
13613.64 1.01
13614.76 2.01
13615.89 1.50
13617.01 0.75
13618.12 0.88
13619.24 0.94
13620.36 0.47
13621.48 1.23
13622.61 0.62
13623.73 1.81
13624.86 1.90
13625.98 1.45
13627.10 0.73
13628.23 1.86
13629.35 1.93
13630.48 2.47
13631.61 2.73
13632.74 2.87
13633.87 2.43
13634.99 1.22
13636.12 2.11
13637.26 1.05
13638.38 2.03
13639.50 2.01
13640.62 2.01
13641.74 1.00
13642.85 0.50
13643.96 0.25
13645.08 0.13
13646.19 0.06
13647.30 0.03
13648.41 1.52
13649.55 2.26
13650.68 1.63
13651.80 1.81
13652.92 2.41
13654.05 2.70
13655.16 1.35
13656.29 1.68
13657.42 0.84
13658.54 1.92
13659.67 1.46
13660.80 2.23
13661.92 1.11
13663.05 2.06
13664.17 1.03
13665.29 0.51
13666.40 1.26
13667.52 2.13
13668.65 1.06
13669.77 1.03
13670.89 2.02
13672.01 2.51
13673.14 2.75
13674.27 2.38
13675.39 1.19
13676.52 0.59
13677.64 1.30
13678.76 1.65
13679.89 0.82
13681.01 0.41
13682.12 1.71
13683.26 1.35
13684.38 0.68
13685.51 1.84
13686.63 1.92
13687.76 0.96
13688.88 0.98
13690.00 1.99
13691.12 2.49
13692.24 2.75
13693.37 2.87
13694.50 2.44
13695.62 2.22
13696.74 1.11
13697.88 1.05
13699.00 1.53
13700.11 0.76
13701.23 1.88
13702.35 0.94
13703.48 1.97
13704.60 2.49
13705.72 2.74
13706.85 1.37
13707.97 0.69
13709.09 1.84
13710.21 2.42
13711.34 2.71
13712.46 2.86
13713.59 2.93
13714.72 1.46
13715.85 2.23
13716.98 1.12
13718.11 2.06
13719.24 2.03
13720.36 1.01
13721.48 1.51
13722.62 1.25
13723.74 2.13
13724.86 2.56
13725.99 2.78
13727.12 1.39
13728.25 0.70
13729.37 1.85
13730.50 2.42
13731.62 2.21
13732.74 2.61
13733.88 2.80
13734.99 1.40
13736.12 1.70
13737.24 0.85
13738.36 1.43
13739.49 0.71
13740.61 0.86
13741.73 1.43
13742.86 1.21
13743.99 2.11
13745.11 2.55
13746.24 2.78
13747.37 2.39
13748.50 1.19
13749.62 1.10
13750.75 1.05
13751.88 2.02
13752.99 1.01
13754.11 0.51
13755.24 1.75
13756.37 1.38
13757.50 0.69
13758.62 0.34
13759.74 1.17
13760.87 2.09
13761.99 1.54
13763.12 2.27
13764.24 1.14
13765.37 0.57
13766.49 1.78
13767.62 1.89
13768.74 0.95
13769.86 0.47
13770.98 0.24
13772.10 0.12
13773.22 0.06
13774.33 1.03
13775.46 0.51
13776.58 0.26
13777.71 0.63
13778.84 1.31
13779.97 2.16
13781.09 2.58
13782.21 1.29
13783.34 2.14
13784.46 1.07
13785.58 0.54
13786.71 0.77
13787.83 0.38
13788.96 1.19
13790.08 2.10
13791.20 1.05
13792.31 0.52
13793.43 0.26
13794.56 1.63
13795.68 1.32
13796.81 0.66
13797.93 1.83
13799.06 1.91
13800.18 1.96
13801.30 0.98
13802.42 0.49
13803.54 0.74
13804.66 1.37
13805.79 1.69
13806.92 1.34
13808.04 0.67
13809.15 0.34
13810.27 0.17
13811.39 0.08
13812.50 0.04
13813.61 1.02
13814.74 0.51
13815.86 1.26
13816.98 0.63
13818.10 0.31
13819.23 1.66
13820.36 1.83
13821.48 0.91
13822.60 0.46
13823.71 0.23
13824.84 0.61
13825.96 0.31
13827.08 0.15
13828.18 0.08
13829.30 1.54
13830.43 1.27
13831.55 0.63
13832.67 0.32
13833.80 0.66
13834.92 1.83
13836.04 2.41
13837.16 1.71
13838.29 0.85
13839.41 1.43
13840.54 1.71
13841.67 1.36
13842.80 2.18
13843.91 1.09
13845.03 0.54
13846.14 0.27
13847.26 0.14
13848.39 2.07
13849.51 2.03
13850.63 1.02
13851.75 1.51
13852.88 2.25
13854.00 1.63
13855.12 0.81
13856.24 0.41
13857.36 1.70
13858.48 1.85
13859.61 1.93
13860.74 1.96
13861.87 1.98
13862.99 0.99
13864.11 2.00
13865.23 2.50
13866.36 2.25
13867.48 1.12
13868.61 0.56
13869.73 1.28
13870.86 2.14
13871.99 2.07
13873.10 1.04
13874.22 1.52
13875.35 0.76
13876.47 0.38
13877.60 1.69
13878.72 2.34
13879.85 2.17
13880.98 1.09
13882.10 0.54
13883.22 1.77
13884.34 0.89
13885.46 0.44
13886.58 0.22
13887.71 1.11
13888.84 2.06
13889.96 2.53
13891.09 1.26
13892.21 0.63
13893.33 1.32
13894.46 0.66
13895.58 1.83
13896.71 0.91
13897.82 0.46
13898.95 1.73
13900.08 1.86
13901.19 0.93
13902.31 0.47
13903.44 1.73
13904.57 2.37
13905.70 2.18
13906.82 2.59
13907.94 1.30
13909.06 0.65
13910.18 0.32
13911.30 0.16
13912.42 0.58
13913.54 1.79
13914.67 1.40
13915.80 1.70
13916.92 1.35
13918.04 0.67
13919.16 1.84
13920.28 2.42
13921.41 1.71
13922.54 0.85
13923.66 1.43
13924.79 1.21
13925.92 1.11
13927.05 2.05
13928.17 2.53
13929.30 1.26
13930.42 0.63
13931.54 0.32
13932.66 0.66
13933.78 0.33
13934.90 1.16
13936.02 0.58
13937.13 0.79
13938.25 0.90
13939.37 0.45
13940.49 0.72
13941.61 0.86
13942.73 2.43
13943.86 1.22
13944.98 1.61
13946.12 2.30
13947.24 2.15
13948.37 2.08
13949.50 1.54
13950.62 1.27
13951.74 0.63
13952.87 1.32
13953.99 0.66
13955.11 0.33
13956.23 0.16
13957.36 1.08
13958.48 1.04
13959.60 2.02
13960.72 1.51
13961.84 2.26
13962.97 1.63
13964.10 2.31
13965.23 2.66
13966.36 2.33
13967.48 1.16
13968.61 0.58
13969.73 0.29
13970.85 0.15
13971.97 0.07
13973.08 0.04
13974.18 0.02
13975.30 1.01
13976.42 0.50
13977.54 1.75
13978.67 1.38
13979.79 0.69
13980.91 0.34
13982.04 1.67
13983.15 1.84
13984.28 2.42
13985.41 2.71
13986.54 2.85
13987.67 2.43
13988.80 1.71
13989.92 0.86
13991.04 0.43
13992.15 0.21
13993.28 1.61
13994.40 1.80
13995.52 1.90
13996.64 0.95
13997.76 0.48
13998.88 1.24
14000.01 1.12
14001.14 0.56
14002.26 1.78
14003.38 0.89
14004.51 0.94
14005.62 0.47
14006.74 0.24
14007.86 0.12
14008.99 1.56
14010.12 2.28
14011.24 1.14
14012.37 1.07
14013.49 1.53
14014.62 2.27
14015.75 1.63
14016.87 0.82
14018.00 1.41
14019.12 1.20
14020.24 0.60
14021.35 0.30
14022.47 1.65
14023.59 0.83
14024.71 0.41
14025.82 0.21
14026.94 0.10
14028.06 0.05
14029.16 1.53
14030.30 2.26
14031.43 1.63
14032.56 0.82
14033.68 1.41
14034.80 2.20
14035.92 1.10
14037.04 0.55
14038.16 1.28
14039.29 0.64
14040.41 0.32
14041.53 0.66
14042.65 0.83
14043.77 0.41
14044.89 0.21
14046.01 0.10
14047.12 0.05
14048.23 0.03
14049.35 1.01
14050.48 2.01
14051.60 2.50
14052.72 1.25
14053.85 0.63
14054.97 1.31
14056.10 0.66
14057.22 0.33
14058.34 1.66
14059.47 1.83
14060.60 1.42
14061.72 0.71
14062.84 0.35
14063.96 1.68
14065.09 2.34
14066.21 2.67
14067.34 2.83
14068.46 1.42
14069.59 0.71
14070.71 0.35
14071.83 0.18
14072.96 0.59
14074.08 1.29
14075.20 2.15
14076.33 1.57
14077.46 0.79
14078.58 1.89
14079.71 2.45
14080.84 1.72
14081.96 0.86
14083.08 1.93
14084.19 0.97
14085.31 0.48
14086.43 0.24
14087.56 1.62
14088.69 1.81
14089.82 1.41
14090.94 0.70
14092.06 0.35
14093.17 0.68
14094.29 1.84
14095.42 0.92
14096.54 1.96
14097.67 1.48
14098.80 2.24
14099.91 1.12
14101.04 0.56
14102.16 1.78
14103.28 0.89
14104.40 0.44
14105.51 0.22
14106.63 0.11
14107.75 1.56
14108.88 0.78
14110.00 99.89
14111.16 189.94
14112.36 157.97
14113.58 115.49
14114.79 203.24
14116.00 196.12
14117.19 148.56
14118.40 219.28
14119.60 264.64
14120.80 195.82
14122.00 225.91
14123.20 268.46
14124.40 215.23
14125.60 158.11
14126.80 231.56
14128.00 229.28
14129.19 174.14
14130.40 234.07
14131.60 276.03
14132.80 209.52
14134.00 153.26
14135.19 113.63
14136.40 195.31
14137.60 254.16
14138.80 289.58
14140.00 279.79
14141.20 206.89
14142.40 224.45
14143.61 271.22
14144.82 224.61
14146.03 168.31
14147.24 240.15
14148.44 241.58
14149.64 184.79
14150.84 239.89
14152.04 280.95
14153.24 216.47
14154.45 218.74
14155.66 268.37
14156.86 228.18
14158.07 172.09
14159.26 129.05
14160.46 148.02
14161.67 229.01
14162.87 277.01
14164.08 303.00
14165.26 233.50
14166.46 172.25
14167.67 128.63
14168.88 200.31
14170.09 258.66
14171.30 208.33
14172.50 156.66
14173.72 236.83
14174.92 281.42
14176.13 307.21
14177.34 252.60
14178.54 188.30
14179.75 140.65
14180.96 154.33
14182.17 233.66
14183.38 212.33
14184.59 163.67
14185.80 236.33
14187.00 280.67
14188.20 306.33
14189.41 256.17
14190.62 191.58
14191.82 142.79
14193.03 119.40
14194.23 215.70
14195.44 270.85
14196.64 301.92
14197.85 236.46
14199.06 175.73
14200.26 248.37
14201.46 229.68
14202.66 177.84
14203.88 243.92
14205.08 285.46
14206.28 214.73
14207.49 181.87
14208.71 250.43
14209.91 224.72
14211.12 172.86
14212.33 131.43
14213.54 117.21
14214.76 215.61
14215.96 205.80
14217.16 161.90
14218.37 235.45
14219.58 280.23
14220.80 306.11
14222.00 257.06
14223.19 192.53
14224.40 252.26
14225.60 290.13
14226.81 216.57
14228.02 159.28
14229.22 119.64
14230.43 208.82
14231.64 265.41
14232.85 299.21
14234.06 257.60
14235.26 193.80
14236.46 144.90
14237.66 111.45
14238.88 210.73
14240.08 269.36
14241.28 301.68
14242.49 256.34
14243.70 192.17
14244.90 144.59
14246.10 111.29
14247.31 212.65
14248.51 208.32
14249.73 165.16
14250.94 237.58
14252.15 282.79
14253.36 308.90
14254.57 262.45
14255.78 196.22
14256.98 146.61
14258.19 112.31
14259.40 212.65
14260.60 210.83
14261.80 166.91
14263.00 235.96
14264.20 280.98
14265.40 306.99
14266.60 268.99
14267.80 201.50
14269.00 255.75
14270.20 292.37
14271.40 221.69
14272.60 164.34
14273.80 241.17
14275.00 230.09
14276.19 179.04
14277.39 137.02
14278.59 106.01
14279.80 207.01
14281.00 214.50
14282.18 170.25
14283.40 235.63
14284.60 280.31
14285.82 305.66
14287.02 273.83
14288.22 204.91
14289.43 152.96
14290.64 115.98
14291.84 212.99
14293.05 225.99
14294.25 178.00
14295.45 238.50
14296.65 281.75
14297.86 306.37
14299.07 284.69
14300.27 212.84
14301.48 256.92
14302.70 293.46
14303.90 225.73
14305.10 167.87
14306.31 241.43
14307.52 237.72
14308.74 184.36
14309.94 140.18
14311.15 109.09
14312.36 208.54
14313.57 219.77
14314.78 173.39
14315.99 238.19
14317.20 282.10
14318.40 307.55
14319.62 275.77
14320.82 206.39
14322.03 153.69
14323.23 117.35
14324.44 213.67
14325.65 227.34
14326.86 178.67
14328.07 238.33
14329.27 282.67
14330.47 217.83
14331.69 231.92
14332.90 276.46
14334.10 230.23
14335.30 174.11
14336.52 245.06
14337.73 287.53
14338.94 311.76
14340.14 274.88
14341.35 205.94
14342.56 256.47
14343.77 293.74
14344.98 223.37
14346.18 165.68
14347.39 125.84
14348.60 209.42
14349.80 266.21
14351.00 298.61
14352.20 273.80
14353.41 205.90
14354.61 255.95
14355.82 292.48
14357.02 224.24
14358.22 233.62
14359.44 279.31
14360.65 233.15
14361.86 176.58
14363.07 245.29
14364.27 252.64
14365.47 194.32
14366.69 246.16
14367.91 287.08
14369.11 222.04
14370.31 165.02
14371.52 240.51
14372.73 238.76
14373.94 184.88
14375.14 140.94
14376.35 108.97
14377.56 208.98
14378.77 221.99
14379.97 175.50
14381.18 236.75
14382.39 281.37
14383.59 216.69
14384.79 230.34
14386.00 276.67
14387.20 303.84
14388.40 318.92
14389.61 241.46
14390.82 177.23
14392.02 132.61
14393.23 208.81
14394.44 265.40
14395.64 211.20
14396.84 211.60
14398.04 265.80
14399.24 230.90
14400.44 175.95
14401.64 243.98
14402.85 286.49
14404.06 310.74
14405.26 289.37
14406.46 216.19
14407.69 161.09
14408.88 122.55
14410.08 215.77
14411.28 242.39
14412.49 188.69
14413.70 240.35
14414.90 282.17
14416.11 307.09
14417.32 301.04
14418.52 223.52
14419.74 164.26
14420.94 123.13
14422.16 213.57
14423.37 249.28
14424.58 192.64
14425.79 241.82
14427.00 282.41
14428.19 221.71
14429.40 182.35
14430.60 251.18
14431.80 228.09
14432.99 176.54
14434.20 243.77
14435.40 285.89
14436.60 309.94
14437.80 305.47
14439.00 227.24
14440.19 165.62
14441.40 126.31
14442.60 214.65
14443.80 271.33
14445.01 204.66
14446.21 244.83
14447.42 285.42
14448.63 225.71
14449.84 168.85
14451.04 243.43
14452.24 287.71
14453.45 310.86
14454.66 244.43
14455.86 181.71
14457.08 252.36
14458.27 236.68
14459.48 182.34
14460.70 139.17
14461.90 107.58
14463.11 209.29
14464.32 269.15
14465.53 301.07
14466.74 240.04
14467.94 179.02
14469.15 245.51
14470.36 287.75
14471.56 215.38
14472.77 158.69
14473.98 120.34
14475.19 211.17
14476.40 267.09
14477.59 203.04
14478.80 242.02
14480.00 282.01
14481.20 307.51
14482.40 321.75
14483.61 236.88
14484.82 172.44
14486.02 128.72
14487.23 212.86
14488.44 269.43
14489.64 207.21
14490.85 239.11
14492.06 280.55
14493.26 305.78
14494.47 320.39
14495.68 238.19
14496.89 257.10
14498.09 291.05
14499.29 236.02
14500.49 177.01
14501.70 242.01
14502.90 284.50
14504.10 214.75
14505.30 159.38
14506.50 121.19
14507.72 208.59
14508.92 266.80
14510.12 204.90
14511.32 236.45
14512.53 278.72
14513.75 305.86
14514.96 320.93
14516.16 237.97
14517.38 255.98
14518.59 290.49
14519.79 234.25
14521.00 176.62
14522.19 132.81
14523.40 187.91
14524.60 253.45
14525.80 291.73
14527.01 313.86
14528.21 236.43
14529.42 246.72
14530.63 286.36
14531.83 236.68
14533.04 178.34
14534.24 242.17
14535.45 284.58
14536.66 216.29
14537.88 243.15
14539.08 284.07
14540.28 230.04
14541.48 174.02
14542.69 245.51
14543.90 237.25
14545.10 183.13
14546.31 243.06
14547.51 285.03
14548.72 218.52
14549.93 240.26
14551.14 282.13
14552.35 230.06
14553.56 174.53
14554.77 246.27
14555.98 241.13
14557.19 185.57
14558.40 142.28
14559.60 108.64
14560.80 208.32
14562.00 222.66
14563.19 175.83
14564.40 236.42
14565.60 281.21
14566.81 217.60
14568.01 162.30
14569.20 122.65
14570.40 201.33
14571.61 261.16
14572.83 296.08
14574.03 315.54
14575.24 327.27
14576.44 334.14
14577.66 336.57
14578.87 339.28
14580.08 340.64
14581.28 341.32
14582.49 342.16
14583.71 343.58
14584.92 343.79
14586.12 344.90
14587.33 344.45
14588.55 344.22
14589.76 344.11
14590.98 345.06
14592.19 345.03
14593.40 346.01
14594.60 346.01
14595.80 347.00
14596.99 347.50
14598.19 347.25
14599.40 346.63
14600.60 345.81
14601.80 345.91
14603.01 346.95
14604.21 347.98
14605.42 347.49
14606.63 347.74
14607.84 348.37
14609.04 348.19
14610.25 348.59
14611.46 348.30
14612.68 348.65
14613.89 348.32
14615.10 348.66
14616.31 348.83
14617.52 347.42
14618.75 347.21
14619.96 347.10
14621.17 347.55
14622.38 346.78
14623.59 346.89
14624.80 348.44
14626.00 348.22
14627.20 348.11
14628.40 348.06
14629.60 347.53
14630.81 347.76
14632.02 347.38
14633.22 346.69
14634.43 347.35
14635.64 348.17
14636.85 349.09
14638.05 348.54
14639.26 348.77
14640.47 348.39
14641.68 348.19
14642.89 348.10
14644.10 348.55
14645.31 347.77
14646.52 348.39
14647.74 347.69
14648.95 347.35
14650.16 348.17
14651.37 348.59
14652.59 348.29
14653.80 348.65
14655.00 347.82
14656.20 348.41
14657.41 348.21
14658.63 348.60
14659.84 348.30
14661.04 348.15
14662.25 348.08
14663.46 348.54
14664.68 348.27
14665.89 348.13
14667.10 348.07
14668.30 347.53
14669.51 347.77
14670.73 347.88
14671.94 348.94
14673.15 348.47
14674.36 348.74
14675.57 348.87
14676.78 348.43
14677.99 348.72
14679.20 348.36
14680.41 348.68
14681.62 347.84
14682.83 347.42
14684.04 347.21
14685.24 347.60
14686.45 348.80
14687.65 348.90
14688.85 348.45
14690.06 349.23
14691.27 348.11
14692.48 348.06
14693.70 347.53
14694.91 348.76
14696.12 349.38
14697.32 349.19
14698.55 349.10
14699.76 349.55
14700.96 348.77
14702.17 348.89
14703.38 348.44
14704.59 349.22
14705.80 349.11
14707.01 348.06
14708.21 348.03
14709.42 347.51
14710.64 347.76
14711.84 347.38
14713.05 347.69
14714.25 348.84
14715.46 348.42
14716.68 347.71
14717.89 347.86
14719.11 349.43
14720.32 348.21
14721.54 348.11
14722.76 347.55
14723.96 348.28
14725.17 348.14
14726.38 348.57
14727.59 349.28
14728.80 349.64
14730.00 349.82
14731.20 349.91
14732.40 348.46
14733.61 348.23
14734.83 348.61
14736.04 348.31
14737.24 348.65
14738.45 348.33
14739.68 348.16
14740.88 347.58
14742.09 347.79
14743.29 347.40
14744.50 348.20
14745.71 347.60
14746.92 348.80
14748.12 348.90
14749.33 348.45
14750.55 349.22
14751.76 348.61
14752.97 349.31
14754.18 348.65
14755.39 348.33
14756.60 348.16
14757.81 348.08
14759.02 348.04
14760.22 348.52
14761.43 348.26
14762.64 349.13
14763.84 349.07
14765.06 348.53
14766.27 349.27
14767.48 349.63
14768.70 349.82
14769.90 349.41
14771.11 349.20
14772.32 349.10
14773.52 350.05
14774.74 349.53
14775.96 349.26
14777.16 348.63
14778.38 348.32
14779.59 347.66
14780.80 347.83
14782.00 347.91
14783.20 349.46
14784.41 349.73
14785.62 348.86
14786.83 348.43
14788.04 349.22
14789.24 349.11
14790.46 348.55
14791.68 349.28
14792.89 349.64
14794.10 348.32
14795.31 347.66
14796.52 348.33
14797.75 348.16
14798.96 348.08
14800.16 348.04
14801.37 349.02
14802.58 349.51
14803.79 349.26
14805.00 348.63
14806.20 348.31
14807.41 348.16
14808.63 348.58
14809.84 349.29
14811.04 349.14
14812.25 349.07
14813.45 350.04
14814.67 349.52
14815.88 349.26
14817.08 348.63
14818.28 348.81
14819.50 348.91
14820.72 348.45
14821.92 348.23
14823.13 348.61
14824.35 348.81
14825.56 347.90
14826.76 347.45
14827.97 348.23
14829.18 347.61
14830.39 347.81
14831.60 347.90
14832.80 347.95
14834.00 347.98
14835.20 347.49
14836.41 348.24
14837.62 347.62
14838.83 349.31
14840.04 348.66
14841.25 348.33
14842.46 348.16
14843.68 348.58
14844.89 348.29
14846.11 348.65
14847.32 348.32
14848.55 348.66
14849.76 348.83
14850.96 348.42
14852.17 348.21
14853.39 348.60
14854.59 347.80
14855.79 349.40
14856.99 349.70
14858.19 348.85
14859.40 349.43
14860.61 348.21
14861.83 347.61
14863.04 348.30
14864.24 348.15
14865.45 348.58
14866.67 349.29
14867.88 349.14
14869.08 348.07
14870.28 347.54
14871.49 347.27
14872.72 347.63
14873.92 347.82
14875.13 348.91
14876.34 348.95
14877.56 348.48
14878.76 349.74
14879.97 348.87
14881.18 348.43
14882.39 347.72
14883.60 347.86
14884.80 347.43
14886.01 348.21
14887.22 348.61
14888.43 348.80
14889.63 348.40
14890.84 347.70
14892.04 348.35
14893.24 348.18
14894.46 349.09
14895.68 348.54
14896.88 348.27
14898.09 348.64
14899.29 348.32
14900.50 348.16
14901.72 348.58
14902.92 349.29
14904.13 349.64
14905.34 349.82
14906.56 348.41
14907.77 348.71
14908.99 349.35
14910.20 349.18
14911.40 348.09
14912.60 347.54
14913.80 347.77
14915.00 348.39
14916.20 349.69
14917.40 349.85
14918.60 349.92
14919.81 349.46
14921.02 348.73
14922.23 348.37
14923.44 348.18
14924.66 349.09
14925.86 348.55
14927.07 349.27
14928.28 348.64
14929.48 348.82
14930.70 349.41
14931.91 349.70
14933.12 348.85
14934.33 348.93
14935.55 348.46
14936.76 348.73
14937.96 347.87
14939.17 349.43
14940.38 349.22
14941.59 348.11
14942.80 347.55
14944.00 347.78
14945.20 347.89
14946.40 347.94
14947.60 347.97
14948.80 347.99
14950.00 347.99
14951.20 348.50
14952.40 348.75
14953.60 348.87
14954.80 348.44
14956.01 348.22
14957.22 349.61
14958.44 349.30
14959.64 348.65
14960.85 348.33
14962.06 348.16
14963.27 347.58
14964.48 347.29
14965.69 348.65
14966.91 348.32
14968.12 348.16
14969.34 348.58
14970.55 348.79
14971.76 347.90
14972.96 348.95
14974.17 347.97
14975.38 347.99
14976.59 348.49
14977.80 348.75
14979.00 347.87
14980.20 347.94
14981.40 348.47
14982.61 349.23
14983.82 349.62
14985.03 349.81
14986.24 348.90
14987.44 349.45
14988.66 349.23
14989.88 349.11
14991.08 349.06
14992.28 350.03
14993.49 349.01
14994.71 349.51
14995.92 350.25
14997.13 349.63
14998.35 348.81
14999.56 349.41
15000.77 349.70
15001.97 349.35
15003.18 348.18
15004.40 347.59
15005.60 347.79
15006.80 347.90
15008.00 348.95
15009.20 348.97
15010.40 349.49
15011.60 348.74
15012.81 348.37
15014.03 349.19
15015.24 348.09
15016.44 348.05
15017.65 348.52
15018.86 348.76
15020.07 347.88
15021.27 348.94
15022.48 347.97
15023.69 348.49
15024.90 348.74
15026.10 348.87
15027.31 348.94
15028.53 349.47
15029.74 349.73
15030.95 349.37
15032.16 348.68
15033.37 348.84
15034.58 349.42
15035.79 348.71
15037.00 347.86
15038.20 348.43
15039.41 348.71
15040.63 348.36
15041.84 348.68
15043.04 349.84
15044.24 350.42
15045.45 349.21
15046.68 349.10
15047.88 350.05
15049.08 350.53
15050.29 350.26
15051.50 349.63
15052.72 348.82
15053.93 349.41
15055.14 348.70
15056.35 348.35
15057.56 349.68
15058.76 348.34
15059.98 348.17
15061.19 348.08
15062.40 348.54
15063.60 348.77
15064.80 347.89
15066.00 348.94
15067.20 348.47
15068.41 348.24
15069.63 348.12
15070.84 347.56
15072.05 348.78
15073.25 349.39
15074.47 348.69
15075.68 349.35
15076.89 348.67
15078.10 349.34
15079.31 348.17
15080.53 347.58
15081.74 347.79
15082.95 349.40
15084.16 348.70
15085.36 348.85
15086.57 348.42
15087.79 349.71
15089.00 349.36
15090.20 348.18
15091.41 348.09
15092.62 347.54
15093.83 348.27
15095.04 349.14
15096.24 349.07
15097.45 349.53
15098.67 349.77
15099.88 348.88
15101.09 348.44
15102.29 348.72
15103.50 348.36
15104.72 348.18
15105.93 349.09
15107.13 349.05
15108.34 349.02
15109.55 349.01
15110.76 348.51
15111.97 349.25
15113.18 349.63
15114.40 349.81
15115.60 348.91
15116.81 349.95
15118.02 349.48
15119.23 349.74
15120.44 349.37
15121.66 349.18
15122.87 348.59
15124.08 349.80
15125.28 349.90
15126.48 349.45
15127.71 348.72
15128.92 348.86
15130.13 349.43
15131.34 348.72
15132.56 348.36
15133.77 349.18
15134.98 348.59
15136.19 348.29
15137.40 348.65
15138.60 349.32
15139.81 348.66
15141.03 348.83
15142.24 348.92
15143.45 348.96
15144.67 349.98
15145.88 349.49
15147.08 350.24
15148.28 349.12
15149.49 350.06
15150.71 349.03
15151.92 348.02
15153.12 348.01
15154.34 348.50
15155.55 348.25
15156.76 347.63
15157.97 348.81
15159.18 348.91
15160.39 348.45
15161.60 348.23
15162.80 348.61
15164.01 349.31
15165.22 349.15
15166.44 348.58
15167.66 348.29
15168.87 348.14
15170.08 349.07
15171.28 349.54
15172.48 349.27
15173.71 350.13
15174.92 349.07
15176.13 348.03
15177.34 348.52
15178.55 349.26
15179.76 348.63
15180.97 348.31
15182.18 348.66
15183.39 348.83
15184.60 348.91
15185.80 348.46
15187.01 348.73
15188.22 349.36
15189.43 348.68
15190.64 348.34
15191.85 348.67
15193.06 349.34
15194.28 348.67
15195.48 348.83
15196.70 349.92
15197.91 349.46
15199.12 348.23
15200.34 348.61
15201.55 347.81
15202.76 348.40
15203.96 348.70
15205.16 349.35
15206.37 350.18
15207.59 350.09
15208.79 350.04
15210.00 349.52
15211.20 349.76
15212.40 348.88
15213.60 348.44
15214.80 348.72
15216.00 348.36
15217.20 348.18
15218.41 348.09
15219.62 348.55
15220.84 347.77
15222.04 347.89
15223.24 347.44
15224.45 347.72
15225.67 348.86
15226.88 348.93
15228.09 348.97
15229.30 348.48
15230.51 348.74
15231.72 349.87
15232.93 348.94
15234.14 348.97
15235.35 348.98
15236.56 348.49
15237.76 348.25
15238.98 348.12
15240.19 347.56
15241.40 348.28
15242.60 347.14
15243.81 347.57
15245.02 347.29
15246.23 348.14
15247.44 348.07
15248.66 348.04
15249.87 348.02
15251.08 348.01
15252.28 348.00
15253.48 349.00
15254.69 348.00
15255.89 348.00
15257.09 347.50
15258.29 348.25
15259.50 347.63
15260.72 348.31
15261.93 348.66
15263.14 349.83
15264.35 349.91
15265.56 349.96
15266.76 348.98
15267.98 348.49
15269.19 348.24
15270.40 348.12
15271.60 347.56
15272.81 348.78
15274.02 347.89
15275.22 349.45
15276.44 350.22
15277.66 349.11
15278.88 349.06
15280.08 348.03
15281.29 347.51
15282.50 347.76
15283.72 348.88
15284.92 349.44
15286.13 348.72
15287.35 349.86
15288.56 348.93
15289.76 347.96
15290.97 348.48
15292.18 348.74
15293.39 348.37
15294.60 347.69
15295.81 347.84
15297.02 349.42
15298.23 350.21
15299.44 350.11
15300.67 350.05
15301.88 348.53
15303.08 349.26
15304.29 348.63
15305.50 348.32
15306.72 348.66
15307.93 348.33
15309.14 348.16
15310.36 347.58
15311.56 348.29
15312.77 349.15
15313.99 349.57
15315.20 349.29
15316.40 349.64
15317.61 349.32
15318.83 349.16
15320.04 349.58
15321.25 349.79
15322.46 348.40
15323.68 348.70
15324.88 348.35
15326.09 349.17
15327.30 349.09
15328.50 349.04
15329.71 349.02
15330.92 349.51
15332.13 348.76
15333.35 348.38
15334.56 348.69
15335.77 349.34
15336.98 348.67
15338.19 347.84
15339.40 348.92
15340.61 347.96
15341.82 347.98
15343.03 348.49
15344.24 348.74
15345.44 349.37
15346.66 349.19
15347.88 349.59
15349.08 349.80
15350.28 349.40
15351.49 348.70
15352.71 348.35
15353.92 347.67
15355.13 347.34
15356.35 348.67
15357.56 348.83
15358.76 348.92
15359.97 348.46
15361.19 348.23
15362.40 348.61
15363.60 348.31
15364.81 349.15
15366.02 348.58
15367.22 348.79
15368.43 349.39
15369.64 350.20
15370.84 349.10
15372.05 349.55
15373.25 348.77
15374.47 349.89
15375.68 348.94
15376.89 347.97
15378.10 348.49
15379.31 349.24
15380.52 348.12
15381.74 349.06
15382.94 349.03
15384.14 348.02
15385.35 347.51
15386.56 349.25
15387.77 349.63
15388.98 348.81
15390.19 348.91
15391.40 347.95
15392.60 348.48
15393.80 348.74
15395.00 349.87
15396.20 348.93
15397.40 348.47
15398.61 348.23
15399.82 348.12
15401.04 348.06
15402.24 347.53
15403.45 347.26
15404.67 348.63
15405.88 348.32
15407.08 349.16
15408.29 349.08
15409.49 350.04
15410.71 349.52
15411.92 348.76
15413.13 348.38
15414.34 348.69
15415.55 348.34
15416.76 348.17
15417.96 348.09
15419.17 349.54
15420.38 349.27
15421.60 349.14
15422.80 348.57
15424.00 348.78
15425.20 348.89
15426.40 348.45
15427.60 349.72
15428.80 349.86
15430.00 348.93
15431.20 348.47
15432.41 348.73
15433.62 348.87
15434.83 349.93
15436.04 349.47
15437.24 349.23
15438.45 349.62
15439.67 349.31
15440.89 348.65
15442.10 348.33
15443.31 348.16
15444.53 347.58
15445.74 348.79
15446.95 348.90
15448.16 349.45
15449.36 349.22
15450.57 348.61
15451.78 348.31
15453.00 347.65
15454.20 347.83
15455.40 347.91
15456.61 348.46
15457.82 348.73
15459.03 348.86
15460.23 348.43
15461.44 348.72
15462.66 349.36
15463.87 348.68
15465.08 349.34
15466.28 349.67
15467.49 348.83
15468.72 348.42
15469.93 348.21
15471.14 348.10
15472.35 348.55
15473.56 349.78
15474.76 350.39
15475.97 349.69
15477.18 349.35
15478.39 348.17
15479.60 347.59
15480.80 347.79
15482.01 347.90
15483.21 347.45
15484.43 347.72
15485.64 348.36
15486.85 348.68
15488.06 348.34
15489.27 348.17
15490.48 347.59
15491.70 348.29
15492.90 349.65
15494.10 348.32
15495.32 348.66
15496.53 349.33
15497.74 348.67
15498.95 348.83
15500.16 347.92
15501.37 348.96
15502.58 349.48
15503.79 348.24
15505.00 348.12
15506.20 348.56
15507.40 348.78
15508.61 348.89
15509.82 349.44
15511.03 348.22
15512.24 349.11
15513.45 349.06
15514.67 350.03
15515.88 350.01
15517.08 349.51
15518.29 348.25
15519.50 349.13
15520.72 349.06
15521.93 349.03
15523.14 348.52
15524.36 347.76
15525.56 348.38
15526.77 347.69
15527.98 347.84
15529.19 347.42
15530.40 348.21
15531.60 348.11
15532.81 349.05
15534.01 348.53
15535.23 347.76
15536.44 348.88
15537.65 349.94
15538.86 349.47
15540.07 348.74
15541.28 348.37
15542.48 348.68
15543.70 349.34
15544.91 349.67
15546.12 350.34
15547.33 349.17
15548.55 349.58
15549.76 348.79
15550.96 348.90
15552.16 348.45
15553.37 349.22
15554.58 349.11
15555.79 348.56
15557.00 349.28
15558.20 348.64
15559.40 349.32
15560.61 349.16
15561.83 348.08
15563.04 348.04
15564.24 348.02
15565.44 348.01
15566.66 349.51
15567.88 348.75
15569.09 348.38
15570.29 348.69
15571.50 347.84
15572.72 347.42
15573.93 348.71
15575.14 347.86
15576.36 347.93
15577.56 348.96
15578.77 348.98
15579.98 349.49
15581.19 348.75
15582.40 348.37
15583.61 348.69
15584.82 349.34
15586.03 349.17
15587.24 350.09
15588.44 349.04
15589.66 349.52
15590.87 349.76
15592.08 348.38
15593.28 348.69
15594.50 348.35
15595.72 348.67
15596.92 348.84
15598.13 348.42
15599.35 349.21
15600.56 348.10
15601.77 348.05
15602.97 348.53
15604.18 348.26
15605.39 348.63
15606.60 348.82
15607.81 349.41
15609.02 348.70
15610.22 349.35
15611.43 348.18
15612.65 348.09
15613.86 348.04
15615.06 348.52
15616.27 348.26
15617.48 348.63
15618.69 349.32
15619.90 349.66
15621.10 349.83
15622.31 349.91
15623.52 349.46
15624.74 348.73
15625.95 348.86
15627.16 348.43
15628.37 348.72
15629.58 348.86
15630.79 349.93
15632.00 349.46
15633.20 349.73
15634.40 350.37
15635.62 350.18
15636.83 350.59
15638.04 350.80
15639.24 349.40
15640.44 350.20
15641.66 350.10
15642.87 350.05
15644.08 350.52
15645.28 350.26
15646.49 349.63
15647.71 348.82
15648.92 348.41
15650.13 348.20
15651.34 348.10
15652.55 349.05
15653.75 349.53
15654.96 348.76
15656.17 349.88
15657.38 348.94
15658.59 348.97
15659.80 349.99
15661.00 349.99
15662.20 349.00
15663.40 349.50
15664.60 348.75
15665.80 349.37
15667.00 349.69
15668.20 349.84
15669.41 348.92
15670.62 348.46
15671.83 348.73
15673.04 349.87
15674.24 349.93
15675.45 348.97
15676.67 349.48
15677.88 349.74
15679.08 350.37
15680.28 350.19
15681.49 350.09
15682.71 350.05
15683.92 350.02
15685.12 350.01
15686.33 350.01
15687.54 350.00
15688.74 350.50
15689.94 349.75
15691.15 349.38
15692.36 350.19
15693.57 349.59
15694.78 349.80
15695.98 348.90
15697.18 349.45
15698.39 348.22
15699.60 348.11
15700.80 348.56
15702.02 348.78
15703.22 348.39
15704.43 348.69
15705.64 348.35
15706.85 348.17
15708.06 348.09
15709.26 348.04
15710.47 349.02
15711.68 349.51
15712.89 349.26
15714.10 349.13
15715.31 349.06
15716.53 350.03
15717.73 350.52
15718.95 350.26
15720.16 350.63
15721.37 350.31
15722.59 349.16
15723.80 349.58
15725.00 348.79
15726.20 348.89
15727.40 348.45
15728.61 348.22
15729.83 348.11
15731.04 348.06
15732.24 348.03
15733.45 348.01
15734.67 348.51
15735.88 349.25
15737.08 349.13
15738.29 348.56
15739.51 348.28
15740.72 349.64
15741.93 350.32
15743.15 350.66
15744.36 349.33
15745.57 348.67
15746.79 348.33
15748.00 348.17
15749.20 349.08
15750.40 349.54
15751.60 349.27
15752.81 349.14
15754.03 349.57
15755.24 349.28
15756.45 350.14
15757.67 349.57
15758.88 348.79
15760.08 347.89
15761.28 347.95
15762.49 347.97
15763.71 348.49
15764.92 348.24
15766.12 349.12
15767.34 349.56
15768.55 348.78
15769.76 348.39
15770.97 349.20
15772.18 349.60
15773.39 350.30
15774.60 350.15
15775.80 349.07
15777.00 349.54
15778.20 350.27
15779.41 349.13
15780.64 349.07
15781.84 349.53
15783.06 349.77
15784.27 349.88
15785.48 350.44
15786.69 350.72
15787.90 349.36
15789.11 349.68
15790.32 349.84
15791.52 349.92
15792.73 349.96
15793.94 348.98
15795.15 348.49
15796.36 349.25
15797.57 348.62
15798.78 349.31
15799.99 348.66
15801.20 348.33
15802.40 348.16
15803.61 349.08
15804.82 349.54
15806.03 348.77
15807.24 348.89
15808.45 349.44
15809.68 349.72
15810.88 349.36
15812.09 348.68
15813.29 348.34
15814.51 348.17
15815.72 349.09
15816.93 350.04
15818.13 350.02
15819.34 349.01
15820.55 349.01
15821.76 349.50
15822.96 348.75
15824.17 348.88
15825.38 348.94
15826.59 349.97
15827.80 349.48
15829.00 348.74
15830.20 348.37
15831.41 348.69
15832.64 349.84
15833.84 349.92
15835.05 349.46
15836.26 348.73
15837.47 348.87
15838.69 349.43
15839.90 349.72
15841.11 350.36
15842.32 350.18
15843.54 350.09
15844.75 349.04
15845.96 348.52
15847.16 348.26
15848.37 349.13
15849.59 349.57
15850.80 349.78
15852.00 349.89
15853.20 349.95
15854.40 349.97
15855.61 348.99
15856.82 349.49
15858.03 350.25
15859.24 350.62
15860.45 350.31
15861.68 349.16
15862.89 348.58
15864.10 349.29
15865.31 349.14
15866.52 349.57
15867.73 349.79
15868.94 349.89
15870.15 349.95
15871.36 349.47
15872.57 348.74
15873.78 348.87
15874.99 349.93
15876.20 348.97
15877.40 348.48
15878.60 347.74
15879.80 349.37
15881.00 349.69
15882.20 349.84
15883.41 348.92
15884.63 348.46
15885.84 348.73
15887.04 348.87
15888.25 348.93
15889.46 348.47
15890.68 348.73
15891.89 349.87
15893.10 350.43
15894.31 349.72
15895.52 349.86
15896.74 348.93
15897.95 348.96
15899.16 349.48
15900.36 348.74
15901.57 349.37
15902.78 350.19
15904.00 349.09
15905.20 350.05
15906.40 350.02
15907.60 350.01
15908.80 350.01
15910.00 350.50
15911.20 350.75
15912.40 350.88
15913.61 349.94
15914.82 349.97
15916.03 349.48
15917.24 348.74
15918.45 348.37
15919.68 348.69
15920.88 348.34
15922.09 348.67
15923.29 348.34
15924.51 348.17
15925.72 349.58
15926.93 349.29
15928.14 349.65
15929.36 349.82
15930.56 349.41
15931.77 348.71
15932.99 348.85
15934.20 348.43
15935.40 348.71
15936.61 348.36
15937.83 348.18
15939.04 348.09
15940.24 348.54
15941.44 349.27
15942.66 350.14
15943.88 349.07
15945.08 349.53
15946.28 350.27
15947.50 350.63
15948.71 349.82
15949.92 348.91
15951.13 348.45
15952.34 349.23
15953.56 350.11
15954.77 350.06
15955.98 350.03
15957.19 349.51
15958.40 349.76
15959.61 349.38
15960.83 349.69
15962.04 349.34
15963.24 349.67
15964.45 349.34
15965.68 348.67
15966.88 349.33
15968.09 349.17
15969.30 349.58
15970.52 348.79
15971.73 348.90
15972.94 348.95
15974.15 348.97
15975.36 348.99
15976.57 348.99
15977.78 349.50
15978.99 348.75
15980.20 348.87
15981.40 348.94
15982.61 348.97
15983.82 348.98
15985.03 348.99
15986.23 349.50
15987.44 349.75
15988.66 349.37
15989.87 349.69
15991.08 349.34
15992.28 349.17
15993.50 348.59
15994.71 348.79
15995.92 348.90
15997.12 349.45
15998.34 349.22
15999.56 349.11
16000.77 349.06
16001.97 349.53
16003.18 349.26
16004.39 349.13
16005.60 349.07
16006.80 349.03
16008.00 349.52
16009.20 349.26
16010.41 349.13
16011.64 349.56
16012.84 349.28
16014.05 349.14
16015.25 349.07
16016.45 349.54
16017.67 349.77
16018.88 349.88
16020.08 349.44
16021.28 349.22
16022.50 349.61
16023.71 348.81
16024.92 347.90
16026.12 348.45
16027.33 348.73
16028.54 349.36
16029.75 349.18
16030.96 349.59
16032.16 349.80
16033.37 348.90
16034.57 348.45
16035.78 348.72
16037.00 348.86
16038.20 348.93
16039.40 348.97
16040.61 348.48
16041.82 348.74
16043.03 348.37
16044.24 349.19
16045.45 348.59
16046.67 348.80
16047.87 348.90
16049.07 349.45
16050.27 348.72
16051.48 348.36
16052.69 347.68
16053.90 347.84
16055.10 348.42
16056.31 348.21
16057.52 347.61
16058.74 348.30
16059.95 348.15
16061.16 348.08
16062.36 348.04
16063.57 348.02
16064.78 348.01
16065.99 348.00
16067.19 348.50
16068.39 348.75
16069.60 348.88
16070.80 348.44
16072.00 348.72
16073.20 348.86
16074.40 348.93
16075.60 348.96
16076.81 349.48
16078.02 349.24
16079.23 348.62
16080.44 348.81
16081.65 348.91
16082.86 348.95
16084.07 348.98
16085.27 348.99
16086.48 348.99
16087.69 349.00
16088.89 349.00
16090.09 349.00
16091.29 349.00
16092.50 350.00
16093.69 349.50
16094.89 348.75
16096.10 348.37
16097.31 348.19
16098.52 349.59
16099.73 348.80
16100.94 347.90
16102.14 347.95
16103.35 348.47
16104.56 347.74
16105.76 348.37
16106.97 348.68
16108.18 349.34
16109.39 348.67
16110.60 348.34
16111.81 348.67
16113.02 348.83
16114.22 349.42
16115.43 349.21
16116.65 349.60
16117.85 348.80
16119.05 348.90
16120.25 348.45
16121.46 348.73
16122.68 349.36
16123.90 348.68
16125.10 348.84
16126.30 348.92
16127.51 348.96
16128.72 348.48
16129.93 349.24
16131.14 349.62
16132.35 349.31
16133.56 348.66
16134.77 348.83
16135.98 349.41
16137.19 348.21
16138.40 348.60
16139.60 348.30
16140.80 348.65
16142.00 348.83
16143.20 349.41
16144.41 350.21
16145.64 349.60
16146.84 349.80
16148.04 348.40
16149.24 348.70
16150.44 348.85
16151.66 348.43
16152.88 348.21
16154.08 348.11
16155.29 349.55
16156.51 349.78
16157.72 350.39
16158.92 350.19
16160.13 349.10
16161.34 349.05
16162.55 348.02
16163.75 348.51
16164.96 348.26
16166.16 348.13
16167.38 348.56
16168.59 348.78
16169.80 348.89
16171.00 348.95
16172.20 348.47
16173.40 349.74
16174.61 349.87
16175.82 349.43
16177.03 348.22
16178.24 348.61
16179.45 349.30
16180.67 348.65
16181.88 348.83
16183.08 348.41
16184.28 347.71
16185.51 348.85
16186.72 349.43
16187.93 349.21
16189.14 348.61
16190.36 348.30
16191.56 349.65
16192.77 349.83
16193.98 349.41
16195.19 349.21
16196.40 349.10
16197.60 349.55
16198.81 349.28
16200.02 349.14
16201.23 349.07
16202.44 349.03
16203.65 349.02
16204.86 349.51
16206.07 349.25
16207.28 349.13
16208.50 348.56
16209.71 348.28
16210.92 348.64
16212.13 349.32
16213.34 349.16
16214.55 349.08
16215.75 350.04
16216.96 349.52
16218.16 348.26
16219.37 348.63
16220.58 348.32
16221.80 348.66
16223.00 348.83
16224.20 348.91
16225.41 348.96
16226.63 349.48
16227.84 349.74
16229.04 348.87
16230.24 349.43
16231.45 349.22
16232.68 349.11
16233.89 349.05
16235.09 349.53
16236.30 349.76
16237.51 349.38
16238.73 349.69
16239.94 349.85
16241.15 349.92
16242.36 349.46
16243.56 349.23
16244.77 349.12
16245.99 349.06
16247.19 349.53
16248.40 349.26
16249.60 348.63
16250.81 348.82
16252.03 349.41
16253.24 348.70
16254.44 348.35
16255.66 348.18
16256.88 349.09
16258.08 349.04
16259.28 349.02
16260.49 349.01
16261.70 349.01
16262.90 348.50
16264.10 349.25
16265.31 349.13
16266.52 348.56
16267.73 348.78
16268.94 349.39
16270.15 349.70
16271.36 349.35
16272.57 349.67
16273.78 349.34
16274.99 349.17
16276.20 349.08
16277.40 349.04
16278.60 348.02
16279.80 349.01
16281.00 348.51
16282.20 348.75
16283.40 348.88
16284.60 348.94
16285.80 348.47
16287.00 348.73
16288.20 348.87
16289.40 348.43
16290.62 349.72
16291.83 349.36
16293.04 349.18
16294.25 349.59
16295.46 349.29
16296.68 349.65
16297.88 349.32
16299.09 349.16
16300.30 349.58
16301.51 349.29
16302.72 349.15
16303.93 349.07
16305.14 349.04
16306.36 349.02
16307.56 349.01
16308.77 349.00
16309.97 349.50
16311.17 349.75
16312.38 350.38
16313.59 349.69
16314.80 349.34
16316.00 349.17
16317.20 349.59
16318.41 349.29
16319.64 348.65
16320.85 348.82
16322.06 348.91
16323.26 348.96
16324.47 349.98
16325.68 349.49
16326.89 349.74
16328.10 349.87
16329.30 349.44
16330.51 349.22
16331.72 349.11
16332.94 349.55
16334.15 349.78
16335.36 349.89
16336.56 349.94
16337.77 349.47
16338.98 349.24
16340.19 349.12
16341.40 348.56
16342.62 349.28
16343.83 349.14
16345.04 348.57
16346.25 348.78
16347.46 348.89
16348.68 348.45
16349.88 348.72
16351.09 348.36
16352.30 348.68
16353.51 349.34
16354.72 349.67
16355.92 349.34
16357.14 349.17
16358.36 349.08
16359.56 350.04
16360.76 350.02
16361.97 349.01
16363.18 350.01
16364.39 349.50
16365.60 349.75
16366.80 349.38
16368.01 349.19
16369.22 349.09
16370.43 349.05
16371.64 349.02
16372.85 349.01
16374.06 349.01
16375.26 348.50
16376.47 348.75
16377.68 349.38
16378.89 349.69
16380.10 348.84
16381.31 348.42
16382.52 348.21
16383.74 348.61
16384.96 348.80
16386.16 348.90
16387.36 349.45
16388.57 349.23
16389.79 349.61
16391.00 349.31
16392.20 348.65
16393.41 349.33
16394.63 349.16
16395.84 348.58
16397.05 348.79
16398.25 348.90
16399.44 348.45
16400.66 348.72
16401.87 347.86
16403.08 348.93
16404.28 348.97
16405.50 349.48
16406.70 349.74
16407.90 349.87
16409.10 349.94
16410.31 348.97
16411.52 348.98
16412.73 348.99
16413.93 349.00
16415.13 349.00
16416.33 349.00
16417.53 349.50
16418.73 349.75
16419.94 349.37
16421.15 349.19
16422.36 349.59
16423.57 349.30
16424.78 348.65
16425.99 348.82
16427.20 349.41
16428.41 349.21
16429.64 348.60
16430.84 349.30
16432.05 349.15
16433.25 349.08
16434.46 349.54
16435.68 349.77
16436.89 349.38
16438.09 349.19
16439.30 349.10
16440.50 349.05
16441.70 348.02
16442.90 348.01
16444.10 348.01
16445.30 348.50
16446.50 348.25
16447.71 348.13
16448.92 348.56
16450.13 348.28
16451.34 348.14
16452.55 348.07
16453.76 348.54
16454.97 347.77
16456.17 348.38
16457.38 347.69
16458.59 348.35
16459.80 348.17
16461.00 348.09
16462.20 348.04
16463.40 348.52
16464.60 349.26
16465.81 348.63
16467.02 348.32
16468.23 348.66
16469.44 348.83
16470.65 348.41
16471.86 348.21
16473.07 348.10
16474.28 349.05
16475.49 349.03
16476.70 349.51
16477.91 348.26
16479.12 348.63
16480.34 348.31
16481.55 349.16
16482.76 349.08
16483.97 348.04
16485.17 349.02
16486.38 348.51
16487.60 349.25
16488.81 348.63
16490.02 348.81
16491.22 347.91
16492.43 347.95
16493.65 347.48
16494.85 348.24
16496.06 349.12
16497.27 349.56
16498.49 348.78
16499.70 348.89
16500.91 348.44
16502.12 348.72
16503.33 348.86
16504.54 348.93
16505.75 349.47
16506.97 349.23
16508.18 348.62
16509.39 348.81
16510.60 349.40
16511.80 349.20
16513.00 349.10
16514.20 349.05
16515.40 349.03
16516.60 349.01
16517.80 349.51
16519.00 349.25
16520.20 348.63
16521.41 348.31
16522.64 348.66
16523.84 348.33
16525.05 348.66
16526.25 348.83
16527.46 348.42
16528.68 348.71
16529.89 348.85
16531.10 348.93
16532.31 349.46
16533.52 349.23
16534.73 349.12
16535.94 349.06
16537.15 349.53
16538.36 349.26
16539.57 349.13
16540.78 349.07
16541.99 349.03
16543.20 348.52
16544.41 348.26
16545.63 348.13
16546.84 348.56
16548.05 348.78
16549.25 348.89
16550.46 349.95
16551.68 349.97
16552.89 349.49
16554.09 348.74
16555.29 348.87
16556.50 348.94
16557.71 348.97
16558.92 348.98
16560.13 348.99
16561.34 349.00
16562.54 349.50
16563.74 349.25
16564.95 349.62
16566.16 350.31
16567.37 349.66
16568.58 349.33
16569.79 349.16
16571.00 349.08
16572.19 348.54
16573.40 348.77
16574.62 349.39
16575.84 349.19
16577.05 348.60
16578.25 348.80
16579.44 349.40
16580.66 349.20
16581.87 349.10
16583.08 349.55
16584.28 349.27
16585.50 349.14
16586.71 349.07
16587.92 349.03
16589.13 349.02
16590.34 349.01
16591.55 348.50
16592.76 349.25
16593.97 349.13
16595.18 349.06
16596.39 349.03
16597.60 350.02
16598.80 349.51
16600.00 349.25
16601.21 349.13
16602.43 349.06
16603.65 349.53
16604.85 349.27
16606.06 349.63
16607.27 349.32
16608.49 349.16
16609.70 349.08
16610.90 349.54
16612.10 349.27
16613.31 349.13
16614.53 348.57
16615.74 348.78
16616.95 349.39
16618.16 349.20
16619.36 349.60
16620.57 348.30
16621.78 349.15
16622.99 349.07
16624.20 349.04
16625.40 349.02
16626.60 348.51
16627.81 348.75
16629.02 348.88
16630.22 348.94
16631.43 348.97
16632.65 348.98
16633.86 348.99
16635.07 349.00
16636.27 349.50
16637.49 349.25
16638.70 348.62
16639.91 348.31
16641.12 348.66
16642.33 349.33
16643.54 349.16
16644.75 349.08
16645.95 349.04
16647.15 349.52
16648.36 349.26
16649.57 349.63
16650.78 349.82
16651.99 349.41
16653.20 349.20
16654.40 349.10
16655.60 348.55
16656.81 348.78
16658.02 348.89
16659.22 349.44
16660.43 348.72
16661.65 348.36
16662.86 349.18
16664.07 349.59
16665.27 349.80
16666.49 350.40
16667.69 350.20
16668.90 349.60
16670.10 348.80
16671.30 348.90
16672.50 348.95
16673.70 348.97
16674.90 348.99
16676.10 348.99
16677.30 349.00
16678.50 349.50
16679.70 348.75
16680.91 348.87
16682.12 348.44
16683.34 349.22
16684.55 348.61
16685.76 348.80
16686.96 348.90
16688.16 348.45
16689.36 348.73
16690.57 349.36
16691.78 349.18
16692.99 349.09
16694.19 349.05
16695.40 349.52
16696.61 348.76
16697.82 349.38
16699.03 349.19
16700.24 349.10
16701.45 349.55
16702.67 348.77
16703.88 348.89
16705.08 348.94
16706.28 348.97
16707.50 349.49
16708.70 349.74
16709.90 348.87
16711.10 349.44
16712.31 349.72
16713.52 349.86
16714.73 349.93
16715.95 349.46
16717.16 349.23
16718.37 350.12
16719.59 350.06
16720.80 349.53
16722.00 348.76
16723.20 348.38
16724.41 348.19
16725.63 349.60
16726.84 349.80
16728.04 349.90
16729.25 349.45
16730.45 349.22
16731.67 349.61
16732.88 349.31
16734.08 349.65
16735.28 349.33
16736.50 349.16
16737.70 349.08
16738.90 349.04
16740.10 348.52
16741.31 348.76
16742.52 348.88
16743.73 349.44
16744.94 349.22
16746.15 349.11
16747.36 348.55
16748.57 349.28
16749.78 349.14
16750.99 349.07
16752.20 349.53
16753.41 349.27
16754.63 349.13
16755.84 349.57
16757.05 349.28
16758.26 349.14
16759.48 349.07
16760.68 348.54
16761.89 347.77
16763.10 348.38
16764.31 348.69
16765.52 349.35
16766.73 349.17
16767.95 349.09
16769.16 349.04
16770.36 349.02
16771.57 348.01
16772.78 348.51
16773.99 348.75
16775.20 348.88
16776.41 348.94
16777.63 348.97
16778.84 348.98
16780.05 348.49
16781.25 348.25
16782.48 349.12
16783.69 349.06
16784.89 349.03
16786.09 349.02
16787.29 349.51
16788.50 349.25
16789.71 349.13
16790.92 349.06
16792.13 348.53
16793.35 348.77
16794.56 348.88
16795.77 348.94
16796.98 349.97
16798.19 349.99
16799.40 348.99
16800.61 349.00
16801.81 348.00
16803.01 348.00
16804.20 348.50
16805.41 348.75
16806.63 348.87
16807.84 348.94
16809.05 349.47
16810.25 349.23
16811.46 348.62
16812.68 348.81
16813.89 348.90
16815.10 348.95
16816.30 348.98
16817.50 348.49
16818.70 349.74
16819.90 350.37
16821.10 349.69
16822.31 349.34
16823.52 349.17
16824.73 349.09
16825.94 348.54
16827.15 348.77
16828.36 348.89
16829.57 348.44
16830.78 348.72
16831.99 349.36
16833.20 349.18
16834.41 348.59
16835.63 349.30
16836.84 349.65
16838.05 349.32
16839.25 349.16
16840.46 349.08
16841.68 348.54
16842.89 348.77
16844.10 348.89
16845.31 348.94
16846.52 349.47
16847.73 349.24
16848.94 349.12
16850.15 349.06
16851.36 349.03
16852.57 348.51
16853.78 348.76
16854.99 348.88
16856.20 348.94
16857.41 349.47
16858.63 349.73
16859.84 348.37
16861.05 348.18
16862.25 348.59
16863.46 348.80
16864.68 348.40
16865.89 348.70
16867.08 348.85
16868.28 348.92
16869.50 348.46
16870.70 348.73
16871.91 349.37
16873.12 349.18
16874.34 349.09
16875.54 350.05
16876.75 349.02
16877.96 349.01
16879.16 349.01
16880.37 349.50
16881.58 348.75
16882.79 348.88
16884.00 348.94
16885.20 348.97
16886.41 348.98
16887.63 348.99
16888.84 349.00
16890.05 349.00
16891.24 349.00
16892.44 349.00
16893.65 349.00
16894.84 349.00
16896.05 349.50
16897.25 348.75
16898.45 348.88
16899.68 349.44
16900.89 349.22
16902.09 349.61
16903.30 349.30
16904.50 348.65
16905.70 348.83
16906.91 348.91
16908.12 348.96
16909.33 348.98
16910.54 348.99
16911.75 349.49
16912.96 348.75
16914.16 348.87
16915.37 349.44
16916.58 348.72
16917.79 348.86
16919.00 349.43
16920.20 348.71
16921.41 348.86
16922.63 349.43
16923.84 349.21
16925.05 349.11
16926.26 349.05
16927.48 349.03
16928.68 349.51
16929.89 349.76
16931.10 349.88
16932.30 349.44
16933.51 349.72
16934.72 349.36
16935.94 349.18
16937.15 349.09
16938.36 348.54
16939.57 348.27
16940.78 348.14
16941.99 348.57
16943.20 348.78
16944.41 348.89
16945.63 348.95
16946.84 348.97
16948.05 348.99
16949.26 347.99
16950.48 348.50
16951.68 348.75
16952.89 349.37
16954.10 349.19
16955.31 348.09
16956.52 348.55
16957.73 348.77
16958.94 348.39
16960.15 348.19
16961.36 348.10
16962.57 348.55
16963.78 349.27
16964.99 349.14
16966.20 349.07
16967.40 349.03
16968.60 349.02
16969.81 348.51
16971.02 348.75
16972.22 348.88
16973.43 348.44
16974.65 349.22
16975.86 349.11
16977.08 349.05
16978.28 349.03
16979.49 349.01
16980.69 349.51
16981.90 349.75
16983.10 349.38
16984.31 349.69
16985.52 348.84
16986.73 348.92
16987.93 348.96
16989.14 349.98
16990.36 349.49
16991.57 349.25
16992.78 349.12
16993.99 349.06
16995.19 349.03
16996.40 349.02
16997.61 349.01
16998.82 349.00
17000.02 349.00
17001.21 349.50
17002.42 349.25
17003.65 349.63
17004.86 349.31
17006.07 349.16
17007.28 349.08
17008.49 349.04
17009.69 349.52
17010.90 348.76
17012.11 348.88
17013.32 348.94
17014.52 348.97
17015.73 348.98
17016.94 348.99
17018.15 349.00
17019.35 348.50
17020.56 349.25
17021.76 348.62
17022.98 348.81
17024.19 348.91
17025.40 349.45
17026.61 349.23
17027.83 348.61
17029.05 348.81
