9568.80 0.75
9569.88 0.88
9570.96 0.44
9572.04 0.22
9573.11 0.11
9574.20 0.05
9575.26 0.03
9576.34 2.01
9579.59 4.00
9580.67 3.50
9582.85 3.13
9583.94 5.56
9585.03 5.78
9586.12 3.89
9587.20 5.95
9588.29 7.97
9589.38 5.99
9590.46 6.99
9591.55 7.50
9592.64 8.75
9593.73 7.37
9594.82 6.69
9595.91 6.84
9596.98 7.92
9598.08 4.96
9599.16 6.48
9600.25 7.74
9601.34 6.87
9602.43 6.44
9603.52 8.72
9604.61 8.86
9605.70 6.43
9606.78 6.21
9607.86 7.11
9608.95 9.05
9610.04 6.53
9611.12 7.26
9612.21 9.63
9613.30 8.32
9614.38 8.16
9615.46 8.58
9616.55 11.79
9617.68 9.89
9618.77 6.95
9619.86 7.97
9620.95 8.99
9622.04 7.49
9623.12 6.75
9624.21 9.87
9625.30 9.94
9626.39 8.47
9627.47 9.73
9628.56 10.37
9629.70 8.68
9630.78 7.84
9631.88 8.92
9632.95 9.46
9634.04 8.73
9635.12 7.87
9636.22 9.43
9637.30 9.72
9638.39 8.86
9639.48 7.93
9640.57 9.46
9641.66 8.23
9642.75 7.12
9643.84 9.06
9644.92 11.03
9646.04 9.01
9647.12 7.51
9648.21 9.25
9649.30 9.63
9650.39 6.81
9651.48 5.91
9652.56 8.45
9653.65 8.73
9654.74 7.36
9655.82 7.68
9656.91 9.84
9658.00 8.92
9659.08 7.96
9660.15 7.98
9661.24 11.49
9662.37 9.75
9663.47 6.87
9664.55 8.94
9665.63 10.47
9666.76 8.73
9667.85 8.37
9668.94 8.18
9670.02 9.09
9671.11 7.55
9672.20 7.77
9673.28 9.89
9674.37 12.44
9675.50 13.72
9676.62 14.86
9677.75 13.93
9678.89 14.47
9680.02 15.23
9681.14 16.62
9682.26 18.31
9683.40 16.65
9684.51 16.33
9685.64 16.16
9686.77 16.08
9687.89 16.04
9689.01 16.02
9690.13 16.01
9691.26 17.51
9692.40 16.25
9693.52 15.63
9694.65 17.31
9695.78 15.66
9696.90 15.83
9698.02 16.41
9699.14 17.71
9700.27 17.35
9701.40 18.18
9702.52 16.59
