13581.38 0.01
13582.50 0.00
13583.60 0.00
13584.70 0.00
13585.80 2.00
13586.90 3.50
13588.02 1.75
13589.14 1.88
13591.40 3.72
13592.52 4.86
13593.65 3.93
13594.78 4.96
13595.91 4.48
13597.04 3.74
13598.15 5.87
13599.28 4.94
13600.41 5.97
13601.54 6.98
13602.66 8.99
13603.80 6.00
13604.90 6.00
13606.02 6.50
13607.14 6.25
13608.26 7.62
13609.40 8.31
13610.52 7.66
13611.65 7.33
13612.78 7.16
13613.90 7.58
13615.02 10.29
13616.19 8.15
13617.31 4.07
13618.43 5.54
13619.56 6.77
13620.69 7.38
13621.82 6.19
13622.94 7.10
13624.06 8.05
13625.19 5.52
13626.31 6.26
13627.44 8.63
13628.57 8.82
13629.70 6.91
13630.82 7.45
13631.94 7.73
13633.07 8.36
13634.19 9.18
13635.32 12.09
13636.48 10.55
13637.65 8.77
13638.78 9.39
13639.91 8.19
13641.04 8.10
13642.15 9.55
13643.28 12.27
13644.45 11.64
13645.62 10.32
13646.78 9.16
13647.92 9.08
13649.03 8.54
13650.15 9.27
13651.28 11.13
13652.45 9.07
13653.58 8.53
13654.71 7.77
13655.83 9.88
13656.96 8.44
13658.09 8.22
13659.21 10.11
13660.38 12.06
13661.54 10.03
13662.70 11.51
13663.86 13.26
13665.04 10.63
13666.20 7.81
13667.33 8.91
13668.45 8.45
13669.58 5.73
13670.70 8.86
13671.82 11.93
13673.00 8.47
13674.12 6.73
13675.24 10.37
13676.41 12.18
13677.58 8.09
13678.69 6.55
13679.82 9.77
13680.94 10.39
13682.12 6.19
13683.24 6.60
13684.36 7.80
13685.48 10.90
13686.64 12.45
13687.82 13.72
13688.98 16.36
13690.15 16.18
13691.32 14.59
13692.49 14.30
13693.65 14.65
13694.82 14.82
13695.99 15.91
13697.15 16.46
13698.32 16.23
13699.49 17.11
13700.66 17.56
13701.82 16.78
13702.99 16.39
13704.16 16.19
13705.34 16.60
13706.50 16.80
13707.65 16.90
13708.81 17.45
13709.98 17.22
13711.14 17.61
13712.31 17.31
13713.48 16.65
13714.65 17.33
13715.82 16.66
13716.98 16.33
13718.15 16.67
