8574.98 1.25
8576.06 0.63
8577.13 0.31
8578.21 0.66
8579.30 2.83
8580.38 3.91
8581.47 1.96
8582.56 2.98
8584.74 3.74
8585.83 3.37
8586.92 6.69
8588.00 5.84
8589.07 5.92
8590.16 5.46
8591.24 8.23
8592.33 8.12
8593.43 5.06
8594.50 7.53
8595.59 9.26
8596.68 8.13
8597.76 7.57
8598.85 8.78
8599.94 9.39
8601.02 8.20
8602.10 7.60
8603.18 7.80
8604.26 6.40
8605.35 4.70
8606.44 4.85
8607.52 7.92
8608.61 7.96
8609.70 5.48
8610.78 5.24
8611.86 9.12
8612.96 7.56
8614.04 4.78
8615.12 6.39
8616.21 7.70
8617.30 5.85
8618.38 5.92
8619.48 9.96
8620.56 8.48
8621.65 6.74
8622.74 6.87
8623.83 9.94
8624.93 9.97
8626.01 8.48
8627.10 9.24
8628.18 11.62
8629.31 9.81
8630.40 7.91
8631.49 10.45
8632.62 10.73
8633.75 7.36
8634.84 6.68
8635.93 8.84
8637.01 9.92
8638.10 8.96
8639.18 8.48
8640.27 9.74
8641.36 8.87
8642.45 6.94
8643.54 7.97
8644.63 11.48
8645.76 8.24
8646.85 8.12
8647.94 10.06
8649.06 10.03
8650.18 8.52
8651.27 8.26
8652.36 11.63
8653.49 10.81
8654.62 9.41
8655.71 9.70
8656.80 10.35
8657.93 9.18
8659.01 8.59
8660.09 8.79
8661.17 10.40
8662.29 8.70
8663.38 9.85
8664.46 9.92
8665.56 8.46
8666.64 7.73
8667.73 7.37
8668.82 9.18
8669.92 8.09
8671.00 6.55
8672.07 8.77
8673.15 10.39
8674.28 13.19
8675.41 13.60
8676.53 13.30
8677.65 15.15
8678.78 15.57
8679.92 15.79
8681.04 15.89
8682.16 13.95
8683.29 15.97
8684.42 16.99
8685.54 18.49
8686.67 15.25
8687.80 14.12
8688.92 15.06
8690.05 15.03
8691.17 15.02
8692.30 15.01
8693.42 16.50
8694.54 17.25
8695.67 16.13
8696.79 17.06
8697.92 16.03
8699.05 15.52
8700.17 15.26
8701.30 16.63
8702.42 16.31
8703.55 17.16
8704.68 16.08
8705.80 16.04
8706.92 15.52
