11577.41 0.00
11578.52 0.50
11579.64 1.75
11580.76 0.88
11581.89 2.44
11583.02 2.72
11584.15 2.86
11585.27 2.93
11587.52 6.48
11588.65 5.74
11589.78 7.37
11590.90 7.69
11592.03 5.84
11593.15 3.92
11594.28 4.96
11595.40 6.48
11596.52 6.74
11597.65 5.87
11598.78 6.94
11599.91 5.47
11601.04 5.23
11602.15 6.62
11603.28 8.81
11604.41 8.40
11605.53 6.70
11606.65 8.35
11607.78 9.18
11608.91 8.09
11610.03 6.54
11611.15 8.77
11612.26 9.39
11613.40 6.69
11614.51 7.85
11615.64 9.42
11616.77 7.71
11617.90 6.36
11619.02 7.18
11620.14 10.59
11621.32 8.79
11622.44 7.40
11623.56 10.20
11624.72 9.60
11625.84 7.80
11626.96 8.40
11628.08 9.70
11629.19 8.85
11630.32 9.92
11631.45 9.46
11632.58 8.73
11633.71 7.87
11634.84 8.43
11635.96 10.72
11637.13 9.86
11638.26 8.43
11639.38 10.71
11640.56 8.36
11641.69 6.18
11642.83 6.09
11643.94 7.04
11645.07 8.02
11646.19 6.01
11647.32 8.51
11648.45 9.25
11649.58 10.13
11650.74 9.06
11651.86 10.03
11653.02 9.52
11654.16 6.76
11655.28 8.88
11656.41 9.94
11657.54 9.97
11658.67 6.48
11659.79 8.24
11660.92 10.12
11662.09 8.56
11663.21 7.28
11664.34 11.14
11665.51 8.57
11666.64 6.29
11667.77 8.14
11668.90 9.57
11670.02 6.79
11671.14 8.39
11672.26 9.70
11673.38 9.35
11674.52 7.67
11675.65 8.84
11676.77 10.92
11677.94 12.46
11679.11 12.73
11680.28 13.36
11681.45 13.68
11682.62 13.84
11683.78 14.42
11684.96 15.71
11686.13 14.36
11687.30 15.18
11688.46 16.59
11689.62 17.79
11690.79 15.40
11691.96 16.70
11693.12 15.85
11694.29 15.92
11695.46 16.96
11696.62 15.48
11697.79 16.74
11698.97 18.37
11700.14 18.19
11701.30 17.09
11702.46 17.55
11703.62 18.27
11704.80 16.64
11705.96 17.82
11707.13 17.91
11708.30 16.45
11709.46 18.73
11710.62 19.36
11711.80 17.18
11712.97 16.59
11714.14 16.80
