0.0 0.0
1.09 5.13808606294
2.19 4.43159922929
3.26 7.32177263969
4.36 15.2215799615
5.44 15.9280667951
6.52 3.4039820167
7.61 10.0192678227
9.79 18.1759794477
10.88 14.1939627489
11.96 15.4142581888
13.05 19.267822736
14.14 21.1303789338
16.32 19.3962748876
17.41 21.1946050096
18.5 18.9466923571
19.59 17.7906229929
20.68 23.6351958895
21.76 36.159280668
22.84 23.185613359
23.93 13.4874759152
25.02 27.9383429672
26.11 31.920359666
27.2 33.9113680154
28.28 25.2408477842
29.37 33.7829158638
30.45 25.2408477842
31.54 17.7263969171
32.64 13.9370584457
33.72 34.5536287733
34.81 32.0488118176
35.9 27.5529865125
36.98 34.938985228
38.06 35.3885677585
39.15 42.0680796403
40.24 26.1400128452
41.33 27.8098908157
42.42 41.4900449583
43.5 29.0944123314
44.58 42.1323057161
45.68 48.6191393706
46.76 32.6268464997
47.85 24.6628131021
48.95 30.2504816956
50.03 39.4990366089
51.12 28.0667951188
52.21 31.9845857418
53.3 24.3416827232
54.38 42.9672447013
55.45 29.8008991651
56.52 16.7630057803
57.61 42.3892100193
58.7 35.9666024406
59.78 39.1136801541
60.87 27.8741168915
61.96 47.9768786127
63.04 45.1509312781
64.13 40.5266538215
65.22 41.4258188825
66.3 51.509312781
67.4 37.2511239563
68.48 17.3410404624
69.57 26.5895953757
70.66 47.3346178548
71.75 44.8298008992
72.83 46.7565831728
73.92 41.3615928067
75.0 38.5998715478
76.09 34.039820167
77.18 25.3692999358
78.26 33.8471419396
79.36 28.4521515735
80.44 22.5433526012
81.53 32.4341682723
82.62 34.1682723186
83.72 25.3692999358
84.81 14.5793192036
85.9 22.0295439949
86.98 48.2337829159
88.06 51.7019910083
89.15 50.2247912653
90.24 68.7861271676
91.38 78.0346820809
92.5 82.6589595376
93.64 81.7597944766
94.77 84.5215157354
95.9 76.2363519589
97.02 84.9710982659
98.15 89.3384714194
99.28 85.0995504175
100.41 79.7687861272
101.53 73.9242132306
102.66 87.0263326911
103.78 87.1547848426
104.9 77.5850995504
106.03 72.7681438664
107.15 70.3917790623
108.28 85.2922286448
109.41 89.466923571
110.53 94.7976878613
111.66 87.8612716763
112.78 87.5401412974
113.9 90.6229929351
115.02 95.3757225434
116.14 91.3294797688
117.28 79.7045600514
118.4 77.0712909441
119.52 78.9338471419
120.64 89.5311496468
121.77 78.8053949904
122.9 73.4104046243
124.02 80.3468208092
125.14 90.2376364804
126.27 85.549132948
127.4 99.2292870906
128.52 86.8336544637
129.64 93.5131663455
130.77 100.0
131.9 90.4303147078
133.02 85.6775850996
