0.0 0.0567859170926
1.12 0.0
2.22 0.0
3.32 0.0
4.42 11.3571834185
5.52 19.8750709824
6.64 9.9375354912
7.76 10.6757524134
10.02 21.1243611584
11.14 27.597955707
12.27 22.3168654174
13.4 28.1658148779
14.53 25.4400908575
15.66 21.2379329926
16.77 33.3333333333
17.9 28.0522430437
19.03 33.9011925043
20.16 39.6365701306
21.28 51.0505394662
22.42 34.0715502555
23.52 34.0715502555
24.64 36.9108461102
25.76 35.4911981829
26.88 43.2708688245
28.02 47.1890971039
29.14 43.4980124929
30.27 41.6240772288
31.4 40.6587166383
32.52 43.0437251562
33.64 58.4327086882
34.81 46.2805224304
35.93 23.1118682567
37.05 31.4593980693
38.18 38.4440658717
39.31 41.9080068143
40.44 35.1504826803
41.56 40.3180011357
42.68 45.7126632595
43.81 31.3458262351
44.93 35.5479840999
46.06 49.0062464509
47.19 50.0851788756
48.32 39.239068711
49.44 42.305508234
50.56 43.8955139125
51.69 47.4730266894
52.81 52.129471891
53.94 68.6541737649
55.1 59.9091425327
56.27 49.8012492902
57.4 53.3219761499
58.53 46.5076660988
59.66 45.996592845
60.77 54.2305508234
61.9 69.6763202726
63.07 66.0988074957
64.24 58.6030664395
65.4 52.0159000568
66.54 51.56161272
67.65 48.495173197
68.77 52.6405451448
69.9 63.202725724
71.07 51.504826803
72.2 48.43838728
73.33 44.1226575809
74.45 56.1044860875
75.58 47.9273140261
76.71 46.6780238501
77.83 57.4105621806
79.0 68.4838160136
80.16 56.9562748438
81.32 65.3605905735
82.48 75.2981260647
83.66 60.3634298694
84.82 44.3498012493
85.95 50.5962521295
87.07 47.9840999432
88.2 32.538330494
89.32 50.312322544
90.44 67.7455990914
91.62 48.0976717774
92.74 38.2169222033
93.86 58.886996025
95.03 69.1652470187
96.2 45.9398069279
97.31 37.1947756956
98.44 55.4798409994
99.56 59.0005678592
100.74 35.1504826803
101.86 37.4787052811
102.98 44.2930153322
104.1 61.8966496309
105.26 70.6984667802
106.44 77.910278251
107.6 92.9017603634
108.77 91.8796138558
109.94 82.850653038
111.11 81.2038614424
112.27 83.1913685406
113.44 84.1567291312
114.61 90.3463940943
115.77 93.4696195344
116.94 92.1635434412
118.11 97.1607041454
119.28 99.7160704145
120.44 95.2867688813
121.61 93.0721181147
122.78 91.9363997729
123.96 94.2646223737
125.12 95.4003407155
126.27 95.9681998864
127.43 99.0914253265
128.6 97.7853492334
129.76 100.0
130.93 98.2964224872
132.1 94.5485519591
133.27 98.4099943214
134.44 94.6053378762
135.6 92.7314026122
136.77 94.6621237933
