0.0 1.9944598338
1.12 0.0
2.24 10.0831024931
3.36 15.1246537396
4.49 9.36288088643
5.6 6.42659279778
6.73 13.296398892
7.86 11.1911357341
10.11 27.6454293629
11.24 15.567867036
12.37 26.2049861496
13.49 37.0083102493
14.61 23.0470914127
15.74 18.836565097
16.86 30.5817174515
17.98 33.6842105263
19.12 26.9252077562
20.24 34.6260387812
21.36 46.8144044321
22.5 39.0027700831
23.62 32.3545706371
24.74 51.1911357341
25.86 41.2188365651
26.98 36.2326869806
28.1 39.2797783934
29.24 46.3711911357
30.36 41.5512465374
31.49 33.6288088643
32.61 38.0055401662
33.74 45.7063711911
34.86 46.7590027701
35.99 36.2326869806
37.11 47.5900277008
38.24 47.756232687
39.36 39.5013850416
40.49 40.8864265928
41.61 52.6869806094
42.74 44.7645429363
43.87 35.2354570637
44.99 41.5512465374
46.12 50.2493074792
47.25 43.4903047091
48.38 42.9362880886
49.51 48.1440443213
50.63 50.8033240997
51.76 43.7673130194
52.89 45.8171745152
54.02 60.7202216066
55.18 57.0637119114
56.36 49.6952908587
57.49 51.5235457064
58.61 46.9252077562
59.74 41.8836565097
60.86 50.4155124654
61.99 57.4515235457
63.16 47.0914127424
64.29 36.3988919668
65.42 42.1606648199
66.55 47.756232687
67.68 39.5013850416
68.8 38.1717451524
69.93 54.0720221607
71.1 50.9695290859
72.24 41.108033241
73.35 52.7977839335
74.48 64.2105263158
75.64 47.7008310249
76.76 42.271468144
77.89 53.351800554
79.02 53.4072022161
80.18 42.3268698061
81.3 42.3268698061
82.42 50.6371191136
83.54 43.7119113573
84.66 45.7617728532
85.79 60.6648199446
86.96 59.8337950139
88.13 48.3102493075
89.25 48.0886426593
90.37 56.2880886427
91.54 49.3074792244
92.67 37.5069252078
93.8 48.1994459834
94.92 59.1135734072
96.08 47.9778393352
97.22 47.9224376731
98.34 50.6371191136
99.46 57.5623268698
100.62 69.3628808864
101.78 75.2354570637
102.95 78.1717451524
104.12 76.8421052632
105.29 76.2326869806
106.46 84.2105263158
107.62 85.4293628809
108.78 86.0387811634
109.94 89.0858725762
111.11 87.8670360111
112.28 87.2576177285
113.45 86.9806094183
114.61 92.3545706371
115.77 95.0138504155
116.94 96.3988919668
118.1 91.5235457064
119.26 91.8559556787
120.43 89.2520775623
121.6 93.4626038781
122.77 90.0831024931
123.94 96.675900277
125.1 97.1745152355
126.26 97.4515235457
127.42 92.0775623269
128.59 89.3628808864
129.76 87.9778393352
130.93 90.0831024931
132.1 93.9058171745
133.26 90.3047091413
134.43 96.7867036011
135.6 100.0
136.77 96.1218836565
