0.0 0.0
1.11 2.5826446281
2.23 9.03925619835
3.35 4.54545454545
4.48 12.6033057851
5.61 14.0495867769
6.74 14.7727272727
7.86 15.1342975207
10.11 33.4710743802
11.24 29.6487603306
12.37 38.0681818182
13.49 39.7210743802
14.62 30.1652892562
15.74 20.2479338843
16.87 25.6198347107
17.99 33.4710743802
19.11 34.8140495868
20.24 30.3202479339
21.37 35.847107438
22.5 28.2541322314
23.63 27.0144628099
24.74 34.194214876
25.87 45.5061983471
27.0 43.3884297521
28.12 34.6074380165
29.24 43.1301652893
30.37 47.4173553719
31.5 41.7871900826
32.62 33.7809917355
33.74 45.2995867769
34.85 48.5020661157
35.99 34.555785124
37.1 40.5475206612
38.23 48.6570247934
39.36 39.8243801653
40.49 32.8512396694
41.61 37.0867768595
42.73 54.7004132231
43.91 45.402892562
45.03 38.2231404959
46.15 52.6859504132
47.31 49.5867768595
48.43 40.2892561983
49.55 43.3884297521
50.67 50.1033057851
51.78 45.7128099174
52.91 51.2396694215
54.04 48.8636363636
55.17 45.0929752066
56.3 40.6508264463
57.43 43.5433884298
58.55 55.3719008264
59.72 50.9297520661
60.85 43.5433884298
61.97 55.3202479339
63.15 43.1818181818
64.28 31.9214876033
65.42 31.4566115702
66.53 36.3636363636
67.66 41.4256198347
68.78 31.0433884298
69.91 43.9566115702
71.04 47.7789256198
72.17 52.3243801653
73.33 46.7975206612
74.45 51.8078512397
75.61 49.173553719
76.75 34.9173553719
77.87 45.867768595
79.0 51.3429752066
80.13 51.4979338843
81.26 33.4710743802
82.38 42.5619834711
83.51 52.2727272727
84.68 44.2148760331
85.8 37.6033057851
86.93 57.541322314
88.1 44.2665289256
89.23 32.4896694215
90.36 42.0454545455
91.49 49.4318181818
92.61 35.0723140496
93.73 43.3367768595
94.85 50.1033057851
95.97 48.2954545455
97.11 39.617768595
98.24 45.6611570248
99.36 56.4049586777
100.53 64.3595041322
101.7 65.7541322314
102.87 69.0082644628
104.04 70.6611570248
105.21 71.4876033058
106.37 74.4834710744
107.55 81.1466942149
108.72 74.173553719
109.89 78.4090909091
111.05 85.6921487603
112.21 91.8904958678
113.38 79.5454545455
114.55 86.2603305785
115.71 81.8698347107
116.88 82.2314049587
118.05 87.6033057851
119.21 79.958677686
120.38 86.4669421488
121.56 94.8863636364
122.73 93.9566115702
123.89 88.2747933884
125.05 90.6508264463
126.21 94.3698347107
127.39 85.9504132231
128.55 92.0454545455
129.72 92.5103305785
130.89 84.9690082645
132.05 96.7458677686
133.21 100.0
134.39 88.7396694215
135.56 85.6921487603
136.73 86.7768595041
