0.0 5.17051705171
1.08 1.7601760176
2.15 0.0
3.23 1.92519251925
4.32 13.8613861386
5.4 19.801980198
6.49 9.07590759076
7.58 14.6864686469
9.76 18.8668866887
10.85 16.8316831683
11.94 35.0935093509
13.02 30.4180418042
14.09 30.8580858086
15.18 28.3278327833
16.26 43.5643564356
17.35 42.9592959296
18.45 26.1276127613
19.52 39.7139713971
20.61 49.2299229923
21.7 43.0143014301
22.78 39.9339933993
23.87 46.5896589659
24.96 49.9449944994
26.04 43.399339934
27.12 40.099009901
28.2 41.199119912
29.28 33.498349835
30.37 24.1474147415
31.46 24.9724972497
32.54 41.8591859186
33.63 42.0792079208
34.72 28.4378437844
35.8 27.1177117712
36.88 48.4598459846
37.98 39.8789878988
39.06 24.5874587459
40.14 33.4433443344
41.23 40.6490649065
42.32 30.4730473047
43.4 30.8580858086
44.5 53.0803080308
45.58 44.9394939494
46.67 35.3685368537
47.76 36.0836083608
48.85 52.9702970297
49.95 53.1353135314
51.03 44.9394939494
52.12 49.1199119912
53.2 62.2112211221
54.33 52.2552255226
55.42 41.804180418
56.51 55.7755775578
57.64 57.3157315732
58.77 38.7788778878
59.86 35.0385038504
60.95 46.9196919692
62.03 52.8602860286
63.12 47.5797579758
64.2 44.9394939494
65.29 51.8701870187
66.38 47.0847084708
67.47 36.4686468647
68.56 42.1342134213
69.65 61.4411441144
70.78 43.6193619362
71.87 42.9592959296
72.96 53.6303630363
74.08 53.4653465347
75.2 45.1595159516
76.29 43.7293729373
77.38 62.2662266227
78.51 57.7557755776
79.64 50.0550055006
80.73 51.6501650165
81.82 55.2255225523
82.95 48.7898789879
84.03 45.5445544554
85.11 46.6446644664
86.19 55.500550055
87.31 46.1496149615
88.4 52.4752475248
89.48 52.8602860286
90.58 44.8294829483
91.66 40.8140814081
92.75 38.8338833883
93.84 48.7898789879
94.94 42.7942794279
96.02 34.3234323432
97.09 46.5346534653
98.17 55.4455445545
99.3 70.8470847085
100.43 73.102310231
101.55 71.4521452145
102.67 81.6281628163
103.8 83.9383938394
104.94 85.1485148515
106.06 85.698569857
107.18 75.0275027503
108.31 86.1386138614
109.44 91.7491749175
110.56 100.0
111.69 82.1782178218
112.82 75.9625962596
113.94 81.1331133113
115.07 80.9680968097
116.19 80.9130913091
117.32 80.8580858086
118.44 89.0539053905
119.56 93.1793179318
120.69 87.0187018702
121.81 92.1342134213
122.94 86.4686468647
124.07 83.6633663366
125.19 82.2332233223
126.32 89.7689768977
127.44 88.0088008801
128.57 92.6842684268
129.7 86.7436743674
130.82 86.5236523652
131.94 83.6633663366
