0.0 0.108166576528
1.11 0.0
2.23 0.0
3.33 10.7625743645
4.43 13.4667387777
5.56 12.1146565711
6.69 11.465657112
7.82 11.0870740941
10.06 16.2790697674
11.19 29.7458085452
12.32 31.0438074635
13.45 23.6343969713
14.58 25.3109789075
15.71 31.5305570579
16.84 21.1465657112
17.97 24.0670632774
19.09 36.3439697134
20.22 39.8053001622
21.35 33.3693888588
22.47 38.2909680909
23.59 48.8912925906
24.72 37.912385073
25.83 43.2666306111
26.95 45.9707950243
28.09 39.1563007031
29.21 38.5073012439
30.34 38.1287182261
31.46 43.3747971877
32.59 35.2082206598
33.72 33.802055165
34.85 49.3239588967
35.97 48.9453758789
37.09 35.2623039481
38.22 33.8561384532
39.35 46.6197944835
40.47 53.0557057869
41.61 45.4299621417
42.73 41.590048675
43.85 50.5137912385
44.98 36.073553272
46.11 26.1222282315
47.23 45.48404543
48.35 55.1649540292
49.52 43.7533802055
50.65 38.0746349378
51.76 51.4872904273
52.89 47.3228772309
54.02 31.7468902109
55.15 45.5922120065
56.27 57.9232017307
57.45 45.1595457004
58.57 44.1860465116
59.7 51.8117901568
60.83 50.2433747972
61.95 35.9113034072
63.07 42.2390481341
64.21 56.2466197945
65.37 49.7566252028
66.5 35.6408869659
67.62 39.4267171444
68.74 57.5446187128
69.91 50.405624662
71.03 49.4862087615
72.15 49.0535424554
73.27 48.8372093023
74.4 37.912385073
75.52 37.8583017847
76.64 59.4916170903
77.81 51.3250405625
78.93 36.4521362899
80.06 50.6760411033
81.19 52.3526230395
82.32 36.9388858843
83.44 40.0757166036
84.57 60.5732828556
85.74 57.3282855598
86.91 47.539210384
88.03 50.7842076798
89.15 55.1108707409
90.32 46.4575446187
91.43 50.2433747972
92.55 57.5446187128
93.72 50.405624662
94.85 35.9653866955
95.98 47.7014602488
97.11 50.8923742564
98.24 44.3482963764
99.37 41.0492157923
100.49 58.3558680368
101.64 64.3050297458
102.8 67.2796106003
103.97 76.9064359113
105.14 81.6657652785
106.32 81.3953488372
107.47 86.6414277988
108.63 89.2374256355
109.79 79.7728501893
110.96 88.534342888
112.13 87.506760411
113.3 84.2617631152
114.47 74.580854516
115.63 72.4175229854
116.79 76.7441860465
117.95 81.6116819903
119.11 84.0454299621
120.27 82.5310978908
121.44 89.9405083829
122.61 93.6181719849
123.78 92.7528393726
124.95 86.9118442401
126.11 94.8080043267
127.27 96.0519199567
128.43 99.3510005408
129.59 95.6192536506
130.75 85.6679286101
131.93 80.6381828015
133.08 80.8545159546
134.24 91.7793401839
135.4 97.2417522985
136.56 100.0
