3597.67 7.70
3598.83 6.35
3599.92 5.68
3601.00 5.34
3602.08 4.17
3603.17 5.08
3604.25 5.04
3605.33 4.02
3606.43 3.01
3607.50 6.51
3608.60 4.75
3609.68 3.88
3610.76 3.44
3611.85 3.22
3612.94 5.61
3614.03 5.30
3615.11 4.15
3616.20 6.08
3617.28 4.54
3618.37 5.77
3619.46 7.88
3620.55 6.44
3621.64 4.72
3622.73 3.86
3623.82 6.93
3624.90 7.47
3626.00 6.23
3627.08 5.62
3628.16 4.31
3629.26 5.15
3630.35 6.08
3631.44 5.54
3632.51 5.77
3633.60 6.38
3634.68 6.69
3635.77 4.35
3636.86 4.67
3637.95 4.84
3639.04 7.42
3640.13 5.21
3641.22 7.60
3642.32 5.30
3643.40 5.15
3644.48 6.08
3645.56 5.54
3646.65 5.27
3647.74 5.63
3648.83 5.32
3649.91 6.16
3651.00 4.58
3652.08 3.79
3653.16 3.39
3654.25 2.70
3655.34 2.85
3656.43 3.92
3657.52 5.46
3658.60 7.73
3659.69 4.87
3660.78 4.93
3661.86 5.97
3662.94 7.98
3664.04 6.99
3665.12 6.50
3666.20 5.75
3667.29 5.87
3668.38 6.44
3669.47 5.72
3670.56 3.86
3671.64 2.93
3672.73 3.96
3673.82 4.48
3674.91 3.24
3676.00 4.12
3677.08 4.06
3678.16 4.53
3679.25 4.77
3680.34 3.88
3681.43 5.94
3682.52 5.47
3683.60 5.74
3684.69 5.37
3685.78 6.68
3686.87 6.34
3687.95 7.17
3689.04 6.09
3690.12 5.54
3691.21 5.27
3692.30 4.14
3693.38 4.57
3694.47 4.78
3695.56 5.89
3696.65 4.45
3697.74 3.22
3698.82 3.61
3699.92 5.31
3701.01 6.15
3702.10 6.08
3703.18 4.54
3704.27 3.77
3705.36 5.38
3706.44 3.69
3707.52 5.85
3708.61 6.42
3709.70 6.71
3710.78 6.86
3711.88 4.93
3712.96 3.46
3714.06 4.23
3715.14 3.62
3716.24 4.31
3717.33 3.15
3718.43 5.08
3719.51 3.54
3720.60 5.27
3721.68 6.13
3722.77 6.57
3723.86 6.78
3724.95 4.39
3726.03 5.70
3727.12 3.85
3728.21 5.42
3729.30 3.71
3730.39 4.36
3731.48 5.68
3732.55 7.34
3733.64 4.67
3734.73 5.83
3735.82 3.92
3736.91 5.46
3738.00 3.73
3739.08 2.86
3740.16 4.93
3741.25 3.47
3742.34 5.23
3743.43 4.62
3744.51 6.31
3745.60 6.65
3746.68 6.83
3747.77 6.91
3748.86 6.96
3749.95 4.98
3751.04 3.99
3752.12 2.99
3753.21 5.00
3754.29 6.00
3755.37 4.00
3756.45 3.00
3757.52 5.50
3758.61 4.75
3759.70 5.87
3760.78 6.44
3761.86 6.72
3762.95 6.86
3764.04 4.43
3765.13 5.71
3766.22 6.36
3767.31 6.68
3768.41 6.84
3769.49 4.92
3770.58 3.96
3771.67 4.98
3772.75 5.99
3773.84 3.99
3774.93 5.50
3776.02 3.75
3777.11 5.37
3778.20 4.69
3779.29 5.84
3780.38 3.92
3781.47 4.46
3782.55 5.73
3783.64 3.87
3784.73 2.93
3785.81 2.97
3786.90 2.98
3787.98 4.99
3789.06 6.00
3790.14 6.50
3791.23 4.75
3792.32 5.87
3793.42 6.44
3794.50 5.72
3795.59 5.36
3796.68 3.68
3797.76 2.84
3798.85 4.92
3799.94 4.96
3801.03 3.98
3802.11 2.99
3803.19 4.99
3804.28 7.00
3805.36 7.00
3806.44 5.00
3807.52 3.50
3808.60 2.75
3809.69 3.87
3810.78 2.94
3811.87 2.47
3812.96 2.23
3814.04 2.12
3815.13 3.56
3816.22 3.28
3817.31 4.14
3818.41 3.07
3819.49 5.03
3820.58 6.02
3821.66 4.01
3822.75 3.00
3823.83 4.50
3824.92 3.25
3826.00 5.13
3827.08 6.06
3828.16 4.03
3829.25 3.02
3830.34 3.51
3831.43 5.75
3832.51 6.88
3833.60 4.44
3834.69 3.72
3835.78 2.86
3836.87 4.93
3837.96 3.46
3839.04 5.23
3840.13 3.62
3841.22 5.31
3842.31 3.65
3843.39 4.33
3844.48 3.66
3845.57 2.83
3846.66 4.92
3847.74 5.96
3848.84 3.98
3849.92 3.99
3851.01 5.49
3852.09 6.25
3853.17 6.62
3854.26 6.81
3855.35 4.91
3856.44 3.95
3857.52 6.48
3858.60 4.24
3859.69 5.62
3860.78 3.81
3861.87 3.40
3862.95 2.70
3864.02 4.85
3865.11 3.43
3866.20 5.21
3867.29 6.11
3868.38 6.55
3869.48 4.78
3870.56 5.89
3871.65 6.44
3872.74 6.72
3873.83 4.86
3874.90 6.43
3875.99 4.22
3877.08 4.11
3878.17 3.55
3879.26 4.28
3880.34 5.64
3881.43 7.32
3882.51 8.16
3883.60 7.58
3884.68 5.79
3885.77 3.89
3886.86 5.45
3887.95 5.22
3889.04 3.61
3890.12 5.31
3891.22 6.15
3892.31 4.08
3893.39 5.54
3894.48 4.27
3895.57 3.13
3896.66 5.07
3897.75 3.53
3898.84 2.77
3899.92 4.38
3901.01 5.69
3902.09 5.35
3903.18 5.17
3904.27 3.59
3905.36 5.29
3906.44 6.15
3907.53 4.07
3908.62 5.54
3909.70 6.27
3910.79 6.63
3911.88 6.82
3912.97 4.91
3914.06 3.45
3915.15 2.73
3916.24 2.36
3917.33 4.68
3918.42 5.84
3919.50 6.42
3920.59 4.71
3921.68 3.36
3922.77 2.68
3923.86 2.34
3924.95 2.17
3926.03 4.58
3927.11 5.79
3928.20 5.40
3929.28 6.20
3930.37 4.60
3931.46 3.30
3932.55 4.15
3933.64 5.57
3934.72 3.79
3935.81 5.39
3936.90 6.20
3937.98 6.60
3939.07 4.30
3940.15 3.65
3941.24 2.82
3942.32 4.91
3943.42 5.96
3944.50 6.98
3945.58 4.49
3946.67 4.24
3947.76 4.12
3948.85 5.56
3949.94 3.78
3951.03 5.39
3952.12 4.70
3953.20 3.85
3954.29 2.92
3955.38 4.96
3956.47 3.48
3957.56 5.24
3958.64 3.62
3959.73 5.31
3960.83 6.16
3961.92 6.58
3963.01 4.79
3964.10 5.89
3965.18 5.95
3966.27 3.97
3967.35 5.49
3968.44 6.24
3969.52 6.62
3970.61 6.81
3971.70 4.41
3972.78 4.70
3973.86 4.85
3974.96 3.93
3976.04 4.46
3977.12 3.23
3978.22 2.62
3979.32 4.81
3980.42 5.90
3981.49 6.45
3982.58 6.23
3983.67 4.11
3984.76 4.06
3985.85 4.03
3986.94 4.51
3988.02 5.76
3989.11 6.38
3990.20 6.69
3991.29 4.34
3992.38 4.17
3993.47 3.59
3994.56 5.79
3995.65 6.40
3996.73 4.20
3997.82 5.60
3998.91 3.80
4000.00 3.40
4001.07 3.70
4002.16 3.35
4003.25 2.67
4004.34 4.84
4005.42 5.92
4006.51 4.46
4007.59 5.73
4008.68 4.36
4009.77 3.18
4010.86 2.59
4011.95 2.30
4013.04 2.15
4014.12 3.57
4015.20 3.79
4016.29 4.39
4017.38 5.70
4018.47 4.85
4019.55 5.92
4020.64 6.46
4021.73 6.73
4022.82 6.87
4023.90 6.93
4024.99 5.97
4026.08 5.48
4027.15 6.24
4028.24 6.62
4029.33 4.31
4030.42 6.16
4031.50 7.08
4032.58 4.54
4033.66 5.77
4034.76 3.88
4035.84 4.44
4036.93 3.22
4038.02 4.11
4039.11 3.06
4040.20 2.53
4041.28 4.76
4042.37 4.88
4043.46 4.94
4044.55 2.97
4045.64 2.49
4046.72 2.24
4047.81 2.62
4048.90 4.31
4049.98 5.66
4051.08 3.83
4052.16 5.41
4053.25 4.21
4054.34 5.60
4055.42 6.80
4056.50 6.90
4057.58 4.95
4058.67 3.48
4059.76 2.74
4060.84 2.37
4061.93 4.68
4063.02 3.34
4064.11 5.17
4065.20 3.59
4066.30 5.29
4067.38 5.15
4068.47 5.07
4069.55 6.04
4070.64 4.52
4071.73 5.76
4072.82 4.38
4073.90 5.69
4074.99 4.34
4076.07 4.67
4077.15 5.84
4078.24 3.92
4079.33 4.46
4080.42 3.23
4081.50 2.61
4082.59 2.31
4083.68 2.15
4084.76 3.08
4085.84 5.04
4086.92 6.02
4088.01 6.51
4089.10 6.75
4090.18 6.88
4091.28 4.44
4092.36 3.22
4093.45 5.11
4094.55 3.55
4095.63 3.78
4096.72 3.39
4097.81 2.69
4098.90 2.85
4099.98 2.92
4101.07 2.46
4102.15 2.23
4103.24 2.12
4104.33 2.56
4105.42 2.28
4106.50 3.64
4107.59 5.32
4108.68 3.66
4109.76 5.33
4110.85 5.16
4111.94 6.08
4113.02 5.04
4114.10 5.02
4115.18 3.51
4116.27 4.26
4117.36 4.63
4118.45 3.31
4119.54 2.16
4120.64 2.08
4121.72 2.04
4122.81 2.02
4123.90 2.51
4124.99 2.25
4126.07 2.63
4127.16 2.31
4128.26 4.66
4129.35 3.83
4130.44 2.91
4131.52 5.96
4132.61 3.98
4133.70 5.49
4134.78 6.24
4135.87 6.12
4136.96 6.56
4138.04 4.28
4139.13 5.64
4140.22 6.32
4141.32 4.16
4142.42 3.58
4143.50 4.29
4144.58 3.15
4145.67 3.57
4146.76 5.29
4147.85 4.64
4148.94 3.32
4150.03 2.66
4151.11 3.83
4152.20 5.42
4153.29 3.71
4154.38 5.35
4155.46 6.18
4156.55 6.59
4157.64 4.29
4158.73 5.65
4159.82 3.82
4160.90 5.41
4161.99 3.71
4163.08 3.35
4164.16 5.18
4165.25 6.09
4166.34 6.54
4167.42 7.27
4168.50 8.14
4169.60 7.57
4170.68 7.28
4171.78 5.14
4172.86 5.07
4173.94 6.04
4175.03 4.02
4176.11 3.01
4177.20 2.50
4178.28 2.25
4179.36 4.63
4180.45 3.31
4181.54 3.66
4182.63 3.83
4183.72 2.91
4184.81 2.96
4185.90 4.98
4186.98 3.49
4188.07 4.24
4189.15 3.12
4190.24 5.06
4191.32 5.03
4192.42 3.52
4193.50 6.26
4194.59 5.13
4195.68 4.06
4196.76 4.53
4197.85 3.27
4198.94 2.63
4200.03 2.32
4201.12 4.66
4202.20 3.33
4203.29 2.66
4204.38 4.83
4205.47 3.92
4206.56 2.46
4207.64 4.23
4208.72 3.61
4209.81 5.31
4210.91 4.15
4211.99 5.58
4213.08 6.29
4214.16 6.64
4215.25 4.82
4216.34 3.41
4217.43 2.71
4218.51 5.85
4219.60 6.43
4220.69 4.21
4221.78 3.11
4222.86 5.05
4223.95 3.53
4225.04 2.76
4226.12 2.38
4227.20 4.19
4228.28 5.60
4229.37 3.80
4230.45 2.90
4231.53 5.95
4232.62 3.97
4233.70 5.49
4234.78 6.24
4235.88 4.12
4236.96 3.06
4238.04 3.53
4239.12 5.27
4240.22 5.13
4241.31 5.07
4242.40 6.03
4243.48 4.02
4244.55 4.51
4245.64 3.25
4246.73 2.63
4247.82 2.31
4248.90 3.66
4249.99 5.33
4251.08 3.66
4252.16 4.33
4253.25 3.17
4254.34 3.58
4255.42 6.29
4256.51 5.65
4257.60 3.82
4258.68 5.41
4259.77 6.21
4260.86 4.60
4261.94 5.80
4263.02 5.40
4264.10 3.70
4265.18 5.35
4266.27 5.18
4267.36 6.09
4268.44 4.54
4269.53 3.27
4270.62 2.64
4271.71 4.82
4272.80 3.41
4273.88 2.70
4274.96 2.35
4276.05 4.68
4277.13 4.84
4278.22 4.42
4279.31 5.71
4280.40 5.35
4281.48 4.68
4282.56 5.84
4283.65 6.42
4284.74 4.21
4285.84 3.10
4286.92 2.55
4288.01 3.78
4289.09 3.39
4290.17 3.19
4291.26 3.60
4292.34 5.30
4293.43 6.65
4294.52 7.32
4295.61 5.16
4296.71 6.08
4297.79 6.54
4298.88 5.27
4299.96 6.14
4301.06 4.07
4302.14 4.53
4303.23 3.27
4304.32 4.13
4305.42 5.57
4306.50 3.78
4307.58 4.39
4308.66 5.70
4309.76 6.35
4310.84 4.17
4311.93 5.59
4313.02 6.29
4314.11 6.65
4315.20 5.82
4316.28 6.41
4317.37 5.71
4318.46 6.35
4319.55 6.68
4320.64 4.84
4321.73 3.92
4322.82 4.46
4323.90 4.73
4324.98 5.36
4326.08 4.68
4327.16 4.34
4328.25 3.17
4329.34 2.59
4330.43 5.79
4331.51 5.40
4332.60 5.20
4333.66 6.10
4334.75 6.55
4335.84 7.77
4336.93 7.89
4338.02 5.44
4339.10 6.22
4340.19 7.61
4341.28 4.81
4342.38 6.90
4343.46 6.95
4344.54 6.98
4345.64 5.99
4346.72 4.49
4347.81 5.75
4348.90 7.37
4349.99 4.69
4351.06 5.84
4352.15 4.92
4353.23 6.96
4354.32 4.48
4355.41 6.24
4356.49 7.12
4357.58 4.56
4358.66 5.78
4359.75 7.39
4360.84 7.70
4361.93 4.85
4363.02 5.92
4364.11 5.46
4365.19 6.23
4366.28 5.12
4367.37 4.06
4368.45 3.03
4369.54 2.01
4370.63 4.51
4371.72 3.25
4372.80 2.63
4373.89 5.81
4374.98 3.91
4376.07 4.45
4377.14 4.73
4378.23 5.86
4379.32 4.43
4380.41 6.22
4381.49 7.61
4382.58 6.30
4383.67 4.15
4384.76 5.58
4385.84 3.79
4386.92 3.89
4388.01 2.95
4389.10 2.47
4390.18 5.74
4391.27 7.37
4392.36 7.68
4393.45 8.34
4394.54 5.17
4395.62 6.09
4396.72 4.04
4397.80 6.52
4398.88 6.76
4399.97 4.38
4401.06 4.69
4402.14 3.35
4403.24 4.17
4404.32 4.09
4405.41 3.54
4406.49 4.27
4407.58 3.14
4408.67 4.07
4409.75 3.03
4410.83 6.02
4411.92 4.01
4413.01 6.50
4414.09 7.25
4415.17 7.63
4416.26 4.81
4417.34 4.91
4418.44 3.95
4419.52 5.98
4420.62 3.99
4421.70 2.99
4422.78 6.00
4423.86 4.00
4424.94 5.50
4426.02 6.25
4427.10 7.62
4428.20 7.31
4429.28 4.66
4430.37 4.83
4431.46 6.91
4432.55 4.46
4433.64 3.23
4434.72 6.11
4435.81 7.06
4436.90 4.53
4437.98 6.76
4439.08 4.38
4440.15 6.19
4441.24 4.60
4442.33 3.30
4443.42 5.65
4444.50 4.82
4445.58 5.91
4446.66 6.46
4447.76 5.73
4448.84 7.36
4449.93 8.18
4451.02 8.09
4452.10 7.55
4453.18 8.27
4454.28 5.64
4455.36 4.32
4456.46 4.66
4457.54 6.83
4458.62 7.41
4459.72 4.71
4460.81 5.85
4461.90 6.43
4462.98 7.71
4464.08 7.36
4465.16 5.68
4466.25 6.34
4467.34 7.67
4468.43 8.33
4469.51 8.67
4470.60 5.83
4471.69 7.42
4472.78 4.71
4473.86 6.85
4474.94 7.93
4476.04 4.96
4477.12 6.48
4478.21 4.24
4479.30 6.12
4480.40 4.56
4481.47 6.28
4482.56 4.14
4483.65 3.07
4484.73 3.04
4485.82 5.02
4486.90 6.01
4487.99 4.50
4489.07 5.75
4490.15 3.88
4491.23 3.94
4492.32 5.97
4493.40 4.48
4494.47 4.74
4495.56 3.37
4496.65 6.19
4497.74 4.09
4498.82 6.05
4499.90 6.52
4500.98 6.76
4502.07 6.88
4503.16 5.94
4504.24 3.97
4505.33 2.99
4506.42 5.99
4507.50 7.50
4508.58 4.75
4509.67 3.37
4510.76 2.69
4511.84 2.34
4512.92 2.17
4514.01 5.09
4515.09 6.04
4516.17 6.52
4517.26 7.76
4518.35 5.38
4519.43 6.69
4520.52 6.85
4521.61 5.92
4522.70 6.46
4523.78 4.73
4524.87 3.37
4525.96 3.18
4527.04 5.09
4528.13 3.55
4529.21 5.27
4530.30 6.14
4531.40 7.07
4532.46 7.53
4533.56 7.27
4534.65 6.13
4535.74 4.07
4536.82 5.53
4537.91 6.77
4539.00 4.38
4540.08 3.19
4541.16 2.60
4542.25 4.80
4543.33 4.90
4544.42 4.45
4545.50 4.72
4546.58 5.86
4547.66 3.93
4548.75 2.97
4549.84 2.48
4550.92 5.74
4552.01 3.87
4553.09 5.44
4554.18 3.72
4555.27 2.86
4556.35 7.43
4557.44 4.71
4558.53 3.36
4559.62 3.68
4560.71 4.34
4561.80 3.17
4562.88 2.58
4563.98 2.29
4565.06 4.65
4566.14 5.82
4567.24 3.91
4568.32 2.96
4569.41 7.48
4570.49 4.74
4571.58 6.87
4572.67 4.43
4573.76 3.72
4574.84 6.36
4575.93 4.68
4577.02 6.84
4578.10 5.42
4579.18 6.71
4580.28 4.35
4581.37 3.18
4582.45 3.09
4583.53 2.54
4584.62 2.27
4585.70 3.14
4586.80 2.57
4587.88 3.28
4588.97 3.14
4590.06 3.57
4591.14 5.79
4592.24 3.89
4593.32 3.95
4594.41 6.47
4595.49 5.74
4596.58 6.87
4597.67 4.43
4598.76 3.22
4599.85 3.11
4600.94 3.05
4602.02 3.53
4603.10 3.76
4604.20 2.88
4605.28 4.94
4606.36 3.47
4607.45 3.24
4608.55 2.62
4609.64 2.31
4610.73 5.65
4611.82 7.33
4612.90 7.66
4613.98 9.83
4615.07 8.92
4616.16 5.46
4617.25 7.23
4618.34 4.61
4619.43 4.31
4620.52 5.65
4621.61 6.33
4622.71 4.16
4623.80 4.08
4624.88 5.54
4625.97 3.77
4627.06 2.89
4628.14 3.94
4629.24 5.47
4630.32 7.24
4631.41 7.62
4632.49 7.31
4633.58 4.65
4634.66 6.33
4635.76 4.16
4636.85 5.58
4637.94 6.79
4639.03 5.40
4640.11 3.70
4641.20 2.85
4642.28 2.42
4643.38 4.71
4644.46 5.86
4645.54 6.43
4646.64 5.71
4647.72 3.86
4648.81 2.93
4649.90 2.96
4650.98 5.48
4652.07 3.74
4653.15 3.37
4654.24 2.69
4655.33 5.84
4656.42 6.92
4657.51 5.46
4658.59 7.23
4659.68 5.12
4660.78 4.56
4661.87 3.28
4662.95 3.64
4664.04 2.82
4665.12 2.41
4666.22 4.70
4667.31 3.35
4668.41 5.68
4669.48 6.34
4670.56 5.67
4671.65 5.33
4672.74 7.17
4673.83 4.58
4674.92 3.79
4676.00 3.90
4677.08 6.45
4678.16 5.22
4679.25 6.61
4680.34 4.31
4681.43 6.65
4682.52 6.83
4683.61 4.41
4684.71 3.71
4685.80 2.85
4686.88 3.93
4687.96 5.46
4689.05 6.73
4690.13 7.87
4691.22 7.93
4692.31 4.97
4693.40 5.48
4694.47 6.24
4695.56 6.62
4696.65 4.31
4697.75 3.16
4698.84 5.58
4699.93 4.79
4701.02 3.39
4702.11 2.70
4703.20 2.35
4704.28 4.67
4705.36 3.34
4706.45 3.17
4707.54 2.58
4708.62 3.29
4709.71 4.15
4710.81 3.07
4711.90 2.54
4712.98 3.77
4714.07 5.88
4715.15 6.94
4716.24 5.47
4717.33 5.24
4718.43 4.12
4719.52 3.06
4720.61 5.03
4721.70 5.01
4722.77 3.51
4723.86 3.25
4724.95 5.13
4726.04 6.06
4727.12 4.03
4728.21 3.02
4729.30 3.01
4730.39 5.50
4731.46 6.25
4732.55 4.63
4733.64 3.31
4734.73 4.16
4735.83 3.08
4736.92 4.04
4738.00 3.02
4739.08 3.51
4740.15 5.75
4741.24 6.88
4742.33 4.44
4743.42 6.22
4744.51 5.61
4745.60 3.80
4746.68 2.90
4747.75 5.95
4748.84 6.48
4749.93 7.24
4751.02 4.62
4752.11 3.81
4753.20 2.90
4754.28 5.95
4755.38 6.98
4756.46 4.49
4757.54 6.74
4758.63 4.87
4759.71 4.94
4760.80 4.47
4761.88 3.23
4762.97 2.62
4764.06 4.81
4765.15 4.40
4766.24 3.20
4767.32 6.10
4768.41 7.05
4769.48 4.53
4770.58 6.26
4771.67 5.13
4772.75 7.07
4773.84 6.03
4774.92 4.02
4776.00 3.01
4777.08 2.50
4778.16 2.25
4779.25 5.63
4780.34 4.31
4781.44 4.16
4782.53 5.58
4783.62 3.79
4784.70 5.39
4785.79 5.20
4786.88 4.10
4787.96 6.55
4789.05 6.77
4790.13 6.89
4791.22 7.44
4792.31 4.72
4793.40 6.86
4794.46 6.93
4795.56 4.47
4796.65 6.73
4797.74 6.87
4798.82 7.43
4799.92 4.72
4801.01 5.86
4802.09 6.43
4803.17 6.71
4804.26 5.86
4805.35 3.93
4806.44 5.46
4807.52 3.73
4808.61 3.37
4809.70 3.18
4810.78 2.59
4811.86 2.30
4812.95 2.15
4814.04 4.57
4815.12 5.29
4816.21 6.14
4817.30 4.07
4818.39 5.54
4819.47 3.77
4820.56 3.38
4821.64 2.69
4822.73 3.35
4823.82 4.17
4824.91 3.59
4826.00 2.79
4827.08 2.40
4828.16 4.20
4829.24 5.60
4830.33 6.30
4831.42 4.65
4832.50 4.82
4833.59 3.41
4834.68 4.21
4835.77 5.60
4836.85 6.30
4837.93 4.15
4839.02 3.08
4840.10 5.04
4841.18 6.02
4842.26 6.51
4843.36 6.75
4844.44 5.88
4845.53 5.44
4846.62 6.22
4847.71 6.61
4848.80 6.30
4849.88 4.15
4850.97 3.08
4852.05 3.04
4853.13 5.02
4854.22 3.51
4855.31 2.75
4856.40 3.38
4857.48 4.19
4858.56 3.09
4859.64 3.05
4860.73 4.02
4861.82 5.51
4862.90 6.26
4864.00 6.13
4865.08 5.56
4866.16 4.28
4867.24 5.64
4868.33 4.32
4869.43 4.16
4870.51 4.58
4871.60 3.79
4872.68 2.90
4873.77 5.45
4874.86 4.22
4875.95 3.11
4877.04 5.06
4878.12 5.03
4879.20 5.51
4880.29 6.26
4881.39 4.13
4882.46 6.06
4883.54 6.03
4884.63 5.52
4885.72 5.26
4886.80 6.13
4887.89 6.56
4888.98 6.78
4890.07 5.39
4891.15 3.20
4892.24 2.60
4893.32 4.80
4894.41 3.40
4895.49 4.20
4896.58 5.60
4897.66 3.80
4898.74 5.40
4899.82 6.20
4900.91 5.60
4901.99 4.30
4903.08 3.15
4904.16 2.57
4905.25 3.79
4906.34 4.39
4907.43 3.70
4908.52 3.35
4909.60 5.17
4910.69 6.09
4911.77 6.04
4912.85 5.52
4913.94 4.76
4915.03 3.38
4916.12 2.69
4917.20 2.85
4918.29 2.92
4919.38 4.96
4920.46 3.98
4921.55 2.99
4922.64 2.50
4923.72 3.25
4924.81 3.12
4925.91 4.06
4927.00 3.03
4928.08 4.52
4929.16 6.76
4930.25 5.88
4931.34 6.44
4932.42 6.72
4933.52 5.36
4934.60 3.68
4935.69 2.84
4936.77 4.92
4937.86 5.96
4938.95 4.48
4940.03 5.74
4941.11 5.87
4942.20 3.93
4943.28 6.47
4944.38 6.23
4945.46 6.62
4946.55 6.31
4947.63 6.65
4948.72 4.33
4949.82 5.66
4950.91 3.83
4952.00 5.42
4953.09 6.21
4954.17 5.60
4955.26 5.80
4956.35 6.40
4957.44 5.70
4958.52 6.35
4959.61 6.68
4960.71 4.34
4961.80 3.17
4962.89 5.08
4963.97 6.04
4965.05 4.02
4966.13 5.51
4967.22 5.76
4968.32 3.88
4969.40 3.44
4970.48 2.72
4971.56 2.36
4972.64 4.68
4973.73 5.84
4974.82 6.42
4975.91 4.21
4977.00 2.60
4978.07 3.30
4979.16 6.15
4980.25 6.58
4981.34 6.79
4982.43 4.89
4983.52 3.45
4984.60 4.22
4985.69 4.61
4986.78 3.31
4987.88 5.15
4988.96 6.08
4990.04 6.04
4991.12 6.52
4992.22 6.76
4993.30 6.88
4994.39 5.44
4995.47 5.22
4996.55 6.11
4997.64 5.55
4998.73 3.78
4999.82 5.39
5000.91 3.69
5002.00 2.85
5003.07 2.92
5004.16 2.46
5005.24 3.73
5006.34 2.87
5007.43 2.93
5008.52 4.47
5009.60 4.73
5010.69 3.37
5011.78 5.18
5012.86 6.09
5013.94 6.55
5015.03 6.77
5016.11 6.89
5017.20 4.44
5018.29 6.22
5019.38 6.61
5020.47 6.81
5021.55 6.90
5022.64 6.95
5023.72 5.98
5024.81 6.49
5025.89 4.74
5026.98 3.87
5028.07 2.94
5029.16 4.97
5030.24 3.48
5031.33 5.24
5032.42 6.12
5033.52 4.06
5034.60 4.03
5035.68 3.52
5036.78 2.76
5037.87 3.38
5038.96 3.19
5040.04 5.09
5041.12 6.05
5042.21 6.52
5043.30 6.26
5044.39 4.13
5045.47 4.07
5046.55 5.53
5047.64 3.77
5048.73 5.38
5049.82 4.69
5050.91 3.35
5052.00 5.17
5053.08 3.59
5054.16 2.79
5055.25 4.90
5056.34 3.45
5057.42 3.72
5058.52 2.86
5059.60 2.43
5060.68 4.72
5061.77 5.86
5062.86 5.43
5063.94 6.21
5065.04 5.11
5066.12 5.05
5067.21 5.53
5068.31 3.76
5069.40 5.38
5070.47 7.69
5071.56 7.35
5072.66 4.67
5073.75 4.34
5074.84 5.67
5075.93 4.33
5077.03 3.17
5078.11 5.08
5079.20 5.04
5080.27 6.02
5081.37 4.01
5082.45 6.01
5083.54 4.00
5084.62 3.00
5085.70 5.00
5086.77 4.00
5087.85 4.50
5088.93 4.75
5090.02 5.88
5091.10 7.44
5092.20 6.22
5093.28 4.11
5094.39 4.05
5095.46 6.53
5096.55 6.26
5097.64 4.63
5098.73 6.82
5099.82 6.91
5100.91 4.95
5102.00 3.48
5103.07 5.74
5104.16 6.37
5105.25 5.68
5106.34 3.84
5107.42 6.42
5108.52 4.21
5109.61 6.61
5110.71 4.30
5111.80 4.15
5112.88 3.08
5113.96 5.04
5115.05 5.02
5116.13 3.51
5117.23 2.75
5118.31 3.38
5119.41 5.19
5120.51 4.09
5121.59 3.05
5122.67 5.02
5123.75 4.01
5124.83 4.51
5125.92 3.75
5127.01 4.38
5128.10 5.69
5129.18 6.34
5130.26 6.67
5131.35 4.34
5132.44 3.17
5133.53 5.08
5134.61 3.54
5135.70 4.77
5136.78 5.89
5137.87 3.94
5138.96 3.47
5140.04 5.74
5141.12 4.37
5142.22 3.68
5143.31 4.84
5144.40 3.92
5145.47 2.96
5146.56 2.48
5147.65 4.74
5148.73 4.37
5149.82 3.19
5150.92 5.09
5152.00 3.55
5153.08 2.77
5154.16 2.39
5155.25 2.19
5156.34 5.60
5157.43 4.30
5158.51 5.65
5159.60 4.82
5160.68 5.91
5161.77 4.96
5162.86 5.98
5163.95 5.99
5165.03 6.49
5166.12 6.25
5167.20 6.62
5168.28 4.81
5169.38 5.91
5170.46 6.45
5171.54 6.73
5172.63 7.86
5173.72 6.93
5174.81 4.47
5175.90 5.23
5176.98 6.12
5178.07 6.56
5179.16 4.28
5180.25 3.14
5181.34 5.07
5182.43 5.03
5183.52 5.02
5184.59 5.51
5185.68 3.75
5186.77 4.38
5187.86 3.19
5188.95 5.09
5190.03 5.55
5191.11 6.27
5192.20 6.14
5193.29 4.57
5194.38 3.28
5195.46 7.64
5196.55 7.32
5197.64 7.16
5198.72 6.58
5199.81 6.79
5200.90 6.90
5201.98 5.95
5203.07 5.47
5204.15 3.74
5205.24 2.87
5206.32 4.93
5207.41 5.97
5208.50 4.48
5209.58 5.74
5210.67 3.87
5211.76 2.94
5212.84 2.47
5213.93 2.23
5215.02 4.12
5216.11 3.06
5217.19 3.53
5218.28 2.76
5219.38 4.88
5220.45 4.44
5221.54 5.22
5222.63 3.61
5223.72 5.31
5224.81 6.15
5225.90 6.08
5226.98 6.54
5228.07 4.27
5229.16 3.13
5230.25 4.57
5231.34 3.78
5232.43 4.39
5233.51 5.70
5234.60 3.85
5235.68 3.92
5236.77 4.96
5237.85 3.48
5238.94 5.24
5240.02 6.12
5241.11 6.56
5242.20 5.28
5243.28 3.64
5244.38 2.82
5245.46 2.41
5246.54 3.71
5247.64 5.35
5248.73 6.18
5249.82 5.59
5250.90 6.79
5251.98 7.90
5253.06 8.45
5254.15 7.72
5255.24 7.36
5256.32 4.68
5257.41 3.84
5258.50 6.42
5259.59 4.71
5260.67 5.86
5261.76 4.43
5262.85 5.71
5263.94 6.36
5265.03 5.68
5266.10 5.84
5267.18 6.42
5268.27 7.71
5269.37 4.85
5270.45 3.43
5271.54 3.21
5272.63 3.11
5273.72 5.05
5274.81 6.03
5275.90 5.51
5276.99 3.76
5278.08 3.38
5279.16 3.19
5280.26 3.09
5281.34 2.55
5282.43 3.77
5283.52 4.39
5284.60 5.69
5285.68 4.35
5286.77 5.17
5287.86 4.09
5288.94 5.54
5290.02 6.27
5291.11 4.14
5292.20 5.07
5293.28 6.03
5294.37 6.52
5295.45 7.26
5296.54 6.13
5297.62 6.56
5298.72 4.28
5299.80 3.14
5300.88 5.07
5301.96 6.04
5303.05 4.52
5304.14 3.76
5305.23 5.38
5306.32 4.19
5307.41 5.59
5308.49 4.80
5309.57 4.40
5310.65 3.20
5311.74 5.10
5312.83 3.55
5313.92 5.27
5315.00 6.14
5316.08 6.57
5317.16 4.78
5318.25 3.39
5319.34 5.20
5320.42 6.10
5321.52 4.05
5322.60 5.02
5323.68 4.51
5324.77 4.76
5325.86 4.88
5326.94 5.94
5328.03 4.47
5329.11 6.23
5330.20 5.12
5331.29 5.56
5332.38 3.78
5333.46 5.39
5334.55 3.69
5335.64 2.85
5336.72 2.42
5337.81 4.71
5338.90 5.86
5339.98 6.43
5341.07 6.71
5342.16 5.86
5343.25 6.43
5344.34 4.71
5345.43 3.36
5346.52 5.18
5347.60 3.59
5348.68 4.29
5349.77 5.15
5350.86 6.07
5351.95 5.54
5353.03 6.27
5354.12 6.63
5355.21 4.82
5356.30 4.91
5357.39 4.95
5358.47 4.98
5359.56 5.49
5360.65 3.74
5361.73 4.37
5362.82 4.69
5363.91 3.34
5365.00 3.17
5366.08 4.59
5367.16 3.29
5368.25 2.65
5369.34 4.82
5370.43 3.91
5371.51 6.46
5372.60 4.23
5373.69 6.11
5374.78 4.06
5375.86 5.53
5376.95 6.26
5378.05 5.63
5379.12 6.82
5380.21 4.91
5381.30 3.95
5382.38 2.98
5383.46 5.49
5384.55 6.24
5385.64 5.62
5386.72 4.31
5387.82 4.66
5388.90 5.83
5389.99 5.41
5391.08 5.21
5392.16 3.60
5393.25 3.30
5394.33 5.15
5395.42 5.08
5396.50 6.54
5397.58 4.77
5398.67 3.38
5399.75 4.19
5400.84 4.60
5401.92 5.80
5403.00 5.40
5404.08 3.70
5405.16 2.85
5406.24 2.92
5407.33 4.96
5408.42 4.98
5409.50 5.49
5410.58 6.75
5411.68 5.87
5412.76 3.94
5413.85 6.47
5414.94 4.23
5416.02 4.62
5417.11 5.81
5418.20 3.90
5419.28 4.45
5420.37 5.73
5421.45 5.36
5422.54 5.18
5423.62 7.09
5424.71 5.05
5425.80 5.02
5426.87 6.51
5427.96 6.76
5429.05 5.88
5430.13 6.44
5431.22 4.22
5432.32 5.61
5433.41 6.30
5434.50 5.65
5435.58 3.83
5436.67 5.41
5437.76 4.71
5438.85 5.85
5439.94 3.93
5441.02 4.46
5442.11 3.23
5443.20 3.12
5444.29 2.56
5445.38 2.28
5446.46 2.14
5447.54 2.57
5448.63 2.78
5449.73 4.89
5450.81 5.95
5451.90 3.97
5452.98 5.49
5454.06 6.24
5455.15 4.62
5456.24 5.81
5457.33 3.91
5458.43 5.45
5459.52 3.23
5460.61 6.11
5461.71 5.56
5462.80 5.28
5463.88 7.14
5464.97 4.57
5466.06 5.78
5467.14 5.39
5468.23 5.20
5469.31 5.60
5470.40 6.30
5471.48 5.65
5472.57 3.82
5473.66 3.91
5474.75 4.96
5475.84 3.48
5476.92 2.74
5478.01 2.87
5479.09 2.43
5480.17 2.72
5481.26 2.36
5482.36 2.18
5483.44 2.09
5484.52 3.54
5485.61 5.27
5486.70 6.14
5487.79 6.07
5488.88 6.03
5489.96 4.52
5491.05 5.26
5492.13 5.63
5493.22 5.31
5494.32 5.66
5495.41 6.33
5496.51 4.16
5497.60 5.58
5498.68 6.29
5499.77 4.15
5500.86 5.57
5501.96 3.79
5503.04 4.39
5504.12 5.20
5505.21 5.60
5506.30 6.30
5507.38 4.15
5508.46 3.07
5509.54 2.54
5510.62 2.77
5511.71 3.38
5512.80 4.19
5513.88 5.60
5514.96 5.30
5516.05 3.65
5517.13 5.32
5518.22 6.16
5519.31 6.58
5520.40 6.79
5521.47 7.40
5522.56 6.20
5523.64 4.60
5524.73 4.30
5525.82 5.65
5526.91 3.82
5528.00 2.91
5529.07 4.96
5530.16 3.98
5531.24 5.99
5532.33 3.99
5533.42 4.50
5534.50 8.25
5535.60 7.12
5536.68 4.56
5537.77 5.28
5538.86 4.64
5539.94 3.32
5541.03 5.16
5542.11 6.08
5543.20 4.54
5544.29 5.77
5545.38 6.39
5546.46 7.19
5547.56 7.10
5548.64 4.55
5549.73 5.77
5550.82 6.39
5551.91 4.19
5553.00 5.60
5554.07 6.80
5555.15 6.90
5556.24 4.45
5557.33 3.72
5558.42 4.36
5559.50 5.68
5560.59 4.34
5561.68 3.17
5562.76 4.59
5563.85 5.79
5564.94 4.40
5566.02 6.20
5567.10 7.10
5568.19 6.55
5569.28 4.27
5570.36 5.64
5571.45 3.82
5572.54 2.91
5573.63 2.95
5574.72 4.98
5575.80 4.99
5576.88 3.49
5577.97 5.25
5579.06 6.12
5580.14 6.56
5581.24 4.28
5582.33 5.64
5583.42 5.82
5584.51 5.41
5585.60 5.21
5586.68 3.60
5587.76 2.80
5588.84 2.40
5589.92 2.20
5591.01 2.10
5592.09 2.55
5593.17 4.78
5594.27 3.89
5595.36 2.94
5596.44 3.97
5597.53 5.49
5598.62 6.24
5599.71 6.12
5600.80 4.56
5601.88 4.78
5602.97 4.89
5604.06 3.45
5605.15 6.22
5606.24 4.61
5607.33 3.81
5608.43 2.90
5609.51 4.45
5610.58 5.23
5611.68 5.11
5612.77 4.56
5613.86 3.28
5614.95 2.64
5616.04 4.82
5617.12 5.91
5618.21 6.45
5619.30 4.23
5620.39 3.61
5621.47 4.31
5622.56 4.65
5623.65 5.33
5624.74 6.16
5625.83 5.58
5626.91 5.79
5627.99 6.40
5629.08 3.70
5630.16 3.85
5631.25 4.42
5632.35 4.21
5633.43 3.61
5634.52 5.30
5635.60 6.15
5636.69 6.58
5637.78 6.79
5638.86 6.89
5639.96 5.95
5641.04 5.47
5642.12 4.74
5643.21 5.37
5644.30 6.18
5645.38 6.59
5646.46 4.80
5647.54 21.90
5648.66 73.45
5649.79 82.72
5650.92 66.36
5652.05 96.68
5653.17 125.34
5654.35 102.67
5655.52 81.34
5656.65 116.17
5657.82 114.58
5658.98 88.79
5660.11 113.90
5661.27 137.45
5662.44 109.72
5663.61 91.86
5664.74 125.93
5665.90 121.97
5667.06 95.98
5668.18 119.49
5669.35 144.75
5670.52 113.37
5671.69 96.69
5672.82 128.34
5673.99 123.17
5675.15 97.59
5676.28 122.79
5677.44 143.90
5678.60 113.45
5679.76 87.22
5680.89 120.11
5682.06 142.56
5683.22 111.28
5684.38 120.64
5685.54 143.32
5686.71 122.16
5687.88 96.08
5689.00 125.54
5690.15 142.77
5691.32 110.88
5692.50 123.94
5693.66 145.47
5694.82 123.24
5695.99 94.12
5697.12 128.06
5698.28 138.53
5699.45 108.26
5700.62 122.63
5701.78 147.32
5702.95 122.16
5704.12 94.58
5705.25 127.79
5706.42 134.39
5707.58 107.20
5708.75 81.10
5709.87 62.05
5710.99 101.52
5712.16 134.26
5713.33 153.63
5714.50 164.82
5715.66 127.41
5716.83 121.70
5717.99 145.35
5719.16 129.68
5720.33 101.34
5721.50 127.67
5722.66 150.33
5723.83 116.67
5725.00 119.33
5726.15 143.17
5727.32 123.08
5728.49 95.54
5729.62 127.27
5730.78 151.64
5731.95 118.32
5733.12 124.66
5734.29 146.83
5735.46 123.91
5736.62 94.96
5737.75 127.98
5738.91 149.49
5740.08 116.74
5741.24 90.37
5742.37 68.19
5743.50 105.09
5744.65 136.05
5745.81 156.02
5746.97 166.51
5748.14 130.26
5749.30 100.13
5750.48 132.56
5751.65 127.28
5752.82 102.64
5753.98 127.82
5755.14 151.91
5756.31 120.96
5757.49 111.48
5758.66 139.24
5759.82 127.12
5760.99 100.06
5762.15 129.03
5763.31 152.51
5764.49 118.26
5765.66 118.63
5766.82 143.81
5767.99 125.91
5769.16 98.95
5770.29 127.98
5771.45 151.49
5772.62 118.24
5773.78 89.62
5774.91 71.31
5776.04 102.66
5777.20 134.83
5778.36 156.41
5779.53 168.21
5780.70 133.60
5781.86 99.80
5782.98 134.40
5784.14 133.70
5785.30 106.35
5786.46 129.18
5787.64 151.09
5788.80 123.04
5789.95 94.02
5791.07 131.01
5792.23 130.51
5793.40 105.75
5794.56 126.38
5795.73 148.69
5796.90 121.84
5798.06 92.92
5799.18 128.96
5800.35 128.48
5801.52 104.24
5802.69 125.62
5803.85 149.31
5805.02 120.66
5806.18 100.33
5807.36 131.66
5808.52 124.83
5809.69 99.92
5810.82 77.96
5811.94 63.48
5813.07 53.74
5814.20 42.37
5815.32 35.68
5816.45 30.84
5817.58 28.92
5818.70 26.46
5819.82 23.73
5820.95 21.37
5822.08 19.68
5823.20 18.84
5824.32 18.92
5825.45 17.46
5826.58 16.23
5827.70 18.12
5828.83 19.06
5829.96 16.53
5831.08 15.26
5832.20 15.63
5833.32 12.82
5834.45 12.41
5835.58 14.20
5836.70 14.60
5837.82 14.80
5838.94 12.40
5840.06 14.20
5841.18 13.10
5842.30 11.55
5843.42 12.28
5844.55 11.14
5845.68 12.07
5846.80 11.03
5847.92 10.52
5849.05 10.26
5850.17 10.13
5851.30 10.06
5852.42 10.03
5853.54 11.52
5854.67 10.76
5855.79 10.38
5856.92 10.19
5858.05 11.59
5859.17 10.80
5860.29 9.40
5861.38 9.70
5862.45 10.85
5863.58 7.92
5864.66 10.46
5865.79 9.23
5866.88 9.62
5867.97 8.81
5869.06 10.40
5870.18 11.20
5871.30 12.10
5872.42 8.55
5873.50 10.28
5874.62 9.14
5875.72 9.07
5876.80 8.53
5877.89 8.27
5878.98 7.63
5880.06 7.82
5881.15 8.41
5882.24 8.70
5883.34 8.35
5884.42 10.18
5885.54 11.09
5886.66 11.54
5887.79 9.77
5888.88 8.89
5889.97 9.44
5891.06 8.72
5892.14 8.86
5893.22 7.43
5894.30 7.72
5895.39 9.86
5896.48 7.93
5897.57 6.96
5898.66 7.48
5899.74 9.74
5900.84 7.37
5901.92 7.69
5903.01 7.84
5904.09 6.92
5905.17 7.46
5906.26 9.73
5907.36 7.87
5908.44 6.93
5909.53 9.47
5910.62 9.23
5911.72 7.12
5912.81 6.56
5913.90 6.28
5914.99 9.14
5916.07 10.57
5917.20 8.28
5918.28 8.64
5919.37 8.82
5920.45 7.41
5921.54 8.21
5922.64 7.60
5923.72 7.80
5924.80 8.40
5925.89 5.70
5926.96 7.35
5928.04 9.68
5929.13 10.84
5930.26 9.42
5931.35 8.71
5932.44 7.35
5933.52 7.68
5934.61 9.84
5935.70 8.42
5936.78 8.71
5937.87 10.35
5939.00 9.68
5940.08 8.84
5941.16 8.42
5942.25 5.21
5943.35 7.10
5944.42 7.55
5945.52 4.78
5946.61 6.39
5947.70 6.69
5948.78 7.85
5949.87 8.42
5950.96 8.71
5952.05 5.36
5953.14 6.68
5954.23 9.34
5955.32 7.67
5956.41 7.83
5957.50 4.92
5958.58 6.46
5959.68 7.23
5960.76 8.11
5961.85 8.06
5962.94 5.03
5964.02 7.01
5965.11 4.51
5966.20 5.75
5967.28 6.88
5968.37 7.94
5969.45 7.97
5970.54 5.98
5971.62 7.49
5972.72 8.25
5973.81 7.62
5974.90 7.81
5975.99 6.41
5977.08 7.20
5978.16 6.10
5979.23 7.05
5980.32 7.53
5981.42 6.76
5982.51 6.38
5983.59 6.69
5984.68 6.85
5985.77 4.42
5986.86 4.71
5987.94 5.36
5989.04 3.68
5990.12 4.84
5991.21 6.92
5992.30 4.46
5993.38 4.73
5994.47 6.86
5995.56 4.93
5996.64 6.97
5997.73 6.98
5998.82 7.99
5999.91 5.00
6000.98 6.00
6002.06 6.50
6003.14 6.75
6004.24 4.37
6005.34 6.19
6006.42 7.09
6007.51 5.05
6008.59 5.52
6009.68 3.76
6010.77 2.88
6011.86 3.44
6012.95 3.22
6014.04 4.61
6015.12 5.81
6016.22 6.40
6017.30 6.70
6018.39 4.85
6019.48 3.93
6020.56 5.46
6021.65 4.73
6022.74 5.37
6023.83 3.68
6024.92 4.84
6026.00 5.92
6027.08 6.46
6028.16 4.23
6029.26 5.62
6030.36 7.31
6031.44 6.15
6032.53 7.58
6033.62 8.29
6034.70 8.14
6035.79 8.57
6036.88 5.79
6037.97 7.39
6039.06 8.20
6040.14 8.60
6041.23 7.80
6042.32 4.90
6043.40 4.95
6044.48 6.47
6045.57 6.74
6046.66 6.87
6047.75 4.93
6048.83 5.97
6049.92 3.98
6051.01 2.99
6052.09 4.50
6053.17 5.25
6054.26 3.62
6055.35 2.81
6056.43 5.41
6057.53 5.70
6058.62 6.35
6059.71 6.68
6060.80 6.84
6061.88 4.92
6062.97 5.96
6064.06 6.98
6065.14 4.49
6066.22 5.74
6067.30 6.37
6068.39 6.69
6069.48 7.34
6070.57 5.17
6071.66 6.09
6072.74 7.54
6073.84 7.27
6074.92 7.14
6076.02 5.07
6077.10 6.03
6078.18 6.52
6079.27 6.76
6080.36 4.38
6081.44 6.69
6082.53 6.84
6083.62 4.42
6084.70 5.21
6085.79 6.11
6086.88 6.55
6087.97 5.28
6089.06 3.64
6090.15 4.32
6091.24 5.66
6092.34 6.33
6093.42 5.66
6094.51 3.83
6095.59 3.92
6096.68 3.96
6097.77 2.98
6098.86 4.99
6099.95 3.99
6101.04 5.50
6102.10 6.25
6103.20 4.12
6104.28 5.06
6105.36 4.53
6106.44 6.27
6107.53 6.63
6108.62 6.82
6109.71 5.41
6110.80 3.70
6111.88 5.35
6112.97 5.68
6114.06 4.34
6115.15 3.17
6116.24 6.08
6117.33 5.54
6118.41 6.27
6119.50 4.14
6120.59 3.07
6121.67 5.03
6122.75 6.02
6123.84 6.51
6124.93 4.25
6126.02 5.63
6127.10 6.31
6128.19 6.66
6129.28 6.83
6130.37 7.91
6131.46 4.96
6132.54 6.48
6133.63 6.74
6134.72 6.87
6135.82 4.43
6136.90 5.72
6137.99 6.36
6139.08 4.18
6140.17 5.59
6141.26 6.29
6142.34 6.65
6143.43 4.32
6144.52 6.16
6145.61 4.58
6146.70 5.79
6147.78 6.40
6148.86 6.70
6149.95 4.85
6151.04 3.42
6152.12 3.21
6153.22 5.11
6154.32 3.55
6155.40 4.78
6156.49 3.39
6157.58 2.69
6158.66 2.85
6159.76 2.42
6160.84 4.71
6161.93 3.36
6163.02 5.18
6164.10 6.09
6165.19 4.04
6166.27 5.52
6167.36 7.26
6168.44 7.63
6169.53 4.82
6170.63 3.41
6171.72 5.20
6172.80 5.60
6173.88 7.30
6174.96 7.15
6176.05 4.58
6177.14 5.79
6178.23 3.89
6179.31 3.95
6180.40 4.97
6181.48 5.49
6182.57 6.24
6183.66 7.62
6184.75 7.31
6185.84 7.16
6186.93 5.58
6188.02 4.79
6189.10 3.39
6190.18 2.70
6191.27 2.35
6192.36 5.17
6193.43 6.59
6194.52 6.79
6195.61 6.90
6196.70 6.95
6197.78 6.97
6198.87 4.49
6199.96 3.24
6201.04 5.12
6202.13 6.06
6203.22 6.53
6204.31 4.27
6205.40 5.63
6206.49 3.82
6207.57 6.41
6208.66 6.70
6209.75 6.85
6210.83 6.93
6211.92 6.46
6213.01 9.23
6214.10 6.62
6215.18 6.81
6216.27 6.90
6217.35 7.95
6218.43 7.98
6219.52 7.99
6220.61 7.49
6221.70 7.25
6222.79 5.12
6223.88 5.06
6224.96 3.53
6226.04 3.77
6227.13 5.88
6228.22 4.44
6229.30 5.72
6230.40 4.86
6231.48 3.93
6232.57 4.47
6233.66 8.23
6234.74 8.12
6235.84 6.56
6236.93 5.28
6238.02 7.14
6239.10 8.07
6240.19 5.03
6241.28 6.02
6242.36 7.01
6243.44 5.50
6244.52 6.25
6245.61 6.63
6246.70 7.31
6247.79 8.16
6248.88 7.58
6249.97 8.29
6251.06 8.14
6252.14 8.57
6253.24 7.29
6254.34 8.14
6255.42 8.57
6256.50 8.79
6257.59 7.89
6258.68 4.95
6259.76 5.97
6260.84 3.99
6261.93 5.49
6263.02 3.75
6264.10 5.37
6265.20 4.19
6266.28 5.09
6267.36 6.05
6268.44 5.52
6269.52 4.26
6270.61 5.63
6271.70 6.82
6272.78 6.91
6273.88 6.45
6274.96 7.23
6276.05 4.61
6277.14 6.31
6278.22 7.65
6279.32 7.83
6280.40 6.91
6281.48 4.46
6282.57 3.23
6283.66 5.11
6284.74 7.06
6285.84 5.03
6286.92 6.01
6288.01 7.51
6289.10 8.25
6290.18 8.63
6291.27 8.81
6292.36 8.91
6293.45 8.95
6294.54 8.98
6295.62 6.49
6296.71 4.24
6297.80 4.62
6298.88 4.81
6299.97 4.91
6301.06 3.45
6302.15 5.73
6303.24 6.36
6304.34 7.18
6305.42 6.59
6306.50 6.80
6307.59 4.40
6308.67 6.70
6309.76 4.35
6310.85 5.67
6311.94 5.84
6313.03 5.42
6314.11 7.21
6315.21 4.60
6316.30 3.30
6317.38 3.65
6318.47 3.33
6319.56 2.66
6320.65 5.83
6321.74 3.92
6322.82 4.96
6323.92 3.48
6325.00 5.24
6326.08 3.62
6327.16 5.81
6328.25 5.40
6329.35 3.70
6330.42 5.35
6331.51 5.18
6332.60 6.59
6333.68 6.79
6334.77 5.90
6335.86 4.45
6336.94 4.72
6338.03 4.86
6339.11 4.93
6340.20 4.97
6341.29 4.98
6342.38 4.99
6343.46 5.00
6344.54 6.50
6345.63 4.25
6346.72 4.62
6347.81 5.31
6348.90 6.16
6349.99 6.08
6351.07 6.54
6352.15 6.77
6353.24 6.38
6354.34 4.19
6355.42 3.10
6356.51 3.05
6357.59 5.02
6358.68 3.51
6359.76 2.76
6360.85 4.38
6361.94 3.69
6363.02 6.34
6364.12 5.67
6365.21 4.34
6366.30 4.67
6367.39 3.33
6368.48 3.17
6369.57 4.08
6370.65 5.54
6371.74 4.27
6372.83 3.14
6373.92 3.07
6375.01 4.53
6376.10 5.77
6377.19 4.38
6378.27 5.69
6379.36 6.35
6380.46 8.17
6381.55 7.59
6382.64 8.29
6383.72 5.15
6384.82 5.07
6385.91 4.04
6386.99 6.02
6388.08 4.01
6389.15 4.50
6390.24 3.75
6391.34 3.38
6392.42 3.19
6393.51 5.09
6394.59 6.05
6395.68 6.02
6396.76 4.01
6397.85 3.51
6398.95 2.75
6400.04 4.88
6401.12 3.44
6402.20 4.22
6403.29 3.11
6404.38 3.05
6405.46 6.53
6406.55 5.76
6407.63 6.38
6408.72 6.19
6409.81 4.10
6410.90 5.55
6411.98 6.77
6413.07 4.89
6414.14 4.94
6415.24 3.47
6416.33 5.24
6417.42 3.62
6418.50 2.81
6419.58 2.40
6420.66 4.70
6421.74 5.85
6422.83 4.93
6423.92 3.46
6425.00 5.23
6426.08 6.12
6427.17 4.06
6428.26 3.03
6429.35 2.51
6430.43 5.76
6431.51 6.38
6432.60 7.19
6433.68 6.09
6434.76 6.05
6435.85 4.02
6436.92 6.01
6438.00 7.51
6439.08 5.25
6440.16 6.13
6441.26 4.06
6442.35 5.53
6443.42 7.27
6444.52 5.13
6445.61 3.57
6446.70 3.28
6447.78 5.14
6448.87 5.07
6449.95 3.54
6451.04 4.77
6452.12 6.88
6453.21 6.94
6454.30 6.47
6455.38 4.74
6456.46 5.87
6457.55 5.93
6458.64 5.97
6459.73 5.48
6460.82 5.24
6461.90 5.62
6462.99 5.31
6464.08 5.16
6465.16 4.08
6466.25 6.54
6467.34 6.77
6468.42 6.88
6469.50 6.94
6470.58 7.47
6471.68 4.74
6472.76 4.87
6473.85 6.93
6474.94 6.47
6476.03 6.23
6477.11 6.62
6478.21 6.31
6479.32 6.65
6480.39 6.83
6481.48 4.41
6482.57 3.71
6483.66 4.35
6484.75 3.18
6485.84 3.09
6486.92 5.04
6488.00 5.02
6489.08 5.01
6490.16 3.51
6491.24 6.25
6492.33 6.63
6493.42 5.31
6494.51 3.66
6495.60 3.33
6496.68 3.16
6497.77 4.08
6498.85 3.04
6499.93 2.52
6501.02 3.76
6502.10 3.38
6503.19 4.19
6504.28 3.60
6505.36 4.80
6506.44 4.90
6507.53 3.45
6508.61 2.72
6509.70 3.86
6510.78 4.93
6511.87 4.47
6512.95 4.73
6514.04 3.37
6515.13 4.68
6516.22 4.84
6517.32 3.42
6518.40 5.21
6519.48 5.61
6520.57 5.30
6521.65 4.65
6522.74 4.83
6523.82 6.91
6524.92 5.96
6526.00 5.48
6527.08 5.24
6528.16 3.62
6529.25 5.31
6530.34 6.15
6531.42 6.58
6532.51 4.79
6533.60 3.89
6534.68 4.95
6535.76 4.97
6536.85 3.99
6537.94 5.49
6539.03 5.25
6540.12 5.12
6541.21 5.56
6542.30 6.28
6543.39 4.14
6544.48 3.07
6545.56 4.04
6546.64 4.52
6547.73 3.26
6548.82 4.13
6549.90 4.56
6550.99 3.28
6552.08 2.64
6553.16 3.82
6554.25 4.41
6555.34 4.21
6556.42 4.60
6557.51 3.80
6558.59 4.40
6559.68 4.20
6560.77 3.60
6561.84 4.80
6562.92 3.40
6564.00 3.20
6565.08 5.10
6566.16 5.05
6567.24 4.03
6568.33 3.01
6569.41 5.01
6570.50 5.00
6571.57 3.50
6572.65 5.25
6573.74 4.13
6574.83 4.56
6575.92 5.28
6577.01 6.14
6578.10 6.07
6579.18 4.54
6580.27 5.77
6581.36 5.38
6582.44 4.19
6583.53 5.60
6584.62 5.30
6585.70 7.15
6586.80 4.57
6587.88 3.79
6588.97 4.89
6590.06 3.45
6591.15 2.72
6592.24 2.36
6593.33 2.68
6594.41 4.84
6595.50 4.92
6596.58 4.96
6597.67 4.98
6598.76 3.99
6599.84 5.50
6600.93 4.25
6602.02 4.62
6603.11 3.31
6604.20 2.66
6605.29 2.33
6606.38 2.16
6607.46 3.58
6608.56 3.29
6609.64 4.15
6610.73 3.57
6611.82 6.29
6612.91 4.64
6613.99 5.82
6615.08 3.91
6616.16 2.96
6617.25 3.98
6618.34 4.49
6619.42 4.24
6620.50 5.62
6621.58 6.31
6622.67 6.66
6623.76 4.33
6624.85 5.66
6625.94 5.33
6627.02 6.17
6628.12 6.08
6629.20 6.04
6630.28 5.52
6631.37 5.26
6632.46 3.63
6633.54 5.82
6634.64 5.41
6635.73 5.20
6636.82 7.10
6637.91 7.05
6639.00 4.03
6640.08 3.51
6641.16 6.26
6642.25 6.63
6643.34 5.81
6644.42 6.91
6645.51 5.95
6646.59 6.48
6647.68 5.74
6648.77 3.87
6649.86 2.93
6650.94 2.97
6652.03 4.98
6653.11 5.99
6654.20 4.00
6655.28 6.00
6656.36 5.50
6657.44 3.75
6658.53 5.37
6659.62 6.19
6660.71 6.09
6661.79 4.55
6662.87 4.77
6663.96 5.39
6665.05 5.19
6666.13 7.10
6667.22 7.05
6668.32 5.52
6669.39 7.76
6670.48 8.38
6671.57 7.19
6672.66 8.10
6673.75 7.05
6674.84 5.02
6675.92 7.01
6677.00 7.51
6678.08 8.25
6679.16 6.63
6680.26 5.81
6681.35 5.41
6682.44 4.70
6683.52 3.35
6684.61 5.18
6685.71 3.59
6686.80 2.79
6687.88 4.90
6688.95 6.95
6690.04 5.97
6691.12 6.99
6692.21 4.99
6693.31 3.50
6694.38 5.75
6695.48 3.87
6696.56 4.44
6697.65 4.72
6698.74 3.36
6699.83 5.18
6700.91 6.09
6701.99 7.04
6703.08 8.52
6704.16 7.76
6705.24 4.88
6706.33 3.44
6707.41 5.72
6708.50 3.86
6709.58 6.43
6710.66 6.72
6711.76 4.86
6712.85 5.93
6713.94 3.96
6715.03 3.48
6716.11 6.24
6717.20 4.62
6718.29 5.81
6719.38 9.41
6720.48 5.70
6721.56 6.35
6722.64 6.68
6723.73 4.34
6724.82 5.67
6725.90 7.83
6726.98 7.92
6728.08 4.96
6729.15 5.98
6730.24 5.99
6731.33 6.49
6732.41 5.75
6733.50 5.37
6734.58 7.19
6735.67 6.09
6736.74 8.05
6737.84 7.02
6738.92 7.01
6740.00 6.01
6741.07 6.50
6742.16 5.75
6743.25 5.38
6744.34 3.69
6745.42 4.34
6746.50 4.67
6747.58 5.84
6748.68 5.42
6749.76 7.21
6750.85 6.60
6751.93 4.30
6753.02 4.65
6754.11 4.83
6755.20 4.91
6756.28 3.46
6757.38 3.23
6758.46 4.61
6759.54 4.81
6760.63 4.90
6761.71 5.95
6762.80 3.98
6763.88 5.49
6764.97 3.74
6766.06 4.37
6767.14 4.69
6768.24 5.34
6769.32 3.67
6770.40 6.34
6771.49 4.67
6772.58 5.33
6773.67 4.17
6774.76 3.08
6775.84 5.04
6776.92 5.02
6778.00 6.01
6779.08 6.01
6780.16 5.50
6781.24 3.75
6782.33 4.38
6783.41 4.69
6784.50 3.34
6785.58 6.67
6786.67 5.84
6787.76 5.42
6788.84 5.21
6789.93 6.10
6791.02 6.05
6792.10 7.53
6793.19 8.26
6794.28 7.63
6795.36 4.82
6796.45 6.41
6797.54 7.70
6798.63 4.85
6799.71 4.93
6800.80 6.46
6801.88 5.73
6802.97 7.37
6804.06 7.18
6805.15 4.59
6806.24 4.30
6807.32 3.15
6808.41 4.57
6809.50 6.29
6810.58 7.14
6811.68 6.07
6812.76 5.54
6813.84 5.27
6814.93 6.13
6816.02 4.07
6817.10 3.53
6818.19 5.27
6819.28 6.13
6820.36 4.07
6821.45 3.03
6822.54 6.02
6823.62 7.51
6824.71 7.75
6825.80 4.88
6826.88 4.94
6827.97 3.47
6829.06 4.23
6830.15 3.12
6831.24 4.56
6832.33 6.78
6833.41 7.39
6834.50 4.69
6835.58 5.35
6836.66 6.17
6837.76 4.09
6838.84 6.54
6839.93 6.27
6841.02 6.64
6842.11 4.32
6843.20 6.16
6844.29 6.58
6845.38 6.29
6846.47 6.64
6847.56 5.82
6848.64 5.91
6849.73 4.96
6850.82 4.48
6851.91 3.74
6852.99 3.87
6854.08 3.93
6855.16 4.47
6856.25 5.23
6857.34 6.12
6858.44 6.06
6859.52 5.03
6860.61 5.01
6861.70 4.51
6862.78 5.75
6863.88 4.38
6864.96 4.19
6866.05 4.09
6867.13 4.55
6868.22 4.27
6869.32 4.14
6870.40 4.07
6871.48 4.03
6872.57 5.52
6873.66 6.26
6874.75 5.63
6875.84 4.81
6876.92 5.91
6878.01 5.95
6879.09 4.98
6880.17 5.49
6881.26 4.74
6882.34 5.87
6883.42 6.44
6884.50 6.72
6885.59 6.36
6886.68 5.18
6887.76 6.09
6888.84 5.04
6889.92 6.02
6891.00 6.01
6892.08 5.01
6893.15 6.00
6894.24 5.00
6895.32 6.00
6896.40 5.00
6897.47 4.50
6898.55 5.75
6899.64 6.38
6900.74 5.69
6901.82 4.84
6902.91 4.42
6903.99 5.71
6905.08 6.36
6906.17 5.18
6907.26 6.09
6908.34 6.54
6909.43 6.77
6910.52 6.89
6911.61 6.94
6912.70 5.47
6913.78 6.24
6914.86 6.62
6915.96 5.81
6917.04 4.90
6918.12 4.45
6919.21 5.73
6920.31 4.86
6921.38 5.93
6922.48 4.97
6923.56 4.48
6924.65 5.24
6925.74 6.12
6926.83 6.56
6927.92 6.28
6929.01 6.64
6930.09 5.32
6931.17 6.16
6932.26 6.58
6933.35 5.29
6934.44 5.15
6935.53 6.57
6936.62 6.79
6937.71 6.39
6938.80 6.20
6939.88 5.10
6940.96 6.05
6942.04 6.52
6943.12 5.26
6944.22 4.13
6945.32 5.57
6946.40 6.28
6947.48 6.14
6948.57 6.07
6949.65 5.54
6950.74 6.27
6951.83 5.63
6952.91 6.32
6954.00 6.66
6955.08 5.33
6956.16 4.66
6957.25 4.83
6958.34 4.42
6959.44 4.21
6960.53 5.10
6961.62 5.55
6962.70 5.78
6963.79 4.89
6964.87 4.94
6965.96 6.47
6967.05 6.74
6968.14 5.37
6969.23 4.68
6970.32 6.34
6971.40 6.17
6972.48 5.09
6973.57 6.04
6974.65 5.02
6975.74 4.51
6976.82 6.26
6977.91 6.63
6979.00 7.31
6980.08 5.66
6981.16 4.33
6982.26 3.66
6983.34 5.33
6984.44 4.67
6985.53 5.83
6986.62 5.92
6987.71 4.96
6988.80 4.48
6989.88 4.24
6990.96 5.62
6992.04 5.81
6993.13 4.90
6994.22 4.95
6995.32 4.48
6996.40 5.74
6997.48 6.37
6998.57 5.18
6999.66 5.09
7000.74 6.05
7001.83 5.02
7002.91 5.51
7004.00 4.76
7005.08 5.88
7006.16 4.94
7007.25 4.47
7008.34 4.23
7009.42 5.62
7010.52 4.81
7011.61 5.90
7012.70 4.95
7013.78 3.48
7014.86 3.74
7015.95 4.87
7017.04 5.93
7018.12 6.47
7019.22 6.73
7020.32 6.37
7021.40 6.68
7022.48 5.34
7023.57 6.67
7024.66 5.84
7025.74 6.42
7026.83 6.71
7027.92 6.35
7029.01 7.18
7030.10 5.59
7031.19 4.79
7032.27 5.40
7033.36 5.70
7034.45 4.85
7035.54 6.42
7036.62 7.21
7037.72 6.61
7038.82 7.30
7039.91 7.15
7041.00 7.08
7042.08 7.04
7043.15 6.52
7044.23 7.26
7045.32 5.63
7046.40 6.31
7047.49 6.66
7048.58 6.83
7049.67 4.91
7050.76 3.96
7051.84 4.98
7052.93 6.49
7054.02 7.24
7055.11 5.12
7056.20 5.56
7057.28 6.78
7058.37 6.39
7059.46 6.20
7060.55 4.10
7061.64 3.05
7062.72 5.02
7063.81 4.51
7064.90 5.76
7065.99 4.88
7067.07 5.44
7068.15 6.22
7069.24 6.61
7070.33 5.30
7071.41 5.65
7072.50 4.83
7073.59 4.41
7074.68 4.21
7075.77 5.10
7076.86 4.55
7077.94 6.28
7079.03 7.14
7080.12 5.57
7081.21 5.28
7082.31 6.14
7083.39 6.57
7084.48 7.29
7085.57 5.64
7086.66 4.82
7087.74 5.91
7088.84 4.96
7089.92 5.48
7091.01 6.24
7092.10 5.12
7093.18 6.06
7094.28 5.03
7095.36 6.51
7096.45 6.26
7097.54 6.13
7098.64 5.56
7099.72 6.28
7100.81 5.14
7101.90 6.07
7102.98 6.54
7104.08 5.27
7105.16 4.63
7106.25 5.32
7107.34 6.66
7108.44 5.33
7109.53 5.66
7110.62 6.33
7111.72 5.67
7112.80 6.83
7113.88 6.42
7114.97 6.71
7116.06 5.35
7117.15 5.18
7118.24 4.59
7119.33 5.29
7120.42 6.15
7121.52 5.07
7122.60 5.04
7123.68 6.02
7124.76 5.01
7125.85 4.50
7126.93 4.75
7128.02 5.88
7129.11 5.44
7130.20 5.22
7131.28 5.61
7132.37 6.30
7133.46 5.15
7134.54 6.08
7135.64 5.04
7136.72 5.02
7137.81 6.01
7138.90 5.00
7139.97 4.50
7141.05 6.25
7142.13 7.13
7143.23 6.56
7144.32 6.28
7145.40 5.64
7146.49 5.32
7147.57 4.66
7148.65 5.83
7149.74 4.92
7150.83 5.46
7151.92 5.23
7153.01 5.11
7154.10 4.56
7155.18 4.78
7156.27 5.39
7157.36 5.69
7158.45 6.35
7159.54 6.67
7160.63 5.34
7161.71 6.17
7162.81 5.08
7163.90 6.04
7164.98 6.52
7166.06 6.76
7167.15 5.88
7168.24 4.94
7169.32 5.97
7170.40 5.99
7171.49 6.99
7172.58 7.50
7173.67 5.75
7174.76 5.37
7175.84 4.69
7176.93 4.84
7178.02 5.92
7179.11 4.96
7180.19 5.48
7181.29 5.74
7182.37 6.37
7183.46 5.19
7184.56 4.59
7185.64 5.30
7186.73 6.15
7187.82 6.07
7188.90 7.04
7189.99 6.02
7191.08 6.01
7192.16 5.50
7193.24 6.75
7194.33 6.88
7195.42 5.44
7196.51 4.72
7197.60 4.36
7198.68 5.18
7199.77 4.09
7200.85 4.04
7201.93 5.02
7203.01 4.51
7204.10 5.76
7205.19 4.88
7206.28 4.44
7207.36 4.72
7208.45 4.36
7209.54 4.68
7210.63 4.34
7211.72 4.17
7212.81 5.08
7213.89 4.54
7214.98 5.77
7216.07 5.39
7217.16 5.69
7218.24 4.85
7219.33 6.42
7220.42 5.21
7221.51 4.11
7222.60 5.55
7223.68 5.28
7224.77 4.64
7225.86 6.32
7226.95 5.16
7228.04 4.58
7229.12 4.29
7230.22 4.14
7231.31 6.07
7232.39 5.04
7233.48 4.52
7234.57 3.76
7235.65 4.38
7236.74 4.69
7237.82 5.84
7238.92 5.42
7240.00 6.71
7241.08 6.36
7242.17 5.68
7243.26 4.84
7244.34 5.92
7245.43 6.46
7246.52 5.23
7247.61 6.11
7248.70 6.56
7249.79 6.28
7250.87 6.64
7251.97 5.32
7253.05 4.66
7254.13 5.33
7255.22 6.16
7256.32 6.58
7257.39 6.79
7258.48 6.90
7259.57 4.95
7260.66 4.47
7261.74 5.74
7262.83 6.37
7263.92 5.18
7265.01 5.59
7266.09 6.30
7267.17 6.65
7268.26 5.82
7269.35 4.91
7270.43 5.46
7271.52 5.73
7272.61 5.36
7273.70 6.18
7274.79 5.09
7275.86 6.55
7276.96 5.77
7278.04 5.39
7279.13 5.69
7280.22 4.35
7281.31 6.17
7282.39 6.59
7283.48 5.79
7284.57 5.40
7285.66 6.20
7286.74 6.60
7287.82 6.80
7288.91 5.40
7290.00 4.70
7291.07 5.35
7292.16 5.67
7293.25 4.84
7294.34 6.42
7295.43 5.21
7296.52 4.60
7297.60 5.80
7298.68 4.90
7299.76 3.45
7300.85 5.23
7301.94 5.61
7303.03 6.31
7304.12 5.15
7305.22 4.58
7306.30 5.29
7307.38 4.64
7308.46 5.32
7309.56 6.16
7310.64 5.08
7311.72 6.04
7312.81 6.52
7313.90 4.76
7314.98 5.38
7316.07 6.69
7317.16 6.35
7318.25 6.17
7319.34 6.59
7320.43 5.29
7321.52 4.65
7322.60 4.32
7323.69 5.66
7324.77 6.33
7325.86 7.17
7326.96 7.08
7328.04 6.54
7329.12 6.77
7330.21 5.89
7331.30 6.44
7332.38 6.72
7333.47 6.36
7334.56 5.18
7335.64 6.59
7336.73 7.30
7337.82 7.65
7338.90 7.82
7339.98 7.91
7341.08 5.46
7342.15 6.73
7343.24 5.86
7344.33 6.43
7345.42 6.72
7346.52 5.36
7347.61 5.18
7348.70 6.59
7349.78 6.29
7350.87 6.15
7351.96 6.57
7353.05 7.29
7354.14 7.14
7355.24 6.57
7356.32 5.79
7357.42 6.39
7358.51 6.20
7359.59 6.10
7360.68 6.55
7361.76 6.77
7362.85 6.39
7363.94 6.19
7365.02 6.60
7366.10 6.80
7367.19 5.40
7368.28 5.20
7369.36 6.60
7370.45 7.30
7371.54 5.15
7372.64 4.57
7373.72 4.29
7374.81 6.64
7375.90 6.32
7376.98 6.66
7378.07 6.33
7379.15 7.17
7380.25 6.08
7381.33 6.04
7382.42 6.52
7383.51 5.26
7384.59 5.63
7385.68 6.82
7386.77 6.91
7387.86 7.45
7388.95 6.23
7390.04 6.11
7391.12 5.56
7392.22 5.78
7393.30 6.39
7394.38 6.69
7395.47 6.35
7396.56 5.17
7397.65 5.59
7398.74 4.79
7399.83 4.40
7400.92 4.20
7402.00 4.10
7403.08 4.05
7404.15 5.02
7405.24 4.01
7406.33 4.01
7407.42 5.50
7408.50 6.25
7409.59 5.13
7410.69 4.56
7411.77 5.78
7412.86 6.39
7413.95 6.20
7415.04 5.10
7416.12 5.05
7417.20 4.52
7418.30 5.76
7419.38 4.88
7420.46 5.94
7421.55 6.47
7422.64 6.24
7423.74 6.62
7424.83 5.31
7425.92 5.65
7427.01 6.33
7428.10 5.66
7429.18 6.83
7430.28 5.42
7431.36 6.71
7432.45 6.85
7433.54 4.93
7434.62 4.96
7435.71 5.48
7436.80 6.24
7437.88 5.12
7438.97 5.56
7440.06 5.78
7441.14 5.39
7442.23 4.70
7443.31 5.35
7444.40 5.17
7445.48 6.09
7446.56 6.04
7447.64 5.02
7448.73 4.51
7449.82 4.26
7450.90 5.13
7451.99 7.06
7453.08 6.53
7454.16 5.77
7455.26 6.38
7456.35 5.69
7457.44 5.35
7458.53 5.17
7459.62 6.59
7460.71 5.79
7461.79 5.90
7462.88 4.95
7463.96 5.47
7465.04 5.24
7466.13 6.12
7467.23 5.06
7468.32 4.53
7469.39 5.76
7470.48 4.88
7471.57 4.94
7472.66 5.47
7473.74 5.74
7474.83 6.37
7475.92 5.18
7477.01 5.09
7478.09 6.55
7479.18 5.77
7480.26 6.89
7481.36 5.44
7482.44 5.72
7483.53 6.86
7484.62 6.93
7485.70 6.97
7486.80 6.48
7487.88 6.24
7488.97 4.62
7490.06 4.81
7491.14 5.41
7492.24 6.20
7493.33 5.10
7494.42 5.55
7495.51 5.28
7496.60 6.14
7497.69 5.57
7498.78 4.78
7499.86 5.89
7500.94 6.45
7502.03 6.72
7503.12 5.36
7504.22 5.68
7505.31 4.84
7506.38 5.42
7507.48 4.21
7508.57 5.61
7509.67 4.80
7510.75 5.40
7511.83 6.20
7512.92 6.60
7514.00 5.80
7515.07 6.40
7516.16 4.70
7517.24 5.85
7518.33 6.43
7519.43 5.21
7520.52 6.11
7521.62 5.05
7522.70 5.53
7523.80 4.26
7524.88 3.63
7525.97 4.82
7527.06 3.41
7528.14 3.70
7529.23 3.85
7530.32 4.93
7531.42 5.96
7532.50 6.48
7533.58 6.74
7534.67 6.37
7535.76 6.69
7536.85 5.84
7537.94 5.92
7539.03 4.96
7540.11 5.98
7541.20 6.49
7542.29 6.75
7543.37 6.37
7544.46 6.19
7545.55 4.09
7546.64 4.05
7547.72 5.52
7548.81 6.26
7549.90 6.63
7550.98 6.82
7552.06 6.91
7553.15 5.95
7554.23 6.48
7555.32 6.74
7556.41 6.37
7557.51 5.18
7558.60 4.59
7559.68 5.80
7560.76 4.90
7561.84 5.95
7562.93 5.47
7564.02 6.24
7565.11 4.62
7566.20 5.81
7567.30 6.40
7568.38 6.20
7569.46 6.60
7570.54 6.80
7571.62 6.90
7572.72 4.95
7573.81 5.98
7574.91 4.99
7576.00 4.49
7577.07 5.75
7578.16 4.87
7579.25 4.44
7580.34 5.72
7581.42 6.36
7582.52 4.68
7583.61 5.84
7584.70 6.42
7585.79 5.21
7586.87 6.10
7587.96 5.05
7589.05 5.03
7590.13 6.01
7591.22 4.51
7592.31 5.75
7593.40 5.88
7594.48 5.44
7595.57 5.22
7596.66 6.11
7597.76 5.05
7598.84 4.53
7599.93 5.76
7601.02 5.88
7602.10 4.94
7603.19 4.47
7604.28 4.24
7605.37 4.12
7606.47 4.06
7607.55 5.53
7608.64 4.76
7609.73 3.88
7610.82 4.94
7611.91 4.47
7613.00 4.24
7614.08 4.12
7615.17 5.56
7616.26 4.78
7617.35 3.39
7618.44 3.19
7619.52 4.10
7620.62 6.05
7621.70 5.52
7622.78 7.26
7623.88 6.13
7624.96 6.07
7626.05 6.53
7627.14 5.77
7628.23 5.38
7629.31 5.69
7630.40 5.35
7631.49 3.67
7632.58 3.84
7633.67 2.92
7634.75 3.46
7635.84 4.73
7636.93 5.36
7638.02 5.18
7639.10 5.59
7640.19 6.30
7641.29 5.15
7642.37 5.57
7643.46 4.79
7644.54 5.89
7645.63 6.45
7646.72 4.72
7647.82 4.86
7648.91 3.93
7650.00 4.97
7651.07 4.98
7652.15 5.49
7653.24 3.75
7654.34 2.87
7655.43 5.44
7656.52 5.22
7657.61 6.11
7658.70 7.05
7659.79 7.03
7660.88 5.51
7661.96 4.26
7663.06 3.13
7664.15 4.56
7665.23 5.28
7666.32 4.64
7667.41 6.32
7668.50 6.66
7669.59 5.33
7670.68 5.17
7671.77 6.08
7672.85 5.04
7673.93 4.52
7675.02 5.76
7676.11 3.88
7677.19 4.94
7678.29 5.97
7679.37 4.99
7680.46 5.99
7681.55 6.50
7682.63 6.75
7683.72 6.87
7684.81 6.94
7685.90 5.47
7686.98 5.73
7688.07 5.37
7689.16 5.18
7690.25 5.09
7691.32 5.55
7692.41 4.77
7693.50 5.39
7694.59 5.19
7695.68 5.10
7696.76 5.55
7697.85 5.77
7698.94 5.39
7700.02 5.69
7701.11 5.35
7702.20 4.67
7703.29 4.84
7704.37 5.92
7705.46 5.46
7706.54 5.73
7707.64 5.36
7708.72 5.18
7709.81 5.09
7710.89 5.55
7711.98 5.77
7713.07 5.39
7714.16 5.19
7715.25 5.10
7716.34 5.05
7717.42 5.52
7718.51 5.76
7719.60 5.38
7720.69 5.69
7721.78 5.35
7722.88 5.17
7723.96 5.09
7725.05 6.04
7726.12 5.52
7727.21 5.76
7728.30 5.88
7729.37 4.94
7730.46 5.47
7731.54 5.74
7732.63 5.87
7733.72 5.93
7734.81 5.97
7735.90 5.48
7736.98 5.74
7738.07 5.37
7739.16 5.19
7740.25 5.09
7741.33 5.05
7742.42 5.52
7743.50 5.76
7744.59 4.88
7745.67 4.94
7746.76 5.47
7747.85 5.74
7748.94 5.37
7750.02 5.68
7751.10 5.84
7752.18 5.92
7753.28 5.96
7754.36 5.48
7755.45 5.24
7756.54 6.12
7757.63 6.06
7758.72 5.53
7759.81 5.27
7760.91 5.13
7762.00 5.07
7763.08 5.03
7764.16 5.02
7765.24 5.01
7766.33 5.00
7767.41 6.00
7768.49 5.50
7769.57 5.25
7770.66 5.13
7771.75 5.56
7772.84 5.78
7773.93 5.39
7775.02 5.20
7776.10 5.60
7777.18 5.80
7778.28 5.40
7779.36 4.70
7780.43 5.35
7781.52 5.67
7782.61 5.34
7783.70 5.17
7784.78 6.08
7785.87 5.54
7786.95 5.77
7788.04 5.39
7789.13 5.19
7790.22 5.10
7791.31 5.05
7792.38 5.52
7793.47 5.76
7794.56 5.88
7795.65 6.44
7796.74 6.72
7797.82 6.86
7798.91 6.93
7800.00 6.97
7801.08 5.48
7802.16 6.24
7803.25 6.62
7804.34 5.81
7805.43 4.91
7806.52 4.95
7807.61 5.98
7808.70 6.49
7809.78 6.74
7810.87 5.87
7811.96 4.94
7813.04 5.47
7814.12 5.73
7815.21 6.37
7816.30 6.18
7817.37 6.59
7818.46 6.30
7819.55 6.15
7820.64 5.57
7821.72 6.29
7822.81 5.14
7823.90 6.07
7824.98 6.04
7826.07 5.02
7827.15 4.51
7828.24 4.25
7829.33 5.13
7830.42 6.06
7831.51 6.53
7832.60 6.27
7833.68 6.13
7834.76 6.57
7835.85 5.78
7836.94 5.39
7838.03 5.20
7839.10 6.10
7840.19 6.05
7841.28 5.02
7842.36 4.51
7843.45 5.76
7844.54 5.38
7845.63 3.69
7846.71 5.34
7847.80 6.17
7848.89 6.59
7849.98 6.79
7851.06 6.90
7852.14 6.95
7853.23 5.97
7854.31 5.99
7855.40 4.99
7856.48 5.50
7857.56 6.25
7858.65 6.62
7859.74 6.31
7860.83 5.16
7861.92 6.08
7863.00 6.54
7864.08 6.27
7865.16 5.63
7866.27 6.32
7867.35 6.66
7868.44 5.33
7869.52 6.16
7870.61 6.58
7871.70 6.29
7872.79 6.15
7873.88 5.57
7874.97 5.29
7876.06 5.64
7877.14 5.82
7878.24 5.41
7879.33 5.21
7880.43 5.10
7881.52 5.05
7882.60 5.53
7883.69 5.26
7884.78 5.13
7885.86 5.57
7886.94 5.78
7888.04 5.39
7889.12 5.20
7890.21 5.10
7891.30 5.05
7892.37 6.02
7893.46 5.51
7894.55 5.26
7895.64 5.13
7896.73 5.06
7897.82 5.53
7898.91 5.27
7900.00 5.13
7901.08 6.07
7902.16 6.53
7903.25 6.27
7904.34 6.13
7905.44 5.57
7906.53 5.78
7907.62 4.89
7908.70 5.95
7909.80 4.97
7910.88 5.49
7911.97 6.24
7913.06 5.12
7914.14 5.56
7915.24 4.78
7916.32 4.39
7917.41 4.70
7918.50 5.35
7919.59 5.17
7920.67 5.59
7921.75 5.79
7922.84 5.40
7923.92 4.70
7925.01 4.85
7926.10 5.42
7927.19 5.21
7928.28 5.11
7929.37 5.55
7930.46 5.28
7931.55 5.14
7932.63 5.57
7933.72 5.28
7934.81 5.14
7935.90 5.57
7936.99 5.29
7938.08 5.14
7939.16 5.07
7940.24 6.04
7941.33 6.02
7942.42 6.01
7943.51 6.00
7944.59 5.50
7945.66 5.75
7946.75 5.88
7947.84 5.44
7948.93 5.22
7950.02 5.11
7951.11 5.05
7952.19 5.53
7953.28 5.76
7954.36 5.88
7955.46 5.94
7956.54 5.97
7957.63 5.49
7958.72 5.24
7959.81 5.12
7960.91 5.06
7962.00 5.03
7963.08 5.02
7964.15 5.51
7965.25 5.75
7966.34 5.88
7967.43 5.44
7968.52 5.22
7969.61 5.61
7970.70 5.80
7971.79 5.40
7972.88 5.20
