3327.78 195.91
3329.12 195.96
3330.29 195.98
3331.45 195.99
3332.61 194.99
3333.78 196.00
3334.94 196.50
3336.10 197.25
3337.26 196.62
3338.42 196.31
3339.59 195.16
3340.76 196.08
3341.92 196.04
3343.08 195.02
3344.24 194.51
3345.42 194.25
3346.59 194.13
3347.76 195.06
3348.92 195.03
3350.08 196.52
3351.24 196.76
3352.42 195.38
3353.59 197.69
3354.75 195.34
3355.92 195.67
3357.09 196.84
3358.25 196.92
3359.42 196.46
3360.58 197.23
3361.75 197.11
3362.92 197.06
3364.08 197.03
3365.23 198.51
3366.41 196.76
3367.58 196.38
3368.74 196.69
3369.91 195.34
3371.08 195.67
3372.24 196.84
3373.42 196.42
3374.58 198.21
3375.75 197.10
3376.91 195.55
3378.08 196.28
3379.24 197.14
3380.42 196.07
3381.58 197.03
3382.74 197.02
3383.90 197.01
3385.06 195.50
3386.22 195.25
3387.40 196.63
3388.56 195.31
3389.73 195.66
3390.90 195.83
3392.06 195.91
3393.22 196.96
3394.38 197.48
3395.56 197.24
3396.74 196.62
3397.90 196.81
3399.06 195.40
3400.22 195.70
3401.38 195.85
3402.55 194.93
3403.72 195.96
3404.89 196.48
3406.05 197.24
3407.21 196.62
3408.38 196.81
3409.55 196.91
3410.72 198.45
3411.89 199.23
3413.06 198.61
3414.22 198.81
3415.38 197.90
3416.55 197.95
3417.71 198.98
3418.88 198.49
3420.04 198.24
3421.20 196.62
3422.36 196.81
3423.54 197.41
3424.70 197.20
3425.86 195.60
3427.02 195.80
3428.17 195.90
3429.33 196.95
3430.50 196.48
3431.66 197.24
3432.83 195.62
3434.00 194.81
3435.15 194.90
3436.31 196.45
3437.48 196.73
3438.65 196.36
3439.82 195.68
3440.98 195.34
3442.15 196.67
3443.32 196.84
3444.49 196.92
3445.66 195.46
3446.82 195.23
3447.99 194.61
3449.16 195.81
3450.33 195.90
3451.49 196.45
3452.66 195.73
3453.82 194.86
3454.99 196.43
3456.16 196.22
3457.33 196.11
3458.50 195.55
3459.66 195.28
3460.82 194.64
3461.99 196.32
3463.17 195.66
3464.34 195.83
3465.50 196.41
3466.66 197.21
3467.83 196.10
3468.99 195.05
3470.15 194.53
3471.32 195.26
3472.49 196.13
3473.66 197.07
3474.82 196.53
3475.98 195.77
3477.15 196.88
3478.32 195.44
3479.49 196.22
3480.66 196.61
3481.82 196.31
3482.99 197.15
3484.16 196.58
3485.33 196.29
3486.50 195.14
3487.66 196.57
3488.83 196.29
3490.00 195.14
3491.15 196.57
3492.32 195.29
3493.49 196.14
3494.66 195.57
3495.82 196.29
3496.99 197.14
3498.16 196.57
3499.33 197.29
3500.50 196.14
3501.66 197.07
3502.82 195.54
3503.99 196.77
3505.16 196.38
3506.33 196.19
3507.50 197.10
3508.66 196.55
3509.82 196.27
3510.99 197.14
3512.16 196.57
3513.34 195.78
3514.50 194.39
3515.66 196.20
3516.82 195.60
3517.98 195.80
3519.14 196.40
3520.30 195.70
3521.46 196.35
3522.62 197.17
3523.79 197.59
3524.95 196.29
3526.12 195.15
3527.29 195.57
3528.46 195.29
3529.62 196.64
3530.79 195.82
3531.96 194.91
3533.13 195.46
3534.30 195.73
3535.46 195.36
3536.62 196.68
3537.79 196.34
3538.96 195.67
3540.13 196.84
3541.30 195.42
3542.46 196.21
3543.62 197.10
3544.78 196.55
3545.95 197.28
3547.13 196.14
3548.30 196.57
3549.46 195.78
3550.62 196.39
3551.79 195.20
3552.95 196.60
3554.11 196.30
3555.28 195.65
3556.45 194.82
3557.62 196.41
3558.78 196.21
3559.95 196.10
3561.11 195.55
3562.28 195.28
3563.45 194.64
3564.62 194.82
3565.78 196.41
3566.95 196.20
3568.11 195.10
3569.28 194.55
3570.45 195.28
3571.62 196.14
3572.78 196.57
3573.95 196.28
3575.12 195.64
3576.29 196.82
3577.46 195.91
3578.62 195.46
3579.79 195.23
3580.96 196.61
3582.13 196.31
3583.30 196.15
3584.46 197.08
3585.62 196.04
3586.78 196.52
3587.95 197.26
3589.13 195.63
3590.30 195.81
3591.46 196.41
3592.62 195.70
3593.78 194.85
3594.94 194.93
3596.11 194.96
3597.28 195.48
3598.45 195.74
3599.62 196.37
3600.78 195.69
3601.95 194.84
3603.11 195.42
3604.28 195.71
3605.45 195.36
3606.62 195.68
3607.78 196.34
3608.95 196.67
3610.11 196.83
3611.28 196.92
3612.45 196.96
3613.62 195.98
3614.78 196.49
3615.94 195.24
3617.11 195.12
3618.28 195.56
3619.45 195.78
3620.61 194.89
3621.78 195.95
3622.94 196.97
3624.10 196.49
3625.26 197.24
3626.43 195.62
3627.60 195.81
3628.76 195.91
3629.93 194.95
3631.10 195.98
3632.26 194.99
3633.43 194.99
3634.59 194.00
3635.74 195.50
3636.90 196.25
3638.06 196.12
3639.22 196.06
3640.39 196.03
3641.55 195.02
3642.71 195.51
3643.88 195.25
3645.05 195.63
3646.21 195.31
3647.38 196.66
3648.55 196.33
3649.72 196.16
3650.89 197.08
3652.05 195.54
3653.21 196.77
3654.38 196.89
3655.55 195.44
3656.72 195.72
3657.89 196.86
3659.05 196.43
3660.21 195.72
3661.38 195.86
3662.55 195.43
3663.72 195.21
3664.89 196.11
3666.06 196.05
3667.22 196.03
3668.39 197.01
3669.55 196.01
3670.71 197.00
3671.87 196.50
3673.03 196.75
3674.19 196.38
3675.36 195.19
3676.54 196.09
3677.70 197.05
3678.86 196.52
3680.02 196.26
3681.18 196.63
3682.35 196.32
3683.53 195.66
3684.70 195.83
3685.86 194.91
3687.02 196.46
3688.18 195.73
3689.35 195.86
3690.53 196.43
3691.70 197.22
3692.86 197.61
3694.03 196.80
3695.18 195.90
3696.34 194.95
3697.52 195.98
3698.70 195.99
3699.86 195.49
3701.02 195.75
3702.18 196.87
3703.35 197.44
3704.53 197.22
3705.70 197.61
3706.87 197.80
3708.03 195.90
3709.18 196.45
3710.35 195.23
3711.53 196.11
3712.70 196.06
3713.86 196.03
3715.02 196.01
3716.18 197.01
3717.34 197.50
3718.50 197.75
3719.66 197.38
3720.82 196.19
3721.99 197.09
3723.15 197.55
3724.32 196.27
3725.49 195.14
3726.66 194.57
3727.82 194.28
3728.99 195.64
3730.15 196.82
3731.32 197.41
3732.49 196.71
3733.66 196.35
3734.82 195.18
3735.99 195.09
3737.15 195.04
3738.31 196.52
3739.48 196.76
3740.65 196.38
3741.82 196.19
3742.99 197.10
3744.15 196.05
3745.31 197.02
3746.47 197.01
3747.63 196.01
3748.80 196.00
3749.95 195.50
3751.11 195.75
3752.28 196.88
3753.45 195.94
3754.62 196.97
3755.78 196.98
3756.94 196.99
3758.10 196.50
3759.26 195.25
3760.43 195.12
3761.60 196.56
3762.76 196.78
3763.93 195.39
3765.10 196.20
3766.26 197.10
3767.42 197.05
3768.58 196.02
3769.74 195.01
3770.90 196.51
3772.06 195.75
3773.22 196.88
3774.40 196.94
3775.56 197.47
3776.73 195.73
3777.90 195.37
3779.06 194.68
3780.22 196.34
3781.39 196.17
3782.56 195.59
3783.73 195.29
3784.90 195.65
3786.06 196.82
3787.22 196.41
3788.39 195.71
3789.56 194.85
3790.73 195.43
3791.90 195.21
3793.06 196.11
3794.22 197.05
3795.39 197.53
3796.56 197.26
3797.73 197.13
3798.90 196.57
3800.06 196.28
3801.22 195.64
3802.40 195.82
3803.56 195.41
3804.73 195.21
3805.90 195.10
3807.06 195.55
3808.22 195.78
3809.40 194.89
3810.56 196.44
3811.73 197.22
3812.90 195.61
3814.06 194.81
3815.22 195.90
3816.39 196.95
3817.56 197.48
3818.73 196.74
3819.90 195.87
3821.06 196.93
3822.22 195.97
3823.39 195.98
3824.56 196.99
3825.73 195.50
3826.90 195.75
3828.06 195.87
3829.22 196.44
3830.39 197.22
3831.56 197.11
3832.73 195.55
3833.90 195.78
3835.06 195.39
3836.22 194.69
3837.39 194.35
3838.56 194.17
3839.73 194.59
3840.90 194.79
3842.06 196.40
3843.21 195.70
3844.37 196.85
3845.54 196.92
3846.70 195.96
3847.86 195.48
3849.02 195.74
3850.18 195.37
3851.35 196.19
3852.53 195.09
3853.69 195.05
3854.85 196.52
3856.02 196.26
3857.18 196.63
3858.34 196.32
3859.52 197.16
3860.69 197.58
3861.85 197.79
3863.01 197.39
3864.17 197.20
3865.33 196.10
3866.50 195.05
3867.66 196.02
3868.82 196.01
3869.98 196.01
3871.14 196.50
3872.30 195.25
3873.46 196.63
3874.62 195.31
3875.79 195.66
3876.96 194.33
3878.13 195.16
3879.30 195.58
3880.46 194.79
3881.62 195.40
3882.78 195.70
3883.94 196.85
3885.10 196.42
3886.26 195.71
3887.43 196.36
3888.60 195.68
3889.76 196.34
3890.93 195.17
3892.10 195.08
3893.26 195.04
3894.42 194.52
3895.58 194.26
3896.75 195.63
3897.92 196.82
3899.09 195.41
3900.25 194.70
3901.41 194.85
3902.58 194.93
3903.74 196.46
3904.91 195.73
3906.08 194.87
3907.24 196.43
3908.41 195.22
3909.58 196.11
3910.74 196.55
3911.91 196.78
3913.08 196.39
3914.24 195.69
3915.41 196.35
3916.58 196.67
3917.74 195.84
3918.91 195.42
3920.08 196.71
3921.24 195.85
3922.41 196.93
3923.58 195.46
3924.74 194.73
3925.91 194.87
3927.08 196.43
3928.24 197.22
3929.41 195.61
3930.58 195.80
3931.74 195.40
3932.90 196.20
3934.06 197.10
3935.22 196.05
3936.39 195.53
3937.56 195.76
3938.73 196.88
3939.90 196.44
3941.06 195.22
3942.22 194.61
3943.39 195.81
3944.57 195.40
3945.73 194.70
3946.89 194.85
3948.05 195.43
3949.21 195.21
3950.38 196.11
3951.55 196.05
3952.71 197.03
3953.87 197.51
3955.04 197.76
3956.20 197.88
3957.36 197.44
3958.54 197.22
3959.70 197.61
3960.86 195.80
3962.02 195.90
3963.18 196.95
3964.34 195.48
3965.52 194.74
3966.69 194.87
3967.86 194.43
3969.03 195.22
3970.19 195.11
3971.36 195.55
3972.54 195.78
3973.70 195.89
3974.86 195.44
3976.03 196.22
3977.19 195.11
3978.38 196.56
3979.54 195.28
3980.71 195.64
3981.88 195.82
3983.04 196.91
3984.20 197.45
3985.36 196.23
3986.54 196.11
3987.70 195.56
3988.86 195.78
3990.02 196.89
3991.18 196.44
3992.35 195.22
3993.53 195.11
3994.70 196.06
3995.86 195.03
3997.02 196.51
3998.18 195.76
3999.34 195.38
4000.52 194.69
4001.69 196.34
4002.85 196.17
4004.02 195.59
4005.18 195.79
4006.34 195.40
4007.51 195.70
4008.67 196.35
4009.84 196.17
4011.02 196.09
4012.17 195.04
4013.33 196.02
4014.49 195.51
4015.66 196.26
4016.82 196.13
4017.99 196.06
4019.15 196.03
4020.31 195.02
4021.48 196.01
4022.64 197.00
4023.79 197.50
4024.95 196.25
4026.12 195.63
4027.29 196.31
4028.46 196.16
4029.62 195.58
4030.79 196.29
4031.96 195.64
4033.13 196.82
4034.30 196.41
4035.46 196.71
4036.62 196.35
4037.79 195.18
4038.96 194.59
4040.13 194.29
4041.30 196.15
4042.46 196.57
4043.63 196.29
4044.81 197.14
4045.98 196.57
4047.14 197.29
4048.31 197.64
4049.48 197.82
4050.64 196.91
4051.81 196.96
4052.98 196.48
4054.14 195.74
4055.31 196.87
4056.48 196.93
4057.64 196.47
4058.81 196.23
4059.98 195.62
4061.14 195.31
4062.31 195.15
4063.48 195.58
4064.65 195.29
4065.82 196.64
4066.98 195.32
4068.15 196.66
4069.32 196.83
4070.49 196.92
4071.66 197.46
4072.82 197.73
4073.99 196.86
4075.15 196.43
4076.32 197.22
4077.49 197.11
4078.66 195.55
4079.82 195.78
4080.99 195.39
4082.16 195.19
4083.33 195.60
4084.50 195.30
4085.66 196.65
4086.82 195.32
4087.99 195.66
4089.15 195.33
4090.32 195.67
4091.49 195.33
4092.66 196.17
4093.82 197.08
4094.98 196.04
4096.14 196.52
4097.31 195.26
4098.48 196.63
4099.65 196.32
4100.82 197.16
4101.98 196.58
4103.14 195.79
4104.32 195.39
4105.49 194.70
4106.65 195.35
4107.82 194.67
4108.98 194.84
4110.14 195.42
4111.31 194.71
4112.48 194.35
4113.65 195.18
4114.82 194.59
4115.98 194.79
4117.14 194.90
4118.30 195.45
4119.46 196.22
4120.63 197.11
4121.80 195.06
4122.96 195.03
4124.12 195.51
4125.29 196.76
4126.46 195.38
4127.62 195.69
4128.79 196.34
4129.96 195.67
4131.13 195.84
4132.30 194.92
4133.46 194.46
4134.62 195.23
4135.79 194.61
4136.97 195.81
4138.14 195.90
4139.30 196.95
4140.46 196.98
4141.62 195.99
4142.79 195.49
4143.95 196.75
4145.12 197.37
4146.30 197.69
4147.46 197.34
4148.62 195.67
4149.79 195.84
4150.96 195.42
4152.13 194.71
4153.30 194.85
4154.46 194.43
4155.62 195.71
4156.79 195.86
4157.96 196.93
4159.13 195.46
4160.30 195.23
4161.46 196.12
4162.62 197.06
4163.78 196.03
4164.94 195.01
4166.10 195.51
4167.26 196.75
4168.43 196.38
4169.60 196.19
4170.76 195.59
4171.93 195.80
4173.09 196.40
4174.24 196.20
4175.40 195.10
4176.56 194.55
4177.73 194.77
4178.90 195.89
4180.06 194.94
4181.22 196.47
4182.39 196.24
4183.56 195.12
4184.73 195.56
4185.90 196.78
4187.06 195.39
4188.22 196.69
4189.39 195.35
4190.56 195.67
4191.73 195.84
4192.90 194.92
4194.06 196.46
4195.22 196.23
4196.39 195.61
4197.55 194.81
4198.72 196.40
4199.88 196.70
4201.04 195.85
4202.20 195.93
4203.37 195.46
4204.54 195.73
4205.70 195.37
4206.86 196.68
4208.02 197.34
4209.18 196.67
4210.35 196.34
4211.53 194.67
4212.70 195.33
4213.86 195.17
4215.02 194.58
4216.18 196.29
4217.35 195.65
4218.53 194.82
4219.70 195.41
4220.86 195.71
4222.02 195.85
4223.18 195.93
4224.35 195.96
4225.53 194.98
4226.69 195.49
4227.85 195.75
4229.02 196.87
4230.18 197.44
4231.34 197.22
4232.52 197.61
4233.69 196.80
4234.85 195.90
4236.01 194.95
4237.17 194.48
4238.34 194.74
4239.52 195.87
4240.69 195.93
4241.85 195.97
4243.01 196.48
4244.17 197.24
4245.34 196.62
4246.52 195.31
4247.69 196.16
4248.86 197.08
4250.02 196.54
4251.18 196.27
4252.34 196.63
4253.52 195.32
4254.69 196.16
4255.86 196.08
4257.02 195.54
4258.18 195.77
4259.34 195.38
4260.52 196.69
4261.68 197.35
4262.85 196.67
4264.02 195.84
4265.18 196.92
4266.34 195.96
4267.52 196.48
4268.69 196.24
4269.86 196.12
4271.02 197.06
4272.18 196.53
4273.34 196.76
4274.52 196.38
4275.69 196.19
4276.86 196.10
4278.02 196.05
4279.18 197.02
4280.34 196.51
4281.51 195.76
4282.68 195.38
4283.85 195.19
4285.02 196.59
4286.18 196.80
4287.34 196.90
4288.51 195.45
4289.68 196.22
4290.85 195.11
4292.02 195.56
4293.18 195.78
4294.34 195.39
4295.52 196.19
4296.70 196.10
4297.86 195.05
4299.02 195.52
4300.18 195.26
4301.34 195.63
4302.52 196.82
4303.69 196.41
4304.86 196.20
4306.02 195.60
4307.18 195.30
4308.34 195.65
4309.51 194.33
4310.68 194.66
4311.85 194.83
4313.02 196.42
4314.18 196.21
4315.34 196.10
4316.51 194.55
4317.68 194.78
4318.85 195.39
4320.02 194.69
4321.18 195.35
4322.34 195.67
4323.52 195.84
4324.69 196.92
4325.85 195.96
4327.02 196.48
4328.18 196.74
4329.34 196.87
4330.52 196.93
4331.69 195.47
4332.86 196.73
4334.02 196.87
4335.18 195.93
4336.35 196.47
4337.53 195.73
4338.70 195.37
4339.86 196.68
4341.02 196.34
4342.18 195.67
4343.35 196.34
4344.53 195.67
4345.70 195.33
4346.86 196.17
4348.03 197.08
4349.18 197.04
4350.34 195.52
4351.52 196.26
4352.69 197.13
4353.86 196.57
4355.02 196.78
4356.18 197.39
4357.35 197.20
4358.53 197.60
4359.69 196.30
4360.85 197.15
4362.02 195.57
4363.18 194.79
4364.34 195.89
4365.52 195.95
4366.69 194.97
4367.85 196.49
4369.02 196.74
4370.18 197.37
4371.34 197.19
4372.52 197.59
4373.69 197.30
4374.85 197.65
4376.02 197.32
4377.18 197.16
4378.34 197.08
4379.51 196.04
4380.68 196.52
4381.84 196.26
4383.01 197.13
4384.17 195.57
4385.34 196.28
4386.51 196.64
4387.68 195.32
4388.86 196.66
4390.02 195.83
4391.18 196.42
4392.34 196.71
4393.52 197.35
4394.69 195.68
4395.86 195.34
4397.02 195.17
4398.18 196.08
4399.34 196.54
4400.52 195.27
4401.69 195.64
4402.86 196.32
4404.02 195.66
4405.18 196.33
4406.35 196.66
4407.53 196.83
4408.70 196.92
4409.86 196.96
4411.02 196.98
4412.18 196.99
4413.35 195.49
4414.53 194.75
4415.70 195.87
4416.86 196.44
4418.02 196.72
4419.18 196.86
4420.36 195.93
4421.53 195.46
4422.70 195.23
4423.86 195.12
4425.02 194.56
4426.18 196.28
4427.36 195.64
4428.53 194.82
4429.70 194.41
4430.86 194.70
4432.02 194.35
4433.18 194.68
4434.34 194.34
4435.52 194.67
4436.69 194.33
4437.86 196.17
4439.03 196.58
4440.19 195.79
4441.37 195.40
4442.54 195.70
4443.70 195.35
4444.86 196.67
4446.02 197.34
4447.18 197.17
4448.36 197.08
4449.52 197.04
4450.68 195.52
4451.85 196.26
4453.02 195.13
4454.18 196.07
4455.34 196.53
4456.52 195.77
4457.69 196.38
4458.86 195.19
4460.02 195.10
4461.18 194.55
4462.36 195.77
4463.53 196.39
4464.70 196.19
4465.86 197.10
4467.02 196.05
4468.18 196.52
4469.34 196.76
4470.52 196.88
4471.68 197.44
4472.85 197.72
4474.02 196.36
4475.18 196.68
4476.34 195.34
4477.52 196.67
4478.69 196.84
4479.86 195.42
4481.03 195.21
4482.19 195.10
4483.36 196.05
4484.52 195.03
4485.68 195.01
4486.84 196.51
4488.01 196.75
4489.17 197.38
4490.34 197.69
4491.51 197.34
4492.68 197.17
4493.85 197.09
4495.01 197.04
4496.16 195.52
4497.33 196.26
4498.50 195.13
4499.66 195.07
4500.82 195.03
4501.98 196.52
4503.15 195.76
4504.32 196.88
4505.50 196.94
4506.66 197.47
4507.82 196.73
4508.99 195.87
4510.16 195.43
4511.33 196.22
4512.50 196.61
4513.66 196.80
4514.82 197.40
4515.98 197.70
4517.14 196.35
4518.31 196.68
4519.49 195.84
4520.66 195.42
4521.82 196.71
4523.00 197.35
4524.15 197.68
4525.32 197.34
4526.50 197.17
4527.66 197.08
4528.82 197.04
4529.98 197.52
4531.14 197.76
4532.31 197.88
4533.49 197.44
4534.66 195.72
4535.82 196.36
4536.99 195.18
4538.16 196.09
4539.32 195.05
4540.50 194.52
4541.66 194.26
4542.82 195.63
4543.99 196.82
4545.16 196.41
4546.33 197.20
4547.50 196.10
4548.66 196.55
4549.82 196.78
4550.99 195.89
4552.15 196.44
4553.32 195.72
4554.50 194.86
4555.66 196.43
4556.82 197.22
4557.99 197.61
4559.16 197.30
4560.32 195.65
4561.50 196.83
4562.66 195.41
4563.82 195.21
4565.00 196.10
4566.15 197.05
4567.31 197.53
4568.49 197.26
4569.66 197.13
4570.82 196.07
4571.98 196.53
4573.15 196.77
4574.33 196.88
4575.50 194.94
4576.66 195.97
4577.83 195.49
4579.00 195.24
4580.15 196.62
4581.32 196.81
4582.50 195.91
4583.66 196.45
4584.83 196.73
4586.00 196.86
4587.15 195.93
4588.32 196.47
4589.50 196.23
4590.66 196.62
4591.83 196.81
4593.00 196.90
4594.15 195.45
4595.32 196.73
4596.50 195.36
4597.66 196.18
4598.82 195.59
4599.99 196.30
4601.15 195.65
4602.32 196.32
4603.50 194.66
4604.66 195.83
4605.82 195.42
4606.99 195.71
4608.16 196.85
4609.33 196.93
4610.50 195.96
4611.66 196.48
4612.82 195.24
4613.99 194.62
4615.17 196.31
4616.34 195.16
4617.52 194.58
4618.69 194.29
4619.86 195.64
4621.02 196.32
4622.18 195.66
4623.37 195.33
4624.54 195.17
4625.70 196.08
4626.86 196.54
4628.02 196.27
4629.18 196.64
4630.36 195.82
4631.53 196.91
4632.70 196.95
4633.86 196.98
4635.02 196.99
4636.18 195.49
4637.36 196.25
4638.53 195.12
4639.70 196.56
4640.86 196.78
4642.02 195.39
4643.18 196.70
4644.34 196.85
4645.51 196.42
4646.68 195.21
4647.85 196.61
4649.02 196.80
4650.17 196.90
4651.33 196.95
4652.50 195.48
4653.66 196.74
4654.83 196.87
4656.00 196.93
4657.16 196.97
4658.33 197.48
4659.50 195.74
4660.66 196.87
4661.83 196.94
4663.00 197.47
4664.15 196.73
4665.32 195.37
4666.50 196.18
4667.66 196.59
4668.83 196.80
4669.99 196.90
4671.15 197.45
4672.32 197.22
4673.50 195.61
4674.66 196.81
4675.82 195.40
4676.98 196.20
4678.14 196.60
4679.30 196.80
4680.46 195.90
4681.62 195.45
4682.78 195.73
4683.95 196.86
4685.11 195.43
4686.28 195.22
4687.45 196.11
4688.62 196.55
4689.78 196.78
4690.95 195.39
4692.11 194.69
4693.28 194.35
4694.45 196.17
4695.62 196.09
4696.78 196.54
4697.94 195.77
4699.11 195.39
4700.29 196.69
4701.46 195.85
4702.62 195.42
4703.79 196.71
4704.96 196.86
4706.13 196.93
4707.30 195.46
4708.46 196.23
4709.62 196.62
4710.79 195.31
4711.96 194.65
4713.13 194.33
4714.30 196.16
4715.46 195.08
4716.62 196.04
4717.78 195.02
4718.94 195.51
4720.10 196.26
4721.27 195.63
4722.44 195.81
4723.61 195.91
4724.78 196.95
4725.94 196.98
4727.10 196.99
4728.26 195.49
4729.43 195.25
4730.60 195.12
4731.76 196.06
4732.93 196.53
4734.10 196.77
4735.26 196.88
4736.43 195.44
4737.60 196.22
4738.76 195.11
4739.93 194.56
4741.10 194.78
4742.26 196.39
4743.43 195.19
4744.60 196.10
4745.76 195.05
4746.92 196.02
4748.08 197.01
4749.23 197.01
4750.40 196.00
4751.55 197.00
4752.70 197.50
4753.86 197.25
4755.02 197.63
4756.18 195.81
4757.36 196.41
4758.54 195.20
4759.70 195.60
4760.86 194.80
4762.02 194.40
4763.18 196.20
4764.34 196.60
4765.50 195.30
4766.66 195.15
4767.82 196.08
4768.99 195.54
4770.16 196.77
4771.33 195.38
4772.50 196.19
4773.66 196.60
4774.82 196.80
4775.98 195.40
4777.14 195.20
4778.30 196.60
4779.46 195.80
4780.62 196.90
4781.78 196.95
4782.94 197.47
4784.12 197.24
4785.29 195.62
4786.46 196.31
4787.62 195.15
4788.79 195.08
4789.95 196.04
4791.11 196.52
4792.28 196.76
4793.45 195.38
4794.62 196.69
4795.78 196.34
4796.95 195.67
4798.12 195.84
4799.29 195.42
4800.46 195.71
4801.62 195.35
4802.79 196.18
4803.96 195.09
4805.12 195.04
4806.28 195.02
4807.44 194.51
4808.61 195.26
4809.78 195.13
4810.94 195.06
4812.10 196.53
4813.26 195.27
4814.43 194.63
4815.60 195.32
4816.76 196.66
4817.93 196.33
4819.10 196.16
4820.26 196.58
4821.43 196.79
4822.60 195.90
4823.76 196.45
4824.93 195.72
4826.10 195.86
4827.26 195.93
4828.43 194.97
4829.60 194.98
4830.76 195.49
4831.92 195.75
4833.09 195.37
4834.25 195.19
4835.42 194.59
4836.58 194.80
4837.74 194.40
4838.90 195.20
4840.06 195.60
4841.21 195.30
4842.37 196.65
4843.54 196.82
4844.70 197.41
4845.86 195.71
4847.03 195.35
4848.19 195.18
4849.36 195.59
4850.53 195.79
4851.70 195.40
4852.86 196.70
4854.02 195.85
4855.18 195.92
4856.35 196.96
4857.52 197.48
4858.69 196.74
4859.86 195.87
4861.02 195.44
4862.18 195.22
4863.36 196.11
4864.53 196.05
4865.69 195.03
4866.85 196.01
4868.01 195.51
4869.17 195.25
4870.35 194.63
4871.51 194.31
4872.68 194.66
4873.85 196.33
4875.02 196.16
4876.18 196.08
4877.34 195.04
4878.50 195.02
4879.66 196.51
4880.82 197.26
4881.99 196.13
4883.16 196.56
4884.33 196.28
4885.51 195.64
4886.68 196.82
4887.84 197.41
4889.01 196.71
4890.18 196.85
4891.35 197.43
4892.52 196.21
4893.70 196.61
4894.86 197.30
4896.02 196.15
4897.18 196.58
4898.35 195.29
4899.52 195.64
4900.69 195.32
4901.86 194.66
4903.03 196.33
4904.19 194.67
4905.36 196.33
4906.53 196.67
4907.70 196.33
4908.86 195.67
4910.02 196.83
4911.18 195.42
4912.36 195.71
4913.53 195.85
4914.70 195.93
4915.86 195.46
4917.02 195.73
4918.18 195.87
4919.36 195.93
4920.53 196.47
4921.70 197.23
4922.86 196.62
4924.02 196.81
4925.18 197.40
4926.35 195.70
4927.51 195.85
4928.68 195.43
4929.85 195.71
4931.02 194.86
4932.18 194.93
4933.35 196.46
4934.52 195.23
4935.69 194.62
4936.86 195.31
4938.02 195.65
4939.18 194.83
4940.36 194.41
4941.53 194.21
4942.70 194.60
4943.85 196.30
4945.02 195.65
4946.18 196.83
4947.36 196.41
4948.52 195.21
4949.69 194.60
4950.85 195.80
4952.01 196.90
4953.16 195.45
4954.33 195.73
4955.51 195.86
4956.68 196.93
4957.85 197.47
4959.02 197.23
4960.18 197.62
4961.36 196.81
4962.53 196.90
4963.69 195.95
4964.85 196.98
4966.01 197.49
4967.17 196.74
4968.35 195.87
4969.51 196.44
4970.68 196.72
4971.85 197.36
4973.02 196.68
4974.18 196.84
4975.35 195.92
4976.52 194.96
4977.69 196.48
4978.85 196.24
4980.02 195.62
4981.18 195.31
4982.35 194.66
4983.53 195.83
4984.70 196.91
4985.86 196.46
4987.02 196.23
4988.18 196.11
4989.36 196.06
4990.52 195.03
4991.68 196.01
4992.84 196.01
4994.00 196.00
4995.14 196.00
4996.30 196.00
4997.46 195.00
4998.62 196.00
4999.78 195.00
5000.93 196.50
5002.09 196.25
5003.26 195.13
5004.43 195.06
5005.59 195.03
5006.75 196.02
5007.91 197.01
5009.07 197.50
5010.22 197.75
5011.39 196.88
5012.56 196.44
5013.73 196.22
5014.90 197.11
5016.06 196.55
5017.22 195.78
5018.39 194.89
5019.55 196.44
5020.72 196.72
5021.89 195.36
5023.06 195.18
5024.22 195.09
5025.38 194.55
5026.54 195.27
5027.71 195.14
5028.88 194.57
5030.05 194.78
5031.21 195.39
5032.38 196.20
5033.54 195.60
5034.70 195.80
5035.86 195.90
5037.02 196.95
5038.18 196.47
5039.35 197.24
5040.52 195.62
5041.69 196.81
5042.86 196.40
5044.02 197.20
5045.18 197.60
5046.34 197.80
5047.50 195.90
5048.66 195.95
5049.82 196.98
5050.99 196.99
5052.15 195.99
5053.32 196.00
5054.49 195.00
5055.65 195.50
5056.81 195.25
5057.98 195.12
5059.14 195.06
5060.30 195.53
5061.47 194.77
5062.64 194.88
5063.81 194.44
5064.98 196.22
5066.14 195.11
5067.31 195.06
5068.49 196.03
5069.65 197.01
5070.81 195.51
5071.98 195.75
5073.14 195.38
5074.31 195.69
5075.49 195.84
5076.66 195.42
5077.82 195.21
5078.99 196.11
5080.16 197.05
5081.32 196.53
5082.50 196.26
5083.66 197.13
5084.83 196.07
5085.99 196.03
5087.15 197.02
5088.31 197.51
5089.49 197.25
5090.66 196.13
5091.82 196.06
5092.98 194.53
5094.15 195.27
5095.32 194.63
5096.50 196.32
5097.66 197.16
5098.83 197.58
5100.00 196.29
5101.16 195.64
5102.33 196.82
5103.50 196.91
5104.66 195.46
5105.83 195.23
5107.00 196.61
5108.16 195.81
5109.34 195.40
5110.50 194.70
5111.66 195.35
5112.83 195.68
5114.00 196.84
5115.15 197.42
5116.32 196.21
5117.50 197.10
5118.66 196.05
5119.82 196.03
5120.99 196.01
5122.15 196.51
5123.32 196.25
5124.50 197.13
5125.66 196.06
5126.82 195.53
5127.99 195.77
5129.16 196.88
5130.32 196.44
5131.50 196.72
5132.66 197.36
5133.82 196.68
5134.99 196.34
5136.16 196.17
5137.34 196.09
5138.50 195.54
5139.66 195.27
5140.83 195.14
5142.00 196.57
5143.15 195.28
5144.32 195.64
5145.50 195.82
5146.66 194.91
5147.82 194.46
5148.99 194.73
5150.16 194.86
5151.34 195.43
5152.50 194.72
5153.66 196.36
5154.83 195.18
5156.00 196.09
5157.14 195.54
5158.31 194.77
5159.49 195.89
5160.65 195.44
5161.82 194.72
5162.98 195.86
5164.15 196.93
5165.32 196.47
5166.50 195.23
5167.66 194.62
5168.82 195.31
5169.99 194.65
5171.16 194.33
5172.34 194.16
5173.50 195.08
5174.66 195.54
5175.82 196.27
5176.99 195.14
5178.16 195.07
5179.32 195.53
5180.50 194.77
5181.66 196.38
5182.82 196.69
5183.98 195.35
5185.15 195.67
5186.32 195.84
5187.50 194.92
5188.66 194.46
5189.82 195.23
5190.99 195.61
5192.16 194.81
5193.34 195.40
5194.50 195.70
5195.66 196.35
5196.82 196.68
5197.99 196.34
5199.16 196.17
5200.34 196.08
5201.50 196.04
5202.66 197.02
5203.82 196.01
5204.98 196.01
5206.14 197.00
5207.30 196.50
5208.46 195.25
5209.63 195.13
5210.80 194.56
5211.96 196.28
5213.13 196.14
5214.30 195.07
5215.46 196.04
5216.62 196.02
5217.78 196.01
5218.94 195.50
5220.10 195.25
5221.26 195.63
5222.43 196.31
5223.60 196.16
5224.76 197.08
5225.92 196.04
5227.08 196.02
5228.23 197.01
5229.39 195.50
5230.55 196.75
5231.72 195.88
5232.89 195.44
5234.06 195.22
5235.22 196.11
5236.38 197.05
5237.54 196.53
5238.71 195.76
5239.88 196.38
5241.04 197.19
5242.20 196.60
5243.36 196.30
5244.52 195.65
5245.69 195.32
5246.86 196.66
5248.02 197.33
5249.18 197.67
5250.35 197.83
5251.52 196.92
5252.69 196.46
5253.85 195.73
5255.02 195.86
5256.18 195.93
5257.35 195.97
5258.52 195.48
5259.69 195.74
5260.85 195.37
5262.02 195.69
5263.18 196.34
5264.35 196.17
5265.52 197.09
5266.68 196.54
5267.84 195.77
5269.01 196.89
5270.17 195.44
5271.34 195.72
5272.51 195.36
5273.68 196.68
5274.84 197.34
5276.01 195.67
5277.17 196.84
5278.34 196.42
5279.51 196.21
5280.68 197.10
5281.84 196.05
5283.00 197.03
5284.15 195.01
5285.31 196.51
5286.49 195.25
5287.66 194.63
5288.82 194.81
5289.99 195.41
5291.16 195.20
5292.32 194.60
5293.49 195.80
5294.65 195.40
5295.81 195.70
5296.97 195.35
5298.14 196.68
5299.30 196.34
5300.47 195.17
5301.64 195.08
5302.80 195.54
5303.96 196.27
5305.13 195.14
5306.30 196.07
5307.46 196.03
5308.62 197.02
5309.78 197.51
5310.95 196.75
5312.12 196.38
5313.29 195.19
5314.46 194.59
5315.62 195.30
5316.78 196.65
5317.95 196.32
5319.12 197.16
5320.29 196.58
5321.46 195.29
5322.63 195.15
5323.80 195.57
5324.96 195.29
5326.13 195.14
5327.30 195.07
5328.46 196.04
5329.62 196.52
5330.79 196.26
5331.97 195.63
5333.14 196.81
5334.30 195.91
5335.48 194.95
5336.65 195.98
5337.82 195.49
5338.98 196.24
5340.15 196.12
5341.33 195.06
5342.50 195.03
5343.66 195.02
5344.82 195.01
5345.98 195.00
5347.14 195.00
5348.30 195.50
5349.46 194.75
5350.63 195.38
5351.80 194.69
5352.96 195.34
5354.13 194.67
5355.30 194.84
5356.47 196.42
5357.64 197.21
5358.81 196.60
5359.97 197.30
5361.13 197.65
5362.30 196.83
5363.47 195.41
5364.64 195.21
5365.81 195.60
5366.97 194.80
5368.13 195.40
5369.29 194.70
5370.46 196.35
5371.62 196.18
5372.79 197.09
5373.96 197.54
5375.12 196.77
5376.29 197.39
5377.46 197.19
5378.63 196.60
5379.79 195.80
5380.95 196.90
5382.11 196.45
5383.29 197.22
5384.46 197.11
5385.63 196.56
5386.80 196.28
5387.96 195.14
5389.13 195.07
5390.29 194.53
5391.46 195.77
5392.63 195.88
5393.79 196.94
5394.95 195.97
5396.12 194.99
5397.29 195.49
5398.46 194.75
5399.63 195.37
5400.80 194.69
5401.96 194.34
5403.13 195.17
5404.30 195.59
5405.46 195.29
5406.63 194.65
5407.80 195.82
5408.96 196.91
5410.13 197.46
5411.30 196.73
5412.47 195.86
5413.64 196.93
5414.81 195.97
5415.98 196.98
5417.14 195.99
5418.30 197.00
5419.46 197.00
5420.62 196.50
5421.78 196.75
5422.94 196.87
5424.10 196.44
5425.27 197.22
5426.44 195.61
5427.61 196.80
5428.77 197.40
5429.93 197.20
5431.09 196.10
5432.24 195.55
5433.41 196.28
5434.58 196.14
5435.74 196.57
5436.91 195.78
5438.08 196.89
5439.24 196.45
5440.41 196.72
5441.58 196.36
5442.74 197.18
5443.91 197.59
5445.08 196.80
5446.24 195.90
5447.40 194.95
5448.56 194.97
5449.72 196.49
5450.89 196.24
5452.06 195.62
5453.22 196.81
5454.38 197.41
5455.55 196.70
5456.71 196.35
5457.88 197.18
5459.05 197.09
5460.20 196.04
5461.35 197.02
5462.51 196.51
5463.68 196.76
5464.85 196.88
5466.01 197.44
5467.17 196.72
5468.34 196.36
5469.51 195.68
5470.68 195.34
5471.85 196.67
5473.02 197.33
5474.18 197.17
5475.34 197.08
5476.50 196.04
5477.66 196.52
5478.82 197.26
5479.99 196.63
5481.16 196.32
5482.34 195.66
5483.51 194.33
5484.68 195.16
5485.85 195.58
5487.01 196.79
5488.17 196.40
5489.34 195.70
5490.50 196.35
5491.66 196.17
5492.82 196.59
5493.99 196.29
5495.16 195.65
5496.34 195.82
5497.50 194.91
5498.66 194.96
5499.83 194.98
5500.99 195.49
5502.15 194.74
5503.33 194.37
5504.50 196.19
5505.66 197.09
5506.82 196.55
5507.99 196.27
5509.16 195.64
5510.34 195.32
5511.50 195.66
5512.66 196.33
5513.83 197.16
5515.00 197.08
5516.15 196.54
5517.33 197.27
5518.50 197.64
5519.66 197.82
5520.83 197.41
5522.00 197.70
5523.15 197.85
5524.33 196.93
5525.50 196.46
5526.66 197.23
5527.83 196.12
5529.00 197.06
5530.15 197.53
5531.33 196.76
5532.50 196.88
5533.66 196.44
5534.82 197.22
5535.99 196.11
5537.16 195.56
5538.34 195.78
5539.50 194.89
5540.66 194.44
5541.83 196.22
5543.00 195.11
5544.16 195.56
5545.34 196.78
5546.50 197.39
5547.66 197.19
5548.83 195.60
5549.99 194.80
5551.15 196.40
5552.32 195.20
5553.49 194.60
5554.65 194.80
5555.81 195.40
5556.97 195.70
5558.13 194.85
5559.30 194.92
5560.47 194.46
5561.64 195.23
5562.81 196.62
5563.98 195.81
5565.14 195.40
5566.30 195.70
5567.48 196.85
5568.64 196.43
5569.81 195.21
5570.98 196.61
5572.14 196.30
5573.30 196.15
5574.48 195.58
5575.65 195.79
5576.82 195.89
5577.98 195.45
5579.15 194.72
5580.33 195.36
5581.50 196.68
5582.66 196.34
5583.82 197.17
5584.99 196.59
5586.16 196.29
5587.34 195.15
5588.50 196.07
5589.66 196.04
5590.82 195.52
5591.98 195.26
5593.15 196.63
5594.33 196.31
5595.50 195.16
5596.66 196.08
5597.82 196.54
5598.99 196.27
5600.16 196.63
5601.34 195.82
5602.50 196.91
5603.66 196.95
5604.83 196.48
5606.00 195.74
5607.15 196.87
5608.33 197.43
5609.50 196.72
5610.66 195.36
5611.83 195.68
5613.00 195.34
5614.15 195.17
5615.33 194.58
5616.50 193.79
5617.66 195.90
5618.82 195.95
5619.99 196.47
5621.15 195.74
5622.33 194.87
5623.50 194.93
5624.66 194.97
5625.82 195.48
5626.98 196.74
5628.14 197.37
5629.32 196.69
5630.49 196.84
5631.65 195.92
5632.82 195.96
5633.98 195.48
5635.14 195.74
5636.32 194.87
5637.49 194.44
5638.66 194.72
5639.82 195.36
5640.99 196.68
5642.15 197.34
5643.33 195.67
5644.50 195.83
5645.66 196.42
5646.82 196.21
5647.99 197.10
5649.15 197.55
5650.33 197.78
5651.50 195.89
5652.66 196.44
5653.82 197.22
5654.99 197.61
5656.16 196.81
5657.34 197.40
5658.50 197.70
5659.66 197.85
5660.82 197.93
5661.99 195.96
5663.15 195.98
5664.33 196.99
5665.50 197.50
5666.66 197.75
5667.83 196.37
5669.00 196.19
5670.16 195.09
5671.33 194.55
5672.50 195.27
5673.66 196.64
5674.82 194.82
5675.99 196.41
5677.16 195.20
5678.33 196.60
5679.49 195.80
5680.65 196.40
5681.81 196.20
5682.97 195.10
5684.13 194.05
5685.29 195.03
5686.46 196.01
5687.62 196.01
5688.79 196.00
5689.94 195.50
5691.10 194.75
5692.26 194.88
5693.44 195.94
5694.61 196.97
5695.78 196.48
5696.94 195.74
5698.10 195.37
5699.26 196.69
5700.43 194.84
5701.60 196.42
5702.76 195.21
5703.93 196.61
5705.10 195.80
5706.26 194.90
5707.42 195.45
5708.58 195.73
5709.75 194.36
5710.92 194.68
5712.09 194.84
5713.25 195.42
5714.42 195.71
5715.58 194.86
5716.75 196.43
5717.92 196.21
5719.09 196.61
5720.25 195.80
5721.41 194.90
5722.57 195.95
5723.74 195.98
5724.90 195.49
5726.06 195.24
5727.23 195.62
5728.40 194.81
5729.56 194.91
5730.73 194.95
5731.90 194.48
5733.06 195.24
5734.22 195.12
5735.38 196.06
5736.54 195.53
5737.71 195.26
5738.88 195.63
5740.05 194.82
5741.21 194.91
5742.38 194.45
5743.54 195.73
5744.71 195.86
5745.88 195.93
5747.04 195.47
5748.20 195.23
5749.36 196.62
5750.53 195.81
5751.70 195.90
5752.85 195.45
5754.02 195.73
5755.18 194.86
5756.35 195.43
5757.52 195.22
5758.69 195.61
5759.86 195.80
5761.02 196.40
5762.18 196.70
5763.34 195.85
5764.50 196.93
5765.66 195.96
5766.83 196.98
5767.99 197.49
5769.15 196.25
5770.33 195.12
5771.50 196.56
5772.66 196.28
5773.82 196.14
5774.99 195.57
5776.16 195.79
5777.33 196.39
5778.50 197.20
5779.66 197.10
5780.82 196.55
5781.99 196.77
5783.15 196.39
5784.33 195.19
5785.50 195.10
5786.66 195.05
5787.82 194.52
5788.98 194.26
5790.15 194.63
5791.33 195.32
5792.50 195.16
5793.66 196.58
5794.83 197.29
5796.00 197.14
5797.16 196.07
5798.33 196.04
5799.50 196.52
5800.66 197.26
5801.82 196.63
5803.00 195.31
5804.15 196.66
5805.33 195.83
5806.50 194.41
5807.66 194.71
5808.83 194.35
5810.00 195.18
5811.15 195.59
5812.33 194.79
5813.50 194.90
5814.66 195.45
5815.82 195.72
5816.99 195.36
5818.16 196.68
5819.33 195.34
5820.50 196.67
5821.66 196.34
5822.82 196.17
5823.99 195.58
5825.16 195.29
5826.33 196.65
5827.50 195.32
5828.66 196.16
5829.83 196.08
5830.99 196.54
5832.15 196.27
5833.33 195.14
5834.50 196.57
5835.66 197.28
5836.83 196.14
5838.00 197.07
5839.15 196.54
5840.33 195.77
5841.50 196.38
5842.66 197.19
5843.82 196.10
5844.99 195.55
5846.15 196.77
5847.33 196.39
5848.50 195.69
5849.66 195.35
5850.82 195.67
5851.99 195.84
5853.16 196.92
5854.34 196.96
5855.50 195.98
5856.66 196.49
5857.83 196.74
5859.00 196.87
5860.15 196.44
5861.33 196.22
5862.50 197.11
5863.66 196.05
5864.82 197.03
5865.98 197.51
5867.15 195.76
5868.33 195.88
5869.50 195.44
5870.66 196.72
5871.82 195.86
5872.99 195.43
5874.16 194.71
5875.33 196.36
5876.50 195.18
5877.66 196.59
5878.83 195.79
5880.00 196.90
5881.15 196.45
5882.33 196.22
5883.50 196.61
5884.66 197.31
5885.83 196.15
5887.00 195.08
5888.15 195.04
5889.32 195.02
5890.49 194.51
5891.66 194.25
5892.82 195.13
5893.99 195.06
5895.16 195.53
5896.33 196.77
5897.50 196.88
5898.66 195.94
5899.82 195.47
5900.99 196.24
5902.16 197.12
5903.33 195.56
5904.50 194.78
5905.66 195.89
5906.83 195.44
5908.00 195.22
5909.15 196.11
5910.33 196.06
5911.50 196.53
5912.66 195.76
5913.83 195.88
5915.00 195.44
5916.15 195.72
5917.33 196.36
5918.50 195.18
5919.66 196.59
5920.83 195.80
5921.99 195.90
5923.15 195.95
5924.33 195.97
5925.50 195.49
5926.66 195.74
5927.82 196.87
5928.99 196.94
5930.16 196.47
5931.33 196.23
5932.50 195.12
5933.66 195.06
5934.82 195.53
5935.99 195.26
5937.16 195.13
5938.33 196.57
5939.50 195.28
5940.66 196.64
5941.82 196.82
5942.99 195.91
5944.16 195.96
5945.34 195.48
5946.50 195.24
5947.66 195.12
5948.83 195.06
5949.99 195.53
5951.16 195.76
5952.33 196.38
5953.50 196.69
5954.66 196.35
5955.82 196.17
5956.99 196.09
5958.15 197.04
5959.32 195.52
5960.49 195.76
5961.66 196.38
5962.82 196.69
5963.99 196.35
5965.16 195.67
5966.33 195.84
5967.50 194.92
5968.66 195.46
5969.82 194.73
5970.99 195.36
5972.16 194.68
5973.33 195.34
5974.50 194.67
5975.66 194.34
5976.82 195.67
5977.99 195.33
5979.16 195.67
5980.33 194.83
5981.50 195.92
5982.66 196.96
5983.82 195.98
5984.99 194.99
5986.15 195.49
5987.33 196.75
5988.50 197.37
5989.66 196.19
5990.82 197.09
5991.98 197.55
5993.15 196.27
5994.32 195.14
5995.50 194.07
5996.66 194.03
5997.82 194.52
5998.99 195.76
6000.16 194.88
6001.33 194.94
6002.50 195.47
6003.66 195.23
6004.82 196.12
6005.99 195.56
6007.16 194.78
6008.33 195.89
6009.50 196.94
6010.66 197.47
6011.82 196.24
6012.99 194.62
6014.16 195.31
6015.33 196.15
6016.50 195.58
6017.66 195.29
6018.82 196.14
6019.99 197.07
6021.15 197.04
6022.32 196.52
6023.49 195.76
6024.66 195.88
6025.82 196.94
6026.99 194.97
6028.16 194.98
6029.33 194.99
6030.50 194.50
6031.66 195.25
6032.82 195.12
6033.99 195.56
6035.16 196.78
6036.33 195.39
6037.50 196.70
6038.66 195.35
6039.82 194.67
6040.99 195.84
6042.16 195.92
6043.33 194.96
6044.50 194.48
6045.66 196.24
6046.82 196.62
6047.99 195.81
6049.16 195.40
6050.32 195.70
6051.49 195.35
6052.66 195.18
6053.82 195.59
6054.99 195.29
6056.16 195.65
6057.33 195.82
6058.50 196.91
6059.66 195.96
6060.82 196.48
6061.99 196.24
6063.16 195.12
6064.33 196.56
6065.50 195.28
6066.66 195.64
6067.83 195.82
6069.00 195.91
6070.15 195.45
6071.32 196.73
6072.49 196.36
6073.66 195.18
6074.82 195.09
6075.98 195.05
6077.14 195.02
6078.31 196.01
6079.49 196.51
6080.66 196.75
6081.82 196.88
6082.98 196.94
6084.14 197.47
6085.32 196.73
6086.49 196.37
6087.66 196.18
6088.83 196.09
6089.99 196.55
6091.16 197.27
6092.33 197.64
6093.50 196.82
6094.66 196.41
6095.82 196.20
6096.98 196.60
6098.14 196.30
6099.31 195.15
6100.48 195.08
6101.64 195.54
6102.81 195.77
6103.98 196.38
6105.14 195.19
6106.32 196.10
6107.49 196.55
6108.66 195.77
6109.82 196.89
6110.99 195.94
6112.16 195.97
6113.33 196.99
6114.50 195.99
6115.66 195.50
6116.82 196.25
6117.99 196.62
6119.16 197.31
6120.33 195.66
6121.50 195.33
6122.66 196.66
6123.83 197.33
6125.00 197.67
6126.16 197.83
6127.33 195.92
6128.50 196.96
6129.66 195.98
6130.82 195.49
6131.99 194.74
6133.16 196.37
6134.33 197.19
6135.50 196.09
6136.66 195.05
6137.82 195.02
6138.98 195.51
6140.15 195.76
6141.32 196.88
6142.49 196.94
6143.66 196.97
6144.82 195.98
6145.98 196.49
6147.14 196.25
6148.32 196.62
6149.49 195.31
6150.66 195.66
6151.82 196.33
6152.99 195.66
6154.16 196.33
6155.33 196.17
6156.50 197.08
6157.65 197.54
6158.82 196.27
6159.98 196.64
6161.15 195.82
6162.32 195.41
6163.49 195.20
6164.65 196.60
6165.81 197.30
6166.97 196.15
6168.14 195.58
6169.31 194.79
6170.48 194.89
6171.65 195.45
6172.82 196.72
6173.98 196.36
6175.15 196.18
6176.32 197.09
6177.48 196.55
6178.65 195.77
6179.82 195.89
6180.98 195.44
6182.14 195.72
6183.32 196.86
6184.49 196.43
6185.66 196.22
6186.82 195.61
6187.99 194.30
6189.15 196.15
6190.32 196.08
6191.48 196.04
6192.64 195.52
6193.81 196.76
6194.98 195.38
6196.14 195.19
6197.32 195.59
6198.49 196.80
6199.65 197.40
6200.81 196.70
6201.97 195.35
6203.14 196.17
6204.31 195.59
6205.48 194.79
6206.65 194.90
6207.81 195.45
6208.98 194.72
6210.14 195.36
6211.32 195.68
6212.49 195.84
6213.65 195.92
6214.82 194.96
6215.98 195.48
6217.14 196.74
6218.32 197.37
6219.49 196.69
6220.66 196.84
6221.83 195.92
6222.99 194.96
6224.16 196.48
6225.33 196.74
6226.50 195.37
6227.66 196.69
6228.83 197.34
6230.01 197.17
6231.17 197.59
6232.34 197.79
6233.50 197.40
6234.66 197.20
6235.82 197.10
6236.98 197.55
6238.15 197.27
6239.32 197.64
6240.49 197.32
6241.66 195.66
6242.82 196.83
6243.99 196.41
6245.16 196.21
6246.33 195.10
6247.50 194.55
6248.66 195.28
6249.82 195.64
6250.99 194.82
6252.16 194.41
6253.33 195.70
6254.49 196.35
6255.66 196.68
6256.82 196.84
6257.99 196.92
6259.16 195.96
6260.33 196.98
6261.50 195.99
6262.66 195.99
6263.82 195.00
6264.98 196.00
6266.14 196.00
6267.30 196.00
6268.46 194.50
6269.62 194.75
6270.78 196.37
6271.95 195.69
6273.12 196.34
6274.30 196.67
6275.46 195.34
6276.62 196.67
6277.79 197.33
6278.96 196.17
6280.13 196.58
6281.30 195.29
6282.46 196.65
6283.63 196.32
6284.80 194.66
6285.96 194.83
6287.13 196.42
6288.30 197.21
6289.47 196.60
6290.63 195.30
6291.79 194.65
6292.96 195.83
6294.13 195.91
6295.30 197.96
6296.46 197.98
6297.62 197.49
6298.79 197.24
6299.96 196.12
6301.13 195.56
6302.30 194.78
6303.46 196.39
6304.63 196.20
6305.80 196.10
6306.96 195.05
6308.12 196.02
6309.28 197.01
6310.45 197.01
6311.62 196.00
6312.78 196.50
6313.94 195.75
6315.10 194.88
6316.26 194.94
6317.44 148.47
6318.61 143.73
6319.78 162.87
6320.94 140.93
6322.11 111.47
6323.28 140.73
6324.46 155.87
6325.62 122.93
6326.79 133.97
6327.96 155.98
6329.12 132.99
6330.30 106.00
6331.45 139.00
6332.61 147.00
6333.77 117.00
6334.93 133.00
6336.09 154.00
6337.24 130.00
6338.40 102.00
6339.55 136.00
6340.70 143.00
6341.86 115.00
6343.02 132.50
6344.18 153.75
6345.34 130.88
6346.51 103.94
6347.68 131.97
6348.85 154.48
6350.01 122.24
6351.17 124.62
6352.34 150.31
6353.50 134.16
6354.67 104.08
6355.83 133.04
6357.00 156.52
6358.15 122.76
6359.32 128.88
6360.49 149.44
6361.66 130.22
6362.82 102.11
6363.99 132.55
6365.16 148.28
6366.34 116.64
6367.50 129.32
6368.66 150.66
6369.83 128.33
6371.00 100.16
6372.16 131.58
6373.33 140.79
6374.50 112.90
6375.66 129.45
6376.82 151.72
6377.99 125.36
6379.16 99.68
6380.30 128.84
6381.46 153.42
6382.62 120.71
6383.79 124.36
6384.96 148.18
6386.13 129.59
6387.31 101.79
6388.47 132.90
6389.63 154.95
6390.80 120.47
6391.96 128.74
6393.13 149.87
6394.31 129.43
6395.48 102.72
6396.65 133.86
6397.82 142.93
6398.98 112.46
6400.15 130.23
6401.32 153.12
6402.49 127.06
6403.65 100.53
6404.82 133.76
6405.98 136.38
6407.14 109.19
6408.31 127.60
6409.47 150.80
6410.63 125.90
6411.79 98.95
6412.91 132.97
6414.08 156.49
6415.24 170.74
6416.41 178.37
6417.58 183.19
6418.74 187.59
6419.90 188.30
6421.06 190.15
6422.22 192.07
6423.38 193.04
6424.54 191.52
6425.70 192.76
6426.86 191.88
6428.02 193.94
6429.18 193.47
6430.35 191.73
6431.52 191.87
6432.69 192.43
6433.85 192.22
6435.02 192.61
6436.18 194.30
6437.34 193.65
6438.50 193.33
6439.66 193.66
6440.83 193.33
6442.00 192.17
6443.16 193.58
6444.33 193.29
6445.50 195.15
6446.66 196.07
6447.82 195.54
6448.99 193.27
6450.16 193.63
6451.34 194.82
6452.50 193.41
6453.66 194.70
6454.82 194.85
6455.98 195.93
6457.15 195.46
6458.32 194.73
6459.49 194.87
6460.66 193.93
6461.82 193.47
6462.99 192.23
6464.16 192.62
6465.33 196.31
6466.50 196.65
6467.66 195.83
6468.82 197.91
6469.99 196.96
6471.15 195.48
6472.32 194.74
6473.49 194.37
6474.66 195.18
6475.82 195.59
6476.99 195.80
6478.15 195.90
6479.31 195.45
6480.48 197.72
6481.65 196.86
6482.81 195.43
6483.98 195.72
6485.14 196.86
6486.31 196.43
6487.48 195.21
6488.65 196.11
6489.82 196.55
6490.98 195.28
6492.16 196.64
6493.33 195.82
6494.50 196.91
6495.66 197.45
6496.82 196.23
6497.99 196.61
6499.16 195.81
6500.33 194.40
6501.50 196.20
6502.66 195.10
6503.82 196.55
6504.98 195.28
6506.15 197.64
6507.32 197.32
6508.49 197.16
6509.66 196.08
6510.82 196.54
6511.98 196.27
6513.15 195.13
6514.32 196.57
6515.49 194.28
6516.66 195.14
6517.82 195.07
6518.98 196.04
6520.14 197.02
6521.31 196.51
6522.48 196.75
6523.65 196.38
6524.82 195.19
6525.98 196.59
6527.14 196.30
6528.30 196.65
6529.46 195.32
6530.63 196.66
6531.80 195.83
6532.96 194.92
6534.14 195.46
6535.30 196.73
6536.46 195.36
6537.63 196.68
6538.79 197.34
6539.95 197.17
6541.12 197.09
6542.30 195.04
6543.46 195.02
6544.62 194.01
6545.78 194.01
6546.94 193.50
6548.10 194.75
6549.26 194.38
6550.44 195.69
6551.61 196.34
6552.78 197.17
6553.94 195.59
6555.11 194.79
6556.29 195.90
6557.45 197.95
6558.62 196.47
6559.78 195.24
6560.95 195.12
6562.12 195.56
6563.30 196.78
6564.46 198.39
6565.62 199.19
6566.79 196.60
6567.95 194.80
6569.11 195.40
6570.27 195.70
6571.44 196.85
6572.60 195.92
6573.76 196.46
6574.93 196.23
6576.10 196.12
6577.27 196.06
6578.44 196.03
6579.60 197.01
6580.76 195.51
6581.93 194.75
6583.10 195.88
6584.26 195.94
6585.43 196.47
6586.60 196.23
6587.76 196.12
6588.93 195.06
6590.09 195.03
6591.24 194.51
6592.42 195.26
6593.58 194.63
6594.75 196.31
6595.92 196.16
6597.09 196.58
6598.25 197.29
6599.42 197.64
6600.59 196.82
6601.75 196.91
6602.92 195.46
6604.09 194.73
6605.25 195.86
6606.42 194.93
6607.59 195.47
6608.76 195.73
6609.93 195.87
6611.10 196.43
6612.26 196.22
6613.43 195.11
6614.60 196.05
6615.75 196.53
6616.92 196.76
6618.09 194.88
6619.26 194.94
6620.43 194.47
6621.60 195.24
6622.77 195.62
6623.94 194.81
6625.10 196.40
6626.26 196.70
6627.42 195.35
6628.59 195.68
6629.76 195.84
6630.93 195.92
6632.10 195.96
6633.26 195.48
6634.43 195.74
6635.60 195.87
6636.76 195.93
6637.93 195.47
6639.10 194.23
6640.26 194.62
6641.44 196.31
6642.61 195.15
6643.78 195.08
6644.94 196.54
6646.10 197.27
6647.26 197.13
6648.44 196.07
6649.60 196.03
6650.76 195.52
6651.93 195.26
6653.10 196.63
6654.26 196.31
6655.43 196.16
6656.60 197.08
6657.75 197.54
6658.91 197.27
6660.09 195.63
6661.25 195.32
6662.42 194.66
6663.59 194.83
6664.75 195.91
6665.91 196.96
6667.08 196.98
6668.24 196.49
6669.42 196.74
6670.58 196.37
6671.75 194.69
6672.92 196.34
6674.09 197.17
6675.25 196.59
6676.42 195.29
6677.59 194.15
6678.76 194.57
6679.93 195.79
6681.10 196.89
6682.26 196.45
6683.43 195.22
6684.60 195.11
6685.76 196.06
6686.92 196.03
6688.08 196.01
6689.23 196.01
6690.40 196.50
6691.55 196.25
6692.72 197.13
6693.90 195.56
6695.06 195.28
6696.22 195.14
6697.38 195.07
6698.54 196.04
6699.70 195.52
6700.86 195.26
6702.03 195.13
6703.19 196.56
6704.36 195.28
6705.53 194.64
6706.70 194.32
6707.86 194.66
6709.02 193.83
6710.18 195.42
6711.35 196.21
6712.52 196.60
6713.68 197.30
6714.84 196.15
6716.01 195.58
6717.17 196.29
6718.34 195.64
6719.50 196.32
6720.66 195.16
6721.83 195.58
6722.99 195.29
6724.15 196.65
6725.32 198.32
6726.49 196.16
6727.66 196.08
6728.82 195.04
6729.98 194.52
6731.15 194.26
6732.32 195.13
6733.49 196.57
6734.66 196.78
6735.82 195.89
6736.98 196.95
6738.15 194.97
6739.32 194.49
6740.49 195.74
6741.66 196.87
6742.82 197.44
6743.99 197.72
6745.16 196.86
6746.33 196.43
6747.50 196.21
6748.66 195.61
6749.83 195.80
6750.99 195.90
6752.15 195.45
6753.32 196.73
6754.49 197.36
6755.66 197.68
6756.82 197.84
6757.98 196.42
6759.15 195.21
6760.32 195.11
6761.50 195.55
6762.66 194.28
6763.82 194.14
6764.99 194.07
6766.15 196.03
6767.31 196.52
6768.48 195.26
6769.66 195.63
6770.82 196.81
6771.99 196.41
6773.16 196.20
6774.32 195.10
6775.48 196.05
6776.64 195.53
6777.81 196.76
6778.98 195.38
6780.14 195.19
6781.31 196.60
6782.48 195.30
6783.64 195.65
6784.81 195.32
6785.98 196.66
6787.14 196.33
6788.31 197.17
6789.48 197.08
6790.64 197.54
6791.81 195.77
6792.98 196.39
6794.14 195.69
6795.31 195.35
6796.48 195.67
6797.65 195.34
6798.82 196.17
6799.98 195.58
6801.14 195.79
6802.31 195.40
6803.48 195.70
6804.64 195.85
6805.81 194.92
6806.98 195.96
6808.14 195.48
6809.30 195.24
6810.46 195.62
6811.64 194.31
6812.81 196.16
6813.98 196.08
6815.14 196.04
6816.30 196.02
6817.46 195.01
6818.62 194.50
6819.78 194.75
6820.94 194.88
6822.10 194.44
6823.26 196.22
6824.44 195.11
6825.61 194.55
6826.78 195.78
6827.94 195.89
6829.10 195.44
6830.26 196.72
6831.44 194.86
6832.61 196.43
6833.78 196.22
6834.94 197.11
6836.11 196.05
6837.28 195.03
6838.44 195.51
6839.61 195.26
6840.78 194.63
6841.94 195.31
6843.11 196.16
6844.29 195.58
6845.46 195.29
6846.62 195.64
6847.79 195.32
6848.96 195.16
6850.13 195.58
6851.30 195.29
6852.46 195.15
6853.63 195.57
6854.79 195.79
6855.95 195.89
6857.11 195.45
6858.29 195.22
6859.46 195.61
6860.62 195.31
6861.79 195.65
6862.95 195.83
6864.12 195.91
6865.30 195.46
6866.46 195.73
6867.62 195.36
6868.79 194.18
6869.96 194.59
6871.12 195.30
6872.29 195.65
6873.46 195.82
6874.62 195.41
6875.79 194.71
6876.96 195.35
6878.13 196.68
6879.30 196.84
6880.46 197.42
6881.62 196.21
6882.79 195.10
6883.95 195.55
6885.12 196.78
6886.30 195.39
6887.46 195.69
6888.62 195.35
6889.79 196.67
6890.95 197.34
6892.12 196.17
6893.29 195.58
6894.46 196.29
6895.62 197.65
6896.79 197.32
6897.96 196.66
6899.13 195.33
6900.30 196.67
6901.46 196.83
6902.63 196.92
6903.81 195.96
6904.98 194.98
6906.14 194.49
6907.31 195.24
6908.48 194.62
6909.65 194.31
6910.82 195.66
6911.99 194.83
6913.16 195.41
6914.33 195.21
6915.50 194.60
6916.66 195.30
6917.82 195.15
6918.98 196.08
6920.14 196.04
6921.30 195.52
6922.46 195.26
6923.63 194.63
6924.80 194.81
6925.96 195.41
6927.13 194.70
6928.29 194.35
6929.46 194.68
6930.62 195.84
6931.79 195.92
6932.96 196.96
6934.13 196.98
6935.30 196.49
6936.46 196.24
6937.62 196.12
6938.79 195.56
6939.96 195.78
6941.13 195.39
6942.30 195.70
6943.46 195.35
6944.62 195.17
6945.80 195.59
6946.96 195.29
6948.13 195.65
6949.30 195.32
6950.46 196.16
6951.63 196.58
6952.80 196.29
6953.96 196.65
6955.14 195.82
6956.30 195.41
6957.46 194.21
6958.63 194.60
6959.79 194.30
6960.95 194.15
6962.12 195.08
6963.29 195.04
6964.45 195.52
6965.62 195.26
6966.78 196.13
6967.95 196.56
6969.12 196.28
6970.29 194.64
6971.46 195.82
6972.62 194.41
6973.79 195.21
6974.96 195.10
6976.12 194.05
6977.29 195.03
6978.45 195.51
6979.62 195.26
6980.78 195.13
6981.95 195.56
6983.12 196.28
6984.29 194.64
6985.46 194.82
6986.62 195.41
6987.79 196.71
6988.96 194.85
6990.13 196.43
6991.30 196.21
6992.46 195.11
6993.63 195.55
6994.80 195.78
6995.97 195.39
6997.14 195.69
6998.30 195.35
6999.46 195.17
7000.63 195.59
7001.80 196.29
7002.96 195.65
7004.13 195.32
7005.30 195.66
7006.46 195.83
7007.63 195.42
7008.80 195.21
7009.96 194.10
7011.12 193.55
7012.29 193.78
7013.46 194.89
7014.62 195.44
7015.79 195.22
7016.96 195.11
7018.13 196.06
7019.30 196.03
7020.46 195.51
7021.62 195.76
7022.79 195.38
7023.96 195.19
7025.13 196.09
7026.29 195.55
7027.46 195.27
7028.62 195.64
7029.79 194.82
7030.96 195.91
7032.13 195.95
7033.30 195.48
7034.46 195.24
7035.63 195.12
7036.80 195.06
7037.96 195.03
7039.12 195.51
7040.29 194.26
7041.46 194.63
7042.62 194.81
7043.79 195.91
7044.96 195.45
7046.14 194.23
7047.30 196.11
7048.46 196.56
7049.63 194.78
7050.80 194.89
7051.96 194.94
7053.12 195.47
7054.29 194.74
7055.46 195.37
7056.62 195.18
7057.79 195.09
7058.95 195.05
7060.11 195.52
7061.29 195.76
7062.46 196.38
7063.62 196.19
7064.79 194.60
7065.95 194.80
7067.11 194.90
7068.28 194.95
7069.45 195.47
7070.62 195.24
7071.78 195.12
7072.95 195.56
7074.12 195.78
7075.29 195.89
7076.46 196.44
7077.62 195.72
7078.79 195.86
7079.95 195.43
7081.12 195.22
7082.30 194.11
7083.46 194.55
7084.63 195.28
7085.80 195.14
7086.96 195.57
7088.14 195.78
7089.30 195.39
7090.46 195.70
7091.62 195.35
7092.79 195.17
7093.96 195.59
7095.13 196.29
7096.30 195.65
7097.46 195.82
7098.63 195.91
7099.80 194.96
7100.96 195.48
7102.13 194.24
7103.30 194.62
7104.46 194.81
7105.63 194.90
7106.79 194.45
7107.96 194.73
7109.13 195.36
7110.30 195.68
7111.46 195.84
7112.62 195.92
7113.79 195.96
7114.95 196.48
7116.12 195.74
7117.29 195.87
7118.46 195.94
7119.62 195.47
7120.79 195.23
7121.96 196.12
7123.13 196.06
7124.29 195.53
7125.46 195.76
7126.62 195.88
7127.79 195.94
7128.95 195.97
7130.12 195.49
7131.29 195.74
7132.46 195.87
7133.62 195.94
7134.79 195.97
7135.96 195.98
7137.12 195.49
7138.30 195.25
7139.46 195.62
7140.63 195.31
7141.80 196.16
7142.96 196.08
7144.12 196.04
7145.28 195.52
7146.45 195.76
7147.62 195.88
7148.78 195.94
7149.95 195.47
7151.12 195.23
7152.29 195.62
7153.46 195.81
7154.62 195.90
7155.78 195.95
7156.95 195.48
7158.12 195.24
7159.29 195.62
7160.46 195.81
7161.62 195.40
7162.78 195.70
7163.94 195.85
7165.11 195.93
7166.28 195.46
7167.45 195.23
7168.62 195.12
7169.78 196.06
7170.94 195.53
7172.11 195.26
7173.28 195.13
7174.45 195.07
7175.61 195.03
7176.77 195.52
7177.94 195.26
7179.10 195.63
7180.28 195.31
7181.45 195.16
7182.62 195.08
7183.78 196.04
7184.94 195.52
7186.10 195.76
7187.27 195.38
7188.44 196.19
7189.61 195.59
7190.78 195.80
7191.94 195.90
7193.10 195.95
7194.26 195.97
7195.43 195.49
7196.60 195.74
7197.76 195.87
7198.93 194.44
7200.10 195.22
7201.26 195.61
7202.43 195.80
7203.59 196.40
7204.75 195.70
7205.91 195.35
7207.08 195.68
7208.24 195.84
7209.42 195.42
7210.58 195.71
7211.75 195.35
7212.92 196.68
7214.09 196.84
7215.25 196.92
7216.42 196.46
7217.59 195.73
7218.76 195.86
7219.92 195.93
7221.09 195.47
7222.25 195.73
7223.43 195.87
7224.60 195.93
7225.76 195.97
7226.93 196.98
7228.09 195.99
7229.25 195.50
7230.42 195.75
7231.59 195.87
7232.75 195.44
7233.92 195.72
7235.09 196.36
7236.25 195.68
7237.42 195.84
7238.59 195.42
7239.76 195.21
7240.93 195.60
7242.09 194.30
7243.24 194.65
7244.42 194.83
7245.58 195.41
7246.75 195.71
7247.92 195.85
7249.09 195.43
7250.25 195.21
7251.42 195.61
7252.59 195.80
7253.75 195.90
7254.91 195.95
7256.08 195.98
7257.24 196.99
7258.42 196.49
7259.58 195.75
7260.75 195.37
7261.92 194.69
7263.09 195.34
7264.26 195.17
7265.43 195.59
7266.60 195.79
7267.76 195.40
7268.92 195.70
7270.08 195.35
7271.24 195.17
7272.42 195.59
7273.59 195.79
7274.75 195.90
7275.91 196.95
7277.08 196.47
7278.24 195.74
7279.42 195.87
7280.58 196.43
7281.74 195.72
7282.91 195.86
7284.08 195.43
7285.24 195.71
7286.42 195.36
7287.58 195.68
7288.74 195.84
7289.91 194.92
7291.08 194.46
7292.24 195.73
7293.42 195.86
7294.58 195.93
7295.74 195.97
7296.91 195.98
7298.07 195.49
7299.23 195.25
7300.41 195.12
7301.58 195.56
7302.74 195.28
7303.91 195.64
7305.08 195.82
7306.25 195.41
7307.42 196.21
7308.59 196.10
7309.75 195.55
7310.92 195.28
7312.09 195.14
7313.25 195.07
7314.43 195.53
7315.60 195.27
7316.76 195.63
7317.93 195.82
7319.10 195.41
7320.27 195.70
7321.43 195.35
7322.60 196.18
7323.77 195.59
7324.94 195.79
7326.10 195.90
7327.27 195.45
7328.44 195.22
7329.61 195.11
7330.78 195.56
7331.94 195.78
7333.10 195.39
7334.27 195.69
7335.44 195.35
7336.61 195.67
7337.78 195.34
7338.94 195.67
7340.11 195.83
7341.28 195.92
7342.45 196.96
7343.62 195.98
7344.78 195.49
7345.95 195.24
7347.12 195.62
7348.29 195.31
7349.46 195.16
7350.62 195.08
7351.78 196.54
7352.95 195.77
7354.12 195.88
7355.29 195.94
7356.46 195.97
7357.62 195.99
7358.79 194.99
7359.95 195.50
7361.11 195.25
7362.28 195.12
7363.45 195.06
7364.62 195.03
7365.78 195.52
7366.94 195.26
7368.11 195.13
7369.28 195.56
7370.45 195.78
7371.62 195.89
7372.79 196.45
7373.96 196.22
7375.13 195.61
7376.30 195.81
7377.46 195.90
7378.62 195.45
7379.79 195.73
7380.96 195.86
7382.12 195.43
7383.29 195.22
7384.46 195.11
7385.62 194.55
7386.79 195.28
7387.96 195.64
7389.13 195.82
7390.30 196.91
7391.46 196.45
7392.62 196.23
7393.79 195.61
7394.96 195.31
7396.13 195.15
7397.30 195.58
7398.46 196.29
7399.62 196.14
7400.79 196.07
7401.95 196.54
7403.12 195.77
7404.29 195.38
7405.46 195.19
7406.62 195.60
7407.78 195.80
7408.94 195.40
7410.10 195.70
7411.27 195.85
7412.44 195.42
7413.61 195.21
7414.78 195.61
7415.95 194.30
7417.11 194.15
7418.28 194.58
7419.45 194.79
7420.62 195.39
7421.78 195.70
7422.94 195.35
7424.12 195.67
7425.29 195.84
7426.46 195.92
7427.62 195.46
7428.79 195.73
7429.96 195.36
7431.13 195.68
7432.30 195.84
7433.46 196.42
7434.62 195.71
7435.79 194.86
7436.96 195.43
7438.13 195.71
7439.30 195.36
7440.46 195.18
7441.63 194.59
7442.80 195.29
7443.96 195.65
7445.13 195.82
7446.30 195.41
7447.46 195.21
7448.63 195.60
7449.79 195.80
7450.95 195.40
7452.11 195.70
7453.27 195.85
7454.44 195.43
7455.61 195.71
7456.78 195.86
7457.94 196.43
7459.11 196.71
7460.28 196.36
7461.45 195.68
7462.62 195.34
7463.78 195.67
7464.96 195.33
7466.13 195.67
7467.30 196.33
7468.46 195.67
7469.63 195.83
7470.80 195.92
7471.96 195.46
7473.13 195.73
7474.30 194.36
7475.46 194.68
7476.63 195.34
7477.80 195.17
7478.96 195.09
7480.12 195.04
7481.28 195.52
7482.45 195.76
7483.62 194.38
7484.78 195.69
7485.94 195.85
7487.11 194.92
7488.28 195.46
7489.45 195.23
7490.62 195.62
7491.78 195.81
7492.95 195.90
7494.11 195.95
7495.28 195.48
7496.45 195.24
7497.62 195.12
7498.78 195.06
7499.94 195.53
7501.11 195.76
7502.28 195.38
7503.45 195.19
7504.62 195.60
7505.78 195.30
7506.95 194.65
7508.12 195.32
7509.29 195.66
7510.46 195.33
7511.62 196.17
7512.79 195.58
7513.96 195.79
7515.14 194.90
7516.30 194.95
7517.46 195.97
7518.62 194.99
7519.79 194.49
7520.96 195.25
7522.13 195.62
7523.30 195.81
7524.46 195.41
7525.62 195.70
7526.78 195.85
7527.94 195.93
7529.11 195.46
7530.28 195.73
7531.45 195.37
7532.62 195.68
7533.78 195.84
7534.94 195.92
7536.11 195.46
7537.28 195.23
7538.45 195.12
7539.62 196.06
7540.78 196.03
7541.94 195.51
7543.11 195.76
7544.28 195.38
7545.45 195.69
7546.62 195.84
7547.78 195.92
7548.95 195.96
7550.12 195.48
7551.29 195.24
7552.46 195.62
7553.62 195.31
7554.79 195.16
7555.96 195.08
7557.13 195.54
7558.30 195.77
7559.46 195.88
7560.62 195.94
7561.79 195.97
7562.95 195.99
7564.12 196.49
7565.29 195.25
7566.46 195.62
7567.63 195.31
7568.80 196.16
7569.96 196.08
7571.12 196.04
7572.29 195.52
7573.46 195.76
7574.62 195.88
7575.79 195.44
7576.96 195.72
7578.13 195.36
7579.30 196.68
7580.46 196.34
7581.62 195.67
7582.79 195.33
7583.96 194.67
7585.13 194.83
7586.30 195.92
7587.46 195.46
7588.62 195.23
7589.79 195.11
7590.96 194.06
7592.12 194.03
7593.29 195.01
7594.45 194.01
7595.62 194.00
7596.78 194.00
7597.94 194.00
7599.10 195.00
7600.26 194.50
7601.42 195.25
7602.59 195.13
7603.76 195.06
7604.92 195.03
7606.08 194.02
7607.24 194.51
7608.42 194.25
7609.58 195.13
7610.75 195.06
7611.91 195.03
7613.07 195.52
7614.23 194.76
7615.41 194.88
7616.58 195.44
7617.74 194.72
7618.91 194.86
7620.08 195.93
7621.25 195.96
7622.42 196.48
7623.58 196.24
7624.75 196.62
7625.92 196.81
7627.09 195.41
7628.26 195.20
7629.42 195.10
7630.58 195.55
7631.75 195.78
7632.92 195.39
7634.09 195.19
7635.26 195.60
7636.42 195.30
7637.58 195.65
7638.75 195.82
7639.92 195.91
7641.10 195.96
7642.26 195.98
7643.43 196.49
7644.60 195.74
7645.76 195.87
7646.93 195.44
7648.10 195.22
7649.27 195.61
7650.44 195.30
7651.60 195.15
7652.76 195.58
7653.93 195.79
7655.10 195.39
7656.27 195.20
7657.43 195.10
7658.60 195.55
7659.76 195.77
7660.93 195.89
7662.10 195.44
7663.27 195.22
7664.43 195.11
7665.60 195.56
7666.76 195.78
7667.93 195.39
7669.10 195.69
7670.26 195.35
7671.43 195.67
7672.60 195.84
7673.76 195.92
7674.93 195.46
7676.10 195.73
7677.27 195.36
7678.43 195.68
7679.60 195.84
7680.76 195.92
7681.92 195.96
7683.08 195.98
7684.25 195.99
7685.42 196.00
7686.58 196.00
7687.73 195.50
7688.89 195.75
7690.05 195.87
7691.21 195.44
7692.38 195.72
7693.55 195.36
7694.72 195.18
7695.89 195.59
7697.05 195.79
7698.21 195.40
7699.38 194.70
7700.54 194.85
7701.70 195.42
7702.86 195.71
7704.03 195.86
7705.19 195.93
7706.36 194.96
7707.53 194.98
7708.69 195.49
7709.85 195.25
7711.02 195.62
7712.18 195.31
7713.34 195.16
7714.51 195.08
7715.67 195.04
7716.83 195.02
7717.99 195.51
7719.16 195.75
7720.33 196.38
7721.50 196.19
7722.66 196.09
7723.82 195.55
7724.98 195.27
7726.15 195.14
7727.32 195.07
7728.48 195.53
7729.65 195.27
7730.82 195.63
7731.98 195.82
7733.15 195.91
7734.32 194.95
7735.49 194.98
7736.66 195.49
7737.82 195.74
7738.99 195.87
7740.15 195.94
7741.32 195.97
7742.49 195.48
7743.66 195.24
7744.82 195.12
7745.99 195.06
7747.15 196.03
7748.31 195.02
7749.48 195.51
7750.66 195.25
7751.82 195.63
7752.99 195.81
7754.16 195.91
7755.33 196.45
7756.50 196.23
7757.66 196.11
7758.84 196.06
7760.00 196.03
7761.15 195.51
7762.32 194.76
7763.49 195.38
7764.66 195.69
7765.82 195.34
7766.99 196.17
7768.16 195.59
7769.33 195.79
7770.50 195.90
7771.66 195.95
7772.82 195.47
7773.99 195.24
7775.16 195.62
7776.33 196.31
7777.50 196.15
7778.66 196.08
7779.82 195.54
7780.99 195.27
7782.16 195.13
7783.33 195.57
7784.50 195.28
7785.66 195.64
7786.82 195.32
7787.99 195.66
7789.16 195.33
7790.33 196.17
7791.50 195.58
7792.66 195.29
7793.83 195.15
7795.00 195.07
7796.15 195.04
7797.31 195.52
7798.48 195.26
7799.65 195.13
7800.82 195.06
7801.98 195.03
7803.14 195.02
7804.31 196.01
7805.48 195.50
7806.64 195.75
7807.81 195.38
7808.98 195.69
7810.14 195.34
7811.31 196.17
7812.48 195.59
7813.65 195.29
7814.82 195.15
7815.98 195.57
7817.15 195.79
7818.32 195.39
7819.49 195.20
7820.65 195.10
7821.81 195.05
7822.97 195.02
7824.13 195.51
7825.30 195.76
7826.46 195.38
7827.62 195.19
7828.79 195.59
7829.95 195.30
7831.11 195.65
7832.28 195.32
7833.45 195.66
7834.62 195.83
7835.79 195.42
7836.96 195.21
7838.13 195.10
7839.30 195.55
7840.46 195.28
7841.62 195.14
7842.79 195.07
7843.96 195.53
7845.13 195.77
7846.30 195.38
7847.46 195.69
7848.62 195.35
7849.79 196.17
7850.96 196.09
7852.12 196.04
7853.28 196.02
7854.44 195.51
7855.61 195.26
7856.78 195.63
7857.94 195.31
7859.11 195.16
7860.28 195.58
7861.45 195.79
7862.62 195.89
7863.78 195.95
7864.95 195.97
7866.12 195.99
7867.29 195.49
7868.46 195.75
7869.62 195.87
7870.79 195.94
7871.96 195.47
7873.13 195.23
7874.30 195.62
7875.46 195.81
7876.62 195.40
7877.78 195.20
7878.94 195.10
7880.10 195.05
7881.26 195.53
7882.43 195.26
7883.60 195.63
7884.76 195.82
7885.93 195.41
7887.10 195.20
7888.26 195.10
7889.42 195.55
7890.59 195.78
7891.76 195.39
7892.93 195.69
7894.10 195.85
7895.26 195.92
7896.42 195.96
7897.59 195.98
7898.75 195.49
7899.92 195.25
7901.09 195.12
7902.26 195.56
7903.42 195.78
7904.59 195.89
7905.75 195.45
7906.92 195.72
7908.09 195.36
7909.26 195.68
7910.42 195.84
7911.59 195.42
7912.76 195.21
7913.93 195.61
7915.10 195.80
7916.26 195.90
7917.42 195.95
7918.59 195.98
7919.75 195.49
7920.92 195.24
7922.09 195.12
7923.26 195.56
7924.42 195.78
7925.59 195.39
7926.76 195.70
7927.93 195.85
7929.10 195.42
7930.26 195.71
7931.43 195.36
7932.60 195.68
7933.76 195.84
7934.93 195.92
7936.10 195.96
7937.26 195.98
7938.42 195.99
7939.59 195.49
7940.75 195.25
7941.92 195.12
7943.09 195.06
7944.25 195.53
7945.42 195.77
7946.58 195.38
7947.75 195.19
7948.92 195.60
7950.08 195.30
7951.25 195.65
7952.42 195.32
7953.58 195.16
7954.75 195.08
7955.91 196.04
7957.07 196.02
7958.24 195.51
7959.41 195.76
7960.58 195.38
7961.74 195.19
7962.91 195.09
7964.07 196.05
7965.22 196.02
7966.40 196.51
7967.56 195.76
7968.73 195.88
7969.90 196.44
7971.06 195.72
7972.22 195.86
7973.39 195.43
7974.56 195.21
7975.73 195.61
7976.90 196.30
7978.06 195.65
7979.22 195.83
7980.39 195.91
7981.56 195.96
7982.73 195.98
7983.90 195.49
7985.06 195.24
7986.22 195.62
7987.39 195.31
7988.56 195.66
7989.73 195.33
7990.90 195.66
7992.06 195.33
7993.22 195.67
7994.40 195.83
7995.56 195.92
7996.73 195.96
7997.90 195.98
7999.06 195.99
8000.22 195.99
8001.39 195.50
8002.56 195.75
8003.72 195.87
8004.88 195.44
8006.04 195.22
8007.20 195.61
8008.37 195.80
8009.53 195.40
8010.69 196.20
8011.85 195.60
8013.01 195.80
8014.16 195.40
8015.32 194.70
8016.48 194.85
8017.64 194.93
8018.81 194.96
8019.98 195.48
8021.14 195.74
8022.31 195.37
8023.48 195.19
8024.65 195.59
8025.81 195.30
8026.97 195.65
8028.14 195.32
8029.31 196.16
8030.48 195.58
8031.65 196.29
8032.82 195.65
8033.98 195.32
8035.15 195.66
8036.32 195.33
8037.50 195.17
8038.66 195.08
8039.82 195.04
8040.98 195.02
8042.14 195.01
8043.30 195.01
8044.46 195.00
8045.62 196.00
8046.78 195.50
8047.94 195.75
8049.10 195.38
8050.27 195.69
8051.44 195.34
8052.61 195.67
8053.78 195.34
8054.94 195.17
8056.11 195.58
8057.28 195.79
8058.45 195.90
8059.61 195.45
8060.78 195.22
8061.95 195.11
8063.12 195.06
8064.29 195.03
8065.45 195.51
8066.62 195.76
8067.78 195.38
8068.95 195.69
8070.11 195.34
8071.29 195.67
8072.46 195.84
8073.62 195.42
8074.79 195.21
8075.96 195.10
8077.12 195.05
8078.28 195.03
8079.44 195.01
8080.60 195.01
8081.76 195.50
8082.92 195.75
8084.09 195.88
8085.25 195.94
8086.42 195.47
8087.58 196.23
8088.75 196.12
8089.92 195.56
8091.09 195.28
8092.25 195.64
8093.42 196.32
8094.58 196.16
8095.75 196.08
8096.91 196.04
8098.07 196.52
8099.24 196.26
8100.41 195.63
8101.58 195.82
8102.74 195.91
8103.91 195.95
8105.08 195.98
8106.25 195.49
8107.42 196.24
8108.58 196.62
8109.75 196.31
8110.92 195.66
8112.09 195.83
8113.25 195.41
8114.42 195.21
8115.58 195.10
8116.74 195.05
8117.90 195.03
8119.06 195.01
8120.23 195.01
8121.40 195.00
8122.55 195.00
8123.70 195.00
8124.86 195.00
8126.02 195.50
8127.18 195.75
8128.34 194.88
8129.51 195.44
8130.69 196.22
8131.86 195.61
8133.02 195.30
8134.18 195.65
8135.36 195.83
8136.53 195.91
8137.70 195.96
8138.86 195.98
8140.02 196.49
8141.18 196.24
8142.36 196.62
8143.53 196.31
8144.70 196.16
8145.86 196.08
8147.02 195.54
8148.18 195.27
8149.36 196.13
8150.53 196.07
8151.69 195.53
8152.86 195.27
8154.02 195.13
8155.18 195.57
8156.36 196.28
8157.53 196.14
8158.70 196.07
8159.86 196.04
8161.02 196.02
8162.18 196.01
8163.34 196.50
8164.50 195.75
8165.66 195.38
8166.83 195.69
8168.00 195.84
8169.15 195.42
8170.32 195.21
8171.49 195.61
8172.66 195.80
8173.82 195.90
8174.98 195.95
8176.14 195.98
8177.31 195.99
8178.48 195.49
8179.65 195.75
8180.82 195.87
8181.98 195.94
8183.15 195.97
8184.32 196.48
8185.49 196.24
8186.66 196.12
8187.82 195.56
8188.99 195.78
8190.15 195.39
8191.32 196.20
8192.49 195.60
8193.65 195.30
8194.81 195.15
8195.98 195.57
8197.14 195.29
8198.31 195.64
8199.48 195.32
8200.65 195.66
8201.82 195.83
8202.98 195.92
8204.15 195.96
8205.32 196.48
8206.49 196.24
8207.66 195.62
8208.82 195.81
8209.99 195.40
8211.15 195.20
8212.31 196.10
8213.47 195.55
8214.64 195.28
8215.81 195.64
8216.98 195.82
8218.14 195.91
8219.31 196.45
8220.48 195.73
8221.65 195.36
8222.82 195.68
8223.98 195.84
8225.14 195.42
8226.31 195.21
8227.48 195.11
8228.65 195.05
8229.81 195.03
8230.97 195.01
8232.13 195.01
8233.30 196.00
8234.45 195.50
8235.61 195.25
8236.78 195.13
8237.94 195.06
8239.11 195.03
8240.27 195.02
8241.43 195.01
8242.59 195.50
8243.75 195.75
8244.92 195.38
8246.09 195.69
8247.25 195.34
8248.42 195.17
8249.58 195.59
8250.75 195.79
8251.91 195.40
8253.07 195.20
8254.24 195.60
8255.40 195.30
8256.56 195.15
8257.73 195.07
8258.89 195.54
8260.06 195.77
8261.23 195.38
8262.39 196.19
8263.56 196.10
8264.73 195.55
8265.90 195.77
8267.06 195.89
8268.23 195.44
8269.39 195.72
8270.56 195.86
8271.73 195.93
8272.90 195.47
8274.06 195.73
8275.23 195.87
8276.40 195.43
8277.56 195.22
8278.73 195.61
8279.90 195.30
8281.06 195.65
8282.22 195.83
8283.39 195.41
8284.56 195.21
8285.73 196.10
8286.89 195.55
8288.06 195.78
8289.22 195.39
8290.39 195.19
8291.56 196.10
8292.72 196.05
8293.88 195.52
8295.05 195.76
8296.21 195.88
8297.38 195.44
8298.55 195.22
8299.72 195.61
8300.89 195.81
8302.06 195.40
8303.22 195.70
8304.38 195.85
8305.54 195.43
8306.71 195.71
8307.88 195.36
8309.05 195.18
8310.21 195.59
8311.38 195.79
8312.55 195.40
8313.71 195.70
8314.88 195.35
8316.05 195.67
8317.21 195.84
8318.38 195.92
8319.55 195.46
8320.72 195.73
8321.89 195.86
8323.05 195.43
8324.22 195.72
8325.39 195.36
8326.56 195.68
8327.73 195.84
8328.90 195.42
8330.06 195.21
8331.23 196.10
8332.40 196.05
8333.55 195.53
8334.72 195.26
8335.89 195.63
8337.06 195.82
8338.23 195.41
8339.39 195.70
8340.55 195.85
8341.71 195.43
8342.88 195.21
8344.05 195.61
8345.21 195.80
8346.38 195.90
8347.54 195.95
8348.70 195.48
8349.86 195.24
8351.03 195.62
8352.19 195.31
8353.37 195.65
8354.54 195.33
8355.70 195.16
8356.87 196.08
8358.03 196.04
8359.18 196.02
8360.35 196.51
8361.52 196.26
8362.69 196.13
8363.86 195.56
8365.02 195.28
8366.18 195.64
8367.36 195.32
8368.53 195.66
8369.70 195.33
8370.86 195.17
8372.02 195.58
8373.18 195.29
8374.36 195.65
8375.53 195.82
8376.70 195.41
8377.86 195.21
8379.02 195.60
8380.18 195.80
8381.34 194.90
8382.50 195.45
8383.66 195.73
8384.82 195.36
8385.99 195.18
8387.16 195.59
8388.33 195.30
8389.50 195.15
8390.66 195.07
8391.82 195.04
8392.98 195.52
8394.15 195.26
8395.32 194.63
8396.49 195.31
8397.66 195.66
8398.82 195.83
8399.99 195.41
8401.16 195.21
8402.33 195.60
8403.49 195.80
8404.65 195.90
8405.81 195.45
8406.98 195.73
8408.14 195.36
8409.31 195.18
8410.48 195.59
8411.64 195.30
8412.80 195.65
8413.96 195.32
8415.13 195.16
8416.30 195.08
8417.46 195.54
8418.62 195.77
8419.79 195.89
8420.96 196.44
8422.12 196.22
8423.29 196.11
8424.46 195.56
8425.62 195.28
8426.79 196.14
8427.96 195.57
8429.13 195.28
8430.30 195.64
8431.46 195.32
8432.63 195.66
8433.79 195.33
8434.96 195.17
8436.13 195.08
8437.29 194.54
8438.46 194.77
8439.62 195.39
8440.79 195.69
8441.95 195.35
8443.12 195.17
8444.29 196.09
8445.45 196.04
8446.61 195.52
8447.78 195.26
8448.94 195.63
8450.10 195.32
8451.27 195.16
8452.44 195.08
8453.60 194.54
8454.76 195.27
8455.93 195.13
8457.10 195.07
8458.26 195.53
8459.42 195.27
8460.59 195.13
8461.76 195.57
8462.93 195.78
8464.09 195.89
8465.25 195.45
8466.42 195.72
8467.58 195.36
8468.75 195.68
8469.91 196.34
8471.08 195.67
8472.24 195.84
8473.41 195.42
8474.58 195.71
8475.74 195.85
8476.90 195.43
8478.06 195.21
8479.23 195.11
8480.40 195.55
8481.56 195.28
8482.73 195.14
8483.90 195.07
8485.05 195.03
8486.20 195.52
8487.37 195.76
8488.54 195.38
8489.70 195.19
8490.86 195.59
8492.03 195.30
8493.18 195.65
8494.36 195.82
8495.53 195.41
8496.70 195.21
8497.86 195.60
8499.02 195.30
8500.18 195.15
8501.35 196.08
8502.51 196.04
8503.67 196.02
8504.83 195.51
8506.00 196.25
8507.15 195.63
8508.32 194.81
8509.49 195.41
8510.66 195.70
8511.82 195.35
8512.98 195.68
8514.14 195.34
8515.31 195.67
8516.48 195.33
8517.65 195.67
8518.82 195.83
8519.98 195.92
8521.15 195.46
8522.32 195.23
8523.49 195.61
8524.66 195.31
8525.83 195.65
8526.99 195.33
8528.16 195.66
8529.33 196.33
8530.50 195.67
8531.66 195.83
8532.83 195.42
8534.01 195.71
8535.17 195.35
8536.34 196.18
8537.51 196.09
8538.67 195.54
8539.84 195.27
8541.01 195.64
8542.17 195.82
8543.35 195.91
8544.52 195.95
8545.69 196.48
8546.85 195.74
8548.02 195.37
8549.18 195.68
8550.35 196.34
8551.52 196.17
8552.69 195.59
8553.86 195.79
8555.02 195.40
8556.18 195.70
8557.35 195.35
8558.52 195.17
8559.69 195.59
8560.86 195.29
8562.02 195.15
8563.18 195.07
8564.35 195.54
8565.52 195.27
8566.69 195.63
8567.86 195.32
8569.02 195.16
8570.18 195.08
8571.35 195.54
8572.52 195.77
8573.69 195.38
8574.86 195.69
8576.02 195.85
8577.18 195.42
8578.36 195.71
8579.53 195.86
8580.70 195.43
8581.86 195.21
8583.02 195.61
8584.19 195.30
8585.36 196.15
8586.53 195.58
8587.70 195.29
8588.86 196.14
8590.02 196.07
8591.18 195.54
8592.35 196.27
8593.53 196.13
8594.70 196.07
8595.86 195.53
8597.02 195.27
8598.18 195.13
8599.36 195.57
8600.53 195.78
8601.70 195.39
8602.86 195.20
8604.02 195.60
8605.18 195.80
8606.34 195.40
8607.50 194.70
8608.66 194.85
8609.82 195.42
8610.99 195.71
8612.16 194.86
8613.33 194.93
8614.50 194.96
8615.66 195.48
8616.82 195.24
8617.99 195.12
8619.16 195.56
8620.33 195.78
8621.50 195.89
8622.66 195.45
8623.82 195.72
8624.99 195.86
8626.15 195.43
8627.33 196.22
8628.50 195.61
8629.66 195.80
8630.82 195.90
8631.98 195.45
8633.15 195.73
8634.32 195.36
8635.49 195.18
8636.66 195.59
8637.82 195.80
8638.98 195.40
8640.14 195.20
8641.30 196.10
8642.46 196.05
8643.62 195.02
8644.78 194.51
8645.95 193.76
8647.12 194.88
8648.29 194.94
8649.45 195.47
8650.62 194.73
8651.78 195.87
8652.94 194.93
8654.11 195.47
8655.28 195.73
8656.45 195.37
8657.62 194.18
8658.78 195.59
8659.94 196.80
8661.11 196.90
8662.27 196.95
8663.44 196.97
8664.60 196.99
8665.76 195.49
8666.93 196.25
8668.10 196.62
8669.26 195.31
8670.42 196.16
8671.59 197.08
8672.75 196.54
8673.92 194.77
8675.09 194.38
8676.25 194.69
8677.42 194.35
8678.58 195.67
8679.74 194.34
8680.91 194.17
8682.08 194.58
8683.24 195.29
8684.41 194.65
8685.58 194.82
8686.74 194.91
8687.91 195.46
8689.08 195.73
8690.24 194.86
8691.41 195.43
8692.58 195.22
8693.75 195.11
8694.92 195.05
8696.08 195.53
8697.24 194.76
8698.41 195.38
8699.58 195.19
8700.74 195.60
8701.90 196.30
8703.06 195.15
8704.23 196.07
8705.39 195.54
8706.56 194.27
8707.73 195.63
8708.90 194.32
8710.06 193.66
8711.22 193.33
8712.39 194.66
8713.55 195.83
8714.72 196.92
8715.89 194.96
8717.05 193.98
8718.22 194.49
8719.38 194.74
8720.55 195.37
8721.72 195.19
8722.89 195.09
8724.05 196.05
8725.20 197.02
8726.37 196.01
8727.53 195.51
8728.70 195.25
8729.86 195.63
8731.03 195.31
8732.19 194.16
8733.37 194.58
8734.54 195.79
8735.70 196.89
8736.86 195.95
8738.03 196.97
8739.19 195.99
8740.37 195.99
8741.53 195.50
8742.69 194.25
8743.86 194.62
8745.02 194.31
8746.18 196.16
8747.36 195.58
8748.53 196.79
8749.70 195.39
8750.86 196.70
8752.02 196.35
8753.18 196.67
8754.35 196.84
8755.52 195.92
8756.69 195.96
8757.85 194.98
8759.01 195.99
8760.17 195.49
8761.35 195.75
8762.52 194.87
8763.69 193.94
8764.86 195.47
8766.02 195.23
8767.18 196.12
8768.36 197.06
8769.53 197.03
8770.69 197.51
8771.86 196.76
8773.02 197.38
8774.18 197.69
8775.36 196.84
8776.53 195.92
8777.70 196.96
8778.86 196.48
8780.02 196.24
8781.18 196.62
8782.36 195.81
8783.53 196.41
8784.70 197.20
8785.86 197.10
8787.02 197.55
8788.18 195.28
8789.35 195.64
8790.52 195.32
8791.69 195.66
8792.86 195.83
8794.02 196.41
8795.18 196.21
8796.36 197.10
8797.52 195.55
8798.69 194.78
8799.86 196.39
8801.02 196.69
8802.18 196.85
8803.36 196.92
8804.53 196.46
8805.70 197.23
8806.86 197.62
8808.02 197.31
8809.18 197.65
8810.36 196.33
8811.53 197.16
8812.70 195.08
8813.85 196.04
8815.01 197.02
8816.17 197.01
8817.34 197.01
8818.51 197.00
8819.66 197.00
8820.82 195.00
8821.97 194.00
8823.12 193.50
8824.28 194.75
8825.45 194.88
8826.62 196.44
8827.78 194.72
8828.95 196.36
8830.12 195.18
8831.29 195.09
8832.45 195.04
8833.61 195.02
8834.77 195.01
8835.93 194.51
8837.10 195.25
8838.26 195.63
8839.43 196.81
8840.60 196.41
8841.76 196.20
8842.92 195.60
8844.08 196.30
8845.23 195.15
8846.40 194.58
8847.56 193.79
8848.73 194.89
8849.90 193.95
8851.06 194.47
8852.22 194.74
8853.39 194.37
8854.56 193.68
8855.73 193.34
8856.90 194.67
8858.06 194.84
8859.22 195.42
8860.39 194.71
8861.56 194.35
8862.73 195.18
8863.90 194.59
8865.06 195.29
8866.22 194.15
8867.39 196.07
8868.55 196.04
8869.71 194.52
8870.88 195.76
8872.04 195.38
8873.21 196.19
8874.38 195.09
8875.54 194.05
8876.70 193.52
8877.86 194.26
8879.02 194.63
8880.18 195.32
8881.36 194.66
8882.53 193.83
8883.70 194.91
8884.86 195.46
8886.02 194.23
8887.18 193.61
8888.36 193.81
8889.53 193.40
8890.69 195.70
8891.85 194.35
8893.02 196.18
8894.18 194.59
8895.36 194.79
8896.53 193.90
8897.69 193.45
8898.86 194.72
8900.02 194.86
8901.18 195.93
8902.36 195.97
8903.53 194.98
8904.70 195.99
8905.86 196.00
8907.02 196.50
8908.18 196.75
8909.35 196.87
8910.52 195.44
8911.69 195.72
8912.86 194.36
8914.02 193.68
8915.18 194.34
8916.36 194.17
8917.53 194.58
8918.70 194.79
8919.86 194.90
8921.02 194.95
8922.18 196.47
8923.35 194.74
8924.52 194.87
8925.69 195.43
8926.86 195.22
8928.02 195.61
8929.18 194.80
8930.35 194.40
8931.51 195.20
8932.67 195.10
8933.83 195.05
8934.99 195.03
8936.15 195.51
8937.33 196.26
8938.50 195.63
8939.66 195.31
8940.83 195.66
8942.00 195.83
8943.15 195.41
8944.33 194.71
8945.50 195.35
8946.66 196.18
8947.83 196.09
8948.99 196.04
8950.15 196.02
8951.31 195.51
8952.48 195.76
8953.65 195.38
8954.82 195.69
8955.98 195.84
8957.14 195.42
8958.31 195.71
8959.48 195.86
8960.65 194.43
8961.82 195.21
8962.98 194.61
8964.15 195.30
8965.31 195.15
8966.48 195.08
8967.64 195.04
8968.80 195.52
8969.96 195.26
8971.13 194.13
8972.30 195.06
8973.46 196.53
8974.62 195.77
8975.79 195.38
8976.96 196.19
8978.13 196.10
8979.30 194.55
8980.46 195.27
8981.63 195.14
8982.80 195.57
8983.96 194.78
8985.12 195.39
8986.29 195.70
8987.45 195.35
8988.62 195.67
8989.78 195.84
8990.94 195.92
8992.11 195.96
8993.28 195.98
8994.44 195.99
8995.60 195.49
8996.76 195.25
8997.93 195.62
8999.10 195.31
9000.26 195.66
9001.43 195.83
9002.60 195.91
9003.76 195.46
9004.93 195.73
9006.10 195.86
9007.26 195.43
