0.0 7.70
1.09 7.85
2.18 9.92
3.27 7.46
4.36 9.73
5.45 7.87
6.53 9.93
7.62 9.47
8.71 41.73
9.83 87.37
10.95 83.18
12.08 68.09
13.2 104.55
14.37 132.27
15.54 103.14
16.71 108.07
17.86 134.53
19.02 116.27
20.19 89.63
21.31 119.82
22.48 142.41
23.65 112.20
24.81 118.10
25.96 141.05
27.12 119.53
28.29 92.76
29.42 121.88
30.59 145.94
31.75 112.47
32.91 119.24
34.07 142.62
35.25 122.81
36.41 95.90
37.52 126.45
38.69 148.23
39.86 113.61
41.02 87.31
42.15 124.15
43.32 123.58
44.5 100.29
45.66 124.64
46.82 148.32
47.98 119.16
49.15 105.58
50.31 136.29
51.48 127.65
52.66 102.32
53.82 127.16
54.98 150.08
56.14 119.54
57.31 113.27
58.47 140.14
59.65 125.57
60.82 99.78
61.94 126.89
63.1 149.95
64.27 119.47
65.43 118.74
66.61 143.87
67.77 127.93
68.94 99.47
70.07 128.23
71.23 150.62
72.4 116.81
73.57 90.90
74.69 126.45
75.85 130.23
77.01 105.61
78.17 127.31
79.34 150.65
80.51 122.33
81.67 94.66
82.8 130.83
83.96 129.42
85.13 104.71
86.3 129.35
87.48 150.18
88.65 120.09
89.81 101.04
90.96 133.52
92.13 128.76
93.3 101.88
94.46 128.94
95.63 149.97
96.8 119.99
97.97 114.99
99.14 142.00
100.3 129.50
101.46 101.75
102.63 129.87
103.8 152.94
104.96 122.47
106.13 122.23
107.3 147.12
108.47 164.56
109.64 172.78
110.81 179.39
111.96 182.19
113.13 183.60
114.29 185.80
115.45 187.40
116.62 189.20
117.78 189.60
118.94 190.80
120.1 191.40
121.26 191.70
122.43 190.85
123.6 190.42
124.77 190.71
125.94 190.36
127.11 190.68
128.27 191.34
129.44 192.67
130.62 193.33
131.79 193.67