26196.00 275.31
26197.20 243.66
26198.40 212.33
26199.60 189.66
26200.80 175.33
26202.00 165.17
26203.20 157.58
26204.40 151.79
26205.60 149.40
26206.79 146.70
26207.99 145.35
26209.20 143.17
26210.40 141.59
26211.60 140.79
26212.80 139.90
26213.99 139.45
26215.20 138.22
26216.40 137.11
26217.61 137.06
26218.81 138.03
26220.01 138.51
26221.21 138.26
26222.42 137.13
26223.62 136.56
26224.83 136.78
26226.03 136.89
26227.23 136.45
26228.44 136.72
26229.65 135.86
26230.86 135.43
26232.07 135.22
26233.27 135.11
26234.48 134.55
26235.69 134.28
26236.90 134.64
26238.10 134.82
26239.31 134.91
26240.51 134.95
26241.73 134.48
26242.94 134.24
26244.15 134.62
26245.35 134.81
26246.56 134.90
26247.77 134.95
26248.97 134.98
26250.17 134.99
26251.38 134.99
26252.58 134.00
26253.78 133.00
26254.97 134.00
26256.16 134.50
26257.36 133.75
26258.58 134.37
26259.78 134.69
26260.99 134.34
26262.19 133.17
26263.40 133.59
26264.60 134.29
26265.80 133.15
26267.00 133.07
26268.19 132.54
26269.40 132.27
26270.60 132.13
26271.80 132.07
26272.99 133.53
26274.19 132.77
26275.40 132.38
26276.60 132.19
26277.80 132.10
26279.00 133.05