27452.04 275.90
27453.23 239.45
27454.44 207.72
27455.65 186.36
27456.86 173.18
27458.07 163.09
27459.26 155.55
27460.47 150.77
27461.68 148.89
27462.88 146.44
27464.08 143.72
27465.28 142.86
27466.49 141.43
27467.70 139.72
27468.91 138.86
27470.11 137.93
27471.32 138.46
27472.53 138.23
27473.75 138.62
27474.95 137.81
27476.16 136.90
27477.36 136.45
27478.57 136.73
27479.78 135.86
27480.99 135.43
27482.19 135.72
27483.40 134.86
27484.60 134.93
27485.80 134.96
27487.00 135.48
27488.19 135.24
27489.40 135.12
27490.60 134.56
27491.80 134.78
27493.00 134.89
27494.19 133.95
27495.40 133.97
27496.61 133.49
27497.82 134.24
27499.02 134.62
27500.23 134.31
27501.44 133.66
27502.65 134.33
27503.86 134.66
27505.07 134.83
27506.26 134.42
27507.47 133.21
27508.69 132.60
27509.90 133.80
27511.09 133.40
27512.28 132.70
27513.48 132.35
27514.70 132.18
27515.91 132.59
27517.12 132.79
27518.33 133.90
27519.53 132.95
27520.75 132.47
27521.94 133.74
27523.15 134.37
27524.36 134.68
27525.56 133.84
27526.77 132.92
27527.98 133.96
27529.18 134.48
27530.39 134.74
27531.59 133.37
27532.80 132.69
27534.00 132.34
27535.19 133.67