30331.56 275.62
30332.77 245.81
30333.98 214.40
30335.18 191.70
30336.38 176.35
30337.59 165.68
30338.80 158.34
30340.00 153.67
30341.19 150.33
30342.40 146.67
30343.61 145.33
30344.82 143.67
30346.02 142.83
30347.23 141.92
30348.44 139.96
30349.66 137.98
30350.86 136.99
30352.07 136.49
30353.27 136.25
30354.48 136.12
30355.69 137.56
30356.90 136.78
30358.10 136.39
30359.30 136.20
30360.50 135.10
30361.70 135.55
30362.90 135.27
30364.10 135.14
30365.31 135.07
30366.51 134.53
30367.72 133.27
30368.94 134.13
30370.15 134.57
30371.35 134.28
30372.56 134.14
30373.77 133.57
30374.98 134.29
30376.18 134.14
30377.39 133.07
30378.60 133.04
30379.80 132.52
30381.00 132.76
30382.20 133.88
30383.40 132.94
30384.61 133.47
30385.82 133.73
30387.02 132.87
30388.23 132.43
30389.44 132.72
30390.66 133.86
30391.86 132.93
30393.07 132.46
30394.27 133.73
30395.48 133.37
30396.69 134.18
30397.90 134.09
30399.10 134.55
30400.31 133.27
30401.51 132.64
30402.73 132.82
30403.94 132.41
30405.15 132.20
30406.35 132.10
30407.55 132.05
30408.75 132.53
30409.96 132.26
30411.17 132.63
30412.38 132.32
30413.59 131.66
30414.80 131.83