28995.62 274.79
28996.83 242.39
28998.03 210.70
28999.23 188.35
29000.43 173.67
29001.65 163.34
29002.86 156.17
29004.07 152.08
29005.26 147.54
29006.47 145.77
29007.68 144.89
29008.90 143.44
29010.10 141.72
29011.30 140.86
29012.50 139.43
29013.70 138.72
29014.91 138.36
29016.11 137.18
29017.32 136.59
29018.53 136.29
29019.74 136.15
29020.94 136.07
29022.15 135.54
29023.36 135.27
29024.57 135.63
29025.78 135.32
29026.99 135.66
29028.19 135.83
29029.40 135.91
29030.60 135.96
29031.80 134.98
29033.00 134.99
29034.19 134.99
29035.39 134.50
29036.59 133.75
29037.80 133.87
29039.00 133.94
29040.19 133.47
29041.40 134.23
29042.60 134.62
29043.80 133.81
29045.00 133.40
29046.19 133.20
29047.39 132.60
29048.59 132.30
29049.79 132.15
29051.01 132.08
29052.21 132.04
29053.41 132.02
29054.61 132.01
29055.82 133.50
29057.02 133.25
29058.23 133.13
29059.44 134.06
29060.65 134.53
29061.86 133.77
29063.07 132.88
29064.26 133.94
29065.47 134.47
29066.68 134.74
29067.89 134.87
29069.09 133.93
29070.29 132.97
29071.50 132.48
29072.70 132.24
29073.91 132.12
29075.11 132.06
29076.31 132.03
29077.52 133.02
29078.73 132.51