0.0 0.34 0.68 1.1 1.58 2.12 2.78 3.62 4.72 6.7 77.86
69.56 0.0 0.34 0.76 1.24 1.78 2.44 3.28 4.38 6.36 77.52
73.4 3.84 0.0 0.42 0.9 1.44 2.1 2.94 4.04 6.02 77.18
75.18 5.62 1.78 0.0 0.48 1.02 1.68 2.52 3.62 5.6 76.76
76.32 6.76 2.92 1.14 0.0 0.54 1.2 2.04 3.14 5.12 76.28
77.18 7.62 3.78 2.0 0.86 0.0 0.66 1.5 2.6 4.58 75.74
77.92 8.36 4.52 2.74 1.6 0.74 0.0 0.84 1.94 3.92 75.08
78.52 8.96 5.12 3.34 2.2 1.34 0.6 0.0 1.1 3.08 74.24
79.08 9.52 5.68 3.9 2.76 1.9 1.16 0.56 0.0 1.98 73.14
79.54 9.98 6.14 4.36 3.22 2.36 1.62 1.02 0.46 0.0 71.16
79.98 10.42 6.58 4.8 3.66 2.8 2.06 1.46 0.9 0.44 0.0