23316.21 133.27
23317.42 182.64
23318.62 217.32
23319.84 238.66
23321.05 251.33
23322.25 258.66
23323.46 263.83
23324.68 266.42
23325.89 268.21
23327.10 269.60
23328.30 270.30
23329.50 271.15
23330.71 271.58
23331.92 271.79
23333.13 271.39
23334.35 272.20
23335.56 272.60
23336.76 273.30
23337.98 273.65
23339.19 273.82
23340.40 273.41
23341.60 273.71
23342.82 273.85
23344.03 274.43
23345.24 274.21
23346.45 274.11
23347.68 274.05
23348.89 274.03
23350.09 274.01
23351.30 274.01
23352.50 274.00
23353.69 274.00
23354.89 274.50
23356.09 274.25
23357.30 274.63
23358.51 274.31
23359.73 274.16
23360.94 274.08
23362.14 274.04
23363.35 274.52
23364.56 274.26
23365.77 274.63
23366.98 274.31
23368.19 274.16
23369.41 274.08
23370.61 274.54
23371.84 274.77
23373.05 274.38
23374.25 274.69
23375.46 274.35
23376.68 274.67
23377.89 274.84
23379.11 274.92
23380.33 274.96
23381.54 274.48
23382.75 274.74
23383.96 274.37
23385.17 274.68
23386.38 274.84
23387.59 274.92
23388.81 274.96
23390.02 274.98
23391.23 274.99
23392.44 275.00
23393.64 274.50
23394.85 274.75
23396.06 274.87
23397.26 275.44
23398.47 275.22
23399.68 275.11