25372.03 132.01
25373.23 181.00
25374.43 215.50
25375.64 237.25
25376.84 250.63
25378.05 258.31
25379.26 263.16
25380.48 266.08
25381.68 269.04
25382.89 270.52
25384.11 270.76
25385.33 271.38
25386.54 272.19
25387.76 271.59
25388.97 272.30
25390.18 272.65
25391.39 272.82
25392.60 273.91
25393.81 273.96
25395.03 274.48
25396.24 274.74
25397.45 274.37
25398.67 274.18
25399.89 274.09
25401.09 274.05
25402.29 274.02
25403.50 274.01
25404.70 273.51
25405.91 273.75
25407.12 273.88
25408.33 274.44
25409.55 274.22
25410.77 274.11
25411.99 274.05
25413.20 273.53
25414.41 274.26
25415.62 274.63
25416.84 274.32
25418.06 274.66
25419.27 274.83
25420.48 274.41
25421.69 274.71
25422.90 275.35
25424.11 275.18
25425.33 275.09
25426.53 274.54
25427.76 274.77
25428.97 274.39
25430.19 274.69
25431.40 274.85
25432.61 274.42
25433.83 274.71
25435.05 274.36
25436.25 274.18
25437.47 274.09
25438.68 274.04
25439.89 275.02
25441.09 274.51
25442.31 274.76
25443.52 274.88
25444.74 275.44
25445.95 275.72
25447.16 275.86
25448.37 275.43
25449.59 275.21
25450.81 275.11
25452.03 275.05
25453.23 275.03
25454.44 275.51
25455.65 274.76