26803.59 132.00
26804.78 168.50
26805.99 206.75
26807.20 231.38
26808.41 246.69
26809.61 255.84
26810.82 261.42
26812.03 265.21
26813.24 268.11
26814.46 270.05
26815.67 271.03
26816.88 271.51
26818.08 271.76
26819.29 271.88
26820.50 271.94
26821.71 272.47
26822.92 273.23
26824.13 273.12
26825.35 273.56
26826.57 274.28
26827.78 274.14
26829.00 274.07
26830.20 274.03
26831.40 274.02
26832.60 274.01
26833.80 274.50
26835.00 274.25
26836.20 274.13
26837.41 274.56
26838.62 274.28
26839.83 274.14
26841.05 274.07
26842.25 274.54
26843.47 274.77
26844.68 274.88
26845.89 274.44
26847.09 274.72
26848.30 275.86
26849.51 275.43
26850.73 274.72
26851.95 274.36
26853.16 274.18
26854.37 274.59
26855.59 274.79
26856.80 274.90
26858.00 274.95
26859.20 275.97
26860.41 275.49
26861.62 274.74
26862.83 274.37
26864.05 275.19
26865.25 274.59
26866.46 274.30
26867.67 275.15
26868.89 275.07
26870.09 275.04
26871.29 275.02
26872.50 274.51
26873.72 275.25
26874.93 275.13
26876.15 274.56
26877.36 275.28
26878.58 275.14
26879.80 275.07
26881.00 275.04
26882.20 274.52
26883.41 274.76
26884.62 274.88
26885.83 275.44
26887.04 275.22