28259.75 132.82
28260.96 173.41
28262.17 210.71
28263.38 234.35
28264.60 248.18
28265.81 257.09
28267.01 262.54
28268.22 265.77
28269.43 268.39
28270.65 269.69
28271.85 270.35
28273.06 270.67
28274.27 271.34
28275.49 271.67
28276.71 273.33
28277.92 272.17
28279.14 272.58
28280.35 273.29
28281.56 273.15
28282.77 273.57
28283.98 273.79
28285.19 273.89
28286.40 273.95
28287.60 273.97
28288.81 273.99
28290.02 273.99
28291.23 274.00
28292.43 274.00
28293.63 275.00
28294.83 275.00
28296.03 275.00
28297.23 274.50
28298.44 275.25
28299.66 275.12
28300.88 275.06
28302.08 274.53
28303.29 274.77
28304.51 274.38
28305.73 274.69
28306.94 274.35
28308.15 274.17
28309.36 274.09
28310.57 274.04
28311.78 274.02
28312.99 274.01
28314.20 274.51
28315.41 274.75
28316.62 274.88
28317.84 274.44
28319.05 275.72
28320.25 276.36
28321.46 276.68
28322.68 276.84
28323.89 275.92
28325.09 274.96
28326.30 274.98
28327.51 274.99
28328.73 274.50
28329.92 274.25
28331.14 274.12
28332.36 275.56
28333.57 275.28
28334.78 276.14
28335.99 276.57
28337.20 276.29
28338.41 276.14
28339.62 275.57
28340.83 276.29
28342.04 276.64
28343.25 275.82