29627.57 132.63
29628.78 174.32
29629.99 210.66
29631.20 234.33
29632.41 248.16
29633.63 257.08
29634.84 262.04
29636.05 266.52
29637.25 268.26
29638.46 269.13
29639.69 270.57
29640.90 271.28
29642.10 271.64
29643.31 271.32
29644.52 272.16
29645.73 272.58
29646.94 272.79
29648.15 272.90
29649.36 273.45
29650.57 273.72
29651.78 273.86
29652.99 273.93
29654.20 273.97
29655.41 274.48
29656.63 274.24
29657.84 274.12
29659.05 274.06
29660.25 274.03
29661.46 274.02
29662.68 274.01
29663.89 274.00
29665.08 274.00
29666.28 274.50
29667.49 274.25
29668.71 274.13
29669.92 274.06
29671.13 274.53
29672.35 274.27
29673.57 274.63
29674.78 274.32
29676.00 274.16
29677.20 274.08
29678.41 274.04
29679.63 274.02
29680.84 274.51
29682.05 274.25
29683.25 274.13
29684.47 274.56
29685.69 274.78
29686.91 274.89
29688.12 274.45
29689.33 274.22
29690.55 274.61
29691.76 275.81
29692.98 276.40
29694.18 275.70
29695.39 274.85
29696.60 275.43
29697.81 276.21
29699.02 275.61
29700.24 274.80
29701.44 274.40
29702.66 274.20
29703.87 274.60
29705.08 274.80
29706.28 275.40
29707.49 275.20
29708.70 275.10
29709.90 275.55
29711.11 275.78