0.0 100.0
1.21 77.3077461829
2.41 55.1127608909
3.61 39.4593080263
4.81 29.1777559882
6.03 21.9428491385
7.24 16.9211374142
8.45 14.0565905589
9.64 10.8768735117
10.85 9.63720409021
12.06 9.02087127049
13.28 8.00532287435
14.48 6.80067236308
15.68 6.19834710744
16.88 5.19680627539
18.08 4.69953775039
19.29 4.44740159686
20.49 3.62095531587
21.7 3.20773217537
22.91 2.99761871411
24.12 2.89956576551
25.32 2.84353550917
26.53 2.47233506093
27.74 2.28323294579
28.95 2.53536909931
30.16 2.318251856
31.37 2.55638044544
32.57 2.67544474016
33.78 2.7314749965
34.98 2.76649390671
36.18 2.08012326656
37.38 2.08712704861
38.57 2.08712704861
39.77 1.74394172853
40.97 1.21865807536
42.18 1.30270345987
43.38 1.35172993416
44.57 1.02255217818
45.78 1.55483961339
46.98 1.82798711304
48.18 1.26068076761
49.38 0.97352570388
50.57 0.833450063034
51.77 0.413223140496
52.97 0.203109679227
54.17 0.0980529485923
55.39 0.0490264742961
56.59 0.0210113461269
57.79 0.00700378204232
58.99 0.0
60.2 1.0435635243
61.4 0.868468973246
62.61 0.784423588738
63.82 1.43577531867
65.03 1.76495307466
66.24 1.23266563945
67.45 0.60932903768
68.64 1.35172993416
69.85 1.72293038241
71.06 1.91203249755
72.27 2.0030816641
73.47 1.34472615212
74.67 0.672363076061
75.88 0.329177755988
77.08 0.161086986973
78.29 0.0770416024653
79.49 0.0350189102115
80.69 0.0140075640846
81.9 0.707381986273
83.11 0.350189102115
