0.0 100.0
1.2 77.9042166992
2.4 56.031834683
3.6 40.2052499302
4.8 30.2010611561
6.0 23.1080703714
7.2 17.8092711533
8.4 13.7671041608
9.6 12.0985758168
10.79 10.2136274784
11.99 9.27115330913
13.2 7.74923205808
14.4 6.64618821558
15.6 6.08768500419
16.8 5.46635018151
17.99 5.1521921251
19.2 4.29349343759
20.4 3.51857023178
21.61 3.48366378107
22.81 4.16084892488
24.01 4.49595085172
25.21 4.32141859816
26.42 3.53253281206
27.62 3.13459927395
28.83 3.28818765708
30.03 3.36498184865
31.23 3.05780508238
32.44 3.24629991622
33.65 2.64590896398
34.86 2.34571348785
36.07 2.19910639486
37.27 2.1223122033
38.48 1.73135995532
39.69 1.54286512147
40.9 1.7941915666
42.1 1.91985478917
43.31 1.98268640045
44.51 2.01061156102
45.73 1.68249092432
46.94 1.5149399609
48.15 1.78022898632
49.35 1.91287349902
50.56 1.9757051103
51.77 2.01061156102
52.97 2.03155543144
54.17 2.03853672159
55.38 2.03853672159
56.58 1.34738899749
57.78 0.649259983245
58.97 1.34738899749
60.16 1.69645350461
61.36 1.17285674393
62.58 1.60569673276
63.78 1.82909801731
64.99 1.58475286233
66.19 0.767941915666
67.4 1.06115610165
68.6 1.54984641162
69.8 0.753979335381
71.0 0.698129014242
72.19 0.328120636694
73.4 0.139625802848
74.6 0.0418877408545
75.8 0.0
76.99 1.01926836079
78.19 0.488690309969
79.4 0.216419994415
80.6 0.083775481709
81.8 0.0209438704273
83.0 0.684166433957
