0.0 100.0
1.21 79.2928591275
2.42 57.4742984162
3.62 41.7060294526
4.82 31.0433453737
6.03 23.6315643234
7.24 18.5329258127
8.44 15.2889691581
9.63 12.9688802445
10.84 10.4265073632
12.05 9.49569324812
13.26 8.34259516532
14.46 7.75909974993
15.67 7.12697971659
16.88 5.765490414
18.1 4.39010836343
19.3 3.70241733815
20.51 3.35509863851
21.71 3.18838566268
22.92 3.09808280078
24.13 4.09836065574
25.34 3.5565434843
26.54 3.28563489858
27.74 3.15365379272
28.94 2.38955265351
30.14 2.70213948319
31.34 2.50764101139
32.54 2.41733814949
33.75 2.36871353154
34.95 1.99360933593
36.16 1.11836621284
37.38 1.71575437622
38.59 2.0213948319
39.79 1.81994998611
41.0 1.72270075021
42.21 1.32675743262
43.42 1.8268963601
44.62 1.72270075021
45.83 0.979438732981
47.04 0.958599611003
48.24 0.597388163379
49.44 0.764101139205
50.64 1.5420950264
51.84 0.889135871075
53.05 1.25729369269
54.26 1.4378994165
55.46 0.840511253126
56.67 0.534870797444
57.88 0.736315643234
59.1 1.52820227841
60.3 0.882189497083
61.51 0.555709919422
62.71 1.4378994165
63.92 1.18782995276
65.13 1.75048624618
66.34 1.68796888024
67.54 2.00750208391
68.75 1.11836621284
69.95 0.680744651292
71.17 0.805779383162
72.38 0.520978049458
73.59 0.37510419561
74.79 0.305640455682
75.99 0.270908585718
77.19 0.604334537371
78.4 0.416782439567
79.61 0.673798277299
80.82 0.458460683523
82.03 0.0
83.24 0.118088357877
