0.0 0.0
1.21 34.726032215
2.41 59.1193641415
3.63 74.129563199
4.84 83.0414292748
6.04 88.1972286699
7.25 91.8337201941
8.47 93.6554828726
9.68 94.9145389323
10.89 95.8922416825
12.09 96.384609974
13.29 96.9824857565
14.5 97.2849405641
15.71 97.4326510516
16.92 97.1512977421
18.14 97.7210381937
19.35 98.0023915031
20.55 98.4947597946
21.77 98.7409439404
22.98 98.8605190969
24.19 98.5721319547
25.39 98.7831469368
26.61 98.8816205951
27.82 99.2895828937
29.03 99.1348385735
30.24 99.0645002462
31.47 99.0222972498
32.68 99.0082295843
33.88 98.9941619188
35.09 98.9941619188
36.29 98.9871280861
37.48 98.9871280861
38.68 99.3388197229
39.88 99.1629739045
41.09 99.4302595484
42.3 99.2051769009
43.52 99.0996694099
44.73 99.043398748
45.93 99.015263417
47.14 99.3528873883
48.35 99.1700077372
49.56 99.4302595484
50.77 99.2051769009
51.98 99.0996694099
53.2 99.043398748
54.4 99.3669550538
55.63 99.5287332067
56.84 99.25441373
58.04 99.4724625448
59.25 99.2333122318
60.47 99.4583948794
61.68 99.5779700359
62.9 99.6342406978
64.12 99.6623760287
65.33 99.3247520574
66.54 99.5076317085
67.75 99.2473798973
68.96 99.4654287121
70.17 99.5779700359
71.38 99.6342406978
72.6 99.6623760287
73.81 99.6764436942
75.02 99.6834775269
76.23 99.6905113596
77.43 99.3388197229
78.64 99.5146655413
79.85 99.5990715341
81.05 100.0
82.26 99.8452556798
83.47 99.7678835197
