0.0 0.0
1.2 34.0563086548
2.4 58.039624609
3.61 73.1595411887
4.81 82.4608967675
6.02 87.7997914494
7.23 91.1713590546
8.45 93.2012513034
9.65 95.2589502954
10.86 96.2877997914
12.08 96.4546402503
13.3 96.8856447689
14.51 97.4487313173
15.73 97.0316301703
16.94 97.525199861
18.15 97.7685088634
19.36 97.8866875217
20.57 98.6444212722
21.78 98.6791797011
23.0 99.0406673618
24.21 99.2214111922
25.42 98.9641988182
26.64 98.8321167883
27.86 98.7695516163
29.06 98.7417448731
30.26 98.7208898158
31.47 98.71393813
32.67 98.3663538408
33.88 98.5331942996
35.09 98.6235662148
36.3 99.0128606187
37.52 98.8599235315
38.74 98.7834549878
39.96 98.7417448731
41.17 98.3802572124
42.38 98.8877302746
43.59 99.1449426486
44.81 98.9294403893
46.03 99.1657977059
47.24 99.2839763643
48.45 98.9920055613
49.66 99.2005561349
50.87 99.645464025
52.08 99.5272853667
53.3 99.4647201946
54.5 99.0823774765
55.73 99.2422662496
56.94 98.9781021898
58.16 99.1866527633
59.37 99.2978797358
60.58 98.9989572471
61.8 99.2005561349
63.02 98.9572471324
64.22 98.8321167883
65.44 98.7695516163
66.65 98.7347931873
67.86 99.4160583942
69.06 99.0615224192
70.28 99.2353145638
71.49 99.3187347932
72.71 99.7080291971
73.92 99.902676399
75.13 100.0
76.34 99.7010775113
77.56 99.5481404241
78.78 99.4786235662
80.0 99.4369134515
81.2 99.4230100799
82.41 99.7566909976
83.62 99.2353145638
