0.0 0.0
1.19 25.3525039939
2.4 51.9205390012
3.61 69.0282697784
4.82 79.6624296728
6.02 86.0179204001
7.23 89.89372786
8.44 92.5262207404
9.65 94.5405292769
10.87 95.8880322289
12.08 96.5687295964
13.29 96.9021323887
14.49 97.0757796763
15.7 97.1591303744
16.91 97.2008057234
18.12 97.5689379732
19.33 98.0968257276
20.54 98.020420921
21.76 98.3260401473
22.98 98.8261443356
24.19 98.7289018546
25.41 98.680280614
26.61 98.652497048
27.81 98.6455511565
29.01 98.638605265
30.21 98.9789539487
31.41 98.8053066611
32.61 98.721955963
33.82 99.0206292978
35.03 98.8261443356
36.24 98.7289018546
37.46 98.680280614
38.66 99.0067375148
39.88 99.1664930194
41.09 99.2428978259
42.3 98.9372785997
43.5 99.1317635619
44.71 99.9235951934
45.92 99.6249218587
47.14 99.1317635619
48.36 98.8817114677
49.57 98.7566854206
50.78 99.0414669723
52.0 99.1803848024
53.21 99.2567896089
54.41 99.2915190665
55.61 100.0
56.82 99.6665972078
58.03 99.1456553449
59.24 98.8886573592
60.46 99.4582204626
61.66 99.0414669723
62.87 98.8400361186
64.08 99.4304368966
65.3 99.3748697645
66.5 99.35403209
67.7 99.340140307
68.91 98.9858998402
70.13 99.4998958116
71.34 99.4165451136
72.56 99.0206292978
73.77 99.5207334861
74.99 99.4234910051
76.21 99.3748697645
77.41 99.35403209
78.61 98.9928457317
79.82 99.1595471279
81.03 99.2428978259
82.24 99.6318677502
83.45 99.4790581371
