0.0 0.0
1.21 28.1835856131
2.42 54.0827662825
3.63 70.4971531732
4.85 80.099986113
6.06 86.2866268574
7.26 90.0708234967
8.47 92.3135675601
9.68 94.132759339
10.9 95.0354117484
12.1 95.4936814331
13.31 95.7158727954
14.52 96.1810859603
15.74 96.4102208027
16.96 97.5628384947
18.17 96.7573948063
19.39 97.0420774892
20.6 97.5350645744
21.81 97.4378558534
23.02 97.7294820164
24.23 97.882238578
25.44 97.9516733787
26.65 97.9933342591
27.85 98.0072212193
29.06 98.0211081794
30.27 98.0211081794
31.48 98.0280516595
32.68 98.0280516595
33.88 98.7223996667
35.08 98.7223996667
36.28 98.7223996667
37.48 98.3752256631
38.69 98.8959866685
39.91 98.8057214276
41.13 98.7640605471
42.33 98.3960561033
43.54 98.5626996251
44.76 98.2919039022
45.98 98.5071517845
47.19 98.271073462
48.4 98.1460908207
49.61 98.0905429801
50.82 98.0558255798
52.03 98.0419386196
53.24 98.0349951396
54.45 98.3821691432
55.66 98.5488126649
56.87 98.6390779058
58.09 98.3335647827
59.3 99.2223302319
60.5 99.6667129565
61.71 99.8889043188
62.93 100.0
64.14 99.3611998334
65.34 98.6946257464
66.55 98.7085127066
67.76 98.7154561866
68.98 98.3752256631
70.17 98.2016386613
71.39 98.1113734204
72.61 99.1112345508
73.82 98.9168171087
75.03 99.5139563949
76.24 99.8125260381
77.45 99.618108596
78.66 99.5139563949
79.87 99.1181780308
81.08 99.618108596
82.29 99.8611303986
83.5 99.2917650326
