0.0 0.0
1.21 28.9977046672
2.42 54.2741879391
3.63 70.7379842804
4.84 80.3575154761
6.06 86.5618696529
7.27 90.0118244418
8.48 93.1279126382
9.68 94.338179036
10.89 94.9433122348
12.12 95.9449120122
13.33 96.4387563469
14.53 96.6891562913
15.74 96.466578563
16.95 97.0508450998
18.16 97.3429783682
19.37 97.4890450024
20.58 97.5655560965
21.79 97.9481115671
23.0 98.1359115254
24.21 98.2332892815
25.42 98.2819781596
26.63 98.3098003756
27.84 98.6645336301
29.06 98.4976003339
30.27 98.4141336857
31.48 98.3724003617
32.68 98.3515336997
33.89 98.3445781456
35.11 98.3376225916
36.32 98.3306670376
37.51 98.3306670376
38.71 98.6784447381
39.92 98.5045558879
41.14 98.4210892398
42.35 98.3724003617
43.56 98.6993114002
44.78 98.5184669959
46.0 98.7688669403
47.21 98.5532447659
48.43 98.4419559018
49.63 98.3863114697
50.84 98.3584892537
52.06 98.3445781456
53.27 98.6854002921
54.48 98.5045558879
55.68 98.4210892398
56.9 98.7201780622
58.12 98.8732002504
59.34 98.9497113445
60.55 98.6436669681
61.76 98.4836892258
62.98 98.7549558322
64.19 99.5896223134
65.41 100.0
66.61 99.5131112193
67.82 98.9218891285
69.03 99.325311261
70.24 99.8678444738
71.45 99.4505112332
72.67 98.8871113584
73.87 98.608889198
75.09 98.4697781178
76.3 98.7480002782
77.51 98.8871113584
78.71 99.304444599
79.92 99.1653335188
81.13 99.0957779787
82.33 99.4087779092
83.54 99.5687556514
