11271.87 0.01
11272.99 1.00
11274.10 1.00
11275.21 0.50
11276.33 0.25
11277.45 0.13
11278.57 0.06
11279.68 1.53
11280.81 2.77
11281.94 2.38
11283.06 1.19
11284.19 2.60
11285.31 2.30
11286.43 1.15
11287.56 0.57
11288.68 1.29
11289.80 2.64
11290.92 1.82
11292.05 0.91
11293.16 0.96
11294.29 1.48
11295.42 0.74
11296.54 0.37
11297.66 0.18
11298.78 0.09
11299.89 0.05
11301.00 0.02
11302.10 0.01
11303.21 0.01
11304.32 0.00
11305.43 0.50
11306.54 0.25
11307.66 0.13
11308.79 0.56
11309.91 1.28
11311.03 0.64
11312.14 0.32
11313.26 1.66
11314.38 0.83
11315.52 0.92
11316.64 0.96
11317.76 0.48
11318.88 0.24
11320.00 0.12
11321.11 0.06
11322.22 0.03
11323.34 0.01
11324.45 0.01
11325.56 0.00
11326.66 0.00
11327.77 1.50
11328.89 0.75
11330.01 0.38
11331.13 0.19
11332.25 2.09
11333.37 1.05
11334.49 0.52
11335.61 0.26
11336.73 0.13
11337.85 1.57
11338.98 2.28
11340.10 1.14
11341.22 0.57
11342.34 0.29
11343.47 1.64
11344.59 0.82
11345.71 0.41
11346.83 0.21
11347.96 0.10
11349.06 0.05
11350.17 0.03
11351.28 0.01
11352.39 0.01
11353.51 0.00
11354.61 0.00
11355.72 1.50
11356.84 1.25
11357.97 0.63
11359.09 1.81
11360.21 0.91
11361.33 0.95
11362.45 0.98
11363.57 0.49
11364.69 0.24
11365.81 0.12
11366.93 0.06
11368.04 0.03
11369.15 0.52
11370.28 0.76
11371.40 1.88
11372.54 2.44
11373.66 1.22
11374.79 1.61
11375.91 1.80
11377.04 1.40
11378.15 0.70
11379.27 1.85
11380.40 1.43
11381.53 0.71
11382.65 1.36
11383.78 0.68
11384.90 0.34
11386.01 0.67
11387.13 1.83
11388.26 0.92
11389.38 1.96
11390.51 0.98
11391.62 0.49
11392.74 0.24
11393.86 0.12
11394.99 1.56
11396.12 1.28
11397.24 0.64
11398.36 1.82
11399.49 1.41
11400.62 0.71
11401.75 1.35
11402.88 1.68
11404.00 0.84
11405.11 1.92
11406.24 1.46
11407.36 0.73
11408.48 0.36
11409.60 0.68
11410.72 1.84
11411.85 0.92
11412.97 0.46
11414.09 0.73
11415.21 1.37
11416.34 0.68
11417.47 0.84
11418.58 0.42
11419.70 0.21
11420.82 1.61
11421.96 1.30
11423.08 0.65
11424.19 0.33
11425.32 0.66
11426.44 0.33
11427.56 0.17
11428.68 0.08
11429.79 0.04
11430.92 1.02
11432.03 0.51
11433.15 1.26
11434.28 0.63
11435.40 0.31
11436.52 1.66
11437.65 2.33
11438.78 1.16
11439.91 2.08
11441.02 1.04
11442.14 1.02
11443.26 1.01
11444.38 2.51
11445.52 1.75
11446.64 0.88
11447.76 0.44
11448.88 0.72
11450.00 0.36
11451.11 0.18
11452.24 0.59
11453.36 0.29
11454.48 0.65
11455.60 1.82
11456.72 1.41
11457.85 1.71
11458.98 0.85
11460.10 0.93
11461.22 0.46
11462.34 1.23
11463.46 0.62
11464.59 0.81
11465.71 1.40
11466.82 0.70
11467.94 1.35
11469.06 0.68
11470.18 0.84
11471.30 1.42
11472.42 1.71
11473.56 1.85
11474.68 0.93
11475.80 1.96
11476.92 2.48
11478.05 1.74
11479.17 0.87
11480.29 0.94
11481.41 0.47
11482.53 0.73
11483.66 0.37
11484.78 0.68
11485.90 1.34
11487.02 1.17
11488.14 1.59
11489.28 1.29
11490.40 1.65
11491.53 0.82
11492.65 0.41
11493.77 0.21
11494.89 0.10
11496.00 0.55
11497.11 0.28
11498.24 1.14
11499.36 1.07
11500.48 2.03
11501.60 1.02
11502.72 1.51
11503.84 0.75
11504.96 0.38
11506.08 1.69
11507.20 2.34
11508.33 1.67
11509.46 0.84
11510.58 0.92
11511.70 0.46
11512.82 1.23
11513.94 0.61
11515.07 1.31
11516.19 0.65
11517.32 1.33
11518.45 0.66
11519.57 0.83
11520.69 0.42
11521.81 1.21
11522.94 1.60
11524.06 1.80
11525.17 1.40
11526.29 0.70
11527.40 1.85
11528.53 1.93
11529.66 0.96
11530.78 0.48
11531.90 0.24
11533.01 0.12
11534.12 0.06
11535.24 0.53
11536.36 0.27
11537.48 0.13
11538.60 0.07
11539.70 0.03
11540.81 1.02
11541.94 0.51
11543.06 1.75
11544.18 0.88
11545.30 0.44
11546.41 0.22
11547.53 1.11
11548.66 0.55
11549.78 0.28
11550.90 0.14
11552.01 0.07
11553.11 0.03
11554.22 0.02
11555.34 1.01
11556.47 1.50
11557.58 1.75
11558.71 1.88
11559.84 0.94
11560.97 1.97
11562.09 2.48
11563.21 2.24
11564.34 1.12
11565.46 0.56
11566.59 1.78
11567.72 1.39
11568.84 0.70
11569.96 0.85
11571.08 0.42
11572.19 0.21
11573.31 0.11
11574.43 0.05
11575.54 0.03
11576.66 1.01
11577.78 0.51
11578.90 0.25
11580.02 1.13
11581.15 1.06
11582.27 0.53
11583.40 1.27
11584.53 1.63
11585.66 2.32
11586.78 1.16
11587.92 1.58
11589.04 0.79
11590.15 0.39
11591.28 1.20
11592.40 2.10
11593.52 1.05
11594.64 0.52
11595.76 0.26
11596.88 0.13
11598.00 1.07
11599.11 0.53
11600.23 0.27
11601.35 0.13
11602.48 1.07
11603.60 2.03
11604.72 1.02
11605.84 0.51
11606.96 1.75
11608.09 2.38
11609.21 1.19
11610.34 0.59
11611.46 0.30
11612.58 0.65
11613.70 0.82
11614.82 0.41
11615.94 1.71
11617.06 0.85
11618.18 1.43
11619.30 1.71
11620.43 1.86
11621.56 1.93
11622.68 0.96
11623.80 0.48
11624.91 0.24
11626.04 0.62
11627.16 0.81
11628.28 0.41
11629.40 0.20
11630.52 0.60
11631.63 0.30
11632.74 0.15
11633.87 1.08
11635.00 2.04
11636.11 2.02
11637.24 2.01
11638.36 1.50
11639.48 2.25
11640.61 1.13
11641.74 0.56
11642.86 0.28
11643.98 0.64
11645.10 1.32
11646.23 2.16
11647.35 1.08
11648.47 0.54
11649.59 0.27
11650.72 0.64
11651.84 1.82
11652.97 0.91
11654.09 0.45
11655.20 0.73
11656.32 0.36
11657.44 0.18
11658.56 1.09
11659.68 1.05
11660.80 0.52
11661.92 1.26
11663.04 1.13
11664.16 1.57
11665.29 0.78
11666.41 0.39
11667.53 1.20
11668.66 0.60
11669.78 0.30
11670.89 0.15
11672.01 1.07
11673.13 2.04
11674.26 1.02
11675.38 2.51
11676.51 1.25
11677.64 0.63
11678.76 0.31
11679.88 0.16
11681.00 0.08
11682.10 0.54
11683.22 0.27
11684.34 1.63
11685.46 0.82
11686.59 0.91
11687.70 0.45
11688.82 0.23
11689.94 1.11
11691.06 0.56
11692.18 0.28
11693.30 0.14
11694.42 0.07
11695.53 1.03
11696.66 0.52
11697.78 1.76
11698.91 2.38
11700.04 2.19
11701.16 2.09
11702.28 1.55
11703.40 1.77
11704.52 1.39
11705.65 1.69
11706.78 0.85
11707.90 0.42
11709.01 0.21
11710.12 1.11
11711.26 0.55
11712.38 1.28
11713.51 0.64
11714.64 0.82
11715.76 1.91
11716.88 0.95
11718.00 0.48
11719.11 1.24
11720.24 1.62
11721.36 0.81
11722.48 1.40
11723.60 0.70
11724.72 1.35
11725.84 0.68
11726.95 0.34
11728.07 0.17
11729.19 1.08
11730.30 0.54
11731.42 1.77
11732.54 0.89
11733.66 0.44
11734.79 1.72
11735.91 0.86
11737.03 0.43
11738.14 0.22
11739.26 0.11
11740.39 1.05
11741.52 2.03
11742.64 1.01
11743.76 2.01
11744.89 1.00
11746.00 1.00
11747.11 1.50
11748.23 0.75
11749.36 1.88
11750.48 0.94
11751.60 1.47
11752.72 0.73
11753.84 1.37
11754.97 0.68
11756.09 0.84
11757.20 1.42
11758.32 0.71
11759.44 1.36
11760.57 0.68
11761.69 0.34
11762.81 1.67
11763.94 0.83
11765.06 1.42
11766.18 0.71
11767.31 1.35
11768.43 0.68
11769.56 1.34
11770.68 0.67
11771.80 0.33
11772.92 1.17
11774.04 0.58
11775.16 1.29
11776.28 1.15
11777.41 0.57
11778.53 0.29
11779.65 0.14
11780.77 1.07
11781.89 1.04
11783.01 0.52
11784.12 0.26
11785.24 1.63
11786.37 0.81
11787.49 0.41
11788.61 0.20
11789.72 1.10
11790.85 0.55
11791.97 0.28
11793.09 0.64
11794.21 0.32
11795.33 1.16
11796.46 0.58
11797.58 0.29
11798.70 0.14
11799.81 0.57
11800.94 0.79
11802.06 1.89
11803.18 0.95
11804.30 1.97
11805.42 0.99
11806.54 0.49
11807.66 1.75
11808.78 0.87
11809.90 0.44
11811.01 1.22
11812.14 0.61
11813.26 0.30
11814.38 1.65
11815.52 1.83
11816.64 0.91
11817.76 0.46
11818.88 1.23
11820.01 0.61
11821.13 0.31
11822.25 1.65
11823.38 1.83
11824.51 0.91
11825.63 0.46
11826.76 0.73
11827.88 0.86
11829.00 0.43
11830.12 1.72
11831.25 0.86
11832.37 0.43
11833.50 1.71
11834.62 0.86
11835.74 1.93
11836.87 1.46
11838.00 1.73
11839.11 0.87
11840.24 1.93
11841.36 0.97
11842.48 1.98
11843.60 1.49
11844.71 0.75
11845.84 0.87
11846.95 0.44
11848.07 0.22
11849.19 1.61
11850.31 0.80
11851.42 0.40
11852.54 1.70
11853.66 0.85
11854.78 1.93
11855.90 0.96
11857.02 0.98
11858.13 0.49
11859.25 0.25
11860.37 0.62
11861.51 1.81
11862.63 0.91
11863.76 1.95
11864.88 0.98
11866.00 0.49
11867.10 0.24
11868.22 1.12
11869.34 0.56
11870.47 1.28
11871.59 0.64
11872.72 0.82
11873.84 1.91
11874.97 0.96
11876.09 0.48
11877.20 0.24
11878.32 1.62
11879.44 0.81
11880.55 0.40
11881.67 1.20
11882.78 0.60
11883.90 0.30
11885.01 1.15
11886.14 1.08
11887.26 0.54
11888.38 0.27
11889.52 1.63
11890.64 0.82
11891.76 1.41
11892.89 1.70
11894.01 1.35
11895.13 0.68
11896.25 0.34
11897.37 0.17
11898.50 1.58
11899.61 0.79
11900.73 0.40
11901.85 1.20
11902.97 0.60
11904.08 0.80
11905.20 1.40
11906.31 0.70
11907.44 1.35
11908.56 0.67
11909.68 1.34
11910.81 0.67
11911.93 1.33
11913.06 2.17
11914.18 1.08
11915.31 1.54
11916.44 1.27
11917.56 0.64
11918.68 0.82
11919.80 0.41
11920.91 0.20
11922.03 1.10
11923.14 0.55
11924.27 1.78
11925.39 0.89
11926.52 0.94
11927.63 0.47
11928.75 0.24
11929.87 0.12
11930.99 0.06
11932.10 0.03
11933.21 1.51
11934.35 1.26
11935.47 0.63
11936.60 0.81
11937.71 0.41
11938.84 1.70
11939.95 0.85
11941.07 0.43
11942.19 1.71
11943.32 1.86
11944.44 0.93
11945.56 0.96
11946.68 0.48
11947.80 0.24
11948.92 1.12
11950.05 1.06
11951.17 0.53
11952.29 1.77
11953.42 0.88
11954.54 0.94
11955.66 0.47
11956.78 0.24
11957.90 0.12
11959.01 1.06
11960.13 0.53
11961.25 1.26
11962.38 2.13
11963.51 1.07
11964.63 0.53
11965.75 0.27
11966.87 0.13
11967.99 0.07
11969.11 1.03
11970.23 0.52
11971.35 0.26
11972.48 1.63
11973.60 0.81
11974.72 0.91
11975.84 0.95
11976.96 0.48
11978.08 0.24
11979.20 0.62
11980.31 0.31
11981.44 1.65
11982.56 0.83
11983.68 1.91
11984.81 0.96
11985.93 1.48
11987.05 1.74
11988.17 0.87
11989.29 1.93
11990.42 0.97
11991.54 0.48
11992.66 0.24
11993.78 0.12
11994.90 1.56
11996.02 0.78
11997.13 0.39
11998.25 0.20
11999.37 0.10
12000.50 1.55
12001.62 0.77
12002.74 0.39
12003.87 1.19
12004.99 0.60
12006.10 0.30
12007.22 1.65
12008.34 0.82
12009.47 1.91
12010.59 0.96
12011.72 0.98
12012.83 0.49
12013.95 0.24
12015.08 0.62
12016.20 0.81
12017.32 0.91
12018.44 1.45
12019.57 1.23
12020.70 0.61
12021.82 0.31
12022.94 1.65
12024.06 0.83
12025.18 0.41
12026.30 0.71
12027.42 0.35
12028.54 0.18
12029.66 1.59
12030.78 0.79
12031.90 0.40
12033.02 1.20
12034.14 1.10
12035.27 2.05
12036.39 1.52
12037.52 2.26
12038.64 1.13
12039.77 1.57
12040.90 1.78
12042.02 1.89
12043.14 0.95
12044.26 1.97
12045.38 0.99
12046.51 0.99
12047.64 1.00
12048.75 0.50
12049.86 0.25
12050.98 0.12
12052.10 0.06
12053.21 0.03
12054.32 1.52
12055.46 0.76
12056.58 0.38
12057.70 0.19
12058.81 0.59
12059.93 0.30
12061.04 1.15
12062.16 1.57
12063.29 0.79
12064.41 0.89
12065.53 0.95
12066.65 0.47
12067.77 1.24
12068.90 0.62
12070.01 0.31
12071.13 1.65
12072.26 2.33
12073.38 1.16
12074.52 2.08
12075.63 1.04
12076.75 0.52
12077.88 1.26
12079.00 0.63
12080.12 1.32
12081.25 1.66
12082.38 0.83
12083.50 0.41
12084.62 0.71
12085.74 0.35
12086.86 0.18
12087.98 0.09
12089.10 1.04
12090.22 0.52
12091.34 0.26
12092.46 1.63
12093.58 0.82
12094.70 0.41
12095.82 1.20
12096.94 0.60
12098.05 0.30
12099.15 0.15
12100.27 0.08
12101.39 0.54
12102.52 0.77
12103.64 0.38
12104.76 1.19
12105.89 1.60
12107.01 1.30
12108.13 0.65
12109.25 0.32
12110.37 1.16
12111.50 0.58
12112.62 0.79
12113.74 0.40
12114.86 1.20
12115.98 0.60
12117.09 0.30
12118.20 0.15
12119.32 0.57
12120.44 1.79
12121.57 0.89
12122.69 1.45
12123.82 0.72
12124.94 0.86
12126.06 0.43
12127.17 1.22
12128.30 0.61
12129.43 0.80
12130.54 0.40
12131.66 1.20
12132.78 0.60
12133.89 0.80
12135.00 0.40
12136.10 0.20
12137.22 1.10
12138.34 0.55
12139.47 1.78
12140.60 0.89
12141.72 1.94
12142.84 0.97
12143.96 1.49
12145.09 0.74
12146.20 0.37
12147.32 0.69
12148.44 0.34
12149.56 0.17
12150.68 0.09
12151.80 1.54
12152.91 0.77
12154.04 0.89
12155.15 0.44
12156.27 0.22
12157.39 0.11
12158.51 0.06
12159.63 1.03
12160.75 0.51
12161.87 0.26
12163.00 1.13
12164.11 0.56
12165.22 0.28
12166.34 0.14
12167.46 0.07
12168.58 0.04
12169.69 0.02
12170.80 1.01
12171.92 1.50
12173.04 0.75
12174.16 1.38
12175.28 0.69
12176.40 0.84
12177.52 0.92
12178.63 0.46
12179.76 0.73
12180.88 0.87
12182.00 0.43
12183.11 1.72
12184.24 0.86
12185.36 0.93
12186.49 0.96
12187.60 0.98
12188.71 0.49
12189.83 0.25
12190.95 0.12
12192.07 0.06
12193.18 0.03
12194.29 0.52
12195.42 1.76
12196.54 0.88
12197.67 1.44
12198.79 0.72
12199.91 0.36
12201.04 0.68
12202.15 0.34
12203.28 1.17
12204.40 0.58
12205.52 1.29
12206.64 0.65
12207.76 1.32
12208.89 1.66
12210.02 0.83
12211.13 0.42
12212.25 1.71
12213.38 0.85
12214.50 1.93
12215.62 0.96
12216.74 0.48
12217.86 0.24
12218.98 0.12
12220.11 1.56
12221.24 0.78
12222.36 1.39
12223.50 0.70
12224.61 0.85
12225.73 0.42
12226.85 0.21
12227.97 0.11
12229.09 1.05
12230.21 0.53
12231.34 1.76
12232.46 0.88
12233.58 0.44
12234.71 1.22
12235.83 0.61
12236.95 0.31
12238.07 0.15
12239.19 1.58
12240.31 0.79
12241.43 0.39
12242.56 1.20
12243.68 0.60
12244.80 1.80
12245.91 0.90
12247.03 1.45
12248.14 0.72
12249.27 1.86
12250.39 0.93
12251.52 0.97
12252.64 0.48
12253.76 1.24
12254.89 0.62
12256.01 0.31
12257.13 0.16
12258.25 0.08
12259.36 1.54
12260.50 0.77
12261.62 1.38
12262.74 0.69
12263.86 0.35
12264.99 1.67
12266.12 1.34
12267.25 1.67
12268.38 0.83
12269.50 0.42
12270.62 1.21
12271.74 0.60
12272.86 0.80
12273.97 1.40
12275.09 0.70
12276.20 0.85
12277.32 1.43
12278.46 2.21
12279.58 1.11
12280.71 0.55
12281.83 0.28
12282.95 0.14
12284.08 0.57
12285.20 0.78
12286.31 0.39
12287.44 1.20
12288.56 0.60
12289.67 0.30
12290.79 1.15
12291.91 0.57
12293.03 0.29
12294.15 1.14
12295.27 0.57
12296.40 0.79
12297.52 0.89
12298.63 0.45
12299.75 0.22
12300.88 1.61
12302.00 1.31
12303.12 0.65
12304.24 1.33
12305.37 0.66
12306.50 0.83
12307.62 1.42
12308.74 0.71
12309.87 1.35
12310.99 0.68
12312.11 0.34
12313.23 0.17
12314.36 0.58
12315.49 1.79
12316.62 0.90
12317.74 0.95
12318.86 0.97
12319.98 0.49
12321.10 0.74
12322.22 0.37
12323.34 0.19
12324.46 0.59
12325.58 0.30
12326.69 0.15
12327.81 0.07
12328.92 1.04
12330.04 0.52
12331.16 1.76
12332.28 0.88
12333.40 0.44
12334.52 1.22
12335.64 0.61
12336.76 0.30
12337.87 0.15
12338.99 0.08
12340.10 0.04
12341.21 1.02
12342.34 1.51
12343.46 0.75
12344.58 0.38
12345.70 0.19
12346.82 0.09
12347.93 1.05
12349.05 0.52
12350.16 0.26
12351.28 1.13
12352.41 1.57
12353.54 0.78
12354.66 1.89
12355.78 0.95
12356.90 0.47
12358.02 1.24
12359.14 0.62
12360.26 1.81
12361.38 0.90
12362.50 1.45
12363.62 1.23
12364.74 0.61
12365.87 0.81
12366.98 0.40
12368.10 0.20
12369.21 1.60
12370.33 0.80
12371.44 1.90
12372.56 1.45
12373.69 1.23
12374.82 0.61
12375.94 0.31
12377.06 0.15
12378.17 0.08
12379.28 1.04
12380.40 0.52
12381.52 1.76
12382.64 0.88
12383.76 0.44
12384.88 1.22
12386.01 0.61
12387.13 0.80
12388.25 0.40
12389.37 1.20
12390.49 0.60
12391.60 0.80
12392.70 0.40
12393.81 1.70
12394.93 1.85
12396.06 1.43
12397.18 1.71
12398.31 0.86
12399.43 0.43
12400.56 1.21
12401.68 0.61
12402.79 0.30
12403.90 0.15
12405.02 1.58
12406.14 0.79
12407.26 0.39
12408.38 1.70
12409.50 0.85
12410.62 0.42
12411.74 1.21
12412.86 0.61
12413.98 0.30
12415.10 0.15
12416.22 0.08
12417.33 0.04
12418.44 1.02
12419.56 1.01
12420.68 0.50
12421.79 0.25
12422.92 1.63
12424.04 0.81
12425.16 1.41
12426.29 0.70
12427.40 0.85
12428.51 0.43
12429.64 1.21
12430.76 1.61
12431.89 0.80
12433.00 0.90
12434.10 0.45
12435.22 1.23
12436.35 0.61
12437.48 0.31
12438.59 0.15
12439.71 0.08
12440.83 1.04
12441.94 0.52
12443.07 1.76
12444.18 0.88
12445.30 0.44
12446.42 0.22
12447.54 0.11
12448.66 0.05
12449.77 1.53
12450.90 0.76
12452.01 1.38
12453.13 0.69
12454.25 0.35
12455.37 0.17
12456.49 0.09
12457.61 0.54
12458.74 0.27
12459.86 1.64
12460.98 0.82
12462.10 0.41
12463.23 1.20
12464.36 2.10
12465.49 2.05
12466.61 1.03
12467.73 1.51
12468.86 0.76
12469.98 0.38
12471.10 1.19
12472.22 0.59
12473.35 0.80
12474.46 0.40
12475.58 0.20
12476.69 0.10
12477.80 1.05
12478.92 0.52
12480.04 0.26
12481.16 1.13
12482.28 0.57
12483.40 0.28
12484.51 0.14
12485.64 0.07
12486.74 0.04
12487.86 0.02
12488.97 1.01
12490.10 0.50
12491.21 1.25
12492.34 1.63
12493.48 2.31
12494.61 1.16
12495.74 0.58
12496.86 0.29
12497.98 0.14
12499.10 0.07
12500.21 0.04
12501.32 1.02
12502.45 2.01
12503.57 1.00
12504.68 0.50
12505.79 0.25
12506.91 0.13
12508.04 1.56
12509.15 0.78
12510.27 0.39
12511.39 0.20
12512.50 0.10
12513.61 0.55
12514.74 1.77
12515.86 0.89
12516.99 0.94
12518.11 0.97
12519.23 0.49
12520.35 0.24
12521.49 0.62
12522.61 1.81
12523.74 1.41
12524.86 0.70
12525.98 0.35
12527.10 1.68
12528.23 1.84
12529.36 2.42
12530.49 2.71
12531.62 1.35
12532.74 0.68
12533.86 0.34
12534.98 0.17
12536.10 0.58
12537.22 0.29
12538.34 0.15
12539.46 0.07
12540.57 1.04
12541.70 1.52
12542.82 2.26
12543.95 2.63
12545.07 2.81
12546.19 1.41
12547.32 0.70
12548.43 0.35
12549.55 0.18
12550.67 0.09
12551.79 1.04
12552.91 1.52
12554.04 2.26
12555.16 2.63
12556.29 1.32
12557.42 0.66
12558.54 0.33
12559.66 0.16
12560.78 0.08
12561.89 0.04
12563.00 1.52
12564.12 2.26
12565.25 2.13
12566.38 1.07
12567.50 1.53
12568.62 1.77
12569.75 1.88
12570.88 1.94
12572.00 0.97
12573.10 0.49
12574.22 0.24
12575.34 1.12
12576.47 0.56
12577.59 0.78
12578.71 1.39
12579.84 0.70
12580.95 0.35
12582.07 0.17
12583.19 0.59
12584.31 0.29
12585.43 0.15
12586.55 0.07
12587.67 1.54
12588.80 2.27
12589.92 1.13
12591.05 0.57
12592.16 0.28
12593.28 0.14
12594.40 0.07
12595.50 0.04
12596.61 0.02
12597.72 0.01
12598.83 0.00
12599.94 0.00
12601.04 1.00
12602.15 0.50
12603.26 0.25
12604.38 0.13
12605.50 0.06
12606.61 0.53
12607.74 0.27
12608.86 0.13
12609.98 0.07
12611.09 0.03
12612.19 0.02
12613.30 0.01
12614.41 0.50
12615.53 1.25
12616.66 1.13
12617.79 2.06
12618.90 2.53
12620.02 1.27
12621.14 0.63
12622.26 0.32
12623.38 0.16
12624.50 0.08
12625.61 0.04
12626.72 0.02
12627.83 0.01
12628.95 0.50
12630.07 1.75
12631.19 1.88
12632.32 1.44
12633.44 1.72
12634.57 1.86
12635.70 0.93
12636.82 0.46
12637.94 0.23
12639.06 0.12
12640.18 0.06
12641.29 0.03
12642.40 1.01
12643.52 2.01
12644.64 1.00
12645.75 0.50
12646.86 0.25
12647.99 1.63
12649.12 2.31
12650.25 2.66
12651.38 2.33
12652.51 1.66
12653.63 0.83
12654.75 0.42
12655.87 0.21
12657.00 1.10
12658.12 2.05
12659.24 1.03
12660.36 0.51
12661.48 0.26
12662.61 0.13
12663.73 0.06
12664.84 0.03
12665.94 0.02
12667.06 1.51
12668.18 0.75
12669.30 0.38
12670.42 0.19
12671.54 0.59
12672.66 0.80
12673.78 0.40
12674.89 0.20
12676.00 0.60
12677.11 0.30
12678.22 0.15
12679.34 0.07
12680.46 0.04
12681.57 0.02
12682.68 1.01
12683.81 2.00
12684.93 2.50
12686.05 1.25
12687.17 2.13
12688.31 2.06
12689.43 1.03
12690.55 0.52
12691.67 0.26
12692.79 0.13
12693.91 0.06
12695.03 1.03
12696.14 0.52
12697.27 1.76
12698.40 1.38
12699.51 0.69
12700.63 0.34
12701.75 0.17
12702.88 1.59
12704.00 0.79
12705.10 0.40
12706.22 0.20
12707.33 0.10
12708.45 0.05
12709.56 1.02
12710.69 1.51
12711.82 0.76
12712.94 0.38
12714.06 0.19
12715.17 0.59
12716.29 0.30
12717.41 1.65
12718.54 2.32
12719.66 1.16
12720.79 0.58
12721.91 0.29
12723.03 0.15
12724.15 0.07
12725.27 1.54
12726.39 0.77
12727.52 1.88
12728.64 1.44
12729.77 0.72
12730.89 0.36
12732.01 0.18
12733.12 1.59
12734.25 0.80
12735.37 0.40
12736.49 1.70
12737.61 0.85
12738.73 0.92
12739.85 0.46
12740.97 1.23
12742.10 0.62
12743.22 0.81
12744.35 1.40
12745.47 0.70
12746.58 0.85
12747.70 0.43
12748.82 1.21
12749.94 0.61
12751.06 0.30
12752.18 0.15
12753.30 1.08
12754.42 0.54
12755.54 0.27
12756.66 0.13
12757.78 0.57
12758.91 0.78
12760.03 1.89
12761.14 0.95
12762.27 0.97
12763.38 0.49
12764.51 0.74
12765.64 0.87
12766.75 0.44
12767.87 0.22
12769.00 0.61
12770.12 1.80
12771.24 0.90
12772.36 0.45
12773.48 0.23
12774.60 0.61
12775.72 0.81
12776.85 0.40
12777.96 1.20
12779.08 0.60
12780.19 0.30
12781.30 0.15
12782.42 0.08
12783.54 0.04
12784.65 0.02
12785.75 0.01
12786.86 0.00
12787.97 1.00
12789.09 0.50
12790.20 1.25
12791.33 1.63
12792.47 0.81
12793.59 0.41
12794.72 0.70
12795.83 0.35
12796.95 0.18
12798.07 0.09
12799.18 1.04
12800.31 1.02
12801.42 0.51
12802.55 0.76
12803.67 0.88
12804.79 1.44
12805.91 0.72
12807.03 0.36
12808.15 0.68
12809.26 0.34
12810.38 0.17
12811.50 0.08
12812.61 0.04
12813.72 0.52
12814.84 1.26
12815.97 0.63
12817.09 0.32
12818.20 0.16
12819.32 0.58
12820.43 0.29
12821.55 0.14
12822.67 0.07
12823.79 1.54
12824.91 1.77
12826.04 0.88
12827.16 0.94
12828.27 0.47
12829.39 0.24
12830.52 1.12
12831.64 1.06
12832.76 0.53
12833.88 1.26
12835.00 1.63
12836.11 0.82
12837.24 0.91
12838.35 0.45
12839.48 0.73
12840.60 1.36
12841.72 0.68
12842.84 1.34
12843.96 1.67
12845.09 1.84
12846.21 0.92
12847.33 0.96
12848.45 0.48
12849.57 0.24
12850.69 0.12
12851.81 1.56
12852.94 0.78
12854.06 0.89
12855.17 0.44
12856.29 0.22
12857.41 0.11
12858.53 0.06
12859.64 0.53
12860.77 0.76
12861.89 1.38
12863.01 1.69
12864.13 0.85
12865.25 1.92
12866.38 1.46
12867.50 0.73
12868.62 0.37
12869.74 0.68
12870.86 0.34
12871.98 0.67
12873.10 0.84
12874.22 0.42
12875.34 0.21
12876.47 1.10
12877.59 0.55
12878.71 0.28
12879.83 0.14
12880.96 1.07
12882.07 0.53
12883.18 0.27
12884.30 0.13
12885.42 0.57
12886.54 1.28
12887.67 1.14
12888.80 1.07
12889.91 0.54
12891.03 0.27
12892.15 0.13
12893.26 0.07
12894.38 1.53
12895.50 0.77
12896.62 0.38
12897.74 0.69
12898.86 0.85
12899.98 0.42
12901.10 0.21
12902.21 0.11
12903.33 1.05
12904.46 0.53
12905.57 1.26
12906.70 2.13
12907.82 2.57
12908.95 1.78
12910.07 0.89
12911.19 0.95
12912.31 1.47
12913.43 1.74
12914.56 1.87
12915.69 2.43
12916.82 1.22
12917.95 2.11
12919.07 1.05
12920.19 1.03
12921.30 0.51
12922.42 0.26
12923.54 1.63
12924.66 0.81
12925.79 0.91
12926.91 2.45
12928.03 1.23
12929.16 2.11
12930.29 2.06
12931.41 1.53
12932.54 2.26
12933.66 1.13
12934.80 2.07
12935.91 1.03
12937.04 2.02
12938.15 1.01
12939.28 1.50
12940.38 0.75
12941.51 1.38
12942.64 2.19
12943.76 2.59
12944.89 2.30
12946.01 1.15
12947.13 0.57
12948.25 0.29
12949.37 0.14
12950.49 1.57
12951.62 1.79
12952.75 1.89
12953.87 0.95
12954.99 0.47
12956.12 0.74
12957.24 0.37
12958.36 0.18
12959.48 0.59
12960.60 1.30
12961.72 1.15
12962.85 0.57
12963.97 0.29
12965.09 0.14
12966.20 0.07
12967.30 0.04
12968.41 125.02
12969.62 198.51
12970.83 243.25
12972.04 272.13
12973.25 287.56
12974.47 297.78
12975.68 303.39
12976.88 307.70
12978.08 310.35
12979.28 312.17
12980.49 310.59
12981.70 314.79
12982.90 315.90
12984.10 314.45
12985.31 314.72
12986.52 316.86
12987.73 315.93
12988.94 315.97
12990.15 316.48
12991.36 319.24
12992.56 321.62
12993.77 322.31
12994.98 322.66
12996.19 321.33
12997.40 322.16
12998.61 322.58
12999.83 323.29
13001.04 323.65
13002.24 323.32
13003.46 323.16
13004.67 322.58
13005.88 323.79
13007.08 323.90
13008.28 322.95
13009.49 322.97
13010.70 323.99
13011.90 323.49
13013.10 324.75
13014.31 324.87
13015.52 324.44
13016.72 323.72
13017.93 324.86
13019.14 325.93
13020.36 324.96
13021.56 324.98
13022.77 324.99
13023.98 326.00
13025.18 325.00
13026.38 324.50
13027.60 324.75
13028.80 324.87
13030.00 323.94
13031.20 324.97
13032.40 326.48
13033.62 327.24
13034.83 326.62
13036.04 327.81
13037.24 326.91
13038.47 326.95
13039.68 325.98
13040.88 325.99
13042.08 326.99
13043.28 328.00
13044.48 328.00
13045.68 328.50
13046.88 326.75
13048.09 325.87
13049.29 324.44
13050.50 324.22
13051.71 325.61
13052.93 325.80
13054.13 327.40
13055.34 328.20
13056.55 327.10
13057.75 327.05
13058.95 327.03
13060.16 326.01
13061.36 327.01
13062.57 327.50
13063.77 327.25
13064.98 327.13
13066.19 326.56
13067.40 327.28
13068.61 328.14
13069.82 327.57
13071.03 326.29
13072.24 326.14
13073.44 325.57
13074.66 325.79
13075.87 325.39
13077.08 323.70
13078.28 323.85
13079.48 323.92
13080.70 324.46
13081.90 325.23
13083.10 325.62
13084.31 324.31
13085.52 323.65
13086.73 323.83
13087.94 323.91
13089.15 324.96
13090.36 325.98
13091.56 326.49
13092.77 327.24
13093.98 327.12
13095.19 326.56
13096.40 324.28
13097.61 323.14
13098.82 323.57
13100.03 325.79
13101.24 325.89
13102.46 326.45
13103.67 326.22
13104.88 327.11
13106.08 326.56
13107.28 327.28
13108.49 328.14
13109.70 329.07
13110.90 329.53
13112.10 330.27
13113.31 330.13
13114.53 330.07
13115.74 329.03
13116.95 328.52
13118.16 329.76
13119.37 329.88
13120.59 329.94
13121.80 329.97
13123.00 330.48
13124.20 331.24
13125.40 332.12
13126.62 331.06
13127.83 331.53
13129.04 332.77
13130.24 332.88
13131.46 332.94
13132.67 333.47
13133.88 333.24
13135.08 333.62
13136.28 333.31
13137.49 333.65
13138.70 333.83
13139.90 332.41
13141.10 331.71
13142.31 331.35
13143.52 331.18
13144.73 331.09
13145.94 331.04
13147.14 331.02
13148.35 330.51
13149.56 330.26
13150.77 330.13
13151.98 330.06
13153.18 330.03
13154.39 330.02
13155.60 330.01
13156.80 331.50
13158.00 330.75
13159.20 331.38
13160.41 331.19
13161.64 331.09
13162.84 331.55
13164.04 332.27
13165.24 333.14
13166.46 332.07
13167.67 320.53
13168.87 240.77
13170.08 180.38
13171.28 138.19
13172.49 110.60
13173.69 90.80
13174.85 76.40
13176.01 66.20
13177.17 58.10
13178.33 51.55
13179.50 47.27
13180.66 44.14
13181.82 40.57
13182.99 36.28
13184.16 33.64
13185.33 31.82
13186.50 29.41
13187.66 27.21
13188.82 27.10
13189.98 26.55
13191.16 23.28
13192.33 21.64
13193.50 22.32
13194.66 19.66
13195.82 19.33
13196.99 18.66
13198.15 17.83
13199.32 15.92
13200.49 15.96
13201.65 16.48
13202.82 16.74
13203.98 15.37
13205.16 13.68
13206.32 13.84
13207.49 12.42
13208.66 12.71
13209.83 12.36
13210.99 12.68
13212.15 11.84
13213.32 10.42
13214.49 9.71
13215.62 9.85
13216.74 10.43
13217.92 9.21
13219.05 9.61
13220.17 8.30
13221.30 8.15
13222.42 9.58
13223.55 9.79
13224.68 7.89
13225.80 8.95
13226.92 8.47
13228.05 7.24
13229.17 8.62
13230.30 7.31
13231.43 6.15
13232.56 6.08
13233.67 7.04
13234.79 8.02
13235.92 7.51
13237.04 6.25
13238.16 5.63
13239.30 7.31
13240.42 8.16
13241.55 6.58
13242.68 6.29
13243.80 7.64
13244.92 7.32
13246.05 6.16
13247.17 7.08
13248.29 8.04
13249.41 7.02
13250.53 5.51
13251.66 5.76
13252.80 4.88
13253.92 4.44
13255.04 3.72
13256.16 4.36
13257.29 3.68
13258.42 2.84
13259.54 3.42
13260.68 3.21
13261.80 2.60
13262.92 2.30
13264.04 3.15
13265.16 2.58
13266.29 3.79
13267.42 3.89
13268.54 3.95
13269.67 4.47
13270.80 3.74
13271.92 2.87
13273.05 2.43
13274.17 3.72
13275.30 3.86
13276.42 4.43
13277.55 3.21
13278.68 2.61
13279.80 2.30
13280.92 2.15
13282.05 2.08
13283.17 4.04
13284.29 4.02
13285.41 4.01
13286.54 4.00
13287.66 5.00
13288.78 5.50
13289.90 5.75
13291.02 5.88
13292.14 5.94
13293.27 5.97
13294.40 5.98
13295.52 3.49
13296.65 3.25
13297.77 2.12
13298.90 1.56
13300.02 2.28
13301.14 3.64
13302.26 3.82
13303.39 3.91
13304.52 4.46
13305.65 4.73
13306.78 3.36
13307.91 4.18
13309.03 4.59
13310.15 4.80
13311.28 5.40
13312.40 5.20
13313.52 4.10
13314.65 2.55
13315.78 1.77
13316.91 1.89
13318.04 3.44
13319.16 3.22
13320.28 2.11
13321.41 2.56
13322.54 3.78
13323.67 4.39
13324.80 3.69
13325.92 2.35
13327.04 1.17
13328.16 1.59
13329.29 0.79
13330.41 0.40
13331.52 0.70
13332.64 0.85
13333.76 1.42
13334.89 3.21
13336.02 3.11
13337.14 1.55
13338.27 0.78
13339.40 1.89
13340.52 1.44
13341.64 0.72
13342.76 0.36
13343.88 0.18
13345.00 0.09
13346.10 1.55
13347.22 0.77
13348.34 0.39
13349.47 0.69
13350.59 2.35
13351.71 3.67
13352.84 3.84
13353.98 4.42
13355.10 3.71
13356.23 3.35
13357.36 4.18
13358.48 3.59
13359.61 1.79
13360.74 0.90
13361.85 0.45
13362.97 1.22
13364.10 2.61
13365.22 3.31
13366.36 3.15
13367.48 1.58
13368.60 124.29
13369.80 205.14
13371.00 252.07
13372.20 278.04
13373.40 293.02
13374.61 302.51
13375.83 309.25
13377.04 312.63
13378.24 314.81
13379.46 316.91
13380.67 319.45
13381.88 321.73
13383.08 321.86
13384.28 323.43
13385.49 324.72
13386.70 324.36
13387.91 324.68
13389.12 325.84
13390.32 327.42
13391.53 328.21
13392.74 327.60
13393.94 327.80
13395.14 328.90
13396.35 328.95
13397.56 329.48
13398.76 328.74
13399.97 328.87
13401.18 329.43
13402.39 331.22
13403.60 330.61
13404.81 331.80
13406.01 332.90
13407.21 331.45
13408.43 331.73
13409.65 331.36
13410.86 331.68
13412.07 332.34
13413.27 333.17
13414.48 332.59
13415.69 333.79
13416.90 334.40
13418.10 333.20
13419.30 332.60
13420.50 332.30
13421.71 332.15
13422.92 332.07
13424.12 332.04
13425.33 332.02
13426.54 333.51
13427.75 334.25
13428.96 334.63
13430.16 334.81
13431.37 334.91
13432.60 334.95
13433.80 334.98
13435.01 333.99
13436.22 333.99
13437.43 334.50
13438.64 333.75
13439.85 333.37
13441.06 333.19
13442.27 333.09
13443.47 334.05
13444.67 334.52
13445.88 334.76
13447.08 333.88
13448.28 333.44
13449.49 333.22
13450.70 333.11
13451.91 333.06
13453.12 333.03
13454.33 334.01
13455.54 334.01
13456.75 334.00
13457.95 335.00
13459.15 335.00
13460.35 334.50
13461.55 334.25
13462.76 333.63
13463.97 333.31
13465.18 333.16
13466.39 333.58
13467.60 334.29
13468.81 334.64
13470.02 333.82
13471.22 333.41
13472.43 334.21
13473.65 334.60
13474.85 334.80
13476.05 334.40
13477.25 335.20
13478.46 334.10
13479.67 333.55
13480.88 333.78
13482.08 334.39
13483.28 334.69
13484.49 334.85
13485.70 334.42
13486.91 333.71
13488.12 334.36
13489.33 334.18
13490.54 333.59
13491.75 333.29
13492.96 333.15
13494.17 333.57
13495.38 334.29
13496.60 334.14
13497.80 334.57
13499.00 334.79
13500.20 334.89
13501.40 335.45
13502.62 335.22
13503.83 335.11
13505.04 335.06
13506.24 335.03
13507.46 334.51
13508.67 334.76
13509.88 335.38
13511.08 334.19
13512.28 333.59
13513.49 334.80
13514.69 334.40
13515.90 334.70
13517.10 334.85
13518.31 334.92
13519.52 333.96
13520.72 333.48
13521.93 333.24
13523.14 333.62
13524.35 334.31
13525.56 335.16
13526.77 334.08
13527.97 334.04
13529.17 333.52
13530.38 333.26
13531.60 333.13
13532.80 333.06
13534.00 334.03
13535.20 334.52
13536.41 334.26
13537.64 334.13
13538.85 333.56
13540.06 333.28
13541.26 333.14
13542.47 333.07
13543.68 333.54
13544.88 334.27
13546.09 334.63
13547.29 334.82
13548.50 333.91
13549.71 334.45
13550.92 334.73
13552.13 334.36
13553.34 333.68
13554.55 333.84
13555.76 334.42
13556.96 334.71
13558.17 334.86
13559.38 335.43
13560.60 334.71
13561.80 334.36
13563.01 334.68
13564.21 334.84
13565.42 333.92
13566.64 334.46
13567.84 334.23
13569.05 259.61
13570.25 195.81
13571.46 149.90
13572.66 119.45
13573.86 97.23
13575.03 80.61
13576.20 69.31
13577.36 61.65
13578.53 54.33
13579.70 49.66
13580.86 45.33
13582.02 40.67
13583.18 38.33
13584.35 35.17
13585.53 32.08
13586.69 30.54
13587.86 29.77
13589.02 28.89
13590.18 26.94
13591.35 23.97
13592.52 22.49
13593.69 21.24
13594.86 21.62
13596.02 20.31
13597.18 20.66
13598.35 20.33
13599.52 19.66
13600.69 19.33
13601.86 18.67
13603.03 16.83
13604.18 15.92
13605.35 16.46
13606.52 14.73
13607.69 13.36
13608.86 13.68
13610.02 13.84
13611.18 13.92
13612.34 13.96
13613.50 13.48
13614.66 13.24
13615.84 13.12
13617.00 12.06
13618.16 10.03
13619.32 9.02
13620.46 8.51
13621.58 8.25
13622.71 8.63
13623.84 8.81
13624.97 9.91
13626.10 9.45
13627.22 9.73
13628.35 10.36
13629.52 9.68
13630.65 10.34
13631.82 10.17
13632.98 9.59
13634.12 7.29
13635.24 6.15
13636.37 6.57
13637.50 5.79
13638.62 5.39
13639.74 6.20
13640.86 7.60
13641.98 8.80
13643.10 8.90
13644.23 7.95
13645.36 7.47
13646.48 6.74
13647.61 6.37
13648.74 5.18
13649.87 4.59
13650.99 5.30
13652.11 6.65
13653.24 5.32
13654.37 4.16
13655.50 5.58
13656.62 5.79
13657.74 6.40
13658.87 6.70
13660.00 5.35
13661.12 4.17
13662.25 3.09
13663.37 3.04
13664.49 2.52
13665.62 4.26
13666.75 4.13
13667.87 5.57
13669.00 5.78
13670.11 5.89
13671.24 5.95
13672.37 5.47
13673.50 5.24
13674.62 4.62
13675.75 3.81
13676.88 3.40
13678.00 5.20
13679.10 5.60
13680.23 3.80
13681.35 4.90
13682.47 3.95
13683.60 2.48
13684.73 1.74
13685.85 1.87
13686.98 3.43
13688.11 5.22
13689.24 6.11
13690.37 6.55
13691.50 6.28
13692.62 4.14
13693.75 3.07
13694.87 3.53
13696.01 3.77
13697.12 4.88
13698.25 5.44
13699.38 5.72
13700.51 5.36
13701.64 4.18
13702.76 2.59
13703.89 2.80
13705.01 4.40
13706.13 3.20
13707.26 2.10
13708.38 3.05
13709.51 4.02
13710.62 4.51
13711.75 5.26
13712.88 5.13
13714.01 5.06
13715.13 3.03
13716.26 3.52
13717.39 4.76
13718.52 4.88
13719.64 5.44
13720.77 5.22
13721.90 5.11
13723.03 5.05
13724.14 5.53
13725.28 5.26
13726.40 4.13
13727.53 2.07
13728.65 1.03
13729.77 1.02
13730.89 1.51
13732.02 3.25
13733.14 4.13
13734.28 4.06
13735.40 4.03
13736.52 3.02
13737.64 3.51
13738.77 4.25
13739.90 4.63
13741.02 4.81
13742.14 4.91
13743.27 4.95
13744.40 4.98
13745.52 4.49
13746.65 3.74
13747.78 4.37
13748.90 4.69
13750.02 4.84
13751.14 4.92
13752.28 4.46
13753.40 3.23
13754.53 2.62
13755.66 1.81
13756.79 2.40
13757.90 1.20
13759.02 0.60
13760.13 0.30
13761.24 2.15
13762.37 3.58
13763.50 3.79
13764.62 4.39
13765.74 4.70
13766.87 3.35
13767.99 1.67
13769.11 1.84
13770.24 132.42
13771.45 211.21
13772.66 255.60
13773.86 281.80
13775.06 297.40
13776.26 305.20
13777.47 310.60
13778.67 315.30
13779.88 318.65
13781.08 319.83
13782.29 322.41
13783.50 323.71
13784.71 325.35
13785.92 326.18
13787.13 326.59
13788.34 327.29
13789.55 327.65
13790.76 327.82
13791.96 327.91
13793.17 327.96
13794.38 329.48
13795.60 330.24
13796.80 329.62
13798.00 330.81
13799.20 331.40
13800.40 330.70
13801.62 330.35
13802.83 331.68
13804.04 332.34
13805.24 332.67
13806.45 331.83
13807.66 331.92
13808.87 332.46
13810.08 333.23
13811.28 332.11
13812.49 332.06
13813.70 333.03
13814.91 333.51
13816.12 332.26
13817.33 333.13
13818.55 333.06
13819.76 332.53
13820.96 332.77
13822.17 333.38
13823.38 333.69
13824.60 333.85
13825.80 334.42
13827.00 334.21
13828.20 334.61
13829.41 334.30
13830.63 334.65
13831.84 334.83
13833.04 333.41
13834.25 332.71
13835.46 333.35
13836.67 333.68
13837.88 333.34
13839.08 334.17
13840.28 334.08
13841.48 334.54
13842.69 333.77
13843.90 333.39
13845.11 333.19
13846.32 332.60
13847.53 333.30
13848.74 334.15
13849.95 334.57
13851.16 334.29
13852.37 333.64
13853.59 333.82
13854.80 334.41
13856.00 335.21
13857.20 335.10
13858.40 335.05
13859.61 334.03
13860.82 334.01
13862.03 333.01
13863.23 333.00
13864.44 333.00
13865.64 334.00
13866.84 334.00
13868.04 334.50
13869.24 334.75
13870.45 334.88
13871.66 334.94
13872.87 334.97
13874.08 335.48
13875.28 335.24
13876.48 334.12
13877.69 334.06
13878.89 333.53
13880.10 334.77
13881.31 334.88
13882.52 335.44
13883.73 335.72
13884.94 335.36
13886.15 334.68
13887.36 334.84
13888.57 334.92
13889.78 335.46
13890.99 334.23
13892.20 334.11
13893.40 333.56
13894.62 333.78
13895.84 333.39
13897.04 333.19
13898.25 334.60
13899.46 334.80
13900.66 334.40
13901.87 333.70
13903.08 334.35
13904.28 334.17
13905.49 333.59
13906.70 333.29
13907.90 333.15
13909.12 334.07
13910.32 334.04
13911.53 335.02
13912.74 335.51
13913.95 335.75
13915.16 335.38
13916.37 335.69
13917.59 335.84
13918.80 334.92
13920.00 334.46
13921.20 333.73
13922.41 333.37
13923.64 333.18
13924.84 333.59
13926.05 333.30
13927.25 333.65
13928.46 333.82
13929.67 333.91
13930.88 333.96
13932.08 334.98
13933.28 335.49
13934.49 335.74
13935.70 335.37
13936.91 335.19
13938.12 335.59
13939.33 334.80
13940.54 333.90
13941.75 334.45
13942.96 334.22
13944.17 334.61
13945.38 335.31
13946.60 335.65
13947.80 335.33
13949.01 335.16
13950.22 335.58
13951.44 335.79
13952.64 335.90
13953.84 335.45
13955.05 334.72
13956.26 334.36
13957.47 335.18
13958.68 335.59
13959.88 335.80
13961.08 335.90
13962.28 335.45
13963.49 334.72
13964.70 334.36
13965.91 334.68
13967.12 335.84
13968.32 335.92
13969.54 335.96
13970.74 250.98
13971.94 186.99
13973.14 143.00
13974.34 113.00
13975.54 92.50
13976.70 78.25
13977.86 67.12
13979.03 58.56
13980.19 53.28
13981.36 48.64
13982.53 43.32
13983.70 39.66
13984.86 37.83
13986.02 34.92
13987.19 32.46
13988.36 31.73
13989.53 29.36
13990.70 26.68
13991.86 25.34
13993.02 25.17
13994.18 23.09
13995.34 21.04
13996.50 20.52
13997.66 18.76
13998.83 17.38
14000.00 16.69
14001.16 16.35
14002.33 15.17
14003.50 15.59
14004.66 16.29
14005.82 16.65
14006.99 14.32
14008.16 13.16
14009.34 12.08
14010.50 13.04
14011.66 13.52
14012.83 13.26
14013.99 13.63
14015.16 13.82
14016.33 12.41
14017.50 10.70
14018.66 11.35
14019.83 9.68
14020.95 8.84
14022.08 8.42
14023.20 9.71
14024.33 8.85
14025.46 8.43
14026.58 9.21
14027.71 10.11
14028.88 10.55
14030.04 10.28
14031.20 9.14
14032.33 9.07
14033.46 8.03
14034.59 7.02
14035.71 6.01
14036.83 7.00
14037.96 7.00
14039.08 6.00
14040.19 5.50
14041.31 4.75
14042.44 4.38
14043.57 5.19
14044.70 7.09
14045.82 8.05
14046.95 7.02
14048.07 8.01
14049.18 8.51
14050.31 8.75
14051.44 8.38
14052.57 8.19
14053.70 7.59
14054.82 6.30
14055.95 5.65
14057.07 6.32
14058.19 6.66
14059.32 6.83
14060.45 6.92
14061.58 4.96
14062.70 4.48
14063.82 4.74
14064.94 5.87
14066.08 4.93
14067.19 4.97
14068.32 5.98
14069.45 3.99
14070.58 3.00
14071.70 2.50
14072.82 2.75
14073.95 4.37
14075.07 5.69
14076.20 5.34
14077.32 5.67
14078.45 3.84
14079.58 2.92
14080.71 2.96
14081.83 3.98
14082.96 2.99
14084.10 2.99
14085.21 3.50
14086.34 3.25
14087.47 3.62
14088.60 2.31
14089.72 2.16
14090.85 3.58
14091.98 5.29
14093.11 5.14
14094.24 4.57
14095.37 5.79
14096.49 4.39
14097.62 4.70
14098.74 5.85
14099.88 4.42
14101.00 3.71
14102.12 2.36
14103.26 1.68
14104.39 1.34
14105.52 1.67
14106.64 2.33
14107.77 2.67
14108.90 1.83
14110.02 1.42
14111.14 0.71
14112.27 0.85
14113.39 1.43
14114.51 1.71
14115.64 1.86
14116.77 2.93
14117.90 1.96
14119.01 1.48
14120.13 1.74
14121.26 2.87
14122.38 3.94
14123.51 3.97
14124.64 3.98
14125.77 2.49
14126.90 2.25
14128.02 3.62
14129.15 4.31
14130.28 4.66
14131.40 5.33
14132.52 3.66
14133.65 1.83
14134.78 0.92
14135.90 1.46
14137.02 1.73
14138.15 3.36
14139.28 3.18
14140.42 2.59
14141.53 2.80
14142.65 3.90
14143.77 4.45
14144.90 2.72
14146.02 2.36
14147.14 3.68
14148.26 4.34
14149.39 4.67
14150.52 3.84
14151.65 3.42
14152.78 2.21
14153.90 1.10
14155.02 0.55
14156.14 1.78
14157.27 3.39
14158.40 2.69
14159.51 1.35
14160.64 0.67
14161.76 0.34
14162.88 0.17
14164.00 0.08
14165.10 2.04
14166.22 1.52
14167.35 1.26
14168.48 2.63
14169.60 2.82
14170.73 114.41
14171.94 198.70
14173.14 248.35
14174.36 277.68
14175.58 294.34
14176.79 304.67
14178.00 311.33
14179.20 315.67
14180.40 317.83
14181.62 319.42
14182.83 321.21
14184.04 322.60
14185.24 323.30
14186.44 324.15
14187.66 325.08
14188.87 326.04
14190.08 327.52
14191.28 328.26
14192.49 328.13
14193.70 329.06
14194.90 330.53
14196.10 330.77
14197.31 330.88
14198.52 330.94
14199.72 330.97
14200.93 330.99
14202.14 331.49
14203.35 331.75
14204.56 332.87
14205.77 333.44
14206.98 333.22
14208.20 332.61
14209.40 332.30
14210.61 332.15
14211.83 332.58
14213.04 332.79
14214.24 332.89
14215.45 332.95
14216.66 332.97
14217.87 334.49
14219.08 334.74
14220.29 334.87
14221.50 334.44
14222.71 335.22
14223.92 335.11
14225.14 334.05
14226.35 334.53
14227.57 334.76
14228.78 334.88
14229.99 335.44
14231.20 334.72
14232.40 334.36
14233.62 335.18
14234.83 335.59
14236.04 334.80
14237.24 333.90
14238.44 333.95
14239.65 333.97
14240.86 333.49
14242.07 333.74
14243.27 333.87
14244.48 334.44
14245.68 334.22
14246.89 333.61
14248.11 334.80
14249.32 335.90
14250.52 336.45
14251.73 336.23
14252.95 336.11
14254.16 335.56
14255.37 335.78
14256.59 334.39
14257.80 334.69
14259.00 334.35
14260.20 334.17
14261.42 334.09
14262.63 334.04
14263.84 334.52
14265.04 334.26
14266.25 334.63
14267.46 335.32
14268.68 335.66
14269.88 335.83
14271.09 335.41
14272.30 335.71
14273.51 335.85
14274.72 335.93
14275.93 336.46
14277.14 334.73
14278.36 334.37
14279.58 335.18
14280.79 335.59
14282.00 335.30
14283.20 334.65
14284.41 334.82
14285.62 334.41
14286.83 335.21
14288.04 336.10
14289.24 335.55
14290.45 335.28
14291.66 334.64
14292.87 335.32
14294.08 335.66
14295.28 335.83
14296.49 334.91
14297.70 334.46
14298.91 334.23
14300.12 335.11
14301.35 335.56
14302.57 334.78
14303.78 334.39
14304.99 334.69
14306.20 334.35
14307.41 335.17
14308.63 335.09
14309.84 335.04
14311.04 334.52
14312.25 334.76
14313.46 334.88
14314.68 335.94
14315.88 334.97
14317.09 335.49
14318.30 334.74
14319.51 334.37
14320.72 334.69
14321.93 334.34
14323.14 335.67
14324.35 336.34
14325.57 336.17
14326.78 335.58
14328.00 335.29
14329.20 334.65
14330.41 334.82
14331.62 335.91
14332.83 335.96
14334.04 336.48
14335.24 336.24
14336.46 334.62
14337.67 334.81
14338.88 334.40
14340.08 334.20
14341.28 334.60
14342.48 335.30
14343.68 335.65
14344.89 335.33
14346.10 334.66
14347.31 334.83
14348.52 335.92
14349.72 336.46
14350.93 335.23
14352.14 335.61
14353.35 336.31
14354.57 335.15
14355.78 334.58
14356.99 335.29
14358.20 335.14
14359.41 334.57
14360.63 334.79
14361.84 334.39
14363.04 334.20
14364.24 334.10
14365.45 334.05
14366.66 333.52
14367.88 334.26
14369.08 334.13
14370.29 334.07
14371.50 334.53
14372.70 335.27
14373.91 335.63
14375.11 257.82
14376.32 194.41
14377.54 149.20
14378.74 118.10
14379.94 95.55
14381.10 79.78
14382.26 68.39
14383.43 59.69
14384.60 53.85
14385.76 47.92
14386.93 44.46
14388.10 40.73
14389.26 36.87
14390.43 35.93
14391.60 32.47
14392.76 31.23
14393.93 28.12
14395.10 27.56
14396.26 26.28
14397.44 24.14
14398.61 23.57
14399.78 21.28
14400.94 20.64
14402.10 20.82
14403.26 20.91
14404.43 20.96
14405.60 18.48
14406.76 17.24
14407.93 16.12
14409.10 15.06
14410.26 13.53
14411.43 13.26
14412.59 12.63
14413.76 12.32
14414.93 12.66
14416.10 11.83
14417.26 12.91
14418.43 12.96
14419.59 12.98
14420.75 12.99
14421.91 12.99
14423.07 13.00
14424.23 12.00
14425.38 11.50
14426.55 10.75
14427.72 10.87
14428.89 10.94
14430.05 10.47
14431.21 10.73
14432.38 10.87
14433.56 10.93
14434.73 10.97
14435.90 9.48
14437.02 9.24
14438.15 8.12
14439.28 6.56
14440.42 6.78
14441.55 6.39
14442.68 6.20
14443.80 7.60
14444.92 7.30
14446.04 6.65
14447.16 6.82
14448.29 6.41
14449.43 7.21
14450.55 8.10
14451.67 8.55
14452.80 6.78
14453.92 5.39
14455.05 4.69
14456.17 5.85
14457.30 4.92
14458.43 4.46
14459.55 6.23
14460.68 6.62
14461.81 6.81
14462.94 6.90
14464.06 4.95
14465.18 3.98
14466.30 3.99
14467.43 4.99
14468.55 6.00
14469.67 6.00
14470.80 5.50
14471.92 3.75
14473.04 3.87
14474.16 3.44
14475.29 3.22
14476.43 4.11
14477.56 3.55
14478.68 2.78
14479.81 4.39
14480.94 5.69
14482.06 6.35
14483.19 6.17
14484.32 6.09
14485.44 6.54
14486.57 5.27
14487.70 5.14
14488.83 3.07
14489.95 2.53
14491.07 2.77
14492.19 3.38
14493.32 4.69
14494.45 5.85
14495.58 3.92
14496.71 3.46
14497.84 2.73
14498.96 1.87
14500.09 1.43
14501.21 0.72
14502.33 0.86
14503.45 1.43
14504.58 1.71
14505.71 1.36
14506.84 2.18
14507.96 2.59
14509.09 3.79
14510.21 2.40
14511.34 1.20
14512.46 1.10
14513.59 3.05
14514.71 4.52
14515.84 4.26
14516.96 4.13
14518.09 2.57
14519.22 2.28
14520.34 3.64
14521.48 4.32
14522.60 4.66
14523.72 4.83
14524.85 4.92
14525.98 3.46
14527.11 4.23
14528.24 4.61
14529.37 4.81
14530.50 4.90
14531.62 4.95
14532.75 2.98
14533.87 1.49
14534.99 1.74
14536.12 1.87
14537.25 3.44
14538.38 4.22
14539.50 4.61
14540.63 3.80
14541.74 1.90
14542.86 1.95
14544.00 3.48
14545.12 4.24
14546.24 3.62
14547.37 1.81
14548.50 1.40
14549.62 3.20
14550.74 4.10
14551.86 4.55
14552.98 4.78
14554.12 4.89
14555.24 4.94
14556.37 3.97
14557.50 2.99
14558.62 3.99
14559.75 2.50
14560.87 1.25
14561.99 0.62
14563.12 1.81
14564.24 3.41
14565.38 4.20
14566.49 3.10
14567.61 1.55
14568.74 0.78
14569.86 0.39
14570.98 1.19
14572.11 2.60
14573.23 3.80
14574.35 1.90
14575.48 130.95
14576.68 209.47
14577.89 255.74
14579.10 280.87
14580.31 296.43
14581.52 305.22
14582.73 311.61
14583.95 315.80
14585.15 319.40
14586.36 321.20
14587.57 321.60
14588.77 322.80
14589.97 323.40
14591.17 325.20
14592.38 327.10
14593.60 327.55
14594.80 327.28
14596.01 329.14
14597.22 330.07
14598.43 330.53
14599.64 331.27
14600.84 331.13
14602.05 331.57
14603.26 331.28
14604.47 330.64
14605.68 330.82
14606.88 330.91
14608.09 330.46
14609.30 331.73
14610.51 332.86
14611.72 333.43
14612.92 333.72
14614.13 333.86
14615.34 333.43
14616.57 333.71
14617.78 332.86
14618.99 333.43
14620.20 334.21
14621.41 333.61
14622.63 334.30
14623.84 333.65
14625.04 334.33
14626.25 333.66
14627.46 334.33
14628.67 334.67
14629.88 334.83
14631.09 334.92
14632.29 334.96
14633.50 333.98
14634.70 333.49
14635.90 333.74
14637.10 333.87
14638.31 334.44
14639.52 334.72
14640.73 334.86
14641.94 334.93
14643.15 335.46
14644.36 335.23
14645.59 335.12
14646.80 334.56
14648.00 334.28
14649.20 334.14
14650.42 334.07
14651.63 334.03
14652.84 334.02
14654.04 334.51
14655.25 335.25
14656.46 334.13
14657.68 333.56
14658.88 333.28
14660.09 333.14
14661.29 333.07
14662.49 333.54
14663.70 333.27
14664.91 333.63
14666.12 333.32
14667.33 333.16
14668.56 333.58
14669.76 333.29
14670.98 333.64
14672.19 334.32
14673.40 334.66
14674.61 335.33
14675.82 335.67
14677.03 334.83
14678.24 335.42
14679.45 334.71
14680.66 334.35
14681.87 334.68
14683.08 334.84
14684.28 334.92
14685.49 334.46
14686.70 334.73
14687.91 335.36
14689.12 335.68
14690.32 335.84
14691.54 335.92
14692.75 335.46
14693.96 335.23
14695.17 335.12
14696.39 335.06
14697.61 335.53
14698.82 335.76
14700.03 335.88
14701.23 335.94
14702.44 335.97
14703.64 334.99
14704.85 333.99
14706.06 335.00
14707.25 335.50
14708.46 335.75
14709.67 334.87
14710.88 334.44
14712.08 334.22
14713.29 334.61
14714.50 335.30
14715.70 335.65
14716.91 334.83
14718.12 335.91
14719.34 335.46
14720.56 335.73
14721.77 335.86
14722.98 336.43
14724.19 336.72
14725.40 336.36
14726.61 335.68
14727.82 335.84
14729.03 334.92
14730.24 334.96
14731.45 335.48
14732.66 335.74
14733.87 335.87
14735.08 335.94
14736.28 335.47
14737.49 336.23
14738.70 336.62
14739.91 336.31
14741.12 335.65
14742.33 335.83
14743.56 334.91
14744.77 334.46
14745.98 335.23
14747.19 335.61
14748.40 336.31
14749.61 336.15
14750.83 336.08
14752.04 335.04
14753.24 335.52
14754.44 335.76
14755.65 335.88
14756.86 335.94
14758.08 335.97
14759.28 335.48
14760.48 335.24
14761.69 335.62
14762.90 335.81
14764.10 335.91
14765.31 335.45
14766.53 334.73
14767.74 335.86
14768.95 335.93
14770.16 335.97
14771.37 334.98
14772.59 334.49
14773.80 335.75
14775.00 335.37
14776.20 256.19
14777.41 192.09
14778.62 147.55
14779.82 116.27
14781.03 95.64
14782.19 80.82
14783.36 70.41
14784.54 61.20
14785.70 53.60
14786.86 48.30
14788.02 44.15
14789.18 39.58
14790.34 37.79
14791.51 34.89
14792.68 31.95
14793.85 31.47
14795.02 28.24
14796.18 26.62
14797.34 26.81
14798.51 25.40
14799.67 22.70
14800.83 20.85
14801.99 20.43
14803.16 20.71
14804.33 20.86
14805.50 19.93
14806.66 17.46
14807.82 18.23
14808.99 18.12
14810.16 15.56
14811.33 14.28
14812.50 13.14
14813.66 12.57
14814.82 11.28
14815.99 11.64
14817.16 10.82
14818.33 10.41
14819.50 10.21
14820.66 10.10
14821.83 10.05
14822.98 10.03
14824.14 10.51
14825.32 9.76
14826.44 10.38
14827.61 10.19
14828.78 10.59
14829.95 10.30
14831.11 8.65
14832.24 8.82
14833.37 8.91
14834.50 9.46
14835.62 10.23
14836.79 9.11
14837.92 7.06
14839.04 6.03
14840.16 8.51
14841.29 9.26
14842.42 8.13
14843.56 6.56
14844.68 5.78
14845.81 5.39
14846.94 5.70
14848.06 5.85
14849.18 6.92
14850.31 7.46
14851.44 8.23
14852.57 8.62
14853.70 8.31
14854.82 8.65
14855.96 6.83
14857.08 6.91
14858.20 7.46
14859.32 8.23
14860.45 8.61
14861.58 8.31
14862.71 7.65
14863.83 7.83
14864.96 7.41
14866.09 5.71
14867.21 5.35
14868.34 4.18
14869.47 3.59
14870.60 3.29
14871.72 2.65
14872.85 2.82
14873.98 2.91
14875.11 4.96
14876.23 4.98
14877.36 4.49
14878.49 3.24
14879.62 3.12
14880.75 2.56
14881.88 2.28
14883.00 2.14
14884.12 2.07
14885.25 2.04
14886.38 3.52
14887.51 2.76
14888.63 2.88
14889.76 2.44
14890.89 2.22
14892.02 2.61
14893.14 4.30
14894.26 5.15
14895.40 6.08
14896.52 5.04
14897.64 3.02
14898.76 2.51
14899.89 2.25
14901.02 1.63
14902.15 1.31
14903.28 1.16
14904.41 0.58
14905.53 1.29
14906.66 1.64
14907.78 1.82
14908.92 2.91
14910.04 4.46
14911.17 5.23
14912.30 5.61
14913.42 5.81
14914.56 5.40
14915.68 3.20
14916.80 2.60
14917.92 3.80
14919.04 4.40
14920.16 5.20
14921.28 5.10
14922.41 5.05
14923.54 4.03
14924.66 4.51
14925.80 4.26
14926.92 3.13
14928.05 2.06
14929.17 3.03
14930.29 4.02
14931.42 5.01
14932.55 3.00
14933.67 2.00
14934.79 1.50
14935.91 1.25
14937.04 2.63
14938.16 1.31
14939.29 1.16
14940.42 2.58
14941.54 3.79
14942.68 4.39
14943.80 4.70
14944.92 4.35
14946.05 2.17
14947.17 1.59
14948.30 3.29
14949.42 1.65
14950.55 1.82
14951.67 0.91
14952.79 0.46
14953.92 0.73
14955.04 1.36
14956.16 0.68
14957.28 2.84
14958.41 2.92
14959.54 1.46
14960.67 1.73
14961.80 2.37
14962.92 3.68
14964.05 3.84
14965.17 2.42
14966.30 4.21
14967.43 3.61
14968.56 3.30
14969.68 1.65
14970.80 1.33
14971.93 0.66
14973.05 1.33
14974.17 0.67
14975.29 1.83
14976.42 90.42
14977.59 183.71
14978.80 239.35
14980.00 271.18
14981.20 290.09
14982.40 301.54
14983.61 308.27
14984.82 312.64
14986.03 316.82
14987.24 318.41
14988.45 320.70
14989.65 322.35
14990.86 323.68
14992.07 324.84
14993.27 325.92
14994.48 326.96
14995.68 327.48
14996.89 327.24
14998.10 328.62
14999.31 328.81
15000.53 330.40
15001.74 331.20
15002.95 331.60
15004.16 331.80
15005.36 331.40
15006.58 332.20
15007.78 331.60
15008.99 331.30
15010.19 332.15
15011.40 331.58
15012.61 332.29
15013.82 332.14
15015.04 332.57
15016.24 332.79
15017.45 332.89
15018.66 332.95
15019.87 333.47
15021.08 333.24
15022.28 333.62
15023.49 333.31
15024.71 332.65
15025.92 332.83
15027.12 334.41
15028.34 334.21
15029.56 334.10
15030.77 334.05
15031.98 334.03
15033.19 334.01
15034.40 334.01
15035.60 334.00
15036.80 333.50
15038.00 333.75
15039.20 333.88
15040.41 334.94
15041.62 335.47
15042.83 335.73
15044.04 335.87
15045.24 335.93
15046.45 335.47
15047.66 334.73
15048.88 335.37
15050.08 335.18
15051.28 335.59
15052.49 335.30
15053.70 335.65
15054.91 335.32
15056.12 334.66
15057.33 334.83
15058.55 334.92
15059.76 335.46
15060.96 335.23
15062.18 335.11
15063.40 335.06
15064.60 335.03
15065.80 335.01
15067.00 334.51
15068.20 334.75
15069.41 335.38
15070.62 335.19
15071.84 335.59
15073.04 335.30
15074.24 335.15
15075.46 335.07
15076.67 334.54
15077.88 335.27
15079.08 335.13
15080.29 335.07
15081.50 336.03
15082.70 335.52
15083.91 335.26
15085.12 335.63
15086.34 335.31
15087.56 335.16
15088.78 335.58
15089.99 334.79
15091.20 336.39
15092.40 335.70
15093.60 335.35
15094.81 335.67
15096.02 335.84
15097.23 334.92
15098.44 334.96
15099.65 335.48
15100.86 335.24
15102.08 335.12
15103.28 335.56
15104.49 336.28
15105.70 335.64
15106.91 335.32
15108.12 334.66
15109.33 335.33
15110.56 335.67
15111.77 335.33
15112.98 335.17
15114.19 335.58
15115.40 336.29
15116.61 335.65
15117.83 335.82
15119.04 335.91
15120.24 335.96
15121.45 335.48
15122.66 335.74
15123.87 335.87
15125.08 335.43
15126.28 335.22
15127.49 336.11
15128.71 335.55
15129.92 335.28
15131.13 335.14
15132.35 335.57
15133.57 336.28
15134.78 336.14
15135.99 335.57
15137.20 335.79
15138.40 336.39
15139.61 336.20
15140.82 336.60
15142.03 336.30
15143.23 336.15
15144.44 336.07
15145.65 336.54
15146.86 335.77
15148.07 335.38
15149.28 334.69
15150.48 334.85
15151.69 335.42
15152.90 336.21
15154.11 335.61
15155.33 335.30
15156.55 336.15
15157.76 335.58
15158.97 336.29
15160.18 336.14
15161.40 336.57
15162.60 335.29
15163.81 335.14
15165.03 336.07
15166.23 336.04
15167.44 335.02
15168.65 335.01
15169.86 335.00
15171.06 335.00
15172.25 336.50
15173.45 335.75
15174.66 336.88
15175.88 336.94
15177.08 276.47
15178.28 210.23
15179.49 160.12
15180.70 126.06
15181.90 102.03
15183.10 85.51
15184.26 72.76
15185.43 63.88
15186.60 55.94
15187.76 50.47
15188.93 46.73
15190.10 41.87
15191.26 38.43
15192.43 35.22
15193.60 34.11
15194.77 32.55
15195.94 30.28
15197.10 27.14
15198.27 26.57
15199.44 24.28
15200.61 22.64
15201.78 22.82
15202.94 20.41
15204.11 20.71
15205.28 20.35
15206.45 17.18
15207.62 17.59
15208.78 17.29
15209.95 15.15
15211.12 16.07
15212.28 16.54
15213.45 14.77
15214.62 13.88
15215.78 11.94
15216.95 12.47
15218.12 13.24
15219.29 12.12
15220.46 13.56
15221.63 13.28
15222.79 12.14
15223.96 10.07
15225.12 11.03
15226.28 9.52
15227.41 9.26
15228.54 8.63
15229.66 10.31
15230.83 10.16
15232.01 8.08
15233.12 9.54
15234.25 8.77
15235.39 9.38
15236.51 9.19
15237.64 9.60
15238.76 8.80
15239.88 6.40
15241.00 7.70
15242.12 7.35
15243.26 8.17
15244.39 8.09
15245.51 6.04
15246.63 5.02
15247.75 6.01
15248.88 6.01
15250.00 5.00
15251.11 4.50
15252.24 4.25
15253.36 6.63
15254.49 4.81
15255.62 5.91
15256.75 4.95
15257.87 4.98
15259.00 5.99
15260.12 3.99
15261.24 5.50
15262.38 5.25
15263.50 6.62
15264.62 6.81
15265.76 5.41
15266.89 5.20
15268.01 6.10
15269.13 6.05
15270.26 6.53
15271.40 5.76
15272.52 3.88
15273.65 4.94
15274.78 3.47
15275.91 4.74
15277.05 5.37
15278.17 4.18
15279.30 3.09
15280.42 3.05
15281.54 4.52
15282.68 4.26
15283.80 4.63
15284.92 4.32
15286.05 5.66
15287.17 5.83
15288.30 3.91
15289.43 2.96
15290.56 2.98
15291.68 3.49
15292.81 4.24
15293.94 2.62
15295.07 2.31
15296.20 4.66
15297.32 3.33
15298.45 4.16
15299.58 3.58
15300.71 2.79
15301.83 3.40
15302.96 2.70
15304.08 2.85
15305.20 3.92
15306.32 1.96
15307.45 2.98
15308.58 2.99
15309.70 4.00
15310.82 3.50
15311.95 4.25
15313.07 4.62
15314.19 4.81
15315.32 4.91
15316.45 2.95
15317.58 3.98
15318.70 3.99
15319.83 4.49
15320.96 3.25
15322.08 3.62
15323.20 4.31
15324.33 4.16
15325.47 4.08
15326.59 2.04
15327.72 2.02
15328.84 2.51
15329.97 1.25
15331.10 2.63
15332.23 2.31
15333.38 1.66
15334.49 3.33
15335.62 3.66
15336.75 4.33
15337.88 2.67
15339.00 3.83
15340.12 2.42
15341.26 3.71
15342.39 1.85
15343.52 2.43
15344.65 2.21
15345.78 1.11
15346.90 1.55
15348.03 1.78
15349.16 2.89
15350.28 1.94
15351.41 2.47
15352.54 2.74
15353.67 1.87
15354.79 0.93
15355.92 2.47
15357.05 1.23
15358.17 2.62
15359.30 1.81
15360.43 1.40
15361.55 2.20
15362.67 2.10
15363.78 2.55
15364.92 3.28
15366.04 4.14
15367.17 2.57
15368.29 1.28
15369.41 1.64
15370.54 1.32
15371.67 1.16
15372.79 0.58
15373.92 2.29
15375.04 3.15
15376.17 2.07
15377.29 73.54
15378.46 175.27
15379.67 234.63
15380.88 269.32
15382.08 289.16
15383.28 302.08
15384.48 309.54
15385.69 313.77
15386.90 316.38
15388.10 319.19
15389.31 321.10
15390.52 323.55
15391.74 324.27
15392.95 325.14
15394.16 326.07
15395.36 328.03
15396.58 328.52
15397.79 328.76
15399.00 329.38
15400.20 329.69
15401.40 329.34
15402.61 330.67
15403.82 331.34
15405.03 331.67
15406.24 331.33
15407.45 332.17
15408.66 331.58
15409.87 332.79
15411.08 333.40
15412.28 333.20
15413.48 333.60
15414.68 333.80
15415.88 333.90
15417.08 333.95
15418.28 333.47
15419.49 333.74
15420.70 333.87
15421.90 333.93
15423.10 333.97
15424.31 333.48
15425.53 333.24
15426.74 333.62
15427.95 333.31
15429.16 333.66
15430.38 334.83
15431.59 334.41
15432.80 334.21
15434.00 334.10
15435.20 334.05
15436.40 335.03
15437.60 335.51
15438.80 335.26
15440.01 335.63
15441.22 334.81
15442.43 333.91
15443.64 333.95
15444.84 334.48
15446.05 334.24
15447.25 335.12
15448.46 335.06
15449.67 335.03
15450.88 335.01
15452.08 334.51
15453.29 334.75
15454.51 334.88
15455.72 334.94
15456.92 334.47
15458.13 334.23
15459.35 334.12
15460.57 335.06
15461.77 334.53
15462.98 334.76
15464.19 334.88
15465.40 334.94
15466.60 335.47
15467.80 335.24
15469.01 335.12
15470.22 335.56
15471.43 335.78
15472.64 335.39
15473.85 335.69
15475.06 335.35
15476.27 334.67
15477.48 334.84
15478.68 335.42
15479.89 335.21
15481.10 335.10
15482.30 335.05
15483.51 335.03
15484.72 335.01
15485.92 335.01
15487.14 335.50
15488.35 335.25
15489.56 335.63
15490.77 335.81
15491.98 335.41
15493.19 335.20
15494.40 335.10
15495.60 335.05
15496.80 334.53
15498.00 335.26
15499.20 335.63
15500.41 335.82
15501.62 335.41
15502.84 335.70
15504.04 335.85
15505.24 335.93
15506.45 335.96
15507.66 335.98
15508.87 335.49
15510.08 335.25
15511.28 335.62
15512.50 334.81
15513.71 334.91
15514.92 334.95
15516.13 335.48
15517.34 335.74
15518.56 334.87
15519.76 334.93
15520.97 335.47
15522.18 336.23
15523.39 336.12
15524.60 335.56
15525.80 335.28
15527.00 335.14
15528.20 335.07
15529.40 335.03
15530.60 335.02
15531.80 335.01
15533.00 335.00
15534.20 335.50
15535.40 335.25
15536.60 334.63
15537.81 334.31
15539.03 334.66
15540.24 334.83
15541.44 334.41
15542.65 334.71
15543.86 334.85
15545.07 334.93
15546.28 334.96
15547.48 334.98
15548.69 335.49
15549.90 335.25
15551.11 335.62
15552.32 335.31
15553.55 334.66
15554.76 335.33
15555.97 335.16
15557.18 335.08
15558.39 335.04
15559.60 335.02
15560.80 335.01
15562.00 335.01
15563.20 335.00
15564.40 335.50
15565.60 335.25
15566.80 334.13
15568.02 334.56
15569.22 334.78
15570.43 334.89
15571.64 335.45
15572.85 336.22
15574.06 335.61
15575.27 335.31
15576.48 335.15
15577.69 325.58
15578.90 242.79
15580.10 182.39
15581.30 141.70
15582.51 113.35
15583.72 93.17
15584.89 78.59
15586.06 67.79
15587.22 59.40
15588.39 53.20
15589.54 49.10
15590.70 45.05
15591.86 41.52
15593.03 38.26
15594.20 34.13
15595.37 31.07
15596.54 31.03
15597.70 30.02
15598.86 28.51
15600.03 25.25
15601.19 25.13
15602.37 24.56
15603.54 23.28
15604.70 21.64
15605.86 20.82
15607.04 20.41
15608.19 19.71
15609.37 17.85
15610.54 16.43
15611.70 16.71
15612.87 14.86
15614.03 13.43
15615.19 13.71
15616.37 14.36
15617.54 14.68
15618.70 12.34
15619.86 13.17
15621.03 14.08
15622.19 12.04
15623.34 11.52
15624.52 10.26
15625.69 10.13
15626.86 10.07
15628.02 11.03
15629.18 10.02
15630.34 9.51
15631.47 8.25
15632.59 9.63
15633.72 8.31
15634.85 9.16
15635.98 7.08
15637.10 8.54
15638.22 8.77
15639.35 9.38
15640.48 9.69
15641.61 9.35
15642.74 9.17
15643.88 8.09
15645.00 6.54
15646.12 5.27
15647.25 5.14
15648.38 6.57
15649.52 5.28
15650.64 4.64
15651.77 5.32
15652.90 6.66
15654.02 6.83
15655.14 6.42
15656.28 5.21
15657.40 6.10
15658.52 6.55
15659.65 5.28
15660.78 6.14
15661.90 6.57
15663.02 7.28
15664.15 7.14
15665.28 6.57
15666.40 6.79
15667.52 5.89
15668.65 4.45
15669.78 4.22
15670.90 5.61
15672.03 3.81
15673.16 4.90
15674.28 3.45
15675.41 4.23
15676.55 2.61
15677.67 3.81
15678.80 2.90
15679.92 3.95
15681.05 3.98
15682.17 4.99
15683.30 3.99
15684.42 4.50
15685.54 4.75
15686.66 5.37
15687.79 5.19
15688.91 5.59
15690.04 5.80
15691.16 3.40
15692.29 4.20
15693.41 4.10
15694.54 3.55
15695.67 2.77
15696.79 2.89
15697.92 1.44
15699.04 1.22
15700.16 1.61
15701.29 3.81
15702.42 3.90
15703.54 2.95
15704.66 3.98
15705.80 4.49
15706.92 2.74
15708.04 3.37
15709.16 4.19
15710.29 2.59
15711.42 3.80
15712.55 2.40
15713.66 3.70
15714.78 1.85
15715.91 3.42
15717.04 4.21
15718.16 2.11
15719.29 2.05
15720.41 2.03
15721.54 3.01
15722.66 3.51
15723.79 1.75
15724.92 3.38
15726.04 1.69
15727.16 2.34
15728.29 2.67
15729.42 1.84
15730.55 2.92
15731.67 3.46
15732.80 1.73
15733.92 0.86
15735.04 1.93
15736.16 0.97
15737.28 1.98
15738.41 3.49
15739.54 2.75
15740.67 2.37
15741.79 1.19
15742.92 1.09
15744.04 3.05
15745.16 4.02
15746.29 4.01
15747.41 3.51
15748.54 1.75
15749.67 2.88
15750.80 2.44
15751.92 3.22
15753.04 3.61
15754.16 2.80
15755.28 3.90
15756.39 1.95
15757.52 2.48
15758.64 2.74
15759.77 3.37
15760.90 1.68
15762.02 2.34
15763.14 3.17
15764.26 3.59
15765.40 3.29
15766.52 1.65
15767.64 2.32
15768.77 3.16
15769.90 1.58
15771.02 2.79
15772.14 1.90
15773.27 1.45
15774.40 1.22
15775.52 1.11
15776.65 1.56
15777.78 0.78
15778.90 125.39
15780.10 206.19
15781.30 252.60
15782.51 280.30
15783.72 296.15
15784.93 304.57
15786.15 310.29
15787.37 315.14
15788.59 318.57
15789.80 320.29
15791.00 321.64
15792.20 323.32
15793.41 324.16
15794.62 325.58
15795.83 326.79
15797.04 326.90
15798.24 326.95
15799.45 327.97
15800.66 328.49
15801.87 329.24
15803.08 329.62
15804.28 329.81
15805.50 329.91
15806.71 329.45
15807.92 329.73
15809.13 330.36
15810.34 330.68
15811.56 331.34
15812.77 331.67
15813.98 332.34
15815.19 332.67
15816.40 332.83
15817.60 332.92
15818.81 333.46
15820.02 332.73
15821.23 332.86
15822.44 332.43
15823.65 332.72
15824.87 332.36
15826.08 332.68
15827.28 333.34
15828.50 333.17
15829.71 333.58
15830.92 333.79
15832.12 333.40
15833.33 333.70
15834.55 333.85
15835.76 333.92
15836.96 334.46
15838.17 334.23
15839.39 334.62
15840.60 334.31
15841.81 334.15
15843.02 333.58
15844.23 333.29
15845.44 333.64
15846.64 333.32
15847.85 333.66
15849.06 333.83
15850.26 334.92
15851.48 334.96
15852.69 334.48
15853.90 334.74
15855.10 334.87
15856.31 334.43
15857.53 335.22
15858.74 334.61
15859.96 334.30
15861.16 334.15
15862.38 334.08
15863.59 334.54
15864.80 334.77
15866.00 334.88
15867.20 335.44
15868.41 335.22
15869.63 335.61
15870.84 336.31
15872.05 336.15
15873.26 336.08
15874.47 335.54
15875.68 335.27
15876.88 334.63
15878.09 334.32
15879.30 335.16
15880.52 335.58
15881.72 334.79
15882.93 334.89
15884.14 334.45
15885.35 335.22
15886.57 335.11
15887.79 335.06
15889.00 335.03
15890.20 335.01
15891.40 335.01
15892.60 335.00
15893.80 335.00
15894.99 335.50
15896.19 334.75
15897.40 334.88
15898.60 335.44
15899.81 335.22
15901.03 334.61
15902.24 335.30
15903.44 336.15
15904.65 336.08
15905.86 335.04
15907.06 334.02
15908.26 335.51
15909.47 336.25
15910.68 335.13
15911.89 335.56
15913.11 334.78
15914.32 334.89
15915.54 334.45
15916.76 334.72
15917.96 335.36
15919.17 335.18
15920.38 335.09
15921.58 335.55
15922.79 335.77
15924.00 335.39
15925.20 335.19
15926.41 334.60
15927.62 334.80
15928.83 333.90
15930.04 333.95
15931.24 334.47
15932.45 334.24
15933.66 334.12
15934.88 334.56
15936.08 334.78
15937.28 334.89
15938.50 334.44
15939.71 334.72
15940.92 334.86
15942.13 335.43
15943.34 335.72
15944.56 334.86
15945.77 335.43
15946.98 335.71
15948.19 335.36
15949.40 335.18
15950.61 335.09
15951.82 335.54
15953.04 335.27
15954.24 335.14
15955.46 335.57
15956.67 335.28
15957.88 335.64
15959.08 335.32
15960.29 335.16
15961.52 335.08
15962.72 335.54
15963.93 335.77
15965.14 335.39
15966.37 335.19
15967.59 335.10
15968.80 335.05
15970.00 335.02
15971.20 335.51
15972.40 335.26
15973.61 334.63
15974.83 335.31
15976.04 335.16
15977.25 335.58
15978.46 335.29
15979.67 252.14
15980.88 188.57
15982.09 143.79
15983.29 112.89
15984.50 92.45
15985.67 79.22
15986.84 68.61
15988.01 58.81
15989.18 54.40
15990.34 49.20
15991.51 43.10
15992.67 39.05
15993.83 37.53
15995.01 33.76
15996.17 33.38
15997.34 30.19
15998.51 27.60
15999.68 27.30
16000.84 26.65
16002.00 23.82
16003.16 22.41
16004.32 21.21
16005.50 21.10
16006.66 20.55
16007.82 19.78
16009.00 17.89
16010.14 18.44
16011.30 17.22
16012.46 14.61
16013.63 14.81
16014.80 13.40
16015.95 15.20
16017.12 14.60
16018.27 14.80
16019.44 13.40
16020.60 13.70
16021.76 13.35
16022.92 11.18
16024.09 10.09
16025.24 11.54
16026.41 9.77
16027.54 9.89
16028.67 9.94
16029.80 8.97
16030.91 9.49
16032.04 10.24
16033.20 10.62
16034.37 9.31
16035.50 8.66
16036.62 6.83
16037.74 7.91
16038.87 7.96
16040.00 8.48
16041.11 8.74
16042.24 9.37
16043.37 8.18
16044.50 8.09
16045.61 6.55
16046.74 5.27
16047.87 4.64
16048.99 5.32
16050.12 5.16
16051.25 6.08
16052.37 5.54
16053.50 6.27
16054.63 5.63
16055.75 6.82
16056.88 8.41
16058.01 5.70
16059.13 5.85
16060.26 5.43
16061.38 6.21
16062.51 6.61
16063.64 5.80
16064.76 4.90
16065.88 4.45
16067.01 5.73
16068.14 6.36
16069.27 4.18
16070.39 5.59
16071.52 5.80
16072.64 3.90
16073.76 5.45
16074.89 4.72
16076.02 5.86
16077.14 4.43
16078.26 4.72
16079.39 5.36
16080.52 5.18
16081.65 5.59
16082.78 5.29
16083.91 4.65
16085.04 3.82
16086.16 5.41
16087.28 4.71
16088.41 4.35
16089.54 3.68
16090.67 4.84
16091.80 4.42
16092.92 4.21
16094.04 4.10
16095.16 3.55
16096.29 1.78
16097.42 2.89
16098.55 1.94
16099.68 3.47
16100.80 3.24
16101.92 2.62
16103.05 3.81
16104.17 2.90
16105.29 2.95
16106.42 2.98
16107.55 2.49
16108.68 3.24
16109.80 4.12
16110.92 3.56
16112.05 2.78
16113.17 3.89
16114.30 2.95
16115.43 4.47
16116.55 4.74
16117.68 4.87
16118.81 2.43
16119.94 2.72
16121.07 2.36
16122.18 2.68
16123.32 2.34
16124.44 2.67
16125.57 2.83
16126.70 2.42
16127.83 2.21
16128.95 2.60
16130.07 1.30
16131.18 0.65
16132.30 2.33
16133.42 1.16
16134.56 1.58
16135.68 0.79
16136.80 2.90
16137.92 2.95
16139.05 2.47
16140.17 1.24
16141.30 1.12
16142.42 0.56
16143.54 0.28
16144.66 0.14
16145.79 0.57
16146.91 1.28
16148.03 1.64
16149.16 2.32
16150.29 3.16
16151.42 3.08
16152.54 4.04
16153.66 3.52
16154.79 2.26
16155.92 2.13
16157.04 2.57
16158.17 1.78
16159.30 0.89
16160.41 1.95
16161.54 2.47
16162.66 2.74
16163.79 1.37
16164.91 2.68
16166.04 1.34
16167.16 0.67
16168.28 0.34
16169.40 1.67
16170.52 1.33
16171.65 2.17
16172.78 2.08
16173.90 2.54
16175.02 1.27
16176.14 0.64
16177.26 0.82
16178.38 2.41
16179.51 2.20
16180.63 1.60
16181.75 2.30
16182.87 2.65
16184.00 2.83
16185.12 1.41
16186.25 1.21
16187.38 1.60
16188.50 1.30
16189.62 2.15
16190.75 2.58
16191.87 2.79
16193.00 1.39
16194.12 1.20
16195.24 2.10
16196.37 1.05
16197.49 1.02
16198.61 1.51
16199.74 0.76
16200.86 1.88
16201.98 2.94
16203.10 3.47
16204.22 1.73
16205.36 0.87
16206.48 1.93
16207.61 2.47
16208.74 2.23
16209.86 1.12
16211.00 2.06
16212.11 2.53
16213.24 2.76
16214.36 2.88
16215.49 1.94
16216.62 0.97
16217.74 0.49
16218.86 0.24
16219.98 1.12
16221.10 0.56
16222.22 1.78
16223.35 1.89
16224.47 1.95
16225.60 1.47
16226.71 1.74
16227.84 2.37
16228.97 1.68
16230.10 0.84
16231.22 0.42
16232.35 1.71
16233.48 1.36
16234.60 2.18
16235.72 2.59
16236.85 2.29
16237.98 1.65
16239.11 2.32
16240.24 2.66
16241.37 1.33
16242.50 0.67
16243.62 2.33
16244.74 2.67
16245.86 1.33
16246.99 0.67
16248.11 0.33
16249.23 0.17
16250.36 1.58
16251.49 1.79
16252.62 1.90
16253.74 0.95
16254.87 1.97
16256.00 0.99
16257.11 1.99
16258.23 1.00
16259.36 0.50
16260.48 1.75
16261.61 1.37
16262.74 1.69
16263.86 0.84
16264.99 1.92
16266.12 1.96
16267.24 1.48
16268.37 1.74
16269.50 2.37
16270.62 1.19
16271.74 0.59
16272.87 1.80
16273.99 2.40
16275.11 2.20
16276.23 2.60
16277.36 2.80
16278.48 1.40
16279.60 0.70
16280.72 0.85
16281.83 0.42
16282.96 1.71
16284.08 1.36
16285.20 1.68
16286.32 1.84
16287.45 1.42
16288.58 0.71
16289.70 1.85
16290.82 0.93
16291.94 0.46
16293.06 1.73
16294.18 0.87
16295.30 1.93
16296.42 0.97
16297.54 1.98
16298.66 1.99
16299.80 2.50
16300.91 1.25
16302.04 0.62
16303.16 1.81
16304.28 2.41
16305.41 2.20
16306.54 1.10
16307.66 0.55
16308.78 1.28
16309.90 0.64
16311.02 0.82
16312.14 0.41
16313.26 0.70
16314.38 0.85
16315.50 0.93
16316.62 0.46
16317.74 0.73
16318.87 0.87
16320.00 1.93
16321.12 1.47
16322.24 0.73
16323.36 1.37
16324.49 0.68
16325.61 0.34
16326.73 0.67
16327.85 1.84
16328.98 0.92
16330.10 0.46
16331.22 0.23
16332.35 1.61
16333.48 1.81
16334.60 0.90
16335.71 0.45
16336.84 1.23
16337.96 1.61
16339.09 2.31
16340.22 2.15
16341.35 1.08
16342.47 0.54
16343.60 1.77
16344.72 0.88
16345.84 1.94
16346.97 2.47
16348.10 2.24
16349.22 1.12
16350.36 0.56
16351.48 1.28
16352.61 2.14
16353.74 2.57
16354.86 1.28
16355.99 2.14
16357.11 1.07
16358.23 0.54
16359.36 0.27
16360.48 1.63
16361.61 0.82
16362.73 0.41
16363.85 1.70
16364.97 0.85
16366.09 0.43
16367.20 0.21
16368.31 0.11
16369.44 1.55
16370.56 1.78
16371.69 1.39
16372.82 1.69
16373.94 0.85
16375.07 1.42
16376.19 1.71
16377.32 1.36
16378.45 1.18
16379.58 0.59
16380.70 0.29
16381.81 0.65
16382.94 0.82
16384.06 0.91
16385.18 1.46
16386.31 0.73
16387.43 0.36
16388.55 0.18
16389.68 0.59
16390.79 0.30
16391.91 0.15
16393.03 1.57
16394.15 1.29
16395.27 0.64
16396.39 0.32
16397.51 1.16
16398.63 0.58
16399.76 1.29
16400.89 1.15
16402.01 1.57
16403.13 1.79
16404.26 0.89
16405.38 1.95
16406.50 1.97
16407.63 1.49
16408.75 0.74
16409.87 0.37
16410.99 0.19
16412.11 0.09
16413.23 0.05
16414.35 1.02
16415.47 0.51
16416.60 2.26
16417.72 1.13
16418.85 2.06
16419.97 2.53
16421.10 2.27
16422.23 1.63
16423.36 1.82
16424.49 1.41
16425.61 1.20
16426.73 2.60
16427.85 2.80
16428.97 2.40
16430.09 1.20
16431.19 0.60
16432.31 1.80
16433.43 1.90
16434.55 0.95
16435.67 1.48
16436.80 0.74
16437.91 0.37
16439.04 0.68
16440.16 0.84
16441.27 0.42
16442.39 0.21
16443.52 1.11
16444.65 1.05
16445.77 1.53
16446.90 2.26
16448.02 1.63
16449.14 0.82
16450.26 0.91
16451.38 1.45
16452.50 0.73
16453.62 1.36
16454.75 0.68
16455.87 1.34
16457.00 1.67
16458.11 0.84
16459.23 0.42
16460.36 0.21
16461.48 0.10
16462.59 0.05
16463.71 1.03
16464.83 0.51
16465.96 1.26
16467.08 0.63
16468.20 1.81
16469.31 0.91
16470.43 0.45
16471.56 1.23
16472.68 2.11
16473.81 2.06
16474.94 2.53
16476.07 2.26
16477.19 1.13
16478.31 0.57
16479.44 0.28
16480.56 0.14
16481.68 1.07
16482.81 2.04
16483.93 1.02
16485.05 1.01
16486.17 0.50
16487.28 0.25
16488.40 0.13
16489.52 1.06
16490.63 0.53
16491.76 0.77
16492.88 0.38
16494.00 0.19
16495.10 0.10
16496.22 0.05
16497.34 0.52
16498.47 0.76
16499.58 0.38
16500.70 0.19
16501.82 1.60
16502.94 0.80
16504.06 0.90
16505.17 1.95
16506.30 0.97
16507.41 1.99
16508.54 1.49
16509.67 1.75
16510.80 1.37
16511.91 0.69
16513.04 1.34
16514.15 1.67
16515.28 0.84
16516.41 0.92
16517.53 0.96
16518.65 0.48
16519.77 1.74
16520.90 0.87
16522.01 0.43
16523.12 0.22
16524.25 1.61
16525.37 0.80
16526.48 0.40
16527.60 1.20
16528.71 0.60
16529.83 0.30
16530.95 0.65
16532.07 1.33
16533.19 1.66
16534.32 0.83
16535.44 1.92
16536.58 1.46
16537.70 0.73
16538.82 1.86
16539.94 1.93
16541.07 0.97
16542.19 1.98
16543.32 1.49
16544.44 0.75
16545.56 0.37
16546.68 0.69
16547.81 0.84
16548.93 0.92
16550.05 1.46
16551.17 0.73
16552.29 0.37
16553.41 1.18
16554.54 1.09
16555.66 0.55
16556.78 0.27
16557.90 0.14
16559.01 0.57
16560.14 1.78
16561.26 2.39
16562.39 1.20
16563.50 1.60
16564.62 0.80
16565.74 1.40
16566.86 0.70
16567.97 0.35
16569.09 0.17
16570.20 0.09
16571.31 1.54
16572.44 2.27
16573.56 1.14
16574.69 2.07
16575.81 2.03
16576.94 2.52
16578.07 2.26
16579.20 2.13
16580.32 1.06
16581.44 2.03
16582.56 1.02
16583.68 0.51
16584.80 0.25
16585.92 1.63
16587.05 2.31
16588.17 1.66
16589.30 1.83
16590.42 1.91
16591.55 0.96
16592.66 0.48
16593.79 1.24
16594.91 0.62
16596.03 0.31
16597.16 1.65
16598.28 0.83
16599.40 0.41
16600.51 0.21
16601.63 0.10
16602.75 0.05
16603.86 0.03
16604.97 0.51
16606.10 1.26
16607.23 0.63
16608.35 0.31
16609.48 0.66
16610.60 1.33
16611.72 0.66
16612.84 0.83
16613.97 1.42
16615.09 0.71
16616.21 1.85
16617.35 1.93
16618.47 0.96
16619.59 0.48
16620.72 1.24
16621.84 1.12
16622.97 0.56
16624.09 1.28
16625.21 0.64
16626.34 1.82
16627.47 2.41
16628.60 2.21
16629.73 2.10
16630.85 1.05
16631.97 1.53
16633.10 0.76
16634.22 0.38
16635.35 1.19
16636.47 0.60
16637.60 0.80
16638.71 1.40
16639.83 0.70
16640.95 0.35
16642.08 1.67
16643.20 1.34
16644.33 1.17
16645.46 0.58
16646.58 2.29
16647.71 2.15
16648.84 2.07
16649.97 2.04
16651.09 2.02
16652.21 1.01
16653.34 0.50
16654.44 1.75
16655.57 1.88
16656.70 2.44
16657.82 1.72
16658.95 1.36
16660.08 1.68
16661.19 0.84
16662.32 0.92
16663.44 0.46
16664.57 0.23
16665.68 0.11
16666.80 0.06
16667.91 0.03
16669.02 1.51
16670.15 0.76
16671.27 0.88
16672.39 0.44
16673.50 0.22
16674.62 0.61
16675.75 1.30
16676.87 2.65
16678.00 2.33
16679.11 1.16
16680.24 0.58
16681.36 0.79
16682.48 0.40
16683.59 0.20
16684.70 0.10
16685.81 0.05
16686.92 0.02
16688.03 0.01
16689.15 1.51
16690.27 1.75
16691.40 0.88
16692.51 0.44
16693.64 1.22
16694.76 0.61
16695.89 2.30
16697.00 2.15
16698.12 1.08
16699.24 0.54
16700.36 0.27
16701.48 0.13
16702.60 1.07
16703.73 2.03
16704.85 2.02
16705.97 1.01
16707.09 2.00
16708.20 1.00
16709.31 0.50
16710.44 1.75
16711.56 0.88
16712.68 1.44
16713.81 1.72
16714.94 1.86
16716.07 0.93
16717.18 0.46
16718.31 0.23
16719.43 1.62
16720.56 1.31
16721.68 1.65
16722.81 0.83
16723.93 1.41
16725.06 1.21
16726.18 0.60
16727.30 1.80
16728.42 2.40
16729.54 1.20
16730.66 0.60
16731.78 1.80
16732.90 2.40
16734.02 2.70
16735.14 1.85
16736.26 0.93
16737.39 1.46
16738.52 1.23
16739.65 1.12
16740.78 0.56
16741.90 1.28
16743.02 0.64
16744.13 0.82
16745.26 1.91
16746.39 1.95
16747.52 0.98
16748.64 1.99
16749.76 0.99
16750.89 1.50
16752.00 0.75
16753.12 1.37
16754.24 0.69
16755.36 0.84
16756.49 0.92
16757.61 0.46
16758.73 1.23
16759.86 0.62
16760.98 1.81
16762.11 1.90
16763.23 1.45
16764.35 0.73
16765.48 1.36
16766.60 1.18
16767.73 1.59
16768.85 2.30
16769.97 1.15
16771.10 1.07
16772.22 0.54
16773.34 0.27
16774.47 1.13
16775.59 0.57
16776.71 0.28
16777.84 0.64
16778.95 0.32
16780.07 0.16
16781.18 0.08
16782.30 1.54
16783.43 1.27
16784.55 0.64
16785.67 0.32
16786.80 0.66
16787.91 0.33
16789.04 1.16
16790.16 0.58
16791.28 0.29
16792.41 1.65
16793.54 1.82
16794.67 1.41
16795.79 0.71
16796.92 1.85
16798.05 2.43
16799.17 1.21
16800.30 2.11
16801.42 1.05
16802.55 1.53
16803.68 1.26
16804.80 0.63
16805.92 0.82
16807.03 0.41
16808.15 0.70
16809.27 0.85
16810.39 0.93
16811.52 1.46
16812.64 0.73
16813.76 0.37
16814.89 0.68
16816.00 0.34
16817.11 0.67
16818.24 0.84
16819.36 0.42
16820.49 1.21
16821.61 0.60
16822.73 1.30
16823.85 0.65
16824.97 0.33
16826.09 1.66
16827.21 0.83
16828.34 0.42
16829.46 0.21
16830.57 0.60
16831.69 0.80
16832.81 1.90
16833.93 1.45
16835.06 0.73
16836.18 0.86
