91586.63 0.03
91587.75 0.01
91588.86 0.01
91589.98 0.00
91591.09 0.00
91592.20 0.00
91593.30 0.00
91594.40 0.00
91595.51 0.00
91596.62 0.00
91597.73 0.00
91598.85 0.00
91599.96 0.00
91601.07 0.00
91602.17 0.00
91603.28 0.00
91604.39 0.00
91605.51 0.00
91606.62 0.00
91607.73 0.00
91608.85 0.00
91609.96 0.00
91611.07 0.00
91612.18 0.00
91613.28 0.00
91614.39 0.00
91615.51 0.00
91616.62 0.00
91617.73 0.00
91618.85 0.00
91619.96 0.00
91621.07 0.00
91622.18 0.00
91623.29 0.00
91624.40 0.00
91625.51 0.00
91626.62 0.00
91627.73 0.00
91628.85 0.00
91629.96 0.00
91631.07 0.00
91632.17 0.00
91633.28 0.00
91634.39 0.00
91635.51 0.00
91636.62 0.00
91637.73 0.00
91638.85 0.00
91639.96 0.00
91641.07 0.00
91642.17 0.00
91643.28 0.00
91644.39 0.00
91645.51 0.00
91646.62 0.00
91647.73 0.00
91648.85 0.00
91649.96 0.00
91651.07 0.00
91652.17 0.00
91653.28 0.00
91654.39 0.00
91655.51 0.00
91656.62 0.00
91657.73 0.00
91658.85 0.00
91659.96 0.00
91661.07 0.00
91662.17 0.00
91663.28 0.00
91664.39 0.00
91665.50 0.00
91666.60 0.00
91667.70 0.00
91668.80 0.00
91669.91 0.00
91671.02 0.00
91672.13 0.00
91673.25 0.00
91674.35 0.00
91675.46 0.00
91676.57 0.00
91677.68 0.00
91678.79 0.00
91679.91 0.00
91681.02 0.00
91682.13 0.00
91683.25 0.00
91684.35 0.00
91685.46 0.00
91686.58 0.00
91687.68 0.00
91688.79 0.50
91689.92 0.25
91691.04 0.12
91692.16 0.06
91693.28 0.03
91694.40 0.02
91695.52 0.01
91696.64 0.00
91697.75 0.50
91698.87 0.25
91699.99 0.13
91701.12 0.06
91702.25 0.03
91703.35 0.02
91704.47 0.01
91705.59 0.00
91706.70 0.00
91707.80 0.00
91708.91 0.00
91710.02 0.00
91711.13 0.50
91712.26 0.75
91713.39 0.38
91714.52 0.19
91715.64 0.09
91716.76 0.05
91717.89 0.02
91719.00 0.01
91720.08 0.01
91721.21 0.50
91722.32 0.25
91723.45 0.13
91724.58 0.06
91725.70 0.53
91726.82 0.27
91727.96 0.63
91729.08 0.32
91730.21 0.16
91731.33 0.08
91732.45 0.04
91733.57 0.52
91734.70 0.26
91735.82 0.13
91736.95 0.06
91738.07 0.53
91739.20 0.27
91740.32 0.13
91741.44 0.07
91742.57 0.03
91743.68 0.52
91744.81 0.26
91745.94 0.13
91747.07 0.06
91748.18 0.03
91749.30 0.02
91750.42 0.51
91751.55 0.25
91752.67 0.13
91753.80 0.06
91754.92 0.03
91756.03 0.02
91757.14 0.01
91758.27 0.00
91759.38 0.00
91760.50 0.50
91761.60 0.25
91762.72 0.13
91763.86 0.56
91764.98 0.78
91766.11 0.39
91767.25 0.20
91768.36 0.10
91769.48 0.05
91770.60 0.02
91771.71 0.01
91772.83 0.01
91773.96 0.00
91775.07 0.00
91776.17 0.00
91777.28 0.00
91778.39 0.00
91779.51 0.00
91780.62 0.00
91781.73 0.00
91782.85 0.00
91783.96 0.00
91785.07 0.00
91786.17 0.00
91787.28 0.00
91788.39 0.00
91789.50 0.00
91790.60 0.00
91791.70 0.00
91792.80 0.00
91793.91 0.00
91795.02 0.00
91796.13 0.00
91797.25 0.00
91798.35 0.00
91799.46 0.00
91800.58 0.00
91801.69 0.00
91802.80 0.00
91803.91 0.00
91805.02 0.00
91806.13 0.00
91807.25 0.00
91808.37 0.00
91809.48 0.00
91810.60 0.00
91811.70 0.00
91812.80 0.00
91813.91 0.50
91815.03 0.25
91816.15 0.12
91817.28 0.06
91818.40 0.03
91819.53 0.52
91820.66 0.76
91821.78 0.38
91822.91 0.19
91824.03 0.09
91825.15 0.55
91826.28 0.27
91827.41 0.14
91828.54 0.07
91829.66 0.03
91830.78 0.02
91831.90 0.01
91833.01 0.50
91834.13 0.25
91835.26 0.13
91836.39 0.56
91837.52 0.28
91838.64 0.14
91839.77 0.07
91840.89 0.04
91842.01 0.02
91843.12 0.01
91844.25 0.00
91845.35 0.00
91846.46 0.00
91847.57 0.00
91848.68 0.00
91849.79 0.00
91850.92 0.50
91852.03 0.25
91853.15 0.13
91854.28 0.06
91855.41 0.53
91856.54 0.27
91857.67 0.13
91858.79 0.07
91859.92 0.03
91861.03 0.02
91862.14 0.01
91863.27 0.50
91864.39 0.25
91865.53 0.13
91866.65 0.06
91867.78 0.53
91868.90 0.27
91870.02 0.13
91871.14 0.07
91872.26 0.03
91873.38 0.02
91874.50 0.01
91875.60 0.00
91876.71 0.00
91877.82 0.00
91878.93 0.00
91880.04 0.00
91881.14 0.00
91882.26 0.00
91883.37 0.00
91884.49 0.50
91885.61 0.25
91886.74 0.13
91887.88 0.56
91889.01 0.78
91890.12 0.39
91891.25 0.20
91892.37 0.10
91893.49 0.05
91894.61 0.02
91895.73 0.01
91896.85 0.01
91897.96 0.00
91899.07 0.00
91900.18 0.00
91901.29 0.00
91902.40 0.50
91903.53 0.25
91904.65 0.13
91905.78 0.56
91906.91 0.28
91908.03 0.14
91909.15 0.07
91910.28 0.04
91911.39 0.02
91912.52 0.01
91913.64 0.00
91914.75 0.50
91915.87 0.25
91917.00 0.13
91918.09 0.06
91919.21 0.03
91920.32 0.02
91921.44 0.01
91922.57 0.50
91923.68 0.25
91924.80 0.13
91925.92 0.06
91927.04 0.03
91928.15 0.02
91929.28 0.01
91930.40 0.50
91931.52 0.25
91932.64 0.63
91933.78 0.81
91934.91 0.41
91936.03 0.20
91937.14 0.10
91938.27 0.05
91939.39 0.03
91940.51 0.01
91941.63 0.01
91942.75 0.00
91943.86 0.00
91944.97 0.00
91946.07 0.00
91947.18 0.00
91948.29 0.00
91949.40 0.00
91950.51 0.00
91951.62 0.50
91952.75 0.25
91953.87 0.13
91955.00 0.06
91956.08 0.03
91957.20 0.02
91958.31 0.01
91959.42 0.00
91960.55 0.50
91961.67 0.25
91962.79 0.13
91963.92 0.06
91965.04 0.03
91966.15 0.02
91967.28 0.01
91968.39 0.00
91969.51 0.00
91970.63 0.50
91971.75 0.25
91972.87 0.13
91974.00 0.06
91975.08 0.03
91976.20 0.02
91977.31 0.01
91978.42 0.00
91979.54 0.00
91980.65 0.00
91981.76 0.50
91982.89 0.25
91984.01 0.13
91985.14 0.06
91986.26 0.53
91987.39 0.27
91988.52 0.13
91989.64 0.07
91990.76 0.03
91991.89 0.02
91993.00 0.01
91994.12 0.00
91995.23 0.00
91996.34 0.50
91997.46 0.25
91998.60 0.13
91999.73 0.56
92000.87 0.78
92001.99 0.39
92003.11 0.20
92004.24 0.10
92005.36 0.55
92006.48 0.77
92007.61 0.39
92008.74 0.19
92009.87 0.10
92010.99 0.05
92012.11 0.02
92013.24 0.51
92014.37 0.76
92015.50 0.38
92016.61 0.19
92017.74 0.09
92018.87 0.55
92019.99 0.27
92021.11 0.14
92022.25 0.07
92023.36 0.53
92024.49 0.27
92025.62 0.13
92026.75 0.57
92027.88 0.78
92029.00 0.39
92030.11 0.20
92031.25 0.10
92032.37 0.55
92033.49 0.27
92034.63 0.64
92035.76 0.82
92036.89 0.41
92038.01 0.20
92039.12 0.10
92040.25 0.05
92041.35 0.03
92042.47 0.01
92043.60 0.01
92044.71 0.00
92045.82 0.00
92046.93 0.00
92048.04 0.00
92049.15 0.50
92050.28 0.75
92051.40 0.38
92052.53 0.69
92053.65 0.34
92054.78 0.17
92055.91 0.59
92057.03 0.29
92058.15 0.15
92059.28 0.07
92060.40 0.04
92061.52 0.02
92062.64 0.51
92063.78 0.75
92064.90 0.88
92066.02 0.44
92067.14 0.72
92068.28 0.36
92069.41 0.68
92070.53 0.84
92071.66 0.42
92072.78 0.21
92073.92 0.10
92075.04 0.55
92076.16 0.28
92077.30 0.64
92078.42 0.32
92079.55 0.16
92080.67 0.58
92081.80 0.29
92082.92 0.14
92084.05 0.07
92085.16 0.04
92086.28 0.02
92087.39 0.01
92088.51 0.00
92089.62 0.00
92090.73 0.00
92091.85 0.00
92092.96 0.00
92094.07 0.50
92095.19 0.25
92096.32 0.13
92097.45 0.06
92098.58 0.53
92099.69 0.27
92100.82 0.13
92101.96 0.57
92103.08 0.28
92104.21 0.14
92105.33 0.07
92106.45 0.04
92107.57 0.02
92108.69 0.01
92109.81 0.50
92110.93 0.25
92112.06 0.13
92113.18 0.06
92114.30 0.03
92115.41 0.02
92116.53 0.51
92117.67 0.25
92118.79 0.13
92119.92 0.06
92121.04 0.03
92122.15 0.02
92123.28 0.51
92124.41 0.25
92125.54 0.63
92126.67 0.31
92127.79 0.16
92128.92 0.08
92130.05 0.54
92131.17 0.27
92132.30 0.13
92133.42 0.07
92134.55 0.53
92135.67 0.27
92136.80 0.13
92137.92 0.07
92139.04 0.03
92140.15 0.02
92141.28 0.01
92142.39 0.00
92143.51 0.00
92144.62 0.00
92145.73 0.00
92146.85 0.50
92147.97 0.75
92149.10 0.88
92150.24 0.44
92151.36 0.22
92152.50 0.61
92153.61 0.30
92154.73 0.15
92155.86 0.08
92156.98 0.54
92158.11 0.27
92159.25 0.63
92160.38 0.32
92161.51 0.16
92162.64 0.08
92163.75 0.04
92164.87 0.02
92165.98 0.01
92167.10 0.00
92168.20 0.00
92169.30 0.00
92170.40 0.50
92171.53 0.25
92172.65 0.13
92173.78 0.06
92174.89 0.03
92176.00 0.02
92177.10 0.01
92178.22 0.00
92179.33 0.00
92180.44 0.00
92181.55 0.00
92182.66 0.50
92183.79 0.75
92184.92 0.38
92186.04 0.19
92187.16 0.09
92188.28 0.05
92189.39 0.52
92190.53 0.26
92191.65 0.13
92192.78 0.07
92193.89 0.03
92195.00 0.02
92196.11 0.01
92197.23 0.00
92198.34 0.00
92199.46 0.50
92200.58 0.25
92201.70 0.13
92202.82 0.56
92203.95 0.28
92205.07 0.14
92206.18 0.57
92207.31 0.29
92208.43 0.14
92209.56 0.07
92210.67 0.04
92211.78 0.02
92212.90 0.01
92214.01 0.00
92215.11 0.00
92216.23 0.00
92217.35 0.00
92218.45 0.00
92219.57 0.50
92220.69 0.75
92221.82 0.38
92222.95 0.19
92224.07 0.59
92225.19 0.30
92226.31 0.15
92227.43 0.07
92228.56 0.04
92229.67 0.02
92230.78 0.01
92231.90 0.00
92233.01 0.50
92234.12 0.25
92235.25 0.13
92236.38 0.06
92237.50 0.03
92238.60 0.02
92239.71 0.51
92240.85 0.25
92241.97 0.13
92243.10 0.06
92244.23 0.53
92245.35 0.27
92246.47 0.13
92247.60 0.07
92248.71 0.03
92249.82 0.02
92250.94 0.01
92252.05 0.00
92253.15 0.00
92254.27 0.00
92255.38 0.50
92256.50 0.25
92257.61 0.13
92258.74 0.56
92259.87 0.28
92260.99 0.14
92262.10 0.07
92263.22 0.04
92264.34 0.02
92265.46 0.51
92266.60 0.75
92267.71 0.38
92268.85 0.19
92269.97 0.59
92271.10 0.30
92272.22 0.15
92273.35 0.07
92274.46 0.04
92275.58 0.02
92276.69 0.01
92277.80 0.00
92278.91 0.00
92280.02 0.50
92281.14 0.25
92282.27 0.13
92283.39 0.56
92284.53 0.28
92285.65 0.14
92286.77 0.07
92287.89 0.54
92289.03 0.77
92290.14 0.38
92291.27 0.19
92292.39 0.10
92293.51 0.05
92294.63 0.02
92295.75 0.51
92296.88 0.26
92298.00 0.13
92299.12 0.56
92300.25 0.28
92301.36 0.14
92302.49 0.07
92303.61 0.04
92304.73 0.02
92305.86 0.51
92306.99 0.25
92308.10 0.13
92309.23 0.06
92310.35 0.03
92311.46 0.02
92312.59 0.01
92313.70 0.00
92314.80 0.00
92315.91 0.00
92317.02 0.00
92318.12 0.00
92319.24 0.00
92320.35 0.50
92321.47 0.25
92322.60 0.13
92323.73 0.56
92324.85 0.28
92325.97 0.14
92327.10 0.07
92328.21 0.04
92329.32 0.02
92330.45 0.51
92331.58 0.25
92332.70 0.13
92333.82 0.06
92334.95 0.53
92336.07 0.77
92337.20 0.38
92338.32 0.19
92339.44 0.10
92340.57 0.05
92341.68 0.52
92342.81 0.26
92343.94 0.13
92345.07 0.07
92346.18 0.03
92347.30 0.02
92348.42 0.01
92349.53 0.00
92350.64 0.00
92351.76 0.50
92352.89 0.25
92354.00 0.13
92355.12 0.06
92356.25 0.03
92357.35 0.02
92358.47 0.01
92359.59 0.50
92360.71 0.25
92361.83 0.13
92362.96 0.06
92364.09 0.03
92365.20 0.02
92366.31 0.01
92367.42 0.00
92368.55 0.50
92369.67 0.25
92370.79 0.13
92371.92 0.06
92373.04 0.53
92374.17 0.27
92375.30 0.13
92376.42 0.07
92377.54 0.03
92378.66 0.52
92379.79 0.76
92380.92 0.38
92382.04 0.19
92383.16 0.09
92384.29 0.55
92385.41 0.27
92386.54 0.14
92387.67 0.07
92388.78 0.03
92389.90 0.02
92391.01 0.01
92392.12 0.00
92393.24 0.00
92394.35 0.00
92395.46 0.00
92396.57 0.00
92397.68 0.50
92398.80 0.25
92399.92 0.13
92401.05 0.06
92402.16 0.03
92403.28 0.02
92404.40 0.51
92405.53 0.25
92406.66 0.13
92407.78 0.06
92408.90 0.03
92410.02 0.52
92411.14 0.26
92412.27 0.13
92413.39 0.06
92414.52 0.53
92415.65 0.77
92416.77 0.38
92417.89 0.19
92419.01 0.60
92420.13 0.30
92421.25 0.15
92422.39 0.57
92423.51 0.29
92424.64 0.14
92425.76 0.07
92426.89 0.04
92428.00 0.02
92429.10 0.51
92430.24 0.25
92431.36 0.13
92432.49 0.06
92433.62 0.53
92434.74 0.27
92435.87 0.13
92437.00 0.57
92438.10 0.28
92439.22 0.14
92440.35 0.07
92441.46 0.04
92442.59 0.02
92443.70 0.01
92444.81 0.00
92445.92 0.50
92447.04 0.25
92448.16 0.13
92449.29 0.06
92450.41 0.03
92451.53 0.02
92452.65 0.01
92453.76 0.00
92454.88 0.00
92455.98 0.00
92457.10 0.00
92458.20 0.00
92459.30 0.00
92460.40 0.50
92461.53 0.25
92462.65 0.13
92463.78 0.56
92464.91 0.28
92466.03 0.14
92467.15 0.07
92468.28 0.04
92469.39 0.02
92470.51 0.01
92471.63 0.00
92472.74 0.00
92473.86 0.50
92474.97 0.25
92476.10 0.13
92477.23 0.06
92478.35 0.53
92479.47 0.27
92480.60 0.13
92481.73 0.57
92482.85 0.78
92483.98 0.39
92485.10 0.20
92486.22 0.10
92487.34 0.05
92488.46 0.02
92489.57 0.01
92490.68 0.01
92491.79 0.00
92492.90 0.00
92494.00 0.00
92495.10 0.00
92496.20 0.00
92497.30 0.00
92498.40 0.50
92499.53 0.25
92500.65 0.13
92501.78 0.06
92502.90 0.03
92504.01 0.02
92505.12 0.01
92506.25 0.00
92507.35 0.00
92508.46 0.00
92509.57 0.00
92510.68 0.00
92511.79 0.50
92512.92 0.25
92514.05 0.13
92515.17 0.06
92516.29 0.03
92517.40 0.02
92518.51 0.01
92519.63 0.00
92520.74 0.00
92521.85 0.00
92522.96 0.00
92524.08 0.50
92525.20 0.25
92526.32 0.13
92527.45 0.06
92528.57 0.03
92529.69 0.02
92530.80 0.01
92531.92 0.00
92533.03 0.50
92534.14 0.25
92535.28 0.13
92536.40 0.06
92537.52 0.03
92538.64 0.02
92539.75 0.01
92540.87 0.00
92541.98 0.00
92543.09 0.00
92544.19 0.00
92545.30 0.00
92546.40 0.00
92547.51 0.00
92548.62 0.00
92549.74 0.50
92550.86 0.25
92551.98 0.13
92553.10 0.56
92554.25 0.28
92555.35 0.14
92556.48 0.57
92557.61 0.29
92558.74 0.64
92559.87 0.32
92561.00 0.16
92562.10 0.58
92563.23 0.29
92564.35 0.15
92565.48 0.07
92566.60 0.04
92567.71 0.02
92568.83 0.01
92569.95 0.00
92571.06 0.00
92572.16 0.00
92573.28 0.00
92574.39 0.00
92575.50 0.00
92576.60 0.00
92577.70 0.00
92578.82 0.50
92579.93 0.25
92581.06 0.13
92582.19 0.06
92583.31 0.03
92584.42 0.02
92585.55 0.01
92586.67 0.00
92587.78 0.00
92588.89 0.00
92590.00 0.00
92591.09 0.50
92592.20 0.25
92593.32 0.13
92594.45 0.56
92595.58 0.28
92596.70 0.14
92597.82 0.07
92598.94 0.04
92600.06 0.02
92601.17 0.01
92602.29 0.50
92603.42 0.25
92604.55 0.13
92605.67 0.06
92606.79 0.03
92607.91 0.02
92609.03 0.01
92610.14 0.50
92611.27 0.25
92612.39 0.13
92613.53 0.06
92614.64 0.03
92615.76 0.02
92616.89 0.01
92618.00 0.00
92619.08 0.00
92620.18 0.00
92621.30 0.50
92622.41 0.25
92623.54 0.63
92624.67 0.31
92625.80 0.16
92626.92 0.08
92628.04 0.04
92629.15 0.02
92630.28 0.01
92631.39 0.00
92632.51 0.00
92633.62 0.00
92634.73 0.00
92635.85 0.00
92636.96 0.00
92638.07 0.00
92639.18 0.00
92640.29 0.00
92641.40 0.00
92642.51 0.00
92643.62 0.00
92644.73 0.00
92645.85 0.00
92646.96 0.00
92648.07 0.00
92649.18 0.00
92650.29 0.00
92651.40 0.00
92652.52 0.50
92653.64 0.25
92654.76 0.12
92655.89 0.06
92657.00 0.03
92658.10 0.02
92659.22 0.01
92660.34 0.00
92661.45 0.00
92662.57 0.50
92663.69 0.25
92664.81 0.13
92665.94 0.06
92667.06 0.03
92668.17 0.02
92669.29 0.01
92670.40 0.00
92671.51 0.00
92672.62 0.00
92673.73 0.00
92674.85 0.00
92675.96 0.00
92677.07 0.00
92678.17 0.00
92679.28 0.00
92680.39 0.00
92681.50 0.00
92682.60 0.00
92683.70 0.00
92684.80 0.00
92685.92 0.50
92687.03 0.25
92688.15 0.13
92689.29 0.06
92690.41 0.03
92691.53 0.02
92692.65 0.01
92693.76 0.00
92694.89 0.50
92696.00 0.25
92697.09 0.13
92698.21 0.06
92699.33 0.03
92700.45 0.02
92701.57 0.01
92702.68 0.00
92703.79 0.50
92704.92 0.25
92706.04 0.13
92707.16 0.06
92708.29 0.53
92709.41 0.77
92710.54 0.38
92711.67 0.69
92712.78 0.85
92713.92 0.42
92715.04 0.21
92716.16 0.11
92717.29 0.05
92718.40 0.03
92719.52 0.01
92720.64 0.01
92721.75 0.00
92722.87 0.00
92723.98 0.00
92725.09 0.50
92726.21 0.25
92727.34 0.13
92728.46 0.56
92729.60 0.28
92730.71 0.14
92731.85 0.07
92732.96 0.04
92734.09 0.02
92735.21 0.01
92736.32 0.00
92737.43 0.00
92738.56 0.50
92739.67 0.25
92740.80 0.13
92741.92 0.06
92743.04 0.03
92744.16 0.52
92745.30 0.76
92746.42 0.38
92747.55 0.19
92748.67 0.09
92749.79 0.55
92750.92 0.27
92752.04 0.14
92753.16 0.07
92754.28 0.03
92755.40 0.02
92756.52 0.51
92757.65 0.25
92758.78 0.13
92759.91 0.06
92761.03 0.03
92762.14 0.02
92763.27 0.51
92764.39 0.25
92765.53 0.13
92766.65 0.06
92767.77 0.03
92768.90 0.52
92770.02 0.26
92771.14 0.63
92772.28 0.31
92773.40 0.16
92774.53 0.08
92775.65 0.54
92776.77 0.27
92777.90 0.13
92779.02 0.07
92780.13 0.03
92781.25 0.02
92782.37 0.51
92783.51 0.75
92784.64 0.38
92785.76 0.19
92786.89 0.09
92788.00 0.55
92789.12 0.27
92790.25 0.14
92791.38 0.57
92792.51 0.28
92793.64 0.14
92794.76 0.07
92795.89 0.04
92797.00 0.02
92798.10 0.01
92799.22 0.00
92800.33 0.00
92801.44 0.00
92802.55 0.50
92803.67 0.25
92804.79 0.13
92805.92 0.06
92807.04 0.03
92808.15 0.02
92809.28 0.01
92810.39 0.00
92811.51 0.50
92812.62 0.25
92813.75 0.13
92814.89 0.56
92816.00 0.28
92817.11 0.14
92818.25 0.57
92819.37 0.29
92820.50 0.14
92821.60 0.07
92822.71 0.04
92823.85 0.52
92824.96 0.26
92826.08 0.13
92827.21 0.06
92828.33 0.03
92829.45 0.02
92830.57 0.01
92831.68 0.00
92832.78 0.00
92833.89 0.00
92835.00 0.00
92836.08 0.00
92837.18 0.00
92838.29 0.50
92839.42 0.25
92840.55 0.13
92841.67 0.06
92842.80 0.53
92843.92 0.27
92845.04 0.13
92846.16 0.07
92847.28 0.03
92848.39 0.02
92849.51 0.51
92850.64 0.75
92851.77 0.38
92852.90 0.19
92854.02 0.09
92855.13 0.05
92856.25 0.02
92857.36 0.01
92858.47 0.01
92859.59 0.00
92860.70 0.00
92861.80 0.00
92862.91 0.00
92864.02 0.00
92865.12 0.00
92866.24 0.00
92867.35 0.00
92868.46 0.00
92869.57 0.00
92870.68 0.00
92871.78 0.00
92872.90 0.00
92874.00 0.00
92875.10 0.00
92876.21 0.00
92877.32 0.00
92878.43 0.00
92879.55 0.00
92880.66 0.00
92881.77 0.00
92882.89 0.00
92884.00 0.00
92885.07 0.00
92886.17 0.00
92887.28 0.00
92888.39 0.00
92889.51 0.00
92890.62 0.00
92891.73 0.00
92892.85 0.00
92893.96 0.00
92895.07 0.00
92896.17 0.00
92897.28 0.00
92898.39 0.00
92899.50 0.00
92900.60 0.00
92901.70 0.00
92902.80 0.00
92903.91 0.00
92905.02 0.00
92906.12 0.00
92907.24 0.00
92908.35 0.00
92909.46 0.00
92910.57 0.00
92911.68 0.50
92912.80 0.25
92913.92 0.12
92915.06 0.56
92916.18 0.28
92917.31 0.14
92918.43 0.07
92919.56 0.54
92920.69 0.77
92921.82 0.38
92922.95 0.19
92924.07 0.10
92925.18 0.05
92926.31 0.52
92927.43 0.26
92928.57 0.13
92929.69 0.07
92930.81 0.03
92931.93 0.02
92933.05 0.01
92934.16 0.50
92935.29 0.25
92936.41 0.13
92937.54 0.06
92938.66 0.03
92939.78 0.02
92940.90 0.51
92942.03 0.75
92943.14 0.38
92944.28 0.19
92945.39 0.09
92946.51 0.05
92947.63 0.02
92948.75 0.01
92949.86 0.01
92950.97 0.00
92952.08 0.50
92953.21 0.25
92954.33 0.13
92955.46 0.56
92956.59 0.28
92957.71 0.14
92958.82 0.07
92959.95 0.04
92961.07 0.02
92962.18 0.01
92963.29 0.00
92964.39 0.00
92965.50 0.00
92966.60 0.00
92967.70 0.00
92968.80 0.00
92969.91 0.00
92971.02 0.00
92972.12 0.00
92973.24 0.00
92974.35 0.00
92975.46 0.00
92976.57 0.00
92977.68 0.00
92978.79 0.00
92979.91 0.00
92981.02 0.00
92982.12 0.00
92983.24 0.00
92984.35 0.00
92985.45 0.00
92986.57 0.00
92987.67 0.00
92988.78 0.00
92989.91 0.50
92991.03 0.25
92992.14 0.12
92993.28 0.06
92994.39 0.03
92995.51 0.02
92996.63 0.01
92997.74 0.00
92998.85 0.00
92999.96 0.00
93001.07 0.00
93002.17 0.00
93003.28 0.00
93004.39 0.00
93005.51 0.00
93006.62 0.00
93007.73 0.00
93008.85 0.00
93009.96 0.00
93011.08 0.50
93012.20 0.25
93013.32 0.13
93014.45 0.06
93015.57 0.03
93016.69 0.02
93017.81 0.01
93018.93 0.50
93020.07 0.25
93021.19 0.13
93022.31 0.06
93023.42 0.53
93024.57 0.77
93025.70 0.88
93026.81 0.44
93027.94 0.22
93029.07 0.11
93030.18 0.56
93031.32 0.28
93032.45 0.14
93033.57 0.07
93034.69 0.03
93035.80 0.02
93036.92 0.01
93038.03 0.00
93039.14 0.00
93040.25 0.00
93041.36 0.00
93042.47 0.00
93043.59 0.00
93044.70 0.00
93045.80 0.00
93046.91 0.00
93048.02 0.00
93049.12 0.50
93050.25 0.25
93051.38 0.13
93052.52 0.06
93053.64 0.03
93054.75 0.02
93055.88 0.51
93057.01 0.25
93058.13 0.13
93059.26 0.06
93060.39 0.53
93061.51 0.27
93062.64 0.63
93063.76 0.32
93064.89 0.16
93066.01 0.08
93067.12 0.04
93068.25 0.52
93069.37 0.26
93070.50 0.13
93071.61 0.06
93072.73 0.03
93073.85 0.02
93074.97 0.01
93076.08 0.00
93077.18 0.00
93078.29 0.50
93079.41 0.25
93080.54 0.13
93081.67 0.06
93082.78 0.03
93083.90 0.02
93085.01 0.01
93086.12 0.00
93087.24 0.00
93088.35 0.00
93089.46 0.00
93090.58 0.50
93091.70 0.25
93092.82 0.13
93093.95 0.06
93095.07 0.03
93096.18 0.02
93097.30 0.01
93098.41 0.00
93099.53 0.00
93100.64 0.00
93101.75 0.50
93102.87 0.25
93104.00 0.13
93105.09 0.06
93106.21 0.03
93107.32 0.02
93108.44 0.01
93109.56 0.50
93110.68 0.25
93111.81 0.63
93112.95 0.81
93114.08 0.41
93115.21 0.20
93116.32 0.10
93117.44 0.05
93118.57 0.03
93119.68 0.01
93120.80 0.01
93121.92 0.00
93123.03 0.50
93124.14 0.25
93125.28 0.13
93126.40 0.06
93127.52 0.03
93128.64 0.02
93129.75 0.01
93130.87 0.00
93131.98 0.00
93133.09 0.00
93134.20 0.00
93135.30 0.00
93136.40 0.00
93137.51 0.00
93138.62 0.00
93139.73 0.00
93140.85 0.00
93141.96 0.00
93143.07 0.00
93144.16 0.00
93145.28 0.50
93146.40 0.25
93147.53 0.13
93148.66 0.56
93149.78 0.28
93150.91 0.14
93152.03 0.57
93153.16 0.29
93154.29 0.14
93155.42 0.07
93156.54 0.04
93157.66 0.02
93158.78 0.51
93159.92 0.25
93161.04 0.13
93162.16 0.06
93163.28 0.03
93164.40 0.52
93165.53 0.26
93166.66 0.13
93167.78 0.06
93168.91 0.03
93170.03 0.02
93171.14 0.01
93172.26 0.00
93173.37 0.00
93174.48 0.00
93175.60 0.00
93176.70 0.00
93177.80 0.00
93178.91 0.00
93180.02 0.50
93181.13 0.25
93182.26 0.63
93183.39 0.81
93184.53 0.41
93185.65 0.20
93186.77 0.10
93187.89 0.05
93189.00 0.03
93190.10 0.01
93191.22 0.51
93192.35 0.25
93193.48 0.13
93194.61 0.06
93195.73 0.53
93196.87 0.27
93198.00 0.13
93199.09 0.07
93200.21 0.53
93201.34 0.27
93202.46 0.13
93203.60 0.07
93204.71 0.03
93205.82 0.02
93206.94 0.01
93208.06 0.00
93209.15 0.00
93210.27 0.00
93211.38 0.50
93212.51 0.25
93213.64 0.13
93214.77 0.56
93215.89 0.28
93217.01 0.14
93218.13 0.07
93219.25 0.54
93220.39 0.27
93221.52 0.13
93222.64 0.07
93223.76 0.03
93224.89 0.02
93226.00 0.51
93227.11 0.25
93228.25 0.63
93229.37 0.31
93230.50 0.16
93231.61 0.08
93232.73 0.04
93233.85 0.02
93234.96 0.01
93236.07 0.00
93237.17 0.00
93238.28 0.00
93239.39 0.50
93240.52 0.25
93241.65 0.63
93242.78 0.81
93243.91 0.41
93245.03 0.20
93246.14 0.10
93247.27 0.05
93248.39 0.53
93249.53 0.26
93250.65 0.13
93251.78 0.57
93252.91 0.28
93254.03 0.64
93255.15 0.32
93256.28 0.16
93257.41 0.08
93258.53 0.04
93259.65 0.02
93260.77 0.01
93261.89 0.01
93263.00 0.00
93264.10 0.00
93265.21 0.00
93266.32 0.00
93267.42 0.00
93268.54 0.00
93269.65 0.00
93270.76 0.00
93271.88 0.00
93272.99 0.00
93274.10 0.00
93275.21 0.00
93276.32 0.00
93277.42 0.00
93278.54 0.00
93279.65 0.00
93280.76 0.00
93281.88 0.00
93282.99 0.00
93284.10 0.00
93285.21 0.00
93286.32 0.00
93287.43 0.00
93288.55 0.00
93289.66 0.00
93290.77 0.00
93291.89 0.00
93293.00 0.50
93294.08 0.25
93295.21 0.12
93296.33 0.06
93297.45 0.03
93298.57 0.02
93299.70 0.51
93300.82 0.25
93301.95 0.13
93303.07 0.06
93304.19 0.03
93305.31 0.02
93306.42 0.01
93307.55 0.00
93308.66 0.00
93309.77 0.00
93310.89 0.00
93312.00 0.00
93313.09 0.00
93314.20 0.00
93315.30 0.50
93316.42 0.25
93317.55 0.13
93318.67 0.06
93319.79 0.03
93320.91 0.02
93322.03 0.01
93323.14 0.00
93324.26 0.50
93325.37 0.25
93326.50 0.13
93327.61 0.06
93328.73 0.03
93329.85 0.02
93330.96 0.01
93332.07 0.00
93333.17 0.00
93334.28 0.00
93335.39 0.00
93336.51 0.00
93337.62 0.00
93338.72 0.00
93339.83 0.00
93340.95 0.00
93342.07 0.00
93343.16 0.00
93344.28 0.00
93345.39 0.00
93346.50 0.00
93347.60 0.00
93348.71 0.00
93349.82 0.00
93350.93 0.00
93352.03 0.00
93353.14 0.00
93354.25 0.00
93355.36 0.00
93356.47 0.00
93357.59 0.00
93358.70 0.00
93359.80 0.00
93360.91 0.00
93362.02 0.00
93363.13 0.00
93364.25 0.00
93365.35 0.00
93366.46 0.00
93367.58 0.00
93368.69 0.00
93369.79 0.00
93370.90 0.00
93372.00 0.00
93373.10 0.00
93374.21 0.00
93375.32 0.00
93376.42 0.00
93377.54 0.00
93378.65 0.00
93379.76 0.00
93380.88 0.00
93381.98 0.00
93383.08 0.00
93384.19 0.00
93385.30 0.00
93386.40 0.00
93387.51 0.00
93388.62 0.00
93389.73 0.00
93390.85 0.00
93391.96 0.00
93393.07 0.00
93394.16 0.00
93395.28 0.00
93396.39 0.00
93397.50 0.00
93398.60 0.00
93399.70 0.00
93400.80 0.00
93401.91 0.00
93403.02 0.00
93404.12 0.00
93405.24 0.00
93406.35 0.00
93407.46 0.00
93408.57 0.00
93409.68 0.00
93410.78 0.00
93411.89 0.00
93413.00 0.00
93414.07 0.00
93415.18 0.00
93416.29 0.00
93417.40 0.00
93418.51 0.00
93419.61 0.00
93420.72 0.00
93421.83 0.00
93422.95 0.00
93424.07 0.00
93425.16 0.00
93426.28 0.50
93427.39 0.25
93428.53 0.12
93429.65 0.06
93430.77 0.03
93431.89 0.02
93433.01 0.51
93434.14 0.25
93435.27 0.13
93436.39 0.06
93437.52 0.03
93438.64 0.02
93439.75 0.01
93440.88 0.00
93441.98 0.00
93443.08 0.00
93444.18 0.00
93445.29 0.00
93446.40 0.00
93447.51 0.00
93448.62 0.00
93449.73 0.00
93450.85 0.00
93451.96 0.00
93453.07 0.00
93454.16 0.00
93455.28 0.00
93456.39 0.00
93457.50 0.00
93458.60 0.00
93459.70 0.00
93460.80 0.00
93461.91 0.00
93463.02 0.00
93464.12 0.00
93465.24 0.00
93466.35 0.00
93467.46 0.00
93468.57 0.00
93469.69 0.50
93470.80 0.25
93471.92 0.12
93473.06 0.06
93474.16 0.03
93475.28 0.02
93476.40 0.51
93477.53 0.25
93478.66 0.63
93479.78 0.31
93480.92 0.16
93482.05 0.08
93483.15 0.04
93484.28 0.02
93485.39 0.51
93486.53 0.25
93487.66 0.13
93488.78 0.06
93489.90 0.03
93491.01 0.02
93492.12 0.01
93493.25 0.00
93494.35 0.00
93495.46 0.00
93496.58 0.00
93497.69 0.00
93498.80 0.50
93499.92 0.25
93501.06 0.63
93502.19 0.31
93503.32 0.16
93504.44 0.08
93505.56 0.04
93506.67 0.02
93507.78 0.01
93508.90 0.00
93510.00 0.00
93511.10 0.00
93512.21 0.00
93513.32 0.50
93514.44 0.25
93515.57 0.13
93516.69 0.06
93517.80 0.03
93518.92 0.02
93520.03 0.01
93521.14 0.00
93522.26 0.00
93523.37 0.00
93524.48 0.50
93525.60 0.25
93526.72 0.13
93527.85 0.06
93528.97 0.03
93530.10 0.52
93531.22 0.26
93532.35 0.63
93533.47 0.31
93534.60 0.16
93535.72 0.08
93536.85 0.04
93537.96 0.02
93539.07 0.01
93540.19 0.00
93541.30 0.00
93542.40 0.00
93543.51 0.50
93544.64 0.25
93545.76 0.13
93546.89 0.06
93548.00 0.53
93549.12 0.27
93550.25 0.13
93551.38 0.07
93552.50 0.03
93553.60 0.02
93554.72 0.51
93555.86 0.75
93556.98 0.38
93558.10 0.19
93559.23 0.09
93560.35 0.55
93561.47 0.27
93562.60 0.14
93563.72 0.07
93564.85 0.53
93565.97 0.27
93567.10 0.13
93568.22 0.07
93569.34 0.03
93570.46 0.02
93571.58 0.01
93572.69 0.00
93573.79 0.00
93574.90 0.00
93576.00 0.00
93577.10 0.00
93578.21 0.00
93579.32 0.00
93580.42 0.00
93581.54 0.00
93582.65 0.00
93583.76 0.00
93584.88 0.00
93585.99 0.00
93587.10 0.00
93588.21 0.00
93589.32 0.00
93590.43 0.00
93591.56 0.50
93592.67 0.25
93593.80 0.13
93594.93 0.06
93596.07 0.53
93597.19 0.27
93598.32 0.13
93599.44 0.07
93600.57 0.03
93601.68 0.02
93602.79 0.01
93603.91 0.00
93605.02 0.00
93606.12 0.00
93607.24 0.00
93608.35 0.00
93609.46 0.00
93610.58 0.50
93611.70 0.25
93612.82 0.13
93613.95 0.06
93615.07 0.53
93616.20 0.27
93617.32 0.13
93618.44 0.07
93619.57 0.03
93620.69 0.52
93621.81 0.26
93622.94 0.13
93624.07 0.06
93625.18 0.03
93626.30 0.02
93627.41 0.01
93628.53 0.00
93629.64 0.00
93630.75 0.00
93631.86 0.00
93632.97 0.00
93634.08 0.50
93635.21 0.25
93636.33 0.13
93637.46 0.06
93638.58 0.03
93639.70 0.52
93640.81 0.26
93641.94 0.13
93643.07 0.06
93644.18 0.03
93645.30 0.52
93646.42 0.26
93647.56 0.13
93648.69 0.56
93649.81 0.28
93650.95 0.14
93652.07 0.57
93653.20 0.29
93654.32 0.14
93655.44 0.07
93656.57 0.54
93657.70 0.27
93658.82 0.63
93659.95 0.32
93661.07 0.16
93662.21 0.58
93663.33 0.29
93664.46 0.14
93665.59 0.07
93666.71 0.04
93667.82 0.02
93668.95 0.01
93670.06 0.00
93671.15 0.00
93672.27 0.00
93673.38 0.00
93674.50 0.50
93675.60 0.25
93676.72 0.13
93677.85 0.06
93678.97 0.03
93680.10 0.52
93681.22 0.26
93682.35 0.63
93683.47 0.31
93684.60 0.16
93685.72 0.08
93686.85 0.04
93687.96 0.02
93689.07 0.01
93690.19 0.00
93691.30 0.00
93692.40 0.50
93693.53 0.25
93694.65 0.13
93695.78 0.06
93696.90 0.03
93698.01 0.02
93699.12 0.01
93700.25 0.00
93701.35 0.00
93702.46 0.00
93703.57 0.00
93704.68 0.00
93705.79 0.50
93706.92 0.25
93708.06 0.13
93709.19 0.56
93710.31 0.78
93711.43 0.39
93712.57 0.20
93713.68 0.10
93714.80 0.05
93715.92 0.02
93717.04 0.01
93718.14 0.51
93719.28 0.75
93720.41 0.38
93721.54 0.69
93722.67 0.34
93723.79 0.17
93724.92 0.09
93726.05 0.54
93727.17 0.27
93728.30 0.14
93729.42 0.07
93730.54 0.03
93731.65 0.02
93732.77 0.01
93733.89 0.50
93735.01 0.25
93736.13 0.13
93737.26 0.06
93738.39 0.53
93739.53 0.77
93740.66 0.88
93741.78 0.44
93742.92 0.72
93744.05 0.86
93745.16 0.43
93746.28 0.22
93747.41 0.11
93748.54 0.05
93749.65 0.03
93750.77 0.01
93751.89 0.01
93753.00 0.00
93754.10 0.00
93755.21 0.00
93756.32 0.50
93757.44 0.25
93758.57 0.13
93759.70 0.06
93760.81 0.03
93761.93 0.02
93763.06 0.01
93764.16 0.00
93765.28 0.00
93766.39 0.00
93767.50 0.00
93768.60 0.00
93769.70 0.00
93770.80 0.00
93771.91 0.00
93773.02 0.00
93774.13 0.50
93775.25 0.25
93776.38 0.13
93777.51 0.06
93778.63 0.03
93779.75 0.02
93780.86 0.01
93781.97 0.00
93783.08 0.00
93784.19 0.00
93785.30 0.00
93786.40 0.50
93787.53 0.25
93788.65 0.13
93789.78 0.06
93790.90 0.03
93792.02 0.52
93793.14 0.26
93794.27 0.13
93795.39 0.06
93796.52 0.03
93797.64 0.02
93798.75 0.01
93799.87 0.00
93800.98 0.00
93802.08 0.50
93803.21 0.25
93804.33 0.13
93805.46 0.06
93806.58 0.03
93807.69 0.02
93808.81 0.01
93809.93 0.00
93811.05 0.00
93812.14 0.00
93813.26 0.00
93814.37 0.50
93815.50 0.25
93816.61 0.13
93817.74 0.06
93818.86 0.03
93819.98 0.02
93821.10 0.01
93822.21 0.00
93823.32 0.00
93824.43 0.00
93825.55 0.00
93826.66 0.00
93827.77 0.00
93828.89 0.50
93830.01 0.25
93831.13 0.13
93832.27 0.06
93833.39 0.53
93834.52 0.27
93835.64 0.13
93836.77 0.07
93837.89 0.03
93839.00 0.02
93840.10 0.01
93841.22 0.00
93842.33 0.00
93843.44 0.00
93844.56 0.00
93845.67 0.00
93846.78 0.00
93847.89 0.00
93849.00 0.00
93850.10 0.00
93851.21 0.00
93852.32 0.50
93853.45 0.25
93854.58 0.13
93855.71 0.56
93856.83 0.28
93857.96 0.14
93859.08 0.07
93860.20 0.54
93861.32 0.27
93862.45 0.13
93863.59 0.57
93864.71 0.28
93865.83 0.14
93866.96 0.07
93868.07 0.04
93869.19 0.52
93870.32 0.76
93871.45 0.38
93872.58 0.19
93873.70 0.09
93874.81 0.05
93875.94 0.52
93877.06 0.26
93878.18 0.13
93879.31 0.07
93880.43 0.53
93881.56 0.27
93882.68 0.13
93883.81 0.57
93884.94 0.28
93886.06 0.14
93887.18 0.07
93888.30 0.04
93889.41 0.02
93890.53 0.01
93891.65 0.00
93892.76 0.00
93893.88 0.00
93895.00 0.50
93896.08 0.25
93897.21 0.13
93898.34 0.06
93899.46 0.03
93900.58 0.02
93901.70 0.01
93902.81 0.00
93903.92 0.00
93905.04 0.00
93906.14 0.00
93907.25 0.00
93908.36 0.00
93909.47 0.00
93910.59 0.00
93911.70 0.00
93912.80 0.00
93913.91 0.00
93915.02 0.00
93916.12 0.00
93917.24 0.00
93918.35 0.00
93919.46 0.00
93920.57 0.00
93921.68 0.00
93922.79 0.00
93923.91 0.00
93925.02 0.00
93926.12 0.00
93927.24 0.00
93928.35 0.00
93929.46 0.00
93930.57 0.00
93931.68 0.00
93932.79 0.00
93933.91 0.00
93935.02 0.00
93936.13 0.00
93937.25 0.00
93938.37 0.00
93939.48 0.00
93940.60 0.00
93941.70 0.50
93942.82 0.25
93943.95 0.12
93945.07 0.06
93946.19 0.03
93947.31 0.02
93948.42 0.01
93949.56 0.50
93950.67 0.75
93951.81 0.88
93952.93 0.44
93954.06 0.22
93955.17 0.11
93956.31 0.55
93957.43 0.28
93958.57 0.14
93959.69 0.07
93960.81 0.03
93961.93 0.02
93963.06 0.51
93964.18 0.25
93965.32 0.13
93966.43 0.56
93967.57 0.28
93968.69 0.14
93969.81 0.07
93970.93 0.04
93972.05 0.52
93973.18 0.26
93974.31 0.13
93975.43 0.06
93976.56 0.03
93977.67 0.02
93978.79 0.01
93979.91 0.00
93981.02 0.00
93982.12 0.00
93983.24 0.00
93984.35 0.00
93985.46 0.00
93986.57 0.00
93987.68 0.00
93988.79 0.00
93989.90 0.00
93991.00 0.00
93992.07 0.00
93993.18 0.00
93994.29 0.00
93995.40 0.00
93996.51 0.00
93997.62 0.00
93998.73 0.00
93999.85 0.00
94000.96 0.00
94002.07 0.00
94003.18 0.00
94004.29 0.00
94005.40 0.00
94006.52 0.00
94007.63 0.00
94008.74 0.00
94009.85 0.00
94010.96 0.00
94012.07 0.00
94013.19 0.00
94014.30 0.00
94015.41 0.00
94016.53 0.00
94017.63 0.00
94018.74 0.00
94019.85 0.00
94020.96 0.00
94022.07 0.00
94023.17 0.00
94024.28 0.00
94025.39 0.00
94026.51 0.00
94027.62 0.00
94028.73 0.00
94029.85 0.00
94030.95 0.00
94032.06 0.00
94033.16 0.00
94034.28 0.00
94035.39 0.00
94036.50 0.00
94037.60 0.00
94038.70 0.00
94039.80 0.00
94040.91 0.00
94042.02 0.00
94043.12 0.00
94044.24 0.00
94045.35 0.00
94046.46 0.00
94047.57 0.00
94048.68 0.00
94049.78 0.00
94050.89 0.00
94052.00 0.00
94053.07 0.00
94054.18 0.00
94055.29 0.00
94056.40 0.00
94057.51 0.00
94058.62 0.00
94059.73 0.00
94060.85 0.00
94061.96 0.00
94063.07 0.00
94064.17 0.00
94065.28 0.00
94066.39 0.00
94067.51 0.00
94068.62 0.00
94069.73 0.00
94070.85 0.00
94071.96 0.00
94073.07 0.00
94074.17 0.00
94075.28 0.50
94076.40 4.75
94077.53 9.88
94078.67 15.94
94079.85 19.47
94081.03 23.23
94082.21 25.62
94083.38 28.31
94084.56 30.65
94085.72 33.33
94086.90 35.16
94088.07 36.58
94089.24 38.29
94090.41 38.65
94091.59 39.32
94092.75 38.16
94093.93 38.58
94095.10 38.79
94096.27 38.90
94097.43 39.45
94098.60 40.72
94099.77 40.86
94100.94 39.93
94102.10 39.97
94103.28 41.98
94104.44 41.49
94105.61 41.75
94106.78 42.87
94107.96 40.94
94109.13 40.97
94110.31 41.98
94111.48 42.99
94112.65 43.50
94113.82 43.25
94115.00 43.12
94116.14 42.06
94117.31 43.03
94118.47 44.02
94119.64 44.01
94120.81 46.00
94121.98 45.00
94123.14 43.00
94124.30 43.00
94125.46 44.00
94126.62 44.50
94127.78 43.75
94128.96 44.38
94130.13 44.19
94131.31 43.59
94132.48 44.80
94133.65 43.90
94134.82 44.95
94136.00 44.97
94137.13 46.49
94138.31 45.74
94139.48 44.37
94140.66 45.19
94141.83 45.09
94143.00 45.05
94144.17 45.52
94145.35 44.26
94146.53 46.13
94147.71 46.07
94148.89 44.53
94150.06 45.27
94151.23 45.13
94152.40 46.57
94153.57 45.78
94154.75 45.89
94155.92 44.45
94157.09 45.22
94158.26 45.11
94159.43 46.56
94160.61 46.28
94161.78 47.14
94162.96 46.57
94164.13 44.78
94165.31 45.39
94166.48 44.20
94167.65 46.10
94168.82 45.55
94170.00 46.77
94171.14 47.39
94172.32 46.69
94173.49 47.35
94174.67 46.67
94175.85 45.84
94177.03 45.42
94178.20 46.71
94179.36 45.85
94180.53 46.43
94181.71 47.21
94182.89 47.11
94184.06 47.55
94185.23 47.78
94186.40 47.39
94187.57 47.69
94188.74 46.35
94189.92 46.67
94191.09 47.34
94192.26 47.17
94193.43 47.58
94194.60 47.79
94195.77 47.40
94196.94 47.20
94198.10 47.60
94199.27 47.80
94200.43 46.40
94201.60 46.70
94202.76 46.85
94203.93 47.92
94205.10 48.96
94206.27 47.98
94207.43 47.99
94208.60 46.50
94209.76 46.75
94210.93 47.37
94212.10 46.19
94213.28 47.09
94214.44 47.05
94215.61 47.52
94216.78 47.76
94217.96 47.38
94219.12 46.19
94220.30 47.10
94221.46 47.55
94222.64 47.27
94223.81 47.14
94224.99 47.07
94226.16 47.53
94227.34 47.27
94228.52 47.13
94229.69 47.57
94230.86 47.28
94232.03 47.64
94233.21 47.32
94234.38 47.66
94235.55 47.33
94236.72 47.17
94237.90 47.08
94239.06 47.04
94240.22 47.52
94241.39 47.26
94242.57 47.63
94243.74 47.82
94244.92 46.41
94246.09 47.70
94247.25 46.35
94248.42 46.68
94249.60 47.84
94250.76 46.42
94251.93 47.21
94253.10 47.10
94254.27 47.55
94255.43 47.78
94256.61 47.39
94257.78 48.19
94258.96 48.10
94260.12 47.55
94261.30 47.77
94262.46 47.39
94263.64 47.19
94264.81 47.10
94265.98 47.55
94267.15 47.77
94268.32 47.89
94269.49 47.44
94270.66 47.72
94271.83 47.86
94273.00 47.43
94274.17 47.72
94275.35 45.86
94276.53 35.93
94277.70 27.96
94278.87 21.98
94280.03 17.49
94281.21 14.25
94282.38 11.12
94283.56 9.56
94284.69 8.78
94285.82 7.39
94286.96 6.70
94288.08 5.85
94289.22 4.42
94290.35 3.71
94291.49 3.86
94292.62 3.93
94293.76 3.46
94294.90 3.73
94296.03 2.87
94297.15 1.93
94298.29 2.97
94299.42 2.98
94300.57 2.99
94301.70 2.50
94302.82 1.75
94303.96 1.87
94305.09 1.44
94306.22 0.72
94307.35 1.86
94308.48 1.43
94309.62 0.71
94310.75 0.86
94311.88 0.93
94313.00 0.46
94314.11 0.73
94315.25 0.37
94316.39 0.68
94317.51 0.34
94318.64 0.67
94319.76 0.34
94320.89 0.17
94322.02 0.58
94323.14 0.29
94324.28 0.65
94325.39 0.32
94326.53 0.66
94327.65 0.33
94328.78 0.17
94329.91 0.08
94331.03 0.04
94332.14 0.02
94333.27 0.01
94334.39 0.51
94335.53 0.25
94336.65 0.13
94337.78 0.06
94338.90 0.03
94340.02 0.02
94341.12 0.01
94342.25 1.00
94343.36 0.50
94344.48 0.25
94345.61 0.13
94346.74 0.06
94347.86 0.03
94348.97 0.02
94350.09 0.01
94351.21 0.00
94352.32 0.00
94353.42 0.00
94354.53 0.00
94355.64 0.00
94356.75 0.00
94357.87 0.00
94358.98 0.00
94360.09 0.00
94361.21 0.50
94362.32 0.25
94363.46 0.63
94364.59 0.31
94365.71 0.16
94366.85 0.08
94367.96 0.04
94369.08 0.02
94370.20 0.01
94371.31 0.00
94372.42 0.00
94373.53 0.00
94374.64 0.00
94375.75 0.00
94376.87 0.00
94377.99 0.00
94379.09 0.00
94380.20 0.00
94381.30 0.00
94382.40 0.00
94383.51 0.00
94384.62 0.00
94385.73 0.00
94386.85 0.00
94387.96 0.00
94389.07 0.00
94390.17 0.00
94391.28 0.00
94392.39 0.00
94393.51 0.00
94394.62 0.00
94395.73 0.00
94396.85 0.00
94397.96 0.00
94399.07 0.00
94400.18 0.00
94401.29 0.00
94402.40 0.00
94403.51 0.00
94404.62 0.00
94405.73 0.00
94406.85 0.00
94407.96 0.00
94409.07 0.00
94410.17 0.00
94411.28 0.00
94412.39 0.00
94413.50 0.00
94414.60 0.00
94415.70 0.00
94416.80 0.00
94417.91 0.00
94419.03 0.00
94420.12 0.00
94421.24 0.00
94422.35 0.00
94423.46 0.00
94424.57 0.00
94425.67 0.00
94426.78 0.00
94427.89 0.00
94429.00 0.00
94430.07 0.00
94431.18 0.00
94432.29 0.00
94433.39 0.00
94434.50 0.00
94435.60 0.00
94436.70 0.00
94437.80 0.00
94438.91 0.00
94440.03 0.00
94441.12 0.00
94442.24 0.00
94443.35 0.00
94444.46 0.00
94445.57 0.00
94446.68 0.00
94447.78 0.00
94448.89 0.00
94450.00 0.00
94451.07 0.00
94452.18 0.00
94453.29 0.00
94454.40 0.00
94455.51 0.00
94456.62 0.00
94457.73 0.00
94458.85 0.00
94459.96 0.00
94461.07 0.00
94462.17 0.00
94463.28 0.00
94464.39 0.00
94465.50 0.00
94466.60 0.00
94467.70 0.00
94468.80 0.00
94469.91 0.00
94471.04 0.00
94472.14 0.00
94473.25 0.00
94474.37 0.00
94475.47 0.00
94476.59 5.00
94477.71 12.00
94478.87 20.50
94480.03 27.25
94481.21 31.12
94482.38 34.06
94483.55 37.03
94484.71 38.02
94485.89 38.51
94487.06 40.25
94488.23 41.13
94489.40 42.06
94490.57 42.53
94491.74 42.77
94492.92 43.38
94494.08 43.19
94495.25 45.60
94496.42 44.30
94497.59 45.15
94498.75 46.57
94499.92 44.79
94501.09 46.39
94502.26 45.20
94503.42 45.10
94504.60 46.05
94505.75 46.02
94506.92 47.01
94508.09 45.51
94509.26 45.25
94510.43 46.63
94511.61 47.31
94512.78 45.16
94513.96 46.58
94515.14 47.29
94516.32 46.14
94517.49 47.07
94518.66 47.54
94519.83 46.27
94521.02 46.63
94522.19 47.32
94523.36 46.16
94524.55 47.08
94525.71 47.54
94526.89 47.27
94528.06 47.63
94529.23 46.32
94530.40 46.66
94531.58 46.83
94532.75 47.41
94533.92 46.21
94535.09 47.10
94536.25 47.55
94537.42 46.28
94538.60 46.64
94539.77 47.32
94540.94 47.66
94542.10 47.33
94543.28 47.16
94544.45 47.58
94545.62 47.79
94546.78 46.40
94547.96 45.70
94549.13 46.35
94550.31 47.17
94551.48 47.09
94552.65 47.54
94553.82 46.27
94555.00 46.64
94556.15 47.82
94557.32 47.41
94558.50 47.20
94559.65 47.10
94560.82 48.55
94561.99 47.78
94563.17 48.39
94564.35 48.19
94565.53 48.10
94566.69 48.55
94567.86 47.77
94569.03 47.89
94570.20 47.94
94571.36 47.47
94572.55 47.24
94573.72 48.12
94574.90 48.56
94576.07 48.28
94577.24 48.14
94578.41 48.57
94579.59 48.28
94580.75 47.64
94581.92 47.82
94583.09 48.41
94584.26 48.21
94585.43 48.10
94586.60 48.05
94587.76 48.53
94588.94 47.76
94590.10 48.38
94591.28 48.19
94592.45 48.10
94593.62 49.55
94594.78 49.27
94595.96 48.14
94597.14 48.57
94598.32 48.78
94599.49 47.89
94600.66 47.95
94601.82 47.97
94603.00 49.49
94604.14 48.24
94605.32 47.62
94606.50 47.81
94607.66 47.91
94608.83 48.45
94610.02 47.73
94611.18 47.86
94612.35 47.93
94613.52 49.47
94614.69 48.23
94615.86 47.62
94617.03 47.81
94618.21 47.90
94619.37 48.45
94620.54 47.73
94621.71 47.86
94622.89 49.43
94624.05 48.72
94625.22 48.36
94626.39 48.18
94627.57 48.09
94628.74 48.04
94629.91 49.52
94631.08 48.26
94632.25 48.13
94633.42 48.57
94634.60 48.78
94635.77 47.89
94636.94 48.45
94638.11 48.72
94639.29 48.36
94640.46 48.68
94641.64 49.34
94642.81 48.67
94643.99 47.84
94645.17 47.92
94646.35 47.46
94647.53 47.23
94648.70 47.11
94649.87 47.56
94651.03 49.28
94652.21 49.14
94653.38 48.07
94654.55 48.03
94655.71 49.52
94656.89 49.26
94658.06 48.63
94659.23 48.31
94660.40 47.66
94661.57 47.33
94662.75 47.66
94663.92 49.33
94665.09 49.17
94666.26 50.08
94667.42 49.04
94668.60 48.52
94669.76 48.26
94670.94 47.63
94672.11 47.82
94673.29 48.41
94674.46 47.70
94675.64 47.85
94676.80 47.43
94677.97 37.71
94679.16 28.86
94680.34 22.93
94681.53 17.46
94682.69 14.73
94683.86 12.87
94685.03 10.43
94686.21 8.72
94687.35 7.36
94688.47 7.68
94689.60 5.84
94690.74 5.42
94691.88 4.71
94693.01 5.85
94694.14 4.93
94695.28 4.46
94696.41 4.73
94697.56 3.87
94698.69 2.43
94699.82 1.22
94700.96 2.11
94702.10 2.05
94703.22 2.03
94704.35 2.51
94705.49 2.76
94706.63 1.38
94707.76 0.69
94708.90 1.84
94710.03 1.42
94711.15 0.71
94712.29 1.86
94713.42 2.43
94714.57 1.71
94715.69 0.86
94716.82 0.43
94717.96 1.71
94719.08 0.86
94720.21 1.43
94721.35 2.21
94722.47 2.61
94723.62 2.80
94724.74 1.40
94725.87 0.70
94726.99 0.35
94728.10 0.18
94729.24 0.59
94730.35 0.29
94731.47 1.65
94732.61 0.82
94733.74 0.41
94734.87 0.21
94736.00 0.10
94737.10 0.05
94738.21 0.03
94739.33 0.01
94740.45 1.01
94741.58 0.50
94742.70 0.25
94743.82 1.13
94744.96 2.06
94746.08 1.03
94747.21 0.52
94748.34 1.26
94749.47 1.13
94750.61 1.56
94751.75 0.78
94752.87 1.39
94754.00 2.20
94755.11 1.10
94756.25 0.55
94757.36 0.77
94758.50 1.89
94759.61 0.94
94760.74 0.47
94761.86 0.24
94763.00 1.62
94764.09 0.81
94765.22 1.90
94766.34 2.45
94767.47 1.23
94768.60 0.61
94769.72 0.31
94770.85 0.15
94771.97 0.08
94773.09 0.04
94774.21 0.02
94775.33 0.51
94776.46 0.25
94777.59 0.63
94778.71 0.31
94779.85 0.16
94780.97 0.08
94782.09 0.04
94783.21 0.02
94784.32 0.01
94785.44 0.50
94786.57 0.25
94787.69 0.13
94788.82 0.06
94789.94 0.03
94791.06 1.52
94792.20 0.76
94793.32 0.38
94794.44 0.19
94795.57 0.09
94796.68 0.05
94797.79 1.02
94798.93 1.01
94800.05 0.51
94801.17 0.25
94802.30 0.13
94803.42 0.06
94804.54 0.03
94805.66 0.02
94806.78 0.51
94807.91 0.25
94809.04 1.63
94810.16 1.31
94811.30 0.66
94812.42 0.33
94813.56 1.16
94814.69 1.08
94815.81 0.54
94816.95 0.77
94818.07 0.39
94819.19 0.69
94820.32 0.35
94821.44 0.17
94822.57 1.59
94823.70 2.29
94824.83 2.65
94825.96 2.82
94827.09 1.41
94828.22 0.71
94829.35 0.35
94830.47 0.18
94831.60 0.09
94832.72 0.54
94833.85 0.27
94834.97 0.14
94836.10 0.57
94837.23 0.28
94838.35 1.14
94839.49 2.07
94840.62 1.04
94841.75 0.52
94842.87 0.26
94844.00 1.13
94845.14 1.06
94846.26 0.53
94847.39 0.77
94848.52 0.38
94849.64 0.19
94850.76 0.10
94851.89 0.05
94853.00 0.02
94854.10 0.01
94855.22 0.51
94856.35 0.75
94857.47 0.38
94858.60 0.19
94859.73 0.59
94860.85 0.30
94861.97 0.15
94863.10 0.07
94864.21 0.04
94865.33 0.02
94866.45 0.01
94867.57 0.50
94868.69 0.75
94869.82 0.38
94870.95 0.19
94872.07 0.09
94873.18 0.05
94874.30 0.02
94875.41 0.51
94876.55 0.26
94877.67 0.13
94878.80 7.56
94879.93 17.28
94881.10 23.64
94882.27 28.82
94883.43 32.41
94884.61 35.21
94885.78 37.10
94886.96 38.05
94888.13 40.03
94889.30 41.01
94890.46 41.51
94891.64 43.25
94892.81 43.63
94893.99 45.31
94895.17 44.66
94896.35 45.33
94897.53 45.16
94898.70 45.08
94899.86 44.54
94901.03 46.27
94902.20 45.14
94903.36 47.07
94904.53 46.53
94905.71 47.27
94906.89 47.63
94908.05 46.82
94909.22 47.41
94910.39 47.70
94911.57 48.35
94912.74 47.18
94913.92 47.59
94915.08 48.29
94916.25 47.65
94917.42 47.32
94918.60 48.16
94919.77 47.58
94920.94 47.79
94922.10 47.90
94923.27 47.95
94924.43 47.97
94925.60 48.49
94926.77 48.74
94927.94 47.37
94929.11 48.19
94930.29 47.09
94931.46 48.05
94932.63 47.02
94933.79 47.51
94934.96 48.26
94936.14 47.63
94937.32 47.81
94938.50 48.41
94939.66 47.70
94940.82 47.35
94942.02 47.18
94943.18 48.09
94944.35 47.54
94945.53 47.77
94946.70 47.89
94947.87 47.94
94949.03 47.97
94950.21 47.99
94951.38 47.99
94952.55 48.00
94953.71 48.00
94954.88 47.50
94956.04 47.75
94957.21 47.87
94958.39 49.44
94959.57 48.22
94960.74 48.11
94961.92 49.55
94963.08 48.78
94964.25 48.39
94965.42 48.19
94966.60 47.60
94967.76 47.80
94968.93 48.40
94970.10 47.70
94971.26 47.35
94972.43 47.67
94973.60 47.84
94974.77 47.42
94975.95 48.21
94977.13 49.10
94978.30 50.05
94979.46 48.53
94980.64 48.26
94981.81 49.63
94983.00 48.82
94984.14 48.91
94985.32 47.95
94986.49 47.98
94987.66 47.49
94988.83 47.74
94990.02 48.37
94991.18 47.69
94992.35 47.84
94993.53 47.42
94994.71 49.21
94995.89 48.61
94997.06 47.80
94998.22 47.90
94999.39 49.45
95000.56 48.23
95001.74 48.11
95002.92 47.56
95004.09 47.28
95005.26 47.64
95006.42 48.32
95007.60 48.16
95008.78 48.08
95009.95 47.54
95011.13 47.77
95012.31 49.38
95013.48 48.19
95014.65 48.10
95015.82 49.55
95017.01 48.77
95018.17 48.39
95019.35 49.69
95020.52 48.85
95021.69 48.42
95022.86 49.71
95024.03 48.36
95025.21 48.18
95026.38 49.59
95027.55 48.79
95028.71 48.90
95029.89 47.95
95031.05 47.97
95032.22 49.49
95033.39 48.74
95034.57 49.87
95035.74 48.94
95036.92 47.97
95038.09 47.48
95039.26 47.74
95040.43 49.37
95041.60 48.19
95042.77 48.09
95043.94 49.55
95045.10 48.27
95046.28 47.64
95047.45 47.32
95048.63 47.16
95049.80 47.58
95050.97 47.79
95052.14 49.39
95053.32 48.20
95054.49 48.10
95055.66 48.05
95056.82 48.02
95058.00 48.01
95059.16 48.51
95060.34 49.75
95061.51 50.38
95062.68 48.69
95063.85 48.34
95065.02 48.67
95066.19 47.84
95067.36 47.92
95068.54 47.46
95069.71 47.73
95070.89 48.36
95072.06 48.18
95073.23 48.09
95074.39 49.55
95075.57 48.27
95076.75 48.64
95077.92 45.32
95079.09 36.16
95080.26 27.08
95081.42 21.04
95082.60 16.52
95083.76 13.76
95084.93 10.88
95086.10 8.94
95087.24 7.97
95088.37 6.98
95089.51 5.49
95090.64 6.25
95091.78 5.12
95092.92 5.06
95094.03 5.53
95095.17 3.77
95096.31 2.88
95097.43 3.94
95098.58 4.47
95099.71 3.24
95100.85 3.62
95101.99 3.31
95103.12 2.65
95104.26 2.33
95105.39 2.66
95106.53 1.33
95107.66 0.67
95108.78 1.83
95109.92 1.42
95111.06 0.71
95112.19 1.35
95113.32 2.18
95114.45 1.09
95115.59 1.54
95116.72 1.27
95117.85 0.64
95119.00 0.82
95120.07 0.41
95121.21 1.70
95122.33 0.85
95123.46 1.43
95124.60 0.71
95125.73 0.86
95126.85 1.93
95128.00 0.96
95129.08 0.48
95130.21 1.74
95131.35 1.37
95132.47 0.69
95133.60 0.34
95134.73 1.17
95135.88 2.09
95137.01 1.54
95138.13 1.27
95139.27 1.14
95140.40 0.57
95141.53 0.28
95142.66 0.64
95143.78 0.32
95144.92 1.16
95146.05 2.08
95147.16 1.04
95148.29 0.52
95149.42 0.26
95150.55 0.13
95151.67 0.07
95152.80 1.53
95153.93 0.77
95155.06 0.38
95156.18 0.19
95157.31 0.10
95158.42 0.05
95159.55 0.02
95160.67 0.51
95161.81 1.76
95162.95 2.38
95164.07 1.19
95165.21 0.59
95166.34 1.80
95167.46 0.90
95168.58 0.45
95169.70 1.22
95170.83 1.11
95171.97 1.06
95173.09 0.53
95174.21 0.76
95175.34 0.38
95176.46 0.19
95177.60 0.10
95178.71 0.05
95179.85 1.52
95180.97 0.76
95182.10 0.38
95183.22 0.19
95184.35 0.10
95185.46 0.05
95186.59 0.02
95187.71 0.01
95188.82 0.01
95189.96 0.50
95191.07 0.25
95192.20 0.13
95193.32 0.06
95194.43 0.53
95195.57 0.27
95196.71 0.63
95197.83 0.32
95198.96 1.16
95200.10 1.08
95201.23 0.54
95202.35 0.27
95203.48 0.13
95204.61 0.57
95205.75 0.28
95206.87 0.64
95208.00 0.32
95209.12 0.16
95210.26 0.58
95211.38 0.29
95212.51 0.15
95213.64 0.07
95214.75 0.54
95215.89 0.27
95217.01 0.13
95218.13 1.07
95219.27 2.03
95220.39 1.02
95221.53 0.51
95222.66 0.75
95223.78 1.88
95224.92 2.44
95226.05 1.72
95227.18 0.86
95228.31 0.93
95229.44 0.46
95230.57 1.73
95231.70 1.37
95232.82 0.68
95233.95 0.34
95235.07 0.67
95236.19 0.34
95237.32 0.17
95238.44 0.08
95239.56 0.04
95240.67 0.02
95241.78 0.01
95242.90 0.51
95244.03 0.25
95245.15 0.63
95246.28 0.31
95247.40 0.16
95248.53 0.08
95249.64 0.04
95250.75 0.02
95251.88 1.51
95253.01 2.25
95254.14 1.13
95255.28 0.56
95256.40 0.28
95257.53 0.14
95258.65 0.07
95259.78 1.54
95260.91 0.77
95262.03 0.38
95263.15 0.19
95264.29 1.10
95265.41 0.55
95266.54 0.27
95267.67 0.64
95268.80 0.82
95269.92 0.41
95271.04 0.20
95272.15 0.10
95273.28 0.55
95274.40 0.28
95275.53 0.14
95276.65 0.07
95277.77 0.03
95278.90 1.52
95280.02 8.26
95281.15 17.63
95282.32 24.31
95283.50 29.16
95284.66 32.58
95285.82 36.29
95287.00 37.64
95288.16 40.32
95289.35 41.16
95290.52 41.58
95291.68 41.79
95292.85 42.90
95294.02 44.95
95295.19 45.97
95296.35 44.99
95297.53 44.99
95298.70 46.00
95299.86 46.50
95301.03 46.75
95302.20 46.87
95303.36 46.44
95304.54 47.22
95305.71 48.11
95306.89 47.55
95308.06 47.78
95309.23 48.39
95310.40 47.19
95311.57 46.60
95312.74 47.30
95313.92 47.15
95315.09 47.57
95316.26 47.79
95317.42 47.89
95318.60 46.95
95319.76 47.97
95320.93 48.49
95322.12 47.74
95323.29 47.87
95324.46 48.44
95325.64 48.22
95326.81 48.11
95328.00 48.05
95329.15 48.53
95330.33 47.26
95331.51 46.63
95332.68 47.32
95333.86 47.16
95335.03 47.58
95336.21 47.79
95337.38 47.89
95338.55 47.45
95339.72 47.72
95340.90 47.36
95342.07 47.18
95343.24 47.59
95344.41 48.30
95345.58 49.65
95346.75 49.32
95347.92 48.66
95349.09 47.83
95350.26 47.92
95351.43 47.96
95352.60 47.98
95353.77 49.49
95354.94 48.24
95356.12 48.12
95357.30 48.06
95358.46 48.53
95359.64 47.77
95360.81 47.38
95361.99 47.19
95363.16 47.60
95364.33 49.30
95365.50 48.15
95366.66 47.57
95367.83 47.79
95369.00 49.39
95370.16 48.70
95371.33 48.85
95372.50 47.92
95373.66 47.46
95374.82 47.73
95376.00 49.37
95377.16 47.18
95378.34 48.59
95379.51 49.30
95380.67 49.15
95381.85 49.57
95383.02 49.79
95384.19 49.89
95385.35 48.45
95386.53 47.72
95387.71 47.86
95388.89 47.93
95390.05 49.47
95391.22 48.73
95392.39 47.37
95393.57 47.18
95394.74 48.59
95395.91 48.80
95397.07 49.40
95398.24 48.20
95399.40 50.10
95400.57 50.05
95401.73 50.02
95402.90 49.01
95404.06 50.01
95405.22 49.50
95406.39 48.75
95407.57 49.88
95408.74 49.44
95409.92 49.72
95411.09 49.86
95412.26 48.93
95413.43 48.46
95414.61 48.23
95415.78 47.62
95416.96 48.31
95418.14 47.65
95419.32 47.83
95420.50 47.41
95421.66 47.71
95422.83 47.35
95424.01 47.68
95425.18 47.84
95426.35 47.92
95427.53 48.96
95428.70 49.48
95429.87 48.74
95431.03 48.87
95432.21 48.93
95433.38 47.97
95434.55 48.98
95435.71 48.99
95436.89 49.50
95438.05 49.75
95439.22 48.87
95440.39 48.94
95441.57 47.97
95442.74 47.48
95443.91 47.74
95445.08 48.37
95446.25 47.69
95447.42 47.84
95448.60 48.42
95449.76 48.71
95450.94 49.86
95452.12 48.93
95453.31 48.46
95454.48 48.23
95455.66 48.12
95456.83 47.56
95458.00 47.78
95459.16 47.89
95460.33 48.44
95461.51 48.72
95462.68 47.86
95463.85 48.43
95465.02 47.72
95466.19 47.86
95467.35 48.43
95468.54 47.71
95469.71 47.86
95470.89 47.93
95472.05 48.46
95473.22 49.73
95474.39 48.87
95475.57 47.93
95476.75 48.97
95477.92 48.48
95479.09 47.74
95480.26 39.87
95481.42 29.94
95482.61 22.47
95483.78 17.23
95484.96 14.62
95486.14 12.81
95487.32 10.40
95488.48 9.20
95489.62 7.60
95490.74 6.30
95491.88 5.65
95493.01 4.83
95494.14 4.91
95495.28 4.46
95496.41 5.73
95497.56 4.36
95498.69 3.68
95499.81 2.84
95500.95 2.42
95502.08 2.71
95503.21 1.36
95504.35 0.68
95505.47 1.84
95506.61 1.42
95507.75 2.21
95508.89 1.10
95510.02 1.05
95511.14 2.03
95512.28 1.01
95513.40 0.51
95514.53 1.75
95515.67 2.38
95516.79 1.19
95517.92 2.09
95519.05 1.05
95520.18 2.02
95521.30 1.01
95522.42 0.51
95523.56 1.25
95524.68 0.63
95525.81 0.31
95526.95 0.66
95528.07 0.33
95529.19 0.16
95530.32 0.08
95531.44 1.04
95532.57 2.02
95533.69 1.01
95534.82 0.51
95535.96 1.75
95537.09 0.88
95538.21 0.44
95539.35 1.22
95540.48 2.11
95541.61 1.05
95542.74 0.53
95543.87 0.26
95545.00 1.13
95546.09 0.57
95547.22 0.78
95548.34 1.89
95549.47 0.95
95550.60 0.47
95551.73 1.74
95552.87 1.37
95554.00 2.18
95555.11 1.09
95556.25 1.55
95557.38 1.27
95558.52 0.64
95559.65 1.32
95560.78 1.16
95561.92 2.08
95563.04 1.04
95564.16 0.52
95565.30 1.26
95566.42 0.63
95567.56 0.81
95568.67 0.41
95569.80 0.20
95570.92 0.10
95572.03 0.05
95573.15 0.53
95574.29 0.76
95575.41 0.38
95576.54 0.19
95577.66 0.10
95578.78 1.55
95579.92 0.77
95581.04 1.39
95582.17 0.69
95583.30 0.35
95584.42 0.17
95585.56 1.09
95586.67 0.54
95587.81 0.77
95588.93 0.39
95590.06 0.19
95591.18 0.10
95592.30 0.05
95593.41 0.02
95594.53 1.01
95595.67 1.51
95596.80 0.75
95597.92 1.88
95599.06 0.94
95600.18 1.97
95601.32 1.48
95602.45 0.74
95603.58 0.37
95604.71 0.19
95605.83 0.09
95606.96 0.05
95608.07 0.02
95609.19 0.01
95610.31 0.01
95611.42 0.00
95612.55 1.50
95613.67 1.25
95614.80 0.63
95615.92 0.31
95617.05 0.16
95618.17 0.08
95619.30 0.54
95620.42 0.27
95621.55 0.13
95622.67 1.07
95623.80 0.53
95624.92 0.27
95626.05 0.13
95627.17 0.57
95628.31 0.28
95629.44 1.64
95630.58 1.32
95631.71 0.66
95632.83 0.33
95633.96 0.17
95635.10 0.58
95636.23 1.79
95637.36 0.90
95638.48 0.45
95639.61 0.22
95640.74 0.11
95641.87 0.06
95643.00 0.03
95644.07 0.01
95645.18 0.01
95646.30 0.00
95647.40 0.00
95648.51 0.00
95649.62 0.00
95650.73 0.00
95651.85 0.00
95652.96 0.00
95654.07 0.00
95655.17 0.00
95656.28 0.00
95657.39 0.00
95658.51 0.00
95659.62 0.00
95660.73 0.00
95661.85 0.00
95662.96 0.00
95664.07 0.00
95665.17 0.00
95666.28 1.50
95667.41 0.75
95668.55 1.88
95669.68 1.44
95670.82 1.22
95671.96 2.11
95673.10 1.55
95674.24 0.78
95675.36 0.39
95676.49 0.19
95677.62 0.10
95678.74 0.55
95679.88 0.77
95681.01 7.89
95682.13 16.94
95683.31 24.47
95684.48 29.74
95685.65 34.37
95686.82 37.68
95688.00 38.84
95689.13 39.42
95690.31 40.21
95691.48 41.11
95692.66 42.55
95693.83 43.78
95695.00 44.89
95696.16 45.44
95697.34 45.22
95698.52 44.61
95699.69 44.31
95700.87 46.15
95702.04 46.58
95703.21 46.79
95704.39 46.39
95705.57 47.20
95706.73 46.60
95707.90 47.30
95709.06 46.65
95710.23 46.32
95711.40 47.16
95712.57 47.58
95713.74 47.79
95714.91 46.90
95716.07 46.45
95717.25 46.72
95718.41 47.86
95719.59 47.43
95720.76 47.72
95721.94 48.36
95723.12 47.18
95724.30 47.59
95725.46 47.29
95726.64 47.15
95727.82 48.07
95728.99 47.04
95730.15 47.02
95731.32 47.51
95732.50 47.75
95733.66 47.88
95734.83 47.94
95736.00 47.97
95737.16 47.48
95738.34 47.74
95739.52 48.37
95740.69 48.19
95741.87 48.09
95743.03 48.05
95744.20 48.02
95745.35 48.01
95746.53 47.51
95747.70 47.75
95748.87 47.88
95750.03 47.94
95751.21 47.97
95752.38 48.48
95753.55 47.74
95754.72 47.37
95755.90 47.69
95757.07 47.84
95758.24 47.42
95759.41 47.21
95760.59 47.61
95761.76 47.80
95762.93 48.40
95764.10 47.70
95765.27 47.35
95766.44 47.68
95767.62 47.84
95768.79 49.42
95769.97 50.21
95771.14 48.60
95772.32 47.80
95773.48 47.40
95774.65 47.70
95775.82 47.85
95777.00 47.43
95778.14 49.21
95779.32 48.11
95780.49 49.55
95781.66 48.78
95782.83 48.39
95784.00 49.69
95785.16 48.35
95786.34 48.17
95787.52 47.59
95788.69 49.29
95789.86 50.15
95791.03 49.07
95792.20 48.54
95793.36 48.27
95794.54 49.63
95795.71 48.82
95796.89 47.91
95798.06 47.45
95799.23 47.23
95800.40 47.61
95801.57 47.81
95802.75 48.40
95803.92 49.70
95805.08 48.35
95806.25 48.18
95807.42 48.59
95808.60 47.79
95809.76 49.40
95810.93 49.20
95812.10 48.10
95813.28 47.55
95814.45 47.77
95815.62 49.39
95816.79 48.19
95817.97 48.10
95819.14 48.55
95820.32 48.27
95821.49 48.14
95822.67 47.57
95823.85 49.28
95825.02 48.14
95826.19 48.07
95827.35 49.04
95828.53 50.02
95829.69 48.51
95830.87 48.25
95832.04 48.63
95833.22 49.81
95834.39 48.41
95835.57 48.70
95836.74 48.85
95837.91 48.93
95839.08 48.96
95840.26 48.98
95841.42 49.49
95842.60 50.25
95843.76 49.62
95844.94 48.81
95846.12 47.91
95847.30 48.45
95848.46 49.73
95849.64 50.36
95850.82 48.68
95852.00 48.84
95853.13 48.42
95854.31 48.21
95855.48 48.11
95856.66 49.05
95857.82 50.03
95859.00 48.51
95860.14 49.76
95861.32 50.38
95862.49 48.69
95863.67 47.84
95864.85 47.92
95866.02 49.46
95867.19 49.23
95868.36 48.12
95869.54 48.06
95870.71 47.53
95871.89 47.76
95873.05 47.88
95874.22 47.94
95875.39 49.47
95876.57 49.24
95877.74 48.12
95878.92 47.56
95880.10 48.28
95881.27 39.64
95882.44 29.82
95883.61 24.41
95884.78 20.20
95885.97 15.10
95887.13 13.05
95888.30 10.53
95889.47 9.26
95890.60 8.63
95891.73 6.32
95892.87 6.66
95894.00 5.33
95895.14 4.66
95896.28 4.33
95897.41 4.17
95898.55 3.58
95899.68 2.79
95900.81 3.90
95901.94 2.95
95903.07 2.47
95904.21 1.74
95905.34 0.87
95906.46 1.93
95907.60 2.47
95908.73 1.23
95909.87 0.62
95911.00 1.81
95912.10 1.90
95913.22 0.95
95914.35 1.98
95915.48 0.99
95916.61 0.49
95917.74 0.25
95918.87 0.12
95920.00 1.56
95921.12 0.78
95922.26 1.89
95923.39 1.45
95924.53 0.72
95925.65 0.86
95926.78 0.43
95927.91 0.72
95929.04 0.36
95930.16 1.18
95931.30 0.59
95932.42 0.29
95933.56 0.65
95934.68 0.32
95935.81 0.16
95936.94 0.08
95938.06 0.04
95939.17 1.52
95940.31 1.26
95941.44 0.63
95942.57 0.32
95943.70 1.66
95944.83 1.33
95945.97 2.16
95947.10 1.58
95948.24 0.79
95949.36 0.40
95950.48 0.70
95951.61 0.35
95952.74 0.67
95953.87 0.34
95955.00 0.17
95956.08 0.58
95957.20 0.29
95958.32 0.15
95959.44 0.57
95960.57 0.29
95961.70 1.64
95962.82 0.82
95963.96 0.41
95965.09 0.71
95966.22 0.35
95967.34 0.18
95968.46 0.09
95969.59 0.04
95970.71 0.02
95971.82 0.01
95972.95 0.01
95974.07 0.00
95975.17 0.00
95976.29 1.50
95977.41 0.75
95978.55 0.88
95979.67 0.44
95980.80 0.22
95981.92 0.11
95983.06 0.55
95984.18 0.28
95985.31 0.14
95986.43 1.57
95987.57 0.78
95988.71 1.89
95989.85 1.45
95990.98 0.72
95992.10 0.36
95993.23 0.18
95994.35 0.09
95995.47 0.55
95996.61 0.27
95997.74 0.14
95998.87 0.07
96000.00 1.03
96001.10 0.52
96002.23 1.26
96003.36 1.63
96004.50 2.31
96005.62 1.16
96006.75 0.58
96007.87 0.29
96009.00 1.14
96010.09 0.57
96011.22 1.79
96012.35 0.89
96013.46 0.45
96014.59 0.22
96015.71 0.11
96016.83 0.06
96017.95 0.03
96019.06 0.51
96020.19 0.26
96021.32 0.13
96022.44 0.06
96023.57 1.53
96024.70 1.77
96025.82 2.38
96026.96 1.19
96028.09 0.60
96029.21 0.30
96030.32 0.15
96031.45 0.07
96032.58 0.54
96033.70 0.27
96034.82 0.63
96035.95 0.32
96037.07 0.16
96038.20 0.58
96039.32 0.29
96040.45 0.14
96041.57 0.07
96042.69 0.54
96043.82 0.27
96044.95 0.13
96046.07 0.57
96047.20 0.28
96048.32 0.64
96049.44 0.32
96050.57 0.66
96051.69 0.33
96052.82 0.67
96053.96 1.33
96055.09 1.17
96056.22 0.58
96057.35 0.29
96058.47 0.15
96059.60 0.57
96060.72 0.29
96061.85 0.14
96062.98 0.57
96064.10 0.29
96065.23 0.14
96066.35 1.07
96067.48 0.54
96068.62 0.77
96069.74 0.38
96070.86 0.19
96071.98 0.10
96073.10 0.05
96074.21 0.02
96075.33 0.01
96076.45 0.01
96077.57 0.00
96078.68 0.00
96079.78 0.00
96080.90 0.00
96082.00 7.50
96083.12 17.25
96084.30 24.13
96085.47 29.06
96086.64 33.03
96087.80 35.52
96088.98 37.26
96090.14 38.63
96091.32 39.31
96092.50 40.66
96093.66 41.33
96094.83 42.66
96096.00 44.83
96097.16 44.92
96098.34 45.96
96099.51 44.98
96100.67 45.49
96101.85 46.24
96103.01 46.62
96104.18 46.81
96105.35 46.91
96106.53 46.45
96107.70 47.23
96108.87 46.61
96110.03 46.81
96111.21 46.90
96112.37 46.95
96113.54 46.98
96114.71 46.49
96115.89 47.24
96117.05 47.62
96118.22 47.81
96119.39 47.91
96120.57 47.45
96121.74 47.23
96122.92 47.61
96124.10 47.81
96125.27 48.40
96126.43 47.70
96127.60 47.85
96128.77 47.93
96129.94 47.96
96131.11 48.48
96132.28 48.24
96133.45 48.12
96134.63 48.06
96135.79 48.03
96136.98 47.52
96138.14 49.26
96139.32 48.13
96140.50 48.06
96141.65 47.53
96142.82 47.27
96144.00 47.13
96145.14 47.57
96146.32 47.78
96147.49 48.39
96148.66 48.20
96149.82 47.60
96151.00 47.30
96152.13 47.65
96153.31 49.32
96154.48 48.16
96155.66 48.08
96156.82 48.04
96158.00 47.52
96159.14 47.26
96160.32 47.63
96161.49 47.82
96162.67 47.91
96163.85 49.45
96165.02 48.23
96166.19 48.61
96167.36 48.81
96168.54 48.40
96169.71 47.70
96170.88 47.35
96172.04 47.68
96173.21 47.84
96174.39 47.92
96175.56 49.46
96176.72 48.73
96177.90 47.86
96179.07 47.43
96180.24 47.72
96181.41 47.36
96182.59 47.68
96183.75 47.84
96184.92 48.42
96186.10 49.71
96187.28 49.35
96188.45 48.18
96189.63 48.09
96190.79 49.04
96191.97 48.02
96193.14 47.51
96194.32 47.76
96195.49 48.38
96196.66 48.69
96197.82 48.34
96199.00 48.17
96200.14 48.09
96201.31 48.04
96202.47 48.02
96203.64 49.51
96204.81 48.76
96205.99 48.88
96207.15 48.94
96208.32 48.97
96209.49 47.98
96210.66 47.99
96211.82 48.00
96213.00 48.50
96214.12 48.25
96215.30 48.62
96216.46 47.81
96217.64 47.91
96218.81 47.45
96219.99 47.73
96221.16 47.86
96222.34 47.93
96223.51 49.47
96224.68 48.73
96225.85 49.87
96227.02 48.43
96228.19 47.72
96229.37 47.86
96230.54 48.43
96231.71 49.71
96232.89 48.36
96234.06 48.18
96235.23 48.09
96236.39 49.54
96237.57 48.27
96238.74 47.64
96239.92 47.82
96241.10 48.41
96242.27 49.70
96243.43 50.35
96244.60 50.68
96245.77 49.84
96246.94 48.42
96248.12 47.71
96249.30 47.85
96250.46 47.93
96251.64 48.46
96252.81 49.73
96253.99 48.87
96255.16 48.93
96256.34 47.97
96257.51 48.98
96258.67 49.99
96259.85 49.00
96261.00 48.00
96262.15 49.50
96263.32 50.25
96264.50 48.62
96265.66 48.31
96266.83 47.66
96268.00 49.33
96269.16 48.66
96270.34 49.33
96271.51 49.17
96272.68 50.08
96273.85 49.04
96275.01 48.52
96276.18 48.76
96277.35 48.88
96278.53 48.44
96279.69 49.72
96280.86 49.86
96282.03 40.43
96283.20 30.22
96284.37 24.61
96285.56 18.30
96286.72 15.65
96287.89 13.33
96289.07 10.66
96290.25 8.83
96291.37 8.42
96292.52 6.71
96293.65 6.35
96294.78 6.68
96295.92 5.34
96297.06 4.17
96298.18 3.58
96299.32 2.79
96300.45 3.40
96301.59 3.20
96302.71 2.60
96303.85 2.80
96304.96 1.40
96306.10 2.20
96307.22 2.60
96308.35 1.30
96309.47 0.65
96310.61 1.82
96311.75 1.41
96312.88 0.71
96314.00 0.35
96315.12 0.68
96316.25 0.34
96317.36 0.17
96318.50 1.58
96319.61 0.79
96320.74 1.90
96321.88 1.45
96323.00 0.72
96324.11 1.86
96325.25 0.93
96326.39 1.47
96327.52 0.73
96328.64 1.87
96329.77 0.93
96330.89 0.47
96332.01 0.23
96333.13 0.12
96334.26 1.56
96335.39 0.78
96336.52 1.39
96337.65 0.69
96338.77 0.35
96339.91 1.67
96341.04 1.34
96342.16 0.67
96343.29 0.33
96344.42 0.17
96345.55 0.08
96346.67 1.54
96347.80 0.77
96348.92 0.39
96350.05 0.69
96351.17 0.35
96352.31 1.67
96353.44 2.34
96354.57 1.17
96355.70 0.58
96356.82 0.29
96357.96 0.15
96359.08 0.07
96360.20 0.04
96361.31 0.02
96362.43 1.51
96363.57 1.75
96364.71 1.88
96365.85 1.44
96366.97 0.72
96368.10 1.86
96369.23 0.93
96370.35 0.46
96371.49 1.23
96372.62 0.62
96373.75 0.31
96374.88 0.15
96376.00 0.58
96377.11 0.29
96378.25 0.14
96379.36 1.57
96380.50 0.79
96381.61 0.39
96382.74 0.20
96383.86 1.10
96384.99 0.55
96386.11 0.27
96387.25 0.64
96388.37 1.32
96389.51 0.66
96390.64 1.33
96391.78 2.16
96392.91 1.08
96394.03 0.54
96395.15 0.27
96396.29 1.14
96397.42 1.07
96398.55 0.53
96399.68 1.27
96400.82 2.13
96401.96 1.57
96403.09 1.28
96404.22 0.64
96405.35 0.32
96406.47 0.16
96407.60 0.08
96408.71 0.04
96409.82 0.02
96410.95 0.01
96412.05 0.01
96413.16 0.00
96414.28 0.00
96415.39 0.00
96416.50 0.00
96417.60 0.00
96418.70 0.00
96419.80 0.00
96420.92 1.00
96422.03 0.50
96423.14 0.25
96424.28 0.63
96425.40 0.31
96426.53 0.66
96427.65 0.33
96428.78 1.16
96429.92 1.08
96431.04 0.54
96432.16 0.27
96433.30 0.64
96434.42 0.82
96435.55 0.41
96436.67 0.20
96437.79 0.10
96438.92 0.55
96440.04 0.28
96441.16 0.14
96442.29 0.07
96443.41 0.03
96444.53 0.02
96445.65 0.51
96446.78 0.25
96447.91 1.63
96449.04 1.31
96450.18 1.16
96451.31 0.58
96452.43 0.29
96453.57 1.14
96454.70 0.57
96455.82 0.29
96456.96 1.14
96458.09 0.57
96459.21 0.29
96460.34 0.14
96461.47 0.57
96462.60 0.79
96463.72 0.39
96464.85 0.20
96465.97 0.10
96467.09 0.05
96468.21 0.02
96469.32 0.01
96470.45 0.51
96471.58 0.25
96472.71 0.13
96473.83 0.06
96474.96 0.53
96476.09 0.27
96477.21 0.13
96478.34 0.07
96479.46 1.53
96480.60 0.77
96481.71 2.88
96482.85 11.94
96484.02 18.97
96485.19 25.49
96486.35 31.24
96487.53 34.62
96488.70 37.31
96489.87 40.16
96491.04 41.58
96492.21 41.79
96493.38 41.89
96494.55 42.95
96495.71 44.97
96496.89 44.49
96498.05 44.74
96499.22 44.37
96500.39 44.19
96501.57 46.09
96502.74 47.05
96503.91 47.02
96505.08 47.01
96506.25 48.01
96507.41 47.00
96508.57 47.50
96509.74 47.75
96510.91 47.88
96512.09 47.44
96513.26 47.22
96514.43 46.61
96515.61 47.30
96516.78 47.15
96517.96 48.08
96519.13 48.54
96520.31 47.77
96521.48 47.38
96522.65 47.19
96523.82 47.60
96524.99 47.80
96526.15 48.40
96527.32 48.20
96528.49 48.10
96529.66 47.55
96530.83 47.27
96532.00 47.64
96533.16 47.82
96534.34 47.91
96535.52 49.45
96536.68 48.73
96537.85 47.86
96539.02 47.43
96540.19 47.22
96541.36 47.11
96542.54 47.55
96543.71 47.78
96544.89 47.89
96546.05 48.44
96547.22 48.72
96548.39 48.36
96549.57 48.18
96550.74 48.09
96551.91 48.05
96553.09 48.02
96554.25 48.51
96555.42 47.76
96556.60 47.38
96557.77 47.69
96558.95 47.84
96560.12 47.92
96561.29 47.96
96562.46 47.98
96563.63 48.49
96564.79 48.25
96565.97 48.62
96567.14 48.81
96568.32 49.91
96569.49 48.95
96570.66 48.48
96571.82 48.24
96573.00 49.62
96574.16 50.31
96575.34 48.65
96576.53 47.83
96577.69 47.91
96578.86 47.96
96580.03 47.98
96581.20 49.49
96582.36 50.24
96583.53 48.62
96584.71 48.31
96585.89 49.66
96587.07 49.83
96588.25 48.91
96589.41 48.96
96590.59 49.98
96591.75 50.49
96592.92 49.24
96594.10 50.12
96595.28 50.56
96596.44 50.78
96597.61 48.89
96598.78 47.95
96599.96 47.97
96601.13 47.49
96602.31 47.74
96603.48 47.87
96604.65 47.94
96605.82 48.47
96607.00 48.23
96608.14 48.12
96609.32 48.06
96610.48 49.53
96611.65 50.26
96612.82 50.63
96614.00 49.32
96615.14 48.16
96616.32 48.08
96617.48 49.04
96618.65 48.52
96619.82 48.26
96621.00 48.13
96622.16 48.06
96623.33 48.53
96624.51 49.77
96625.68 48.38
96626.85 48.19
96628.02 48.60
96629.18 49.80
96630.35 50.40
96631.52 50.70
96632.68 48.85
96633.86 47.92
96635.03 47.46
96636.20 49.23
96637.36 49.12
96638.54 48.56
96639.71 48.78
96640.89 49.89
96642.07 48.94
96643.24 49.97
96644.40 50.49
96645.57 48.74
96646.74 47.87
96647.91 49.44
96649.09 48.22
96650.26 48.11
96651.43 48.05
96652.60 48.03
96653.76 48.01
96654.94 48.51
96656.11 48.25
96657.29 48.63
96658.46 49.81
96659.63 48.41
96660.80 49.20
96661.96 48.60
96663.13 48.80
96664.30 48.40
96665.46 48.20
96666.64 47.60
96667.80 47.80
96668.96 47.90
96670.12 47.95
96671.29 47.98
96672.46 47.99
96673.64 47.99
96674.81 48.50
96675.98 49.75
96677.14 48.37
96678.32 48.19
96679.50 48.09
96680.65 47.55
96681.82 45.77
96683.00 36.39
96684.16 28.19
96685.34 23.60
96686.52 17.80
96687.67 13.90
96688.85 10.95
96690.02 9.47
96691.14 8.74
96692.28 8.87
96693.41 7.93
96694.55 5.97
96695.68 6.48
96696.82 5.74
96697.96 4.87
96699.09 4.44
96700.23 3.72
96701.36 2.86
96702.50 4.93
96703.62 4.46
96704.75 4.23
96705.89 4.12
96707.03 3.56
96708.14 2.28
96709.28 1.14
96710.42 2.07
96711.54 1.53
96712.67 0.77
96713.81 1.88
96714.95 1.44
96716.08 0.72
96717.21 1.36
96718.34 1.68
96719.47 1.34
96720.61 0.67
96721.74 0.34
96722.87 1.67
96724.00 2.33
96725.12 1.17
96726.26 0.58
96727.39 0.79
96728.52 1.90
96729.65 2.45
96730.78 1.72
96731.92 0.86
96733.04 0.43
96734.16 0.72
96735.30 0.36
96736.42 0.18
96737.55 0.09
96738.67 1.04
96739.79 0.52
96740.93 0.76
96742.05 0.38
96743.17 0.19
96744.31 1.60
96745.43 0.80
96746.56 0.40
96747.67 0.20
96748.79 0.10
96749.92 0.05
96751.04 0.52
96752.16 0.26
96753.29 0.13
96754.42 0.07
96755.54 0.53
96756.67 0.27
96757.79 0.13
96758.93 1.07
96760.07 2.03
96761.19 1.02
96762.32 0.51
96763.44 1.75
96764.58 0.88
96765.70 0.44
96766.82 0.72
96767.96 0.36
96769.08 0.18
96770.21 1.09
96771.33 0.54
96772.46 0.27
96773.59 0.14
96774.71 0.07
96775.85 1.53
96776.97 0.77
96778.10 0.88
96779.22 0.44
96780.35 0.22
96781.47 0.11
96782.61 1.06
96783.74 0.53
96784.87 1.76
96786.00 0.88
96787.11 0.44
96788.25 0.72
96789.37 0.36
96790.50 0.18
96791.61 0.09
96792.74 0.55
96793.87 0.27
96795.00 0.14
96796.10 1.57
96797.22 1.28
96798.35 0.64
96799.49 0.82
96800.61 0.91
96801.74 0.46
96802.87 0.23
96803.99 1.11
96805.12 1.56
96806.26 0.78
96807.39 0.39
96808.52 1.69
96809.65 1.35
96810.78 1.17
96811.92 2.09
96813.04 1.04
96814.16 0.52
96815.29 0.26
96816.42 0.63
96817.55 0.32
96818.67 1.66
96819.81 1.83
96820.95 2.41
96822.08 1.21
96823.21 0.60
96824.34 0.80
96825.45 0.40
96826.57 0.20
96827.69 0.10
96828.82 1.55
96829.95 0.78
96831.07 0.39
96832.20 0.69
96833.32 0.35
96834.44 0.17
96835.57 0.59
96836.69 0.29
96837.81 0.15
96838.95 0.57
96840.07 0.29
96841.20 0.14
96842.32 0.07
96843.44 1.04
96844.57 1.02
96845.69 0.51
96846.82 0.75
96847.95 0.38
96849.07 0.19
96850.20 0.09
96851.31 0.05
96852.42 0.02
96853.54 0.01
96854.66 0.51
96855.79 0.75
96856.92 0.88
96858.05 0.94
96859.16 0.47
96860.29 0.23
96861.41 0.62
96862.55 0.31
96863.67 0.15
96864.80 0.08
96865.92 0.04
96867.03 0.02
96868.14 0.01
96869.27 0.00
96870.39 0.50
96871.51 0.25
96872.64 0.13
96873.76 1.56
96874.90 0.78
96876.02 0.89
96877.14 0.45
96878.27 0.22
96879.39 1.61
96880.53 0.81
96881.67 0.40
96882.78 6.70
96883.91 15.85
96885.09 21.93
96886.26 28.46
96887.42 32.23
96888.60 35.62
96889.77 37.31
96890.95 40.15
96892.12 41.58
96893.30 41.79
96894.46 41.89
96895.64 42.95
96896.81 42.97
96897.98 43.49
96899.14 43.74
96900.32 43.87
96901.49 43.94
96902.66 45.97
96903.82 45.48
96905.00 46.74
96906.13 46.87
96907.30 47.44
96908.46 48.22
96909.64 47.61
96910.81 46.80
96911.98 46.40
96913.14 46.20
96914.32 46.60
96915.48 46.80
96916.64 46.90
96917.81 46.45
96918.99 47.23
96920.16 47.61
96921.34 47.81
96922.52 48.40
96923.68 48.70
96924.85 47.85
96926.02 47.43
96927.19 47.21
96928.36 47.11
96929.54 47.05
96930.71 47.03
96931.88 47.51
96933.06 47.76
96934.23 47.88
96935.39 47.94
96936.57 47.47
96937.74 47.23
96938.92 47.62
96940.10 49.31
96941.27 48.15
96942.44 47.58
96943.61 47.29
96944.78 47.14
96945.96 47.57
96947.12 47.79
96948.30 47.39
96949.46 47.20
96950.64 47.10
96951.80 47.05
96952.96 47.02
96954.13 47.01
96955.30 47.51
96956.46 47.75
96957.64 48.38
96958.81 48.19
96959.99 49.59
96961.15 48.80
96962.32 48.40
96963.49 47.70
96964.66 47.85
96965.82 47.92
96967.00 47.46
96968.14 48.23
96969.32 48.12
96970.49 47.56
96971.66 48.28
96972.82 49.64
96974.00 50.32
96975.14 49.16
96976.32 48.58
96977.49 49.29
96978.66 48.14
96979.83 48.07
96981.00 48.04
96982.16 48.02
96983.33 49.51
96984.51 48.25
96985.68 47.63
96986.86 48.31
96988.03 48.16
96989.21 48.08
96990.37 48.04
96991.54 48.02
96992.71 48.01
96993.88 48.00
96995.03 48.00
96996.19 48.00
96997.35 48.50
96998.53 48.25
96999.70 48.63
97000.87 49.81
97002.03 50.41
97003.21 48.70
97004.37 47.85
97005.54 47.93
97006.71 47.96
97007.89 49.48
97009.06 48.24
97010.23 47.62
97011.40 47.31
97012.57 47.16
97013.75 47.58
97014.93 47.79
97016.10 49.39
97017.28 49.20
97018.44 49.10
97019.61 49.05
97020.78 48.52
97021.96 49.76
97023.13 48.38
97024.31 48.19
97025.48 48.10
97026.65 48.55
97027.82 49.77
97028.99 48.39
97030.16 48.19
97031.34 49.60
97032.51 50.30
97033.67 48.65
97034.85 47.82
97036.02 47.91
97037.19 47.96
97038.36 48.48
97039.53 49.74
97040.71 48.37
97041.89 50.18
97043.07 48.59
97044.24 47.80
97045.40 47.90
97046.57 48.95
97047.74 48.47
97048.92 49.74
97050.10 48.87
97051.27 48.43
97052.44 48.72
97053.61 48.86
97054.78 49.93
97055.96 50.46
97057.13 49.73
97058.31 48.37
97059.48 48.18
97060.65 49.09
97061.82 48.55
97063.00 48.27
97064.14 49.64
97065.32 50.32
97066.49 49.16
97067.67 50.08
97068.83 50.54
97070.00 48.77
97071.16 47.88
97072.33 47.44
97073.51 47.72
97074.68 49.36
97075.85 48.18
97077.02 49.09
97078.18 48.05
97079.35 47.52
97080.53 47.76
97081.70 48.38
97082.87 46.19
97084.03 36.10
97085.21 28.55
97086.39 21.27
97087.56 16.64
97088.73 14.82
97089.91 12.91
97091.09 10.45
97092.26 9.23
97093.39 7.61
97094.53 7.31
97095.67 5.65
97096.80 4.83
97097.94 4.41
97099.07 5.21
97100.21 4.60
97101.33 3.80
97102.46 3.90
97103.59 3.45
97104.72 2.73
97105.86 3.36
97107.00 3.18
97108.10 3.09
97109.23 1.55
97110.36 0.77
97111.49 1.89
97112.63 2.44
97113.76 1.72
97114.90 0.86
97116.02 1.43
97117.14 0.72
97118.28 0.36
97119.41 1.18
97120.55 2.09
97121.67 1.54
97122.80 0.77
97123.94 1.89
97125.07 2.44
97126.20 2.72
97127.32 1.36
97128.46 2.18
97129.60 2.59
97130.72 1.30
97131.86 1.65
97132.99 0.82
97134.11 0.91
97135.25 0.46
97136.39 1.23
97137.52 0.61
97138.64 1.81
97139.78 0.90
97140.90 0.45
97142.02 0.73
97143.14 0.36
97144.28 0.18
97145.40 0.09
97146.52 0.05
97147.64 0.52
97148.77 0.26
97149.90 0.13
97151.03 1.07
97152.14 1.03
97153.28 0.52
97154.40 0.76
97155.53 0.38
97156.65 0.19
97157.78 0.09
97158.90 0.55
97160.03 0.27
97161.15 1.14
97162.29 1.57
97163.42 2.28
97164.56 2.64
97165.69 1.32
97166.82 0.66
97167.95 0.33
97169.07 1.17
97170.21 2.08
97171.34 1.04
97172.46 0.52
97173.60 0.26
97174.71 0.13
97175.85 1.57
97176.98 1.28
97178.11 2.14
97179.25 1.57
97180.39 0.79
97181.53 1.39
97182.66 1.20
97183.78 0.60
97184.90 0.30
97186.01 0.15
97187.13 0.07
97188.25 0.04
97189.37 0.02
97190.50 0.51
97191.61 0.25
97192.74 0.13
97193.88 1.56
97195.01 1.28
97196.13 0.64
97197.26 0.32
97198.39 0.16
97199.52 0.08
97200.64 0.04
97201.76 0.52
97202.89 0.26
97204.01 0.13
97205.14 1.57
97206.28 2.28
97207.41 1.14
97208.55 1.07
97209.68 1.04
97210.80 0.52
97211.93 0.26
97213.06 0.13
97214.18 0.06
97215.30 1.03
97216.43 2.02
97217.56 1.01
97218.68 0.50
97219.80 0.25
97220.93 0.13
97222.06 0.06
97223.17 0.53
97224.31 0.27
97225.43 0.13
97226.57 0.07
97227.68 0.03
97228.80 0.02
97229.93 0.51
97231.06 0.25
97232.18 0.13
97233.31 0.06
97234.42 0.03
97235.55 0.02
97236.67 0.01
97237.79 1.50
97238.92 0.75
97240.05 0.38
97241.17 0.19
97242.31 0.59
97243.44 0.80
97244.56 0.40
97245.68 1.20
97246.80 0.60
97247.92 0.30
97249.04 0.15
97250.16 0.07
97251.28 0.54
97252.42 0.77
97253.54 0.38
97254.67 0.19
97255.79 0.10
97256.92 0.05
97258.03 0.02
97259.14 0.01
97260.28 0.51
97261.40 0.25
97262.53 0.13
97263.65 0.06
97264.77 1.53
97265.92 2.27
97267.05 1.13
97268.18 0.57
97269.31 0.28
97270.43 0.64
97271.57 0.32
97272.69 1.16
97273.82 1.08
97274.96 0.54
97276.08 0.27
97277.21 0.14
97278.34 0.07
97279.46 0.03
97280.58 0.52
97281.71 0.26
97282.83 0.63
97283.96 0.31
97285.09 0.16
97286.21 0.08
97287.33 0.04
97288.45 0.02
97289.57 0.01
97290.68 0.00
97291.79 1.00
97292.92 0.50
97294.03 0.25
97295.14 0.13
97296.28 0.06
97297.41 0.53
97298.53 0.27
97299.65 0.63
97300.78 0.32
97301.92 0.16
97303.04 0.08
97304.15 0.04
97305.28 0.02
97306.39 0.51
97307.53 0.25
97308.65 0.13
97309.78 0.56
97310.92 0.28
97312.04 0.14
97313.16 0.07
97314.29 0.54
97315.41 0.27
97316.54 0.13
97317.66 0.07
97318.78 0.03
97319.91 0.52
97321.04 0.76
97322.16 0.38
97323.29 0.19
97324.41 0.09
97325.54 0.55
97326.66 0.27
97327.79 0.64
97328.92 0.32
97330.05 0.16
97331.17 1.58
97332.31 1.29
97333.44 0.64
97334.57 0.32
97335.70 0.66
97336.82 0.33
97337.95 0.17
97339.07 0.08
97340.20 1.54
97341.32 0.77
97342.45 1.89
97343.59 1.44
97344.71 0.72
97345.85 0.36
97346.97 0.18
97348.09 0.09
97349.21 0.55
97350.34 0.77
97351.47 1.89
97352.61 1.44
97353.75 1.22
97354.89 1.11
97356.02 1.06
97357.14 1.03
97358.28 2.01
97359.39 1.01
97360.53 0.50
97361.64 0.25
97362.77 0.13
97363.91 0.56
97365.04 0.78
97366.15 0.39
97367.28 0.20
97368.40 0.10
97369.53 0.55
97370.64 0.27
97371.77 0.14
97372.92 0.57
97374.05 0.78
97375.16 0.39
97376.29 0.20
97377.41 0.60
97378.54 0.30
97379.67 0.65
97380.78 0.32
97381.92 0.66
97383.04 0.33
97384.16 0.17
97385.29 0.08
97386.40 0.04
97387.53 0.52
97388.65 0.26
97389.78 0.13
97390.92 0.07
97392.03 0.03
97393.14 0.02
97394.26 0.01
97395.38 0.00
97396.50 0.50
97397.60 0.75
97398.72 0.38
97399.86 1.19
97400.99 0.59
97402.11 0.30
97403.24 0.15
97404.36 0.07
97405.49 1.54
97406.62 0.77
97407.75 0.88
97408.88 0.44
97410.00 0.22
97411.09 0.11
97412.21 0.06
97413.32 0.03
97414.44 0.01
97415.56 0.01
97416.67 0.00
97417.78 0.00
97418.89 0.00
97420.00 0.00
97421.07 0.00
97422.18 0.00
97423.29 0.00
97424.40 0.00
97425.50 0.00
97426.60 0.00
97427.70 0.00
97428.80 0.00
97429.92 0.00
97431.02 0.00
97432.13 0.00
97433.25 0.00
97434.35 0.00
97435.46 0.00
97436.58 0.00
97437.70 0.00
97438.80 0.00
97439.92 0.00
97441.02 0.00
97442.13 0.00
97443.25 0.00
97444.35 0.00
97445.46 0.00
97446.58 0.00
97447.69 0.00
97448.80 0.00
97449.92 0.00
97451.04 0.00
97452.14 0.00
97453.26 0.00
97454.37 0.00
97455.48 0.00
97456.60 0.00
97457.70 0.00
97458.80 0.00
97459.92 0.00
97461.02 0.00
97462.12 0.50
97463.25 0.75
97464.39 0.88
97465.52 0.44
97466.64 0.22
97467.77 0.11
97468.90 0.05
97470.01 0.03
97471.12 0.01
97472.25 0.01
97473.36 0.50
97474.48 0.25
97475.60 0.13
97476.71 0.06
97477.85 0.53
97478.96 0.77
97480.10 0.88
97481.22 1.44
97482.35 0.72
97483.47 0.36
97484.61 0.68
97485.73 0.34
97486.86 0.17
97487.98 0.09
97489.10 0.04
97490.21 0.02
97491.33 0.01
97492.45 0.51
97493.59 0.25
97494.71 0.13
97495.85 0.06
97496.96 0.03
97498.07 0.02
97499.19 0.01
97500.31 0.00
97501.42 0.50
97502.55 0.75
97503.67 0.38
97504.80 0.19
97505.92 0.09
97507.04 0.05
97508.15 0.02
97509.28 0.01
97510.40 0.01
97511.51 0.00
97512.62 0.00
97513.73 0.00
97514.85 0.00
97515.96 0.00
97517.07 0.00
97518.18 0.00
97519.29 0.00
97520.40 0.50
97521.53 0.75
97522.65 0.38
97523.78 0.19
97524.92 0.09
97526.03 0.05
97527.14 0.02
97528.27 0.01
97529.39 0.51
97530.53 0.75
97531.65 0.88
97532.78 0.44
97533.92 0.22
97535.04 0.61
97536.17 0.30
97537.29 0.15
97538.41 0.08
97539.54 0.54
97540.66 0.27
97541.78 0.13
97542.92 0.07
97544.03 0.03
97545.14 0.02
97546.27 0.01
97547.39 0.00
97548.50 0.00
97549.60 0.00
97550.70 0.00
97551.80 0.00
97552.92 0.00
97554.02 0.50
97555.14 0.25
97556.27 0.13
97557.39 0.56
97558.53 0.78
97559.65 0.39
97560.78 0.20
97561.91 0.10
97563.03 0.55
97564.14 0.27
97565.28 0.64
97566.40 0.82
97567.53 0.41
97568.66 0.70
97569.78 0.85
97570.92 0.43
97572.04 0.21
97573.16 0.11
97574.29 0.05
97575.40 0.03
97576.52 0.01
97577.64 0.01
97578.75 0.00
97579.87 0.00
97580.98 0.00
97582.09 0.00
97583.19 0.00
97584.30 0.00
97585.40 0.00
97586.51 0.00
97587.62 0.00
97588.74 0.50
97589.86 0.25
97590.99 0.13
97592.12 0.06
97593.25 0.03
97594.37 0.52
97595.50 0.26
97596.61 0.13
97597.74 0.06
97598.87 0.53
97599.99 0.27
97601.11 0.13
97602.25 0.57
97603.37 0.28
97604.50 0.14
97605.61 0.07
97606.73 0.04
97607.86 0.52
97608.98 0.26
97610.10 0.13
97611.22 0.56
97612.35 0.28
97613.47 0.14
97614.60 0.07
97615.71 0.04
97616.83 0.52
97617.96 0.26
97619.08 0.13
97620.21 0.06
97621.32 0.03
97622.45 0.52
97623.59 0.76
97624.71 0.38
97625.83 0.19
97626.96 0.09
97628.07 0.05
97629.21 0.52
97630.34 0.76
97631.46 0.38
97632.59 0.19
97633.71 0.60
97634.83 0.30
97635.96 0.15
97637.08 0.07
97638.20 0.54
97639.33 0.77
97640.45 0.38
97641.57 0.19
97642.69 0.10
97643.81 0.05
97644.93 0.02
97646.04 0.01
97647.15 0.01
97648.28 0.00
97649.39 0.00
97650.50 0.00
97651.60 0.00
97652.70 0.00
97653.80 0.00
97654.92 0.50
97656.04 0.25
97657.16 0.13
97658.29 0.06
97659.41 0.03
97660.53 0.02
97661.65 0.01
97662.76 0.00
97663.88 0.00
97665.00 0.50
97666.08 0.25
97667.21 0.63
97668.34 0.31
97669.47 0.66
97670.60 0.33
97671.71 0.16
97672.85 0.58
97673.97 0.29
97675.09 0.15
97676.21 0.57
97677.34 0.29
97678.46 0.14
97679.59 0.07
97680.71 0.04
97681.82 0.02
97682.94 0.01
97684.05 0.50
97685.17 0.25
97686.30 0.13
97687.42 0.06
97688.54 0.03
97689.65 0.02
97690.77 0.01
97691.89 0.50
97693.01 0.25
97694.13 0.13
97695.26 0.06
97696.39 0.53
97697.51 0.27
97698.64 0.63
97699.76 0.32
97700.89 0.16
97702.01 0.08
97703.12 0.54
97704.26 0.77
97705.39 0.38
97706.52 0.19
97707.64 0.10
97708.76 0.05
97709.88 0.02
97710.99 0.01
97712.10 0.01
97713.22 0.00
97714.33 0.00
97715.44 0.00
97716.56 0.00
97717.67 0.00
97718.78 0.00
97719.90 0.00
97721.00 0.00
97722.07 0.00
97723.18 0.00
97724.29 0.50
97725.42 0.25
97726.55 0.13
97727.68 0.06
97728.80 0.03
97729.92 0.02
97731.04 0.51
97732.16 0.25
97733.29 0.13
97734.42 0.06
97735.54 0.03
97736.66 0.02
97737.78 0.01
97738.90 0.00
97740.00 0.00
97741.07 0.00
97742.18 0.00
97743.30 0.50
97744.41 0.25
97745.54 0.13
97746.67 0.06
97747.79 1.03
97748.92 0.52
97750.04 0.26
97751.16 0.13
97752.29 0.56
97753.42 0.28
97754.55 0.14
97755.67 0.07
97756.79 0.04
97757.92 0.02
97759.03 0.01
97760.14 0.00
97761.26 0.00
97762.37 0.00
97763.48 0.00
97764.60 0.00
97765.70 0.00
97766.80 0.00
97767.92 0.00
97769.03 0.00
97770.13 0.00
97771.25 0.00
97772.35 0.00
97773.46 0.00
97774.58 0.00
97775.69 0.00
97776.80 0.00
97777.92 0.00
97779.03 0.00
97780.13 0.00
97781.25 0.00
97782.35 0.00
97783.47 0.50
97784.60 0.25
97785.71 0.12
97786.85 0.06
97787.97 0.53
97789.09 0.27
97790.21 0.13
97791.34 0.07
97792.46 0.03
97793.58 0.02
97794.69 0.51
97795.82 0.25
97796.95 0.13
97798.07 0.06
97799.19 0.53
97800.32 0.27
97801.44 0.13
97802.57 0.57
97803.70 0.78
97804.82 0.39
97805.95 0.20
97807.07 0.60
97808.20 0.80
97809.31 0.40
97810.43 0.20
97811.56 0.60
97812.67 0.30
97813.79 0.15
97814.92 0.07
97816.04 0.04
97817.15 0.02
97818.28 0.01
97819.39 0.50
97820.53 0.25
97821.65 0.63
97822.78 0.31
97823.92 0.16
97825.04 0.08
97826.16 0.54
97827.28 0.27
97828.41 0.13
97829.54 0.07
97830.66 0.03
97831.78 0.52
97832.92 1.26
97834.05 1.13
97835.18 0.56
97836.31 0.28
97837.44 0.64
97838.57 0.32
97839.69 0.16
97840.82 0.58
97841.94 0.79
97843.07 0.40
97844.19 0.20
97845.31 0.10
97846.43 0.55
97847.56 0.27
97848.68 0.14
97849.81 0.57
97850.94 0.28
97852.06 0.14
97853.18 0.07
97854.30 0.04
97855.41 0.02
97856.53 0.51
97857.67 0.25
97858.80 0.63
97859.92 0.31
97861.05 0.16
97862.17 0.08
97863.29 0.04
97864.40 0.52
97865.53 0.26
97866.66 0.13
97867.78 0.06
97868.91 0.03
97870.03 0.52
97871.15 0.26
97872.28 0.13
97873.41 0.06
97874.53 0.53
97875.66 0.27
97876.78 0.63
97877.92 0.32
97879.04 0.16
97880.16 0.08
97881.28 0.04
97882.40 0.02
97883.53 0.51
97884.66 0.75
97885.78 0.38
97886.92 0.19
97888.03 0.09
97889.14 0.05
97890.27 0.02
97891.39 0.01
97892.52 0.51
97893.64 0.25
97894.77 0.13
97895.91 0.06
97897.03 0.03
97898.14 0.02
97899.26 0.01
97900.39 0.50
97901.51 0.25
97902.64 0.13
97903.76 0.56
97904.90 1.78
97906.03 1.39
97907.15 0.70
97908.28 0.35
97909.41 0.17
97910.54 0.09
97911.66 0.04
97912.78 0.02
97913.92 0.51
97915.04 0.76
97916.17 0.38
97917.30 0.19
97918.42 0.09
97919.54 0.05
97920.66 0.02
97921.77 0.01
97922.91 0.51
97924.03 0.25
97925.15 0.13
97926.29 0.56
97927.41 0.28
97928.55 0.64
97929.67 0.82
97930.79 0.41
97931.92 0.21
97933.04 0.60
97934.16 0.30
97935.28 0.15
97936.41 0.08
97937.53 0.04
97938.65 0.02
97939.76 0.01
97940.88 0.00
97941.99 0.00
97943.10 0.00
97944.21 0.50
97945.33 0.25
97946.46 0.63
97947.60 0.31
97948.71 0.16
97949.85 0.08
97950.96 0.04
97952.08 0.02
97953.20 0.01
97954.31 0.00
97955.42 0.50
97956.55 0.25
97957.68 0.63
97958.80 0.31
97959.92 0.16
97961.05 0.08
97962.16 0.04
97963.28 0.02
97964.39 0.01
97965.51 0.00
97966.62 0.00
97967.73 0.00
97968.85 0.50
97969.96 0.25
97971.09 0.13
97972.21 0.06
97973.33 0.53
97974.46 0.27
97975.60 0.13
97976.72 0.57
97977.85 0.28
97978.98 0.64
97980.10 0.32
97981.22 0.16
97982.35 0.08
97983.46 0.04
97984.58 0.52
97985.71 0.26
97986.83 0.13
97987.96 0.07
97989.09 0.53
97990.21 0.27
97991.35 0.63
97992.46 0.32
97993.60 0.16
97994.72 0.58
97995.85 0.79
97996.97 0.39
97998.09 0.20
97999.21 0.10
98000.32 0.55
98001.45 0.27
98002.58 0.14
98003.71 0.07
98004.82 0.03
98005.94 0.02
98007.06 0.01
98008.16 0.00
98009.28 0.50
98010.39 0.25
98011.53 0.13
98012.65 0.06
98013.78 0.53
98014.91 0.27
98016.03 0.13
98017.15 0.07
98018.28 0.03
98019.39 0.52
98020.53 0.26
98021.65 0.13
98022.78 0.06
98023.91 0.03
98025.03 0.52
98026.15 0.26
98027.28 0.13
98028.42 0.56
98029.54 0.28
98030.66 0.14
98031.78 0.07
98032.91 0.04
98034.03 0.02
98035.14 0.01
98036.26 0.00
98037.37 0.00
98038.48 0.00
98039.60 0.50
98040.71 0.25
98041.85 0.13
98042.97 0.06
98044.09 0.03
98045.21 0.02
98046.32 0.01
98047.44 0.00
98048.56 0.00
98049.67 0.00
98050.78 0.00
98051.90 0.00
98053.00 0.00
98054.07 0.00
98055.18 0.00
98056.29 0.50
98057.41 0.25
98058.55 0.63
98059.67 0.31
98060.80 0.16
98061.92 0.08
98063.04 0.54
98064.17 0.27
98065.30 0.13
98066.42 0.57
98067.55 0.28
98068.67 0.64
98069.81 0.82
98070.93 0.41
98072.06 0.21
98073.19 0.60
98074.31 0.30
98075.42 0.15
98076.56 0.08
98077.67 0.04
98078.79 0.02
98079.91 1.51
98081.04 0.75
98082.16 0.38
98083.30 0.69
98084.42 0.34
98085.55 0.17
98086.67 0.09
98087.79 0.04
98088.91 0.02
98090.03 0.01
98091.14 0.01
98092.26 0.00
98093.37 0.00
98094.48 0.00
98095.60 0.00
98096.70 0.00
98097.81 0.50
98098.93 0.25
98100.06 0.13
98101.19 0.56
98102.32 0.78
98103.44 0.39
98104.57 0.20
98105.68 0.60
98106.80 0.30
98107.92 0.15
98109.04 0.07
98110.15 0.04
98111.28 0.02
98112.39 0.01
98113.51 0.00
98114.62 0.00
98115.73 0.00
98116.85 0.00
98117.96 0.00
98119.07 0.50
98120.19 0.25
98121.32 0.63
98122.45 0.81
98123.58 0.41
98124.71 0.20
98125.82 0.10
98126.95 0.05
98128.06 0.03
98129.17 0.01
98130.29 0.51
98131.42 0.25
98132.56 0.13
98133.68 0.56
98134.81 0.28
98135.94 0.14
98137.07 0.57
98138.20 0.79
98139.32 0.39
98140.45 0.20
98141.57 0.10
98142.69 0.05
98143.80 0.02
98144.92 0.01
98146.03 0.01
98147.14 0.00
98148.26 0.00
98149.38 0.00
98150.48 0.00
98151.60 0.00
98152.70 0.00
98153.80 0.00
98154.92 0.50
98156.03 0.25
98157.15 0.13
98158.29 0.06
98159.41 0.03
98160.53 0.52
98161.67 0.26
98162.79 0.13
98163.92 0.06
98165.04 0.03
98166.15 0.02
98167.28 0.01
98168.39 0.00
98169.51 0.00
98170.62 0.00
98171.73 0.00
98172.85 0.00
98173.97 0.50
98175.09 0.75
98176.21 0.38
98177.34 0.19
98178.46 0.09
98179.59 0.05
98180.71 0.52
98181.85 0.26
98182.97 0.13
98184.10 0.57
98185.23 0.28
98186.35 0.14
98187.47 0.07
98188.60 0.54
98189.72 0.27
98190.85 0.13
98191.99 0.57
98193.10 0.28
98194.23 0.14
98195.35 0.07
98196.48 0.04
98197.60 0.52
98198.72 0.26
98199.85 0.13
98200.98 0.06
98202.10 0.03
98203.21 0.02
98204.33 0.01
98205.45 0.00
98206.57 0.50
98207.69 0.25
98208.82 0.13
98209.95 0.06
98211.07 0.03
98212.18 0.52
98213.32 0.26
98214.44 0.13
98215.57 0.06
98216.69 0.03
98217.81 0.02
98218.93 0.01
98220.05 0.00
98221.14 0.00
98222.26 0.00
98223.37 0.00
98224.48 0.00
98225.60 0.00
98226.71 0.50
98227.83 0.25
98228.96 0.13
98230.10 0.56
98231.22 0.28
98232.35 0.14
98233.47 0.57
98234.60 0.29
98235.72 0.14
98236.85 0.07
98237.97 0.04
98239.09 0.52
98240.22 0.26
98241.35 0.13
98242.47 0.06
98243.60 0.53
98244.72 0.77
98245.85 0.38
98246.97 0.19
98248.09 0.10
98249.21 0.55
98250.34 0.27
98251.46 0.14
98252.60 0.57
98253.72 0.28
98254.85 0.14
98255.98 0.07
98257.10 0.54
98258.23 0.27
98259.35 0.13
98260.48 0.07
98261.60 0.03
98262.71 0.02
98263.83 0.01
98264.95 0.00
98266.06 0.00
98267.16 0.00
98268.27 0.00
98269.38 0.50
98270.51 0.25
98271.64 0.63
98272.77 0.81
98273.90 0.41
98275.02 0.20
98276.13 0.60
98277.26 0.30
98278.38 0.15
98279.51 0.08
98280.63 0.04
98281.75 0.02
98282.86 0.01
98283.98 0.00
98285.09 0.00
98286.20 0.00
98287.30 0.00
98288.40 0.00
98289.51 0.00
98290.62 0.00
98291.73 0.00
98292.85 0.00
98293.96 0.00
98295.07 0.50
98296.19 0.25
98297.32 0.13
98298.45 0.06
98299.57 0.03
98300.69 0.02
98301.81 0.01
98302.93 0.00
98304.05 0.50
98305.16 0.25
98306.29 0.13
98307.42 0.06
98308.54 0.03
98309.65 0.02
98310.77 0.51
98311.91 0.75
98313.03 0.38
98314.15 0.19
98315.28 0.09
98316.39 0.05
98317.51 0.02
98318.63 0.51
98319.76 0.76
98320.90 0.38
98322.02 0.19
98323.14 0.59
98324.27 0.30
98325.39 0.15
98326.52 0.07
98327.64 0.04
98328.75 0.52
98329.89 0.26
98331.02 0.13
98332.14 0.06
98333.26 0.03
98334.38 0.02
98335.51 0.51
98336.64 0.25
98337.76 0.13
98338.90 0.06
98340.01 0.03
98341.12 0.02
98342.25 0.01
98343.35 0.00
98344.46 0.50
98345.59 0.25
98346.71 0.13
98347.83 0.06
98348.96 0.53
98350.08 0.27
98351.21 0.13
98352.33 0.07
98353.46 0.53
98354.58 0.27
98355.71 0.13
98356.83 0.57
98357.96 0.28
98359.08 0.14
98360.21 0.07
98361.32 0.04
98362.44 0.02
98363.56 0.01
98364.67 0.00
98365.78 0.00
98366.90 0.00
98367.99 0.50
98369.11 0.25
98370.25 0.13
98371.37 0.06
98372.50 0.53
98373.61 0.27
98374.74 0.13
98375.87 0.07
98376.99 0.03
98378.10 0.02
98379.21 0.01
98380.33 0.00
98381.44 0.00
98382.55 0.50
98383.67 0.25
98384.80 0.13
98385.92 0.06
98387.04 0.03
98388.16 0.52
98389.29 0.26
98390.42 0.13
98391.55 0.06
98392.67 0.53
98393.79 0.27
98394.92 0.13
98396.05 0.07
98397.16 0.03
98398.28 0.02
98399.40 0.01
98400.52 0.00
98401.64 0.50
98402.75 0.25
98403.89 0.13
98405.01 0.06
98406.12 0.03
98407.25 0.02
98408.35 0.01
98409.47 0.50
98410.60 0.75
98411.71 0.38
98412.85 0.19
98413.96 0.09
98415.07 0.05
98416.19 0.02
98417.30 0.51
98418.42 0.26
98419.56 0.13
98420.68 0.06
98421.79 0.53
98422.92 0.27
98424.05 0.13
98425.17 0.57
98426.30 0.28
98427.42 0.14
98428.55 0.07
98429.67 0.54
98430.80 0.77
98431.92 0.38
98433.05 0.19
98434.17 0.10
98435.29 0.05
98436.40 0.02
98437.52 0.01
98438.64 0.01
98439.75 0.00
98440.89 0.50
98441.99 0.25
98443.10 0.63
98444.24 0.31
98445.36 0.16
98446.49 0.08
98447.61 0.04
98448.74 0.52
98449.86 0.76
98450.99 0.38
98452.10 0.19
98453.24 0.59
98454.35 0.30
98455.47 0.15
98456.61 0.57
98457.73 0.79
98458.86 0.39
98459.98 0.20
98461.10 0.10
98462.21 0.05
98463.33 0.02
98464.45 0.01
98465.57 0.01
98466.68 0.00
98467.79 0.00
98468.90 0.00
98469.99 0.00
98471.10 0.00
98472.21 0.00
98473.32 0.00
98474.42 0.00
98475.54 0.00
98476.65 0.00
98477.76 0.50
98478.89 0.25
98480.01 0.13
98481.14 0.56
98482.28 0.78
98483.39 0.89
98484.53 0.45
98485.65 0.22
98486.77 0.61
98487.90 0.31
98489.03 0.65
98490.14 0.33
98491.28 0.16
98492.40 0.08
98493.52 0.04
98494.64 0.52
98495.76 0.76
98496.90 0.88
98498.01 0.44
98499.13 0.22
98500.26 0.11
98501.39 0.06
98502.51 0.03
98503.63 0.01
98504.75 0.01
98505.86 0.50
98506.98 0.25
98508.10 0.13
98509.22 0.06
98510.34 0.03
98511.46 0.02
98512.58 0.51
98513.71 0.75
98514.83 0.88
98515.97 0.44
98517.09 0.22
98518.21 0.11
98519.34 0.05
98520.46 0.03
98521.58 0.01
98522.69 0.01
98523.80 0.00
98524.91 0.00
98526.02 0.00
98527.12 0.00
98528.25 0.50
98529.35 0.25
98530.48 0.13
98531.61 0.06
98532.74 0.53
98533.86 0.27
98534.99 0.13
98536.11 0.07
98537.24 0.53
98538.36 0.27
98539.49 0.63
98540.62 0.32
98541.75 0.16
98542.88 0.08
98543.99 0.54
98545.10 0.27
98546.23 0.13
98547.35 0.07
98548.47 0.03
98549.59 0.02
98550.71 0.01
98551.82 0.00
98552.93 0.00
98554.04 0.00
98555.15 0.50
98556.28 0.25
98557.40 0.13
98558.53 0.56
98559.65 0.28
98560.78 0.14
98561.90 0.07
98563.01 0.04
98564.12 0.02
98565.25 0.01
98566.35 0.00
98567.46 0.00
98568.57 0.00
98569.67 0.00
98570.78 0.50
98571.91 0.25
98573.03 0.13
98574.15 0.06
98575.28 0.03
98576.39 0.02
98577.51 0.01
98578.63 0.50
98579.75 0.25
98580.88 0.13
98582.00 0.06
98583.10 0.03
98584.22 0.02
98585.34 0.01
98586.45 0.50
98587.58 0.25
98588.70 0.13
98589.82 0.06
98590.94 0.03
98592.05 0.02
98593.17 0.51
98594.31 0.75
98595.42 0.38
98596.56 0.19
98597.68 0.59
98598.80 0.30
98599.92 0.15
98601.04 0.07
98602.16 0.54
98603.28 0.27
98604.41 0.13
98605.54 0.07
98606.66 0.03
98607.78 0.02
98608.90 0.01
98610.02 0.50
98611.13 0.25
98612.26 0.13
98613.39 0.06
98614.52 0.53
98615.64 0.77
98616.76 0.38
98617.89 0.19
98619.01 0.10
98620.12 0.05
98621.25 0.02
98622.35 0.51
98623.50 0.76
98624.61 0.38
98625.74 0.19
98626.88 0.09
98627.98 0.05
98629.09 0.02
98630.21 0.01
98631.33 0.51
98632.46 0.25
98633.59 0.13
98634.71 0.06
98635.83 0.03
98636.95 0.02
98638.07 0.01
98639.19 0.50
98640.31 0.25
98641.43 0.13
98642.57 0.06
98643.68 0.03
98644.80 0.52
98645.92 0.26
98647.05 0.13
98648.16 0.06
98649.28 0.03
98650.39 0.02
98651.52 0.01
98652.64 0.00
98653.75 0.00
98654.85 0.50
98655.97 0.25
98657.09 0.13
98658.21 0.06
98659.35 0.53
98660.46 0.77
98661.60 0.38
98662.71 0.19
98663.85 0.10
98664.96 0.55
98666.09 0.27
98667.21 0.14
98668.34 0.07
98669.46 0.53
98670.60 0.27
98671.71 0.13
98672.83 0.07
98673.96 0.03
98675.07 0.02
98676.19 0.01
98677.30 0.00
98678.40 0.50
98679.53 0.25
98680.65 0.13
98681.78 0.06
98682.90 1.53
98684.03 0.77
98685.14 0.38
98686.28 0.19
98687.41 0.60
98688.53 0.30
98689.65 0.65
98690.78 0.32
98691.91 0.16
98693.03 0.08
98694.16 0.54
98695.28 0.27
98696.40 0.64
98697.53 0.32
98698.66 0.66
98699.78 0.33
98700.92 0.16
98702.05 0.58
98703.17 0.79
98704.29 0.40
98705.41 0.20
98706.53 0.10
98707.65 0.05
98708.77 0.02
98709.89 0.01
98711.00 0.01
98712.11 0.50
98713.24 0.25
98714.36 0.13
98715.49 0.06
98716.61 0.03
98717.73 0.02
98718.85 0.01
98719.97 0.50
98721.09 0.75
98722.21 0.38
98723.34 0.19
98724.46 0.09
98725.58 0.05
98726.69 0.02
98727.80 0.01
98728.92 0.01
98730.03 0.50
98731.15 0.25
98732.28 0.13
98733.41 0.56
98734.54 0.28
98735.66 0.14
98736.78 0.07
98737.90 0.04
98739.01 0.02
98740.12 0.01
98741.25 0.00
98742.35 0.00
98743.47 0.50
98744.59 0.25
98745.71 0.13
98746.83 0.06
98747.96 0.03
98749.07 0.52
98750.21 0.26
98751.33 0.13
98752.46 0.06
98753.58 0.03
98754.69 0.02
98755.80 0.01
98756.92 0.00
98758.03 0.00
98759.13 0.00
98760.25 0.00
98761.35 0.00
98762.46 0.00
98763.57 0.50
98764.70 0.25
98765.82 0.13
98766.95 0.06
98768.07 0.53
98769.21 0.77
98770.34 0.88
98771.46 0.44
98772.59 0.22
98773.71 0.11
98774.83 0.56
98775.97 0.28
98777.10 0.64
98778.23 0.82
98779.35 0.41
98780.47 0.20
98781.60 0.10
98782.71 0.55
98783.85 0.28
98784.97 0.14
98786.09 0.07
98787.21 0.53
98788.34 0.27
98789.47 0.63
98790.60 0.32
98791.71 0.16
98792.85 0.08
98793.96 0.04
98795.08 0.02
98796.20 0.01
98797.31 0.00
98798.42 0.50
98799.55 0.25
98800.67 0.13
98801.80 0.06
98802.92 0.03
98804.03 0.52
98805.16 0.26
98806.29 0.63
98807.42 0.31
98808.55 0.66
98809.67 0.33
98810.80 0.16
98811.92 0.58
98813.05 0.29
98814.17 0.15
98815.30 0.07
98816.41 0.04
98817.53 0.02
98818.64 0.51
98819.77 0.25
98820.89 0.13
98822.01 0.06
98823.12 0.03
98824.25 0.52
98825.37 0.26
98826.50 0.13
98827.61 0.06
98828.74 0.53
98829.87 0.27
98831.00 0.13
98832.09 0.07
