10050.94 3.08
10052.06 4.54
10053.18 2.27
10054.31 4.63
10055.44 2.82
10056.56 1.41
10057.69 1.20
10058.81 0.60
10061.04 3.40
10062.16 3.20
10063.29 5.10
10064.41 6.05
10065.53 4.53
10066.66 5.76
10067.79 5.88
10068.92 5.44
10070.04 4.72
10071.16 5.86
10072.29 6.43
10073.42 5.22
10074.55 2.61
10075.68 3.30
10076.80 3.65
10077.92 3.33
10079.05 5.16
10080.18 6.08
10081.30 6.54
10082.42 4.77
10083.54 5.89
10084.68 4.94
10085.80 4.47
10086.92 4.24
10088.05 4.12
10089.17 5.06
10090.29 4.03
10091.41 4.01
10092.54 2.01
10093.66 1.50
10094.78 4.25
10095.90 6.13
10097.04 4.56
10098.16 3.28
10099.29 3.64
10100.42 3.82
10101.54 3.91
10102.67 3.96
10103.81 3.98
10104.93 3.49
10106.06 5.24
10107.18 4.62
10108.30 5.81
10109.42 5.91
10110.56 4.45
10111.68 5.73
10112.81 4.86
10113.94 3.43
10115.07 2.72
10116.19 3.36
10117.32 3.68
10118.45 1.84
10119.57 2.92
10120.70 3.46
10121.82 3.73
10122.94 1.86
10124.07 4.43
10125.19 4.22
10126.31 4.61
10127.44 3.80
10128.56 5.40
10129.68 4.70
10130.80 2.35
10131.92 4.18
10133.05 5.59
10134.17 5.29
10135.30 6.65
10136.42 7.82
10137.56 6.41
10138.68 6.71
10139.81 7.35
10140.94 7.68
10142.07 6.34
10143.19 6.67
10144.32 6.83
10145.45 7.42
10146.58 7.71
10147.70 8.85
10148.82 9.43
10149.95 8.71
10151.08 8.36
10152.20 9.68
10153.32 10.34
10154.49 9.67
10155.62 10.33
10156.78 9.17
10157.91 9.58
10159.04 10.29
10160.20 11.15
10161.36 9.57
10162.49 8.79
10163.62 8.39
10164.74 8.70
10165.86 8.35
10166.99 9.67
10168.12 10.34
10169.30 10.67
10170.46 9.83
10171.58 10.42
10172.75 9.21
10173.88 8.60
10175.00 10.30
10176.16 9.15
10177.29 10.08
10178.45 9.04
10179.58 8.52
10180.70 9.76
10181.82 8.88
10182.95 8.94
10184.08 8.97
10185.20 9.98
10186.32 9.99
10187.45 10.00
10188.61 9.00
10189.73 9.00
10190.86 8.50
10191.98 9.25
10193.10 9.12
10194.24 8.56
10195.36 9.78
10196.49 9.89
10197.62 8.95
10198.75 8.47
10199.88 8.74
10201.01 8.87
10202.14 9.93
10203.26 9.97
10204.39 8.98
10205.52 8.49
10206.65 9.75
10207.78 10.37
10208.94 9.19
10210.07 10.09
10211.22 10.55
10212.39 9.27
10213.52 10.14
10214.69 9.07
10215.81 9.03
10216.94 9.52
10218.06 9.26
10219.18 8.63
10220.31 8.31
10221.45 8.66
10222.58 8.33
10223.70 8.16
10224.83 8.08
10225.95 8.54
10227.08 8.27
10228.20 8.14
10229.33 8.57
10230.46 8.78
10231.58 9.89
10232.71 8.95
10233.85 9.97
10234.97 10.49
10236.15 8.74
10237.28 7.87
10238.41 8.44
10239.54 8.72
10240.66 9.86
10241.80 8.43
10242.92 6.71
10244.04 7.86
10245.16 7.93
10246.29 7.96
10247.41 7.98
10248.54 7.99
10249.66 8.00
10250.78 8.00
10251.89 9.50
10253.01 9.25
10254.14 9.12
10255.26 8.56
10256.39 9.28
10257.52 8.64
10258.64 8.32
10259.77 9.66
10260.90 10.33
10262.06 9.17
10263.18 9.08
10264.31 8.54
10265.43 8.27
10266.56 9.64
10267.69 10.32
10268.86 9.16
10269.98 10.08
10271.15 10.04
10272.31 10.52
10273.48 8.76
10274.61 8.88
10275.74 7.94
10276.87 7.97
10278.00 8.98
10279.11 10.49
10280.29 9.75
10281.42 8.87
10282.54 8.94
10283.67 8.47
10284.80 8.23
10285.92 8.62
10287.05 9.81
10288.17 8.90
10289.29 8.95
10290.42 8.48
10291.54 8.74
10292.67 9.87
10293.80 10.43
10294.96 9.22
10296.09 9.61
10297.21 10.30
10298.38 9.15
10299.50 10.08
10300.66 10.54
10301.83 9.27
10302.95 8.63
10304.08 9.82
10305.20 8.91
10306.32 8.45
10307.45 8.73
10308.58 9.86
10309.70 8.93
10310.82 8.97
10311.95 8.48
10313.08 9.74
10314.20 8.87
10315.32 8.44
10316.45 9.72
10317.58 8.36
10318.71 8.18
10319.83 8.59
10320.96 8.79
10322.09 9.90
10323.20 8.45
10324.32 8.72
10325.45 10.86
10326.61 9.43
10327.74 10.22
10328.90 10.61
10330.06 11.30
10331.22 9.65
10332.34 10.33
10333.51 10.66
10334.68 9.33
10335.81 10.17
10336.98 9.08
10338.10 9.04
10339.22 8.52
10340.35 9.26
10341.47 8.63
10342.60 8.82
10343.73 9.91
10344.86 9.45
10345.99 8.73
10347.11 8.36
10348.24 9.18
10349.37 8.59
10350.50 9.80
10351.62 8.90
10352.74 9.95
10353.86 10.97
10355.02 9.49
10356.15 11.24
10357.31 9.62
10358.44 10.31
10359.61 9.66
10360.74 10.33
10361.91 9.16
10363.04 7.58
10364.16 7.29
10365.28 8.15
10366.41 9.57
10367.54 8.79
10368.66 8.39
10369.79 9.20
10370.91 10.10
10372.07 10.55
10373.24 9.77
10374.37 9.39
10375.50 8.69
10376.62 8.85
10377.74 9.92
10378.87 8.96
10380.00 8.98
10381.11 8.49
10382.24 8.25
10383.37 8.12
10384.50 8.06
10385.62 8.53
10386.74 8.77
10387.87 8.88
10388.99 10.44
10390.15 10.22
10391.32 9.11
10392.45 8.56
10393.58 8.28
10394.70 9.64
10395.82 10.32
10397.00 9.66
10398.11 10.33
10399.29 9.16
10400.42 10.08
10401.58 9.04
10402.70 9.52
10403.82 10.26
10404.98 9.13
10406.11 10.07
10407.29 9.03
10408.41 8.52
10409.54 8.26
10410.66 8.13
10411.80 8.06
10412.91 8.03
10414.03 9.52
10415.16 8.76
10416.28 8.38
10417.41 9.69
10418.54 9.84
10419.66 8.92
10420.79 9.96
10421.91 9.98
10423.04 8.49
10424.16 8.75
10425.29 8.87
10426.42 11.44
10427.58 10.22
10428.75 11.11
10429.92 10.05
10431.08 10.03
10432.23 9.01
10433.35 10.51
10434.52 10.75
10435.69 9.38
10436.82 8.69
10437.94 8.34
10439.07 9.67
10440.19 8.84
10441.32 10.42
10442.49 11.21
10443.66 11.10
10444.82 9.55
10445.95 8.78
10447.07 8.39
10448.19 9.69
10449.32 8.85
10450.45 9.42
10451.58 10.21
10452.74 10.61
10453.91 9.30
10455.04 10.15
10456.20 11.58
10457.36 10.29
10458.53 9.14
10459.66 10.07
10460.82 11.04
10461.98 9.52
10463.10 10.26
10464.28 9.13
10465.40 8.56
10466.52 8.28
10467.65 9.64
10468.78 10.32
10469.95 9.16
10471.07 8.58
10472.19 8.29
10473.32 8.15
10474.46 8.07
10475.58 9.04
10476.70 10.02
10477.86 9.01
10478.99 8.00
10480.10 9.50
10481.22 9.25
10482.35 8.63
10483.48 10.31
10484.65 10.16
10485.82 9.08
10486.94 10.04
10488.10 9.02
10489.22 10.01
10490.38 10.50
10491.54 9.25
10492.66 10.13
10493.84 9.06
10494.95 8.53
10496.08 8.77
10497.20 9.88
10498.32 10.44
10499.49 10.72
10500.66 9.36
10501.78 10.18
10502.94 10.59
10504.10 9.30
10505.22 10.15
10506.39 9.07
10507.51 10.54
10508.68 9.27
10509.81 10.13
10510.98 9.57
10512.10 8.78
10513.22 10.89
10514.38 10.95
10515.55 9.97
10516.68 9.99
10517.81 8.99
10518.94 10.50
10520.10 9.75
10521.23 8.87
10522.35 9.44
10523.48 10.22
10524.65 9.11
10525.78 10.05
10526.94 10.53
10528.10 10.76
10529.27 11.38
10530.44 12.69
10531.60 11.85
10532.76 9.92
10533.90 10.46
10535.06 9.23
10536.18 8.62
10537.32 7.81
10538.44 5.90
10539.56 5.95
10540.69 6.48
10541.82 3.24
10542.95 3.12
10544.08 2.56
10545.19 1.28
