7091.84 4.38
7092.92 5.19
7094.01 2.60
7095.09 1.30
7096.16 0.65
7097.25 3.32
7098.33 1.66
7099.42 0.83
7101.59 2.21
7102.68 2.10
7103.76 2.55
7104.85 1.78
7105.94 1.39
7107.03 2.19
7108.12 2.60
7109.20 4.30
7110.28 2.15
7111.37 1.07
7112.45 4.04
7113.54 2.02
7114.62 4.01
7115.70 4.50
7116.79 5.75
7117.87 6.38
7118.95 6.69
7120.04 5.84
7121.12 6.42
7122.21 5.21
7123.31 5.11
7124.40 4.55
7125.48 4.28
7126.57 5.64
7127.66 4.82
7128.74 4.91
7129.84 4.45
7130.92 4.23
7132.01 5.61
7133.10 4.81
7134.18 5.90
7135.26 5.95
7136.34 5.48
7137.43 4.74
7138.51 5.87
7139.60 6.43
7140.69 5.22
7141.78 4.61
7142.86 5.80
7143.94 5.90
7145.03 4.95
7146.10 4.98
7147.19 6.49
7148.28 6.74
7149.37 5.37
7150.46 5.69
7151.55 4.84
7152.64 5.42
7153.72 6.21
7154.81 6.61
7155.90 8.30
7156.99 6.15
7158.08 5.58
7159.16 6.79
7160.25 8.39
7161.33 7.20
7162.42 7.60
7163.51 7.30
7164.60 7.15
7165.68 7.57
7166.77 8.79
7167.86 6.39
7168.94 6.70
7170.03 5.35
7171.11 6.17
7172.20 8.09
7173.28 6.04
7174.36 7.52
7175.45 5.76
7176.54 8.38
7177.62 8.19
7178.72 6.60
7179.80 5.30
7180.88 8.15
7181.97 6.07
7183.05 5.04
7184.13 4.52
7185.22 6.26
7186.31 6.63
7187.41 7.31
7188.50 7.66
7189.59 6.33
7190.68 8.66
7191.76 7.83
7192.85 8.42
7193.94 8.21
7195.03 8.10
7196.12 8.05
7197.20 8.53
7198.29 8.26
7199.38 7.63
7200.46 7.82
7201.56 5.91
7202.64 8.45
7203.73 7.73
7204.82 9.36
7205.91 7.68
7206.99 7.34
7208.07 7.67
7209.15 8.84
7210.25 8.42
7211.33 9.21
7212.42 10.10
7213.54 9.05
7214.63 8.53
7215.72 6.76
7216.80 6.88
7217.88 8.94
7218.97 8.97
7220.06 6.99
7221.15 8.99
7222.24 8.00
7223.31 8.00
7224.39 9.50
7225.47 8.75
7226.56 8.87
7227.65 8.44
7228.74 8.22
7229.82 8.11
7230.92 8.05
7232.00 8.03
7233.07 8.51
7234.15 9.26
7235.25 10.13
7236.38 9.56
7237.46 10.28
7238.59 9.14
7239.69 10.07
7240.80 8.54
7241.89 7.77
7242.98 9.38
7244.06 10.19
7245.18 9.10
7246.27 10.05
7247.40 8.52
7248.48 8.76
7249.57 9.38
7250.66 8.69
7251.74 8.35
7252.84 8.17
7253.93 9.09
7255.01 8.54
7256.10 8.27
7257.18 9.64
7258.26 9.82
7259.34 9.91
7260.43 8.95
7261.52 7.98
7262.61 7.99
7263.70 7.99
7264.78 7.50
7265.86 9.25
7266.95 8.62
7268.04 8.31
7269.13 8.16
7270.24 8.08
7271.32 8.04
7272.40 9.52
7273.49 8.76
7274.57 9.88
7275.66 8.44
7276.75 8.22
7277.84 8.11
7278.93 8.05
7280.02 8.03
7281.10 8.01
7282.18 8.51
7283.27 8.25
7284.36 8.63
7285.45 8.31
7286.54 8.66
7287.62 8.33
7288.72 9.66
7289.81 10.33
7290.94 10.67
7292.06 10.83
7293.18 9.42
7294.28 9.21
7295.37 10.10
7296.50 9.05
7297.58 9.03
7298.66 10.01
7299.78 10.51
7300.91 10.25
7302.04 9.13
7303.13 8.56
7304.22 8.28
7305.30 9.64
7306.39 9.32
7307.47 9.66
7308.56 8.83
7309.65 9.92
7310.74 8.96
7311.83 9.98
7312.92 10.49
7314.05 9.24
7315.13 8.62
7316.22 9.81
7317.30 9.91
7318.39 9.95
7319.48 8.98
7320.58 9.99
7321.66 8.99
7322.74 8.50
7323.83 8.25
7324.92 9.62
7326.01 8.81
7327.10 9.91
7328.18 9.95
7329.27 10.48
7330.40 9.74
7331.49 9.87
7332.58 8.93
7333.66 9.97
7334.75 9.98
7335.84 8.99
7336.93 10.00
7338.05 9.00
7339.11 8.50
7340.20 8.25
7341.29 9.62
7342.38 9.31
7343.47 8.66
7344.56 8.33
7345.65 9.66
7346.74 9.33
7347.82 8.67
7348.91 8.33
7350.00 9.17
7351.08 8.58
7352.16 9.79
7353.25 9.40
7354.33 8.70
7355.42 9.85
7356.50 9.42
7357.59 10.21
7358.72 9.61
7359.82 10.30
7360.95 10.15
7362.07 10.08
7363.20 9.04
7364.27 8.52
7365.36 9.76
7366.45 8.88
7367.54 9.94
7368.62 9.97
7369.72 10.48
7370.84 9.24
7371.93 8.62
7373.02 9.31
7374.10 10.16
7375.24 10.58
7376.37 10.79
7377.50 9.39
7378.58 10.20
7379.70 10.60
7380.82 10.80
7381.94 10.40
7383.07 8.70
7384.14 8.35
7385.24 8.17
7386.32 9.59
7387.41 9.29
7388.50 9.15
7389.58 9.07
7390.66 10.04
7391.79 9.52
7392.87 8.76
7393.96 8.88
7395.05 9.44
7396.13 8.72
7397.24 9.86
7398.31 8.93
7399.42 9.46
7400.50 8.73
7401.58 8.87
7402.66 8.43
7403.75 9.72
7404.84 8.86
7405.93 8.93
7407.02 9.96
7408.10 10.48
7409.24 9.24
7410.31 9.12
7411.41 8.56
7412.50 9.78
7413.59 8.89
7414.67 8.45
7415.77 8.22
7416.86 8.11
7417.94 8.56
7419.03 9.78
7420.11 9.89
7421.20 8.94
7422.29 9.97
7423.38 10.49
7424.50 10.74
7425.62 10.87
7426.75 10.94
7427.88 10.97
7429.01 10.48
7430.14 9.24
7431.24 10.62
7432.36 10.81
7433.49 10.91
7434.62 10.95
7435.74 9.48
7436.84 8.74
7437.92 8.37
7439.01 8.18
7440.10 8.09
7441.18 8.05
7442.26 8.02
7443.34 9.51
7444.42 8.76
7445.51 9.88
7446.59 8.94
7447.68 8.47
7448.77 10.23
7449.90 9.62
7450.99 8.81
7452.07 8.40
7453.15 9.70
7454.24 10.35
7455.37 10.18
7456.50 9.09
7457.58 8.54
7458.66 10.27
7459.79 10.64
7460.92 9.82
7462.01 10.41
7463.14 10.70
7464.26 10.85
7465.40 9.43
7466.48 8.71
7467.57 9.86
7468.66 9.93
7469.75 8.96
7470.83 8.98
7471.92 10.99
7473.05 11.00
7474.17 9.50
7475.25 10.75
7476.38 9.37
7477.46 8.69
7478.55 8.34
7479.64 9.67
7480.73 9.34
7481.82 10.17
7482.95 10.08
7484.08 10.04
7485.19 10.02
7486.31 10.51
7487.44 10.26
7488.57 10.13
7489.70 10.06
7490.82 10.53
7491.94 9.77
7493.03 8.88
7494.11 8.94
7495.20 9.97
7496.28 8.99
7497.37 8.49
7498.46 8.25
7499.54 8.12
7500.64 8.06
7501.72 9.53
7502.81 10.27
7503.94 10.63
7505.06 9.32
7506.15 8.66
7507.24 8.83
7508.32 9.91
7509.41 8.96
7510.50 8.98
7511.58 9.99
7512.68 8.99
7513.76 8.50
7514.85 8.25
7515.94 7.62
7517.02 7.81
7518.11 7.91
7519.21 8.95
7520.30 9.48
7521.38 7.74
7522.47 7.37
7523.56 5.18
7524.65 4.09
7525.74 5.55
7526.82 2.77
7527.91 1.39
7529.00 1.19
