14053.30 0.00
14054.40 0.00
14055.50 0.00
14056.60 0.00
14057.70 0.50
14058.81 0.75
14059.93 0.37
14061.05 0.69
14063.30 1.17
14064.43 1.59
14065.56 2.29
14066.69 2.15
14067.81 2.07
14068.93 2.54
14070.06 2.77
14071.19 2.38
14072.31 2.69
14073.44 3.35
14074.57 2.67
14075.70 1.84
14076.82 2.42
14077.95 2.71
14079.07 2.85
14080.19 2.93
14081.32 3.46
14082.45 3.23
14083.58 3.12
14084.71 3.56
14085.83 3.78
14086.96 2.89
14088.09 1.94
14089.22 3.47
14090.34 3.74
14091.47 2.37
14092.59 3.18
14093.72 4.59
14094.85 4.30
14095.97 3.15
14097.10 4.07
14098.22 4.54
14099.35 3.77
14100.48 2.88
14101.60 3.44
14102.72 4.22
14103.85 3.61
14104.98 2.81
14106.10 3.90
14107.22 3.95
14108.36 3.48
14109.48 3.74
14110.61 3.87
14111.74 3.93
14112.87 3.47
14114.00 3.73
14115.12 4.37
14116.25 3.18
14117.38 4.09
14118.50 5.05
14119.62 4.52
14120.75 3.76
14121.88 4.38
14123.02 4.19
14124.14 4.10
14125.26 4.55
14126.39 5.27
14127.52 5.14
14128.65 3.57
14129.78 3.78
14130.91 4.89
14132.03 4.95
14133.16 4.47
14134.28 4.74
14135.40 4.37
14136.53 4.18
14137.66 4.09
14138.78 4.55
14139.91 4.27
14141.04 3.64
14142.16 3.82
14143.29 3.91
14144.42 3.95
14145.54 3.98
14146.67 4.49
14147.79 4.74
14148.92 3.87
14150.05 4.44
14151.17 5.22
14152.30 6.11
14153.42 6.55
14154.55 6.78
14155.68 6.89
14156.81 6.94
14157.93 6.97
14159.06 6.99
14160.18 7.49
14161.30 7.75
14162.43 7.37
14163.55 7.69
14164.68 8.34
14165.81 8.67
14166.94 8.34
14168.07 7.67
14169.18 7.83
14170.31 7.92
14171.44 7.96
14172.57 7.48
14173.70 8.24
14174.82 8.62
14175.95 8.81
14177.08 8.40
14178.20 8.70
14179.33 8.85
14180.45 8.43
14181.58 8.21
14182.70 8.61
14183.83 8.30
14184.96 8.15
14186.08 8.58
14187.20 8.29
14188.32 9.14
14189.45 9.07
14190.57 9.54
14191.70 9.27
14192.82 8.63
14193.95 8.32
14195.08 9.16
14196.20 8.58
14197.32 8.29
14198.45 8.14
14199.58 8.57
14200.70 8.29
14201.82 8.14
14202.96 8.07
14204.07 8.54
14205.19 8.77
14206.32 8.88
14207.45 8.94
14208.58 9.47
14209.70 9.74
14210.82 9.37
14211.95 9.18
14213.08 9.09
14214.19 8.55
14215.32 8.27
14216.45 9.14
14217.58 9.57
14218.70 9.28
14219.82 9.64
14220.95 9.82
14222.08 9.41
14223.20 9.71
14224.33 8.85
14225.46 8.93
14226.59 8.46
14227.71 8.23
14228.84 8.62
14229.97 9.31
14231.10 9.15
14232.22 9.58
14233.35 9.79
14234.48 9.89
14235.61 9.45
14236.74 9.22
14237.86 9.11
14239.00 8.56
14240.12 8.28
14241.24 8.14
14242.37 8.57
14243.50 8.78
14244.62 9.39
14245.74 9.20
14246.87 9.10
14248.00 8.55
14249.11 8.77
14250.24 8.89
14251.37 8.44
14252.50 8.72
14253.62 8.36
14254.75 8.68
14255.88 9.34
14257.02 9.17
14258.14 8.59
14259.27 8.29
14260.40 8.15
14261.53 9.07
14262.65 8.54
14263.78 8.77
14264.90 10.38
14266.06 9.19
14267.19 9.10
14268.31 9.05
14269.45 10.52
14270.62 9.26
14271.74 9.63
14272.87 10.32
14274.04 10.16
14275.20 10.08
14276.36 9.04
14277.48 8.52
14278.61 8.26
14279.74 8.63
14280.87 7.81
14282.00 9.41
14283.11 9.20
14284.24 9.60
14285.36 9.80
14286.48 9.90
14287.60 9.95
14288.72 9.98
14289.85 8.99
14290.98 8.99
14292.10 9.50
14293.22 9.75
14294.35 9.87
14295.48 9.94
14296.61 9.97
14297.74 9.98
14298.86 9.99
14300.00 10.00
14301.14 10.00
14302.31 9.50
14303.43 9.25
14304.56 9.62
14305.69 9.31
14306.82 8.66
14307.94 8.83
14309.07 8.91
14310.19 8.46
14311.32 8.23
14312.46 8.61
14313.58 9.31
14314.71 9.15
14315.84 9.08
14316.96 9.04
14318.08 9.52
14319.20 9.26
14320.33 9.63
14321.46 9.31
14322.58 9.66
14323.72 9.33
14324.84 9.16
14325.97 8.58
14327.10 9.29
14328.22 9.15
14329.36 9.57
14330.49 10.29
14331.66 10.14
14332.82 10.07
14334.00 10.04
14335.16 9.52
14336.29 9.26
14337.42 9.13
14338.54 9.06
14339.66 8.53
14340.79 9.27
14341.92 9.63
14343.05 9.32
14344.18 9.16
14345.31 9.08
14346.43 9.04
14347.55 8.52
14348.68 8.76
14349.81 9.88
14350.94 10.44
14352.11 9.72
14353.23 9.86
14354.36 9.93
14355.49 9.46
14356.62 9.23
14357.75 9.12
14358.88 8.56
14360.01 8.78
14361.13 8.89
14362.26 9.44
14363.38 9.72
14364.51 9.86
14365.64 9.93
14366.77 9.97
14367.90 8.98
14369.02 8.49
14370.14 8.75
14371.26 8.87
14372.39 8.94
14373.52 8.97
14374.65 8.98
14375.78 8.99
14376.90 9.50
14378.02 10.25
14379.18 9.62
14380.31 9.81
14381.44 10.41
14382.61 10.20
14383.77 10.10
14384.93 10.05
14386.09 9.53
14387.22 9.76
14388.34 9.88
14389.47 9.94
14390.60 9.97
14391.72 9.49
14392.85 9.24
14393.98 9.62
14395.10 8.81
14396.23 9.41
14397.37 8.70
14398.50 9.35
14399.63 9.18
14400.75 10.09
14401.92 10.04
14403.07 10.52
14404.24 9.76
14405.36 9.38
14406.49 9.69
14407.62 9.35
14408.76 9.17
14409.88 8.59
14411.01 9.29
14412.13 9.65
14413.26 9.32
14414.38 9.16
14415.51 9.08
14416.64 9.04
14417.75 9.52
14418.88 9.76
14420.01 9.38
14421.13 10.19
14422.30 10.10
14423.46 10.05
14424.62 10.02
14425.78 10.01
14426.94 10.01
14428.11 10.00
14429.26 10.00
14430.42 10.00
14431.58 9.50
14432.70 9.25
14433.82 9.13
14434.95 9.56
14436.08 9.28
14437.20 9.64
14438.32 9.82
14439.45 10.41
14440.62 10.71
14441.78 10.35
14442.95 10.68
14444.13 9.84
14445.26 9.92
14446.38 9.96
14447.51 9.98
14448.65 9.49
14449.77 9.24
14450.90 8.62
14452.02 9.31
14453.14 9.66
14454.27 9.83
14455.40 9.41
14456.52 9.21
14457.65 8.60
14458.77 9.30
14459.90 9.65
14461.01 9.33
14462.14 9.16
14463.26 9.58
14464.39 9.79
14465.52 9.90
14466.64 9.95
14467.77 9.97
14468.90 9.99
14470.02 9.99
14471.14 9.50
14472.26 9.25
14473.40 9.12
14474.52 9.06
14475.64 9.03
14476.76 9.02
14477.89 9.51
14479.02 9.75
14480.14 9.88
14481.26 10.44
14482.44 9.72
14483.56 9.36
14484.69 9.18
14485.82 9.59
14486.94 9.29
14488.07 9.65
14489.19 9.82
14490.32 9.41
14491.45 10.21
14492.62 9.60
14493.74 9.80
14494.86 9.90
14496.00 9.95
14497.10 9.98
14498.22 9.49
14499.35 9.24
14500.48 9.62
14501.61 9.81
14502.74 9.91
14503.86 9.95
14505.00 9.98
14506.11 9.99
14507.24 9.99
14508.37 9.50
14509.50 9.25
14510.63 8.62
14511.75 9.31
14512.88 9.66
14514.01 9.83
14515.13 9.91
14516.26 9.46
14517.38 9.23
14518.51 9.61
14519.64 10.31
14520.81 10.15
14521.99 10.08
14523.15 9.54
14524.27 9.27
14525.40 9.63
14526.52 9.32
14527.65 9.16
14528.78 9.58
14529.90 9.29
14531.02 9.64
14532.14 9.32
14533.27 9.16
14534.40 9.08
14535.52 9.04
14536.64 9.02
14537.76 9.01
14538.88 9.01
14540.01 9.50
14541.13 9.75
14542.26 9.88
14543.38 9.94
14544.51 9.97
14545.64 9.98
14546.77 9.99
14547.90 10.00
14549.05 10.00
14550.20 10.50
14551.36 9.25
14552.48 9.62
14553.61 9.81
14554.74 10.41
14555.91 8.70
14557.04 6.35
14558.16 4.68
14559.29 4.34
14560.42 3.67
14561.55 3.33
14562.68 2.17
14563.80 2.08
14564.92 2.04
14566.03 1.02
