9051.94 4.30
9053.02 5.65
9054.10 2.82
9055.19 2.91
9056.27 3.46
9057.35 3.73
9058.44 1.86
9059.52 0.93
9061.68 2.48
9062.77 3.24
9063.86 4.62
9064.94 5.81
9066.03 6.41
9067.12 4.70
9068.21 3.35
9069.30 3.68
9070.38 1.84
9071.48 2.42
9072.56 3.21
9073.66 5.10
9074.74 3.05
9075.82 3.03
9076.91 4.01
9077.99 4.51
9079.08 5.25
9080.17 2.63
9081.25 4.81
9082.34 3.41
9083.44 3.20
9084.52 5.10
9085.61 4.55
9086.70 3.78
9087.78 1.89
9088.87 2.94
9089.96 4.47
9091.04 2.24
9092.12 3.12
9093.21 3.06
9094.29 5.03
9095.38 3.51
9096.47 3.26
9097.55 3.63
9098.64 5.31
9099.73 6.16
9100.83 5.08
9101.92 4.54
9103.00 5.77
9104.08 2.88
9105.17 3.44
9106.25 3.72
9107.34 2.86
9108.42 1.43
9109.52 2.72
9110.60 4.86
9111.68 2.93
9112.77 4.96
9113.86 5.98
9114.95 4.49
9116.03 5.75
9117.12 4.87
9118.21 4.44
9119.30 5.72
9120.39 6.36
9121.48 5.18
9122.57 4.59
9123.66 2.29
9124.75 4.65
9125.84 4.32
9126.92 5.66
9128.00 5.33
9129.08 6.17
9130.18 8.58
9131.26 7.79
9132.34 7.90
9133.43 7.45
9134.51 7.72
9135.60 8.36
9136.69 8.18
9137.78 8.09
9138.86 8.05
9139.95 8.02
9141.03 8.51
9142.12 8.26
9143.22 8.13
9144.32 9.56
9145.40 9.28
9146.48 9.14
9147.57 9.07
9148.66 10.04
9149.78 10.52
9150.91 10.76
9152.04 10.88
9153.17 8.94
9154.25 9.97
9155.34 9.48
9156.42 10.24
9157.55 9.12
9158.65 9.56
9159.73 8.78
9160.81 8.39
9161.90 9.70
9162.98 8.85
9164.06 8.42
9165.14 8.21
9166.24 8.11
9167.33 9.55
9168.42 8.78
9169.50 8.89
9170.58 9.94
9171.67 10.47
9172.80 10.24
9173.92 9.62
9175.01 8.81
9176.10 7.90
9177.18 9.45
9178.26 8.73
9179.36 7.86
9180.44 8.43
9181.53 9.72
9182.62 10.36
9183.75 10.68
9184.88 9.84
9185.97 8.42
9187.06 8.71
9188.14 9.85
9189.24 8.93
9190.33 9.96
9191.42 8.98
9192.50 8.99
9193.58 8.50
9194.66 9.75
9195.76 8.87
9196.84 8.44
9197.93 8.22
9199.02 8.11
9200.10 10.55
9201.22 9.28
9202.32 8.64
9203.40 8.32
9204.49 8.66
9205.58 9.83
9206.66 10.41
9207.80 9.21
9208.88 10.10
9210.00 9.55
9211.08 8.78
9212.18 8.39
9213.26 8.19
9214.34 8.60
9215.43 9.30
9216.52 9.15
9217.61 8.57
9218.70 9.79
9219.78 8.89
9220.87 8.95
9221.96 8.47
9223.05 9.74
9224.13 8.87
9225.22 9.93
9226.30 9.97
9227.38 9.48
9228.48 8.74
9229.56 8.37
9230.65 8.19
9231.75 8.09
9232.83 8.05
9233.92 9.52
9235.01 9.26
9236.10 8.63
9237.18 8.32
9238.26 8.16
9239.36 8.08
9240.44 8.54
9241.53 9.27
9242.62 9.13
9243.71 9.07
9244.79 8.53
9245.88 8.27
9246.97 9.63
9248.06 8.82
9249.14 9.41
9250.23 8.70
9251.32 8.35
9252.41 9.18
9253.50 9.09
9254.58 10.04
9255.70 10.52
9256.82 9.26
9257.90 9.63
9258.98 8.82
9260.07 8.41
9261.15 9.20
9262.24 8.60
9263.33 8.30
9264.42 9.65
9265.50 8.83
9266.60 8.41
9267.68 8.21
9268.77 8.10
9269.86 8.05
9270.94 8.03
9272.02 8.01
9273.10 8.51
9274.19 8.25
9275.27 8.13
9276.37 8.06
9277.46 9.53
9278.54 8.77
9279.64 8.38
9280.72 8.19
9281.81 9.60
9282.90 8.80
9283.98 9.90
9285.06 8.95
9286.14 10.47
9287.27 9.24
9288.36 8.62
9289.45 8.31
9290.54 9.65
9291.62 10.33
9292.75 10.66
9293.88 9.33
9294.97 9.17
9296.06 9.58
9297.14 8.79
9298.22 8.40
9299.32 8.20
9300.40 8.10
9301.48 8.05
9302.56 8.02
9303.65 9.51
9304.74 10.26
9305.86 10.63
9306.99 10.81
9308.12 9.41
9309.22 8.20
9310.30 8.60
9311.38 9.80
9312.46 8.40
9313.54 8.70
9314.62 9.35
9315.71 9.68
9316.81 9.34
9317.90 9.67
9318.98 10.83
9320.11 10.92
9321.24 9.46
9322.33 9.23
9323.42 9.11
9324.51 9.56
9325.60 10.28
9326.72 9.14
9327.81 10.57
9328.94 9.78
9330.02 10.39
9331.14 10.70
9332.27 9.35
9333.35 9.17
9334.44 9.09
9335.53 10.04
9336.65 10.52
9337.78 10.26
9338.91 10.13
9340.03 9.07
9341.11 10.03
9342.24 9.02
9343.33 8.51
9344.42 8.75
9345.51 8.38
9346.60 8.19
9347.69 8.09
9348.77 8.05
9349.86 8.52
9350.94 9.76
9352.04 9.38
9353.12 10.19
9354.25 9.60
9355.33 10.30
9356.46 9.15
9357.55 10.07
9358.67 9.04
9359.76 9.02
9360.85 10.01
9361.97 9.00
9363.05 9.50
9364.13 10.25
9365.26 10.63
9366.38 9.81
9367.47 10.41
9368.60 10.20
9369.72 9.10
9370.81 8.05
9371.90 8.03
9372.98 7.51
9374.07 8.26
9375.16 9.13
9376.25 9.56
9377.34 8.28
9378.42 9.14
9379.51 10.07
9380.63 9.54
9381.72 8.27
9382.81 9.13
9383.90 11.07
9385.02 10.03
9386.14 9.52
9387.24 8.76
9388.33 8.88
9389.42 9.44
9390.50 8.72
9391.59 10.36
9392.72 10.18
9393.85 8.59
9394.94 8.29
9396.02 8.15
9397.11 8.07
9398.20 8.54
9399.30 9.77
9400.38 9.38
9401.46 9.19
9402.56 9.10
9403.64 10.05
9404.76 10.52
9405.89 10.76
9407.02 9.38
9408.11 9.19
9409.20 8.60
9410.27 8.30
9411.36 8.65
9412.45 8.32
9413.54 8.66
9414.62 9.83
9415.72 8.92
9416.80 9.46
9417.88 9.23
9418.97 10.11
9420.10 9.06
9421.18 8.53
9422.26 8.26
9423.34 8.13
9424.43 9.07
9425.52 8.53
9426.61 8.77
9427.70 9.88
9428.79 8.94
9429.87 9.97
9430.96 8.99
9432.06 8.49
9433.14 8.75
9434.23 10.37
9435.36 10.69
9436.49 9.34
9437.58 10.17
9438.70 10.59
9439.82 9.29
9440.91 9.15
9442.00 8.57
9443.08 8.29
9444.17 8.64
9445.25 9.82
9446.34 9.91
9447.43 8.96
9448.51 11.48
9449.64 9.74
9450.73 11.87
9451.86 11.43
9452.98 10.22
9454.12 9.11
9455.21 10.05
9456.34 9.53
9457.43 8.76
9458.52 9.38
9459.61 8.69
9460.70 8.85
9461.78 9.42
9462.86 9.71
9463.95 10.36
9465.08 9.18
9466.18 10.09
9467.30 9.04
9468.38 9.52
9469.46 8.76
9470.55 9.88
9471.64 9.44
9472.73 10.22
9473.86 10.61
9474.98 10.31
9476.12 10.65
9477.25 9.33
9478.34 10.16
9479.47 9.08
9480.56 9.04
9481.64 10.52
9482.77 9.26
9483.86 9.13
9484.94 11.57
9486.08 10.78
9487.19 10.89
9488.32 11.95
9489.45 9.97
9490.53 8.99
9491.62 9.99
9492.70 10.50
9493.82 10.75
9494.95 9.37
9496.04 8.69
9497.12 9.84
9498.21 8.92
9499.30 9.96
9500.38 9.48
9501.47 9.24
9502.56 11.12
9503.69 12.06
9504.81 11.53
9505.94 11.27
9507.08 9.63
9508.17 9.82
9509.25 10.91
9510.38 10.95
9511.50 10.48
9512.62 10.24
9513.75 9.12
9514.84 9.56
9515.93 10.78
9517.06 10.89
9518.18 10.94
9519.30 9.47
9520.39 9.24
9521.48 10.12
9522.61 9.06
9523.70 9.03
9524.78 8.51
9525.86 9.26
9526.95 11.63
9528.08 9.81
9529.17 10.41
9530.30 8.70
9531.38 6.35
9532.47 5.68
9533.56 4.34
9534.65 4.17
9535.75 2.58
9536.83 3.29
9537.92 1.65
9539.01 1.32
