8094.42 1.21
8095.52 4.11
8096.61 5.55
8097.70 3.28
8098.78 1.64
8099.88 2.32
8100.95 1.16
8102.04 0.58
8104.22 4.14
8105.30 4.57
8106.38 4.79
8107.48 4.39
8108.56 3.20
8109.65 1.60
8110.73 4.30
8111.82 3.15
8112.90 1.57
8113.98 1.79
8115.08 2.89
8116.15 3.45
8117.24 1.72
8118.32 2.36
8119.41 3.68
8120.50 5.34
8121.58 2.67
8122.66 1.34
8123.76 3.67
8124.84 2.83
8125.93 6.42
8127.02 5.21
8128.10 7.10
8129.18 8.05
8130.27 6.53
8131.36 7.26
8132.45 6.13
8133.54 8.07
8134.63 6.53
8135.71 6.77
8136.80 6.88
8137.88 8.44
8138.97 6.22
8140.06 7.11
8141.15 9.06
8142.23 9.53
8143.32 7.26
8144.41 9.13
8145.51 8.07
8146.59 8.03
8147.67 9.02
8148.76 7.01
8149.85 7.50
8150.93 9.25
8152.02 9.13
8153.11 7.56
8154.20 8.28
8155.28 7.14
8156.37 8.57
8157.46 6.79
8158.54 8.89
8159.63 8.95
8160.72 7.97
8161.81 7.49
8162.90 9.24
8163.99 8.12
8165.07 8.56
8166.15 10.28
8167.28 7.64
8168.37 9.32
8169.46 7.16
8170.54 7.58
8171.63 6.79
8172.71 8.40
8173.80 7.20
8174.88 9.10
8175.96 9.05
8177.05 9.02
8178.13 9.51
8179.22 9.76
8180.30 9.88
8181.38 9.44
8182.48 8.22
8183.57 9.61
8184.66 10.30
8185.78 8.15
8186.87 6.58
8187.95 7.29
8189.04 7.14
8190.12 7.57
8191.22 6.29
8192.31 8.14
8193.40 7.57
8194.48 10.29
8195.61 8.14
8196.70 9.57
8197.78 9.79
8198.87 8.89
8199.96 7.95
8201.05 6.47
8202.13 6.24
8203.22 8.12
8204.30 7.56
8205.38 7.28
8206.46 8.64
8207.56 7.32
8208.65 7.16
8209.74 6.58
8210.82 6.79
8211.91 7.39
8213.00 6.20
8214.07 8.60
8215.16 7.80
8216.24 7.90
8217.31 8.45
8218.40 8.72
8219.48 9.36
8220.57 10.68
8221.70 9.34
8222.79 8.17
8223.87 9.09
8224.96 11.04
8226.08 10.52
8227.21 10.26
8228.34 9.13
8229.43 7.57
8230.52 6.28
8231.61 6.64
8232.70 9.32
8233.79 8.66
8234.88 7.83
8235.96 9.92
8237.06 8.96
8238.14 9.48
8239.22 9.74
8240.30 9.37
8241.39 10.18
8242.52 9.09
8243.60 9.05
8244.68 9.52
8245.77 7.76
8246.86 8.88
8247.95 7.94
8249.03 9.47
8250.11 10.74
8251.25 10.37
8252.38 8.68
8253.46 9.34
8254.54 8.67
8255.63 10.84
8256.76 11.42
8257.89 9.71
8258.98 8.35
8260.07 8.18
8261.15 9.59
8262.24 9.29
8263.33 10.15
8264.46 8.57
8265.54 9.29
8266.63 10.64
8267.77 8.32
8268.85 9.66
8269.93 7.83
8271.02 6.92
8272.10 8.46
8273.20 10.73
8274.33 9.36
8275.42 11.18
8276.55 8.59
8277.63 10.80
8278.76 9.40
8279.84 7.70
8280.92 8.85
8282.01 7.92
8283.10 10.46
8284.22 8.23
8285.30 9.62
8286.38 10.31
8287.52 8.15
8288.61 9.58
8289.70 10.79
8290.82 8.89
8291.90 8.95
8292.98 9.47
8294.07 10.24
8295.20 8.12
8296.28 10.06
8297.40 9.03
8298.49 7.51
8299.57 10.26
8300.70 11.13
8301.82 10.56
8302.95 11.28
8304.08 9.64
8305.16 10.82
8306.29 10.91
8307.42 9.96
8308.51 10.48
8309.64 8.74
8310.73 8.37
8311.82 8.18
8312.91 9.59
8314.00 10.80
8315.12 8.90
8316.21 10.45
8317.34 9.22
8318.43 9.11
8319.53 10.56
8320.66 9.28
8321.74 10.14
8322.88 8.57
8323.96 7.78
8325.05 9.89
8326.14 8.95
8327.22 9.97
8328.29 7.99
8329.38 9.49
8330.47 7.25
8331.56 7.12
8332.65 7.06
8333.73 9.53
8334.82 8.77
8335.90 9.38
8336.98 10.19
8338.12 10.10
8339.24 8.05
8340.33 7.02
8341.42 7.51
8342.51 6.76
8343.59 9.88
8344.68 7.94
8345.76 10.47
8346.89 7.73
8347.98 8.87
8349.07 7.43
8350.15 9.22
8351.25 8.11
8352.34 9.55
8353.43 9.78
8354.52 7.39
8355.61 9.69
8356.70 9.85
8357.78 9.92
8358.88 7.96
8359.96 9.98
8361.04 8.49
8362.12 9.75
8363.22 7.87
8364.30 6.94
8365.38 7.47
8366.48 7.23
8367.56 9.62
8368.65 7.81
8369.74 7.40
8370.82 6.70
8371.90 9.35
8372.99 7.68
8374.08 9.34
8375.16 7.67
8376.25 7.83
8377.34 9.42
8378.43 7.71
8379.52 9.85
8380.61 10.93
8381.74 10.96
8382.87 9.98
8383.95 10.49
8385.08 8.25
8386.17 10.12
8387.30 8.06
8388.38 9.53
8389.46 10.27
8390.59 10.63
8391.72 11.82
8392.85 11.41
8393.98 11.70
8395.10 12.35
8396.22 12.68
8397.35 11.84
8398.48 10.92
8399.61 9.46
8400.70 7.73
8401.78 8.86
8402.86 9.43
8403.96 9.72
8405.04 8.36
8406.12 9.68
8407.21 9.84
8408.29 9.92
8409.38 10.46
8410.51 8.73
8411.59 9.86
8412.68 7.93
8413.77 9.47
8414.86 7.73
8415.95 9.37
8417.04 8.68
8418.11 9.84
8419.21 10.42
8420.34 11.21
8421.46 11.61
8422.59 10.80
8423.71 9.90
8424.80 8.95
8425.87 9.98
8426.96 10.49
8428.09 9.74
8429.17 10.37
8430.30 10.69
8431.43 8.84
8432.51 9.92
8433.60 8.46
8434.69 10.73
8435.81 8.37
8436.90 10.68
8438.03 8.84
8439.11 8.42
8440.21 7.71
8441.29 7.86
8442.38 6.93
8443.47 8.96
8444.55 9.48
8445.64 9.24
8446.73 8.62
8447.82 8.81
8448.91 8.41
8450.00 8.70
8451.08 7.35
8452.16 6.68
8453.25 9.34
8454.34 8.67
8455.42 9.83
8456.52 8.42
8457.60 8.71
8458.69 9.35
8459.78 10.18
8460.91 8.59
8461.99 10.79
8463.11 10.40
8464.24 10.20
8465.36 8.10
8466.45 7.05
8467.53 6.02
8468.62 9.51
8469.70 9.76
8470.78 10.38
8471.91 9.19
8473.00 8.09
8474.07 10.55
8475.20 9.27
8476.28 8.64
8477.37 7.32
8478.46 10.16
8479.58 10.08
8480.70 11.54
8481.82 11.27
8482.96 8.63
8484.04 9.32
8485.12 9.66
8486.21 7.83
8487.29 8.91
8488.38 9.96
8489.46 9.98
8490.55 9.99
8491.64 8.99
8492.73 10.00
8493.85 9.50
8494.93 8.25
8496.02 8.62
8497.10 10.81
8498.23 8.41
8499.30 10.70
8500.43 8.35
8501.52 7.18
8502.61 9.09
8503.70 10.54
8504.82 8.77
8505.90 8.89
8506.98 10.94
8508.12 8.47
8509.21 7.74
8510.29 7.87
8511.38 7.43
8512.46 9.72
8513.56 7.86
8514.63 10.43
8515.76 8.71
8516.85 9.86
8517.94 8.93
8519.03 7.96
8520.11 7.48
8521.20 7.74
8522.27 7.87
8523.36 9.44
8524.45 9.72
8525.54 8.86
8526.62 8.93
8527.72 7.96
8528.80 7.48
8529.88 6.74
8530.97 4.37
8532.05 3.69
8533.14 3.34
8534.22 1.67
8535.31 1.34
8536.40 1.67
