# filtered 2 s: 0 e: 
3655.15 15.0
3655.95 15.5
3656.74 18.5
3657.54 19.0
3658.33 16.5
3659.12 15.5
3659.92 17.0
3660.71 19.5
3661.51 20.0
3662.3 15.5
3663.09 11.0
3663.88 15.5
3664.67 20.0
3665.47 20.5
3666.26 16.0
3667.06 15.5
3667.85 15.5
3668.65 13.5
3669.45 16.5
3670.24 18.0
3671.03 18.0
3671.82 14.0
3672.62 13.5
3673.42 16.5
3674.22 16.0
3675.02 18.5
3675.82 16.5
3676.62 12.5
3677.42 18.0
3678.2 18.5
3678.99 18.0
3679.79 17.5
3680.59 12.5
3681.39 13.5
3682.18 16.0
3682.98 15.0
3683.78 15.0
3684.58 18.5
3685.37 18.5
3686.15 13.5
3686.95 13.0
3687.75 13.0
3688.55 11.0
3689.34 12.5
3690.13 18.0
3690.93 18.0
3691.73 15.0
3692.53 16.0
3693.32 15.5
3694.11 17.5
3694.91 20.5
3695.7 18.5
3696.5 17.5
3697.29 14.5
3698.08 15.5
3698.87 20.5
3699.66 15.5
3700.46 11.0
3701.26 15.0
3702.05 19.5
3702.84 15.5
3703.63 14.5
3704.43 14.5
3705.22 15.0
3706.02 21.5
3706.82 20.0
3707.62 13.5
3708.42 11.0
3709.21 15.0
3710.01 15.0
3710.8 16.0
3711.6 16.0
3712.4 13.5
3713.18 16.5
3713.98 18.5
3714.78 20.5
3715.58 21.5
3716.38 16.5
3717.16 11.0
3717.96 14.0
3718.76 18.5
3719.56 22.0
3720.36 20.0
3721.14 18.0
3721.94 19.5
3722.74 19.0
3723.54 16.5
3724.33 15.5
3725.11 18.5
3725.91 20.5
3726.71 21.0
3727.51 20.5
3728.3 19.5
3729.09 20.0
3729.88 19.0
3730.68 19.0
3731.47 16.0
3732.26 14.0
3733.05 16.5
3733.84 16.0
3734.64 18.0
3735.43 15.5
3736.22 16.0
3737.02 21.0
3737.82 20.5
3738.61 20.5
3739.41 21.0
3740.2 16.0
3741.0 15.5
3741.78 20.5
3742.58 20.5
3743.38 20.0
3744.17 18.5
3744.97 19.0
3745.76 20.5
3746.56 20.5
3747.36 20.5
3748.15 18.5
3748.95 19.0
3749.74 18.5
3750.54 18.0
3751.34 17.0
3752.13 16.5
3752.93 16.5
3753.73 17.0
3754.53 20.0
3755.32 18.0
3756.1 18.5
3756.9 21.0
3757.7 21.0
3758.5 21.0
3759.29 21.0
3760.07 18.0
3760.86 18.0
3761.66 21.0
3762.46 19.0
3763.25 15.5
3764.03 16.0
3764.82 19.5
3765.62 18.5
3766.42 18.5
3767.21 17.5
3768.01 15.0
3768.81 18.5
3769.61 21.0
3770.41 16.0
3771.19 13.5
3771.99 18.5
3772.79 18.0
3773.59 14.5
3774.38 17.5
3775.18 20.5
3775.98 20.5
3776.78 19.5
3777.57 16.0
3778.36 17.5
3779.15 20.5
3779.95 15.5
3780.75 13.5
3781.54 13.5
3782.34 14.5
3783.13 19.5
3783.93 18.5
3784.72 18.0
3785.51 20.5
3786.3 19.0
3787.09 19.0
3787.88 21.0
3788.67 18.5
3789.47 18.5
3790.26 21.0
3791.06 18.5
3791.85 13.5
3792.65 12.5
3793.45 15.0
3794.24 15.0
3795.03 17.5
3795.82 21.0
3796.62 21.0
3797.42 17.5
3798.22 14.0
3799.02 12.5
3799.82 13.5
3800.62 18.0
3801.42 20.5
3802.2 18.0
3802.99 14.5
3803.79 14.0
3804.59 15.0
3805.39 15.0
3806.18 17.5
3806.98 18.5
3807.78 18.0
3808.58 20.5
3809.37 17.5
3810.15 15.0
3810.95 18.5
3811.75 17.5
3812.55 14.0
3813.34 17.5
3814.13 20.5
3814.93 20.5
3815.73 21.0
3816.53 17.5
3817.31 15.5
3818.1 18.5
3818.9 20.5
3819.7 18.5
3820.49 13.5
3821.28 14.0
3822.07 16.0
3822.86 18.0
3823.66 21.0
3824.46 21.0
3825.25 20.0
3826.04 16.5
3826.83 16.0
3827.62 16.5
3828.42 14.5
3829.22 17.5
3830.02 21.0
3830.82 18.5
3831.62 18.0
3832.42 17.5
3833.22 18.0
3834.02 18.5
3834.82 15.0
3835.62 17.0
3836.42 20.5
3837.21 21.0
3838.01 19.0
3838.8 19.0
3839.6 21.0
3840.4 16.0
3841.18 13.5
3841.98 15.0
3842.78 17.0
3843.58 20.5
3844.38 17.5
3845.16 17.0
3845.95 18.0
3846.75 18.5
3847.55 21.0
3848.35 18.5
3849.14 18.0
3849.94 20.5
3850.74 18.0
3851.54 15.5
3852.32 17.5
3853.1 17.5
3853.9 18.5
3854.7 19.0
3855.5 16.5
3856.28 18.5
3857.07 20.5
3857.86 18.0
3858.66 18.5
3859.46 21.0
3860.24 19.0
3861.03 19.0
3861.82 20.5
3862.62 18.0
3863.42 18.5
3864.21 18.5
3865.01 18.0
3865.8 18.0
3866.59 16.0
3867.39 18.5
3868.18 18.5
3868.98 18.5
3869.78 21.0
3870.57 18.5
3871.37 15.0
3872.16 17.5
3872.96 17.5
3873.75 17.5
3874.55 18.5
3875.35 15.5
3876.14 18.0
3876.94 18.5
3877.73 18.5
3878.53 18.0
3879.32 18.0
3880.11 21.0
3880.91 18.5
3881.71 15.0
3882.51 14.0
3883.3 17.5
3884.09 18.0
3884.87 14.5
3885.67 17.5
3886.47 21.0
3887.26 19.5
3888.05 16.0
3888.84 14.5
3889.64 14.5
3890.44 12.5
3891.22 14.0
3892.02 16.5
3892.82 16.0
3893.62 15.0
3894.42 14.5
3895.2 18.0
3896.0 20.5
3896.79 18.0
3897.59 18.0
3898.38 20.0
3899.17 17.5
3899.97 16.0
3900.77 19.0
3901.57 20.0
3902.36 20.0
3903.15 21.0
3903.95 19.5
3904.75 17.0
3905.54 15.0
3906.33 17.5
3907.12 20.5
3907.92 18.5
3908.72 19.0
3909.51 19.0
3910.3 16.5
3911.09 16.0
3911.88 16.0
3912.67 15.0
3913.47 14.0
3914.26 14.0
3915.06 15.0
3915.85 16.0
3916.64 18.5
3917.44 19.0
3918.24 16.0
3919.03 13.0
3919.82 16.0
3920.62 16.0
3921.42 12.5
3922.22 17.0
3923.02 15.5
3923.81 14.0
3924.61 17.5
3925.41 16.5
3926.2 15.5
3926.99 15.0
3927.79 15.0
3928.59 17.0
3929.39 16.0
3930.18 15.0
3930.98 15.5
3931.78 16.0
3932.58 16.5
3933.38 18.5
3934.16 17.5
3934.96 17.5
3935.76 17.5
3936.56 17.5
3937.35 20.5
3938.14 17.5
3938.94 14.5
3939.74 15.0
3940.54 15.0
3941.32 16.0
3942.11 17.0
3942.91 16.0
3943.71 18.5
3944.51 17.5
3945.3 15.5
3946.09 19.0
3946.88 18.5
3947.68 18.5
3948.47 19.5
3949.26 19.5
3950.06 18.0
3950.86 13.0
3951.65 11.0
3952.44 11.0
3953.24 12.5
3954.03 17.5
3954.82 21.0
3955.62 21.0
3956.42 18.0
3957.21 14.5
3958.01 15.0
3958.8 13.5
3959.59 11.0
3960.39 15.5
3961.18 18.0
3961.98 18.5
3962.78 21.0
3963.58 18.5
3964.38 18.5
3965.17 21.0
3965.97 20.0
3966.76 20.0
3967.56 18.5
3968.36 18.5
3969.15 21.0
3969.94 21.0
3970.74 20.0
3971.54 17.5
3972.34 16.0
3973.12 18.5
3973.92 21.0
3974.72 18.0
3975.52 14.5
3976.31 17.5
3977.1 17.5
3977.9 14.0
3978.7 14.0
3979.5 15.0
3980.28 18.5
3981.06 17.5
3981.86 17.5
3982.66 21.0
3983.46 21.0
3984.24 19.5
3985.03 16.5
3985.82 17.5
3986.62 20.5
3987.42 17.5
3988.21 15.5
3989.01 19.0
3989.81 17.5
3990.61 15.5
3991.41 18.5
3992.2 17.0
3993.0 14.0
3993.79 17.5
3994.58 17.5
3995.38 17.0
3996.18 20.5
3996.98 21.0
3997.77 20.5
3998.56 20.5
3999.36 21.0
4000.15 21.0
4000.95 17.5
4001.74 17.5
4002.54 17.5
4003.34 16.5
4004.13 18.0
4004.92 19.0
4005.71 19.5
4006.51 16.0
4007.3 16.0
4008.09 17.0
4008.87 18.5
4009.67 18.5
4010.47 18.0
4011.26 18.5
4012.05 17.0
4012.84 19.0
4013.64 21.0
4014.44 18.5
4015.24 18.5
4016.02 18.5
4016.82 13.5
4017.62 14.0
4018.42 18.5
4019.2 20.0
4019.99 18.0
4020.79 16.0
4021.59 13.5
4022.39 16.0
4023.18 19.5
4023.98 19.5
4024.78 21.0
4025.58 17.5
4026.37 16.5
4027.15 16.5
4027.95 16.0
4028.75 19.5
4029.55 20.5
4030.34 20.5
4031.14 21.0
4031.94 21.0
4032.74 19.5
4033.53 19.0
4034.31 20.5
4035.1 18.5
4035.9 16.0
4036.7 13.5
4037.49 12.5
4038.28 16.0
4039.07 19.5
4039.86 16.0
4040.66 11.0
4041.46 15.5
4042.25 20.5
4043.04 18.5
4043.83 16.5
4044.62 19.0
4045.42 17.5
4046.22 15.5
4047.02 16.5
4047.81 16.0
4048.61 18.5
4049.41 18.5
4050.2 13.5
4050.99 12.5
4051.78 17.5
4052.58 16.0
4053.38 13.5
4054.18 15.0
4054.98 17.0
4055.78 19.5
4056.58 18.5
4057.38 19.5
4058.16 17.5
4058.95 14.0
4059.75 15.0
4060.55 16.5
4061.35 14.0
4062.14 16.0
4062.94 17.5
4063.74 15.0
4064.54 18.5
4065.32 18.0
4066.1 15.5
4066.9 18.5
4067.7 21.0
4068.5 17.5
4069.28 17.5
4070.07 21.0
4070.86 18.5
4071.66 18.5
4072.46 21.0
4073.24 21.0
4074.03 18.0
4074.82 18.0
4075.62 19.5
4076.42 17.0
4077.22 15.0
4078.02 17.5
4078.82 19.0
4079.61 17.5
4080.41 19.0
4081.2 20.5
4082.0 17.5
4082.79 17.5
4083.58 20.5
4084.38 18.0
4085.18 15.5
4085.98 16.0
4086.77 19.0
4087.57 21.0
4088.37 21.0
4089.16 18.5
4089.96 18.5
4090.75 21.0
4091.55 20.5
4092.35 20.5
4093.14 21.0
4093.94 18.0
4094.74 14.5
4095.54 17.5
4096.33 16.0
4097.11 15.5
4097.91 17.5
4098.71 18.0
4099.51 17.5
4100.3 12.5
4101.09 16.0
4101.88 19.0
4102.68 15.5
4103.48 17.5
4104.26 20.5
4105.05 20.5
4105.84 20.5
4106.64 20.0
4107.44 17.0
4108.23 17.5
4109.02 21.0
4109.82 18.0
4110.62 17.5
4111.42 18.0
4112.2 18.5
4112.99 18.5
4113.79 15.0
4114.59 15.0
4115.38 16.0
4116.18 15.5
4116.98 14.5
4117.78 14.5
4118.57 14.5
4119.36 15.0
4120.15 16.0
4120.95 18.0
4121.75 20.5
4122.54 17.5
4123.34 15.0
4124.14 15.0
4124.94 17.5
4125.73 20.5
4126.52 17.0
4127.31 17.5
4128.1 17.5
4128.9 14.0
4129.69 17.5
4130.49 19.0
4131.28 17.0
4132.07 18.5
4132.86 20.5
4133.66 20.5
4134.46 20.0
4135.25 20.0
4136.04 17.0
4136.83 16.5
4137.63 17.0
4138.43 14.5
4139.23 14.0
4140.02 17.0
4140.82 17.5
4141.62 15.5
4142.42 15.0
4143.21 17.5
4144.01 17.5
4144.81 14.0
4145.61 15.0
4146.41 18.0
4147.19 17.5
4147.98 18.0
4148.78 16.0
4149.58 14.0
4150.38 19.0
4151.17 19.0
4151.97 15.5
4152.77 16.0
4153.57 16.0
4154.36 14.0
4155.14 14.0
4155.94 14.0
4156.74 17.5
4157.54 21.0
4158.33 20.5
4159.12 20.5
4159.92 21.0
4160.72 17.5
4161.51 17.5
4162.3 17.5
4163.09 17.0
4163.88 17.5
4164.67 15.5
4165.46 16.5
4166.26 18.5
4167.05 18.0
4167.84 15.0
4168.63 14.5
4169.43 14.5
4170.23 17.5
4171.02 18.5
4171.82 18.5
4172.61 21.0
4173.41 18.0
4174.2 16.0
4174.99 16.5
4175.78 18.5
4176.58 18.5
4177.38 18.5
4178.18 21.0
4178.97 18.5
4179.76 17.0
4180.56 19.5
4181.36 18.5
4182.15 16.0
4182.94 18.5
4183.74 16.0
4184.54 13.5
4185.34 16.0
4186.13 15.0
4186.93 15.0
4187.73 18.5
4188.53 18.5
4189.32 18.0
4190.1 17.0
4190.9 15.5
4191.7 16.5
4192.5 15.0
4193.28 15.5
4194.06 16.0
4194.86 15.5
4195.66 15.0
4196.46 14.0
4197.24 14.0
4198.03 17.5
4198.82 17.5
4199.62 14.0
4200.42 15.0
4201.21 18.0
4202.01 20.5
4202.8 17.5
4203.58 17.5
4204.38 18.5
4205.17 15.5
4205.97 15.5
4206.77 18.0
4207.56 17.0
4208.36 17.5
4209.15 17.5
4209.95 12.5
4210.74 15.5
4211.54 15.5
4212.33 13.5
4213.12 16.0
4213.92 15.0
4214.71 17.5
4215.51 18.0
4216.3 18.0
4217.09 17.5
4217.87 14.0
4218.66 14.0
4219.46 16.0
4220.26 18.0
4221.05 16.0
4221.84 17.5
4222.64 19.0
4223.44 16.5
4224.23 15.0
4225.02 14.5
4225.81 14.5
4226.61 15.0
4227.41 16.5
4228.2 16.0
4228.99 13.0
4229.79 14.0
4230.59 16.5
4231.39 15.0
4232.18 12.5
4232.98 12.5
4233.78 14.0
4234.58 14.0
4235.38 15.0
4236.16 15.5
4236.96 15.5
4237.76 16.0
4238.56 17.0
4239.35 19.5
4240.14 21.0
4240.94 19.0
4241.74 16.5
4242.54 13.5
4243.32 13.5
4244.11 15.0
4244.91 16.0
4245.71 19.5
4246.5 18.5
4247.29 18.5
4248.08 21.0
4248.87 21.0
4249.66 18.5
4250.46 16.0
4251.25 16.0
4252.04 16.0
4252.83 13.5
4253.62 11.0
4254.42 15.5
4255.22 20.0
4256.02 20.5
4256.81 21.0
4257.6 21.0
4258.39 21.0
4259.18 21.0
4259.98 16.0
4260.78 12.5
4261.58 15.0
4262.38 18.5
4263.17 21.0
4263.96 18.5
4264.75 15.0
4265.55 17.0
4266.35 20.5
4267.14 21.0
4267.94 20.5
4268.74 19.5
4269.54 17.5
4270.34 18.5
4271.12 19.0
4271.92 15.5
4272.72 14.0
4273.52 14.0
4274.31 15.0
4275.1 16.5
4275.9 16.5
4276.69 15.0
4277.49 17.0
4278.27 20.5
4279.06 18.5
4279.86 16.0
4280.66 15.5
4281.46 14.5
4282.24 14.0
4283.03 14.0
4283.82 14.5
4284.62 15.5
4285.42 18.5
4286.21 19.5
4287.01 19.5
4287.81 18.0
4288.6 18.0
4289.39 18.5
4290.18 15.5
4290.98 17.5
4291.78 20.0
4292.58 18.5
4293.38 15.5
4294.17 15.0
4294.97 18.0
4295.76 20.5
4296.55 17.5
4297.35 12.5
4298.14 16.0
4298.94 21.0
4299.74 20.5
4300.54 17.5
4301.34 17.0
4302.13 19.5
4302.93 20.0
4303.72 17.0
4304.52 17.0
4305.31 20.0
4306.1 17.0
4306.9 15.0
4307.69 18.5
4308.49 18.5
4309.28 18.0
4310.06 20.5
4310.86 18.0
4311.66 17.5
4312.46 17.0
4313.25 14.0
4314.03 15.5
4314.82 19.0
4315.62 17.5
4316.42 15.5
4317.21 17.5
4318.01 17.0
4318.81 16.0
4319.61 18.5
4320.41 21.0
4321.19 17.5
4321.99 15.0
4322.79 18.5
4323.59 18.0
4324.38 18.0
4325.17 18.5
4325.97 16.0
4326.77 16.0
4327.57 15.5
4328.36 17.5
4329.15 20.5
4329.95 19.0
4330.75 18.5
4331.54 19.0
4332.34 19.5
4333.13 18.0
4333.93 18.0
4334.73 19.5
4335.52 19.5
4336.31 16.0
4337.1 14.0
4337.9 16.5
4338.7 15.0
4339.49 15.0
4340.28 17.5
4341.07 20.0
4341.86 19.5
4342.66 19.5
4343.46 19.5
4344.25 17.5
4345.04 18.5
4345.83 17.5
4346.63 15.0
4347.43 15.0
4348.22 15.0
4349.01 14.0
4349.8 16.0
4350.59 17.0
4351.39 14.5
4352.18 17.0
4352.98 17.0
4353.78 14.5
4354.58 14.0
4355.38 17.0
4356.16 21.0
4356.95 17.5
4357.75 16.0
4358.55 19.5
4359.35 18.0
4360.14 14.5
4360.94 15.5
4361.74 17.0
4362.54 15.5
4363.32 14.0
4364.1 17.5
4364.9 21.0
4365.69 20.0
4366.49 18.5
4367.27 16.0
4368.06 16.0
4368.86 16.0
4369.66 14.5
4370.45 15.5
4371.23 16.0
4372.02 18.0
4372.82 18.5
4373.62 19.0
4374.42 21.0
4375.21 17.5
4376.01 17.0
4376.8 17.0
4377.59 16.0
4378.38 19.5
4379.18 19.5
4379.98 19.0
4380.78 15.5
4381.57 15.5
4382.37 18.0
4383.16 17.0
4383.96 17.0
4384.76 15.0
4385.55 14.0
4386.35 14.0
4387.14 14.0
4387.94 15.5
4388.74 18.5
4389.54 17.5
4390.34 15.5
4391.13 17.0
4391.93 16.5
4392.72 16.0
4393.52 16.0
4394.31 18.5
4395.1 21.5
4395.89 18.0
4396.69 15.5
4397.49 18.0
4398.28 20.5
4399.06 19.0
4399.86 17.0
4400.66 17.0
4401.46 19.0
4402.24 18.0
4403.02 15.0
4403.82 14.5
4404.62 16.5
4405.42 17.5
4406.2 15.0
4406.99 14.0
4407.79 14.5
4408.59 14.5
4409.38 14.0
4410.17 13.5
4410.97 16.5
4411.77 17.0
4412.57 15.0
4413.36 16.5
4414.15 19.0
4414.95 17.5
4415.75 17.5
4416.54 18.0
4417.34 14.5
4418.13 14.0
4418.93 15.5
4419.73 19.0
4420.52 19.5
4421.31 16.5
4422.1 15.0
4422.9 14.5
4423.7 14.0
4424.49 14.5
4425.28 16.5
4426.07 19.5
4426.86 20.5
4427.66 16.5
4428.46 14.5
4429.25 16.0
4430.04 16.0
4430.84 15.5
4431.63 14.5
4432.43 17.5
4433.22 20.5
4434.01 17.0
4434.8 17.5
4435.59 17.5
4436.39 17.5
4437.18 21.0
4437.98 21.0
4438.78 17.5
4439.58 15.0
4440.38 18.5
4441.16 20.0
4441.95 20.0
4442.75 17.5
4443.55 16.0
4444.35 17.0
4445.14 14.5
4445.94 15.5
4446.74 19.5
4447.54 21.0
4448.33 18.5
4449.11 16.5
4449.91 19.0
4450.71 20.5
4451.51 20.5
4452.3 19.5
4453.09 17.5
4453.88 19.5
4454.68 21.0
4455.47 20.0
4456.26 20.0
4457.05 20.5
4457.84 17.5
4458.64 15.0
4459.43 18.5
4460.22 19.5
4461.02 17.5
4461.82 16.5
4462.61 16.5
4463.41 19.0
4464.2 20.5
4464.99 17.5
4465.79 14.5
4466.58 17.5
4467.38 20.0
4468.18 17.0
4468.98 14.5
4469.77 15.5
4470.56 19.0
4471.36 18.0
4472.15 14.0
4472.95 16.5
4473.74 18.5
4474.54 15.5
4475.34 17.0
4476.14 18.5
4476.94 18.5
4477.73 18.5
4478.53 17.5
4479.32 17.0
4480.11 15.0
4480.9 14.5
4481.7 14.5
4482.49 14.0
4483.28 17.0
4484.06 20.5
4484.86 17.5
4485.66 17.5
4486.46 20.5
4487.24 20.5
4488.02 20.5
4488.82 17.0
4489.62 17.0
4490.42 17.0
4491.2 17.5
4491.99 18.5
4492.79 17.0
4493.59 18.0
4494.38 17.0
4495.17 15.0
4495.97 14.5
4496.77 14.5
4497.57 14.0
4498.36 16.5
4499.15 17.5
4499.95 17.5
4500.75 17.0
4501.54 14.5
4502.34 15.5
4503.13 14.0
4503.93 13.0
4504.73 15.0
4505.52 16.5
4506.31 16.5
4507.1 18.0
4507.9 16.0
4508.7 12.5
4509.49 14.5
4510.28 15.0
4511.07 14.5
4511.86 14.0
4512.66 17.5
4513.46 17.5
4514.25 17.5
4515.04 17.5
4515.83 17.5
4516.62 17.5
4517.42 17.0
4518.22 17.5
4519.02 15.0
4519.81 15.5
4520.61 15.0
4521.41 17.5
4522.2 17.5
4523.0 14.0
4523.78 14.0
4524.58 15.0
4525.38 16.0
4526.17 16.0
4526.96 15.0
4527.76 15.0
4528.56 17.0
4529.36 17.5
4530.14 16.0
4530.94 14.0
4531.74 12.0
4532.54 11.0
4533.34 13.5
4534.12 18.0
4534.92 20.5
4535.72 20.5
4536.52 17.0
4537.3 13.5
4538.09 17.0
4538.88 19.0
4539.68 15.5
4540.47 15.0
4541.26 15.5
4542.05 16.5
4542.84 16.0
4543.64 15.0
4544.43 18.5
4545.22 17.5
4546.02 14.0
4546.82 16.0
4547.61 17.0
4548.4 15.0
4549.18 15.0
4549.98 18.5
4550.78 21.0
4551.58 21.0
4552.38 21.0
4553.17 20.5
4553.97 20.5
4554.76 18.5
4555.55 15.0
4556.35 17.0
4557.14 17.0
4557.94 15.0
4558.74 15.0
4559.54 15.0
4560.34 18.5
4561.13 17.5
4561.92 16.5
4562.71 20.0
4563.51 19.0
4564.3 19.0
4565.09 21.0
4565.87 17.5
4566.67 17.5
4567.47 20.0
4568.26 20.0
4569.05 18.5
4569.84 15.0
4570.64 14.0
4571.44 15.0
4572.22 16.0
4573.01 16.5
4573.81 17.5
4574.61 16.0
4575.41 17.0
4576.19 19.0
4576.99 19.5
4577.79 21.0
4578.59 16.0
4579.38 13.5
4580.17 17.0
4580.97 18.0
4581.77 18.0
4582.57 14.5
4583.36 13.0
4584.15 15.5
4584.95 17.0
4585.75 16.5
4586.54 14.5
4587.34 17.5
4588.13 17.5
4588.93 16.0
4589.73 16.0
4590.52 14.0
4591.31 16.0
4592.1 17.5
4592.9 15.5
4593.7 17.5
4594.49 17.5
4595.28 17.5
4596.07 19.0
4596.86 16.5
4597.66 16.5
4598.46 17.0
4599.25 15.5
4600.04 14.5
4600.83 18.0
4601.62 16.0
4602.42 13.5
4603.22 18.5
4604.02 20.5
4604.81 20.0
4605.61 18.0
4606.41 16.0
4607.2 15.0
4607.99 17.0
4608.78 19.0
4609.58 17.5
4610.38 18.5
4611.18 17.5
4611.97 15.0
4612.77 17.5
4613.57 17.5
4614.37 15.5
4615.16 15.5
4615.95 17.5
4616.75 15.5
4617.55 14.5
4618.35 17.5
4619.14 19.0
4619.94 17.5
4620.74 13.5
4621.54 15.0
4622.33 17.5
4623.11 18.0
4623.91 18.5
4624.71 20.0
4625.51 20.5
4626.3 15.5
4627.08 13.5
4627.87 18.0
4628.67 18.0
4629.46 15.5
4630.26 16.0
4631.05 18.5
4631.84 15.5
4632.63 16.0
4633.42 20.5
4634.22 19.0
4635.01 18.0
4635.81 16.0
4636.6 17.5
4637.39 21.0
4638.18 20.5
4638.98 17.5
4639.78 15.0
4640.57 18.0
4641.37 18.5
4642.16 17.0
4642.96 19.0
4643.75 19.5
4644.55 18.5
4645.35 19.0
4646.14 18.5
4646.94 18.5
4647.73 17.0
4648.53 15.0
4649.33 15.0
4650.12 16.0
4650.92 16.0
4651.72 14.0
4652.52 14.0
4653.31 16.0
4654.1 19.5
4654.89 19.0
4655.69 18.5
4656.49 17.0
4657.28 16.5
4658.06 17.0
4658.86 18.0
4659.66 18.5
4660.46 15.0
4661.24 17.0
4662.02 18.0
4662.82 15.5
4663.62 18.0
4664.42 17.5
4665.2 15.0
4665.99 15.0
4666.79 15.0
4667.59 16.0
4668.38 18.5
4669.18 18.5
4669.98 16.0
4670.78 18.0
4671.57 17.5
4672.36 14.5
4673.15 16.5
4673.95 19.5
4674.75 17.0
4675.54 15.0
4676.34 16.0
4677.14 15.0
4677.94 15.0
4678.73 15.0
4679.52 16.0
4680.31 17.5
4681.1 17.0
4681.9 15.5
4682.69 15.0
4683.49 15.5
4684.28 17.5
4685.07 20.5
4685.86 18.5
4686.66 18.5
4687.46 18.5
4688.25 15.0
4689.04 15.5
4689.83 15.5
4690.63 14.5
4691.43 14.5
4692.22 14.0
4693.01 15.0
4693.8 17.0
4694.59 19.5
4695.39 17.5
4696.18 16.0
4696.98 16.0
4697.78 16.5
4698.58 17.0
4699.38 18.0
4700.16 18.5
4700.95 17.0
4701.75 17.0
4702.55 15.5
4703.35 13.0
4704.14 13.5
4704.94 16.0
4705.74 18.5
4706.54 21.0
4707.33 21.0
4708.11 17.5
4708.91 17.0
4709.71 20.5
4710.51 17.5
4711.3 17.5
4712.09 20.5
4712.88 18.0
4713.68 18.5
4714.47 21.0
4715.26 20.5
4716.06 20.0
4716.86 20.5
4717.65 21.0
4718.44 20.5
4719.23 18.0
4720.02 16.0
4720.82 13.5
4721.61 13.5
4722.41 18.5
4723.2 20.5
4723.99 18.0
4724.78 16.0
4725.58 15.0
4726.38 17.0
4727.17 18.0
4727.97 18.5
4728.76 21.0
4729.56 17.5
4730.36 17.5
4731.15 20.5
4731.95 17.0
4732.74 14.0
4733.54 15.0
4734.34 18.5
4735.14 21.0
4735.94 18.0
4736.74 15.5
4737.54 18.5
4738.34 21.0
4739.12 17.5
4739.92 15.0
4740.72 18.0
4741.52 20.5
4742.31 16.0
4743.1 13.5
4743.9 18.5
4744.7 21.0
4745.5 20.5
4746.28 20.5
4747.06 21.0
4747.86 21.0
4748.66 21.0
4749.46 17.5
4750.24 16.0
4751.03 19.0
4751.82 17.0
4752.62 15.0
4753.42 15.0
4754.2 17.5
4754.99 18.5
4755.79 17.0
4756.59 19.5
4757.38 20.5
4758.18 18.0
4758.98 18.5
4759.78 18.5
4760.57 15.0
4761.36 17.5
4762.15 20.5
4762.95 20.0
4763.75 20.5
4764.54 21.0
4765.34 19.0
4766.14 19.0
4766.94 21.0
4767.73 20.5
4768.53 20.5
4769.33 16.0
4770.12 13.0
4770.92 14.5
4771.71 14.5
4772.51 14.5
4773.3 17.0
4774.09 20.5
4774.88 21.0
4775.68 21.0
4776.48 17.5
4777.27 14.5
4778.06 14.5
4778.85 17.5
4779.65 19.0
4780.45 15.5
4781.24 17.5
4782.02 20.5
4782.82 18.5
4783.62 17.0
4784.42 15.5
4785.2 17.5
4785.99 21.0
4786.79 21.0
4787.59 19.0
4788.39 19.0
4789.18 20.5
4789.98 19.0
4790.78 18.0
4791.58 17.0
4792.38 15.5
4793.16 14.5
4793.96 17.5
4794.76 21.0
4795.56 18.5
4796.35 18.5
4797.14 21.0
4797.94 17.5
4798.74 14.0
4799.54 17.0
4800.34 20.5
4801.13 21.0
4801.93 17.5
4802.73 15.0
4803.52 15.0
4804.31 15.0
4805.1 16.0
4805.9 15.0
4806.69 15.5
4807.48 19.0
4808.27 21.0
4809.06 18.5
4809.86 16.0
4810.65 13.5
4811.45 13.5
4812.24 13.5
4813.03 12.5
4813.82 15.5
4814.62 15.5
4815.42 17.0
4816.21 18.0
4817.01 18.5
4817.8 21.0
4818.59 19.0
4819.39 15.5
4820.18 14.5
4820.98 18.0
4821.78 17.5
4822.58 15.0
4823.38 16.5
4824.17 19.0
4824.96 18.5
4825.76 16.0
4826.56 18.5
4827.36 18.5
4828.15 18.0
4828.94 20.5
4829.74 17.5
4830.54 15.0
4831.34 18.5
4832.13 18.0
4832.93 14.5
4833.73 17.0
4834.53 20.5
4835.32 21.0
4836.1 17.5
4836.9 15.0
4837.7 16.0
4838.49 16.0
4839.27 17.0
4840.06 17.0
4840.86 16.0
4841.66 18.5
4842.45 20.0
4843.24 20.0
4844.03 21.0
4844.82 16.0
4845.62 13.5
4846.42 18.5
4847.21 21.0
4848.01 18.0
4848.8 18.0
4849.58 17.5
4850.38 17.0
4851.18 17.0
4851.98 17.0
4852.77 18.0
4853.56 15.0
4854.36 14.0
4855.15 17.5
4855.95 17.5
4856.74 14.0
4857.54 17.5
4858.34 17.5
4859.14 17.0
4859.94 17.0
4860.73 15.5
4861.53 16.5
4862.33 18.5
4863.12 18.5
4863.92 18.5
4864.72 18.0
4865.52 15.5
4866.32 18.5
4867.1 18.0
4867.9 18.0
4868.69 21.0
4869.49 18.5
4870.28 15.0
4871.06 17.5
4871.86 20.5
4872.66 20.5
4873.46 18.0
4874.24 13.0
4875.02 16.0
4875.82 21.0
4876.62 17.5
4877.42 17.5
4878.21 18.0
4879.0 15.5
4879.79 13.5
4880.59 13.5
4881.38 15.0
4882.18 17.5
4882.98 17.5
4883.78 14.0
4884.57 14.5
4885.36 18.0
4886.15 20.5
4886.95 20.5
4887.75 17.5
4888.54 14.5
4889.34 15.5
4890.14 15.0
4890.94 12.5
4891.73 12.5
4892.52 14.5
4893.32 18.0
4894.11 21.0
4894.91 21.0
4895.7 21.0
4896.5 21.0
4897.28 17.5
4898.07 14.0
4898.86 14.5
4899.66 18.0
4900.46 17.5
4901.25 14.0
4902.04 17.5
4902.83 18.0
4903.63 14.5
4904.43 17.0
4905.22 17.0
4906.01 17.0
4906.8 18.0
4907.59 16.0
4908.39 18.5
4909.18 18.5
4909.98 15.0
4910.78 14.0
4911.58 17.0
4912.38 20.5
4913.16 21.0
4913.95 18.5
4914.75 15.0
4915.55 16.0
4916.35 19.5
4917.14 17.5
4917.94 17.0
4918.74 20.5
4919.54 17.5
4920.33 16.5
4921.11 20.0
4921.91 18.5
4922.71 18.5
4923.51 21.0
4924.3 20.5
4925.09 19.0
4925.88 16.0
4926.68 17.5
4927.48 19.0
4928.26 16.5
4929.06 16.5
4929.86 19.0
4930.65 20.5
4931.44 17.0
4932.23 14.5
4933.02 17.5
4933.82 18.0
4934.61 15.0
4935.41 17.0
4936.21 17.0
4937.0 17.5
4937.78 18.5
4938.58 15.0
4939.38 14.0
4940.17 15.5
4940.97 14.0
4941.76 12.5
4942.56 14.0
4943.36 17.0
4944.15 17.0
4944.94 14.0
4945.74 17.5
4946.54 19.0
4947.34 15.5
4948.13 17.5
4948.93 17.5
4949.73 15.0
4950.53 18.5
4951.33 17.5
4952.11 17.5
4952.91 21.0
4953.71 16.0
4954.51 15.5
4955.3 20.0
4956.09 17.5
4956.88 16.0
4957.68 16.5
4958.48 18.5
4959.26 17.5
4960.05 15.0
4960.84 13.5
4961.64 15.5
4962.44 20.5
4963.22 17.5
4964.02 14.0
4964.82 17.0
4965.62 20.5
4966.42 19.5
4967.21 17.0
4968.0 18.5
4968.79 20.5
4969.59 20.5
4970.38 21.0
4971.18 18.5
4971.98 18.5
4972.78 20.0
4973.57 20.0
4974.36 18.5
4975.15 17.5
4975.95 18.0
4976.75 15.5
4977.54 14.0
4978.34 14.0
4979.14 17.5
4979.94 21.0
4980.73 17.5
4981.52 15.0
4982.32 18.0
4983.11 20.5
4983.91 19.0
4984.7 19.0
4985.5 17.5
4986.29 17.5
4987.08 21.0
4987.87 20.5
4988.67 18.5
4989.47 16.5
4990.26 13.5
4991.05 13.5
4991.84 13.5
4992.64 15.5
4993.44 20.5
4994.23 21.0
4995.02 17.5
4995.82 16.0
4996.62 19.0
4997.42 18.5
4998.21 15.5
4998.99 14.0
4999.79 14.0
5000.59 17.5
5001.39 18.5
5002.18 18.5
5002.98 20.5
5003.78 18.0
5004.58 18.5
5005.37 19.5
5006.15 16.0
5006.95 17.5
5007.75 19.0
5008.55 15.5
5009.34 17.5
5010.14 18.5
5010.94 18.0
5011.74 20.0
5012.54 15.5
5013.33 12.5
5014.12 17.5
5014.92 21.0
5015.72 18.0
5016.51 15.0
5017.3 18.0
5018.09 20.0
5018.88 16.5
5019.67 17.5
5020.46 18.5
5021.26 15.5
5022.05 14.5
5022.84 17.5
5023.63 20.5
5024.43 17.0
5025.22 17.5
5026.02 21.0
5026.81 18.5
5027.6 16.0
5028.4 18.5
5029.18 18.0
5029.98 18.0
5030.77 18.5
5031.57 18.0
5032.37 20.5
5033.16 20.5
5033.96 19.5
5034.76 20.0
5035.56 17.5
5036.36 15.0
5037.14 18.5
5037.94 17.5
5038.74 14.0
5039.54 14.0
5040.34 17.5
5041.13 21.0
5041.93 18.0
5042.73 17.5
5043.53 20.5
5044.33 16.0
5045.11 16.0
5045.91 17.5
5046.71 17.0
5047.51 19.0
5048.3 17.0
5049.09 16.0
5049.88 16.0
5050.68 18.5
5051.47 21.0
5052.26 17.5
5053.05 14.0
5053.84 14.0
5054.64 17.5
5055.43 20.5
5056.22 18.0
5057.02 15.0
5057.82 17.5
5058.61 20.5
5059.41 17.0
5060.2 17.5
5060.99 21.0
5061.79 16.0
5062.58 11.0
5063.38 15.5
5064.18 18.0
5064.98 18.5
5065.77 20.5
5066.56 19.0
5067.36 19.5
5068.15 21.0
5068.95 18.5
5069.74 16.0
5070.54 18.5
5071.34 16.0
5072.14 11.0
5072.94 13.5
5073.73 15.0
5074.53 15.0
5075.33 18.5
5076.12 18.5
5076.92 18.5
5077.72 20.5
5078.52 17.0
5079.32 17.0
5080.1 20.5
5080.9 18.5
5081.7 15.0
5082.5 17.5
5083.29 21.0
5084.07 18.0
5084.86 14.5
5085.66 17.5
5086.46 17.5
5087.25 16.0
5088.03 19.5
5088.82 20.5
5089.62 20.5
5090.42 17.5
5091.21 17.5
5092.0 19.0
5092.79 19.0
5093.59 19.0
5094.39 15.5
5095.18 14.0
5095.98 12.5
5096.78 15.5
5097.58 18.0
5098.37 15.0
5099.16 14.0
5099.96 15.0
5100.76 16.0
5101.56 15.0
5102.35 15.0
5103.14 16.0
5103.94 18.0
5104.74 20.5
5105.54 21.0
5106.34 17.5
5107.13 14.5
5107.93 15.5
5108.72 18.5
5109.52 17.5
5110.32 15.0
5111.11 13.5
5111.92 13.0
5112.71 13.0
5113.51 15.5
5114.31 20.5
5115.1 20.5
5115.9 20.5
5116.69 21.0
5117.49 17.5
5118.28 17.5
5119.06 17.5
5119.86 17.5
5120.66 19.0
5121.46 19.0
5122.25 21.0
5123.03 19.0
5123.82 19.0
5124.62 17.5
5125.42 14.0
5126.21 14.0
5126.99 17.5
5127.79 17.5
5128.59 17.5
5129.39 21.0
5130.18 17.5
5130.98 15.0
5131.78 18.5
5132.58 18.5
5133.37 15.5
5134.15 13.0
5134.95 16.0
5135.75 17.5
5136.55 15.0
5137.34 15.0
5138.14 14.0
5138.94 17.5
5139.74 21.0
5140.53 20.5
5141.32 17.0
5142.11 17.5
5142.91 21.0
5143.71 16.0
5144.5 11.0
5145.29 14.0
5146.08 18.5
5146.87 17.0
5147.66 14.0
5148.46 14.5
5149.25 15.0
5150.04 16.0
5150.83 19.0
5151.62 21.0
5152.42 16.0
5153.22 12.5
5154.01 14.0
5154.8 15.5
5155.59 18.0
5156.39 17.5
5157.18 15.0
5157.98 15.0
5158.77 15.0
5159.57 17.0
5160.37 20.5
5161.16 21.0
5161.95 20.5
5162.75 17.5
5163.55 15.5
5164.35 18.5
5165.14 18.5
5165.94 16.0
5166.74 18.5
5167.54 17.5
5168.34 17.0
5169.12 20.5
5169.92 17.5
5170.72 15.0
5171.52 18.0
5172.31 15.5
5173.1 12.5
5173.9 17.5
5174.69 20.5
5175.49 20.5
5176.27 16.0
5177.06 16.0
5177.86 21.0
5178.66 19.0
5179.45 15.5
5180.23 20.0
5181.02 28.0
5181.82 28.5
5182.62 29.5
5183.42 25.5
5184.21 21.0
5185.0 20.5
5185.79 18.5
5186.58 28.0
5187.38 37.0
5188.17 37.0
5188.97 31.5
5189.77 25.0
5190.56 29.0
5191.36 37.0
5192.15 41.0
5192.95 43.5
5193.74 45.0
5194.54 39.5
5195.34 33.5
5196.13 33.0
5196.93 29.5
5197.72 25.0
5198.52 30.0
5199.32 39.5
5200.11 42.5
5200.9 41.5
5201.69 45.0
5202.49 41.5
5203.28 30.5
5204.07 29.5
5204.86 37.5
5205.66 43.5
5206.46 39.0
5207.25 30.5
5208.03 32.0
5208.82 38.0
5209.62 40.5
5210.42 39.5
5211.21 33.5
5211.99 29.0
5212.79 32.5
5213.59 38.5
5214.39 42.5
5215.18 41.0
5215.98 34.5
5216.78 29.0
5217.58 27.5
5218.37 28.5
5219.15 31.0
5219.95 39.0
5220.75 42.5
5221.55 34.0
5222.34 27.0
5223.14 34.0
5223.94 43.0
5224.74 44.5
5225.53 43.0
5226.32 45.5
5227.11 43.0
5227.91 35.5
5228.71 34.0
5229.5 38.0
5230.29 44.5
5231.08 42.0
5231.87 35.5
5232.66 31.5
5233.46 28.5
5234.25 28.5
5235.04 32.5
5235.83 37.0
5236.62 40.0
5237.42 44.0
5238.22 44.0
5239.01 40.0
5239.8 36.0
5240.59 30.5
5241.39 26.5
5242.18 27.5
5242.98 33.0
5243.78 41.0
5244.58 43.5
5245.38 45.5
5246.17 49.0
5246.96 49.0
5247.76 41.5
5248.56 32.5
5249.36 32.0
5250.15 32.5
5250.94 30.0
5251.74 34.5
5252.54 41.5
5253.34 39.5
5254.13 32.0
5254.93 28.0
5255.73 32.0
5256.53 40.0
5257.33 43.5
5258.11 43.5
5258.91 47.0
5259.71 42.0
5260.51 33.0
5261.3 28.5
5262.08 26.0
5262.87 26.0
5263.67 30.0
5264.46 37.0
5265.25 42.0
5266.04 40.5
5266.83 32.0
5267.63 32.0
5268.42 39.5
5269.22 43.5
5270.01 43.5
5270.8 42.5
5271.59 39.0
5272.38 34.5
5273.18 30.5
5273.98 33.5
5274.78 42.5
5275.57 43.0
5276.37 38.5
5277.16 33.5
5277.96 32.5
5278.75 38.0
5279.54 42.0
5280.34 41.0
5281.14 35.5
5281.94 28.5
5282.73 27.5
5283.53 27.5
5284.33 31.5
5285.12 38.5
5285.91 37.0
5286.7 30.5
5287.5 28.5
5288.29 32.0
5289.08 38.0
5289.86 43.5
5290.66 46.5
5291.46 48.5
5292.26 44.0
5293.04 38.0
5293.83 35.0
5294.63 29.5
5295.43 26.0
5296.22 31.5
5297.0 38.5
5297.79 42.0
5298.59 40.5
5299.39 34.0
5300.18 34.0
5300.98 41.0
5301.78 43.5
5302.58 45.5
5303.37 49.0
5304.15 44.5
5304.95 37.0
5305.75 32.5
5306.55 35.5
5307.34 41.0
5308.14 40.0
5308.94 37.5
5309.74 34.0
5310.53 32.5
5311.32 39.5
5312.11 45.0
5312.91 41.0
5313.71 33.5
5314.5 29.0
5315.29 28.0
5316.08 27.0
5316.87 30.0
5317.66 37.0
5318.46 39.5
5319.25 38.0
5320.04 34.0
5320.83 35.0
5321.62 40.5
5322.42 42.5
5323.22 44.0
5324.01 46.0
5324.8 41.0
5325.59 34.0
5326.39 31.5
5327.18 28.0
5327.98 29.5
5328.78 35.0
5329.58 39.5
5330.38 43.5
5331.17 41.0
5331.96 34.0
5332.75 34.0
5333.55 39.5
5334.35 43.5
5335.14 40.5
5335.94 33.0
5336.74 33.5
5337.54 40.5
5338.34 45.0
5339.12 41.0
5339.92 33.5
5340.72 34.0
5341.52 38.5
5342.32 42.5
5343.1 43.5
5343.9 45.5
5344.7 46.0
5345.5 41.0
5346.28 35.5
5347.07 33.5
5347.86 38.5
5348.66 45.5
5349.46 42.0
5350.24 33.0
5351.03 32.0
5351.83 29.5
5352.63 29.0
5353.42 33.5
5354.22 37.5
5355.01 42.0
5355.81 43.0
5356.6 42.5
5357.39 40.5
5358.18 37.0
5358.98 35.0
5359.78 39.5
5360.58 47.0
5361.38 43.5
5362.17 34.5
5362.97 31.5
5363.76 36.0
5364.55 41.0
5365.35 42.0
5366.14 39.5
5366.94 33.5
5367.74 34.5
5368.54 40.5
5369.34 41.5
5370.13 39.0
5370.93 34.0
5371.72 35.0
5372.52 42.0
5373.32 41.5
5374.11 37.5
5374.91 33.5
5375.71 32.0
5376.51 39.5
5377.31 43.5
5378.1 39.5
5378.89 34.0
5379.69 28.5
5380.49 26.0
5381.28 25.0
5382.06 30.5
5382.86 41.0
5383.66 40.0
5384.46 33.0
5385.24 31.0
5386.02 35.0
5386.82 42.0
5387.62 42.5
5388.42 38.5
5389.2 32.0
5389.98 33.0
5390.78 40.5
5391.58 42.0
5392.38 45.0
5393.16 48.5
5393.96 43.5
5394.76 37.5
5395.56 32.0
5396.35 26.5
5397.14 26.0
5397.94 30.0
5398.74 39.5
5399.54 45.0
5400.34 39.5
5401.13 30.5
5401.93 31.5
5402.73 38.0
5403.52 41.0
5404.32 41.5
5405.11 36.5
5405.91 34.5
5406.71 41.0
5407.5 43.5
5408.29 46.0
5409.08 48.0
5409.87 46.5
5410.66 41.0
5411.46 35.0
5412.26 31.5
5413.05 27.0
5413.84 26.0
5414.64 31.0
5415.44 39.0
5416.23 38.5
5417.02 36.0
5417.81 35.0
5418.61 35.5
5419.41 41.5
5420.2 47.0
5420.98 48.5
5421.78 47.0
5422.58 42.0
5423.38 37.5
5424.17 33.5
5424.96 28.0
5425.76 27.0
5426.56 32.5
5427.36 38.5
5428.14 43.0
5428.94 41.5
5429.74 34.0
5430.54 34.0
5431.34 41.0
5432.12 44.5
5432.92 39.0
5433.72 32.0
5434.52 33.5
5435.31 41.0
5436.1 46.0
5436.9 42.0
5437.7 37.0
5438.49 37.0
5439.27 38.5
5440.06 42.0
5440.86 46.0
5441.66 48.0
5442.45 48.5
5443.24 45.0
5444.03 37.5
5444.82 32.5
5445.62 32.0
5446.42 31.0
5447.21 33.0
5448.0 41.0
5448.78 44.5
5449.58 39.0
5450.38 33.5
5451.17 36.0
5451.97 40.5
5452.76 42.0
5453.56 39.5
5454.36 32.0
5455.15 30.5
5455.94 38.0
5456.74 43.5
5457.54 43.5
5458.34 45.0
5459.13 44.0
5459.93 38.5
5460.73 36.5
5461.53 38.0
5462.33 42.5
5463.11 41.5
5463.91 37.5
5464.71 33.5
5465.51 29.5
5466.31 27.5
5467.1 28.5
5467.9 33.0
5468.7 40.0
5469.5 43.5
5470.28 45.5
5471.06 45.5
5471.86 38.0
5472.66 35.5
5473.46 36.5
5474.24 40.0
5475.03 43.0
5475.82 38.0
5476.62 32.5
5477.42 32.0
5478.2 29.5
5478.98 27.5
5479.78 34.5
5480.58 40.0
5481.38 39.5
5482.17 35.0
5482.97 29.0
5483.77 32.0
5484.56 41.0
5485.35 45.0
5486.14 47.0
5486.94 46.0
5487.74 39.0
5488.54 36.0
5489.34 35.0
5490.13 31.0
5490.93 27.5
5491.72 29.0
5492.51 35.5
5493.31 40.5
5494.1 38.0
5494.9 32.5
5495.7 32.5
5496.5 39.0
5497.29 44.5
5498.08 45.0
5498.87 46.5
5499.66 46.0
5500.46 40.5
5501.26 35.0
5502.04 35.5
5502.83 41.5
5503.63 43.5
5504.43 39.5
5505.22 34.0
5506.01 32.5
5506.81 39.0
5507.61 43.0
5508.41 41.0
5509.19 35.0
5509.98 31.5
5510.78 31.0
5511.58 30.5
5512.38 33.0
5513.16 39.5
5513.96 40.0
5514.76 36.0
5515.56 32.0
5516.35 34.0
5517.14 43.0
5517.94 43.5
5518.74 44.0
5519.54 47.0
5520.33 46.0
5521.12 39.0
5521.92 32.5
5522.72 35.5
5523.51 42.0
5524.3 41.0
5525.09 36.0
5525.88 32.0
5526.68 29.5
5527.47 29.0
5528.26 30.0
5529.06 34.5
5529.86 41.5
5530.65 47.0
5531.44 49.0
5532.23 45.5
5533.02 38.0
5533.82 30.5
5534.61 33.5
5535.41 42.5
5536.2 45.0
5536.98 41.0
5537.78 34.0
5538.58 29.5
5539.38 27.0
5540.17 27.5
5540.97 29.0
5541.76 26.0
5542.56 23.0
5543.36 23.0
5544.15 23.0
5544.95 22.5
5545.74 23.5
5546.54 21.5
5547.34 20.5
5548.14 21.5
5548.94 20.5
5549.74 18.0
5550.54 20.0
5551.34 22.5
5552.12 20.5
5552.92 22.5
5553.72 19.5
5554.52 18.0
5555.32 18.0
5556.1 16.5
5556.9 19.5
5557.7 20.5
5558.5 20.5
5559.28 20.5
5560.07 19.0
5560.86 18.5
5561.66 18.5
5562.46 16.5
5563.24 16.5
5564.03 16.0
5564.82 14.5
5565.62 15.0
5566.42 16.5
5567.22 19.0
5568.01 17.5
5568.8 18.0
5569.59 19.5
5570.38 19.5
5571.18 21.0
5571.98 21.0
5572.78 17.5
5573.57 17.5
5574.37 21.0
5575.16 21.0
5575.96 21.0
5576.75 21.0
5577.54 21.0
5578.34 21.0
5579.14 20.5
5579.94 20.5
5580.73 19.5
5581.53 19.0
5582.33 20.5
5583.12 19.0
5583.92 19.0
5584.71 19.5
5585.51 19.5
5586.31 18.0
5587.1 15.0
5587.9 18.0
5588.7 19.5
5589.5 18.0
5590.29 17.0
5591.07 18.5
5591.86 20.5
5592.66 20.5
5593.46 21.0
5594.26 21.0
5595.04 18.5
5595.84 18.0
5596.64 20.0
5597.44 20.5
5598.22 18.0
5599.01 17.5
5599.81 20.5
5600.61 19.5
5601.41 18.0
5602.19 18.0
5602.98 18.0
5603.78 19.5
5604.58 19.5
5605.38 18.0
5606.16 18.0
5606.96 19.5
5607.76 20.5
5608.56 20.0
5609.35 20.0
5610.14 20.5
5610.94 18.5
5611.74 18.5
5612.54 18.0
5613.33 18.0
5614.12 21.0
5614.92 18.0
5615.72 15.5
5616.51 18.0
5617.31 20.5
5618.1 21.0
5618.9 21.0
5619.7 20.5
5620.49 17.0
5621.28 14.0
5622.07 17.5
5622.86 19.5
5623.66 17.5
5624.46 15.5
5625.25 17.5
5626.04 21.0
5626.83 18.5
5627.63 18.5
5628.43 21.0
5629.22 19.5
5630.01 19.5
5630.8 21.0
5631.59 17.5
5632.39 16.0
5633.19 19.5
5633.98 21.0
5634.78 17.5
5635.58 14.0
5636.38 14.0
5637.16 17.5
5637.95 20.5
5638.75 20.5
5639.55 18.5
5640.35 17.0
5641.14 16.0
5641.94 14.0
5642.74 17.5
5643.54 18.0
5644.33 18.0
5645.11 17.5
5645.91 17.5
5646.71 22.5
5647.51 22.0
5648.3 18.0
5649.09 18.5
5649.88 21.0
5650.68 17.5
5651.47 14.0
5652.26 17.5
5653.05 21.0
5653.84 21.0
5654.64 17.5
5655.43 14.5
5656.22 14.5
5657.02 14.0
5657.82 17.0
5658.61 20.0
5659.41 18.5
5660.2 19.0
5660.98 18.5
5661.78 16.0
5662.57 16.0
5663.37 18.5
5664.16 21.0
5664.96 17.5
5665.75 14.0
5666.55 15.0
5667.35 18.5
5668.14 20.5
5668.94 19.0
5669.73 16.0
5670.53 17.5
5671.33 17.5
5672.12 15.5
5672.92 19.0
5673.72 21.0
5674.52 19.0
5675.32 15.5
5676.1 16.0
5676.9 16.0
5677.69 14.0
5678.49 15.0
5679.28 16.0
5680.06 18.5
5680.86 21.0
5681.66 17.5
5682.46 15.0
5683.24 18.5
5684.02 19.5
5684.82 16.0
5685.62 17.0
5686.42 20.5
5687.2 17.5
5687.98 17.5
5688.78 17.5
5689.58 17.0
5690.38 20.0
5691.16 17.5
5691.96 15.5
5692.76 18.5
5693.56 17.5
5694.35 14.0
5695.14 17.5
5695.94 17.5
5696.74 16.0
5697.54 16.5
5698.33 18.0
5699.12 19.5
5699.92 19.5
5700.72 18.0
5701.51 18.0
5702.31 19.0
5703.1 19.0
5703.9 19.0
5704.7 19.0
5705.49 21.0
5706.28 18.5
5707.07 15.0
5707.86 14.5
5708.66 18.0
5709.46 17.5
5710.25 16.0
5711.04 16.5
5711.83 18.0
5712.63 16.0
5713.43 15.5
5714.22 20.0
5715.01 18.5
5715.8 19.0
5716.59 21.0
5717.39 21.0
5718.18 21.0
5718.98 20.5
5719.78 20.5
5720.58 17.5
5721.38 15.0
5722.16 18.0
5722.95 18.0
5723.75 18.5
5724.55 18.0
5725.35 14.5
5726.14 15.0
5726.94 18.0
5727.74 20.5
5728.54 17.5
5729.33 17.5
5730.11 17.5
5730.91 15.0
5731.71 18.5
5732.51 19.0
5733.3 19.0
5734.09 17.5
5734.88 14.5
5735.68 14.5
5736.47 14.0
5737.26 17.0
5738.05 18.0
5738.84 15.0
5739.64 17.5
5740.43 21.0
5741.22 18.5
5742.02 16.0
5742.82 18.5
5743.61 20.5
5744.41 17.0
5745.2 17.5
5745.98 17.5
5746.78 17.5
5747.57 21.0
5748.37 17.5
5749.16 14.0
5749.96 17.0
5750.75 17.0
5751.55 17.5
5752.35 18.0
5753.14 18.0
5753.94 21.0
5754.74 18.5
5755.54 18.5
5756.34 16.0
5757.13 12.5
5757.93 17.0
5758.73 18.0
5759.53 18.5
5760.33 21.0
5761.11 16.0
5761.9 12.5
5762.7 14.5
5763.49 18.0
5764.28 21.0
5765.06 17.5
5765.86 15.5
5766.66 15.5
5767.46 17.0
5768.24 20.5
5769.02 18.5
5769.82 16.0
5770.62 18.5
5771.42 18.5
5772.2 18.5
5772.98 17.5
5773.78 15.0
5774.58 18.5
5775.38 20.5
5776.16 20.5
5776.96 18.0
5777.76 15.5
5778.56 18.0
5779.35 18.0
5780.14 15.0
5780.94 17.0
5781.74 20.5
5782.54 18.5
5783.33 15.0
5784.12 15.5
5784.92 15.5
5785.72 17.0
5786.51 17.0
5787.31 17.0
5788.1 17.0
5788.9 15.0
5789.7 15.0
5790.49 14.5
5791.28 18.0
5792.07 21.0
5792.86 20.5
5793.66 18.0
5794.46 18.5
5795.25 21.0
5796.04 20.5
5796.83 20.0
5797.63 19.5
5798.43 16.5
5799.22 16.5
5800.01 19.5
5800.8 18.0
5801.59 16.0
5802.39 18.5
5803.18 21.0
5803.97 17.5
5804.77 15.0
5805.57 18.5
5806.37 17.5
5807.15 15.0
5807.94 16.0
5808.74 18.5
5809.54 18.0
5810.34 15.5
5811.13 18.5
5811.93 17.5
5812.73 15.0
5813.53 18.5
5814.32 20.5
5815.1 19.5
5815.9 17.5
5816.7 16.0
5817.5 18.5
5818.28 18.5
5819.07 15.0
5819.86 16.5
5820.66 18.5
5821.46 16.0
5822.24 17.5
5823.03 21.0
5823.83 21.0
5824.63 16.0
5825.42 12.5
5826.22 16.5
5827.01 20.0
5827.81 18.0
5828.6 18.0
5829.39 18.0
5830.18 16.0
5830.98 19.0
5831.77 21.0
5832.56 21.0
5833.36 19.0
5834.15 16.0
5834.95 15.5
5835.74 15.0
5836.54 17.5
5837.34 19.0
5838.14 19.0
5838.94 18.0
5839.73 15.0
5840.53 14.5
5841.33 17.0
5842.12 17.0
5842.92 17.5
5843.72 21.0
5844.52 17.5
5845.32 17.5
5846.1 21.0
5846.9 21.0
5847.7 17.5
5848.5 15.0
5849.3 18.5
5850.08 17.5
5850.87 14.0
5851.67 17.0
5852.47 20.5
5853.26 16.0
5854.04 15.5
5854.83 18.0
5855.63 18.5
5856.43 18.5
5857.22 18.5
5858.01 20.5
5858.8 18.0
5859.59 16.0
5860.38 13.5
5861.17 13.5
5861.97 18.5
5862.77 18.5
5863.57 18.5
5864.36 20.5
5865.15 20.0
5865.95 20.5
5866.75 18.5
5867.54 15.0
5868.34 14.5
5869.13 18.0
5869.93 17.5
5870.73 15.0
5871.53 18.5
5872.33 18.5
5873.12 15.0
5873.92 15.0
5874.71 16.0
5875.5 15.0
5876.3 14.0
5877.09 17.5
5877.88 21.0
5878.67 21.0
5879.47 18.0
5880.26 18.0
5881.06 21.0
5881.85 21.0
5882.64 21.0
5883.44 17.5
5884.23 17.5
5885.02 17.5
5885.81 14.5
5886.61 14.5
5887.41 17.0
5888.2 17.0
5888.98 14.0
5889.78 17.5
5890.58 20.0
5891.38 17.5
5892.16 18.5
5892.95 18.5
5893.75 18.5
5894.55 19.5
5895.35 16.0
5896.14 17.0
5896.94 17.0
5897.74 17.0
5898.54 20.5
5899.33 20.0
5900.11 17.5
5900.91 18.5
5901.71 17.5
5902.51 17.0
5903.3 18.0
5904.09 18.5
5904.88 18.5
5905.68 18.5
5906.47 21.0
5907.26 17.5
5908.05 17.5
5908.84 21.0
5909.64 21.0
5910.43 21.0
5911.22 18.5
5912.02 16.0
5912.82 17.0
5913.61 17.5
5914.41 16.5
5915.2 15.0
5915.98 15.0
5916.78 18.5
5917.58 21.0
5918.38 17.5
5919.17 17.5
5919.97 17.5
5920.76 16.5
5921.55 20.0
5922.35 17.5
5923.14 17.5
5923.94 17.5
5924.74 14.0
5925.54 17.0
5926.34 20.5
5927.13 18.5
5927.93 18.0
5928.72 18.0
5929.52 18.5
5930.32 21.0
5931.11 20.5
5931.91 20.5
5932.71 18.0
5933.51 14.5
5934.31 15.0
5935.1 16.0
5935.9 16.0
5936.7 16.0
5937.5 18.5
5938.3 18.0
5939.08 18.0
5939.87 21.0
5940.67 17.5
5941.47 12.5
5942.26 16.0
5943.05 20.5
5943.84 17.0
5944.64 15.0
5945.43 15.0
5946.22 14.0
5947.01 14.5
5947.81 14.5
5948.61 17.0
5949.41 20.5
5950.2 21.0
5950.98 17.5
5951.78 17.0
5952.58 18.0
5953.37 16.0
5954.16 16.0
5954.96 18.5
5955.76 16.0
5956.55 12.5
5957.35 17.0
5958.14 18.0
5958.94 17.5
5959.74 20.0
5960.54 17.5
5961.34 17.5
5962.13 18.5
5962.93 18.5
5963.72 18.5
5964.52 18.0
5965.32 20.5
5966.11 21.0
5966.91 18.0
5967.7 18.0
5968.5 21.0
5969.3 17.5
5970.09 17.5
5970.88 21.0
5971.68 17.5
5972.48 15.0
5973.27 16.0
5974.06 18.5
5974.85 21.0
5975.65 16.0
5976.45 13.5
5977.24 15.0
5978.02 15.0
5978.82 15.0
5979.62 15.0
5980.42 15.5
5981.2 14.5
5981.98 15.0
5982.78 18.5
5983.58 21.0
5984.38 18.5
5985.18 16.0
5985.97 18.5
5986.77 20.0
5987.57 19.5
5988.36 18.0
5989.14 18.5
5989.94 17.5
5990.74 16.0
5991.54 19.0
5992.34 20.0
5993.13 17.0
5993.93 15.5
5994.73 16.5
5995.53 18.0
5996.32 17.5
5997.11 16.0
5997.91 19.0
5998.71 17.5
5999.51 14.0
6000.31 17.5
6001.1 17.5
6001.9 14.5
6002.7 15.5
6003.49 15.0
6004.29 15.0
6005.08 16.0
6005.87 16.5
6006.66 19.0
6007.46 21.0
6008.26 20.5
6009.05 17.0
6009.84 16.5
6010.64 20.0
6011.44 18.5
6012.23 18.0
6013.02 17.5
6013.81 18.0
6014.61 18.5
6015.41 18.5
6016.2 21.0
6016.98 16.0
6017.78 15.5
6018.58 20.5
6019.38 17.5
6020.18 15.5
6020.96 19.0
6021.76 21.0
6022.56 18.0
6023.36 15.5
6024.14 16.0
6024.94 18.0
6025.74 20.5
6026.54 16.0
6027.34 16.0
6028.12 18.0
6028.92 18.0
6029.72 21.0
6030.52 18.0
6031.31 18.0
6032.1 17.5
6032.9 14.0
6033.7 17.5
6034.49 20.5
6035.27 15.5
6036.06 13.0
6036.86 18.0
6037.66 17.5
6038.46 14.0
6039.25 17.5
6040.04 21.0
6040.83 17.5
6041.62 16.5
6042.42 20.0
6043.21 21.0
6044.0 19.0
6044.79 18.5
6045.58 18.0
6046.38 18.5
6047.18 21.0
6047.97 21.0
6048.76 20.5
6049.55 17.0
6050.35 17.5
6051.14 18.5
6051.94 18.5
6052.74 21.0
6053.54 17.5
6054.34 17.0
6055.13 18.0
6055.93 18.0
6056.72 18.5
6057.52 17.5
6058.32 19.5
6059.11 21.0
6059.91 17.5
6060.71 17.0
6061.51 20.5
6062.31 16.0
6063.1 12.5
6063.9 14.0
6064.7 17.0
6065.5 20.5
6066.3 18.0
6067.08 15.5
6067.87 16.0
6068.67 18.5
6069.47 21.0
6070.26 17.5
6071.05 14.0
6071.85 17.5
6072.65 19.0
6073.45 15.5
6074.23 12.5
6075.02 16.0
6075.82 21.0
6076.62 16.0
6077.43 15.5
6078.22 17.0
6079.01 14.0
6079.81 14.0
6080.61 17.5
6081.4 21.0
6082.18 20.5
6082.98 17.0
6083.78 15.0
6084.57 18.0
6085.37 20.5
6086.16 21.0
6086.96 17.5
6087.75 17.5
6088.54 21.0
6089.34 17.5
6090.14 14.0
6090.94 17.5
6091.73 18.5
6092.53 18.0
6093.33 20.5
6094.12 18.5
6094.92 16.0
6095.71 15.0
6096.51 14.0
6097.31 17.0
6098.1 17.0
6098.9 17.5
6099.7 17.5
6100.5 15.0
6101.3 18.0
6102.08 20.0
6102.87 18.0
6103.67 18.5
6104.47 17.5
6105.26 12.5
6106.05 15.5
6106.84 18.0
6107.64 18.5
6108.44 17.5
6109.22 17.5
6110.01 21.0
6110.81 20.5
6111.61 17.5
6112.41 18.0
6113.19 19.0
6113.98 19.0
6114.78 20.0
6115.58 16.5
6116.38 14.5
6117.16 15.5
6117.96 18.0
6118.76 20.5
6119.56 21.0
6120.35 21.0
6121.14 17.5
6121.94 14.0
6122.74 15.0
6123.54 15.5
6124.34 15.5
6125.13 16.0
6125.93 15.0
6126.73 15.0
6127.53 16.5
6128.33 19.0
6129.12 21.0
6129.92 18.0
6130.71 17.0
6131.51 16.5
6132.31 14.0
6133.1 14.0
6133.9 17.5
6134.7 20.5
6135.5 20.0
6136.3 15.5
6137.09 12.5
6137.88 15.5
6138.67 16.0
6139.47 15.5
6140.26 17.5
6141.06 16.5
6141.85 14.0
6142.65 17.5
6143.45 17.5
6144.24 14.0
6145.02 15.0
6145.82 16.0
6146.62 18.5
6147.42 18.0
6148.21 18.0
6148.99 17.5
6149.79 17.5
6150.59 17.5
6151.39 17.5
6152.18 16.0
6152.97 12.5
6153.77 15.0
6154.57 18.5
6155.37 17.5
6156.15 17.0
6156.95 20.5
6157.75 18.5
6158.55 18.5
6159.35 21.0
6160.14 20.5
6160.94 17.5
6161.74 14.5
6162.54 17.5
6163.33 20.5
6164.12 18.0
6164.92 18.5
6165.72 17.5
6166.52 14.0
6167.31 17.0
6168.1 17.0
6168.9 17.0
6169.7 18.0
6170.49 15.0
6171.29 17.0
6172.08 17.0
6172.87 17.5
6173.66 18.5
6174.46 18.5
6175.26 21.0
6176.05 21.0
6176.84 21.0
6177.63 20.5
6178.43 20.5
6179.22 17.5
6180.02 17.5
6180.81 21.0
6181.61 18.0
6182.41 14.5
6183.2 14.0
6183.98 17.0
6184.78 20.0
6185.58 20.5
6186.38 19.0
6187.17 19.0
6187.96 19.0
6188.76 18.5
6189.56 17.0
6190.36 15.0
6191.14 16.0
6191.94 16.0
6192.74 18.0
6193.54 17.0
6194.34 14.0
6195.12 14.0
6195.92 15.0
6196.72 18.5
6197.52 17.5
6198.31 17.5
6199.1 20.5
6199.9 19.5
6200.7 17.5
6201.5 16.0
6202.29 18.5
6203.08 16.0
6203.87 14.0
6204.67 19.0
6205.46 21.0
6206.25 21.5
6207.04 21.5
6207.83 21.0
6208.63 18.0
6209.42 14.5
6210.22 15.0
6211.01 18.0
6211.81 20.5
6212.6 20.5
6213.39 17.0
6214.18 14.0
6214.98 12.5
6215.77 16.0
6216.56 18.5
6217.36 18.5
6218.15 18.5
6218.95 18.5
6219.74 18.5
6220.54 18.5
6221.34 18.5
6222.14 15.5
6222.94 18.0
6223.73 17.5
6224.53 14.0
6225.33 17.5
6226.12 20.5
6226.92 17.0
6227.72 15.0
6228.52 18.0
6229.32 19.5
6230.1 17.0
6230.9 16.5
6231.7 19.0
6232.5 15.5
6233.3 11.0
6234.08 16.0
6234.87 20.5
6235.67 19.5
6236.47 17.0
6237.26 17.5
6238.04 18.0
6238.83 17.0
6239.63 19.5
6240.43 18.5
6241.22 15.0
6242.01 17.5
6242.8 18.0
6243.59 16.5
6244.38 17.5
6245.17 16.0
6245.96 14.5
6246.76 17.5
6247.56 18.0
6248.35 17.5
6249.14 16.5
6249.94 15.5
6250.74 19.5
6251.54 19.0
6252.33 19.0
6253.12 19.0
6253.92 16.5
6254.72 15.0
6255.51 16.0
6256.31 16.0
6257.1 12.5
6257.9 13.0
6258.7 17.0
6259.49 17.5
6260.29 13.5
6261.08 13.5
6261.87 18.5
6262.66 18.5
6263.46 15.0
6264.26 14.5
6265.05 18.0
6265.84 21.0
6266.64 18.0
6267.44 15.5
6268.23 15.5
6269.02 15.5
6269.81 15.0
6270.61 15.0
6271.41 18.5
6272.2 19.5
6272.98 19.0
6273.78 18.0
6274.58 15.0
6275.38 14.5
6276.17 14.5
6276.95 17.0
6277.75 19.5
6278.55 17.0
6279.35 15.5
6280.14 18.0
6280.94 18.5
6281.74 17.0
6282.54 17.0
6283.33 14.0
6284.11 13.5
6284.91 18.0
6285.71 20.0
6286.51 17.0
6287.3 17.5
6288.09 18.0
6288.88 14.5
6289.68 17.5
6290.47 17.5
6291.26 17.0
6292.05 20.0
6292.84 20.5
6293.64 16.0
6294.43 14.5
6295.22 14.5
6296.02 12.5
6296.82 17.0
6297.61 19.0
6298.41 16.0
6299.2 16.0
6299.98 17.5
6300.78 16.5
6301.58 15.0
6302.38 14.5
6303.17 18.0
6303.96 19.5
6304.76 19.5
6305.55 18.0
6306.35 14.5
6307.14 14.5
6307.94 15.5
6308.74 15.0
6309.54 17.0
6310.34 20.5
6311.13 21.0
6311.93 18.0
6312.72 18.0
6313.52 17.5
6314.32 14.0
6315.11 17.5
6315.91 18.0
6316.71 15.5
6317.51 17.0
6318.31 16.5
6319.1 17.0
6319.9 18.0
6320.7 17.5
6321.5 16.5
6322.3 16.5
6323.08 17.5
6323.87 18.5
6324.67 20.5
6325.47 19.0
6326.26 19.0
6327.05 21.0
6327.84 21.0
6328.64 21.0
6329.43 16.0
6330.22 16.0
6331.01 21.0
6331.81 20.0
6332.61 17.5
6333.41 18.5
6334.2 18.5
6334.98 17.0
6335.78 17.0
6336.58 16.0
6337.37 16.0
6338.17 15.0
6338.96 15.0
6339.76 18.5
6340.55 21.0
6341.35 17.5
6342.14 17.5
6342.94 17.5
6343.74 14.0
6344.54 12.5
6345.34 16.0
6346.13 20.5
6346.93 20.5
6347.72 19.5
6348.52 19.5
6349.32 17.5
6350.11 14.0
6350.91 17.0
6351.71 17.5
6352.51 17.5
6353.31 20.5
6354.1 21.0
6354.9 21.0
6355.7 17.5
6356.5 15.0
6357.3 18.5
6358.08 18.5
6358.87 16.0
6359.67 18.5
6360.47 18.0
6361.26 18.0
6362.05 18.5
6362.84 13.5
6363.64 16.0
6364.44 17.5
6365.22 17.5
6366.01 17.5
6366.81 14.0
6367.61 15.0
6368.41 18.0
6369.19 17.0
6369.98 15.5
6370.78 15.5
6371.58 17.5
6372.38 21.0
6373.17 17.5
6373.96 17.0
6374.76 20.5
6375.56 17.5
6376.35 16.5
6377.14 20.0
6377.94 19.5
6378.74 16.0
6379.54 12.5
6380.34 16.0
6381.13 18.5
6381.93 18.5
6382.73 17.5
6383.53 15.0
6384.33 18.5
6385.12 20.5
6385.92 20.5
6386.71 21.0
6387.51 17.5
6388.31 17.0
6389.1 17.0
6389.9 15.0
6390.7 15.0
6391.5 15.0
6392.3 18.0
6393.09 18.0
6393.88 16.0
6394.67 15.0
6395.47 15.0
6396.26 13.5
6397.06 11.0
6397.85 13.5
6398.65 18.5
6399.45 19.5
6400.24 19.5
6401.02 17.5
6401.81 15.0
6402.61 18.5
6403.41 17.5
6404.2 17.5
6404.98 20.5
6405.78 20.5
6406.58 18.5
6407.38 18.5
6408.16 19.5
6408.96 16.5
6409.76 17.5
6410.56 20.5
6411.35 18.0
6412.14 14.5
6412.94 14.0
6413.74 15.0
6414.54 18.5
6415.33 17.5
6416.12 16.5
6416.92 20.0
6417.72 17.5
6418.51 16.5
6419.3 20.0
6420.09 18.5
6420.88 18.5
6421.68 20.5
6422.47 19.5
6423.26 19.5
6424.06 20.5
6424.85 18.5
6425.64 13.5
6426.43 12.5
6427.22 16.5
6428.02 20.0
6428.81 18.5
6429.6 16.0
6430.39 15.0
6431.18 14.0
6431.98 15.0
6432.77 13.5
6433.56 14.0
6434.36 16.0
6435.15 14.5
6435.95 15.0
6436.74 16.0
6437.54 18.5
6438.34 20.0
6439.14 18.5
6439.94 16.5
6440.73 16.5
6441.53 17.0
6442.33 18.5
6443.12 21.0
6443.91 18.5
6444.71 18.5
6445.51 17.5
6446.31 14.0
6447.1 17.5
6447.89 20.5
6448.69 20.5
6449.49 18.0
6450.29 15.5
6451.07 18.5
6451.86 18.5
6452.66 18.5
6453.46 21.0
6454.25 18.5
6455.04 13.5
6455.83 11.0
6456.63 16.0
6457.42 21.0
6458.21 17.5
6459.0 14.0
6459.79 14.5
6460.59 15.5
6461.38 15.0
6462.18 17.5
6462.97 21.0
6463.77 17.5
6464.56 17.5
6465.35 21.0
6466.14 20.5
6466.94 17.5
6467.74 15.5
6468.54 15.0
6469.34 15.0
6470.13 15.0
6470.93 17.5
6471.72 21.0
6472.51 21.0
6473.31 18.0
6474.1 18.0
6474.9 21.0
6475.69 21.0
6476.49 17.5
6477.29 15.0
6478.08 16.0
6478.87 15.0
6479.66 17.5
6480.46 17.5
6481.26 16.5
6482.05 20.0
6482.83 18.5
6483.63 18.5
6484.43 18.0
6485.22 18.0
6486.01 16.0
6486.8 14.5
6487.59 19.5
6488.39 17.5
6489.18 17.0
6489.96 17.0
6490.76 15.0
6491.56 18.5
6492.36 19.0
6493.14 16.5
6493.94 16.0
6494.74 18.5
6495.54 18.0
6496.34 18.0
6497.12 17.5
6497.92 17.5
6498.72 17.5
6499.52 15.0
6500.31 16.0
6501.1 15.0
6501.9 14.0
6502.69 17.5
6503.48 21.0
6504.27 20.5
6505.06 20.5
6505.86 18.5
6506.66 17.5
6507.45 20.0
6508.24 19.0
6509.03 15.5
6509.82 14.0
6510.62 17.5
6511.42 17.5
6512.21 14.5
6513.0 14.5
6513.79 17.5
6514.58 21.0
6515.38 16.0
6516.18 13.0
6516.97 18.0
6517.76 21.0
6518.55 21.0
6519.35 17.5
6520.14 14.0
6520.94 15.0
6521.74 16.0
6522.54 18.0
6523.34 20.5
6524.13 20.5
6524.93 20.5
6525.72 20.5
6526.52 20.5
6527.32 16.0
6528.11 16.0
6528.9 21.0
6529.7 18.5
6530.49 16.0
6531.29 18.5
6532.07 17.5
6532.86 17.5
6533.66 18.0
6534.46 15.5
6535.25 18.5
6536.03 16.0
6536.82 13.5
6537.62 18.5
6538.42 21.0
6539.21 17.5
6540.0 15.5
6540.79 19.0
6541.59 17.5
6542.38 14.0
6543.17 15.0
6543.96 15.0
6544.76 15.0
6545.56 18.5
6546.35 18.5
6547.14 16.0
6547.94 18.5
6548.74 21.0
6549.54 21.0
6550.33 18.5
6551.12 15.0
6551.92 17.5
6552.72 17.5
6553.51 15.5
6554.31 14.0
6555.1 11.0
6555.9 15.5
6556.7 20.0
6557.49 18.0
6558.29 18.5
6559.08 21.0
6559.87 21.0
6560.66 18.5
6561.46 18.5
6562.26 21.0
6563.05 18.5
6563.84 15.0
6564.63 14.0
6565.43 15.0
6566.22 13.5
6567.02 13.0
6567.81 18.0
6568.61 17.5
6569.41 15.0
6570.2 15.0
6570.98 14.5
6571.78 14.5
6572.58 17.0
6573.38 20.5
6574.16 18.5
6574.95 13.5
6575.75 15.5
6576.55 20.5
6577.35 17.5
6578.14 17.0
6578.94 20.5
6579.74 19.0
6580.54 16.5
6581.33 15.0
6582.11 17.5
6582.91 18.0
6583.71 14.5
6584.51 15.0
6585.3 15.0
6586.09 15.0
6586.88 16.0
6587.68 18.0
6588.47 17.0
6589.26 17.5
6590.05 21.0
6590.84 18.5
6591.64 18.5
6592.43 21.0
6593.22 20.5
6594.02 15.5
6594.82 14.0
6595.61 16.5
6596.41 18.5
6597.2 21.0
6597.98 17.5
6598.78 15.0
6599.58 16.0
6600.38 18.5
6601.17 18.5
6601.96 15.0
6602.75 12.5
6603.54 13.0
6604.34 14.5
6605.14 14.5
6605.94 14.5
6606.73 14.0
6607.53 15.0
6608.33 18.5
6609.12 20.5
6609.92 20.5
6610.71 18.5
6611.51 18.5
6612.31 17.5
6613.1 16.0
6613.9 19.5
6614.69 18.5
6615.49 18.5
6616.29 17.5
6617.08 15.0
6617.87 18.5
6618.67 17.5
6619.47 17.0
6620.27 20.5
6621.06 17.5
6621.86 15.0
6622.66 18.5
6623.46 21.0
6624.24 16.0
6625.03 13.0
6625.82 18.0
6626.62 17.5
6627.42 14.0
6628.2 14.0
6628.98 17.5
6629.78 21.0
6630.58 17.5
6631.38 17.5
6632.17 21.0
6632.96 20.5
6633.76 17.5
6634.55 18.0
6635.34 19.0
6636.14 19.0
6636.94 16.0
6637.74 16.0
6638.54 19.0
6639.34 15.5
6640.13 14.0
6640.93 14.0
6641.72 14.0
6642.51 17.5
6643.31 17.5
6644.1 17.5
6644.9 17.5
6645.7 17.5
6646.5 16.0
6647.3 13.5
6648.09 15.0
6648.88 17.5
6649.67 21.0
6650.47 18.5
6651.27 18.5
6652.06 21.0
6652.86 21.0
6653.66 16.0
6654.46 13.5
6655.25 13.5
6656.03 16.0
6656.82 18.5
6657.62 18.5
6658.42 17.5
6659.22 17.5
6660.0 18.5
6660.79 16.0
6661.59 18.5
6662.39 19.0
6663.18 15.5
6663.96 17.5
6664.76 17.5
6665.56 15.0
6666.36 18.5
6667.14 19.0
6667.94 16.5
6668.74 16.0
6669.54 18.5
6670.34 20.5
6671.12 20.5
6671.92 17.5
6672.72 15.0
6673.52 18.5
6674.31 18.5
6675.1 13.5
6675.9 15.5
6676.7 20.0
6677.49 20.0
6678.29 18.5
6679.08 19.0
6679.87 21.0
6680.66 18.5
6681.46 15.0
6682.25 16.0
6683.04 19.5
6683.83 21.0
6684.62 18.5
6685.42 18.5
6686.22 21.0
6687.01 21.0
6687.8 18.5
6688.59 13.5
6689.39 16.0
6690.18 20.5
6690.98 17.0
6691.77 14.0
6692.57 15.0
6693.37 18.0
6694.16 18.0
6694.94 18.5
6695.74 21.0
6696.54 17.5
6697.34 17.5
6698.13 21.0
6698.93 17.5
6699.73 15.0
6700.53 18.0
6701.33 20.5
6702.11 16.0
6702.91 15.5
6703.71 20.5
6704.51 17.5
6705.31 15.0
6706.1 18.5
6706.9 18.0
6707.7 15.5
6708.5 18.5
6709.29 18.5
6710.07 18.5
6710.86 20.0
6711.66 15.0
6712.46 15.5
6713.25 19.0
6714.04 17.5
6714.83 19.0
6715.63 16.0
6716.42 12.5
6717.21 17.5
6718.0 18.0
6718.79 18.0
6719.59 17.5
6720.38 16.5
6721.18 20.0
6721.97 21.0
6722.77 21.0
6723.56 21.0
6724.36 17.5
6725.16 15.5
6725.95 15.5
6726.74 15.0
6727.54 15.0
6728.34 14.0
6729.13 14.0
6729.93 15.0
6730.72 13.5
6731.52 13.5
6732.32 18.5
6733.11 21.0
6733.91 21.0
6734.7 20.5
6735.5 18.0
6736.3 18.5
6737.08 18.5
6737.87 16.0
6738.67 18.5
6739.47 17.5
6740.27 15.0
6741.06 18.5
6741.85 21.0
6742.65 17.5
6743.45 14.0
6744.24 12.5
6745.02 13.5
6745.82 13.5
6746.62 15.5
6747.42 20.5
6748.2 17.5
6748.98 15.0
6749.78 18.5
6750.58 17.5
6751.38 15.0
6752.17 18.5
6752.96 21.0
6753.76 21.0
6754.56 17.5
6755.35 14.5
6756.14 16.5
6756.94 19.5
6757.74 19.0
6758.54 15.5
6759.33 15.5
6760.12 19.0
6760.92 17.5
6761.72 15.0
6762.51 16.0
6763.3 15.0
6764.09 17.0
6764.88 18.0
6765.68 16.0
6766.47 16.0
6767.27 18.5
6768.06 21.0
6768.86 18.5
6769.65 15.0
6770.45 15.0
6771.24 16.0
6772.03 15.0
6772.82 14.0
6773.62 15.5
6774.42 16.5
6775.21 13.5
6776.0 11.0
6776.78 15.5
6777.58 15.5
6778.38 14.0
6779.18 16.5
6779.96 18.5
6780.75 21.0
6781.55 20.5
6782.35 17.0
6783.14 14.0
6783.94 17.5
6784.74 18.0
6785.54 13.0
6786.34 15.5
6787.12 17.0
6787.92 12.5
6788.72 13.5
6789.52 18.5
6790.32 19.5
6791.1 17.0
6791.9 18.5
6792.7 18.5
6793.5 18.5
6794.29 20.5
6795.07 20.5
6795.86 21.0
6796.66 17.5
6797.46 17.5
6798.25 17.5
6799.04 16.5
6799.83 20.0
6800.63 18.5
6801.42 15.0
6802.21 15.5
6803.0 16.5
6803.79 13.5
6804.59 13.5
6805.38 15.0
6806.18 15.5
6806.97 19.0
6807.77 17.5
6808.56 17.5
6809.36 17.5
6810.16 17.5
6810.95 17.5
6811.75 15.0
6812.54 15.0
6813.34 15.0
6814.14 16.0
6814.94 18.5
6815.73 21.0
6816.53 16.0
6817.33 16.0
6818.12 18.5
6818.92 18.5
6819.71 20.5
6820.51 20.5
6821.31 17.5
6822.1 14.5
6822.9 18.0
6823.69 18.5
6824.49 18.5
6825.29 20.0
6826.07 16.5
6826.86 14.0
6827.66 15.0
6828.46 18.5
6829.26 17.5
6830.05 15.0
6830.84 16.0
6831.64 18.0
6832.44 20.5
6833.22 17.5
6834.01 17.0
6834.81 18.5
6835.61 14.0
6836.41 15.5
6837.19 17.0
6837.98 14.5
6838.78 18.0
6839.58 21.0
6840.38 19.5
6841.16 18.0
6841.95 17.0
6842.75 18.0
6843.55 19.5
6844.34 17.5
6845.14 16.0
6845.94 16.5
6846.74 18.0
6847.53 19.0
6848.32 18.5
6849.11 17.0
6849.91 17.5
6850.71 19.5
6851.5 18.0
6852.3 16.0
6853.08 16.5
6853.87 18.0
6854.66 18.5
6855.46 17.0
6856.25 16.0
6857.04 16.0
6857.83 16.0
6858.62 16.5
6859.42 18.0
6860.22 17.5
6861.01 16.0
6861.8 17.5
6862.59 19.5
6863.39 18.0
6864.18 17.5
6864.97 19.0
6865.76 18.5
6866.56 16.5
6867.36 16.5
6868.15 17.0
6868.94 16.5
6869.74 18.5
6870.54 18.0
6871.34 16.0
6872.13 16.0
6872.93 18.0
6873.73 18.0
6874.53 16.0
6875.33 16.0
6876.11 16.0
6876.91 16.0
6877.71 16.0
6878.51 16.0
6879.3 16.0
6880.09 16.0
6880.88 16.5
6881.68 17.5
6882.48 17.0
6883.27 17.5
6884.06 19.5
6884.86 18.0
6885.66 16.5
6886.45 17.0
6887.23 16.0
6888.02 15.5
6888.82 16.0
6889.62 16.5
6890.42 18.0
6891.21 19.5
6892.0 19.0
6892.79 17.0
6893.58 16.0
6894.38 17.5
6895.17 19.0
6895.96 19.0
6896.76 17.5
6897.55 16.0
6898.35 16.0
6899.15 16.0
6899.94 16.0
6900.74 16.0
6901.53 16.0
6902.33 16.0
6903.12 16.0
6903.92 17.5
6904.71 18.0
6905.51 18.5
6906.31 19.5
6907.1 17.5
6907.9 16.0
6908.69 16.0
6909.49 16.0
6910.29 17.5
6911.08 18.5
6911.87 18.0
6912.67 18.5
6913.47 19.0
6914.27 17.5
6915.06 16.0
6915.85 16.0
6916.65 16.0
6917.45 16.0
6918.23 16.5
6919.02 18.0
6919.82 18.5
6920.62 17.0
6921.42 16.5
6922.2 17.0
6922.98 17.0
6923.78 18.0
6924.58 17.5
6925.38 16.0
6926.16 16.0
6926.95 17.0
6927.75 17.0
6928.55 16.0
6929.34 16.0
6930.14 16.0
6930.94 18.0
6931.74 18.0
6932.53 16.0
6933.32 16.0
6934.11 16.0
6934.91 16.5
6935.71 18.0
6936.5 17.5
6937.3 16.0
6938.09 17.5
6938.88 16.5
6939.67 16.5
6940.46 17.5
6941.26 15.5
6942.06 15.5
6942.86 15.5
6943.65 15.5
6944.45 16.5
6945.24 18.0
6946.03 17.0
6946.82 15.5
6947.62 16.0
6948.42 16.5
6949.21 17.0
6950.0 17.0
6950.78 17.0
6951.58 18.0
6952.38 17.5
6953.18 16.0
6953.96 16.0
6954.76 16.0
6955.56 15.0
6956.36 16.5
6957.15 17.5
6957.94 16.5
6958.74 16.5
6959.54 16.0
6960.34 18.0
6961.12 18.5
6961.92 16.5
6962.72 17.5
6963.52 17.5
6964.31 16.0
6965.1 15.5
6965.9 17.0
6966.7 17.0
6967.5 15.0
6968.29 16.5
6969.08 17.5
6969.87 16.5
6970.67 17.5
6971.46 18.0
6972.25 16.0
6973.04 16.0
6973.83 16.5
6974.63 15.5
6975.42 17.0
6976.22 17.0
6977.01 15.0
6977.81 15.5
6978.6 15.5
6979.39 15.0
6980.18 15.0
6980.98 17.0
6981.78 19.0
6982.57 19.0
6983.37 17.0
6984.16 15.5
6984.95 17.5
6985.74 17.5
6986.54 15.5
6987.34 15.5
6988.13 17.5
6988.93 17.5
6989.72 17.5
6990.52 19.0
6991.32 17.5
6992.11 16.5
6992.91 17.0
6993.7 16.5
6994.5 15.5
6995.3 15.0
6996.09 15.0
6996.88 15.0
6997.68 15.0
6998.48 15.5
6999.28 15.5
7000.06 15.0
7000.86 15.5
7001.66 16.0
7002.46 17.5
7003.26 17.5
7004.04 16.0
7004.83 16.5
7005.63 16.0
7006.43 15.0
7007.22 15.5
7008.01 15.5
7008.81 15.5
7009.61 16.0
7010.41 17.5
7011.19 17.0
7011.98 16.0
7012.78 16.5
7013.58 16.5
7014.38 18.0
7015.17 19.0
7015.96 17.5
7016.76 15.5
7017.55 15.5
7018.34 16.5
7019.14 16.0
7019.94 15.5
7020.74 17.5
7021.54 19.0
7022.34 17.5
7023.13 16.0
7023.93 16.0
7024.73 16.0
7025.53 15.0
7026.33 16.5
7027.12 19.0
7027.92 17.0
7028.71 17.0
7029.51 18.0
7030.31 17.0
7031.1 18.0
7031.9 19.0
7032.69 17.5
7033.49 16.5
7034.29 18.0
7035.08 16.5
7035.87 14.5
7036.67 15.0
7037.47 15.5
7038.27 15.5
7039.06 15.0
7039.85 15.0
7040.65 15.0
7041.45 15.5
7042.24 16.5
7043.02 16.0
7043.82 17.0
7044.62 17.0
7045.42 15.0
7046.2 15.0
7046.98 15.5
7047.78 17.5
7048.58 17.5
7049.38 15.5
7050.17 17.0
7050.96 17.0
7051.76 15.0
7052.56 15.5
7053.35 17.5
7054.14 17.5
7054.94 16.0
7055.74 16.5
7056.54 16.0
7057.33 17.0
7058.12 17.0
7058.92 15.5
7059.72 17.0
7060.51 17.5
7061.3 18.0
7062.09 19.0
7062.88 19.0
7063.68 17.5
7064.47 15.5
7065.27 15.5
7066.06 17.5
7066.86 18.0
7067.65 16.0
7068.44 15.5
7069.23 16.5
7070.02 16.5
7070.82 17.5
7071.61 17.5
7072.41 16.5
7073.2 16.5
7073.98 15.0
7074.78 14.5
7075.58 15.0
7076.38 16.0
7077.17 16.5
7077.95 16.0
7078.74 15.5
7079.54 15.0
7080.34 15.0
7081.14 15.5
7081.94 16.0
7082.74 16.0
7083.54 16.0
7084.34 16.5
7085.12 16.5
7085.92 16.5
7086.72 16.5
7087.52 17.5
7088.32 17.0
7089.1 15.0
7089.9 15.0
7090.7 17.0
7091.5 19.0
7092.29 18.5
7093.07 16.5
7093.86 15.0
7094.66 15.5
7095.46 16.5
7096.26 18.0
7097.05 17.0
7097.84 17.0
7098.64 17.0
7099.43 15.0
7100.22 15.0
7101.01 15.5
7101.81 16.0
7102.61 16.5
7103.41 16.0
7104.2 15.5
7104.98 16.0
7105.78 16.5
7106.58 16.0
7107.37 15.5
7108.16 17.5
7108.95 17.0
7109.75 15.5
7110.54 17.5
7111.34 17.5
7112.14 16.5
7112.94 18.0
7113.73 17.5
7114.53 17.5
7115.33 16.5
7116.12 15.5
7116.92 16.0
7117.71 15.5
7118.51 17.5
7119.31 17.0
7120.1 15.5
7120.9 17.5
7121.69 18.5
7122.49 17.5
7123.29 16.5
7124.08 17.5
7124.87 17.5
7125.67 17.5
7126.47 16.5
7127.27 14.5
7128.06 15.5
7128.85 16.5
7129.65 16.5
7130.45 17.5
7131.24 18.0
7132.02 17.5
7132.82 17.0
7133.62 16.0
7134.42 17.5
7135.21 17.5
7136.0 17.5
7136.79 17.5
7137.59 16.5
7138.38 16.5
7139.17 16.5
7139.96 16.5
7140.76 17.5
7141.56 17.5
7142.35 17.5
7143.14 17.5
7143.94 16.5
7144.74 16.5
7145.54 15.5
7146.34 16.0
7147.13 17.0
7147.93 16.5
7148.73 16.0
7149.53 16.0
7150.33 18.0
7151.12 18.5
7151.93 16.5
7152.73 16.0
7153.53 15.5
7154.33 16.5
7155.12 18.5
7155.92 17.5
7156.71 17.5
7157.51 17.0
7158.31 16.0
7159.1 16.0
7159.9 17.0
7160.69 17.5
7161.49 16.0
7162.29 17.0
7163.08 18.5
7163.87 17.5
7164.67 16.0
7165.47 15.5
7166.27 17.0
7167.06 19.0
7167.85 17.5
7168.65 16.0
7169.45 17.0
7170.24 18.5
7171.02 17.5
7171.82 16.0
7172.62 15.5
7173.42 16.5
7174.2 17.0
7174.98 15.5
7175.78 15.0
7176.58 16.0
7177.38 16.5
7178.17 18.5
7178.96 20.0
7179.76 19.0
7180.56 18.0
7181.35 16.5
7182.14 18.0
7182.94 20.5
7183.74 20.0
7184.54 19.0
7185.33 17.5
7186.12 16.0
7186.92 17.5
7187.72 17.5
7188.51 16.0
7189.3 16.0
7190.09 18.5
7190.88 20.0
7191.68 19.0
7192.47 18.0
7193.27 17.0
7194.06 16.5
7194.86 16.0
7195.65 16.0
7196.44 15.5
7197.23 15.5
7198.02 16.0
7198.82 17.5
7199.62 18.5
7200.42 17.0
7201.21 17.0
7202.0 18.0
7202.78 18.5
7203.58 19.0
7204.38 19.0
7205.18 19.5
7205.96 19.5
7206.75 17.5
7207.55 16.0
7208.35 16.0
7209.14 16.0
7209.93 17.0
7210.73 17.0
7211.53 16.0
7212.33 16.0
7213.11 16.0
7213.91 16.0
7214.71 16.0
7215.51 16.5
7216.31 16.5
7217.1 16.5
7217.9 18.0
7218.69 18.0
7219.49 17.0
7220.28 17.0
7221.06 16.5
7221.86 16.0
7222.66 16.0
7223.46 16.0
7224.26 16.0
7225.05 16.0
7225.84 16.0
7226.64 15.5
7227.43 15.5
7228.22 16.0
7229.01 16.0
7229.81 16.0
7230.61 16.5
7231.41 17.0
7232.2 18.0
7232.98 18.0
7233.78 17.0
7234.58 17.0
7235.37 18.0
7236.16 19.0
7236.95 17.5
7237.75 16.5
7238.54 17.0
7239.34 18.0
7240.14 19.0
7240.94 19.5
7241.73 20.0
7242.52 19.5
7243.32 17.5
7244.11 16.0
7244.91 16.0
7245.7 16.0
7246.5 16.0
7247.3 17.0
7248.09 18.0
7248.87 18.0
7249.67 17.0
7250.47 16.0
7251.27 16.0
7252.06 16.0
7252.85 16.0
7253.65 16.0
7254.45 16.5
7255.24 17.0
7256.02 16.5
7256.82 16.0
7257.62 17.5
7258.42 18.0
7259.2 17.0
7259.98 17.0
7260.78 18.5
7261.58 18.0
7262.38 17.5
7263.17 19.0
7263.96 17.5
7264.76 16.0
7265.56 15.5
7266.35 15.0
7267.14 15.0
7267.94 16.0
7268.74 16.5
7269.54 15.5
7270.33 15.5
7271.12 17.5
7271.92 19.0
7272.72 18.0
7273.51 16.5
7274.3 16.0
7275.09 17.5
7275.88 18.0
7276.68 16.5
7277.47 16.5
7278.27 17.0
7279.06 16.5
7279.86 16.0
7280.65 16.0
7281.44 17.5
7282.23 18.0
7283.02 16.5
7283.82 16.0
7284.61 16.0
7285.41 16.0
7286.2 15.5
7286.98 15.0
7287.78 17.0
7288.58 18.0
7289.38 18.0
7290.17 18.0
7290.95 16.5
7291.74 16.0
7292.54 17.0
7293.34 18.5
7294.14 18.0
7294.93 16.5
7295.73 16.0
7296.53 15.5
7297.33 15.5
7298.11 16.0
7298.91 16.0
7299.71 16.0
7300.51 16.0
7301.31 16.0
7302.1 16.5
7302.9 16.5
7303.7 16.0
7304.5 16.0
7305.29 16.0
7306.07 17.0
7306.86 16.0
7307.66 16.0
7308.46 18.5
7309.26 18.0
7310.05 16.5
7310.84 16.0
7311.64 16.0
7312.43 16.0
7313.22 15.5
7314.01 17.0
7314.81 18.5
7315.61 18.5
7316.41 18.0
7317.2 16.0
7317.98 17.0
7318.78 19.0
7319.58 18.0
7320.37 16.5
7321.16 16.0
7321.95 16.0
7322.75 16.0
7323.54 16.0
7324.34 16.0
7325.14 17.0
7325.94 18.0
7326.73 17.0
7327.53 16.0
7328.33 16.0
7329.12 16.0
7329.92 16.0
7330.71 16.0
7331.51 16.0
7332.31 16.5
7333.1 18.5
7333.9 19.0
7334.69 17.0
7335.49 16.0
7336.29 17.5
7337.08 17.5
7337.87 16.0
7338.67 18.0
7339.47 18.0
7340.27 16.5
7341.06 19.0
7341.85 21.0
7342.65 18.5
7343.45 16.5
7344.25 18.0
7345.03 19.0
7345.83 17.5
7346.63 16.0
7347.43 16.0
7348.22 16.5
7349.01 18.5
7349.81 18.0
7350.61 16.5
7351.41 18.0
7352.19 18.5
7352.98 17.0
7353.78 16.5
7354.58 18.0
7355.38 18.5
7356.17 17.0
7356.96 16.0
7357.76 16.5
7358.55 18.5
7359.34 18.0
7360.14 16.0
7360.93 16.5
7361.73 18.5
7362.52 18.0
7363.32 16.0
7364.11 17.5
7364.91 18.5
7365.7 17.0
7366.5 16.0
7367.3 16.0
7368.09 16.5
7368.88 18.5
7369.67 18.0
7370.47 16.5
7371.27 18.5
7372.06 18.0
7372.86 16.0
7373.65 17.5
7374.45 18.5
7375.25 17.0
7376.04 17.5
7376.83 17.5
7377.63 17.5
7378.43 17.5
7379.22 16.0
7380.01 16.0
7380.8 16.5
7381.59 18.5
7382.39 18.0
7383.18 16.5
7383.97 17.0
7384.77 18.0
7385.57 17.5
7386.37 16.5
7387.15 16.5
7387.94 16.0
7388.74 17.5
7389.54 17.5
7390.34 16.5
7391.12 18.0
7391.92 17.5
7392.72 17.5
7393.52 17.5
7394.31 16.5
7395.1 18.0
7395.9 17.5
7396.7 16.0
7397.5 16.5
7398.29 18.0
7399.08 19.5
7399.87 18.0
7400.67 16.5
7401.46 18.5
7402.26 18.0
7403.05 17.5
7403.84 19.5
7404.63 20.0
7405.42 18.0
7406.22 16.5
7407.01 16.5
7407.81 16.5
7408.61 18.5
7409.41 18.0
7410.2 17.5
7410.98 19.5
7411.78 18.0
7412.57 16.0
7413.37 18.0
7414.16 18.0
7414.95 16.0
7415.74 17.5
7416.54 19.0
7417.34 19.5
7418.14 18.0
7418.93 16.5
7419.72 17.0
7420.52 16.5
7421.32 16.0
7422.11 18.0
7422.91 18.0
7423.71 16.0
7424.51 17.5
7425.31 17.5
7426.1 16.0
7426.89 17.5
7427.69 17.5
7428.49 17.5
7429.29 17.5
7430.07 17.5
7430.86 19.0
7431.66 17.5
7432.46 16.0
7433.26 16.5
7434.04 17.0
7434.83 17.0
7435.63 18.0
7436.43 17.0
7437.22 15.0
7438.01 15.0
7438.81 15.5
7439.61 17.5
7440.41 18.5
7441.19 16.5
7441.98 15.5
7442.78 16.0
7443.58 16.5
7444.38 17.0
7445.17 18.0
7445.96 19.0
7446.76 17.0
7447.55 15.0
7448.34 15.5
7449.14 16.0
7449.93 16.0
7450.73 17.5
7451.53 19.0
7452.33 17.0
7453.12 15.5
7453.92 16.0
7454.71 16.5
7455.5 17.0
7456.3 18.0
7457.09 19.0
7457.88 17.0
7458.67 15.5
7459.47 16.0
7460.27 17.5
7461.06 19.0
7461.86 19.0
7462.66 17.5
7463.46 16.0
7464.26 17.5
7465.04 19.0
7465.83 17.0
7466.63 15.0
7467.43 15.5
7468.22 17.5
7469.01 18.0
7469.81 18.0
7470.61 19.0
7471.41 17.0
7472.19 15.0
7472.98 15.0
7473.78 15.5
7474.58 16.0
7475.38 16.5
7476.16 18.0
7476.95 19.0
7477.75 17.0
7478.55 14.5
7479.34 15.0
7480.14 16.0
7480.93 16.0
7481.73 17.5
7482.53 19.0
7483.32 17.0
7484.11 15.5
7484.91 17.5
7485.71 17.5
7486.51 15.0
7487.31 15.0
7488.1 16.0
7488.9 15.5
7489.7 17.0
7490.49 17.5
7491.29 16.0
7492.08 16.5
7492.87 18.0
7493.66 19.0
7494.46 19.5
7495.26 17.0
7496.05 15.0
7496.84 17.5
7497.63 18.0
7498.43 18.0
7499.22 19.0
7500.02 18.5
7500.81 17.0
7501.61 16.0
7502.41 17.5
7503.2 19.0
7503.98 19.0
7504.78 19.5
7505.58 18.0
7506.38 16.0
7507.17 17.0
7507.96 18.5
7508.75 17.5
7509.55 16.0
7510.35 16.0
7511.14 16.0
7511.93 16.0
7512.73 16.5
7513.53 18.0
7514.33 19.5
7515.14 19.0
7515.93 17.0
7516.73 16.0
7517.53 17.5
7518.33 17.5
7519.12 16.0
7519.93 16.0
7520.73 16.0
7521.53 16.5
7522.32 18.0
7523.1 19.0
7523.9 19.5
7524.7 18.0
7525.5 16.0
7526.29 16.0
7527.08 17.5
7527.87 18.5
7528.67 17.0
7529.46 16.0
7530.26 16.5
7531.05 17.0
7531.84 18.0
7532.63 19.0
7533.42 19.0
7534.22 17.0
7535.01 15.5
7535.81 16.0
7536.61 16.0
7537.41 16.0
7538.2 16.0
7538.98 16.0
7539.78 16.0
7540.57 16.0
7541.37 16.5
7542.16 18.0
7542.95 19.0
7543.74 20.0
7544.54 18.5
7545.34 16.0
7546.14 16.0
7546.93 17.5
7547.72 17.5
7548.52 16.5
7549.32 18.0
7550.11 18.0
7550.91 17.0
7551.71 16.5
7552.51 16.0
7553.31 16.0
7554.1 18.0
7554.9 19.5
7555.7 18.0
7556.5 15.5
7557.3 15.5
7558.08 16.5
7558.87 17.5
7559.67 19.0
7560.47 19.0
7561.26 18.0
7562.05 16.5
7562.84 17.5
7563.64 19.0
7564.44 17.5
7565.22 17.5
7566.02 17.5
7566.82 15.5
7567.62 17.0
7568.42 19.0
7569.2 17.5
7569.98 17.5
7570.78 19.0
7571.58 17.5
7572.38 16.0
7573.17 17.5
7573.96 17.5
7574.76 16.0
7575.55 16.0
7576.34 17.5
7577.14 17.0
7577.93 16.0
7578.73 16.5
7579.53 16.0
7580.33 17.5
7581.12 20.0
7581.92 20.0
7582.71 17.5
7583.51 16.0
7584.31 16.0
7585.1 17.5
7585.9 19.0
7586.7 17.0
7587.5 17.0
7588.3 17.5
7589.09 16.0
7589.88 17.5
7590.67 19.0
7591.47 18.0
7592.27 16.5
7593.06 17.0
7593.86 18.5
7594.66 17.5
7595.46 16.0
7596.26 16.0
7597.04 16.5
7597.83 16.5
7598.63 17.0
7599.43 18.5
7600.22 17.5
7601.0 16.0
7601.79 17.5
7602.59 19.0
7603.39 19.5
7604.18 19.5
7604.97 17.5
7605.77 16.0
7606.57 15.0
7607.36 15.5
7608.14 18.0
7608.94 19.0
7609.74 18.5
7610.54 17.0
7611.34 16.5
7612.13 18.0
7612.93 19.0
7613.73 18.5
7614.53 17.0
7615.33 17.5
7616.12 19.5
7616.92 18.0
7617.72 17.5
7618.51 17.5
7619.31 16.0
7620.1 18.0
7620.9 20.0
7621.7 18.5
7622.49 17.0
7623.29 17.0
7624.08 18.0
7624.87 18.0
7625.66 16.5
7626.46 16.0
7627.26 16.0
7628.06 17.0
7628.85 17.5
7629.64 18.0
7630.44 17.5
7631.24 17.5
7632.03 17.5
7632.82 16.0
7633.62 15.5
7634.42 16.0
7635.22 16.5
7636.01 17.0
7636.8 16.5
7637.59 15.5
7638.39 16.5
7639.18 16.5
7639.97 16.0
7640.77 16.0
7641.57 16.0
7642.37 16.0
7643.15 16.5
7643.94 16.0
7644.74 16.0
7645.54 16.5
7646.34 16.0
7647.12 15.5
7647.93 16.0
7648.73 17.0
7649.53 16.5
7650.32 18.0
7651.1 19.5
7651.9 17.0
7652.7 15.0
7653.5 16.0
7654.29 17.0
7655.08 16.5
7655.87 17.5
7656.67 18.0
7657.46 16.5
7658.26 17.5
7659.05 18.0
7659.85 18.0
7660.65 18.5
7661.44 17.0
7662.24 16.0
7663.03 15.5
7663.83 18.0
7664.63 18.5
7665.42 16.5
7666.22 18.0
7667.01 17.0
7667.8 15.0
7668.59 15.5
7669.39 16.0
7670.18 16.0
7670.98 17.5
7671.78 17.0
7672.58 17.0
7673.38 18.0
7674.17 17.0
7674.96 17.0
7675.75 17.0
7676.55 16.5
7677.35 16.0
7678.14 15.5
7678.93 14.5
7679.73 15.0
7680.53 16.0
7681.33 16.5
7682.11 16.0
7682.9 15.0
7683.7 15.0
7684.49 17.0
7685.29 18.0
7686.07 17.0
7686.86 16.0
7687.66 15.5
7688.46 15.5
7689.26 15.0
7690.04 15.5
7690.83 16.5
7691.63 17.0
7692.43 17.0
7693.22 18.0
7694.01 17.0
7694.8 17.0
7695.59 17.0
7696.38 15.5
7697.17 16.5
7697.96 16.5
7698.76 16.5
7699.56 16.5
7700.35 17.5
7701.14 17.0
