# digital 4 s: 5150 e: 5600
5150.04 25
5150.83 25
5151.62 25
5152.42 25
5153.22 25
5154.01 25
5154.8 25
5155.59 25
5156.39 25
5157.18 25
5157.98 25
5158.77 25
5159.57 50
5160.37 50
5161.16 50
5161.95 50
5162.75 25
5163.55 25
5164.35 50
5165.14 25
5165.94 25
5166.74 50
5167.54 25
5168.34 50
5169.12 50
5169.92 25
5170.72 25
5171.52 25
5172.31 25
5173.1 25
5173.9 50
5174.69 50
5175.49 50
5176.27 25
5177.06 50
5177.86 50
5178.66 50
5179.45 50
5180.23 50
5181.02 50
5181.82 50
5182.62 50
5183.42 25
5184.21 25
5185.0 25
5185.79 25
5186.58 50
5187.38 50
5188.17 50
5188.97 25
5189.77 25
5190.56 50
5191.36 50
5192.15 50
5192.95 50
5193.74 50
5194.54 25
5195.34 25
5196.13 25
5196.93 25
5197.72 25
5198.52 50
5199.32 50
5200.11 50
5200.9 50
5201.69 50
5202.49 25
5203.28 25
5204.07 50
5204.86 50
5205.66 50
5206.46 25
5207.25 25
5208.03 50
5208.82 50
5209.62 50
5210.42 25
5211.21 25
5211.99 25
5212.79 50
5213.59 50
5214.39 50
5215.18 25
5215.98 25
5216.78 25
5217.58 25
5218.37 25
5219.15 50
5219.95 50
5220.75 50
5221.55 25
5222.34 25
5223.14 50
5223.94 50
5224.74 50
5225.53 50
5226.32 50
5227.11 25
5227.91 25
5228.71 25
5229.5 50
5230.29 50
5231.08 25
5231.87 25
5232.66 25
5233.46 25
5234.25 25
5235.04 50
5235.83 50
5236.62 50
5237.42 50
5238.22 50
5239.01 50
5239.8 50
5240.59 25
5241.39 25
5242.18 25
5242.98 50
5243.78 50
5244.58 50
5245.38 50
5246.17 50
5246.96 50
5247.76 25
5248.56 25
5249.36 25
5250.15 25
5250.94 25
5251.74 50
5252.54 50
5253.34 25
5254.13 25
5254.93 25
5255.73 50
5256.53 50
5257.33 50
5258.11 50
5258.91 50
5259.71 25
5260.51 25
5261.3 25
5262.08 25
5262.87 25
5263.67 50
5264.46 50
5265.25 50
5266.04 25
5266.83 25
5267.63 50
5268.42 50
5269.22 50
5270.01 50
5270.8 50
5271.59 25
5272.38 25
5273.18 25
5273.98 50
5274.78 50
5275.57 50
5276.37 25
5277.16 25
5277.96 25
5278.75 50
5279.54 50
5280.34 50
5281.14 25
5281.94 25
5282.73 25
5283.53 25
5284.33 50
5285.12 50
5285.91 25
5286.7 25
5287.5 25
5288.29 25
5289.08 50
5289.86 50
5290.66 50
5291.46 50
5292.26 25
5293.04 25
5293.83 25
5294.63 25
5295.43 25
5296.22 50
5297.0 50
5297.79 50
5298.59 25
5299.39 25
5300.18 50
5300.98 50
5301.78 50
5302.58 50
5303.37 50
5304.15 25
5304.95 25
5305.75 25
5306.55 50
5307.34 50
5308.14 50
5308.94 50
5309.74 25
5310.53 25
5311.32 50
5312.11 50
5312.91 25
5313.71 25
5314.5 25
5315.29 25
5316.08 25
5316.87 50
5317.66 50
5318.46 50
5319.25 50
5320.04 25
5320.83 50
5321.62 50
5322.42 50
5323.22 50
5324.01 50
5324.8 25
5325.59 25
5326.39 25
5327.18 25
5327.98 50
5328.78 50
5329.58 50
5330.38 50
5331.17 25
5331.96 25
5332.75 50
5333.55 50
5334.35 50
5335.14 25
5335.94 25
5336.74 50
5337.54 50
5338.34 50
5339.12 25
5339.92 25
5340.72 50
5341.52 50
5342.32 50
5343.1 50
5343.9 50
5344.7 25
5345.5 25
5346.28 25
5347.07 25
5347.86 50
5348.66 50
5349.46 25
5350.24 25
5351.03 25
5351.83 25
5352.63 50
5353.42 50
5354.22 50
5355.01 50
5355.81 50
5356.6 50
5357.39 25
5358.18 25
5358.98 25
5359.78 50
5360.58 50
5361.38 25
5362.17 25
5362.97 25
5363.76 50
5364.55 50
5365.35 50
5366.14 25
5366.94 25
5367.74 50
5368.54 50
5369.34 50
5370.13 50
5370.93 25
5371.72 50
5372.52 50
5373.32 25
5374.11 25
5374.91 25
5375.71 25
5376.51 50
5377.31 50
5378.1 25
5378.89 25
5379.69 25
5380.49 25
5381.28 25
5382.06 50
5382.86 50
5383.66 25
5384.46 25
5385.24 25
5386.02 50
5386.82 50
5387.62 25
5388.42 25
5389.2 25
5389.98 50
5390.78 50
5391.58 50
5392.38 50
5393.16 50
5393.96 25
5394.76 25
5395.56 25
5396.35 25
5397.14 25
5397.94 50
5398.74 50
5399.54 50
5400.34 25
5401.13 25
5401.93 50
5402.73 50
5403.52 50
5404.32 50
5405.11 25
5405.91 50
5406.71 50
5407.5 50
5408.29 50
5409.08 50
5409.87 50
5410.66 25
5411.46 25
5412.26 25
5413.05 25
5413.84 25
5414.64 50
5415.44 50
5416.23 25
5417.02 25
5417.81 25
5418.61 50
5419.41 50
5420.2 50
5420.98 50
5421.78 50
5422.58 25
5423.38 25
5424.17 25
5424.96 25
5425.76 25
5426.56 50
5427.36 50
5428.14 50
5428.94 25
5429.74 25
5430.54 50
5431.34 50
5432.12 50
5432.92 25
5433.72 25
5434.52 50
5435.31 50
5436.1 50
5436.9 25
5437.7 25
5438.49 25
5439.27 25
5440.06 25
5440.86 25
5441.66 25
5442.45 25
5443.24 25
5444.03 25
5444.82 25
5445.62 25
5446.42 25
5447.21 50
5448.0 50
5448.78 50
5449.58 25
5450.38 25
5451.17 50
5451.97 50
5452.76 50
5453.56 25
5454.36 25
5455.15 50
5455.94 50
5456.74 50
5457.54 50
5458.34 50
5459.13 25
5459.93 25
5460.73 25
5461.53 25
5462.33 50
5463.11 25
5463.91 25
5464.71 25
5465.51 25
5466.31 25
5467.1 50
5467.9 50
5468.7 50
5469.5 50
5470.28 50
5471.06 25
5471.86 25
5472.66 25
5473.46 25
5474.24 50
5475.03 50
5475.82 25
5476.62 25
5477.42 25
5478.2 25
5478.98 25
5479.78 50
5480.58 50
5481.38 50
5482.17 25
5482.97 25
5483.77 50
5484.56 50
5485.35 50
5486.14 50
5486.94 25
5487.74 25
5488.54 25
5489.34 25
5490.13 25
5490.93 25
5491.72 50
5492.51 50
5493.31 50
5494.1 25
5494.9 25
5495.7 25
5496.5 50
5497.29 50
5498.08 50
5498.87 50
5499.66 50
5500.46 25
5501.26 25
5502.04 50
5502.83 50
5503.63 50
5504.43 25
5505.22 25
5506.01 25
5506.81 50
5507.61 50
5508.41 50
5509.19 25
5509.98 25
5510.78 25
5511.58 25
5512.38 25
5513.16 50
5513.96 25
5514.76 25
5515.56 25
5516.35 50
5517.14 50
5517.94 50
5518.74 50
5519.54 50
5520.33 50
5521.12 25
5521.92 25
5522.72 50
5523.51 50
5524.3 25
5525.09 25
5525.88 25
5526.68 25
5527.47 25
5528.26 25
5529.06 50
5529.86 50
5530.65 50
5531.44 50
5532.23 25
5533.02 25
5533.82 25
5534.61 50
5535.41 50
5536.2 50
5536.98 25
5537.78 25
5538.58 25
5539.38 25
5540.17 25
5540.97 25
5541.76 25
5542.56 25
5543.36 25
5544.15 25
5544.95 25
5545.74 25
5546.54 25
5547.34 50
5548.14 50
5548.94 50
5549.74 25
5550.54 50
5551.34 25
5552.12 25
5552.92 25
5553.72 25
5554.52 50
5555.32 25
5556.1 25
5556.9 25
5557.7 25
5558.5 25
5559.28 25
5560.07 25
5560.86 25
5561.66 25
5562.46 25
5563.24 25
5564.03 25
5564.82 25
5565.62 25
5566.42 25
5567.22 25
5568.01 25
5568.8 50
5569.59 50
5570.38 50
5571.18 50
5571.98 50
5572.78 25
5573.57 50
5574.37 50
5575.16 50
5575.96 50
5576.75 50
5577.54 50
5578.34 50
5579.14 50
5579.94 50
5580.73 50
5581.53 50
5582.33 50
5583.12 50
5583.92 50
5584.71 50
5585.51 50
5586.31 25
5587.1 25
5587.9 50
5588.7 50
5589.5 50
5590.29 50
5591.07 50
5591.86 50
5592.66 50
5593.46 50
5594.26 50
5595.04 25
5595.84 25
5596.64 25
5597.44 25
5598.22 25
5599.01 50
5599.81 50
