# digital 6 s: 4400 e: 4800
4400.53 30
4401.33 30
4402.11 30
4402.9 30
4403.7 30
4404.5 30
4405.29 30
4406.07 30
4406.86 30
4407.66 30
4408.46 30
4409.25 30
4410.04 30
4410.83 30
4411.63 30
4412.42 30
4413.22 30
4414.01 30
4414.81 30
4415.61 30
4416.41 70
4417.21 70
4418.0 70
4418.79 30
4419.58 30
4420.38 30
4421.18 30
4421.97 30
4422.77 70
4423.56 70
4424.36 70
4425.15 30
4425.94 30
4426.74 70
4427.54 70
4428.34 70
4429.13 70
4429.91 70
4430.7 30
4431.5 30
4432.3 30
4433.09 30
4433.86 30
4434.66 70
4435.46 70
4436.26 70
4437.06 70
4437.84 70
4438.64 70
4439.44 30
4440.24 30
4441.02 70
4441.82 70
4442.62 70
4443.42 30
4444.22 30
4445.0 70
4445.79 70
4446.59 70
4447.39 30
4448.18 30
4448.98 70
4449.78 70
4450.58 70
4451.37 30
4452.15 30
4452.94 30
4453.74 30
4454.54 30
4455.34 70
4456.13 70
4456.92 70
4457.72 30
4458.51 30
4459.3 70
4460.09 70
4460.87 70
4461.67 70
4462.46 70
4463.26 30
4464.06 30
4464.85 30
4465.64 70
4466.44 70
4467.24 30
4468.03 30
4468.82 30
4469.62 30
4470.42 30
4471.22 70
4472.01 70
4472.8 70
4473.59 70
4474.39 70
4475.19 70
4475.98 30
4476.77 30
4477.57 30
4478.37 30
4479.17 30
4479.95 70
4480.75 70
4481.55 70
4482.35 70
4483.14 70
4483.92 30
4484.72 30
4485.52 30
4486.32 30
4487.1 30
4487.89 70
4488.69 70
4489.49 70
4490.28 30
4491.06 30
4491.85 70
4492.65 70
4493.45 70
4494.24 70
4495.03 70
4495.82 30
4496.62 30
4497.42 30
4498.21 30
4499.0 30
4499.79 70
4500.59 70
4501.38 70
4502.18 30
4502.98 30
4503.78 30
4504.57 70
4505.36 70
4506.15 70
4506.94 70
4507.74 70
4508.53 30
4509.33 30
4510.12 70
4510.91 70
4511.7 70
4512.5 30
4513.3 30
4514.09 30
4514.86 70
4515.66 70
4516.46 30
4517.26 30
4518.06 30
4518.84 30
4519.64 30
4520.44 70
4521.24 70
4522.02 70
4522.82 30
4523.62 30
4524.42 70
4525.22 70
4526.0 70
4526.79 70
4527.59 70
4528.39 30
4529.18 30
4529.97 30
4530.77 30
4531.57 30
4532.37 30
4533.16 70
4533.95 70
4534.75 30
4535.55 30
4536.34 30
4537.13 70
4537.92 70
4538.72 70
4539.52 70
4540.31 70
4541.1 30
4541.89 30
4542.69 70
4543.48 70
4544.27 70
4545.06 30
4545.85 30
4546.64 30
4547.43 70
4548.23 70
4549.02 30
4549.82 30
4550.61 30
4551.41 30
4552.21 30
4553.0 70
4553.78 70
4554.58 70
4555.38 30
4556.18 30
4556.97 70
4557.76 70
4558.56 70
4559.36 70
4560.15 70
4560.94 30
4561.73 30
4562.53 30
4563.33 30
4564.12 30
4564.9 30
4565.7 70
4566.5 70
4567.3 30
4568.08 30
4568.86 30
4569.66 70
4570.46 70
4571.26 30
4572.04 30
4572.83 30
4573.63 70
4574.43 70
4575.22 70
4576.01 30
4576.8 30
4577.59 70
4578.38 70
4579.18 70
4579.97 70
4580.77 70
4581.57 30
4582.36 30
4583.16 30
4583.95 70
4584.75 70
4585.54 30
4586.34 30
4587.13 30
4587.92 30
4588.72 30
4589.51 70
4590.31 70
4591.1 70
4591.89 70
4592.68 70
4593.47 70
4594.27 30
4595.06 30
4595.85 70
4596.64 70
4597.44 70
4598.24 30
4599.03 30
4599.82 70
4600.62 70
4601.42 70
4602.22 30
4603.01 30
4603.8 70
4604.59 70
4605.39 70
4606.19 30
4606.98 30
4607.77 30
4608.57 70
4609.37 70
4610.17 30
4610.95 30
4611.75 30
4612.55 70
4613.35 70
4614.14 30
4614.92 30
4615.72 30
4616.52 30
4617.32 30
4618.1 30
4618.89 70
4619.69 70
4620.49 30
4621.28 30
4622.07 30
4622.86 70
4623.66 70
4624.46 30
4625.25 30
4626.04 30
4626.83 70
4627.63 70
4628.42 70
4629.22 70
4630.02 70
4630.82 30
4631.61 30
4632.41 30
4633.21 30
4634.0 30
4634.79 70
4635.58 70
4636.38 30
4637.18 30
4637.98 30
4638.77 70
4639.56 70
4640.36 30
4641.16 30
4641.95 30
4642.74 70
4643.54 70
4644.34 70
4645.14 70
4645.92 70
4646.71 30
4647.51 30
4648.31 30
4649.1 30
4649.89 30
4650.69 70
4651.49 70
4652.29 70
4653.07 30
4653.85 30
4654.65 30
4655.45 70
4656.25 70
4657.03 70
4657.82 70
4658.62 70
4659.42 30
4660.22 30
4661.0 30
4661.79 30
4662.59 30
4663.38 70
4664.18 70
4664.97 30
4665.77 30
4666.57 30
4667.36 70
4668.16 70
4668.95 30
4669.75 30
4670.54 30
4671.34 70
4672.13 70
4672.92 70
4673.72 30
4674.51 30
4675.31 70
4676.1 70
4676.89 70
4677.68 70
4678.47 70
4679.27 30
4680.06 30
4680.85 30
4681.64 30
4682.44 30
4683.24 30
4684.03 70
4684.82 70
4685.62 30
4686.42 30
4687.22 30
4688.01 70
4688.8 70
4689.59 30
4690.39 30
4691.19 30
4691.98 70
4692.77 70
4693.57 70
4694.37 70
4695.17 70
4695.95 30
4696.75 30
4697.55 70
4698.35 70
4699.14 70
4699.93 30
4700.73 30
4701.53 30
4702.33 30
4703.11 30
4703.9 70
4704.7 70
4705.5 70
4706.29 70
4707.08 70
4707.86 30
4708.66 30
4709.46 30
4710.26 70
4711.05 70
4711.83 70
4712.63 30
4713.42 30
4714.22 30
4715.02 30
4715.82 30
4716.62 70
4717.42 70
4718.22 30
4719.01 30
4719.81 30
4720.61 70
4721.41 70
4722.21 70
4723.0 70
4723.78 70
4724.58 30
4725.38 30
4726.18 30
4726.97 30
4727.76 30
4728.56 70
4729.36 70
4730.16 30
4730.94 30
4731.74 30
4732.54 70
4733.34 70
4734.13 70
4734.91 70
4735.71 70
4736.51 30
4737.31 30
4738.1 30
4738.88 70
4739.68 70
4740.48 30
4741.28 30
4742.06 30
4742.85 70
4743.65 70
4744.45 70
4745.24 30
4746.02 30
4746.82 30
4747.62 30
4748.42 30
4749.22 70
4750.01 70
4750.81 30
4751.61 30
4752.41 30
4753.21 70
4754.0 70
4754.79 70
4755.59 70
4756.38 70
4757.18 30
4757.98 30
4758.78 30
4759.57 70
4760.36 70
4761.16 30
4761.95 30
4762.75 30
4763.54 30
4764.34 30
4765.14 70
4765.93 70
4766.72 70
4767.51 70
4768.31 70
4769.1 30
4769.89 30
4770.68 30
4771.48 70
4772.28 70
4773.07 30
4773.85 30
4774.65 30
4775.45 30
4776.25 30
4777.03 30
4777.82 30
4778.62 30
4779.42 30
4780.22 30
4781.01 30
4781.81 30
4782.61 30
4783.41 30
4784.21 30
4784.99 30
4785.79 30
4786.59 30
4787.39 30
4788.18 30
4788.98 30
4789.78 30
4790.58 30
4791.37 30
4792.17 30
4792.96 30
4793.76 30
4794.56 30
4795.35 30
4796.14 30
4796.94 30
4797.74 30
4798.54 30
4799.34 30
