11250.77 52
11251.60 79
11252.43 63
11253.27 32
11254.11 19
11256.62 65
11257.46 95
11258.30 106
11259.17 44
11259.99 29
11260.82 86
11261.66 107
11262.54 115
11263.42 118
11264.30 119
11265.17 56
11265.99 40
11266.82 29
11267.66 25
11268.50 39
11269.33 104
11270.20 116
11271.06 119
11271.92 123
11272.80 79
11273.63 51
11274.47 38
11275.30 109
11276.17 119
11277.04 68
11277.86 43
11278.70 77
11279.54 113
11280.41 124
11281.28 59
11282.12 39
11282.95 65
11283.79 111
11284.66 120
11285.54 61
11286.37 42
11287.21 33
11288.04 23
11288.86 22
11289.70 103
11290.57 120
11291.45 63
11292.29 41
11293.13 76
11293.96 112
11294.84 120
11295.71 127
11296.59 127
11297.46 76
11298.30 45
11299.14 75
11299.97 116
11300.84 125
11301.72 65
11302.56 41
11303.40 32
11304.23 29
11305.06 26
11305.88 107
11306.75 119
11307.63 126
11308.51 128
11309.39 85
11310.23 55
11311.06 39
11311.88 29
11312.72 27
11313.56 93
11314.40 113
11315.26 124
11316.14 127
11317.01 131
11317.87 82
11318.71 53
11319.55 42
11320.38 29
11321.22 24
11322.05 100
11322.91 117
11323.79 87
11324.63 48
11325.46 38
11326.30 111
11327.17 124
11328.04 128
11328.90 129
11329.78 98
11330.61 59
11331.44 42
11332.28 36
11333.12 27
11333.95 86
11334.79 116
11335.67 123
11336.54 58
11337.38 39
11338.22 107
11339.10 123
11339.97 129
11340.84 129
11341.71 132
11342.59 63
11343.43 41
11344.27 106
11345.15 124
11346.02 88
11346.84 55
11347.68 42
11348.52 101
11349.40 123
11350.27 95
11351.10 55
11351.92 42
11352.76 29
11353.60 26
11354.43 85
11355.27 115
11356.15 124
11357.02 57
11357.84 40
11358.68 105
11359.56 123
11360.44 127
11361.31 131
11362.18 131
11363.06 61
11363.88 46
11364.72 107
11365.60 123
11366.46 91
11367.30 57
11368.14 40
11368.97 34
11369.81 27
11370.65 89
11371.48 117
11372.36 124
11373.24 128
11374.12 132
11374.99 71
11375.82 49
11376.66 37
11377.49 29
11378.33 24
11379.17 108
11380.04 122
11380.90 128
11381.77 131
11382.64 133
11383.52 64
11384.36 47
11385.20 37
11386.02 30
11386.84 49
11387.68 112
11388.56 125
11389.44 66
11390.28 46
11391.12 92
11391.94 120
11392.82 128
