5056.46 143.71
5057.63 146.35
5058.80 146.68
5059.96 147.34
5061.13 148.67
5062.30 149.33
5063.46 149.67
5064.63 148.33
5065.80 185.67
5066.96 224.33
5068.13 215.17
5069.30 198.08
5070.46 232.54
5071.62 237.27
5072.79 215.14
5073.96 234.07
5075.12 254.03
5076.29 233.02
5077.45 209.51
5078.63 239.75
5079.79 236.88
5080.96 213.44
5082.13 237.22
5083.30 259.61
5084.46 234.30
5085.62 221.65
5086.80 247.33
5087.96 239.16
5089.13 217.08
5090.30 240.04
5091.46 261.02
5092.62 234.01
5093.78 231.51
5094.96 254.25
5096.12 241.63
5097.29 216.31
5098.46 234.66
5099.63 256.33
5100.80 233.16
5101.96 209.58
5103.13 241.29
5104.30 241.15
5105.46 218.57
5106.64 239.79
5107.80 260.89
5108.96 235.45
5110.13 221.22
5111.30 247.61
5112.46 239.81
5113.63 217.90
5114.80 240.45
5115.96 260.73
5117.14 231.86
5118.30 230.93
5119.47 252.47
5120.63 240.23
5121.80 216.12
5122.96 240.56
5124.13 260.78
5125.30 232.89
5126.46 233.44
5127.63 255.22
5128.79 240.11
5129.96 213.56
5131.13 235.78
5132.30 258.89
5133.46 233.44
5134.63 216.22
5135.80 244.61
5136.96 239.31
5138.13 216.65
5139.30 239.83
5140.46 260.41
5141.63 233.71
5142.80 228.85
5143.96 252.93
5145.13 241.46
5146.30 216.23
5147.46 241.62
5148.63 261.31
5149.80 232.65
5150.96 232.33
5152.13 256.16
5153.30 239.08
5154.46 213.04
5155.62 241.02
5156.79 261.01
5157.95 232.51
5159.12 237.25
5160.29 256.13
5161.46 237.06
5162.62 215.03
5163.79 242.52
5164.96 262.76
5166.12 274.88
5167.29 280.94
5168.46 284.97
5169.63 288.48
5170.80 290.24
5171.96 291.62
5173.13 292.31
5174.31 292.66
5175.48 293.33
5176.65 293.16
5177.82 293.58
5178.99 293.29
5180.16 294.15
5181.33 293.57
5182.51 294.29
5183.68 293.64
5184.84 293.82
5186.01 292.41
5187.18 292.71
5188.36 292.85
5189.52 292.93
5190.69 294.46
5191.86 295.23