9727.96 145.84
9729.13 144.92
9730.30 146.46
9731.46 145.73
9732.63 145.86
9733.80 146.93
9734.96 147.47
9736.13 147.73
9737.30 157.37
9738.47 206.68
9739.63 213.34
9740.80 199.67
9741.96 228.34
9743.13 252.67
9744.30 227.83
9745.46 222.92
9746.64 248.96
9747.80 237.48
9748.96 213.74
9750.13 238.87
9751.30 259.43
9752.47 230.72
9753.64 232.36
9754.81 254.68
9755.98 239.34
9757.14 215.67
9758.32 242.33
9759.48 262.17
9760.66 232.58
9761.82 239.79
9762.99 259.40
9764.15 239.20
9765.31 215.60
9766.48 243.30
9767.64 252.65
9768.81 226.32
9769.98 221.16
9771.16 247.58
9772.32 238.29
9773.49 216.15
9774.66 241.57
9775.83 261.79
9776.99 233.39
9778.17 235.20
9779.33 256.60
9780.50 240.30
9781.66 215.65
9782.83 241.82
9784.00 261.91
9785.15 232.96
9786.32 238.48
9787.49 257.74
9788.66 240.37
9789.82 216.68
9791.00 243.84
9792.16 256.42
9793.33 228.21
9794.50 239.61
9795.67 260.30
9796.83 238.65
9798.00 213.33
9799.16 242.66
9800.33 248.33
9801.50 224.17
9802.66 226.58
9803.83 251.29
9804.99 239.15
9806.16 215.07
9807.32 242.54
9808.49 262.77
9809.66 233.38
9810.82 237.69
9812.00 258.35
9813.16 241.67
9814.33 215.84
9815.50 243.92
9816.66 258.46
9817.82 230.73
9818.99 239.86
9820.16 260.43
9821.33 239.22
9822.50 216.11
9823.67 245.05
9824.83 252.03
9825.99 226.51
9827.16 240.26
9828.33 260.13
9829.51 237.56
9830.68 213.28
9831.85 244.14
9833.02 245.07
9834.18 220.54
9835.35 240.27
9836.52 261.63
9837.69 274.32
9838.87 282.16
9840.04 287.58
9841.20 290.29
9842.37 291.64
9843.54 292.82
9844.71 293.91
9845.88 295.46
9847.05 296.23
9848.22 296.11
9849.40 296.06
9850.56 296.53
9851.73 296.26
9852.91 297.13
9854.08 296.57
9855.25 296.28
9856.42 295.64
9857.60 295.82
9858.77 295.91
9859.94 297.46
9861.11 297.73
9862.29 296.86
9863.47 296.43