11133.38 145.87
11134.60 146.44
11135.80 145.72
11137.00 146.86
11138.20 147.93
11139.41 147.96
11140.62 147.98
11141.82 145.99
11143.02 183.00
11144.22 223.50
11145.42 213.75
11146.63 196.37
11147.84 233.19
11149.05 231.59
11150.25 210.80
11151.45 236.40
11152.65 258.20
11153.86 228.10
11155.06 236.05
11156.26 257.02
11157.46 236.51
11158.68 212.26
11159.89 242.63
11161.10 240.81
11162.30 216.91
11163.50 241.45
11164.70 262.23
11165.90 232.61
11167.10 237.31
11168.31 258.65
11169.51 239.33
11170.72 214.66
11171.93 243.83
11173.14 243.42
11174.34 220.21
11175.56 232.10
11176.76 255.05
11177.96 235.03
11179.17 211.01
11180.37 243.01
11181.58 240.50
11182.78 216.75
11184.00 240.88
11185.20 261.94
11186.41 234.47
11187.62 238.73
11188.83 259.37
11190.04 239.18
11191.24 213.59
11192.45 243.80
11193.65 243.40
11194.85 220.70
11196.05 242.35
11197.25 262.17
11198.46 234.09
11199.66 235.04
11200.87 258.02
11202.06 240.51
11203.26 215.76
11204.48 243.38
11205.68 249.19
11206.88 224.09
11208.08 229.55
11209.28 253.77
11210.49 238.39
11211.70 213.19
11212.90 243.10
11214.10 245.55
11215.30 220.77
11216.50 240.39
11217.70 261.19
11218.90 234.10
11220.10 231.05
11221.30 255.52
11222.50 241.26
11223.70 218.13
11224.90 245.57
11226.10 255.78
11227.30 228.39
11228.51 243.20
11229.71 262.60
11230.91 237.80
11232.11 219.90
11233.32 248.45
11234.52 239.22
11235.73 216.61
11236.94 243.31
11238.15 262.65
11239.35 232.83
11240.58 242.41
11241.79 262.21
11243.00 275.10
11244.20 283.55
11245.41 288.28
11246.63 289.64
11247.84 292.32
11249.04 293.66
11250.24 294.33
11251.45 295.16
11252.66 295.58
11253.87 296.29
11255.08 295.15
11256.28 296.07
11257.48 296.54
11258.69 296.77
11259.90 295.88
11261.11 295.94
11262.32 295.97
11263.53 296.49
11264.74 295.74
11265.95 296.87
11267.16 297.44
11268.37 296.22
11269.60 295.61
11270.80 296.30
11272.00 295.65
11273.21 295.33