6974.26 146.75
6975.42 146.38
6976.59 146.19
6977.76 145.59
6978.93 146.30
6980.09 146.65
6981.25 146.82
6982.42 146.91
6983.58 197.96
6984.75 220.48
6985.91 203.24
6987.08 223.62
6988.24 248.81
6989.41 229.90
6990.57 206.95
6991.74 237.48
6992.90 239.74
6994.06 217.37
6995.23 236.68
6996.40 257.34
6997.56 234.17
6998.73 210.09
6999.90 241.04
7001.06 239.52
7002.22 216.76
7003.39 237.38
7004.56 259.19
7005.74 233.60
7006.90 222.30
7008.07 248.15
7009.23 241.57
7010.40 217.79
7011.56 240.39
7012.73 260.20
7013.90 232.10
7015.06 208.05
7016.22 239.02
7017.38 244.51
7018.56 221.26
7019.73 237.63
7020.90 258.81
7022.06 235.41
7023.22 211.70
7024.39 242.35
7025.56 242.18
7026.73 219.09
7027.89 239.54
7029.06 259.77
7030.22 234.39
7031.39 217.69
7032.56 245.85
7033.73 239.92
7034.90 216.96
7036.06 239.98
7037.22 260.49
7038.38 233.75
7039.56 226.87
7040.73 251.44
7041.90 239.72
7043.06 216.36
7044.23 240.68
7045.40 261.34
7046.56 233.17
7047.73 208.08
7048.89 240.04
7050.05 242.52
7051.21 219.26
7052.38 238.13
7053.56 259.57
7054.73 235.78
7055.90 214.39
7057.06 244.70
7058.22 241.35
7059.38 217.67
7060.56 241.34
7061.73 262.17
7062.90 234.08
7064.06 226.54
7065.22 251.27
7066.38 241.64
7067.56 217.82
7068.73 241.41
7069.90 262.20
7071.06 234.10
7072.22 232.05
7073.38 254.03
7074.56 241.01
7075.72 216.51
7076.89 242.75
7078.06 262.38
7079.22 232.69
7080.39 237.34
7081.56 257.67
7082.73 271.34
7083.91 280.67
7085.08 285.33
7086.25 287.67
7087.42 290.33
7088.60 292.17
7089.76 292.08
7090.93 293.04
7092.10 294.02
7093.26 294.01
7094.43 294.01
7095.60 294.50
7096.76 294.25
7097.93 294.13
7099.11 294.56
7100.28 294.28
7101.45 294.64
7102.62 294.32
7103.80 294.16
7104.96 295.58
7106.13 296.29
7107.30 295.65
7108.47 295.32
7109.64 295.66