12581.53 148.01
12582.73 148.51
12583.94 148.25
12585.14 148.13
12586.36 148.56
12587.57 148.78
12588.77 148.89
12589.97 148.95
12591.18 195.97
12592.39 233.49
12593.59 213.74
12594.79 226.37
12596.00 251.19
12597.19 232.59
12598.40 208.80
12599.60 240.40
12600.79 241.20
12601.99 218.60
12603.20 240.80
12604.40 261.90
12605.60 234.45
12606.80 235.22
12608.00 257.61
12609.20 239.81
12610.40 215.90
12611.60 244.45
12612.80 250.73
12614.00 224.86
12615.20 242.43
12616.40 262.72
12617.60 237.36
12618.80 226.68
12620.00 252.84
12621.19 241.92
12622.40 217.96
12623.60 238.98
12624.80 261.49
12626.00 235.74
12627.19 227.87
12628.40 253.94
12629.60 241.47
12630.80 217.23
12632.00 245.12
12633.21 258.06
12634.42 230.03
12635.62 243.51
12636.83 263.26
12638.04 238.63
12639.24 218.31
12640.45 248.66
12641.66 241.33
12642.86 218.16
12644.08 244.58
12645.28 265.79
12646.49 234.90
12647.69 244.95
12648.89 263.97
12650.10 239.99
12651.30 214.49
12652.51 246.75
12653.72 242.37
12654.93 219.69
12656.14 237.84
12657.35 260.92
12658.56 236.96
12659.77 222.48
12660.98 250.74
12662.18 241.37
12663.39 218.69
12664.60 245.34
12665.80 263.17
12667.01 233.09
12668.21 244.04
12669.41 263.52
12670.62 240.26
12671.82 214.63
12673.04 246.82
12674.24 241.41
12675.45 219.20
12676.65 244.60
12677.85 265.30
12679.05 235.65
12680.25 242.83
12681.46 262.41
12682.66 240.71
12683.87 215.85
12685.08 246.93
12686.27 244.96
12687.49 221.48
12688.69 244.74
12689.90 265.37
12691.10 278.19
12692.31 286.09
12693.52 290.55
12694.73 293.27
12695.94 295.14
12697.15 296.07
12698.36 296.53
12699.57 296.77
12700.78 296.88
12701.99 297.44
12703.20 297.72
12704.40 298.36
12705.61 298.18
12706.83 298.09
12708.04 298.55
12709.24 298.77
12710.45 299.39
12711.66 299.19
12712.87 299.60
12714.08 299.30
12715.28 299.15
12716.50 299.07
12717.70 298.54
12718.91 298.27
12720.13 298.13
12721.35 299.07