0.0 0.0
1.17 1.74234424498
2.34 1.96013727561
3.5 2.39572333685
4.67 3.27349524815
5.84 3.7090813094
7.0 3.93347412883
8.17 3.04910242872
9.34 27.6927138332
10.5 53.2074973601
11.67 47.1620908131
12.84 35.8830517423
14.0 58.6259239704
15.16 61.747624076
16.33 47.1422914467
17.5 59.6356916579
18.66 72.8088701162
19.83 58.9427138332
20.99 43.4266103485
22.17 63.3843717001
23.33 61.4902323126
24.5 46.0203273495
25.67 61.714625132
26.84 76.4915522703
28.0 59.7874868004
29.16 51.4387539599
30.34 68.3870116156
31.5 62.9949841605
32.67 48.4226504752
33.84 63.5757655755
35.0 77.4221224921
36.16 59.596092925
37.32 57.9461457233
38.5 72.9540654699
39.66 64.6251319958
40.83 47.9144667371
42.0 60.0250791975
43.17 74.3268215417
44.34 59.0351108765
45.5 43.4728088701
46.67 64.4007391763
47.84 64.3083421331
49.0 49.4060190074
50.18 63.4107708553
51.34 77.3363252376
52.5 60.5464625132
53.67 51.1549630412
54.84 68.5718057022
56.0 63.4239704329
57.17 48.9638331573
58.34 63.8463569166
59.5 77.2307286167
60.68 58.1771383316
61.84 57.5633579725
63.01 71.7793030623
64.17 63.7011615628
65.34 47.7890707497
66.5 63.9189545935
67.67 77.2637275607
68.84 58.8569165787
70.0 59.219904963
71.17 73.5942449842
72.33 63.6219640971
73.5 46.0995248152
74.67 60.7642555438
75.84 76.0163674762
77.0 59.219904963
78.17 47.8550686378
79.34 66.5918690602
80.5 63.0939809926
81.67 48.1388595565
82.84 63.4371700106
84.0 77.0195353749
85.17 59.3980992608
86.34 56.1906019007
87.5 72.0828933474
88.67 64.5129355861
89.84 47.8616684266
91.0 64.618532207
92.17 77.6135163675
93.34 58.6985216473
94.5 58.4873284055
95.67 74.214625132
96.84 62.9421858501
98.0 45.7563357973
99.16 64.2225448786
100.33 77.4155227033
101.49 58.606124604
102.66 61.7344244984
103.83 74.1948257656
105.0 61.6090285111
106.16 47.0696937698
107.33 65.2125131996
108.5 78.5704857445
109.66 86.5694297782
110.83 90.5689017951
112.0 93.2286166843
113.17 95.5451425554
114.34 96.7067053854
115.5 97.6174762408
116.67 98.0728616684
117.85 98.3038542767
119.02 98.7460401267
120.19 98.633843717
121.36 98.9110348469
122.53 98.7196409715
123.7 99.2872228089
124.87 98.9044350581
126.05 99.3796198522
127.22 98.9506335797
128.38 99.0694297782
129.55 98.1388595565
130.72 98.3368532207
131.9 98.429250264
133.06 98.4820485744
134.23 99.4918162619
135.4 100.0
