0.0 0.602054839343
1.17 0.0
2.34 1.00778744847
3.5 0.530070021595
4.67 0.615142988024
5.84 1.31535894248
7.0 1.66873895687
8.17 1.83888488973
9.34 8.14737255415
10.51 40.4162031281
11.67 44.774556639
12.84 35.8288070152
14.0 54.59066815
15.17 70.5124010209
16.34 54.2569203586
17.5 51.0437798573
18.68 68.0845494405
19.84 60.5719520974
21.0 45.0363196126
22.17 61.4815784307
23.34 74.9361952752
24.51 56.1481578431
25.68 57.2213860349
26.85 71.8277599634
28.02 61.7891499247
29.18 46.2993259603
30.36 63.7458281526
31.52 76.7292716445
32.7 57.3653556704
33.86 62.0836332701
35.03 74.9165630522
36.19 61.697532884
37.35 46.25351744
38.52 64.3806033637
39.68 70.4993128722
40.85 53.2687651332
42.02 49.8920227734
43.2 67.1814671815
44.36 61.102022119
45.53 46.6134415287
46.7 63.2484785027
47.87 76.4805968196
49.03 57.895425692
50.21 59.0799031477
51.37 73.0842222368
52.54 62.4173810614
53.7 46.2862378117
54.87 63.4120803612
56.04 76.5591257117
57.19 57.6140304954
58.36 61.2263595314
59.53 73.8302467116
60.7 62.4631895818
61.86 46.9602774688
63.04 64.7339833781
64.2 72.9664288986
65.37 54.5055951836
66.54 61.9658399319
67.71 75.5055297428
68.87 61.3376087952
70.04 44.7680125646
71.2 63.9617826059
72.37 67.672272757
73.54 51.8617891499
74.7 53.438911066
75.87 69.6093187619
77.03 61.6648125123
78.2 45.9066814999
79.36 63.8832537138
80.53 77.121916105
81.7 57.8888816177
82.86 60.7093776585
84.04 74.2294352464
85.2 63.3139192461
86.37 46.4105752241
87.54 64.7863359728
88.7 74.3014200641
89.86 56.1547019174
91.03 62.1294417905
92.2 75.5906027092
93.37 61.7106210327
94.54 46.5872652313
95.71 65.5258163733
96.87 70.0935802631
98.03 53.3931025456
99.2 62.3912047641
100.37 75.394280479
101.55 60.6243046921
102.72 44.7352921929
103.89 64.9303056083
105.06 65.538904522
106.22 49.4862901643
107.39 62.3977488384
108.56 76.3758916301
109.73 84.6803219685
110.91 89.8108762516
112.08 93.3577645442
113.24 95.1312086905
114.41 96.0146587265
115.58 96.7868594987
116.75 97.5001636019
117.92 98.5144951247
119.09 99.0183888489
120.26 98.9398599568
121.44 98.9071395851
122.6 99.2147110791
123.77 99.0380210719
124.95 99.6073555396
126.12 99.2408873765
127.29 99.0511092206
128.46 98.6322884628
129.64 98.7500818009
130.81 98.80897847
131.98 99.8233099928
133.15 100.0
134.33 99.4306655324
135.51 99.1492703357
