0.0 0.769741207697
1.16 0.524220305242
2.33 0.398142003981
3.5 0.0
4.67 0.471134704711
5.83 0.703384207034
6.99 0.816191108162
8.16 0.875912408759
9.32 34.7511612475
10.49 49.6947577969
11.65 38.2548108825
12.82 51.7783676178
13.98 68.4936960849
15.15 55.9455872595
16.31 40.7166556072
17.48 60.9754479098
18.64 62.4751161248
19.8 47.6310550763
20.97 60.4445919044
22.14 74.1539482415
23.3 58.7790311878
24.47 42.800265428
25.64 63.3377571334
26.8 62.3291307233
27.96 47.2262773723
29.13 60.9090909091
30.3 75.3815527538
31.48 58.400796284
32.64 50.902455209
33.81 68.0557398806
34.97 63.6894492369
36.14 47.9097544791
37.3 62.9064366291
38.47 76.0517584605
39.64 57.4054412741
40.8 41.4465826145
41.96 61.99734572
43.12 65.6403450564
44.3 50.2123424021
45.47 61.0749834107
46.64 75.1293961513
47.8 59.601857996
48.96 43.8686131387
50.13 64.2070338421
51.3 64.0942269409
52.47 48.7723954877
53.63 62.3424021234
54.8 75.7664233577
55.96 58.9250165893
57.13 47.8433974784
58.3 66.5295288653
59.47 62.5945587259
60.64 47.3589913736
61.8 62.6343729263
62.96 76.2441937624
64.12 58.500331785
65.3 53.9349701393
66.47 70.2388852024
67.64 62.4618447246
68.8 46.9608493696
69.97 63.098871931
71.14 76.8082282681
72.3 58.1154611812
73.47 41.4664897147
74.63 62.6741871267
75.79 64.3198407432
76.95 48.8852023889
78.12 61.4067684141
79.3 75.6337093563
80.47 59.8473788985
81.64 45.6536164565
82.8 65.7664233577
83.96 63.5434638354
85.12 47.8301260783
86.3 63.5368281354
87.47 77.3589913736
88.64 58.7193098872
89.8 53.7159920372
90.96 70.1260783013
92.12 63.7358991374
93.3 47.9296615793
94.47 63.5832780358
95.64 77.3788984738
96.8 58.7325812873
97.96 57.3722627737
99.12 71.9575315196
100.3 63.3178500332
101.46 47.0603848706
102.63 64.4724618447
103.8 77.498341075
104.96 57.796947578
106.13 60.8825481088
107.3 74.3729263437
108.47 83.4439283344
109.65 89.6350364964
110.82 92.7272727273
111.99 94.2800265428
113.16 96.0451227605
114.34 97.2660915727
115.5 97.2063702721
116.67 97.8433974784
117.84 98.4936960849
119.0 98.4870603849
120.17 98.4870603849
121.34 98.8122096881
122.5 98.6463171865
123.67 98.5666887857
124.85 98.8520238885
126.02 98.6662242867
127.19 98.9051094891
128.36 98.6927670869
129.54 98.5865958859
130.7 99.5288652953
131.87 100.0
133.04 99.5753151958
134.21 99.3563370936
135.38 99.5819508958
