0.0 0.0
1.2 0.329837060492
2.41 0.158321789036
3.61 0.0791608945181
4.83 0.362820766541
6.04 0.507949073158
7.24 0.580513226466
8.44 0.620093673725
9.65 31.6379708424
10.86 56.3889438617
12.06 43.3603799723
13.26 51.6920641203
14.47 68.0651758032
15.66 55.7952371528
16.87 40.1015898146
18.07 60.9472920377
19.26 61.4750313345
20.46 46.5663962003
21.67 61.2111616861
22.87 75.1302856389
24.07 57.0222310179
25.27 57.530180091
26.47 72.3002836599
27.67 60.5580843064
28.87 44.7852760736
30.07 63.6189722277
31.27 67.7617257075
32.47 50.6959561976
33.67 62.2864305033
34.87 75.6712184181
36.07 58.9418827099
37.27 51.8965630978
38.47 69.1536381028
39.66 61.9499967016
40.87 46.1442047628
42.07 60.0105547859
43.27 74.8598192493
44.47 57.8732106339
45.66 52.6815753018
46.87 69.8792796359
48.07 61.6531433472
49.27 45.6626426545
50.47 64.0609538888
51.68 72.5971370143
52.89 54.1064714031
54.09 62.998878554
55.3 76.0274424434
56.51 59.7796688436
57.71 46.3750907052
58.92 66.3962002771
60.13 61.5607889702
61.33 46.276139587
62.55 63.7047298634
63.75 77.6964179695
64.96 57.3190843723
66.16 63.9488092882
67.36 76.4958110693
68.57 60.6768256481
69.77 43.855135563
70.98 65.136222706
72.19 62.2468500561
73.4 47.2854409921
74.61 59.258526288
75.82 74.4838050003
77.03 58.6780130615
78.24 49.1259317897
79.45 67.7683224487
80.65 61.5871759351
81.86 46.6257668712
83.07 64.2060821954
84.27 75.9680717725
85.48 56.1250742133
86.68 63.3485058381
87.88 76.1989577149
89.09 60.8549376608
90.29 43.94748994
91.51 65.1823998945
92.71 61.6135628999
93.92 46.9622006729
95.12 63.7179233459
96.32 77.3731776502
97.52 57.8138399631
98.72 62.5503001517
99.93 75.4667194406
101.13 61.1517910152
102.34 44.7522923676
103.55 65.2549640478
104.74 63.9554060294
105.96 48.4662576687
107.16 63.8102777228
108.37 77.4193548387
109.57 85.8763770697
110.78 91.0878026255
111.99 94.0299492051
113.2 95.8242628142
114.41 97.0578534204
115.62 97.6713503529
116.83 97.9748004486
118.04 98.1331222376
119.25 98.2056863909
120.46 98.5751038987
121.67 98.7598126525
122.87 99.18200409
124.08 99.0632627482
125.3 99.0038920773
126.51 99.307342173
127.71 99.4524704796
128.92 99.8614684346
130.13 99.7295336104
131.34 100.0
132.55 99.8020977637
133.75 99.7031466456
134.97 99.6503727159
136.17 99.3007454318
137.38 99.1226334191
138.6 99.0302790422
139.82 99.6503727159
