0.0 0.0988663327182
1.22 0.474558397047
2.42 0.0
3.62 0.751384128658
4.82 1.45663063538
6.03 1.47640390192
7.24 1.48958607962
8.44 0.177959398893
9.64 24.5715792249
10.84 51.2654890588
12.04 44.8391774321
13.25 33.3838650145
14.46 57.6522541524
15.67 56.5976799367
16.87 42.894806222
18.07 59.7679936726
19.27 74.1365673609
20.48 54.2973899288
21.68 59.5373055629
22.88 73.3588188769
24.08 59.8404956499
25.3 43.8571051938
26.51 63.8742420248
27.72 62.6746638545
28.92 46.921961508
30.12 63.0964935407
31.32 76.7927761666
32.52 57.2699709992
33.72 60.3677827577
34.93 74.4331663591
36.13 61.699182705
37.34 45.4389665173
38.55 64.6651726865
39.76 64.3949380438
40.96 49.0970208278
42.18 56.933825468
43.38 72.0603743738
44.58 58.8650145004
45.79 43.0332190878
46.99 64.124703401
48.2 62.4703401002
49.4 46.8165040865
50.62 62.7208014764
51.82 76.60163459
53.03 58.4959135249
54.24 61.3037173741
55.45 74.9077247561
56.66 61.6003163723
57.86 44.7337200105
59.07 64.64539942
60.27 64.3817558661
61.47 49.4199841814
62.67 63.689691537
63.87 76.7532296335
65.08 58.2454521487
66.28 58.8716055892
67.49 74.0179277617
68.68 62.476931189
69.88 46.1639862905
71.1 64.3685736884
72.3 68.197996309
73.5 51.6543633008
74.7 55.2530978118
75.9 71.2167150013
77.11 61.0796203533
78.32 44.4700764566
79.52 64.1840232006
80.72 65.7988399684
81.92 49.4661218033
83.12 62.3978381229
84.32 76.1073029264
85.52 58.2520432375
86.72 56.2417611389
87.92 72.3701555497
89.12 62.9712628526
90.32 47.7260743475
91.52 65.8120221461
92.72 72.5415238597
93.92 54.4885315054
95.13 64.2499340891
96.33 77.036646454
97.53 60.6907461113
98.73 48.8926970736
99.94 67.7102557342
101.14 61.6266807277
102.35 46.7242288426
103.56 64.3224360664
104.77 77.0696018982
105.97 57.4149749539
107.2 63.7292380701
108.41 76.7795939889
109.62 85.2755075138
110.82 90.8449775903
112.03 93.9625626153
113.25 94.8589506987
114.46 96.6253625099
115.66 97.5085684155
116.86 97.9501713683
118.07 98.4972317427
119.28 98.7740574743
120.49 99.2420247825
121.7 98.4906406538
122.9 99.0970208278
124.1 99.4068020037
125.31 99.5583970472
126.52 98.9717901397
127.73 99.0113366728
128.94 99.0311099394
130.15 99.3738465595
131.36 98.8795148959
132.57 99.6243079357
133.78 100.0
134.99 99.1958871606
136.22 98.7938307408
137.42 99.2486158713
138.62 98.8201950962
139.83 98.6092802531
