10793.90 141.79
10795.10 141.90
10796.30 140.95
10797.50 141.97
10798.70 141.99
10799.90 140.99
10801.10 140.00
10802.30 141.00
10803.49 179.00
10804.68 219.50
10805.88 246.25
10807.09 262.62
10808.29 228.81
10809.50 203.41
10810.70 185.20
10811.89 218.60
10813.09 247.30
10814.28 265.15
10815.50 249.58
10816.70 220.29
10817.90 198.14
10819.10 181.07
10820.30 223.04
10821.50 251.52
10822.70 267.26
10823.90 241.13
10825.10 213.56
10826.30 192.28
10827.50 211.64
10828.71 241.32
10829.92 262.16
10831.12 275.08
10832.33 241.04
10833.53 210.52
10834.74 189.76
10835.94 221.88
10837.16 249.44
10838.36 267.22
10839.57 254.11
10840.78 225.05
10841.98 202.03
10843.18 185.51
10844.40 226.76
10845.60 254.38
10846.80 270.69
10848.01 245.34
10849.21 215.67
10850.42 195.34
10851.63 213.67
10852.85 243.83
10854.06 263.92
10855.27 275.46
10856.47 238.73
10857.68 209.86
10858.88 189.93
10860.08 222.47
10861.28 249.73
10862.49 266.87
10863.70 254.93
10864.90 224.47
10866.10 200.73
10867.30 183.87
10868.50 220.43
10869.70 249.22
10870.91 267.11
10872.12 251.55
10873.33 223.78
10874.54 199.89
10875.74 183.94
10876.95 226.47
10878.16 253.74
10879.36 270.37
10880.57 242.68
10881.77 214.34
10882.98 194.17
10884.18 217.09
10885.39 246.04
10886.59 264.52
10887.80 275.26
10889.01 238.63
10890.21 210.32
10891.42 189.66
10892.64 225.83
10893.85 253.41
10895.06 269.21
10896.26 251.60
10897.46 222.80
10898.66 199.90
10899.86 185.45
10901.07 228.23
10902.28 254.61
10903.48 271.31
10904.70 241.65
10905.90 213.33
10907.10 192.16
10908.30 216.08
10909.49 246.04
10910.69 265.02
10911.90 276.51
10913.10 239.76
10914.30 210.88
10915.50 191.44
10916.71 224.72
10917.92 250.86
10919.12 267.93
10920.33 252.96
10921.54 222.98
10922.74 199.99
10923.94 185.00
10925.14 227.50
10926.34 253.75
10927.55 270.37
10928.75 243.19
10929.97 216.59
10931.17 194.80
10932.38 192.40
10933.58 230.70
10934.78 256.85
10936.00 271.92
10937.19 241.96
10938.39 214.48
10939.59 193.24
10940.79 218.12
10942.01 247.06
10943.21 265.53
10944.42 270.77
10945.63 236.38
10946.84 207.69
10948.04 188.35
10949.24 225.67
10950.45 252.34
10951.66 268.17
10952.87 250.08
10954.07 221.54
10955.27 199.77
10956.48 192.39
10957.69 231.19
10958.90 256.10
10960.10 271.05
10961.30 242.52
10962.50 214.76
10963.70 195.38
10964.90 217.69
10966.10 246.35
10967.31 264.67
10968.52 273.84
10969.72 238.42
10970.93 209.21
10972.14 190.10
10973.35 225.55
10974.56 251.78
10975.76 268.39
10976.98 250.19
10978.18 220.60
10979.38 199.80
10980.58 185.90
10981.79 227.45
10983.00 254.22
10984.20 270.11
10985.41 242.06
10986.62 214.03
10987.82 194.51
10989.03 217.76
10990.24 246.88
10991.44 265.44
10992.65 273.72
10993.86 237.86
10995.06 210.93
10996.26 190.46
10997.48 224.73
10998.68 251.37
10999.89 268.18
11001.10 277.59
11002.30 283.80
11003.50 287.40
11004.70 289.20
11005.90 290.60
11007.11 290.80
11008.32 292.90
11009.52 292.95
11010.73 293.47
11011.94 293.74
11013.15 293.87
11014.36 293.93
11015.56 294.97
11016.77 293.98
11017.99 293.49
11019.20 294.25
11020.41 293.62
11021.62 293.81
11022.84 293.91
11024.04 294.95
11025.24 294.48
11026.45 295.24
11027.66 295.62
11028.87 294.81
11030.08 294.40
11031.28 294.20
11032.48 294.10
11033.69 294.55