7755.62 141.53
7756.79 142.27
7757.96 142.13
7759.13 140.57
7760.30 141.78
7761.46 141.39
7762.62 141.70
7763.78 141.85
7764.96 190.92
7766.12 228.46
7767.29 253.23
7768.46 246.12
7769.62 217.56
7770.79 196.28
7771.96 181.14
7773.13 220.07
7774.30 248.03
7775.46 265.02
7776.62 249.01
7777.78 219.50
7778.95 198.25
7780.12 184.13
7781.30 225.06
7782.46 253.03
7783.62 269.02
7784.78 249.01
7785.95 220.50
7787.11 198.75
7788.28 182.88
7789.45 225.44
7790.62 253.22
7791.79 269.61
7792.96 244.80
7794.12 217.90
7795.28 196.45
7796.45 204.23
7797.62 237.11
7798.80 259.56
7799.96 273.78
7801.13 243.39
7802.30 214.69
7803.46 195.35
7804.62 212.67
7805.80 243.84
7806.96 262.92
7808.14 274.46
7809.30 242.23
7810.46 215.11
7811.63 194.06
7812.79 216.53
7813.96 246.76
7815.13 264.88
7816.30 276.44
7817.46 240.72
7818.63 210.86
7819.80 191.93
7820.96 220.47
7822.13 248.23
7823.30 267.12
7824.47 273.56
7825.63 237.28
7826.80 211.14
7827.96 192.07
7829.12 214.53
7830.29 243.77
7831.46 263.88
7832.63 274.94
7833.79 240.97
7834.96 213.49
7836.13 193.74
7837.30 219.87
7838.46 247.44
7839.63 266.22
7840.80 277.11
7841.97 240.05
7843.13 212.03
7844.30 193.01
7845.46 223.51
7846.63 249.75
7847.80 267.88
7848.97 265.44
7850.14 232.22
7851.30 206.11
7852.47 189.05
7853.64 224.03
7854.80 252.01
7855.96 268.51
7857.14 257.25
7858.31 227.13
7859.48 202.56
7860.65 186.28
7861.82 224.64
7862.99 251.82
7864.16 269.41
7865.34 252.71
7866.50 223.35
7867.66 201.18
7868.83 185.09
7870.00 225.54
7871.16 252.77
7872.32 268.89
7873.49 247.94
7874.66 219.97
7875.82 197.99
7876.99 186.99
7878.16 228.00
7879.32 255.00
7880.48 271.50
7881.64 247.25
7882.81 217.62
7883.98 195.81
7885.14 201.91
7886.32 236.45
7887.48 259.73
7888.66 273.86
7889.82 245.93
7890.99 215.97
7892.16 194.98
7893.33 179.99
7894.50 224.50
7895.66 252.75
7896.83 269.87
7897.99 247.94
7899.16 218.97
7900.33 197.48
7901.50 198.24
7902.66 234.12
7903.83 258.06
7905.00 272.03
7906.15 244.52
7907.33 216.76
7908.50 196.38
7909.66 210.19
7910.83 241.09
7911.99 261.55
7913.16 274.27
7914.34 242.64
7915.51 214.32
7916.68 193.66
7917.85 215.33
7919.02 245.66
7920.19 265.33
7921.36 276.17
7922.54 241.08
7923.70 212.04
7924.86 193.52
7926.02 219.76
7927.19 248.38
7928.36 266.19
7929.53 276.60
7930.70 240.30
7931.86 211.65
7933.02 192.82
7934.18 222.41
7935.36 250.71
7936.53 267.35
7937.70 264.18
7938.86 233.09
7940.02 207.04
7941.18 190.52
7942.35 224.26
7943.52 251.13
7944.69 268.07
7945.86 258.03
7947.02 228.52
7948.18 205.76
7949.35 186.88
7950.52 224.44
7951.69 252.22
7952.86 269.11
7954.03 253.55
7955.19 225.28
7956.36 201.14
7957.53 184.57
7958.70 225.28
7959.86 252.64
7961.03 269.32
7962.20 279.66
7963.36 284.83
7964.53 288.92
7965.71 289.96
7966.88 290.98
7968.05 292.49
7969.21 292.24
7970.39 293.12
7971.56 293.56
7972.73 293.28
7973.90 293.14
7975.08 294.07
7976.24 294.04
7977.40 295.02
7978.56 295.01
7979.73 295.00
7980.89 294.50
7982.07 294.25
7983.24 293.63
7984.42 294.31
7985.60 295.16
7986.76 296.08
7987.94 295.04