14714.12 143.00
14715.32 143.00
14716.51 143.00
14717.70 143.00
14718.90 143.00
14720.10 143.00
14721.29 143.00
14722.48 143.50
14723.68 188.25
14724.90 228.13
14726.11 254.06
14727.31 250.53
14728.52 222.27
14729.74 199.13
14730.94 183.07
14732.15 224.53
14733.36 252.27
14734.56 269.63
14735.77 245.82
14736.98 217.41
14738.18 196.20
14739.38 210.10
14740.59 242.55
14741.80 263.28
14743.00 275.64
14744.20 241.82
14745.40 212.91
14746.60 192.45
14747.81 223.23
14749.02 252.11
14750.23 270.06
14751.43 261.53
14752.64 230.26
14753.86 204.63
14755.06 187.32
14756.27 227.66
14757.48 255.33
14758.68 271.66
14759.90 247.83
14761.10 219.42
14762.30 198.21
14763.50 211.10
14764.70 244.05
14765.91 264.53
14767.12 276.76
14768.33 243.38
14769.54 214.19
14770.74 193.60
14771.94 224.30
14773.15 252.65
14774.36 270.32
14775.57 260.66
14776.78 229.83
14777.98 205.42
14779.19 188.21
14780.41 229.10
14781.61 256.05
14782.82 272.03
14784.02 247.51
14785.22 219.76
14786.43 198.38
14787.64 183.69
14788.86 226.84
14790.07 255.42
14791.27 272.71
14792.48 245.36
14793.69 217.18
14794.91 196.59
14796.12 219.29
14797.33 249.15
14798.54 268.57
14799.75 279.79
14800.95 241.89
14802.15 212.95
14803.36 193.47
14804.57 228.24
14805.78 256.12
14806.99 273.06
14808.19 256.03
14809.39 226.01
14810.59 202.51
14811.80 185.75
14813.00 228.88
14814.20 256.44
14815.40 272.72
14816.61 245.36
14817.82 218.18
14819.02 197.09
14820.22 218.04
14821.42 247.52
14822.63 267.26
14823.84 278.63
14825.05 241.82
14826.25 212.91
14827.46 192.95
14828.67 226.98
14829.88 254.99
14831.08 271.99
14832.28 256.50
14833.48 226.75
14834.70 203.37
14835.90 186.69
14837.11 229.84
14838.32 257.92
14839.52 274.46
14840.73 246.73
14841.94 218.37
14843.14 197.18
14844.35 219.09
14845.56 248.55
14846.76 267.77
14847.97 278.89
14849.18 241.94
14850.38 213.47
14851.58 193.24
14852.79 220.12
14854.00 249.56
14855.20 269.28
14856.40 271.64
14857.60 237.82
14858.80 210.41
14860.00 191.70
14861.20 227.35
14862.40 255.68
14863.60 271.84
14864.80 254.42
14866.00 224.71
14867.19 201.85
14868.39 185.93
14869.60 229.96
14870.80 257.98
14872.00 273.49
14873.19 245.75
14874.40 217.37
14875.60 196.69
14876.81 219.34
14878.02 249.17
14879.22 268.09
14880.43 279.54
14881.63 242.27
14882.85 213.64
14884.06 193.32
14885.26 228.16
14886.47 255.08
14887.67 271.54
14888.88 255.27
14890.08 225.63
14891.28 202.82
14892.49 186.41
14893.70 229.70
14894.91 256.85
14896.12 273.43
14897.33 245.71
14898.54 217.36
14899.74 196.68
14900.95 219.84
14902.16 249.42
14903.36 268.21
14904.58 279.10
14905.78 242.05
14906.98 213.03
14908.18 193.01
14909.39 227.51
14910.60 255.25
14911.80 272.13
14913.01 255.56
14914.21 225.78
14915.42 202.89
14916.62 186.95
14917.84 229.47
14919.05 256.74
14920.26 272.87
14921.47 283.43
14922.68 288.22
14923.90 292.11
14925.11 293.05
14926.32 294.03
14927.52 295.51
14928.73 296.76
14929.94 297.38
14931.15 297.69
14932.36 297.84
14933.56 296.92
14934.77 296.96
14935.98 297.98
14937.19 297.99
14938.40 298.00
14939.60 297.50
14940.80 298.25
14942.00 298.62
14943.20 297.81
14944.41 298.41
14945.63 297.70
14946.84 297.35
14948.05 298.68
14949.26 298.34
14950.47 297.67
14951.68 297.83
14952.89 297.92
14954.10 297.96