0.0 1.15023775864
1.2 1.22092276057
2.4 0.610461380285
3.6 1.26590412543
4.8 1.27875594397
6.0 0.63616501735
7.2 0.0
8.4 0.642590926616
9.59 25.061046138
10.78 51.085978666
11.98 68.275285953
13.19 78.7944994217
14.39 57.0685001928
15.6 40.7466906567
16.8 29.045109883
17.99 50.507646832
19.19 68.9500064259
20.38 80.420254466
21.6 70.4151137386
22.8 51.593625498
24.0 37.3602364735
25.2 26.3912093561
26.4 53.3607505462
27.6 71.6617401362
28.8 81.7761213212
30.0 64.9852204087
31.2 47.2689885619
32.4 33.5946536435
33.6 46.0352139828
34.81 65.1073126847
36.02 78.4989075954
37.22 86.8011823673
38.43 64.9273872253
39.63 45.315512145
40.84 31.9753245084
42.04 52.6153450713
43.26 70.3251510089
44.46 81.7504176841
45.67 73.3260506362
46.88 54.6523583087
48.08 39.859915178
49.28 29.2443130703
50.5 55.7511887932
51.7 73.4995501864
52.9 83.9802081995
54.11 67.6905282097
55.31 48.624855417
56.52 35.5609818789
57.73 47.3396735638
58.95 66.7202159106
60.16 79.6298676263
61.37 87.0453669194
62.57 63.4430021848
63.78 44.8914021334
64.98 32.0845649659
66.18 52.994473718
67.38 70.5115023776
68.59 81.5255108598
69.8 73.852975196
71.0 54.2796555713
72.2 39.0245469734
73.4 28.1904639506
74.6 51.6835882277
75.8 70.183781005
77.01 81.6797326822
78.22 71.681017864
79.43 53.8362678319
80.64 38.484770595
81.84 28.2354453155
83.05 55.5648374245
84.26 73.0882919933
85.46 83.7745791029
86.67 65.9812363449
87.87 47.7702094846
89.08 34.8091504948
90.28 49.5373345328
91.49 68.1403418584
92.69 80.0154221822
93.9 86.9168487341
95.11 63.3787430921
96.31 45.1869939596
97.52 31.9110654158
98.74 55.1535792315
99.95 72.8762369875
101.16 83.0291736281
102.36 71.7131474104
103.56 53.2065287238
104.76 38.4911965043
105.96 29.2057576147
107.17 56.6957974553
108.38 73.6473460995
109.58 84.378614574
110.8 65.3193676905
112.0 47.1211926488
113.2 33.5175427323
114.4 48.888317697
115.59 68.1403418584
116.79 80.3367176455
118.0 87.7200873924
119.2 64.1048708392
120.4 45.5468448786
121.6 33.0548772651
122.81 54.4403033029
124.02 71.2376301247
125.22 82.206657242
126.43 72.5870710706
127.64 53.3221950906
128.84 38.5490296877
130.04 28.9165916977
131.24 56.2267060789
132.44 73.0947179026
133.65 83.7745791029
134.85 66.3089577175
136.07 49.2160390695
137.27 35.2139827786
138.48 33.6717645547
139.68 58.2829970441
140.88 75.0867497751
142.1 84.7705950392
143.29 65.5185708778
144.49 47.8601722144
145.69 34.211540933
146.89 50.1992031873
148.11 68.7957846035
149.31 80.6644390181
150.52 84.0316154736
151.73 61.9329135073
152.94 43.4969798226
154.14 31.0692713019
155.34 55.0507646832
156.55 72.1886646961
157.76 82.3608790644
158.97 70.7364092019
160.17 52.3968641563
161.37 38.4076596838
162.58 33.6653386454
163.79 58.5978665981
165.0 74.6048065801
166.2 84.211540933
167.4 65.8784217967
168.6 48.0400976738
169.8 35.586685516
171.0 49.9228890888
172.2 68.3395450456
173.41 80.1118108212
174.62 86.0043696183
175.82 63.2437989976
177.03 44.4737180311
178.24 32.1938054235
179.45 54.973653772
180.66 71.8288137771
181.86 82.5022490682
183.08 70.8070942038
184.28 51.7928286853
185.48 38.4269374116
186.68 29.4949235317
187.89 56.1945765326
189.1 73.3967356381
190.3 83.607505462
191.51 65.5828299704
192.72 47.5710062974
193.92 35.0276314098
195.13 49.9678704537
196.34 68.6801182367
197.54 80.6066058347
198.75 85.9272587071
199.96 62.8839480787
201.16 45.5789744249
202.36 32.425138157
203.58 54.4467292122
204.78 71.5653514972
205.99 82.3673049737
207.2 88.4140855931
208.4 92.4045752474
209.6 94.7179025832
210.8 95.8745662511
212.0 96.7741935484
213.21 96.9027117337
214.42 98.2521526796
215.62 98.2842822259
216.83 98.6184295078
218.04 98.791929058
219.25 98.8754658784
220.46 98.914021334
221.66 99.5823158977
222.87 98.9461508803
224.09 98.6312813263
225.3 99.1196504305
226.51 98.7148181468
227.72 98.8369104228
228.94 98.9011695155
230.14 99.5694640792
231.34 99.2674463437
232.55 99.7558154479
233.76 100.0
234.97 99.4795013494
236.18 99.2160390695
237.38 99.0875208842
238.58 99.0232617915
239.79 99.3124277085
