0.0 0.617323644782
1.17 1.09317728763
2.34 1.00315092277
3.51 0.0
4.68 0.77808501061
5.84 0.527297279918
7.0 0.726641373545
8.16 0.823098193042
9.34 32.3773390779
10.5 56.5172657707
11.67 72.445501897
12.84 67.8734486528
14.0 49.5080702206
15.17 35.8240627612
16.34 26.0883544467
17.51 51.1221143335
18.68 69.1016654877
19.84 80.0270079095
21.0 69.7318500418
22.16 50.7555784194
23.33 37.090862324
24.5 28.011060382
25.68 54.3309111954
26.84 72.3168928043
28.0 82.5991897627
29.16 69.7318500418
30.33 51.3986238827
31.49 37.4123850556
32.66 27.2072535528
33.83 54.5752684715
35.0 72.4390714424
36.17 82.9785865861
37.34 67.0246286412
38.5 49.7267056781
39.66 35.93338049
40.83 40.9362741946
42.0 62.0796090284
43.18 76.5159796798
44.34 85.6600861681
45.51 66.117934538
46.68 47.6625297409
47.84 35.2260304804
49.0 46.363577905
50.18 66.4073049965
51.34 78.6766124365
52.52 86.0973570831
53.68 65.3720018005
54.84 47.9326088354
56.01 34.3965018327
57.17 48.8457333934
58.34 68.2849977493
59.51 79.9369815446
60.68 87.3705871005
61.84 64.4010031509
63.01 45.1996656164
64.18 33.0268149958
65.34 51.3793325188
66.51 69.2302745804
67.68 81.3774033824
68.85 85.5186161662
70.01 62.1889267571
71.18 45.3797183461
72.34 33.1168413607
73.5 47.5596424667
74.67 66.362291814
75.84 79.2939360813
77.01 86.4060189055
78.17 64.5617645168
79.34 46.8908751849
80.51 34.1907272844
81.68 50.9935052408
82.84 68.7222686644
84.01 80.7986624654
85.18 87.8014275609
86.35 63.9701626905
87.51 45.9520288084
88.68 33.7213040962
89.84 53.3341907273
91.01 70.2077036847
92.18 81.8661179345
93.35 80.2970870041
94.52 58.9351167128
95.68 42.1451996656
96.85 31.1748440615
98.02 53.6685743682
99.18 71.6609864317
100.34 82.2712365764
101.52 75.0305446595
102.69 55.6620153045
103.86 39.8623882709
105.03 29.3936081281
106.2 54.0608321008
107.37 71.5388077937
108.54 82.8499774934
109.72 72.1111182561
110.88 53.2313034532
112.04 38.9749855315
113.21 28.6283840268
114.38 54.6395730178
115.54 72.1497009839
116.7 82.5155938525
117.87 69.0437913961
119.04 51.0578097872
120.2 36.9236705035
121.37 29.850170407
122.54 56.2214648576
123.7 73.5836923671
124.86 84.1939425117
126.02 68.6000900264
127.19 49.5466529484
128.36 35.5218313935
129.52 39.4444087197
130.7 61.6551990226
131.86 76.6252974085
133.04 85.7115298052
134.2 67.7512700148
135.37 48.4856279339
136.54 34.9881036589
137.71 25.3488521638
138.88 53.970805736
140.04 72.1368400746
141.21 83.1457784065
142.37 69.0437913961
143.54 50.4147643238
144.71 36.5957173172
145.88 37.0844318693
147.04 60.156903093
148.21 75.5514114848
149.38 84.5347566073
150.53 66.8445759115
151.71 48.9936338499
152.88 35.8883673076
154.04 44.7688251559
155.21 64.6389299723
156.37 77.7956401518
157.54 85.9751784451
158.72 65.6356504405
159.89 47.4246029194
161.06 34.1392836474
162.23 48.0740788374
163.4 67.5776477397
164.57 80.2263520031
165.74 87.1969648254
166.92 64.6324995177
168.08 45.9584592631
169.24 34.0492572825
170.4 50.9227702399
171.57 69.3267313999
172.74 80.7793711015
173.91 87.4734743746
175.08 64.1309240563
176.24 45.7076715324
177.4 33.5991254582
178.56 52.6268407176
179.74 70.8250273294
180.91 81.525303839
182.08 79.4868497203
183.24 59.4945662658
184.4 42.7432319465
185.56 32.1201208925
186.73 53.8164748248
187.9 71.095106424
189.07 81.9882965726
190.24 75.5321201209
191.4 56.5558484985
192.56 41.9201337535
193.73 29.7794354061
194.9 53.9322230082
196.07 71.796025979
197.24 82.6570638544
198.41 72.6512764452
199.57 54.4723811974
200.74 38.9492637129
201.91 28.2940003858
203.08 54.4723811974
204.24 72.0661050736
205.41 82.7921034017
206.58 89.4411934924
207.74 92.7657385377
208.91 95.3957944827
210.09 96.0645617645
211.26 96.7204681371
212.43 97.6914667867
213.59 97.5307054209
214.77 98.0965854286
215.94 98.3795254324
217.11 98.1994727027
218.28 98.1094463379
219.46 98.7074786187
220.62 98.6881872548
221.78 99.3183718089
222.94 99.3119413543
224.11 99.3055108996
225.27 98.983988168
226.45 98.8232268021
227.62 98.4245386149
228.8 98.8618095299
229.98 99.4083981738
231.14 100.0
232.32 99.3312327182
