6297.01 80.27
6298.13 81.14
6299.26 81.57
6300.39 82.28
6301.52 81.64
6302.65 81.32
6303.78 81.66
6304.90 79.83
6306.02 80.92
6307.14 79.96
6308.27 81.98
6309.40 80.99
6310.52 79.49
6311.65 79.75
6312.78 79.87
6313.90 82.44
6315.02 82.72
6316.14 83.86
6317.27 82.93
6318.40 82.46
6319.52 82.73
6320.65 82.37
6321.78 80.68
6322.90 82.84
6324.02 82.92
6325.14 81.96
6326.28 81.48
6327.40 82.74
6328.52 83.87
6329.65 83.94
6330.78 80.97
6331.90 80.48
6333.02 79.24
6334.14 82.12
6335.27 82.56
6336.40 80.78
6337.53 83.39
6338.65 84.20
6339.78 83.10
6340.90 84.05
6342.02 84.52
6343.14 79.76
6344.26 79.88
6345.39 79.94
6346.52 82.47
6347.65 83.74
6348.78 82.87
6349.90 81.43
6351.02 83.22
6352.14 84.11
6353.27 81.05
6354.39 80.53
6355.52 79.26
6356.65 82.13
6357.78 83.57
6358.90 83.28
6360.02 83.64
6361.14 84.32
6362.27 82.66
6363.40 81.83
6364.52 83.42
6365.65 83.21
6366.78 80.60
6367.90 82.80
6369.02 83.90
6370.14 84.45
6371.26 84.73
6372.39 84.86
6373.52 84.93
6374.65 81.97
6375.78 82.48
6376.90 81.24
6378.02 82.12
6379.14 83.56
6380.27 85.78
6381.40 83.39
6382.52 84.70
6383.65 84.85
6384.78 84.92
6385.90 79.96
6387.02 82.48
6388.14 80.24
6389.27 82.62
6390.40 80.31
6391.53 80.16
6392.66 84.08
6393.78 84.04
6394.90 81.02
6396.02 82.51
6397.14 80.75
6398.27 79.38
6399.40 79.69
6400.52 81.84
6401.64 83.42
6402.77 84.21
6403.90 85.11
6405.02 81.55
6406.15 81.28
6407.27 82.64
6408.40 83.82
6409.52 134.91
6410.69 345.95
6411.86 492.48
6413.03 568.74
6414.20 584.87
6415.37 564.93
6416.54 521.97
6417.71 470.98
6418.88 469.99
6420.05 547.00
6421.20 604.50
6422.36 639.25
6423.53 644.62
6424.71 618.31
6425.89 573.16
6427.06 519.58
6428.23 465.29
6429.40 514.64
6430.56 583.32
6431.74 627.66
6432.91 647.33
6434.08 636.67
6435.25 602.33
6436.42 552.17
6437.60 497.58
6438.76 477.29
6439.94 549.15
6441.11 607.07
6442.28 641.54
6443.45 647.27
6444.62 622.13
6445.80 579.57
6446.96 528.28
6448.14 474.14
6449.31 514.57
6450.48 581.79
6451.65 625.89
6452.82 649.95
6453.99 640.97
6455.16 606.99
6456.33 557.99
6457.50 503.50
6458.66 471.75
6459.83 543.87
6460.99 604.44
6462.16 639.22
6463.34 650.61
6464.52 626.80
6465.68 585.40
6466.85 533.20
6468.02 479.60
6469.18 508.80
6470.34 576.40
6471.50 622.70
6472.66 647.85
6473.84 643.93
6475.01 611.46
6476.18 564.73
6477.35 510.87
6478.52 466.43
6479.69 533.22
6480.87 596.11
6482.05 636.55
6483.21 651.28
6484.39 630.64
6485.56 591.32
6486.74 539.66
6487.92 484.83
6489.09 502.91
6490.25 572.46
6491.42 620.73
6492.59 649.36
6493.76 646.68
6494.93 614.84
6496.10 569.92
6497.27 515.46
6498.44 465.23
6499.61 529.62
6500.79 595.31
6501.96 635.65
6503.13 650.83
6504.31 633.41
6505.48 595.21
6506.66 544.10
6507.83 489.55
6509.00 495.28
6510.16 566.64
6511.33 617.82
6512.50 646.41
6513.68 647.20
6514.84 618.60
6516.01 573.30
6517.17 519.65
6518.35 466.33
6519.52 524.16
6520.70 593.08
6521.86 634.04
6523.03 650.52
6524.20 636.26
6525.37 600.63
6526.55 549.82
6527.72 494.41
6528.91 488.70
6530.08 560.35
6531.24 615.18
6532.42 645.59
6533.59 647.29
6534.76 620.15
6535.93 576.57
6537.10 523.79
6538.27 470.39
6539.44 519.70
6540.60 587.35
6541.77 630.67
6542.94 651.34
6544.12 638.17
6545.29 602.08
6546.45 553.04
6547.62 499.02
6548.79 480.01
6549.96 552.01
6551.12 609.50
6552.29 644.75
6553.46 651.38
6554.64 625.19
6555.81 582.59
6556.98 529.80
6558.15 476.90
6559.32 514.95
6560.49 583.47
6561.66 627.24
6562.83 648.62
6564.00 640.31
6565.16 606.15
6566.34 558.08
6567.51 504.54
6568.68 471.27
6569.85 542.13
6571.02 604.07
6572.18 640.03
6573.34 649.52
6574.52 627.76
6575.69 588.88
6576.87 535.94
6578.04 482.97
6579.21 507.98
6580.38 576.49
6581.54 625.25
6582.71 648.12
6583.90 642.56
6585.07 609.78
6586.24 562.89
6587.40 508.95
6588.57 465.97
6589.75 533.49
6590.92 596.74
6592.09 637.37
6593.26 649.69
6594.43 630.84
6595.60 590.92
6596.76 539.96
6597.93 485.98
6599.10 435.99
6600.27 391.50
6601.44 352.25
6602.61 319.62
6603.79 292.81
6604.95 270.41
6606.12 252.20
6607.28 233.60
6608.44 219.30
6609.60 205.65
6610.76 193.83
6611.93 184.91
6613.10 175.46
6614.26 166.73
6615.42 161.86
6616.59 157.93
6617.76 151.47
6618.93 146.73
6620.10 140.87
6621.26 136.93
6622.42 131.97
6623.59 128.48
6624.76 126.24
6625.93 123.62
6627.10 121.31
6628.26 120.66
6629.43 118.83
6630.60 117.91
6631.76 112.46
6632.93 111.73
6634.10 112.36
6635.26 109.18
6636.42 109.09
6637.58 106.55
6638.75 106.77
6639.91 104.89
6641.08 105.44
6642.24 105.22
6643.41 101.61
6644.58 102.81
6645.76 101.40
6646.91 102.70
6648.07 101.85
6649.23 99.93
6650.36 100.46
6651.53 100.73
6652.70 100.87
6653.86 97.43
6654.99 97.72
6656.12 94.36
6657.25 94.18
6658.38 96.09
6659.50 96.54
6660.62 97.27
6661.75 97.14
6662.88 93.57
6664.01 93.28
6665.13 91.64
6666.26 90.82
6667.38 91.41
6668.51 93.71
6669.64 92.85
6670.77 94.43
6671.90 93.21
6673.02 93.11
6674.15 94.55
6675.28 92.28
6676.41 92.64
6677.54 94.32
6678.66 92.16
6679.79 91.08
6680.91 91.54
6682.04 92.27
6683.16 92.63
6684.29 91.32
6685.42 89.16
6686.54 91.08
6687.66 89.04
6688.78 89.52
6689.91 91.26
6691.04 89.63
6692.16 88.81
6693.29 87.41
6694.42 87.20
6695.54 89.10
6696.66 88.05
6697.78 87.53
6698.90 89.26
6700.03 90.13
6701.14 88.57
6702.27 87.78
6703.40 87.39
6704.52 87.20
6705.64 87.10
6706.76 85.05
6707.88 87.52
6709.01 88.26
6710.13 89.13
6711.26 88.07
6712.38 89.03
6713.50 90.02
6714.62 90.51
6715.75 88.25
6716.88 87.63
6718.01 84.81
6719.13 85.91
6720.26 83.95
6721.38 87.48
6722.51 88.24
6723.64 89.62
6724.77 86.31
6725.90 86.15
6727.02 87.58
6728.14 84.79
6729.26 86.39
6730.39 85.70
6731.51 85.35
6732.64 83.67
6733.77 82.84
6734.90 83.92
6736.02 84.46
6737.14 84.73
6738.26 84.86
6739.39 84.93
6740.52 84.97
6741.65 84.48
6742.78 84.74
6743.90 87.37
6745.02 83.19
6746.14 85.59
6747.27 87.30
6748.39 86.15
6749.52 87.07
6750.64 88.04
6751.76 85.52
6752.89 83.76
6754.02 85.38
6755.14 85.19
6756.26 85.09
6757.38 85.55
6758.50 85.27
6759.62 85.14
6760.75 85.07
6761.87 85.03
6762.99 83.52
6764.12 84.76
6765.25 84.88
6766.38 84.94
6767.50 83.47
6768.63 84.23
6769.75 84.62
6770.88 86.31
6772.01 87.15
6773.13 86.08
6774.25 87.04
6775.37 86.02
6776.50 82.51
6777.62 83.75
6778.75 84.38
6779.88 83.19
6781.01 85.59
6782.13 83.80
6783.26 84.40
6784.38 84.70
6785.50 84.85
6786.62 86.42
6787.74 85.21
6788.87 83.61
6790.00 84.30
6791.11 85.15
6792.24 85.58
6793.37 85.29
6794.50 85.14
6795.62 85.07
6796.74 83.54
6797.87 83.77
6799.00 83.88
6800.11 83.94
6801.24 91.47
6802.37 290.24
6803.55 434.12
6804.71 489.06
6805.89 491.53
6807.06 463.26
6808.23 423.63
6809.40 477.82
6810.57 559.41
6811.74 613.20
6812.92 641.10
6814.08 635.05
6815.24 602.53
6816.42 556.26
6817.60 501.63
6818.76 467.82
6819.93 539.41
6821.10 601.20
6822.27 637.60
6823.43 648.30
6824.60 625.65
6825.77 586.33
6826.95 534.16
6828.12 481.08
6829.29 507.54
6830.46 575.27
6831.63 623.14
6832.80 648.57
6833.97 642.78
6835.14 610.89
6836.31 564.45
6837.48 511.72
6838.65 466.36
6839.82 533.68
6840.99 598.84
6842.15 638.42
6843.33 650.71
6844.51 629.86
6845.68 590.93
6846.87 539.46
6848.04 485.23
6849.20 502.12
6850.37 571.56
6851.54 621.28
6852.72 647.14
6853.90 645.57
6855.07 613.28
6856.24 568.64
6857.40 515.82
6858.57 466.41
6859.74 529.71
6860.92 595.85
6862.09 636.93
6863.26 651.96
6864.43 633.48
6865.60 594.74
6866.76 543.87
6867.93 489.94
6869.11 494.47
6870.28 566.23
6871.45 618.12
6872.63 645.56
6873.79 646.28
6874.96 618.14
6876.14 573.57
6877.32 519.78
6878.49 466.89
6879.66 524.95
6880.83 591.97
6881.99 631.99
6883.16 648.49
6884.33 633.75
6885.51 598.37
6886.68 548.69
6887.86 493.84
6889.03 487.92
6890.20 559.46
6891.36 612.73
6892.54 643.87
6893.70 648.43
6894.88 621.22
6896.05 577.61
6897.22 524.30
6898.39 470.65
6899.56 520.33
6900.74 586.66
6901.92 630.83
6903.09 650.92
6904.26 638.46
6905.44 601.23
6906.61 552.11
6907.79 497.56
6908.96 482.28
6910.12 554.64
6911.30 609.82
6912.47 641.91
6913.63 646.95
6914.80 622.48
6915.97 581.24
6917.14 528.62
6918.32 474.81
6919.49 517.40
6920.66 585.70
6921.82 628.85
6922.99 649.93
6924.16 638.96
6925.33 603.98
6926.50 555.99
6927.67 503.00
6928.83 473.50
6930.00 543.25
6931.16 603.62
6932.34 640.81
6933.51 650.41
6934.69 626.20
6935.87 584.60
6937.04 533.30
6938.20 479.65
6939.36 508.83
6940.54 578.91
6941.70 624.46
6942.88 649.73
6944.05 641.86
6945.21 608.43
6946.39 562.72
6947.56 508.86
6948.74 467.93
6949.92 537.96
6951.08 599.48
6952.25 637.24
6953.42 650.12
6954.60 629.56
6955.76 590.28
6956.93 539.14
6958.11 485.57
6959.28 504.79
6960.46 573.39
6961.63 622.70
6962.79 648.85
6963.96 643.42
6965.13 611.71
6966.31 565.36
6967.48 512.18
6968.66 465.59
6969.83 532.29
6971.00 597.65
6972.16 636.32
6973.34 649.16
6974.52 630.08
6975.68 592.54
6976.86 541.27
6978.04 487.14
6979.20 498.57
6980.37 569.78
6981.54 618.89
6982.71 647.95
6983.89 646.97
6985.06 616.49
6986.23 571.24
6987.40 517.12
6988.57 465.56
6989.74 527.78
6990.90 593.39
6992.08 634.70
6993.24 650.85
6994.41 634.42
6995.59 596.21
6996.76 545.61
6997.94 491.80
6999.11 440.90
7000.28 395.95
7001.44 357.98
7002.61 324.99
7003.78 297.49
7004.94 272.75
7006.11 252.37
7007.28 235.69
7008.45 220.84
7009.62 207.92
7010.78 195.96
7011.95 186.98
7013.11 177.99
7014.28 168.50
7015.45 163.25
7016.62 157.12
7017.78 151.56
7018.95 146.28
7020.12 142.14
7021.29 138.07
7022.45 133.04
7023.62 129.52
7024.79 128.26
7025.96 125.63
7027.13 122.31
7028.30 120.16
7029.46 117.58
7030.63 116.29
7031.81 113.64
7032.98 112.82
7034.14 112.41
7035.31 110.21
7036.49 110.60
7037.65 108.30
7038.81 105.65
7039.98 104.33
7041.15 103.16
7042.32 102.58
7043.49 101.29
7044.66 101.15
7045.82 100.57
7046.99 99.79
7048.12 97.89
7049.25 98.95
7050.38 98.47
7051.50 97.24
7052.62 96.12
7053.75 96.06
7054.87 96.03
7055.99 95.51
7057.12 95.76
7058.25 95.88
7059.38 95.44
7060.50 95.22
7061.62 96.11
7062.75 95.55
7063.88 95.78
7065.01 94.39
7066.13 93.69
7067.26 94.85
7068.38 94.42
7069.51 93.21
7070.64 92.61
7071.77 92.30
7072.89 91.65
7074.02 91.83
7075.14 91.91
7076.26 91.46
7077.39 91.23
7078.52 91.11
7079.65 91.06
7080.77 90.53
7081.90 91.26
7083.02 90.63
7084.14 90.32
7085.27 90.66
7086.40 90.83
7087.52 90.41
7088.65 89.21
7089.78 88.10
7090.90 88.55
7092.02 89.78
7093.14 90.89
7094.27 88.94
7095.39 89.47
7096.52 88.74
7097.65 89.87
7098.78 88.93
7099.90 87.97
7101.02 88.98
7102.14 87.99
7103.27 88.00
7104.39 88.00
7105.51 87.50
7106.63 87.75
7107.76 87.37
7108.89 88.19
7110.02 87.59
7111.14 87.80
7112.26 87.40
7113.38 88.20
7114.50 87.60
7115.62 86.80
7116.74 86.90
7117.86 87.45
7118.99 87.22
7120.12 87.61
7121.25 87.81
7122.38 86.90
7123.50 85.95
7124.62 86.98
7125.74 87.49
7126.87 85.74
7128.00 86.37
7129.11 86.19
7130.24 85.59
7131.37 85.80
7132.49 86.90
7133.61 86.45
7134.74 85.72
7135.86 86.86
7136.99 85.43
7138.12 85.22
7139.26 86.61
7140.38 86.30
7141.50 85.65
7142.62 86.33
7143.75 87.16
7144.88 86.58
7146.01 87.29
7147.13 86.65
7148.26 85.32
7149.38 85.66
7150.51 85.83
7151.64 86.92
7152.77 86.46
7153.90 85.73
7155.02 86.36
7156.14 85.68
7157.27 85.34
7158.40 85.17
7159.53 84.59
7160.66 84.29
7161.78 86.15
7162.91 85.07
7164.03 85.54
7165.15 85.27
7166.28 84.63
7167.41 85.32
7168.54 85.16
7169.66 85.08
7170.78 84.04
7171.90 85.02
7173.02 86.51
7174.15 86.25
7175.27 85.13
7176.40 86.06
7177.51 85.53
7178.64 84.77
7179.77 86.38
7180.90 85.19
7182.02 84.60
7183.14 84.80
7184.26 84.40
7185.38 83.70
7186.50 83.85
7187.62 83.92
7188.74 83.46
7189.87 84.23
7191.00 83.62
7192.12 83.31
7193.26 84.65
7194.38 85.33
7195.51 85.16
7196.64 86.08
7197.76 86.04
7198.88 85.52
7200.01 84.76
7201.13 85.88
7202.26 257.94
7203.42 416.47
7204.59 486.24
7205.77 496.62
7206.94 472.81
7208.11 433.90
7209.28 458.45
7210.44 543.23
7211.62 602.11
7212.79 636.56
7213.96 639.28
7215.13 611.14
7216.31 567.07
7217.48 513.03
7218.64 461.02
7219.81 523.01
7220.98 589.50
7222.15 631.25
7223.32 649.13
7224.50 633.06
7225.66 595.53
7226.84 544.77
7228.02 491.38
7229.19 491.19
7230.36 562.10
7231.52 615.55
7232.69 644.27
7233.86 647.14
7235.04 618.07
7236.20 575.53
7237.36 521.77
7238.54 469.38
7239.72 521.69
7240.89 588.35
7242.06 630.17
7243.22 648.09
7244.40 634.54
7245.56 599.27
7246.73 551.14
7247.91 496.57
7249.08 482.78
7250.24 554.39
7251.41 609.20
7252.58 641.60
7253.74 648.30
7254.92 622.15
7256.09 580.57
7257.26 527.79
7258.44 473.89
7259.60 517.45
7260.77 584.22
7261.94 628.61
7263.11 650.81
7264.29 640.40
7265.46 604.20
7266.63 555.60
7267.80 502.30
7268.96 473.65
7270.12 544.33
7271.30 605.16
7272.47 639.58
7273.63 648.29
7274.80 625.15
7275.97 585.57
7277.14 532.79
7278.32 479.39
7279.49 509.70
7280.66 579.85
7281.83 626.42
7283.00 650.21
7284.16 643.11
7285.34 609.55
7286.51 562.78
7287.68 508.39
7288.86 469.19
7290.03 538.10
7291.18 601.55
7292.36 639.27
7293.53 648.64
7294.71 629.82
7295.88 589.91
7297.05 538.95
7298.22 485.48
7299.39 503.74
7300.56 574.87
7301.73 623.43
7302.90 648.22
7304.07 645.61
7305.24 614.30
7306.40 567.15
7307.57 513.58
7308.75 465.29
7309.92 531.64
7311.09 595.82
7312.26 636.41
7313.43 650.71
7314.61 632.85
7315.79 593.93
7316.96 541.96
7318.13 488.48
7319.30 497.24
7320.47 568.62
7321.63 618.31
7322.81 646.66
7323.99 645.83
7325.16 616.41
7326.33 570.21
7327.51 517.10
7328.68 465.55
7329.86 528.28
7331.02 594.14
7332.19 634.07
7333.36 649.03
7334.53 634.52
7335.72 596.76
7336.89 546.38
7338.06 492.19
7339.23 492.09
7340.40 562.05
7341.56 615.02
7342.73 646.01
7343.90 646.51
7345.07 618.25
7346.24 575.13
7347.41 521.56
7348.59 468.28
7349.76 521.64
7350.93 589.82
7352.10 630.41
7353.27 649.71
7354.44 636.85
7355.61 601.43
7356.79 550.71
7357.96 496.36
7359.14 484.18
7360.32 557.09
7361.48 611.04
7362.65 642.52
7363.82 646.26
7364.99 621.63
7366.16 579.32
7367.33 525.66
7368.51 471.83
7369.68 518.41
7370.86 585.21
7372.04 630.10
7373.20 648.05
7374.36 638.53
7375.54 602.76
7376.72 554.88
7377.89 500.94
7379.07 480.47
7380.24 552.24
7381.41 610.12
7382.58 642.06
7383.76 648.03
7384.92 622.51
7386.10 581.76
7387.28 528.38
7388.45 474.19
7389.63 515.09
7390.80 584.05
7391.95 629.02
7393.12 649.01
7394.30 641.01
7395.46 607.00
7396.62 559.50
7397.79 505.75
7398.96 470.88
7400.13 541.94
7401.30 603.97
7402.46 638.98
7403.64 649.49
7404.81 620.25
7405.99 568.62
7407.16 510.31
7408.33 456.16
7409.51 408.08
7410.68 367.04
7411.86 333.02
7413.03 304.01
7414.18 279.50
7415.35 257.75
7416.52 238.88
7417.69 223.94
7418.87 211.47
7420.04 199.23
7421.20 189.12
7422.37 179.56
7423.54 172.28
7424.71 166.14
7425.88 159.57
7427.05 153.28
7428.22 149.14
7429.38 144.57
7430.55 139.79
7431.72 135.89
7432.89 131.45
7434.06 129.72
7435.22 126.36
7436.38 123.18
7437.55 120.09
7438.72 119.05
7439.89 117.02
7441.05 114.01
7442.20 112.51
7443.36 110.75
7444.53 110.88
7445.71 109.44
7446.87 106.72
7448.04 106.36
7449.20 104.68
7450.36 103.34
7451.53 103.17
7452.71 103.08
7453.86 102.54
7455.03 100.77
7456.19 101.39
7457.36 100.69
7458.53 98.35
7459.66 97.67
7460.78 96.84
7461.91 97.92
7463.04 96.96
7464.16 96.48
7465.29 96.74
7466.42 95.37
7467.54 94.68
7468.67 95.34
7469.80 95.17
7470.92 95.59
7472.05 95.79
7473.17 95.40
7474.30 94.70
7475.42 92.85
7476.54 94.42
7477.67 93.21
7478.80 93.11
7479.93 92.05
7481.05 91.53
7482.17 92.76
7483.30 92.38
7484.42 91.19
7485.54 91.60
7486.66 91.30
7487.78 91.15
7488.91 91.07
7490.03 90.54
7491.15 88.77
7492.28 90.38
7493.41 90.19
7494.54 90.10
7495.67 91.05
7496.78 89.52
7497.91 88.26
7499.04 87.63
7500.16 88.32
7501.29 89.16
7502.42 88.08
7503.54 89.04
7504.66 89.02
7505.78 88.51
7506.91 88.75
7508.04 87.88
7509.16 87.94
7510.29 87.97
7511.42 88.48
7512.54 87.74
7513.67 87.37
7514.80 87.69
7515.92 88.84
7517.05 88.42
7518.17 88.71
7519.30 88.86
7520.42 87.93
7521.55 86.96
7522.68 86.98
7523.80 86.99
7524.92 87.50
7526.04 87.75
7527.16 87.87
7528.29 87.94
7529.42 88.47
7530.54 87.23
7531.67 87.62
7532.80 87.81
7533.92 87.40
7535.04 87.70
7536.16 87.85
7537.29 87.43
7538.42 87.71
7539.54 87.36
7540.67 86.68
7541.80 86.84
7542.92 87.42
7544.05 87.21
7545.18 86.10
7546.30 85.05
7547.42 86.53
7548.55 86.26
7549.68 86.13
7550.81 85.07
7551.94 86.53
7553.06 87.27
7554.18 87.13
7555.31 87.07
7556.44 85.53
7557.57 86.77
7558.70 87.38
7559.82 87.19
7560.95 86.10
7562.08 86.05
7563.20 86.02
7564.32 86.01
7565.45 86.01
7566.58 86.50
7567.70 86.25
7568.83 86.63
7569.96 85.31
7571.09 84.16
7572.21 84.58
7573.34 83.79
7574.46 84.39
7575.59 83.70
7576.72 84.35
7577.85 83.67
7578.98 85.84
7580.10 85.92
7581.22 85.96
7582.35 84.48
7583.48 84.74
7584.61 84.87
7585.74 83.93
7586.86 83.97
7587.99 84.48
7589.12 86.24
7590.25 85.12
7591.38 85.56
7592.50 85.28
7593.62 85.14
7594.75 85.07
7595.87 84.54
7597.00 84.27
7598.12 84.13
7599.26 84.57
7600.38 84.28
7601.51 84.14
7602.64 232.57
7603.81 387.79
7604.99 456.39
7606.16 468.20
7607.32 445.10
7608.49 408.55
7609.66 466.77
7610.84 552.39
7612.01 609.69
7613.18 638.85
7614.36 633.92
7615.53 601.46
7616.72 554.23
7617.89 499.62
7619.06 468.81
7620.23 540.90
7621.40 601.45
7622.56 639.73
7623.74 647.86
7624.91 623.93
7626.08 583.47
7627.25 530.73
7628.43 477.37
7629.60 510.18
7630.77 579.09
7631.94 626.05
7633.10 649.52
7634.28 642.76
7635.45 608.88
7636.62 561.94
7637.79 507.97
7638.96 467.49
7640.13 535.74
7641.30 598.37
7642.48 637.19
7643.65 648.59
7644.83 627.30
7646.00 587.15
7647.16 536.57
7648.34 482.29
7649.51 505.64
7650.68 573.82
7651.86 622.91
7653.03 648.96
7654.20 644.98
7655.37 611.99
7656.55 565.49
7657.72 511.75
7658.89 465.37
7660.06 532.69
7661.22 595.84
7662.39 636.42
7663.56 649.71
7664.74 630.36
7665.92 591.18
7667.09 540.09
7668.25 486.54
7669.42 497.77
7670.59 568.89
7671.75 620.44
7672.92 648.22
7674.10 647.11
7675.27 617.56
7676.44 571.28
7677.62 517.64
7678.80 466.32
7679.96 527.66
7681.14 594.33
7682.31 634.16
7683.49 649.58
7684.66 632.29
7685.84 595.65
7687.01 545.32
7688.18 490.66
7689.36 494.33
7690.53 565.67
7691.72 617.83
7692.89 647.42
7694.06 647.71
7695.23 617.35
7696.40 572.18
7697.57 519.09
7698.74 466.54
7699.91 523.77
7701.07 589.89
7702.24 631.94
7703.41 648.97
7704.58 633.99
7705.76 596.99
7706.92 548.00
7708.08 495.00
7709.24 484.50
7710.40 555.25
7711.57 611.12
7712.74 644.56
7713.92 647.78
7715.09 620.89
7716.25 578.45
7717.43 525.72
7718.60 472.36
7719.77 517.68
7720.94 585.34
7722.11 629.17
7723.29 650.59
7724.47 639.79
7725.64 603.40
7726.80 555.20
7727.96 501.60
7729.13 476.30
7730.31 548.65
7731.48 607.32
7732.65 641.16
7733.83 649.08
7735.00 624.54
7736.16 582.77
7737.34 530.39
7738.52 476.19
7739.70 514.10
7740.86 581.55
7742.04 626.27
7743.20 648.14
7744.37 640.57
7745.54 607.28
7746.72 559.64
7747.89 504.82
7749.06 470.91
7750.23 542.46
7751.40 603.73
7752.57 638.86
7753.74 648.93
7754.91 627.97
7756.08 587.98
7757.24 535.49
7758.42 482.25
7759.59 509.12
7760.76 578.06
7761.93 624.53
7763.10 649.27
7764.27 644.13
7765.44 610.57
7766.61 563.78
7767.78 510.39
7768.95 466.70
7770.12 534.85
7771.29 597.42
7772.46 637.21
7773.63 650.11
7774.81 629.55
7775.99 590.78
7777.16 539.89
7778.33 486.44
7779.50 501.72
7780.67 571.36
7781.85 621.18
7783.02 648.59
7784.19 645.80
7785.36 614.90
7786.52 568.95
7787.70 515.47
7788.87 465.24
7790.04 529.12
7791.21 595.06
7792.38 634.53
7793.55 648.26
7794.72 631.63
7795.90 593.32
7797.07 543.16
7798.24 489.58
7799.41 495.29
7800.59 566.64
7801.75 617.82
7802.92 647.41
7804.09 646.21
7805.26 607.60
7806.43 551.80
7807.60 494.90
7808.76 442.95
7809.92 396.48
7811.10 356.74
7812.27 323.87
7813.44 296.93
7814.61 273.47
7815.78 252.23
7816.94 234.12
7818.11 218.56
7819.28 206.28
7820.45 194.64
7821.62 186.32
7822.78 177.16
7823.95 169.58
7825.12 162.29
7826.29 155.14
7827.46 149.57
7828.62 144.29
7829.79 141.14
7830.96 136.07
7832.12 132.04
7833.29 128.52
7834.46 127.26
7835.62 124.13
7836.80 122.06
7837.95 120.53
7839.12 119.27
7840.29 118.13
7841.46 116.07
7842.62 112.53
7843.78 110.77
7844.95 107.88
7846.11 107.94
7847.28 106.97
7848.45 106.99
7849.62 106.49
7850.78 103.25
7851.95 103.62
7853.12 101.31
7854.29 101.66
7855.46 102.33
7856.62 102.16
7857.79 100.58
7858.95 100.29
7860.12 98.65
7861.26 97.32
7862.38 98.16
7863.50 98.58
7864.62 98.79
7865.75 97.90
7866.87 98.45
7868.00 96.72
7869.12 94.36
7870.25 94.68
7871.38 95.34
7872.51 95.17
7873.63 95.09
7874.76 94.54
7875.89 93.27
7877.02 92.64
7878.14 92.32
7879.27 91.16
7880.40 92.58
7881.52 91.29
7882.65 91.64
7883.78 91.82
7884.90 90.41
7886.02 91.21
7887.15 92.10
7888.27 91.55
7889.40 91.78
7890.52 89.89
7891.65 89.94
7892.78 91.47
7893.90 91.24
7895.03 90.62
7896.14 90.31
7897.27 88.65
7898.40 89.33
7899.53 89.66
7900.66 90.33
7901.78 89.67
7902.91 89.33
7904.04 89.17
7905.17 88.08
7906.30 87.54
7907.42 88.77
7908.54 87.39
7909.67 88.69
7910.80 87.35
7911.92 86.67
7913.05 86.34
7914.17 87.17
7915.30 88.08
7916.42 88.54
7917.54 86.77
7918.67 85.89
7919.80 85.94
7920.92 87.97
7922.05 87.99
7923.17 88.49
7924.30 87.75
7925.42 86.37
7926.55 86.69
7927.69 86.84
7928.82 87.42
7929.94 87.71
7931.07 88.86
7932.19 87.93
7933.32 88.46
7934.45 89.23
7935.58 89.62
7936.70 87.31
7937.83 86.65
7938.96 87.33
7940.10 87.66
7941.21 87.33
7942.34 85.67
7943.46 86.83
7944.59 85.92
7945.72 84.96
7946.85 86.48
7947.98 86.74
7949.10 85.87
7950.22 87.43
7951.36 85.72
7952.48 86.36
7953.61 85.68
7954.74 84.84
7955.86 83.92
7956.99 84.46
7958.12 83.73
7959.25 85.86
7960.38 85.93
7961.50 86.97
7962.63 87.48
7963.75 87.24
7964.88 86.12
7966.01 87.06
7967.13 85.03
7968.26 84.52
7969.39 83.76
7970.52 84.88
7971.65 84.94
7972.78 85.97
7973.90 86.98
7975.02 85.49
7976.14 85.75
7977.26 84.87
7978.39 83.94
7979.52 84.47
7980.65 83.73
7981.78 85.87
7982.90 84.43
7984.02 84.22
7985.15 85.11
7986.27 83.55
7987.40 85.28
7988.52 83.64
7989.65 85.32
7990.78 85.66
7991.90 84.83
7993.02 85.91
7994.14 86.46
7995.27 85.73
7996.41 86.36
7997.53 84.68
7998.66 83.84
7999.78 85.42
8000.91 83.71
8002.04 83.86
8003.16 85.43
8004.29 83.71
8005.42 82.86
8006.54 84.43
8007.69 83.21
8008.80 85.11
8009.92 84.05
8011.04 85.03
8012.16 191.51
8013.33 375.26
8014.50 471.63
8015.68 495.81
8016.85 480.91
8018.02 444.95
8019.19 427.98
8020.36 514.99
8021.52 586.99
8022.70 628.50
8023.86 641.75
8025.03 621.37
8026.20 581.69
8027.36 528.84
8028.53 474.92
8029.70 505.46
8030.87 575.23
8032.04 621.62
8033.21 646.81
8034.39 640.40
8035.56 608.70
8036.72 562.35
8037.89 508.68
8039.06 465.84
8040.23 534.42
8041.40 597.21
8042.57 635.60
8043.74 647.80
8044.91 629.40
8046.08 589.20
8047.24 538.60
8048.40 484.30
8049.56 499.65
8050.73 569.33
8051.90 619.16
8053.08 647.58
8054.24 644.79
8055.41 613.90
8056.58 569.45
8057.75 516.22
8058.92 465.11
8060.10 527.06
8061.26 592.03
8062.42 633.51
8063.60 649.76
8064.77 633.88
8065.94 596.44
8067.11 545.22
8068.28 490.61
8069.45 492.80
8070.61 563.40
8071.78 614.70
8072.95 645.35
8074.11 647.68
8075.29 619.34
8076.46 575.17
8077.64 521.08
8078.81 469.04
8079.98 521.02
8081.14 587.51
8082.32 631.76
8083.50 650.38
8084.67 636.69
8085.85 598.84
8087.02 548.92
8088.19 494.96
8089.36 483.98
8090.52 554.99
8091.70 611.00
8092.86 644.00
8094.02 649.00
8095.18 622.00
8096.34 581.00
8097.50 528.00
8098.66 475.50
8099.84 516.25
8101.01 583.13
8102.18 628.56
8103.35 649.28
8104.52 639.14
8105.70 605.57
8106.87 556.79
8108.04 502.39
8109.21 473.70
8110.38 544.35
8111.55 603.67
8112.72 639.34
8113.90 649.17
8115.07 625.08
8116.23 585.04
8117.40 533.02
8118.56 479.01
8119.73 508.51
8120.91 577.25
8122.08 625.13
8123.25 649.56
8124.42 642.28
8125.60 609.64
8126.76 562.82
8127.93 508.91
8129.11 468.96
8130.28 537.98
8131.45 600.99
8132.62 638.99
8133.78 649.50
8134.96 628.25
8136.13 588.62
8137.31 537.31
8138.48 484.16
8139.66 504.58
8140.84 575.29
8142.01 623.64
8143.18 649.32
8144.36 643.66
8145.53 611.83
8146.70 565.42
8147.87 511.21
8149.04 465.60
8150.20 533.30
8151.36 597.65
8152.54 637.33
8153.71 650.66
8154.88 631.33
8156.05 592.67
8157.22 542.33
8158.40 487.67
8159.56 497.83
8160.73 567.92
8161.90 618.96
8163.08 646.98
8164.24 646.49
8165.41 616.74
8166.59 570.87
8167.76 517.44
8168.93 466.22
8170.11 526.61
8171.28 592.30
8172.45 634.15
8173.62 648.58
8174.81 633.29
8175.99 594.64
8177.16 544.32
8178.33 490.16
8179.51 492.58
8180.68 564.29
8181.85 616.65
8183.02 646.32
8184.20 646.66
8185.36 616.83
8186.53 573.42
8187.71 520.21
8188.88 467.10
8190.05 525.05
8191.21 590.03
8192.38 633.01
8193.54 649.51
8194.72 636.25
8195.89 599.63
8197.06 548.81
8198.23 494.91
8199.40 484.95
8200.57 557.48
8201.74 612.24
8202.92 644.12
8204.09 647.06
8205.25 612.53
8206.42 558.76
8207.60 500.88
8208.76 447.94
8209.93 401.97
8211.10 362.49
8212.27 329.24
8213.44 300.62
8214.61 276.31
8215.78 255.16
8216.95 236.58
8218.12 220.79
8219.29 208.89
8220.45 197.95
8221.62 186.47
8222.78 177.24
8223.95 168.62
8225.12 163.31
8226.29 158.15
8227.46 152.08
8228.62 147.54
8229.78 143.77
8230.95 137.88
8232.11 133.44
8233.28 130.72
8234.45 128.86
8235.62 126.43
8236.78 123.22
8237.95 119.61
8239.12 116.80
8240.28 115.90
8241.44 114.95
8242.60 111.48
8243.76 110.74
8244.93 110.37
8246.10 110.18
8247.26 109.09
8248.42 106.55
8249.58 104.77
8250.74 104.39
8251.91 104.19
8253.08 102.60
8254.23 102.80
8255.39 100.40
8256.55 100.70
8257.71 100.85
8258.88 98.42
8260.01 98.71
8261.13 98.86
8262.26 97.43
8263.38 96.21
8264.51 97.61
8265.64 96.80
8266.76 95.90
8267.87 96.95
8269.00 94.48
8270.12 93.74
8271.25 94.37
8272.38 94.68
8273.50 94.84
8274.62 94.42
8275.75 93.21
8276.88 92.61
8278.02 91.30
8279.13 93.15
8280.26 91.58
8281.38 92.79
8282.51 92.89
8283.64 93.45
8284.77 91.72
8285.90 92.86
8287.02 90.93
8288.14 90.97
8289.27 89.98
8290.39 89.99
8291.51 89.00
8292.63 88.50
8293.75 88.25
8294.88 88.12
8296.01 89.56
8297.13 90.28
8298.26 89.14
8299.38 89.57
8300.51 90.29
8301.64 89.64
8302.77 88.82
8303.90 87.41
8305.02 87.21
8306.14 88.60
8307.26 88.30
8308.38 88.15
8309.51 87.58
8310.64 89.29
8311.77 88.64
8312.90 87.82
8314.02 88.41
8315.14 88.21
8316.28 87.60
8317.40 86.80
8318.52 86.40
8319.64 85.70
8320.76 88.35
8321.89 88.68
8323.02 88.84
8324.14 88.42
8325.26 88.71
8326.39 86.35
8327.52 88.18
8328.65 86.59
8329.78 86.29
8330.90 87.65
8332.02 86.82
8333.14 86.91
8334.27 85.96
8335.40 86.98
8336.52 85.99
8337.65 86.99
8338.78 85.50
8339.90 86.25
8341.02 85.12
8342.14 85.56
8343.27 86.78
8344.40 87.89
8345.52 87.95
8346.65 87.97
8347.78 85.99
8348.90 86.49
8350.02 86.75
8351.14 85.37
8352.27 85.19
8353.40 86.59
8354.52 87.30
8355.64 87.65
8356.77 86.82
8357.90 87.41
8359.02 87.21
8360.14 85.10
8361.26 86.05
8362.38 86.53
8363.51 87.76
8364.64 86.88
8365.77 86.44
8366.90 86.72
8368.02 86.36
8369.14 86.68
8370.26 85.34
8371.39 85.17
8372.52 83.59
8373.66 83.79
8374.78 84.40
8375.90 85.70
8377.02 85.35
8378.14 85.17
8379.27 83.59
8380.41 85.29
8381.53 85.65
8382.66 86.32
8383.78 86.66
8384.91 85.33
8386.04 83.67
8387.16 83.83
8388.29 83.92
8389.42 85.46
8390.54 85.73
8391.69 84.36
8392.81 85.18
8393.94 86.09
8395.06 86.05
8396.18 85.02
8397.30 85.51
8398.42 85.26
8399.55 85.63
8400.69 85.81
8401.82 86.41
8402.95 85.70
8404.06 83.85
8405.18 82.43
8406.31 84.71
8407.44 85.36
8408.57 86.18
8409.70 84.59
8410.82 84.79
8411.94 118.90
8413.11 323.95
8414.28 449.47
8415.45 491.74
8416.62 486.87
8417.79 455.93
8418.96 415.47
8420.12 488.73
8421.29 569.87
8422.46 619.93
8423.63 640.97
8424.80 627.98
8425.96 592.49
8427.13 543.25
8428.31 490.12
8429.48 483.06
8430.65 556.03
8431.82 611.52
8433.00 642.26
8434.16 645.63
8435.33 620.31
8436.51 577.16
8437.69 523.08
8438.85 469.54
8440.02 518.27
8441.18 587.13
8442.36 629.07
8443.53 650.03
8444.70 637.02
8445.86 602.51
8447.03 554.25
8448.20 500.13
8449.36 477.06
8450.53 549.03
8451.70 606.02
8452.86 642.01
8454.02 649.50
8455.19 625.25
8456.36 583.13
8457.53 531.06
8458.70 477.03
8459.86 510.02
8461.03 579.51
8462.20 625.25
8463.37 648.63
8464.54 642.31
8465.71 608.16
8466.88 560.08
8468.04 506.54
8469.21 467.77
8470.39 537.88
8471.56 600.94
8472.73 638.47
8473.90 648.74
8475.07 628.87
8476.24 589.43
8477.41 536.72
8478.59 482.36
8479.75 503.18
8480.92 574.09
8482.08 623.04
8483.24 648.52
8484.41 644.26
8485.58 613.13
8486.75 567.57
8487.93 513.78
8489.10 465.89
8490.27 531.95
8491.44 595.97
8492.61 635.99
8493.78 649.99
8494.95 632.00
8496.11 594.50
8497.28 543.75
8498.45 488.87
8499.62 494.94
8500.80 566.47
8501.96 618.73
8503.13 647.87
8504.30 647.43
8505.48 616.22
8506.65 570.61
8507.84 516.80
8509.00 465.40
8510.16 524.70
8511.32 591.35
8512.50 633.18
8513.68 650.59
8514.85 635.29
8516.02 597.15
8517.19 547.57
8518.36 493.79
8519.53 488.89
8520.70 560.45
8521.86 613.22
8523.04 644.11
8524.20 647.56
8525.37 620.78
8526.54 577.39
8527.71 523.69
8528.89 470.35
8530.06 519.67
8531.22 586.84
8532.39 630.42
8533.56 649.71
8534.73 637.35
8535.91 602.68
8537.09 552.84
8538.25 497.92
8539.42 478.96
8540.59 551.48
8541.75 608.24
8542.92 643.12
8544.09 649.56
8545.25 624.28
8546.43 582.64
8547.60 528.82
8548.76 475.91
8549.93 514.46
8551.11 581.73
8552.28 627.36
8553.45 649.18
8554.63 640.09
8555.80 606.55
8556.97 557.77
8558.14 503.39
8559.32 472.69
8560.49 542.85
8561.67 603.92
8562.84 640.46
8564.01 649.73
8565.18 626.87
8566.36 585.43
8567.53 532.22
8568.71 478.61
8569.88 511.80
8571.04 578.90
8572.20 625.95
8573.37 648.48
8574.55 641.24
8575.72 609.12
8576.89 561.06
8578.06 507.53
8579.23 467.26
8580.40 537.13
8581.57 600.07
8582.74 638.53
8583.90 649.77
8585.08 629.88
8586.25 588.94
8587.42 537.97
8588.59 484.49
8589.75 502.74
8590.92 571.87
8592.09 620.44
8593.26 646.72
8594.44 644.36
8595.61 613.68
8596.78 567.84
8597.95 513.42
8599.12 464.71
8600.30 529.85
8601.46 595.43
8602.63 636.21
8603.82 649.11
8605.00 631.05
8606.16 593.53
8607.33 542.26
8608.51 488.13
8609.68 438.07
8610.85 393.03
8612.02 355.52
8613.19 322.26
8614.36 294.63
8615.54 269.81
8616.70 249.41
8617.86 232.20
8619.02 217.60
8620.18 204.80
8621.34 194.40
8622.50 185.20
8623.66 176.60
8624.82 170.30
8625.98 164.65
8627.15 158.33
8628.33 152.16
8629.50 147.08
8630.67 143.04
8631.82 138.52
8632.99 134.76
8634.16 132.38
8635.33 128.69
8636.50 126.85
8637.67 123.42
8638.84 119.21
8640.01 119.11
8641.18 117.05
8642.34 113.53
8643.50 112.76
8644.67 111.38
8645.84 110.19
8647.01 108.60
8648.17 106.80
8649.33 107.40
8650.49 106.70
8651.65 105.35
8652.82 104.17
8653.99 104.09
8655.15 101.54
8656.32 100.27
8657.49 99.14
8658.62 99.57
8659.74 97.28
8660.87 98.14
8662.01 97.57
8663.12 96.79
8664.25 95.89
8665.38 95.95
8666.50 96.97
8667.62 96.49
8668.75 96.74
8669.88 96.37
8671.01 94.69
8672.13 95.34
8673.26 95.17
8674.38 95.59
8675.51 94.29
8676.64 92.65
8677.77 93.32
8678.90 92.16
8680.02 91.58
8681.14 92.29
8682.26 91.65
8683.39 91.32
8684.52 91.66
8685.65 90.83
8686.78 92.42
8687.90 90.71
8689.02 91.35
8690.14 91.68
8691.27 91.34
8692.40 90.17
8693.52 89.58
8694.65 89.29
8695.78 89.15
8696.90 90.57
8698.02 89.29
8699.14 90.14
8700.27 89.57
8701.40 88.29
8702.52 89.14
8703.65 89.57
8704.78 90.29
8705.90 90.14
8707.02 89.07
8708.14 88.04
8709.26 89.02
8710.38 88.01
8711.50 88.00
8712.62 87.50
8713.74 88.25
8714.86 87.63
8715.99 87.31
8717.12 87.66
8718.25 88.83
8719.38 86.91
8720.50 86.96
8721.62 86.98
8722.75 86.99
8723.87 86.99
8724.99 86.50
8726.11 86.75
8727.24 87.37
8728.37 86.69
8729.50 87.84
8730.62 86.92
8731.74 87.46
8732.87 88.73
8734.00 87.37
8735.12 87.18
8736.25 87.59
8737.38 86.30
8738.50 87.15
8739.62 87.57
8740.75 86.79
8741.89 87.39
8743.00 86.20
8744.11 87.10
8745.24 87.55
8746.37 86.27
8747.50 87.14
8748.62 86.07
8749.74 86.03
8750.86 85.52
8751.99 85.26
8753.12 86.13
8754.25 85.56
8755.38 84.28
8756.50 85.14
8757.62 84.07
8758.74 86.04
8759.87 86.52
8761.00 85.76
8762.12 85.38
8763.25 84.69
8764.38 86.34
8765.50 87.17
8766.62 86.59
8767.75 85.79
8768.88 85.40
8770.00 85.20
8771.11 86.60
8772.23 87.30
8773.35 87.65
8774.48 85.32
8775.61 85.66
8776.74 86.83
8777.86 85.92
8778.99 86.46
8780.12 85.23
8781.25 85.61
8782.38 84.31
8783.50 83.65
8784.62 85.33
8785.75 85.16
8786.88 85.08
8788.00 86.54
8789.11 85.27
8790.24 84.14
8791.37 84.07
8792.49 83.53
8793.62 83.77
8794.74 85.88
8795.87 84.44
8797.00 84.72
8798.11 84.36
8799.24 86.18
8800.36 86.09
8801.48 87.05
8802.60 86.52
8803.72 85.76
8804.85 84.38
8805.98 83.69
8807.10 84.85
8808.22 83.92
8809.35 82.96
8810.49 82.98
8811.60 84.49
8812.72 257.25
8813.90 416.62
8815.07 485.31
8816.24 495.66
8817.41 472.33
8818.59 433.16
8819.76 458.58
8820.92 543.29
8822.09 604.15
8823.26 638.57
8824.43 638.79
8825.60 610.39
8826.77 566.20
8827.94 512.10
8829.11 460.55
8830.28 521.27
8831.45 587.64
8832.62 630.82
8833.80 648.41
8834.97 632.20
8836.14 595.60
8837.31 544.80
8838.48 491.40
8839.64 487.20
8840.82 560.10
8841.99 613.05
8843.14 644.03
8844.31 647.01
8845.48 620.01
8846.66 575.50
8847.83 521.75
8849.00 468.88
8850.16 519.44
8851.34 587.22
8852.52 631.11
8853.69 648.55
8854.86 636.28
8856.03 601.14
8857.20 551.57
8858.36 497.28
8859.53 479.64
8860.70 550.82
8861.86 608.91
8863.04 641.46
8864.20 648.23
8865.37 622.11
8866.55 579.56
8867.72 526.78
8868.89 473.89
8870.06 514.44
8871.22 581.22
8872.40 625.61
8873.57 649.31
8874.75 639.65
8875.92 603.83
8877.10 556.41
8878.27 502.71
8879.44 474.85
8880.61 546.43
8881.79 606.71
8882.96 640.86
8884.13 649.43
8885.31 625.71
8886.48 583.36
8887.67 530.18
8888.84 477.09
8890.00 513.04
8891.16 579.52
8892.33 625.76
8893.51 647.38
8894.68 639.69
8895.84 607.35
8897.02 560.67
8898.19 506.84
8899.36 469.42
8900.53 538.71
8901.70 602.35
8902.88 640.18
8904.04 650.59
8905.20 627.79
8906.37 587.40
8907.54 535.20
8908.71 482.10
8909.87 505.55
8911.04 574.77
8912.21 622.89
8913.38 647.44
8914.55 642.72
8915.72 612.36
8916.89 566.68
8918.06 513.34
8919.23 465.17
8920.40 530.09
8921.56 595.04
8922.73 633.52
8923.90 648.76
8925.08 631.38
8926.24 593.19
8927.42 542.10
8928.60 487.55
8929.76 496.77
8930.93 567.89
8932.10 619.44
8933.26 648.72
8934.44 645.86
8935.60 616.93
8936.77 571.47
8937.95 518.23
8939.12 466.12
8940.30 526.06
8941.46 593.03
8942.62 634.01
8943.80 651.01
8944.96 635.50
8946.13 597.25
8947.31 546.63
8948.48 492.31
8949.67 488.66
8950.84 560.83
8952.01 613.41
8953.18 645.21
8954.35 647.10
8955.52 620.05
8956.69 575.03
8957.86 522.01
8959.03 469.01
8960.20 519.00
8961.35 587.50
8962.51 630.25
8963.68 648.63
8964.85 636.31
8966.02 600.16
8967.19 552.58
8968.36 498.79
8969.52 478.89
8970.69 549.45
8971.86 608.22
8973.02 642.61
8974.19 649.31
8975.37 625.15
8976.55 581.58
8977.72 529.29
8978.89 475.64
8980.06 514.32
8981.22 581.16
8982.40 625.58
8983.56 649.29
8984.73 641.15
8985.91 606.07
8987.08 558.54
8988.24 504.77
8989.41 470.88
8990.58 540.44
8991.75 602.72
8992.92 638.36
8994.09 647.18
8995.25 625.59
8996.42 586.80
8997.59 535.40
8998.76 481.70
8999.93 505.35
9001.10 575.67
9002.26 623.34
9003.44 649.17
9004.61 644.58
9005.79 610.79
9006.96 563.40
9008.13 509.20
9009.30 456.60
9010.46 410.30
9011.63 369.15
9012.81 334.57
9013.98 304.29
9015.14 279.64
9016.32 259.32
9017.49 240.66
9018.67 223.83
9019.83 211.42
9021.00 199.71
9022.16 188.85
9023.33 179.93
9024.50 171.96
9025.67 165.48
9026.83 158.24
9028.00 152.12
9029.16 147.56
9030.33 142.78
9031.50 139.39
9032.66 136.20
9033.83 131.60
9034.99 128.30
9036.15 125.15
9037.32 122.57
9038.49 120.29
9039.67 117.64
9040.83 116.32
9042.00 113.66
9043.15 112.83
9044.32 112.42
9045.49 110.21
9046.67 108.10
9047.82 107.55
9048.99 106.78
9050.16 104.89
9051.33 103.94
9052.50 103.97
9053.66 103.99
9054.83 103.49
9055.99 102.75
9057.16 101.87
9058.33 100.94
9059.50 98.97
9060.62 97.48
9061.74 97.24
9062.87 97.62
9064.00 97.31
9065.12 96.66
9066.25 96.33
9067.38 95.66
9068.50 95.33
9069.62 95.17
9070.75 95.58
9071.88 95.29
9073.01 94.15
9074.14 93.57
9075.26 93.29
9076.39 93.14
9077.52 93.57
9078.66 92.29
9079.78 91.64
9080.91 91.82
9082.04 91.91
9083.16 91.46
9084.29 91.73
9085.42 91.36
9086.54 91.18
9087.67 91.59
9088.80 91.30
9089.92 90.15
9091.05 90.57
9092.17 91.29
9093.30 91.14
9094.42 90.57
9095.55 89.79
9096.68 88.89
9097.80 89.95
9098.92 89.97
9100.05 89.99
9101.17 88.49
9102.30 89.25
9103.42 89.12
9104.55 89.56
9105.68 89.28
9106.81 90.14
9107.94 89.07
9109.06 88.04
9110.18 88.02
9111.30 87.51
9112.43 87.25
9113.56 87.13
9114.69 88.56
9115.82 88.28
9116.94 87.64
9118.07 87.32
9119.19 87.16
9120.32 87.58
9121.45 87.29
9122.58 87.15
9123.71 87.57
9124.84 87.29
9125.97 87.64
9127.10 87.82
9128.22 87.41
9129.34 87.71
9130.47 87.35
9131.60 86.68
9132.72 86.34
9133.85 86.17
9134.98 86.58
9136.10 86.29
9137.22 87.15
9138.35 87.07
9139.47 86.54
9140.60 87.27
9141.72 87.63
9142.85 86.82
9143.98 87.41
9145.10 86.20
9146.22 85.10
9147.34 86.55
9148.47 84.78
9149.60 86.39
9150.72 85.19
9151.85 85.10
9152.98 84.05
9154.10 84.52
9155.22 86.26
9156.35 85.13
9157.48 86.07
9158.60 85.53
9159.72 86.27
9160.85 87.13
9161.98 86.07
9163.10 87.03
9164.22 86.02
9165.34 86.01
9166.46 85.50
9167.58 85.75
9168.71 85.38
9169.84 85.69
9170.97 85.34
9172.10 85.17
9173.22 85.09
9174.34 85.54
9175.47 84.77
9176.60 85.89
9177.72 84.94
9178.85 84.97
9179.98 83.99
9181.10 83.49
9182.22 84.75
9183.35 85.37
9184.48 86.69
9185.61 85.84
9186.74 84.92
9187.86 84.46
9188.99 84.23
9190.12 84.12
9191.26 83.56
9192.38 85.78
9193.51 84.39
9194.65 84.69
9195.78 84.35
9196.90 84.17
9198.02 85.09
9199.14 84.04
9200.26 84.52
9201.39 84.76
9202.52 84.38
9203.66 83.69
9204.78 83.85
9205.91 84.42
9207.04 84.21
9208.16 84.11
9209.30 84.55
9210.42 84.78
9211.54 84.39
9212.68 229.19
9213.84 398.10
9215.01 480.05
9216.17 496.52
9217.34 477.26
9218.52 438.63
9219.69 440.82
9220.86 527.41
9222.03 594.20
9223.18 631.60
9224.35 638.80
9225.52 614.90
9226.68 573.45
9227.85 520.73
9229.03 468.36
9230.20 513.18
9231.37 581.09
9232.53 625.05
9233.70 648.02
9234.86 638.01
9236.03 604.01
9237.20 555.00
9238.36 501.00
9239.52 470.50
9240.68 542.25
9241.85 602.13
9243.03 639.56
9244.19 648.28
9245.36 625.14
9246.54 583.57
9247.71 532.29
9248.89 478.64
9250.06 509.32
9251.23 578.16
9252.40 625.08
9253.56 648.54
9254.73 642.77
9255.90 608.89
9257.07 562.44
9258.24 508.22
9259.41 466.11
9260.59 536.06
9261.75 599.53
9262.92 635.76
9264.09 647.38
9265.25 628.69
9266.42 589.85
9267.60 538.92
9268.77 484.46
9269.94 502.23
9271.12 572.62
9272.29 620.31
9273.47 647.15
9274.65 643.08
9275.82 612.54
9277.00 566.27
9278.16 512.13
9279.34 465.07
9280.51 531.53
9281.68 596.27
9282.85 636.13
9284.02 650.57
9285.19 632.28
9286.36 593.64
9287.53 542.32
9288.71 488.16
9289.88 497.58
9291.05 568.29
9292.22 617.65
9293.39 647.32
9294.56 646.16
9295.73 615.08
9296.90 570.54
9298.07 516.77
9299.24 464.89
9300.41 525.44
9301.58 590.72
9302.75 632.86
9303.91 649.93
9305.09 634.97
9306.26 595.98
9307.43 545.49
9308.60 492.25
9309.77 489.62
9310.94 560.31
9312.10 613.16
9313.28 644.58
9314.45 646.29
9315.62 618.14
9316.80 574.07
9317.96 521.04
9319.13 468.52
9320.31 518.76
9321.48 587.38
9322.66 631.19
9323.83 650.59
9325.00 636.80
9326.16 600.90
9327.32 550.95
9328.50 496.47
9329.67 480.74
9330.84 551.37
9332.01 607.68
9333.18 641.34
9334.35 647.67
9335.52 621.34
9336.70 578.67
9337.87 526.33
9339.04 473.17
9340.21 515.58
9341.38 583.79
9342.55 628.90
9343.72 649.95
9344.89 639.97
9346.06 603.99
9347.23 555.99
9348.40 502.00
9349.56 473.00
9350.72 543.00
9351.88 602.50
9353.05 638.25
9354.22 648.62
9355.40 624.81
9356.56 584.41
9357.74 532.20
9358.91 478.60
9360.08 508.30
9361.24 578.15
9362.41 624.58
9363.58 649.29
9364.76 643.14
9365.93 608.57
9367.10 561.79
9368.27 507.89
9369.44 466.45
9370.62 536.22
9371.80 598.61
9372.97 637.31
9374.14 648.65
9375.32 628.83
9376.49 588.41
9377.66 537.21
9378.84 482.60
9380.00 502.80
9381.16 573.40
9382.32 621.20
9383.49 647.60
9384.66 644.80
9385.82 612.40
9386.99 567.20
9388.16 513.60
9389.32 464.80
9390.49 529.40
9391.66 595.20
9392.83 633.60
9393.99 649.80
9395.16 631.90
9396.32 594.95
9397.49 544.97
9398.66 490.49
9399.83 491.24
9401.00 562.62
9402.16 615.31
9403.34 644.16
9404.52 645.58
9405.68 617.79
9406.85 572.89
9408.02 519.45
9409.19 467.22
9410.36 418.61
9411.54 376.31
9412.72 341.65
9413.89 310.83
9415.06 284.41
9416.22 262.21
9417.40 242.60
9418.55 227.80
9419.71 213.40
9420.87 202.70
9422.03 191.85
9423.19 183.43
9424.36 174.71
9425.53 167.86
9426.70 159.93
9427.86 153.96
9429.02 148.98
9430.18 143.99
9431.35 140.00
9432.51 136.00
9433.67 132.50
9434.83 129.25
9436.00 127.12
9437.16 123.06
9438.33 121.03
9439.49 118.52
9440.66 115.76
9441.82 115.38
9442.99 115.19
9444.16 111.59
9445.33 111.30
9446.50 110.15
9447.66 108.57
9448.83 107.79
9450.00 106.89
9451.15 105.45
9452.32 104.72
9453.49 102.86
9454.66 100.93
9455.82 100.97
9456.99 99.98
9458.11 99.49
9459.24 98.75
9460.37 99.37
9461.50 98.19
9462.64 98.09
9463.74 97.55
9464.87 97.27
9466.00 96.14
9467.12 96.07
9468.25 95.53
9469.38 95.77
9470.50 94.88
9471.63 94.94
9472.75 95.47
9473.88 93.24
9475.01 94.62
9476.13 94.81
9477.26 93.40
9478.38 92.20
9479.50 92.10
9480.62 94.05
9481.74 93.03
9482.86 92.51
9483.99 92.26
9485.12 92.13
9486.25 93.06
9487.37 91.03
9488.49 91.02
9489.61 89.51
9490.74 90.25
9491.86 91.13
9492.99 90.56
9494.12 90.78
9495.25 90.89
9496.38 89.95
9497.50 89.47
9498.64 89.74
9499.77 88.37
9500.90 87.68
9502.02 88.34
9503.14 89.17
9504.26 89.59
9505.39 88.29
9506.52 88.15
9507.65 88.07
9508.78 87.54
9509.90 87.77
9511.02 87.88
9512.14 87.44
9513.26 87.22
9514.39 87.61
9515.52 87.31
9516.66 89.15
9517.78 88.58
9518.91 88.29
9520.04 88.14
9521.16 88.07
9522.28 89.04
9523.40 88.02
9524.52 88.01
9525.65 87.50
9526.77 88.25
9527.90 86.63
9529.02 85.81
9530.14 86.41
9531.27 87.20
9532.39 86.10
9533.51 87.05
9534.64 87.03
9535.77 87.01
9536.90 86.51
9538.02 86.75
9539.14 86.88
9540.27 85.94
9541.40 86.97
9542.52 86.98
9543.65 87.49
9544.78 85.75
9545.90 86.37
9547.02 85.19
9548.15 86.09
9549.27 87.05
9550.39 87.52
9551.52 87.26
9552.65 87.63
9553.78 87.32
9554.90 86.66
9556.02 85.83
9557.14 86.41
9558.27 87.21
9559.40 86.10
9560.52 86.05
9561.65 85.53
9562.78 84.76
9563.90 84.38
9565.02 85.69
9566.14 85.35
9567.27 85.67
9568.40 85.84
9569.52 86.92
9570.65 86.46
9571.78 85.23
9572.90 85.61
9574.02 86.31
9575.15 87.15
9576.28 85.58
9577.41 85.79
9578.54 86.39
9579.66 84.70
9580.78 85.35
9581.91 85.67
9583.04 84.34
9584.17 85.17
9585.30 84.08
9586.42 85.04
9587.54 84.52
9588.66 83.76
9589.79 84.88
9590.91 84.94
9592.04 84.47
9593.16 85.24
9594.30 84.12
9595.42 84.56
9596.55 86.28
9597.68 85.64
9598.81 85.32
9599.94 85.16
9601.06 84.08
9602.18 83.54
9603.30 84.77
9604.42 84.88
9605.54 84.94
9606.66 83.97
9607.79 84.49
9608.92 83.74
9610.05 83.37
9611.17 84.19
9612.30 84.59
9613.41 83.80
9614.53 84.90
9615.65 85.45
9616.78 84.72
9617.90 84.86
9619.02 84.43
9620.14 82.72
9621.27 83.86
9622.40 83.93
9623.52 83.96
9624.65 83.98
9625.77 84.49
9626.90 84.25
9628.02 84.12
9629.14 83.56
9630.27 82.28
9631.40 82.64
9632.52 83.32
9633.65 83.16
9634.78 83.58
9635.90 83.29
9637.02 83.65
9638.15 83.82
9639.28 84.41
9640.41 84.21
9641.54 84.10
9642.66 84.05
9643.78 84.03
9644.90 84.01
9646.02 84.51
9647.14 84.25
9648.27 83.63
9649.40 83.81
9650.52 83.91
9651.65 83.95
9652.78 83.48
9653.90 83.74
9655.02 84.37
9656.14 85.18
9657.27 84.09
9658.39 84.05
9659.51 84.02
9660.64 84.01
9661.77 84.01
9662.90 84.00
9664.01 84.50
9665.12 84.75
9666.25 84.38
9667.38 84.19
9668.50 84.09
9669.63 84.05
9670.74 84.02
9671.86 82.51
9672.98 82.76
9674.11 82.88
9675.24 83.44
9676.37 83.22
9677.50 83.61
9678.64 83.30
9679.76 83.65
9680.90 83.83
9682.01 83.41
9683.13 83.21
9684.26 83.60
9685.38 84.30
9686.50 83.65
9687.62 82.83
9688.76 83.41
9689.89 83.21
9691.02 83.10
9692.14 83.05
9693.26 83.53
9694.38 83.76
9695.51 82.38
9696.64 83.19
9697.77 83.10
9698.90 83.05
9700.02 83.02
9701.14 83.01
9702.26 82.51
9703.39 83.25
9704.52 83.63
9705.65 82.81
9706.78 83.91
9707.90 83.95
9709.02 83.98
9710.14 83.99
9711.27 82.49
9712.40 83.25
9713.52 83.12
9714.65 83.56
9715.78 83.28
9716.90 83.64
9718.02 84.32
9719.14 84.66
9720.27 81.83
9721.40 81.92
9722.53 83.46
9723.66 83.73
9724.78 83.36
9725.91 83.18
9727.04 82.09
9728.15 82.05
9729.28 82.02
9730.40 82.51
9731.52 82.76
9732.65 82.88
9733.78 83.44
9734.90 82.22
9736.02 82.61
9737.14 82.30
9738.26 82.15
9739.39 82.08
9740.51 82.54
9741.64 82.77
9742.77 83.38
9743.90 83.69
9745.02 82.85
9746.14 83.42
9747.26 83.71
9748.39 83.36
9749.52 82.18
9750.65 83.09
9751.77 83.04
9752.89 82.02
9754.01 82.51
9755.13 82.76
9756.26 82.88
9757.38 82.44
9758.51 81.72
9759.64 81.86
9760.78 81.93
9761.90 81.96
9763.02 81.48
9764.14 82.74
9765.26 83.37
9766.39 82.19
9767.52 81.59
9768.65 80.80
9769.77 80.40
9770.89 80.70
9772.01 80.85
9773.13 79.92
9774.26 81.96
9775.38 81.98
9776.50 80.49
9777.63 82.25
9778.76 82.62
9779.89 82.31
9781.02 82.66
9782.14 82.83
9783.27 83.41
9784.40 83.21
9785.53 83.10
9786.65 81.55
9787.78 82.28
9788.90 82.64
9790.02 81.82
9791.14 80.41
9792.27 81.20
9793.39 82.60
9794.51 83.30
9795.64 82.65
9796.77 82.83
9797.90 82.41
9799.02 80.71
9800.14 82.35
9801.27 82.18
9802.40 83.09
9803.51 82.04
9804.64 82.02
9805.76 82.01
9806.88 82.51
9808.01 82.25
9809.13 82.63
9810.26 82.81
9811.38 83.41
9812.51 84.20
9813.64 83.10
9814.76 83.55
9815.89 83.78
9817.02 81.89
9818.14 80.44
9819.26 83.22
9820.39 82.11
9821.52 83.56
9822.65 82.78
9823.78 82.89
9824.90 81.44
9826.02 81.22
9827.14 81.11
9828.27 80.56
9829.40 82.28
9830.52 83.14
9831.65 83.57
9832.78 82.28
9833.90 82.64
9835.02 81.82
9836.14 82.91
9837.27 81.96
9838.40 82.98
9839.52 83.49
9840.65 83.74
9841.77 81.87
9842.90 80.44
9844.02 81.72
9845.14 82.36
9846.26 81.18
9847.39 81.59
9848.52 82.79
9849.65 82.40
9850.77 82.20
9851.90 82.10
9853.01 80.55
9854.13 80.77
9855.26 81.39
9856.38 81.69
9857.50 81.85
9858.64 81.42
9859.76 82.21
9860.89 80.61
9862.02 80.80
9863.14 81.90
9864.26 81.95
9865.38 82.98
9866.51 81.49
9867.64 82.24
9868.77 81.62
9869.90 81.81
9871.02 82.91
9872.14 81.95
9873.27 81.48
9874.40 82.74
9875.52 81.87
9876.65 83.43
9877.78 81.72
9878.90 82.36
9880.02 84.18
9881.14 82.59
9882.27 81.79
9883.40 80.40
9884.52 81.70
9885.64 81.85
9886.77 81.92
9887.90 81.96
9889.02 82.98
9890.14 82.49
9891.26 82.25
9892.39 83.12
9893.52 83.06
9894.64 82.53
9895.77 82.27
9896.90 81.63
9898.02 81.82
9899.14 81.41
9900.26 81.70
9901.38 80.85
9902.51 80.93
9903.64 80.96
9904.77 81.48
9905.90 81.74
9907.02 81.87
9908.14 82.44
9909.26 81.22
9910.39 81.11
9911.52 82.55
9912.65 83.28
9913.78 82.64
9914.90 83.32
9916.02 82.66
9917.14 82.83
9918.27 82.41
9919.40 81.21
9920.53 81.60
9921.64 80.80
9922.76 82.40
9923.88 83.20
9925.00 83.10
9926.11 83.05
9927.23 83.03
9928.36 82.51
9929.49 83.26
9930.63 81.13
9931.75 82.06
9932.87 81.53
9934.00 83.27
9935.12 82.63
9936.25 81.32
9937.38 82.16
9938.50 81.08
9939.63 80.54
9940.75 81.77
9941.88 81.88
9943.00 80.94
9944.11 82.97
9945.24 81.49
9946.37 82.74
9947.50 81.37
9948.64 80.69
9949.76 81.34
9950.89 82.17
9952.02 82.59
9953.14 83.79
9954.26 83.40
9955.38 83.20
9956.50 82.10
9957.63 82.55
9958.76 82.77
9959.89 82.39
9961.02 81.19
9962.14 81.60
9963.26 81.80
9964.38 81.40
9965.50 82.20
9966.64 81.10
9967.76 82.05
9968.88 82.52
9970.01 81.26
9971.13 80.63
9972.26 80.32
9973.39 80.16
9974.52 81.08
9975.64 81.04
9976.76 82.02
9977.88 82.01
9979.00 82.50
9980.11 81.25
9981.24 81.13
9982.38 80.06
9983.50 80.53
9984.63 81.27
9985.76 80.63
9986.89 81.82
9988.02 81.41
9989.14 81.20
9990.26 82.10
9991.38 81.55
9992.51 81.78
9993.64 81.89
9994.77 80.94
9995.90 81.47
9997.02 82.24
9998.14 80.62
9999.27 82.31
10000.40 81.65
10001.56 81.83
10002.73 81.91
10003.90 80.46
10005.06 82.23
10006.22 82.11
10007.38 82.06
10008.54 82.53
10009.71 82.26
10010.88 80.63
10012.05 82.32
10013.21 82.16
10014.38 83.08
10015.54 82.04
10016.70 81.02
10017.86 82.51
10019.02 80.75
10020.18 80.88
10021.34 79.94
10022.51 80.97
10023.68 82.48
10024.84 82.74
10026.00 81.37
10027.15 82.19
10028.32 81.59
10029.49 81.80
10030.65 80.40
10031.81 80.20
10032.97 82.10
10034.13 80.55
10035.30 82.27
10036.46 82.64
10037.64 82.32
10038.80 82.16
10039.96 82.58
10041.12 80.79
10042.29 79.89
10043.45 79.95
10044.62 80.97
10045.79 79.99
10046.95 80.99
10048.11 80.50
10049.27 81.75
10050.44 80.37
10051.62 79.69
10052.78 80.34
10053.94 79.67
10055.11 80.34
10056.28 81.67
10057.45 81.33
10058.62 80.17
10059.79 80.58
10060.95 79.79
10062.11 80.90
10063.27 81.45
10064.44 80.22
10065.62 79.61
10066.78 79.81
10067.96 80.90
10069.12 79.95
10070.29 79.48
10071.46 79.24
10072.63 80.62
10073.80 81.31
10074.96 80.15
10076.13 80.08
10077.29 80.04
10078.45 81.02
10079.62 81.01
10080.78 81.00
10081.94 82.00
10083.09 82.50
10084.24 80.75
10085.41 79.88
10086.58 81.44
10087.75 81.72
10088.92 81.36
10090.09 82.68
10091.25 82.84
10092.42 80.92
10093.58 81.46
10094.76 82.73
10095.93 81.86
10097.10 83.43
10098.26 82.72
10099.42 82.36
10100.59 80.68
10101.77 81.84
10102.94 80.42
10104.10 81.21
10105.26 80.10
10106.42 80.05
10107.58 81.03
10108.75 82.01
10109.91 82.51
10111.08 83.25
10112.24 81.13
10113.41 81.56
10114.58 80.28
10115.75 80.14
10116.92 80.57
10118.09 79.79
10119.25 80.89
10120.42 81.45
10121.58 80.22
10122.76 81.11
10123.93 80.06
10125.09 79.53
10126.25 81.26
10127.42 80.63
10128.58 81.32
10129.76 81.16
10130.93 82.08
10132.09 82.54
10133.25 83.27
10134.42 82.63
10135.58 80.82
10136.76 80.41
10137.93 79.70
10139.09 80.85
10140.25 82.43
10141.42 80.71
10142.58 81.86
10143.76 80.43
10144.93 80.71
10146.10 81.36
10147.26 81.68
10148.43 82.34
10149.60 82.67
10150.77 82.33
10151.94 80.67
10153.11 82.33
10154.28 82.67
10155.45 81.83
10156.63 80.92
10157.79 81.46
10158.96 82.23
10160.14 80.61
10161.30 80.31
10162.46 81.65
10163.63 81.83
10164.80 80.91
10165.96 79.96
10167.13 81.48
10168.30 82.74
10169.46 83.37
10170.63 81.18
10171.80 80.09
10172.95 79.55
10174.12 79.27
10175.29 80.64
10176.46 80.32
10177.63 80.66
10178.79 81.83
10179.95 82.41
10181.12 82.21
10182.29 81.10
10183.45 82.55
10184.62 81.78
10185.79 80.39
10186.96 79.69
10188.13 81.35
10189.30 80.67
10190.46 80.84
10191.63 79.92
10192.79 81.96
10193.95 81.48
10195.12 82.74
10196.29 81.37
10197.46 82.68
10198.63 83.34
10199.79 82.67
10200.96 80.84
10202.13 81.42
10203.30 82.21
10204.46 82.10
10205.63 82.05
10206.79 83.53
10207.96 82.26
10209.13 82.63
10210.30 81.32
10211.46 81.66
10212.63 80.83
10213.80 79.91
10214.96 80.96
10216.13 80.48
10217.30 79.74
10218.46 80.87
10219.63 81.43
10220.79 82.22
10221.96 83.11
10223.13 82.55
10224.30 80.78
10225.46 81.39
10226.63 80.69
10227.79 79.85
10228.96 79.92
10230.13 79.46
10231.30 81.73
10232.46 81.87
10233.63 81.93
10234.80 80.97
10235.96 79.98
10237.13 79.49
10238.30 80.25
10239.46 80.62
10240.63 80.81
10241.79 81.91
10242.95 80.45
10244.11 79.73
10245.28 79.36
10246.45 79.68
10247.62 80.84
10248.78 81.92
10249.94 80.96
10251.10 79.98
10252.26 80.49
10253.43 81.25
10254.61 81.12
10255.78 80.56
10256.94 81.78
10258.10 80.39
10259.26 80.20
10260.42 80.10
10261.58 80.55
10262.75 81.27
10263.91 80.64
10265.08 81.82
10266.24 82.41
10267.41 80.70
10268.57 80.35
10269.74 80.18
10270.91 82.59
10272.07 83.29
10273.23 81.65
10274.40 80.32
10275.56 81.16
10276.74 81.08
10277.90 81.54
10279.06 82.77
10280.22 82.39
10281.38 81.69
10282.54 80.35
10283.71 79.67
10284.88 80.84
10286.04 81.42
10287.20 82.21
10288.36 81.60
10289.52 81.80
10290.68 80.40
10291.84 81.20
10293.00 82.10
10294.15 82.05
10295.31 80.53
10296.48 81.26
10297.64 82.63
10298.81 81.32
10299.98 82.66
10301.14 80.83
10302.31 80.91
10303.49 79.96
10304.65 80.98
10305.81 80.49
10306.98 80.24
10308.14 81.12
10309.31 81.56
10310.48 82.28
10311.64 82.14
10312.81 81.07
10313.97 82.54
10315.14 82.77
10316.30 82.38
10317.46 82.69
10318.62 81.85
10319.79 81.92
10320.95 80.46
10322.11 81.23
10323.28 81.62
10324.45 80.31
10325.62 79.65
10326.79 79.83
10327.95 81.41
10329.12 80.21
10330.29 81.10
10331.45 81.55
10332.62 81.78
10333.79 82.39
10334.95 80.69
10336.11 79.85
10337.29 80.92
10338.45 81.46
10339.62 82.23
10340.78 80.62
10341.95 80.81
10343.12 79.90
10344.28 80.45
10345.44 80.73
10346.62 81.36
10347.78 80.68
10348.94 79.84
10350.10 81.92
10351.26 82.46
10352.43 81.73
10353.61 80.87
10354.78 81.93
10355.94 82.47
10357.10 82.23
10358.26 82.12
10359.43 82.06
10360.59 81.03
10361.76 82.01
10362.92 81.51
10364.09 81.25
10365.25 80.13
10366.42 81.06
10367.58 81.53
10368.75 82.77
10369.91 81.38
10371.08 82.19
10372.24 81.60
10373.40 82.80
10374.55 83.40
10375.71 81.70
10376.87 82.35
10378.04 81.17
10379.20 81.59
10380.36 81.79
10381.52 82.90
10382.68 82.95
10383.84 81.97
10385.00 80.99
10386.15 80.99
10387.31 81.50
10388.48 82.25
10389.64 80.62
10390.81 80.31
10391.98 79.66
10393.14 79.33
10394.31 80.16
10395.48 80.58
10396.64 79.79
10397.81 79.40
10398.97 80.70
10400.13 81.35
10401.30 80.17
10402.46 82.09
10403.62 80.54
10404.78 80.27
10405.94 81.14
10407.11 82.57
10408.28 80.78
10409.44 81.39
10410.61 80.70
10411.77 81.35
10412.94 80.17
10414.10 80.59
10415.26 81.79
10416.42 82.40
10417.58 82.70
10418.75 80.85
10419.91 80.92
10421.08 79.96
10422.24 79.48
10423.40 80.74
10424.56 81.87
10425.73 80.44
10426.90 80.72
10428.06 80.36
10429.22 80.68
10430.38 79.84
10431.54 79.42
10432.71 81.21
10433.88 80.60
10435.04 80.30
10436.19 80.15
10437.36 79.58
10438.53 79.29
10439.70 79.14
10440.86 80.07
10442.02 81.04
10443.18 81.52
10444.34 81.76
10445.50 80.88
10446.66 80.44
10447.83 81.72
10449.00 80.36
10450.15 79.68
10451.32 80.84
10452.49 80.42
10453.66 79.71
10454.82 80.35
10455.99 81.68
10457.15 80.84
10458.32 80.42
10459.49 81.21
10460.66 80.60
10461.82 82.30
10462.98 83.15
10464.14 82.08
10465.30 80.54
10466.46 81.77
10467.63 82.38
10468.79 82.69
10469.95 80.85
10471.12 79.92
10472.29 80.96
10473.45 79.98
10474.62 80.99
10475.78 80.50
10476.94 80.75
10478.10 81.37
10479.26 80.69
10480.43 79.84
10481.60 80.42
10482.76 80.21
10483.93 79.61
10485.10 79.30
10486.26 79.15
10487.42 79.58
10488.60 79.29
10489.76 80.14
10490.93 79.57
10492.10 80.79
10493.26 80.39
10494.42 80.70
10495.58 82.35
10496.76 82.17
10497.93 81.09
10499.09 81.04
10500.24 81.52
10501.41 80.26
10502.58 79.63
10503.75 79.82
10504.92 81.91
10506.09 81.95
10507.26 80.98
10508.42 80.99
10509.58 81.49
10510.75 81.75
10511.92 80.37
10513.09 80.19
10514.25 81.09
10515.41 81.55
10516.58 80.27
10517.75 81.14
10518.92 80.07
10520.08 80.03
10521.23 79.52
10522.40 80.76
10523.56 81.38
10524.74 80.19
10525.90 82.09
10527.06 83.05
10528.22 81.52
10529.38 80.26
10530.55 81.13
10531.73 82.57
10532.90 82.28
10534.06 82.14
10535.22 82.07
10536.38 80.54
10537.54 80.77
10538.70 81.38
10539.86 82.69
10541.02 81.35
10542.18 81.17
10543.35 80.59
10544.52 79.79
10545.69 81.40
10546.85 82.70
10548.01 81.35
10549.17 82.17
10550.34 82.59
10551.50 82.79
10552.66 82.90
10553.82 81.45
10554.99 81.22
10556.16 81.61
10557.33 81.81
10558.50 82.40
10559.66 81.20
10560.82 82.10
10561.98 82.05
10563.14 80.03
10564.30 80.01
10565.46 80.51
10566.62 81.75
10567.79 82.38
10568.95 81.19
10570.12 82.59
10571.29 80.80
10572.45 79.90
10573.62 81.95
10574.78 80.97
10575.94 81.49
10577.10 81.74
10578.26 82.37
10579.43 81.69
10580.61 81.34
10581.78 80.67
10582.94 79.84
10584.11 78.92
10585.28 78.96
10586.44 81.98
10587.61 81.99
10588.78 83.49
10589.94 83.25
10591.10 81.62
10592.26 80.81
10593.43 81.91
10594.61 81.45
10595.78 82.73
10596.94 82.86
10598.10 81.93
10599.26 81.47
10600.44 81.23
10601.61 81.12
10602.78 80.56
10603.94 80.28
10605.10 79.14
10606.26 82.07
10607.42 81.53
10608.60 81.27
10609.76 81.63
10610.93 80.82
10612.10 81.91
10613.26 80.45
10614.42 81.73
10615.60 80.86
10616.76 81.43
10617.93 80.72
10619.10 82.36
10620.26 82.18
10621.42 81.59
10622.60 79.79
10623.76 78.90
10624.92 80.45
10626.08 81.22
10627.24 79.61
10628.41 80.81
10629.58 80.90
10630.74 79.95
10631.90 80.48
10633.06 81.24
10634.23 81.12
10635.40 81.56
10636.56 81.28
10637.74 80.64
10638.90 81.32
10640.06 81.66
10641.22 81.83
10642.39 81.41
10643.56 82.71
10644.74 82.85
10645.90 83.93
10647.06 81.46
10648.22 81.73
10649.39 81.37
10650.56 80.68
10651.74 80.34
10652.90 81.67
10654.06 81.84
10655.22 80.92
10656.39 79.96
10657.55 79.98
10658.72 80.49
10659.88 80.24
10661.04 80.62
10662.20 82.81
10663.36 82.41
10664.53 82.20
10665.69 82.10
10666.85 80.55
10668.02 80.28
10669.18 81.64
10670.35 80.82
10671.52 81.41
10672.69 82.20
10673.85 81.60
10675.01 81.80
10676.16 80.90
10677.32 80.95
10678.49 81.98
10679.66 80.49
10680.82 81.74
10681.98 82.37
10683.14 83.19
10684.31 83.59
10685.48 83.80
10686.64 82.90
10687.80 83.45
10688.96 83.22
10690.13 81.61
10691.30 80.81
10692.46 80.40
10693.63 81.70
10694.79 82.35
10695.95 81.18
10697.12 81.59
10698.29 81.79
10699.45 81.90
10700.61 82.45
10701.78 82.22
10702.94 82.61
10704.11 80.81
10705.28 81.90
10706.44 80.95
10707.61 80.98
10708.78 80.99
10709.94 80.99
10711.10 80.50
10712.26 80.75
10713.43 80.37
10714.61 81.69
10715.78 81.84
10716.94 82.42
10718.10 81.71
10719.26 81.36
10720.43 82.18
10721.61 82.09
10722.77 80.54
10723.94 81.77
10725.10 82.39
10726.26 81.19
10727.43 80.10
10728.60 80.05
10729.75 80.02
10730.91 81.01
10732.07 80.51
10733.23 81.25
10734.40 82.63
10735.56 81.31
10736.74 80.16
10737.90 82.08
10739.06 81.04
10740.22 81.02
10741.38 82.01
10742.54 80.50
10743.70 82.25
10744.86 81.13
10746.02 79.56
10747.18 81.28
10748.35 81.64
10749.52 81.82
10750.69 82.41
10751.86 81.71
10753.03 81.85
10754.18 81.93
10755.35 81.96
10756.51 80.98
10757.67 81.49
10758.83 82.25
10760.00 82.12
10761.15 82.56
10762.32 82.28
10763.49 82.64
10764.65 80.82
10765.82 81.91
10766.98 82.46
10768.15 81.23
10769.32 82.61
10770.49 80.31
10771.66 80.15
10772.82 81.08
10773.98 82.54
10775.14 81.27
10776.31 80.63
10777.48 80.32
10778.65 80.16
10779.82 80.58
10780.98 81.29
10782.14 80.64
10783.31 81.32
10784.48 80.16
10785.65 81.58
10786.82 82.79
10787.98 82.40
10789.14 81.20
10790.30 83.10
10791.46 83.05
10792.62 83.02
10793.78 82.01
10794.94 82.51
10796.10 80.75
10797.26 81.38
10798.43 80.69
10799.61 81.34
10800.78 82.67
10801.94 80.84
10803.10 80.92
10804.26 82.46
10805.43 82.73
10806.61 80.36
10807.78 81.68
10808.94 80.34
10810.10 81.67
10811.26 80.84
10812.43 80.42
10813.61 80.71
10814.78 81.35
10815.94 81.18
10817.11 81.59
10818.28 81.29
10819.44 80.15
10820.62 80.57
10821.78 81.29
10822.94 80.64
10824.10 81.32
10825.26 81.66
10826.42 81.33
10827.60 80.17
10828.77 79.08
10829.93 79.04
10831.09 81.02
10832.24 82.51
10833.41 83.26
10834.58 81.13
10835.75 80.56
10836.91 81.78
10838.08 81.89
10839.24 81.45
10840.41 82.22
10841.58 82.61
10842.75 81.31
10843.92 80.65
10845.09 81.33
10846.25 80.16
10847.42 81.08
10848.58 80.04
10849.74 79.02
10850.90 80.51
10852.06 81.26
10853.22 80.63
10854.40 81.81
10855.56 81.41
10856.74 82.20
10857.90 82.10
10859.06 82.05
10860.22 82.03
10861.38 81.51
10862.55 82.76
10863.74 83.88
10864.90 83.94
10866.06 81.97
10867.22 80.98
10868.39 81.99
10869.55 81.00
10870.72 82.00
10871.87 80.00
10873.02 81.50
10874.18 80.75
10875.34 80.37
10876.51 81.19
10877.68 80.59
10878.84 81.80
10880.01 82.40
10881.16 81.20
10882.32 81.10
10883.48 81.55
10884.64 82.77
10885.80 82.39
10886.96 81.19
10888.13 80.60
10889.29 80.30
10890.45 80.15
10891.62 81.57
10892.78 81.79
10893.94 82.39
10895.10 81.70
10896.26 81.35
10897.43 80.67
10898.60 81.34
10899.76 81.67
10900.93 80.83
10902.10 81.42
10903.26 82.21
10904.42 82.60
10905.60 82.80
10906.75 82.40
10907.91 82.70
10909.07 81.85
10910.23 81.93
10911.40 81.46
10912.56 82.23
10913.74 82.62
10914.90 82.31
10916.06 80.65
10917.22 81.33
10918.39 80.66
10919.56 79.83
10920.74 81.42
10921.90 82.71
10923.06 81.85
10924.22 80.93
10925.39 79.96
10926.55 79.48
10927.73 81.24
10928.90 82.62
10930.06 81.31
10931.22 81.16
10932.39 80.58
10933.55 80.29
10934.73 81.64
10935.90 80.32
10937.06 80.16
10938.22 81.58
10939.39 81.79
10940.55 81.40
10941.73 81.70
10942.89 80.85
10944.05 80.42
10945.21 80.21
10946.38 80.61
10947.54 80.80
10948.71 81.90
10949.87 82.45
10951.03 82.73
10952.19 82.36
10953.36 80.18
10954.53 81.59
10955.70 80.30
10956.86 82.15
10958.02 82.57
10959.18 81.79
10960.35 82.39
10961.51 82.70
10962.67 81.35
10963.84 80.17
10965.01 81.09
10966.16 81.54
10967.33 81.77
10968.50 82.39
10969.66 81.19
10970.82 82.10
10971.98 81.55
10973.15 80.77
10974.33 81.89
10975.50 81.94
10976.66 80.97
10977.82 79.49
10978.99 79.74
10980.15 82.37
10981.32 82.69
10982.49 81.34
10983.66 80.17
10984.82 80.09
10985.98 79.04
10987.14 80.52
10988.31 81.76
10989.48 83.38
10990.64 81.69
10991.81 82.35
10992.98 82.17
10994.14 83.59
10995.31 81.29
10996.48 81.65
10997.65 81.82
10998.82 82.41
10999.98 80.21
11001.15 82.10
11002.31 80.55
11003.48 80.28
11004.65 80.14
11005.82 82.57
11006.98 81.78
11008.14 80.89
11009.30 81.45
11010.46 82.72
11011.63 81.36
11012.80 80.68
11013.96 81.34
11015.13 81.67
11016.30 82.34
11017.46 81.17
11018.63 82.08
11019.79 80.54
11020.95 80.77
11022.11 81.39
11023.28 81.69
11024.44 81.85
11025.60 80.92
11026.76 80.46
11027.93 81.23
11029.10 82.62
11030.26 81.81
11031.43 81.40
11032.60 81.20
11033.75 80.60
11034.91 81.80
11036.07 80.40
11037.22 81.70
11038.38 80.85
11039.54 81.93
11040.72 80.46
11041.89 82.23
11043.05 81.12
11044.21 83.06
11045.37 81.03
11046.53 81.51
11047.70 81.76
11048.86 82.38
11050.02 81.69
11051.18 81.84
11052.34 80.42
11053.51 82.21
11054.68 81.61
11055.85 81.80
11057.01 80.40
11058.17 80.70
11059.33 81.85
11060.50 80.93
11061.66 81.96
11062.82 82.48
11063.98 80.74
11065.14 80.37
11066.31 79.69
11067.48 81.84
11068.64 80.92
11069.81 81.96
11070.98 80.48
11072.14 82.24
11073.31 82.12
11074.48 82.06
11075.64 82.53
11076.81 81.77
11077.98 82.38
11079.14 81.69
11080.31 83.35
11081.48 81.17
11082.65 80.59
11083.82 81.29
11084.98 81.65
11086.15 80.32
11087.32 82.16
11088.49 82.08
11089.65 80.54
11090.82 80.27
11091.98 80.14
11093.15 81.57
11094.32 82.28
11095.49 80.64
11096.66 80.82
11097.82 80.41
11098.99 81.71
11100.17 82.35
11101.34 83.18
11102.50 82.09
11103.66 80.54
11104.82 80.27
11105.99 80.14
11107.16 81.57
11108.33 79.78
11109.50 79.39
11110.66 81.70
11111.82 82.35
11112.99 80.67
11114.16 81.84
11115.33 79.92
11116.50 79.96
11117.66 81.48
11118.82 82.24
11119.99 82.62
11121.16 81.31
11122.33 82.15
11123.50 80.58
11124.66 80.29
11125.82 81.14
11126.99 81.57
11128.16 81.79
11129.33 80.39
11130.50 81.70
11131.66 82.35
11132.82 82.67
11133.99 83.34
11135.16 83.17
11136.33 82.58
11137.50 82.79
11138.66 83.40
11139.82 82.70
11140.98 80.85
11142.15 81.92
11143.32 81.96
11144.49 80.98
11145.65 80.49
11146.82 81.25
11147.98 80.12
11149.15 81.06
11150.31 80.53
11151.49 80.27
11152.66 80.63
11153.82 79.32
11154.99 81.16
11156.16 80.58
11157.33 82.79
11158.50 82.89
11159.66 82.95
11160.82 81.47
11161.99 80.74
11163.16 80.87
11164.33 80.93
11165.50 79.97
11166.66 80.48
11167.82 81.24
11168.99 80.62
11170.16 79.81
11171.33 81.41
11172.50 80.20
11173.66 80.10
11174.82 81.55
11175.98 81.78
11177.15 82.39
11178.32 81.69
11179.49 80.85
11180.66 81.92
11181.82 80.96
11182.99 80.98
11184.15 80.49
11185.32 80.25
11186.49 81.12
11187.66 82.06
11188.82 82.53
11189.98 80.27
11191.15 82.13
11192.33 82.57
11193.50 81.28
11194.66 81.14
11195.82 82.07
11196.98 81.04
11198.14 80.52
11199.31 80.26
11200.48 80.13
11201.66 81.56
11202.82 82.28
11203.98 81.14
11205.15 80.07
11206.31 82.04
11207.47 82.02
11208.63 82.51
11209.80 81.25
11210.96 81.63
11212.13 82.31
11213.30 82.16
11214.46 82.08
11215.62 82.54
11216.79 82.77
11217.95 82.88
11219.11 81.44
11220.28 82.72
11221.45 80.86
11222.62 80.43
11223.78 79.72
11224.95 80.86
11226.12 81.43
11227.29 82.21
11228.46 82.61
11229.62 81.30
11230.78 81.65
11231.94 81.83
11233.11 82.41
11234.28 80.71
11235.46 80.35
11236.62 80.18
11237.79 81.09
11238.95 82.04
11240.11 81.02
11241.27 80.51
11242.44 79.76
11243.61 81.38
11244.78 81.19
11245.94 80.59
11247.10 79.80
11248.26 82.40
11249.42 81.70
11250.59 80.85
11251.75 81.42
11252.92 80.71
11254.09 80.36
11255.25 82.18
11256.42 82.59
11257.59 81.29
11258.75 80.65
11259.92 79.82
11261.09 79.41
11262.25 81.21
11263.42 80.60
11264.58 80.30
11265.74 80.15
11266.91 79.58
11268.09 81.29
11269.25 82.14
11270.42 82.07
11271.58 82.54
11272.75 82.77
11273.91 82.88
11275.07 82.44
11276.23 82.22
11277.40 82.61
11278.56 82.81
11279.74 81.40
11280.90 81.20
11282.05 82.60
11283.20 82.30
11284.35 80.15
11285.52 82.08
11286.68 82.04
11287.84 80.02
11289.00 81.51
11290.15 81.75
11291.32 82.38
11292.49 81.69
11293.65 81.34
11294.82 81.67
11295.98 81.84
11297.14 81.92
11298.31 80.96
11299.48 80.48
11300.64 80.74
11301.81 80.37
11302.98 80.18
11304.14 79.59
11305.31 79.80
11306.47 79.40
11307.63 80.70
11308.79 81.85
11309.95 80.42
11311.12 79.71
11312.29 79.86
11313.46 79.93
11314.62 81.46
11315.79 81.73
11316.95 81.87
11318.12 80.43
11319.30 80.22
11320.46 80.61
11321.62 79.30
11322.78 79.15
11323.95 81.08
11325.11 80.54
11326.28 81.77
11327.45 82.38
11328.62 82.69
11329.78 80.85
11330.95 80.92
11332.11 80.46
11333.28 81.73
11334.45 81.37
11335.62 80.68
11336.78 81.34
11337.94 82.17
11339.11 81.59
11340.28 82.29
11341.45 81.15
11342.62 81.07
11343.78 81.54
11344.94 83.27
11346.11 81.63
11347.28 80.32
11348.45 80.16
11349.62 80.08
11350.78 79.04
11351.94 79.02
11353.10 81.01
11354.26 80.50
11355.42 80.25
11356.59 80.13
11357.76 82.56
11358.93 80.28
11360.10 80.14
11361.26 81.57
11362.42 82.29
11363.59 82.14
11364.76 81.57
11365.93 81.29
11367.10 81.64
11368.26 81.32
11369.42 81.66
11370.59 81.33
11371.76 81.17
11372.93 82.08
11374.09 82.04
11375.24 81.52
11376.41 81.26
11377.58 81.63
11378.75 81.82
11379.92 81.41
11381.09 81.70
11382.24 81.35
11383.41 81.18
11384.58 81.59
11385.74 81.29
11386.91 81.15
11388.08 81.07
11389.23 81.04
11390.39 81.02
11391.55 81.51
11392.73 80.75
11393.90 81.38
11395.06 81.69
11396.22 81.34
11397.39 81.17
11398.57 81.09
11399.73 81.54
11400.90 81.27
11402.06 81.14
11403.22 81.07
11404.38 81.53
11405.55 81.27
11406.73 81.13
11407.90 81.07
11409.06 81.03
11410.22 81.02
11411.38 81.01
11412.54 81.50
11413.71 81.25
11414.88 81.13
11416.05 81.06
11417.20 81.03
11418.35 81.02
11419.51 81.51
11420.68 81.25
11421.85 81.13
11423.02 81.06
11424.18 81.53
11425.34 81.27
11426.51 81.13
11427.68 81.57
11428.86 81.28
11430.02 81.64
11431.18 81.32
11432.34 81.66
11433.51 81.33
11434.68 81.67
11435.85 81.33
11437.02 80.67
11438.18 80.83
11439.34 81.42
11440.51 81.21
11441.68 82.10
11442.84 82.05
11444.00 81.53
11445.16 81.76
11446.33 81.38
11447.50 81.19
11448.66 80.60
11449.82 80.80
11450.98 81.40
11452.14 81.20
11453.30 81.10
11454.46 81.55
11455.62 81.77
11456.79 81.89
11457.95 80.94
11459.11 81.97
11460.28 80.49
11461.45 79.24
11462.62 80.12
11463.78 79.56
11464.95 79.78
11466.11 79.39
11467.28 81.20
11468.44 82.10
11469.60 81.05
11470.75 80.52
11471.92 81.76
11473.09 82.38
11474.25 82.69
11475.42 80.85
11476.58 81.92
11477.74 80.96
11478.91 80.98
11480.07 81.49
11481.23 82.75
11482.40 80.37
11483.57 79.19
11484.74 81.09
11485.90 82.05
11487.05 80.52
11488.21 80.76
11489.38 81.38
11490.54 82.69
11491.72 82.35
11492.89 82.67
11494.05 81.34
11495.21 82.67
11496.38 82.33
11497.54 81.17
11498.72 80.08
11499.88 80.54
11501.04 80.27
11502.20 81.64
11503.36 81.82
11504.53 80.41
11505.70 81.20
11506.86 79.60
11508.02 81.30
11509.18 80.65
11510.34 81.33
11511.51 79.66
11512.68 79.83
11513.86 79.42
11515.02 79.71
11516.18 81.35
11517.35 82.18
11518.52 82.59
11519.70 81.79
11520.86 81.90
11522.02 82.45
11523.18 82.72
11524.34 83.36
11525.51 81.68
11526.67 80.84
11527.83 81.42
11529.00 81.71
11530.15 82.36
11531.32 83.18
11532.49 83.59
11533.65 81.29
11534.82 81.65
11535.98 80.32
11537.15 81.66
11538.32 80.33
11539.49 80.17
11540.66 80.08
11541.82 81.04
11542.98 82.52
11544.14 82.26
11545.31 82.13
11546.48 80.57
11547.66 81.28
11548.82 82.14
11549.99 80.57
11551.15 80.29
11552.32 81.64
11553.49 82.32
11554.66 81.16
11555.83 82.08
11556.99 81.54
11558.15 82.27
11559.32 82.14
11560.50 82.07
11561.66 82.03
11562.82 82.02
11563.98 83.01
11565.14 82.50
11566.30 82.25
11567.46 82.13
11568.62 83.56
11569.79 81.78
11570.95 80.89
11572.11 81.45
11573.28 80.72
11574.45 80.36
11575.62 80.68
11576.78 81.84
11577.94 80.42
11579.11 80.21
11580.28 79.61
11581.45 80.30
11582.61 80.65
11583.78 81.83
11584.94 81.91
11586.10 80.96
11587.26 80.98
11588.42 80.99
11589.58 80.99
11590.74 81.50
11591.90 81.75
11593.06 82.37
11594.22 80.69
11595.39 81.34
11596.57 80.67
11597.74 81.34
11598.90 80.67
11600.06 80.83
11601.22 80.42
11602.39 81.71
11603.57 80.85
11604.74 80.93
11605.90 79.46
11607.06 81.23
11608.22 83.12
11609.39 81.56
11610.57 82.28
11611.74 82.64
11612.90 82.32
11614.06 81.16
11615.23 81.08
11616.39 82.54
11617.56 82.77
11618.73 81.88
11619.90 81.44
11621.06 80.72
11622.22 82.36
11623.38 81.18
11624.56 81.09
11625.72 81.05
11626.89 80.52
11628.06 81.26
11629.22 80.63
11630.38 81.82
11631.56 80.91
11632.73 80.45
11633.90 79.73
11635.06 80.36
11636.22 82.18
11637.38 82.59
11638.54 82.80
11639.71 80.90
11640.87 82.45
11642.03 81.22
11643.19 81.61
11644.36 82.81
11645.53 81.90
11646.70 80.95
11647.86 81.98
11649.03 80.49
11650.19 81.74
11651.36 79.87
11652.53 78.94
11653.70 79.47
11654.86 80.73
11656.03 82.87
11657.19 81.43
11658.37 80.72
11659.54 80.86
11660.71 80.43
11661.88 81.71
11663.05 82.36
11664.21 82.68
11665.38 82.84
11666.54 82.42
11667.72 81.21
11668.89 82.10
11670.05 81.05
11671.20 81.53
11672.36 82.26
11673.53 82.63
11674.70 82.32
11675.86 81.16
11677.03 82.08
11678.18 82.04
11679.34 81.52
11680.51 82.26
11681.69 83.13
11682.86 81.56
11684.02 82.28
11685.18 83.14
11686.35 83.57
11687.52 83.29
11688.70 82.64
11689.86 82.32
11691.02 82.16
11692.18 80.08
11693.34 82.04
11694.50 82.52
11695.66 80.76
11696.83 81.38
11697.99 82.19
11699.15 82.59
11700.32 83.80
11701.48 81.90
11702.64 80.45
11703.81 81.22
11704.98 81.61
11706.14 82.31
11707.31 83.15
11708.48 82.58
11709.65 82.79
11710.82 82.39
11711.98 82.70
11713.14 80.85
11714.31 81.42
11715.48 81.71
11716.65 80.36
11717.82 81.18
11718.98 80.09
11720.14 81.54
11721.31 82.27
11722.48 81.14
11723.65 80.07
11724.81 81.03
11725.97 80.02
11727.13 80.01
11728.30 80.00
11729.45 79.00
11730.60 79.50
11731.75 80.75
11732.91 79.38
11734.08 79.19
11735.24 79.59
11736.41 82.30
11737.58 82.65
11738.74 82.32
11739.91 82.16
11741.08 82.58
11742.24 83.29
11743.41 80.65
11744.58 80.32
11745.74 81.16
11746.91 82.08
11748.07 82.54
11749.23 82.77
11750.41 83.39
11751.58 82.69
11752.74 81.85
11753.91 80.92
11755.08 80.96
11756.24 81.48
11757.41 79.74
11758.58 80.37
11759.74 80.19
11760.91 81.59
11762.08 81.30
11763.24 81.65
11764.41 81.32
11765.58 81.66
11766.74 81.83
11767.91 81.42
11769.08 81.71
11770.24 81.85
11771.41 81.43
11772.58 82.21
11773.74 82.11
11774.91 81.55
11776.08 81.78
11777.24 80.89
11778.40 81.44
11779.57 80.72
11780.74 80.86
11781.90 80.93
11783.06 80.97
11784.22 80.98
11785.38 80.99
11786.54 81.50
11787.71 81.25
11788.88 81.62
11790.04 81.31
11791.20 81.16
11792.36 81.58
11793.53 81.29
11794.70 81.14
11795.86 81.07
11797.02 80.54
11798.18 80.77
11799.35 81.38
11800.52 81.19
11801.70 81.10
11802.86 81.05
11804.02 81.02
11805.18 81.01
11806.34 81.01
11807.50 81.00
11808.66 81.50
11809.82 81.25
11810.98 81.13
11812.15 81.56
11813.32 81.28
11814.49 81.64
11815.66 80.82
11816.82 80.91
11817.99 81.46
11819.16 81.23
11820.33 81.61
11821.50 81.31
11822.66 81.65
11823.83 81.33
11825.00 81.16
11826.15 81.58
11827.32 81.29
11828.49 81.15
11829.66 81.57
11830.82 80.79
11831.99 81.39
11833.15 80.70
11834.31 80.85
11835.48 80.92
11836.65 81.46
11837.82 81.73
11838.98 80.87
11840.15 80.93
11841.32 80.97
11842.49 80.98
11843.65 81.99
11844.81 81.50
11845.97 81.25
11847.14 81.12
11848.30 81.06
11849.46 81.03
11850.62 81.02
11851.78 81.51
11852.95 81.25
11854.12 81.63
11855.29 81.31
11856.46 81.16
11857.62 81.08
11858.78 81.04
11859.94 81.02
11861.11 81.01
11862.28 81.00
11863.43 81.00
11864.58 81.50
11865.74 81.25
11866.91 80.63
11868.08 80.81
11869.24 80.91
11870.41 80.45
11871.58 81.73
11872.74 81.36
11873.91 81.68
11875.08 81.84
11876.24 81.42
11877.41 81.71
11878.58 82.36
11879.74 81.18
11880.91 81.09
11882.07 81.54
11883.23 81.27
11884.40 81.14
11885.58 80.57
11886.74 80.78
11887.91 80.89
11889.07 80.95
11890.23 80.97
11891.40 81.49
11892.57 80.74
11893.74 81.37
11894.91 81.69
11896.08 81.34
11897.24 81.17
11898.41 81.09
11899.57 81.54
11900.74 81.27
11901.90 81.14
11903.06 81.07
11904.22 81.03
11905.38 81.02
11906.54 81.01
11907.71 80.50
11908.87 80.75
11910.03 80.88
11911.19 80.94
11912.36 80.47
11913.53 81.23
11914.70 81.12
11915.86 81.56
11917.03 81.28
11918.19 81.64
11919.37 81.32
11920.54 81.66
11921.71 81.83
11922.88 81.91
11924.04 81.46
11925.20 81.23
11926.36 81.11
11927.53 81.06
11928.70 81.03
11929.86 81.01
11931.02 81.51
11932.18 81.25
11933.34 81.13
11934.51 81.56
11935.69 81.78
11936.85 81.39
11938.01 81.20
11939.17 81.60
11940.33 81.80
11941.49 81.40
11942.65 81.70
11943.81 81.85
11944.98 80.92
