8676.82 102.11
8677.98 100.55
8679.14 99.78
8680.27 99.89
8681.40 99.94
8682.52 100.47
8683.69 100.24
8684.86 100.62
8686.02 99.81
8687.14 100.40
8688.30 102.20
8689.46 103.10
8690.62 101.55
8691.79 102.28
8692.96 103.14
8694.13 101.07
8695.29 100.03
8696.45 101.52
8697.62 102.76
8698.79 100.88
8699.95 100.44
8701.12 101.22
8702.29 102.61
8703.46 102.80
8704.62 101.40
8705.78 101.20
8706.94 100.10
8708.10 101.55
8709.26 100.78
8710.43 100.39
8711.60 101.69
8712.77 101.85
8713.94 100.42
8715.10 100.71
8716.26 101.86
8717.43 100.43
8718.60 101.21
8719.77 102.11
8720.94 101.05
8722.10 100.53
8723.26 100.26
8724.43 99.63
8725.56 101.82
8726.73 101.91
8727.90 101.95
8729.06 101.48
8730.22 101.74
8731.38 101.87
8732.54 102.93
8733.70 101.97
8734.86 101.98
8736.02 102.99
8737.18 101.00
8738.34 102.50
8739.50 101.75
8740.66 101.37
8741.83 102.19
8743.00 103.09
8744.14 102.55
8745.31 100.77
8746.48 100.39
8747.65 101.19
8748.82 101.10
8749.98 100.55
8751.14 101.77
8752.31 100.89
8753.48 101.94
8754.65 100.47
8755.82 100.24
8756.98 99.62
8758.11 100.31
8759.29 100.15
8760.46 102.08
8761.62 102.54
8762.79 101.27
8763.96 100.63
8765.13 100.82
8766.30 101.91
8767.46 102.95
8768.63 100.98
8769.80 102.49
8770.96 100.74
8772.13 102.37
8773.30 102.69
8774.46 101.34
8775.63 100.17
8776.80 100.09
8777.95 102.04
8779.11 103.02
8780.27 101.01
8781.43 100.01
8782.60 100.00
8783.76 100.00
8784.91 100.50
8786.07 101.25
8787.23 101.13
8788.40 101.06
8789.55 100.53
8790.72 100.77
8791.89 106.38
8793.05 472.69
8794.22 670.85
8795.39 768.42
8796.56 808.21
8797.74 812.11
8798.92 794.55
8800.09 756.28
8801.26 723.14
8802.43 789.07
8803.60 829.03
8804.77 849.52
8805.94 858.26
8807.11 848.63
8808.28 825.31
8809.45 786.66
8810.64 743.33
8811.81 779.16
8812.98 821.58
8814.15 846.79
8815.32 857.90
8816.49 856.45
8817.66 838.22
8818.84 807.61
8820.00 767.81
8821.16 723.40
8822.33 785.70
8823.50 829.85
8824.66 852.93
8825.84 860.96
8827.01 851.98
8828.18 826.99
8829.35 792.00
8830.52 747.50
8831.68 771.25
8832.85 817.12
8834.02 846.06
8835.18 859.53
8836.35 858.27
8837.52 842.63
8838.69 815.82
8839.86 773.91
8841.03 730.45
8842.19 786.23
8843.37 829.61
8844.54 850.81
8845.71 858.40
8846.88 851.70
8848.04 831.35
8849.21 798.18
8850.39 753.59
8851.56 755.29
8852.73 811.15
8853.91 843.07
8855.07 855.54
8856.24 856.77
8857.41 843.88
8858.58 818.94
8859.76 779.97
8860.92 735.49
8862.09 785.74
8863.26 826.87
8864.43 849.94
8865.59 859.97
8866.77 853.48
8867.94 832.74
8869.11 801.37
8870.28 759.69
8871.45 743.34
8872.63 800.67
8873.79 837.84
8874.96 854.92
8876.13 858.96
8877.30 846.98
8878.47 822.49
8879.64 784.74
8880.81 738.87
8881.98 782.94
8883.15 825.47
8884.32 849.23
8885.50 860.62
8886.67 854.81
8887.84 836.90
8889.00 806.95
8890.16 764.98
8891.34 727.99
8892.50 793.49
8893.66 832.75
8894.84 853.87
8896.00 858.94
8897.16 846.47
8898.33 824.73
8899.51 789.87
8900.68 746.43
8901.85 777.22
8903.02 823.61
8904.18 847.80
8905.34 857.90
8906.51 854.95
8907.68 837.48
8908.85 808.74
8910.02 768.37
8911.19 725.68
8912.35 788.34
8913.52 828.67
8914.69 852.34
8915.86 861.17
8917.04 851.08
8918.20 827.54
8919.36 793.77
8920.54 752.39
8921.71 767.69
8922.88 815.85
8924.05 845.42
8925.22 860.21
8926.40 860.61
8927.56 843.80
8928.73 816.40
8929.90 774.70
8931.06 731.85
8932.22 785.93
8933.40 828.46
8934.57 850.23
8935.75 858.62
8936.93 852.81
8938.11 831.90
8939.28 797.95
8940.44 754.98
8941.61 754.99
8942.80 808.49
8943.96 840.25
8945.14 856.12
8946.31 857.56
8947.49 843.78
8948.66 817.89
8949.83 778.95
8951.00 734.97
8952.16 784.99
8953.34 827.99
8954.50 849.50
8955.66 860.75
8956.84 854.37
8958.01 835.19
8959.18 801.09
8960.35 758.55
8961.52 740.77
8962.68 801.89
8963.85 837.94
8965.02 856.47
8966.18 861.24
8967.36 845.62
8968.53 821.31
8969.71 782.65
8970.88 737.83
8972.05 780.91
8973.22 825.96
8974.38 849.98
8975.55 858.99
8976.72 852.99
8977.89 823.50
8979.05 783.25
8980.22 737.62
8981.40 692.31
8982.56 649.16
8983.74 608.58
8984.91 571.79
8986.08 537.39
8987.24 507.20
8988.41 479.60
8989.58 454.30
8990.76 430.65
8991.93 408.82
8993.10 388.41
8994.27 369.71
8995.44 352.35
8996.62 337.18
8997.80 321.59
8998.96 307.79
9000.13 293.90
9001.30 280.95
9002.47 269.47
9003.64 259.24
9004.81 250.12
9005.98 240.06
9007.14 232.53
9008.30 224.26
9009.46 215.63
9010.64 207.82
9011.81 201.41
9012.98 196.20
9014.14 190.60
9015.30 184.80
9016.46 180.90
9017.62 174.95
9018.79 170.98
9019.96 165.49
9021.13 160.74
9022.30 156.37
9023.46 154.19
9024.64 151.09
9025.80 148.55
9026.96 145.27
9028.13 142.64
9029.30 140.32
9030.46 138.16
9031.64 136.58
9032.80 135.29
9033.96 133.64
9035.13 131.32
9036.30 131.16
9037.46 128.58
9038.64 126.79
9039.80 126.90
9040.96 125.45
9042.13 123.72
9043.30 124.36
9044.46 122.18
9045.64 121.09
9046.79 120.55
9047.96 118.27
9049.13 118.64
9050.30 118.82
9051.46 117.41
9052.63 115.70
9053.79 115.35
9054.96 115.18
9056.13 114.59
9057.30 113.79
9058.46 112.90
9059.62 112.45
9060.79 112.22
9061.96 112.11
9063.13 113.56
9064.30 113.28
9065.46 111.64
9066.64 110.82
9067.80 111.41
9068.96 112.20
9070.12 111.60
9071.28 111.80
9072.44 111.90
9073.60 112.45
9074.77 111.73
9075.94 111.36
9077.10 110.18
9078.26 109.09
9079.42 109.05
9080.58 109.52
9081.76 110.26
9082.93 110.63
9084.10 109.32
9085.26 110.16
9086.43 109.08
9087.59 108.54
9088.77 109.77
9089.94 108.88
9091.10 108.44
9092.26 107.72
9093.43 108.86
9094.60 108.43
9095.77 109.72
9096.94 109.86
9098.10 107.93
9099.27 106.96
9100.43 106.98
9101.59 108.99
9102.76 108.00
9103.92 107.50
9105.08 106.75
9106.24 106.87
9107.40 106.94
9108.56 106.97
9109.73 106.98
9110.90 105.99
9112.06 106.50
9113.22 106.25
9114.38 106.62
9115.55 106.81
9116.72 105.41
9117.89 104.20
9119.05 104.10
9120.21 105.55
9121.38 105.28
9122.54 105.14
9123.71 104.57
9124.88 105.78
9126.04 106.39
9127.20 106.70
9128.36 106.35
9129.53 105.17
9130.70 106.09
9131.85 105.04
9133.01 104.52
9134.17 105.26
9135.34 104.63
9136.50 104.32
9137.66 104.66
9138.83 104.83
9140.00 104.91
9141.15 105.96
9142.32 104.48
9143.49 105.24
9144.66 104.12
9145.82 105.56
9146.99 104.78
9148.15 104.39
9149.32 104.69
9150.49 105.85
9151.66 104.92
9152.82 104.46
9153.99 105.73
9155.16 105.87
9156.33 105.93
9157.50 105.97
9158.66 104.98
9159.82 104.99
9160.98 104.50
9162.14 104.75
9163.31 104.37
9164.48 104.69
9165.64 104.84
9166.80 104.42
9167.96 105.71
9169.13 105.86
9170.30 104.93
9171.46 104.46
9172.63 104.23
9173.80 104.12
9174.96 104.06
9176.12 104.53
9177.29 105.76
9178.46 106.38
9179.63 104.69
9180.80 104.35
9181.96 104.17
9183.13 104.09
9184.29 168.04
9185.45 505.52
9186.63 676.76
9187.80 746.38
9188.97 764.19
9190.14 747.60
9191.31 714.80
9192.48 778.90
9193.64 823.95
9194.81 846.97
9195.98 858.99
9197.15 852.99
9198.32 833.00
9199.48 799.50
9200.65 755.75
9201.82 749.87
9202.98 806.44
9204.16 839.22
9205.33 855.61
9206.51 859.80
9207.68 845.90
9208.84 819.95
9210.01 779.98
9211.18 736.99
9212.34 785.49
9213.51 826.75
9214.69 849.37
9215.86 858.69
9217.03 853.34
9218.20 834.67
9219.36 804.84
9220.53 762.42
9221.70 734.21
9222.86 795.10
9224.03 834.05
9225.19 854.53
9226.37 857.26
9227.54 843.63
9228.71 821.32
9229.88 784.16
9231.05 740.08
9232.21 778.04
9233.38 824.52
9234.55 847.26
9235.72 860.63
9236.90 855.31
9238.07 836.66
9239.24 808.33
9240.41 766.16
9241.59 725.08
9242.76 791.04
9243.93 832.52
9245.10 852.26
9246.26 859.63
9247.44 847.82
9248.62 825.41
9249.80 789.20
9250.96 746.60
9252.13 774.80
9253.30 820.90
9254.46 847.95
9255.63 861.48
9256.80 860.24
9257.98 840.12
9259.15 813.06
9260.32 771.53
9261.49 727.76
9262.66 787.88
9263.82 828.94
9264.99 851.97
9266.17 859.49
9267.34 848.74
9268.51 826.37
9269.68 792.19
9270.86 749.09
9272.03 766.05
9273.18 816.52
9274.36 846.26
9275.53 859.13
9276.71 859.07
9277.88 841.53
9279.04 815.77
9280.21 774.88
9281.38 729.44
9282.55 787.22
9283.72 830.11
9284.90 852.56
9286.06 861.78
9287.23 854.39
9288.40 831.19
9289.57 799.10
9290.75 755.55
9291.92 753.77
9293.09 806.89
9294.25 840.94
9295.42 857.97
9296.58 860.49
9297.76 844.24
9298.94 819.62
9300.11 781.31
9301.28 736.66
9302.46 786.83
9303.64 830.41
9304.81 852.71
9305.98 861.85
9307.16 856.43
9308.33 835.21
9309.51 802.61
9310.68 760.80
9311.85 743.40
9313.02 801.20
9314.18 836.60
9315.35 855.80
9316.51 857.90
9317.68 845.45
9318.85 821.23
9320.03 785.11
9321.20 741.56
9322.36 782.78
9323.53 825.39
9324.70 848.19
9325.87 860.60
9327.04 856.30
9328.20 837.65
9329.36 807.32
9330.54 766.16
9331.72 728.08
9332.89 792.04
9334.05 831.02
9335.21 854.01
9336.38 860.51
9337.56 849.75
9338.73 826.38
9339.91 789.69
9341.08 745.84
9342.24 777.92
9343.41 820.96
9344.58 846.48
9345.75 858.74
9346.92 857.87
9348.10 840.44
9349.27 811.72
9350.44 770.36
9351.63 723.68
9352.80 789.34
9353.97 831.17
9355.15 851.58
9356.31 857.79
9357.48 849.90
9358.65 827.45
9359.82 793.22
9361.00 748.61
9362.16 771.81
9363.34 820.40
9364.51 846.20
9365.67 857.60
9366.84 855.30
9368.01 837.65
9369.18 813.33
9370.36 773.66
9371.53 729.33
9372.70 787.17
9373.87 828.08
9375.03 850.04
9376.19 860.52
9377.36 846.76
9378.53 813.88
9379.70 768.94
9380.87 723.97
9382.04 677.98
9383.20 636.99
9384.37 597.50
9385.54 562.75
9386.71 529.87
9387.88 499.94
9389.06 473.97
9390.23 448.98
9391.40 425.49
9392.56 404.25
9393.75 384.62
9394.92 366.81
9396.09 349.41
9397.26 333.20
9398.43 318.60
9399.60 305.30
9400.77 292.65
9401.94 280.33
9403.12 268.16
9404.29 258.58
9405.46 249.29
9406.62 239.15
9407.79 231.57
9408.96 222.79
9410.13 215.89
9411.30 208.95
9412.46 201.47
9413.63 196.74
9414.80 190.87
9415.96 185.43
9417.13 180.72
9418.30 174.86
9419.46 170.43
9420.62 167.21
9421.79 163.61
9422.97 159.80
9424.13 155.90
9425.29 153.45
9426.46 149.73
9427.62 147.86
9428.79 144.93
9429.96 142.47
9431.13 139.73
9432.30 137.37
9433.46 136.68
9434.63 134.34
9435.80 132.17
9436.96 130.09
9438.12 128.04
9439.29 128.02
9440.45 127.01
9441.62 125.01
9442.78 124.50
9443.94 122.25
9445.11 121.63
9446.28 121.31
9447.45 120.16
9448.62 120.58
9449.79 119.29
9450.96 118.64
9452.13 118.82
9453.30 116.91
9454.46 115.96
9455.63 115.48
9456.79 115.24
9457.96 113.12
9459.13 114.06
9460.29 114.03
9461.45 114.01
9462.62 112.51
9463.78 113.75
9464.95 112.38
9466.12 112.19
9467.29 112.59
9468.46 112.80
9469.62 112.40
9470.78 112.20
9471.94 112.10
9473.10 112.05
9474.26 111.52
9475.42 110.26
9476.59 110.63
9477.77 111.32
9478.94 109.66
9480.10 110.83
9481.26 111.41
9482.43 111.71
9483.61 110.35
9484.78 110.18
9485.94 109.59
9487.10 108.79
9488.26 109.40
9489.42 108.70
9490.58 108.35
9491.76 109.67
9492.93 108.34
9494.10 107.17
9495.26 106.58
9496.43 107.29
9497.62 108.15
9498.78 108.07
9499.94 107.54
9501.11 107.27
9502.28 106.63
9503.45 106.32
9504.62 106.16
9505.80 106.08
9506.95 106.54
9508.12 106.77
9509.29 106.38
9510.46 106.69
9511.62 106.85
9512.79 106.92
9513.95 107.96
9515.11 106.48
9516.28 105.24
9517.45 104.12
9518.62 105.56
9519.78 106.28
9520.95 104.64
9522.12 104.82
9523.29 105.41
9524.46 104.20
9525.62 105.10
9526.78 105.55
9527.94 104.28
9529.11 105.14
9530.28 106.57
9531.45 107.28
9532.62 105.64
9533.78 104.82
9534.95 104.91
9536.12 103.96
9537.29 104.48
9538.45 105.24
9539.62 105.62
9540.78 104.81
9541.95 104.40
9543.11 104.70
9544.27 105.35
9545.44 104.68
9546.62 105.34
9547.78 106.17
9548.95 105.58
9550.11 105.29
9551.28 104.15
9552.45 104.07
9553.62 103.54
9554.78 104.77
9555.96 104.38
9557.12 104.19
9558.29 104.10
9559.45 105.05
9560.62 105.02
9561.78 104.51
9562.95 104.26
9564.12 104.13
9565.29 105.06
9566.45 104.03
9567.62 103.52
9568.78 103.76
9569.95 103.38
9571.12 103.69
9572.29 103.34
9573.46 102.17
9574.62 102.59
9575.79 101.79
9576.96 102.90
9578.12 102.95
9579.29 102.97
9580.46 103.49
9581.62 102.74
9582.79 103.37
9583.96 104.19
9585.13 422.09
9586.30 639.55
9587.46 740.77
9588.63 774.89
9589.80 768.44
9590.97 740.72
9592.15 739.36
9593.32 802.18
9594.50 838.59
9595.66 857.80
9596.84 860.40
9598.00 845.20
9599.16 819.10
9600.33 780.05
9601.50 737.52
9602.67 782.76
9603.83 826.88
9605.00 849.44
9606.16 860.22
9607.34 855.61
9608.52 835.31
9609.69 803.65
9610.86 762.83
9612.03 733.41
9613.20 795.71
9614.36 832.85
9615.53 853.93
9616.70 859.96
9617.87 846.48
9619.04 823.24
9620.20 787.12
9621.37 744.56
9622.54 779.78
9623.70 823.89
9624.86 847.45
9626.04 858.72
9627.21 857.36
9628.39 839.18
9629.56 810.09
9630.73 768.05
9631.90 724.52
9633.06 788.76
9634.24 831.38
9635.40 853.19
9636.57 858.60
9637.75 848.30
9638.92 826.15
9640.09 792.57
9641.26 749.79
9642.42 773.39
9643.60 818.70
9644.76 846.35
9645.93 859.17
9647.10 858.59
9648.28 841.29
9649.44 813.65
9650.62 774.82
9651.80 729.41
9652.96 787.71
9654.14 829.35
9655.31 850.68
9656.49 859.84
9657.66 850.42
9658.83 829.21
9660.00 795.60
9661.16 751.80
9662.32 759.40
9663.50 812.70
9664.66 843.85
9665.83 859.43
9667.00 859.71
9668.16 842.86
9669.34 817.43
9670.52 778.21
9671.69 733.61
9672.86 786.80
9674.03 828.90
9675.18 851.95
9676.36 861.48
9677.53 854.24
9678.71 833.62
9679.88 800.81
9681.05 756.40
9682.21 746.20
9683.38 804.10
9684.54 837.05
9685.71 854.53
9686.88 857.76
9688.06 845.88
9689.22 821.44
9690.39 781.72
9691.56 738.36
9692.74 785.18
9693.90 828.09
9695.07 851.55
9696.23 859.77
9697.41 853.89
9698.58 834.94
9699.76 804.97
9700.92 763.99
9702.09 728.99
9703.25 794.00
9704.41 832.00
9705.57 852.00
9706.74 858.50
9707.91 845.75
9709.08 821.87
9710.24 785.44
9711.42 742.72
9712.60 775.86
9713.77 819.93
9714.94 846.46
9716.10 859.23
9717.28 856.12
9718.45 838.56
9719.62 809.28
9720.80 769.64
9721.96 725.32
9723.14 789.16
9724.31 832.08
9725.48 854.04
9726.65 859.52
9727.82 850.76
9728.99 826.88
9730.16 791.94
9731.33 748.97
9732.50 771.98
9733.66 820.49
9734.83 847.75
9736.00 861.37
9737.16 861.19
9738.34 841.59
9739.51 814.30
9740.68 775.15
9741.85 730.57
9743.02 787.79
9744.18 830.39
9745.35 852.70
9746.52 861.35
9747.69 852.67
9748.86 830.84
9750.03 797.92
9751.20 753.96
9752.36 757.48
9753.53 810.74
9754.70 842.37
9755.86 858.68
9757.03 861.34
9758.20 845.67
9759.37 817.84
9760.55 779.42
9761.73 733.21
9762.91 785.60
9764.07 828.30
9765.23 851.65
9766.40 859.83
9767.57 853.41
9768.76 832.21
9769.93 800.60
9771.10 756.80
9772.26 742.90
9773.43 801.95
9774.60 838.48
9775.77 855.24
9776.94 860.62
9778.11 844.81
9779.28 821.90
9780.45 781.95
9781.62 739.48
9782.80 695.24
9783.96 652.62
9785.13 611.31
9786.31 575.15
9787.48 541.58
9788.65 510.79
9789.82 482.39
9790.99 457.20
9792.16 433.10
9793.32 411.55
9794.50 391.27
9795.67 373.14
9796.84 356.07
9798.01 339.53
9799.18 323.77
9800.36 309.38
9801.52 297.19
9802.69 284.10
9803.86 273.55
9805.02 263.27
9806.19 252.64
9807.36 243.82
9808.53 233.91
9809.70 225.45
9810.86 218.23
9812.02 211.61
9813.18 205.31
9814.35 199.15
9815.52 193.08
9816.68 188.04
9817.84 181.52
9819.01 176.26
9820.17 171.63
9821.34 168.31
9822.50 164.16
9823.66 159.58
9824.83 155.79
9826.00 153.39
9827.15 149.70
9828.31 147.85
9829.48 145.92
9830.65 143.46
9831.82 139.73
9832.98 137.87
9834.15 136.43
9835.32 135.22
9836.49 133.61
9837.66 130.80
9838.82 128.90
9839.98 127.95
9841.14 125.98
9842.31 125.99
9843.48 125.49
9844.64 124.75
9845.81 123.87
9846.98 121.94
9848.14 120.97
9849.31 119.48
9850.48 119.24
9851.65 117.62
9852.82 117.81
9853.98 116.91
9855.15 116.95
9856.32 115.98
9857.49 115.99
9858.65 115.49
9859.82 114.25
9860.98 113.62
9862.15 112.31
9863.32 112.66
9864.49 113.33
9865.66 112.66
9866.82 111.83
9867.99 111.42
9869.16 111.21
9870.34 111.60
9871.50 111.80
9872.66 110.90
9873.82 109.95
9874.98 110.98
9876.15 110.99
9877.32 111.49
9878.49 110.75
9879.66 109.87
9880.82 109.94
9881.99 108.97
9883.15 108.48
9884.32 108.24
9885.49 108.62
9886.66 108.31
9887.82 109.66
9888.99 108.83
9890.15 109.91
9891.32 110.46
9892.49 109.23
9893.66 109.11
9894.82 108.06
9895.98 107.03
9897.14 106.51
9898.31 108.26
9899.48 108.13
9900.65 107.06
9901.81 106.03
9902.97 107.02
9904.14 107.01
9905.30 106.00
9906.45 106.00
9907.61 106.50
9908.77 105.75
9909.94 105.88
9911.10 105.94
9912.26 105.97
9913.43 105.98
9914.60 105.49
9915.76 105.75
9916.93 104.37
9918.10 105.69
9919.26 105.84
9920.42 105.92
9921.59 105.46
9922.76 105.73
9923.93 106.37
9925.10 105.68
9926.26 105.34
9927.42 106.67
9928.60 106.34
9929.76 106.67
9930.93 106.83
9932.10 106.92
9933.26 106.46
9934.42 105.73
9935.60 105.86
9936.76 104.93
9937.93 103.97
9939.10 103.98
9940.26 104.99
9941.42 104.50
9942.59 105.25
9943.76 104.12
9944.93 104.06
9946.09 105.03
9947.24 105.02
9948.40 104.51
9949.56 104.75
9950.74 104.38
9951.90 104.19
9953.06 104.09
9954.22 104.05
9955.38 103.52
9956.54 104.26
9957.72 104.63
9958.89 103.82
9960.06 105.41
9961.22 106.20
9962.38 105.60
9963.54 104.80
9964.70 104.40
9965.86 104.20
9967.02 103.60
9968.18 103.80
9969.34 104.40
9970.50 104.20
9971.66 104.10
9972.82 104.05
9973.98 103.52
9975.14 103.76
9976.31 104.88
9977.48 104.44
9978.65 103.72
9979.82 103.36
9980.98 103.68
9982.14 103.84
9983.31 104.42
9984.48 104.21
9985.65 450.11
9986.83 652.55
9987.99 744.28
9989.16 773.64
9990.34 762.82
9991.52 732.41
9992.69 759.20
9993.86 813.10
9995.02 842.55
9996.20 858.78
9997.36 859.89
9998.53 842.44
9999.70 814.72
10000.87 773.36
10002.08 729.18
10003.28 788.59
10004.49 829.80
10005.70 852.40
10006.90 859.70
10008.10 847.85
10009.31 825.42
10010.52 787.71
10011.74 743.86
10012.94 783.43
10014.15 824.71
10015.36 849.86
10016.57 860.43
10017.79 853.71
10019.00 833.86
10020.20 798.93
10021.41 754.46
10022.62 758.73
10023.82 812.87
10025.03 840.93
10026.24 854.97
10027.44 856.98
10028.65 839.99
10029.86 810.50
10031.07 770.25
10032.28 725.12
10033.49 788.56
10034.70 831.78
10035.90 851.89
10037.10 858.45
10038.31 844.22
10039.52 819.61
10040.75 781.81
10041.96 736.90
10043.16 785.45
10044.37 828.23
10045.60 851.61
10046.80 860.31
10048.01 851.65
10049.22 829.33
10050.44 793.16
10051.65 746.58
10052.86 777.79
10054.07 823.90
10055.26 847.95
10056.48 861.47
10057.68 857.74
10058.90 837.37
10060.11 803.18
10061.32 760.59
10062.53 747.80
10063.74 805.90
10064.94 837.95
10066.15 854.97
10067.36 856.49
10068.57 841.74
10069.79 814.37
10071.00 771.69
10072.20 727.34
10073.41 787.67
10074.62 827.84
10075.82 851.42
10077.03 859.71
10078.24 845.85
10079.45 820.93
10080.66 783.96
10081.87 740.48
10083.07 784.74
10084.28 827.87
10085.48 851.44
10086.69 861.22
10087.90 854.11
10089.11 832.55
10090.32 796.28
10091.54 752.14
10092.76 769.07
10093.97 816.53
10095.18 845.77
10096.38 859.38
10097.60 857.69
10098.81 836.85
10100.02 806.42
10101.23 765.71
10102.44 732.36
10103.66 796.68
10104.86 835.84
10106.08 853.92
10107.28 858.96
10108.49 844.48
10109.70 817.24
10110.91 777.62
10112.12 732.31
10113.34 789.16
10114.55 831.58
10115.77 851.79
10116.98 859.39
10118.19 850.20
10119.40 827.60
10120.60 790.80
10121.80 744.40
10123.00 778.70
10124.19 823.35
10125.40 848.17
10126.61 857.09
10127.82 854.04
10129.03 834.52
10130.24 802.26
10131.45 758.63
10132.66 755.32
10133.88 808.16
10135.08 842.58
10136.28 858.79
10137.49 857.39
10138.70 838.70
10139.90 809.85
10141.10 771.42
10142.31 725.21
10143.52 790.11
10144.74 829.05
10145.96 850.53
10147.16 857.76
10148.37 846.38
10149.59 820.19
10150.80 780.10
10152.00 735.55
10153.20 786.27
10154.41 829.64
10155.62 850.82
10156.82 860.91
10158.04 850.95
10159.24 829.48
10160.45 793.24
10161.66 748.62
10162.87 768.31
10164.07 816.15
10165.28 844.08
10166.48 858.04
10167.68 857.02
10168.89 839.01
10170.10 806.00
10171.29 765.50
10172.50 729.75
10173.71 792.88
10174.92 832.94
10176.13 852.47
10177.34 857.73
10178.55 841.87
10179.77 816.93
10180.98 777.97
10182.19 730.98
10183.40 684.99
10184.60 642.50
10185.80 602.25
10187.01 565.12
10188.22 532.06
10189.43 500.53
10190.64 473.77
10191.85 447.38
10193.07 424.69
10194.27 402.35
10195.48 382.67
10196.69 363.84
10197.90 345.92
10199.10 329.96
10200.31 315.48
10201.52 302.24
10202.75 289.62
10203.96 276.81
10205.18 265.40
10206.38 255.20
10207.58 244.60
10208.78 234.80
10209.98 226.90
10211.18 218.95
10212.39 210.98
10213.60 203.49
10214.80 197.74
10216.00 191.37
10217.19 185.69
10218.40 180.84
10219.60 176.42
10220.80 171.21
10222.00 167.61
10223.20 164.30
10224.39 160.65
10225.60 155.83
10226.81 152.91
10228.02 148.46
10229.22 146.73
10230.42 145.36
10231.63 142.18
10232.84 141.09
10234.04 138.55
10235.24 135.77
10236.45 133.39
10237.66 133.19
10238.86 130.10
10240.06 127.55
10241.26 127.27
10242.46 125.14
10243.67 124.07
10244.87 123.03
10246.07 123.02
10247.26 122.01
10248.46 121.00
10249.66 120.50
10250.86 120.75
10252.06 117.88
10253.26 116.94
10254.46 116.47
10255.66 116.23
10256.86 115.12
10258.07 114.56
10259.27 115.28
10260.48 113.14
10261.68 113.57
10262.88 113.78
10264.08 112.39
10265.27 112.20
10266.47 111.60
10267.67 110.30
10268.87 110.65
10270.07 111.32
10271.27 111.16
10272.48 111.08
10273.67 110.54
10274.87 111.27
10276.07 111.64
10277.27 110.82
10278.47 111.41
10279.67 111.20
10280.87 110.10
10282.07 110.05
10283.26 109.53
10284.47 110.26
10285.67 109.13
10286.88 108.57
10288.08 108.28
10289.28 108.14
10290.48 108.07
10291.68 108.54
10292.88 108.27
10294.08 108.63
10295.29 108.32
10296.49 108.66
10297.69 107.33
10298.89 106.66
10300.09 107.33
10301.29 107.67
10302.50 107.83
10303.70 107.92
10304.90 107.96
10306.10 107.98
10307.30 106.99
10308.50 105.99
10309.70 106.00
10310.89 105.50
10312.09 105.75
10313.29 104.87
10314.49 104.94
10315.69 105.97
10316.89 106.98
10318.09 106.99
10319.28 105.00
10320.47 104.50
10321.67 105.25
10322.87 104.12
10324.07 104.06
10325.26 103.53
10326.46 104.77
10327.66 104.38
10328.86 104.69
10330.06 103.85
10331.27 103.42
10332.48 104.71
10333.68 104.86
10334.88 104.93
10336.08 105.46
10337.28 104.23
10338.48 104.62
10339.68 105.31
10340.89 104.65
10342.09 105.83
10343.29 104.91
10344.49 106.46
10345.69 105.23
10346.90 105.61
10348.10 106.31
10349.30 104.65
10350.50 103.83
10351.70 104.41
10352.90 103.71
10354.10 103.35
10355.30 103.18
10356.50 104.59
10357.71 103.79
10358.92 103.40
10360.12 103.20
10361.32 105.10
10362.52 105.55
10363.74 104.27
10364.94 104.64
10366.14 104.32
10367.35 104.16
10368.56 104.58
10369.77 104.29
10370.97 104.14
10372.17 104.07
10373.37 104.04
10374.58 104.02
10375.78 104.01
10376.98 104.00
10378.17 104.00
10379.36 104.00
10380.55 103.50
10381.76 103.75
10382.96 103.88
10384.16 103.44
10385.36 189.22
10386.59 519.61
10387.79 683.30
10388.99 750.65
10390.20 763.33
10391.41 740.66
10392.62 710.33
10393.82 781.17
10395.03 825.58
10396.23 850.29
10397.44 855.65
10398.65 844.32
10399.87 818.16
10401.08 780.58
10402.28 734.29
10403.48 785.65
10404.70 828.82
10405.90 851.41
10407.10 861.21
10408.31 852.10
10409.52 829.55
10410.73 794.28
10411.94 749.64
10413.14 774.32
10414.35 820.16
10415.56 845.08
10416.77 860.04
10417.97 855.52
10419.18 833.76
10420.40 802.88
10421.60 759.44
10422.80 739.22
10424.01 798.61
10425.22 836.80
10426.43 855.90
10427.62 859.95
10428.84 843.48
10430.04 817.24
10431.24 776.12
10432.46 730.56
10433.67 790.28
10434.88 830.14
10436.09 852.57
10437.29 857.28
10438.50 848.14
10439.72 824.57
10440.92 787.29
10442.13 743.14
10443.34 782.07
10444.54 827.04
10445.76 851.02
10446.97 862.01
10448.18 853.00
10449.38 833.00
10450.59 798.00
10451.79 756.00
10452.99 762.00
10454.18 811.00
10455.38 841.50
10456.59 856.75
10457.79 857.88
10459.00 840.44
10460.20 810.22
10461.41 768.11
10462.63 722.55
10463.83 788.28
10465.04 831.14
10466.25 852.57
10467.46 858.28
10468.68 844.14
10469.88 818.57
10471.09 780.79
10472.30 734.39
10473.50 785.70
10474.71 826.85
10475.92 849.42
10477.13 856.71
10478.34 848.36
10479.55 827.68
10480.77 793.34
10481.98 749.67
10483.18 772.83
10484.39 820.92
10485.60 844.96
10486.80 858.98
10488.00 856.49
10489.20 835.24
10490.41 805.12
10491.62 760.56
10492.83 734.28
10494.03 798.64
10495.24 835.32
10496.45 855.16
10497.66 859.08
10498.86 844.04
10500.06 817.52
10501.27 775.26
10502.48 731.13
10503.68 789.07
10504.89 830.03
10506.09 851.02
10507.29 860.51
10508.50 849.75
10509.71 826.38
10510.92 788.19
10512.12 744.09
10513.33 781.55
10514.54 822.77
10515.75 847.39
10516.96 859.19
10518.17 855.10
10519.38 833.05
10520.60 798.52
10521.80 756.26
10523.00 754.13
10524.20 809.07
10525.40 841.03
10526.60 858.02
10527.80 858.51
10529.01 842.25
10530.22 814.63
10531.43 772.81
10532.64 724.41
10533.85 787.20
10535.06 827.60
10536.26 851.30
10537.47 859.15
10538.68 845.58
10539.88 819.79
10541.09 780.89
10542.29 737.45
10543.50 785.22
10544.72 826.61
10545.92 848.31
10547.13 859.65
10548.35 852.33
10549.56 829.16
10550.78 794.08
10551.98 750.54
10553.18 770.77
10554.39 816.89
10555.60 844.94
10556.80 858.97
10558.00 857.49
10559.20 838.24
10560.41 808.12
10561.62 765.56
10562.83 730.28
10564.04 794.64
10565.23 835.32
10566.44 853.66
10567.65 857.33
10568.87 845.17
10570.08 818.08
10571.28 778.04
10572.48 732.52
10573.70 786.76
10574.91 829.88
10576.11 852.44
10577.32 860.22
10578.53 850.61
10579.75 825.80
10580.95 790.40
10582.16 746.20
10583.36 700.10
10584.58 655.05
10585.78 612.53
10587.00 575.26
10588.20 541.13
10589.40 510.07
10590.60 480.53
10591.81 454.77
10593.02 431.38
10594.22 408.69
10595.43 388.35
10596.64 368.67
10597.84 351.84
10599.05 334.92
10600.25 319.96
10601.46 305.48
10602.68 293.24
10603.88 279.62
10605.09 267.81
10606.29 257.90
10607.49 248.45
10608.70 238.23
10609.90 230.61
10611.10 221.81
10612.30 213.40
10613.50 207.20
10614.70 201.60
10615.90 195.30
10617.09 189.65
10618.29 182.33
10619.50 177.66
10620.70 172.33
10621.90 169.17
10623.11 166.08
10624.31 161.54
10625.52 158.77
10626.74 153.39
10627.94 150.69
10629.14 148.85
10630.35 145.92
10631.55 143.46
10632.77 140.73
10633.98 138.37
10635.18 136.18
10636.39 134.09
10637.59 132.05
10638.79 130.52
10639.99 129.76
10641.19 126.88
10642.39 124.94
10643.60 123.97
10644.80 123.99
10646.00 123.99
10647.19 121.50
10648.39 121.25
10649.60 119.12
10650.80 120.06
10651.99 118.53
10653.19 117.27
10654.40 115.63
10655.60 115.82
10656.80 116.41
10658.00 114.70
10659.18 113.35
10660.39 113.18
10661.60 114.09
10662.79 113.54
10663.99 112.77
10665.19 111.89
10666.39 111.94
10667.59 111.97
10668.79 111.99
10669.99 111.49
10671.19 111.25
10672.40 111.12
10673.60 111.06
10674.79 111.03
10675.99 110.52
10677.20 110.76
10678.41 108.88
10679.61 108.94
10680.82 109.47
10682.02 108.23
10683.22 108.12
10684.42 109.56
10685.62 110.28
10686.83 108.64
10688.03 109.32
10689.23 108.16
10690.44 109.08
10691.64 108.54
10692.84 109.77
10694.04 108.88
10695.23 108.94
10696.43 109.47
10697.63 108.74
10698.84 106.87
10700.04 105.93
10701.24 106.97
10702.44 106.48
10703.64 108.24
10704.84 106.12
10706.05 107.56
10707.25 106.78
10708.46 106.39
10709.66 107.20
10710.86 108.60
10712.07 107.30
10713.26 107.15
10714.47 106.57
10715.67 106.29
10716.88 106.14
10718.08 105.57
10719.28 105.79
10720.48 105.89
10721.69 104.45
10722.89 105.22
10724.09 106.11
10725.29 105.06
10726.49 106.03
10727.70 105.01
10728.90 104.51
10730.10 104.75
10731.30 104.88
10732.50 104.44
10733.71 105.22
10734.92 104.61
10736.13 105.80
10737.33 105.90
10738.53 105.95
10739.74 106.48
10740.95 106.24
10742.15 104.62
10743.36 104.81
10744.58 105.40
10745.78 105.20
10746.98 105.10
10748.18 105.55
10749.38 104.78
10750.59 104.39
10751.79 104.69
10752.99 104.35
10754.20 104.67
10755.40 105.34
10756.60 105.17
10757.80 104.58
10759.00 104.29
10760.20 104.15
10761.40 104.07
10762.59 103.54
10763.79 103.77
10764.99 103.88
10766.19 103.44
10767.39 102.72
10768.59 104.86
10769.79 105.43
10770.99 106.22
10772.20 106.11
10773.40 104.55
10774.60 103.28
10775.80 103.64
10777.00 103.82
10778.19 103.41
10779.40 103.70
10780.59 103.35
10781.79 102.68
10782.99 102.34
10784.19 101.67
10785.39 104.33
10786.60 467.17
10787.80 659.08
10789.00 743.54
10790.20 766.77
10791.40 750.89
10792.61 718.94
10793.82 778.47
10795.03 823.24
10796.23 847.12
10797.45 857.56
10798.66 850.28
10799.87 828.14
10801.08 793.07
10802.28 748.53
10803.48 773.77
10804.70 821.88
10805.90 845.94
10807.10 859.47
10808.31 855.74
10809.52 835.87
10810.74 802.43
10811.95 758.72
10813.16 742.36
10814.37 801.68
10815.58 837.84
10816.78 856.42
10817.99 859.21
10819.20 843.10
10820.40 816.05
10821.60 775.53
10822.81 728.76
10824.02 789.38
10825.22 832.19
10826.42 852.10
10827.64 858.55
10828.84 848.27
10830.05 822.64
10831.26 786.32
10832.47 741.66
10833.68 783.33
10834.88 827.66
10836.10 851.83
10837.30 858.42
10838.52 851.71
10839.74 831.85
10840.95 799.43
10842.16 755.71
10843.37 764.86
10844.58 815.93
10845.78 843.96
10847.00 858.98
10848.20 857.99
10849.40 839.00
10850.60 809.50
10851.80 767.75
10853.00 724.37
10854.20 790.69
10855.42 832.34
10856.62 854.67
10857.84 857.34
10859.04 845.17
10860.25 819.58
10861.46 780.79
10862.67 734.90
10863.87 787.45
10865.08 831.22
10866.28 853.11
10867.49 861.56
10868.71 852.28
10869.92 830.14
10871.13 793.57
10872.35 747.78
10873.56 777.89
10874.77 822.45
10875.98 849.22
10877.19 859.61
10878.40 855.81
10879.60 834.90
10880.80 804.45
10882.00 761.73
10883.21 744.36
10884.42 802.18
10885.62 837.09
10886.82 855.55
10888.04 857.27
10889.24 842.64
10890.45 815.82
10891.66 774.91
10892.87 728.95
10894.08 789.48
10895.28 832.24
10896.49 854.12
10897.71 861.56
10898.92 848.78
10900.12 823.39
10901.33 786.19
10902.54 740.10
10903.76 781.55
10904.96 824.27
10906.17 847.14
10907.38 858.57
10908.59 852.78
10909.80 831.89
10911.00 796.45
10912.20 754.22
10913.40 764.11
10914.61 814.06
10915.82 844.03
10917.03 858.51
10918.23 858.76
10919.44 840.38
10920.65 810.69
10921.86 768.84
10923.07 725.42
10924.28 792.21
10925.48 833.11
10926.70 854.05
10927.91 856.53
10929.12 842.76
10930.33 816.88
10931.54 779.44
10932.76 734.72
10933.96 787.86
10935.17 828.43
10936.38 852.22
10937.59 860.61
10938.80 851.80
10940.00 828.40
10941.20 792.70
10942.40 747.85
10943.60 776.93
10944.81 823.96
10946.02 849.48
10947.22 861.24
10948.43 858.12
10949.64 836.56
10950.85 804.78
10952.06 761.39
10953.27 744.70
10954.48 802.35
10955.69 836.17
10956.90 854.09
10958.10 858.04
10959.30 842.02
10960.50 815.51
10961.72 773.26
10962.94 728.13
10964.14 789.56
10965.35 831.78
10966.57 853.89
10967.78 860.45
10968.99 848.72
10970.20 823.86
10971.40 784.93
10972.61 739.47
10973.82 783.73
10975.03 827.37
10976.25 851.18
10977.46 861.59
10978.67 851.80
10979.88 831.40
10981.08 797.20
10982.28 754.10
10983.48 706.55
10984.70 661.27
10985.91 619.64
10987.12 582.32
10988.33 546.16
10989.56 514.58
10990.77 485.29
10991.98 458.64
10993.19 434.82
10994.40 412.41
10995.60 391.21
10996.81 371.60
10998.02 353.80
10999.22 337.40
11000.43 322.70
11001.64 306.85
11002.84 293.43
11004.06 281.21
11005.27 269.61
11006.48 258.30
11007.69 248.15
11008.90 238.58
11010.10 229.29
11011.30 222.14
11012.50 216.07
11013.70 209.54
11014.90 202.27
11016.10 196.63
11017.30 188.82
11018.50 184.41
11019.71 178.70
11020.91 174.85
11022.11 170.93
11023.32 166.46
11024.53 162.73
11025.74 157.37
11026.95 155.18
11028.16 151.59
11029.37 149.30
11030.57 147.15
11031.78 142.57
11032.98 139.29
11034.19 139.14
11035.40 135.57
11036.60 134.79
11037.80 132.89
11039.00 132.45
11040.19 130.22
11041.40 128.61
11042.60 127.81
11043.80 124.90
11045.00 123.45
11046.19 123.23
11047.40 123.11
11048.60 123.06
11049.79 122.03
11051.00 120.01
11052.18 120.01
11053.38 119.00
11054.58 118.50
11055.78 116.25
11056.98 116.63
11058.19 115.81
11059.40 114.41
11060.60 113.70
11061.79 113.35
11062.99 114.18
11064.19 113.09
11065.39 113.54
11066.59 112.77
11067.79 113.39
11068.99 112.19
11070.19 112.10
11071.39 110.55
11072.59 110.77
11073.79 110.89
11074.99 110.44
11076.19 110.72
11077.39 109.86
11078.59 111.43
11079.80 111.72
11081.00 110.86
11082.19 110.93
11083.39 108.46
11084.59 107.73
11085.79 108.37
11087.00 109.18
11088.19 108.09
11089.39 109.05
11090.59 108.52
11091.79 109.26
11093.00 109.63
11094.19 109.32
11095.40 109.16
11096.60 109.58
11097.80 107.79
11099.00 107.39
11100.19 106.20
11101.39 107.60
11102.59 108.80
11103.79 106.90
11104.99 106.95
11106.19 105.97
11107.39 105.49
11108.59 106.74
11109.79 107.37
11110.99 106.69
11112.19 107.84
11113.39 107.42
11114.60 106.71
11115.80 107.36
11117.00 105.68
11118.19 104.84
11119.39 104.92
11120.59 104.46
11121.80 104.73
11123.00 105.86
11124.19 106.43
11125.39 105.22
11126.60 105.11
11127.81 106.05
11129.01 106.53
11130.21 106.26
11131.42 106.63
11132.62 105.32
11133.83 106.16
11135.04 105.08
11136.23 104.54
11137.44 105.77
11138.64 104.88
11139.84 105.94
11141.04 105.47
11142.24 106.24
11143.45 106.62
11144.66 105.81
11145.86 104.90
11147.06 103.45
11148.26 104.23
11149.48 105.61
11150.70 106.31
11151.90 104.65
11153.10 103.83
11154.30 105.41
11155.50 104.21
11156.71 103.60
11157.91 104.30
11159.11 105.15
11160.32 105.58
11161.53 104.29
11162.75 105.14
11163.95 103.57
11165.15 105.29
11166.36 105.14
11167.57 105.57
11168.78 104.29
11169.98 103.64
11171.18 102.82
11172.38 103.91
11173.58 103.96
11174.78 104.48
11175.98 105.74
11177.18 105.37
11178.39 103.18
11179.59 104.59
11180.79 105.80
11181.99 105.90
11183.19 105.45
11184.40 105.72
11185.60 105.86
11186.80 460.43
11188.01 656.22
11189.22 742.61
11190.44 768.30
11191.65 754.65
11192.86 721.83
11194.07 778.41
11195.27 826.71
11196.49 851.35
11197.70 861.18
11198.92 851.59
11200.12 830.79
11201.33 795.90
11202.55 751.45
11203.76 772.72
11204.97 817.86
11206.18 844.43
11207.38 858.22
11208.60 856.61
11209.80 835.80
11211.00 804.40
11212.20 763.70
11213.40 732.85
11214.60 795.93
11215.81 833.46
11217.02 855.23
11218.23 859.12
11219.45 844.56
11220.66 818.78
11221.87 778.39
11223.08 732.19
11224.28 788.60
11225.49 829.30
11226.70 851.15
11227.92 859.57
11229.12 849.79
11230.34 824.39
11231.56 787.70
11232.76 741.35
11233.97 782.67
11235.18 824.34
11236.39 850.17
11237.59 860.58
11238.80 853.29
11240.00 833.65
11241.20 800.82
11242.40 756.91
11243.61 755.46
11244.83 811.73
11246.03 842.36
11247.24 858.68
11248.44 857.34
11249.66 840.17
11250.87 811.59
11252.08 770.29
11253.28 725.65
11254.49 788.82
11255.70 829.91
11256.91 850.46
11258.11 856.23
11259.33 844.11
11260.56 820.56
11261.77 781.78
11262.98 736.89
11264.19 785.94
11265.40 828.97
11266.60 851.49
11267.80 857.24
11269.00 851.12
11270.20 829.06
11271.40 792.53
11272.61 749.27
11273.83 774.13
11275.03 818.57
11276.23 845.28
11277.45 859.64
11278.66 856.82
11279.87 836.41
11281.08 805.71
11282.28 763.35
11283.49 737.68
11284.70 796.84
11285.90 833.42
11287.10 854.71
11288.32 858.35
11289.52 843.68
11290.75 816.34
11291.96 775.67
11293.16 729.83
11294.37 787.92
11295.58 829.46
11296.79 851.73
11297.99 859.36
11299.20 848.18
11300.41 823.59
11301.62 785.30
11302.83 740.65
11304.03 780.32
11305.24 826.16
11306.45 849.08
11307.65 860.04
11308.85 853.52
11310.06 831.76
11311.27 798.38
11312.48 754.69
11313.69 759.35
11314.91 812.67
11316.11 843.34
11317.33 858.17
11318.56 858.08
11319.76 838.54
11320.97 808.77
11322.18 767.89
11323.39 724.44
11324.60 790.22
11325.81 832.61
11327.02 853.81
11328.23 859.90
11329.44 845.95
11330.64 818.98
11331.85 779.99
11333.06 733.49
11334.26 785.75
11335.46 827.37
11336.68 850.19
11337.90 859.09
11339.10 849.55
11340.31 827.77
11341.52 792.39
11342.74 747.19
11343.94 777.60
11345.15 820.80
11346.36 847.40
11347.57 859.70
11348.78 855.35
11349.99 835.67
11351.20 803.34
11352.41 759.67
11353.62 746.33
11354.82 805.17
11356.04 840.58
11357.23 857.29
11358.44 860.15
11359.66 842.57
11360.87 814.79
11362.08 773.89
11363.28 727.95
11364.49 789.97
11365.71 829.99
11366.91 853.49
11368.12 860.75
11369.33 848.87
11370.55 823.94
11371.76 785.47
11372.96 739.73
11374.17 785.37
11375.38 827.68
11376.60 850.34
11377.81 859.17
11379.02 853.09
11380.22 830.54
11381.43 796.27
11382.64 750.64
11383.85 704.32
11385.06 659.16
11386.27 617.58
11387.48 579.29
11388.70 544.14
11389.91 513.07
11391.12 483.54
11392.34 457.27
11393.56 433.13
11394.77 409.57
11395.98 389.78
11397.19 370.89
11398.40 353.45
11399.60 336.72
11400.81 320.86
11402.02 306.43
11403.23 293.72
11404.44 280.86
11405.65 268.93
11406.86 258.46
11408.06 248.23
11409.26 239.62
11410.47 230.81
11411.69 222.40
11412.89 215.20
11414.09 208.10
11415.28 201.55
11416.48 195.28
11417.70 190.14
11418.90 185.07
11420.09 178.03
11421.28 173.02
11422.48 169.01
11423.69 165.50
11424.90 161.75
11426.10 156.88
11427.30 154.44
11428.50 150.22
11429.71 148.61
11430.92 146.80
11432.12 143.90
11433.32 141.95
11434.54 139.98
11435.74 137.49
11436.95 134.24
11438.16 132.62
11439.37 131.31
11440.58 129.66
11441.78 127.33
11442.99 126.66
11444.19 126.83
11445.40 125.92
11446.60 124.96
11447.80 122.98
11449.00 121.49
11450.19 119.74
11451.40 118.37
11452.60 118.69
11453.80 118.84
11455.00 118.92
11456.19 117.46
11457.39 115.73
11458.59 115.87
11459.79 115.93
11460.99 115.47
11462.19 115.23
11463.40 115.12
11464.60 113.56
11465.80 111.78
11467.00 110.89
11468.19 109.94
11469.39 109.97
11470.59 111.49
11471.79 110.74
11472.99 109.87
11474.19 110.94
11475.39 110.97
11476.59 110.98
11477.79 109.49
11478.99 111.25
11480.20 111.12
11481.40 109.56
11482.60 108.78
11483.80 109.89
11484.99 109.45
11486.21 107.72
11487.42 108.36
11488.62 107.18
11489.83 107.09
11491.03 106.55
11492.23 106.27
11493.44 107.14
11494.65 106.07
11495.85 107.53
11497.05 108.27
11498.25 106.63
11499.46 107.32
11500.68 106.16
11501.89 107.58
11503.09 108.29
11504.29 108.14
11505.50 108.07
11506.70 108.54
11507.90 106.27
11509.10 107.63
11510.30 105.82
11511.50 104.91
11512.71 106.45
11513.92 107.23
11515.13 107.11
11516.34 106.06
11517.54 105.53
11518.75 105.76
11519.95 105.88
11521.16 106.44
11522.36 106.72
11523.56 105.36
11524.76 105.68
11525.96 105.34
11527.17 104.67
11528.37 103.84
11529.58 104.42
11530.78 103.71
11531.98 104.85
11533.18 104.93
11534.38 104.96
11535.58 104.98
11536.78 104.99
11537.98 105.00
11539.18 104.50
11540.38 104.75
11541.58 104.37
11542.78 103.69
11543.98 104.84
11545.18 105.92
11546.38 105.96
11547.58 103.98
11548.79 105.49
11549.99 104.25
11551.20 103.12
11552.40 103.56
11553.60 103.28
11554.81 104.14
11556.01 104.07
11557.20 103.54
11558.40 105.27
11559.60 104.63
11560.80 104.82
11562.00 103.41
11563.19 104.20
11564.39 104.10
11565.59 104.05
11566.79 105.03
11567.99 104.51
11569.19 105.26
11570.40 104.63
11571.60 104.81
11572.80 103.91
11574.00 102.95
11575.19 102.98
11576.39 103.99
11577.59 103.99
11578.79 104.00
11579.98 104.00
11581.18 104.00
11582.37 104.50
11583.57 104.75
11584.78 104.87
11585.98 103.94
11587.18 463.97
11588.39 657.98
11589.59 742.99
11590.80 767.50
11592.00 751.75
11593.20 718.37
11594.41 775.19
11595.62 824.59
11596.83 849.80
11598.03 856.90
11599.24 851.95
11600.44 831.47
11601.65 796.74
11602.86 752.37
11604.06 773.68
11605.26 821.34
11606.47 846.67
11607.69 860.84
11608.90 855.92
11610.10 837.46
11611.31 806.73
11612.53 764.36
11613.74 737.68
11614.94 798.34
11616.15 834.67
11617.36 854.84
11618.57 858.42
11619.78 844.21
11620.99 816.60
11622.19 776.80
11623.40 729.90
11624.60 787.45
11625.80 829.23
11627.01 852.61
11628.22 859.31
11629.44 849.65
11630.64 826.33
11631.85 789.16
11633.06 744.58
11634.26 781.29
11635.47 824.15
11636.69 849.07
11637.90 861.04
11639.10 855.52
11640.31 835.76
11641.53 802.88
11642.74 756.44
11643.95 759.72
11645.15 811.86
11646.36 843.93
11647.57 858.96
11648.78 859.48
11649.99 841.24
11651.20 810.62
11652.41 769.81
11653.62 723.91
11654.83 789.45
11656.04 832.73
11657.25 853.36
11658.46 858.68
11659.68 845.84
11660.88 821.42
11662.09 781.71
11663.30 736.36
11664.51 787.68
11665.73 829.84
11666.94 853.42
11668.15 858.71
11669.36 851.35
11670.57 829.18
11671.78 790.59
11672.99 745.29
11674.20 774.15
11675.40 819.57
11676.60 848.29
11677.81 861.14
11679.02 855.07
11680.22 837.04
11681.43 805.02
11682.64 760.51
11683.85 739.75
11685.06 798.88
11686.27 837.94
11687.47 854.47
11688.69 858.73
11689.90 842.37
11691.11 814.68
11692.32 774.34
11693.54 728.67
11694.74 790.84
11695.95 831.42
11697.16 852.21
11698.38 860.10
11699.59 846.05
11700.79 823.03
11702.00 785.51
11703.20 740.76
11704.40 785.38
11705.61 828.69
11706.82 849.84
11708.02 858.92
11709.23 851.96
11710.44 831.98
11711.66 797.49
11712.87 752.25
11714.08 767.12
11715.29 817.56
11716.50 844.28
11717.71 857.14
11718.92 855.57
11720.13 838.29
11721.35 808.64
11722.56 764.32
11723.78 727.16
11724.98 793.08
11726.18 833.54
11727.39 854.27
11728.60 857.14
11729.81 844.57
11731.02 817.78
11732.22 776.39
11733.43 731.20
11734.63 786.60
11735.84 829.80
11737.04 852.90
11738.25 860.95
11739.46 849.47
11740.68 825.74
11741.88 790.87
11743.09 746.43
11744.30 778.72
11745.50 825.36
11746.72 850.68
11747.93 859.84
11749.14 854.92
11750.35 832.96
11751.56 800.48
11752.77 758.74
11753.98 753.37
11755.18 808.19
11756.40 841.09
11757.60 857.55
11758.81 859.27
11760.02 842.64
11761.23 811.82
11762.44 769.91
11763.66 723.45
11764.87 788.73
11766.08 829.86
11767.28 851.93
11768.49 858.47
11769.71 845.23
11770.92 819.12
11772.14 782.06
11773.35 737.53
11774.56 787.26
11775.77 829.13
11776.99 852.57
11778.20 861.78
11779.40 850.39
11780.60 826.70
11781.80 793.35
11783.01 749.67
11784.22 702.84
11785.43 658.92
11786.64 616.96
11787.84 577.98
11789.05 543.99
11790.25 511.99
11791.46 483.50
11792.68 456.75
11793.88 431.87
11795.09 410.44
11796.30 390.22
11797.51 371.61
11798.74 354.30
11799.95 337.15
11801.16 321.58
11802.37 307.29
11803.58 294.14
11804.80 280.57
11806.00 269.79
11807.20 259.39
11808.40 250.20
11809.59 239.10
11810.79 231.05
11812.00 221.52
11813.19 214.26
11814.40 206.63
11815.60 199.32
11816.80 194.16
11818.00 188.08
11819.18 183.54
11820.39 178.77
11821.60 173.38
11822.80 169.19
11824.00 165.10
11825.19 161.05
11826.39 157.52
11827.60 153.76
11828.80 151.38
11830.00 148.19
11831.19 145.10
11832.40 142.55
11833.60 139.27
11834.80 137.64
11836.00 135.82
11837.19 133.91
11838.40 132.95
11839.61 130.48
11840.82 129.24
11842.02 127.62
11843.22 126.81
11844.43 125.40
11845.64 123.70
11846.84 122.85
11848.04 122.43
11849.24 121.21
11850.45 120.11
11851.66 119.05
11852.86 119.03
11854.06 118.01
11855.26 117.51
11856.46 116.75
11857.68 116.38
11858.88 115.69
11860.09 115.34
11861.29 114.67
11862.49 114.34
11863.70 113.67
11864.90 113.33
11866.11 113.17
11867.32 112.58
11868.54 112.79
11869.74 112.90
11870.94 112.95
11872.14 111.47
11873.35 111.24
11874.56 110.62
11875.77 110.81
11876.98 110.40
11878.18 109.70
11879.38 109.85
11880.58 109.43
11881.79 109.21
11883.00 109.11
11884.20 109.05
11885.39 109.53
11886.60 109.26
11887.80 108.63
11889.00 108.82
11890.19 108.41
11891.40 108.70
11892.59 107.85
11893.79 107.93
11894.99 107.46
11896.19 107.73
11897.39 107.87
11898.59 107.93
11899.79 107.47
11900.99 107.23
11902.20 107.12
11903.40 107.06
11904.59 107.03
11905.79 107.01
11906.99 106.51
11908.20 106.25
11909.40 106.63
11910.60 106.81
11911.80 106.91
11913.00 106.45
11914.19 106.73
11915.40 106.36
11916.60 105.68
11917.80 105.84
11919.00 105.42
11920.19 105.71
11921.41 105.86
11922.62 106.43
11923.82 105.71
11925.03 105.36
11926.23 105.68
11927.44 105.34
11928.66 106.67
11929.86 106.33
11931.07 105.67
11932.27 105.83
11933.47 105.42
11934.69 105.21
11935.90 105.10
11937.10 105.05
11938.30 104.53
11939.50 104.76
11940.70 104.88
11941.90 104.94
11943.10 104.97
11944.30 104.99
11945.50 104.49
11946.70 104.25
11947.90 105.12
11949.10 105.06
11950.30 105.03
11951.50 105.02
11952.70 105.01
11953.90 105.00
11955.09 104.50
11956.28 104.75
11957.48 104.88
11958.70 104.44
11959.90 104.22
11961.10 104.61
11962.30 104.30
11963.50 104.15
11964.70 104.58
11965.90 104.29
11967.10 104.14
11968.30 103.57
11969.50 103.79
11970.72 103.89
11971.92 103.45
11973.13 103.72
11974.34 103.86
11975.54 103.93
11976.74 103.97
11977.95 103.98
11979.15 103.99
11980.35 104.00
11981.54 104.00
11982.74 104.00
11983.93 104.00
11985.12 104.00
11986.32 104.00
11987.52 104.00
11988.71 103.50
11989.91 103.25
11991.12 103.12
11992.33 103.56
11993.54 103.78
11994.74 103.89
11995.94 103.95
11997.15 103.47
11998.37 103.74
11999.58 103.37
12000.78 103.68
12001.98 103.34
12003.18 103.17
12004.39 103.59
12005.59 103.29
12006.79 103.65
12007.99 102.82
12009.19 102.41
12010.40 102.21
12011.60 102.10
12012.79 102.55
12013.99 103.28
12015.19 103.14
12016.40 103.07
12017.59 103.03
12018.79 103.52
12019.99 103.26
12021.20 103.13
12022.40 103.06
12023.59 103.03
12024.79 103.02
12026.00 103.01
12027.19 103.50
12028.39 104.25
12029.59 103.13
12030.80 102.56
12032.01 102.78
12033.20 102.39
12034.40 102.70
12035.59 102.85
12036.79 102.92
12037.99 102.46
12039.19 102.73
12040.39 102.87
12041.59 102.43
12042.79 102.72
12043.99 102.86
12045.19 102.43
12046.40 102.71
12047.60 101.86
12048.80 103.43
12050.00 103.21
12051.19 103.11
12052.40 103.05
12053.59 102.53
12054.80 102.76
12056.00 102.88
12057.19 102.94
12058.39 102.97
12059.59 102.49
12060.80 102.74
12062.00 102.87
12063.19 102.94
12064.39 102.97
12065.59 102.48
12066.79 102.74
12068.00 103.37
12069.19 103.19
12070.40 103.09
12071.59 103.05
12072.79 103.02
12073.99 102.51
12075.20 102.76
12076.40 102.88
12077.60 101.94
12078.80 101.47
12080.00 101.73
12081.19 101.87
12082.39 102.43
12083.59 102.72
12084.79 102.36
12085.99 102.68
12087.19 102.84
12088.39 102.42
12089.59 102.21
12090.80 102.60
12091.99 102.80
12093.18 102.40
12094.38 102.20
12095.58 102.10
12096.78 102.05
12097.98 102.03
12099.18 102.01
12100.38 102.01
12101.58 102.50
12102.78 102.25
12103.98 102.13
12105.19 102.06
12106.39 102.03
12107.59 102.52
12108.81 102.76
12110.01 101.88
12111.21 101.94
12112.42 102.47
12113.62 101.23
12114.83 102.12
12116.04 102.06
12117.23 102.03
12118.43 101.51
12119.65 101.76
12120.86 101.88
12122.06 101.94
12123.26 101.97
12124.46 101.98
12125.67 101.99
12126.87 102.50
12128.07 103.25
12129.28 103.12
12130.48 103.06
12131.69 102.03
12132.89 101.52
12134.10 101.76
12135.30 101.88
12136.50 101.94
12137.70 101.97
12138.90 101.98
12140.10 101.99
12141.30 102.00
12142.50 102.00
12143.70 102.00
12144.89 102.00
12146.08 102.00
12147.27 102.00
12148.46 102.50
12149.67 101.75
12150.88 101.87
12152.08 101.44
12153.28 101.72
12154.49 101.86
12155.70 101.93
12156.90 101.96
12158.10 101.48
12159.30 101.74
12160.51 101.87
12161.71 101.94
12162.92 101.97
12164.12 102.48
12165.32 102.24
12166.53 102.12
12167.74 101.56
12168.94 101.28
12170.14 102.14
12171.35 102.57
12172.55 102.29
12173.76 102.14
12174.97 102.07
12176.17 102.04
12177.37 102.02
12178.58 102.51
12179.78 101.75
12180.98 101.88
12182.18 101.94
12183.38 101.97
12184.58 101.98
12185.78 100.99
12186.98 100.50
12188.18 101.25
12189.39 102.12
12190.60 101.06
12191.79 101.53
12192.99 102.27
12194.20 102.63
12195.40 102.82
12196.60 103.91
12197.80 101.95
12199.00 101.98
12200.19 102.49
12201.39 101.24
12202.59 100.12
12203.80 101.06
12204.99 101.53
12206.20 100.27
12207.40 101.63
12208.60 102.82
12209.80 103.41
12211.00 102.70
12212.18 102.85
12213.39 101.93
12214.60 102.46
12215.80 102.23
12217.00 101.62
12218.19 100.81
12219.40 101.40
12220.59 101.70
12221.79 101.85
12222.99 101.93
12224.20 101.96
12225.40 102.48
12226.60 102.74
12227.80 102.37
12229.00 102.69
12230.19 102.34
12231.40 101.67
12232.60 101.84
12233.80 101.92
12235.00 101.96
12236.19 101.98
12237.39 101.49
12238.59 102.24
12239.79 102.12
12241.00 102.06
12242.18 102.03
12243.38 102.02
12244.58 102.51
12245.78 102.25
12246.98 102.13
12248.20 102.56
12249.40 101.78
12250.60 100.89
12251.80 101.95
12253.00 101.47
12254.20 101.24
12255.40 101.12
12256.60 102.06
12257.79 102.03
12258.99 102.51
12260.19 102.26
12261.40 102.13
12262.60 102.06
12263.79 101.53
12264.99 101.27
12266.20 101.63
12267.40 101.82
12268.60 101.91
12269.80 101.45
12271.00 101.73
12272.19 102.36
12273.40 101.68
12274.60 101.84
12275.80 101.92
12277.00 101.96
12278.19 102.48
12279.39 101.74
12280.59 101.37
12281.79 101.69
12283.01 101.84
12284.21 101.42
12285.42 101.21
12286.62 100.61
12287.83 100.80
12289.03 101.90
12290.22 101.95
12291.42 101.48
12292.64 101.74
12293.84 101.37
12295.04 101.18
12296.24 101.59
12297.44 101.80
12298.65 102.40
12299.85 102.20
12301.05 102.10
12302.24 101.55
12303.45 101.27
12304.66 101.64
12305.86 101.32
12307.07 101.66
12308.27 102.33
12309.48 102.16
12310.70 102.08
12311.89 102.04
12313.09 102.02
12314.28 101.51
12315.49 101.76
12316.70 101.88
12317.90 101.44
12319.10 101.72
12320.30 101.86
12321.52 101.43
12322.72 101.71
12323.93 101.36
12325.14 101.18
12326.34 101.09
12327.54 101.04
12328.74 100.52
12329.94 101.26
12331.15 101.63
12332.36 101.82
12333.57 101.91
12334.78 101.45
12335.98 101.23
12337.18 101.61
12338.38 102.31
12339.59 101.65
12340.79 101.33
12342.00 101.66
12343.19 101.33
12344.40 101.67
12345.60 101.83
12346.80 101.42
12348.00 100.71
12349.19 100.85
12350.39 100.93
12351.59 101.46
12352.79 101.23
12353.99 101.12
12355.20 101.06
12356.39 101.03
12357.59 101.01
12358.80 101.51
12360.00 101.25
12361.19 101.63
12362.40 101.31
12363.60 100.66
12364.81 101.33
12366.02 102.16
12367.22 100.58
12368.42 100.29
12369.64 99.65
12370.81 99.32
12371.98 98.66
12373.14 100.83
12374.34 100.42
12375.55 100.71
12376.76 100.85
12377.96 101.93
12379.16 102.46
12380.37 101.73
12381.58 101.87
12382.78 100.43
12383.98 100.22
12385.19 99.61
12386.36 101.30
12387.56 101.65
12388.76 102.33
12389.97 101.16
12391.18 102.08
12392.38 102.04
12393.58 102.52
12394.78 101.26
12395.98 102.13
12397.19 101.57
12398.40 102.78
12399.61 101.89
12400.81 100.45
12402.02 101.72
12403.22 101.36
12404.42 100.68
12405.63 102.84
12406.83 102.92
12408.03 100.96
12409.23 99.48
12410.40 99.24
12411.56 99.62
12412.73 100.31
12413.94 99.65
12415.10 100.83
12416.30 101.91
12417.52 100.96
12418.72 99.98
12419.89 101.49
12421.09 100.74
12422.29 101.37
12423.49 100.69
12424.70 100.84
12425.90 100.42
12427.10 101.71
12428.30 99.86
12429.46 101.43
12430.67 101.71
12431.87 102.36
12433.08 102.68
12434.28 102.84
12435.48 102.92
12436.69 101.46
12437.89 101.73
12439.09 102.36
12440.29 101.18
12441.50 101.09
12442.70 101.55
12443.90 101.27
12445.10 101.14
12446.30 100.57
12447.50 101.78
12448.70 100.39
12449.90 100.20
12451.10 101.10
12452.30 102.05
12453.49 102.52
12454.70 101.26
12455.90 100.63
12457.11 101.32
12458.32 102.16
12459.53 102.08
12460.73 101.04
12461.93 101.02
12463.13 101.51
12464.34 100.75
12465.54 101.38
12466.74 100.69
12467.94 101.34
12469.14 102.17
12470.35 101.09
12471.55 101.54
12472.75 100.77
12473.95 100.89
12475.15 100.44
12476.36 101.22
12477.57 101.11
12478.78 101.06
12479.98 102.03
12481.18 102.01
12482.38 102.01
12483.58 101.50
12484.78 100.75
12485.98 101.38
12487.18 102.19
12488.38 102.09
12489.58 102.55
12490.78 101.77
12491.98 102.39
12493.18 101.19
12494.39 100.60
12495.59 101.80
12496.79 102.40
12497.99 101.70
12499.19 100.85
12500.39 100.92
12501.59 100.96
12502.79 100.48
12503.99 101.74
12505.19 100.87
12506.39 100.44
12507.60 102.22
12508.80 102.11
12510.00 102.55
12511.19 102.78
12512.40 102.39
12513.60 101.69
12514.80 101.85
12516.00 101.42
12517.19 102.21
12518.41 101.11
12519.62 101.55
12520.82 101.28
12522.03 100.64
12523.23 101.82
12524.44 101.91
12525.66 100.95
12526.86 100.48
12528.06 101.24
12529.26 102.12
12530.47 101.06
12531.68 100.53
12532.89 100.26
12534.09 101.63
12535.29 102.32
12536.51 101.66
12537.71 101.83
12538.92 102.41
12540.13 102.21
12541.34 102.10
12542.54 101.55
12543.74 102.28
12544.95 101.14
12546.16 101.57
12547.37 101.78
12548.57 100.39
12549.77 100.20
12550.97 99.60
12552.13 99.80
12553.29 101.40
12554.49 101.70
12555.70 101.35
12556.90 100.67
12558.10 101.84
12559.30 101.92
12560.52 101.46
12561.72 101.23
12562.93 100.61
12564.14 101.81
12565.34 100.90
12566.54 100.45
12567.74 101.23
12568.95 99.61
12570.12 99.81
12571.29 100.90
12572.49 101.45
12573.70 102.23
12574.90 102.11
12576.10 102.06
12577.30 102.03
12578.50 101.01
12579.70 101.01
12580.90 100.50
12582.09 100.25
12583.29 100.63
12584.50 100.81
12585.70 101.41
12586.90 101.20
12588.10 102.10
12589.30 101.55
12590.50 100.78
12591.70 100.39
12592.90 101.19
12594.10 100.60
12595.30 100.30
12596.50 100.65
12597.70 100.82
12598.90 100.41
12600.10 100.21
12601.30 101.10
12602.51 101.55
12603.72 102.28
12604.93 101.14
12606.14 101.07
12607.34 102.03
12608.54 102.52
12609.74 102.26
12610.95 101.63
12612.16 101.81
12613.37 101.91
12614.58 101.95
12615.78 101.98
12616.98 101.99
12618.18 102.49
12619.38 101.25
12620.58 101.12
12621.79 101.06
12622.99 101.03
12624.19 100.52
12625.40 100.26
12626.60 100.63
12627.80 101.31
12629.00 100.66
12630.19 101.33
12631.40 101.16
12632.60 99.58
12633.76 100.29
12634.96 100.15
12636.17 100.07
12637.37 101.54
12638.58 100.77
12639.78 100.88
12640.98 100.44
12642.18 101.22
12643.39 101.11
12644.60 100.06
12645.80 100.03
12646.99 100.01
12648.19 101.01
12649.39 101.50
12650.59 100.25
12651.79 100.13
12653.00 101.06
12654.18 101.53
12655.39 101.27
12656.60 102.13
12657.81 101.57
12659.02 100.78
12660.22 100.89
12661.42 100.45
12662.63 99.72
12663.81 100.36
12665.01 100.68
12666.21 101.34
12667.42 101.67
12668.63 99.84
12669.80 100.92
12671.00 100.96
12672.19 101.48
12673.39 102.24
12674.59 102.62
12675.79 102.31
12677.00 102.65
12678.19 102.83
12679.40 101.91
12680.60 100.46
12681.80 101.23
12683.00 100.11
12684.19 100.06
12685.39 100.03
12686.59 100.51
12687.79 99.26
12688.96 99.63
12690.13 99.81
12691.30 99.41
12692.47 98.70
12693.64 99.35
12694.81 98.68
12695.98 100.84
12697.18 101.42
12698.38 101.71
12699.59 102.35
12700.80 100.68
12702.00 100.84
12703.19 100.42
12704.40 101.21
12705.60 101.10
12706.79 100.05
12707.99 100.03
12709.19 100.01
12710.39 100.01
12711.59 101.00
12712.78 102.00
12713.98 102.00
12715.18 102.50
12716.38 101.25
12717.58 101.63
12718.79 100.31
12720.00 100.66
12721.19 100.33
12722.40 100.66
12723.60 101.33
12724.80 100.67
12726.00 100.83
12727.19 101.42
12728.40 100.21
12729.60 99.60
12730.75 101.30
12731.95 100.15
12733.16 99.58
12734.33 99.79
12735.51 99.39
12736.67 101.70
12737.87 100.85
12739.07 100.42
12740.27 100.21
12741.48 101.11
12742.70 102.55
12743.90 102.28
12745.10 102.14
12746.30 100.57
12747.51 100.28
12748.72 100.14
12749.93 99.57
12751.10 99.79
12752.26 100.39
12753.46 99.70
12754.63 100.35
12755.84 102.17
12757.05 101.09
12758.24 100.54
12759.45 100.77
12760.66 101.89
12761.86 100.94
12763.06 101.97
12764.26 99.99
12765.43 98.99
12766.60 100.50
12767.79 99.25
12768.96 99.12
12770.13 101.06
12771.34 102.53
12772.54 100.77
12773.75 102.38
12774.95 101.69
12776.15 102.35
12777.36 102.67
12778.57 101.34
12779.78 101.17
12780.98 102.08
12782.18 102.54
12783.38 102.27
12784.59 101.64
12785.80 100.82
12787.00 100.91
12788.19 101.95
12789.39 102.48
12790.59 101.24
12791.81 102.12
12793.02 101.56
12794.22 101.28
12795.42 101.14
12796.64 100.57
12797.85 101.78
12799.05 102.89
12800.25 102.45
12801.46 100.72
12802.67 101.86
12803.87 100.43
12805.07 102.22
12806.28 101.61
12807.48 100.30
12808.69 99.65
12809.85 101.83
12811.05 102.91
12812.25 101.46
12813.46 100.23
12814.67 99.61
12815.84 100.31
12817.04 101.65
12818.24 101.83
12819.45 100.91
12820.66 100.46
12821.86 100.23
12823.06 100.61
12824.26 100.81
12825.46 100.40
12826.67 101.70
12827.86 99.85
12829.02 98.93
12830.18 100.96
12831.38 99.48
12832.54 99.24
12833.70 100.62
12834.90 101.31
12836.10 100.16
12837.30 99.58
12838.46 99.29
12839.64 98.64
12840.81 100.82
12842.01 100.41
12843.21 101.21
12844.42 102.10
12845.62 102.55
12846.82 101.28
12848.02 99.64
12849.18 99.82
12850.34 99.91
12851.51 99.95
12852.67 100.48
12853.87 99.74
12855.04 101.37
12856.24 100.68
12857.44 101.34
12858.65 101.17
12859.86 101.59
12861.06 101.29
12862.26 100.15
12863.48 99.57
12864.65 101.29
12865.85 100.14
12867.05 100.07
12868.24 100.04
12869.44 99.02
12870.60 100.01
12871.80 100.50
12872.99 99.25
12874.15 100.13
12875.36 99.06
12876.52 101.03
12877.72 102.02
12878.92 100.01
12880.12 99.50
12881.28 99.25
12882.45 99.13
12883.62 100.06
12884.82 99.53
12885.99 101.77
12887.20 101.38
12888.40 101.19
12889.60 101.10
12890.79 100.05
12891.99 99.52
12893.15 100.26
12894.36 99.13
12895.53 99.07
12896.69 98.53
12897.85 100.77
12899.05 100.38
12900.25 101.69
12901.45 101.85
12902.66 100.92
12903.86 99.96
12905.02 99.98
12906.18 99.49
12907.34 100.75
12908.55 101.37
12909.75 100.19
12910.95 100.09
12912.15 99.55
12913.32 100.77
12914.52 101.89
12915.72 100.94
12916.92 101.47
12918.12 101.24
12919.33 101.62
12920.54 101.81
12921.74 102.40
12922.94 100.70
12924.14 101.85
12925.34 102.43
12926.54 101.21
12927.75 101.11
12928.96 101.05
12930.16 101.53
12931.37 99.76
12932.54 99.38
12933.70 100.69
12934.90 100.85
12936.10 99.42
12937.26 99.71
12938.42 101.36
12939.64 100.68
12940.84 101.34
12942.04 101.67
12943.24 101.83
12944.44 100.92
12945.65 100.96
12946.85 100.98
12948.05 100.99
12949.24 100.99
12950.44 100.50
12951.65 100.75
12952.85 100.87
12954.05 100.94
12955.25 100.47
12956.46 101.23
12957.67 100.62
12958.88 100.31
12960.09 100.15
12961.29 99.58
12962.46 100.29
12963.67 101.14
12964.87 100.57
12966.07 100.29
12967.27 100.14
12968.49 100.07
12969.69 100.04
12970.89 100.52
12972.09 100.26
12973.29 100.63
12974.50 100.81
12975.70 101.41
12976.90 101.70
12978.09 100.85
12979.28 100.43
12980.50 100.21
12981.70 100.11
12982.90 100.05
12984.09 101.03
12985.28 100.51
12986.50 99.76
12987.66 99.88
12988.82 99.94
12989.98 100.47
12991.18 100.23
12992.39 100.62
12993.59 100.81
12994.79 100.40
12995.99 100.70
12997.19 100.35
12998.39 100.18
12999.60 100.59
13000.80 100.29
13002.00 100.15
13003.19 100.07
13004.39 101.04
13005.59 101.02
13006.79 100.51
13008.00 100.25
13009.19 100.13
13010.40 100.56
13011.60 100.28
13012.80 100.14
13014.01 100.57
13015.21 101.29
13016.42 100.64
13017.63 100.32
13018.84 100.66
13020.04 101.33
13021.24 101.67
13022.45 100.83
13023.66 100.42
13024.87 100.71
13026.07 100.35
13027.27 100.68
13028.49 100.84
13029.69 100.92
13030.89 100.46
13032.09 100.23
13033.29 100.61
13034.51 101.31
13035.71 101.65
13036.91 100.33
13038.12 100.66
13039.33 99.83
13040.50 99.92
13041.67 100.96
13042.87 101.48
13044.07 100.74
13045.27 101.37
13046.49 100.68
13047.69 100.84
13048.89 100.92
13050.09 100.96
13051.28 100.98
13052.49 100.49
13053.69 100.75
13054.90 100.37
13056.10 101.19
13057.30 100.09
13058.50 99.55
13059.66 99.27
13060.82 99.64
13061.99 100.82
13063.19 101.41
13064.40 100.70
13065.59 100.35
13066.79 100.68
13067.99 100.84
13069.19 100.92
13070.39 100.46
13071.59 101.23
13072.79 101.11
13074.00 101.06
13075.18 100.53
13076.39 100.26
13077.59 100.63
13078.79 100.82
13079.99 101.41
13081.19 101.20
13082.39 100.60
13083.59 100.80
13084.79 101.40
13085.98 101.20
13087.18 101.10
13088.38 101.55
13089.58 101.78
13090.79 101.39
13092.00 100.69
13093.19 100.85
13094.39 100.92
13095.59 99.46
13096.75 100.23
13097.95 100.62
13099.16 100.31
13100.37 100.65
13101.58 101.33
13102.78 101.16
13103.99 100.58
13105.19 100.79
13106.39 100.40
13107.59 99.70
13108.75 101.35
13109.95 100.67
13111.15 101.34
13112.36 100.67
13113.57 99.83
13114.74 100.92
13115.94 100.46
13117.14 100.73
13118.35 100.86
13119.55 100.93
13120.75 101.47
13121.95 100.73
13123.15 99.87
13124.32 100.93
13125.52 100.47
13126.72 100.23
13127.93 100.12
13129.14 100.56
13130.34 100.28
13131.54 100.64
13132.74 100.82
13133.95 100.91
13135.15 100.95
13136.35 100.98
13137.55 100.99
13138.75 100.49
13139.96 100.25
13141.16 100.62
13142.37 100.81
13143.58 100.91
13144.78 99.95
13145.94 100.98
13147.14 100.49
13148.34 100.74
13149.54 99.87
13150.70 99.94
13151.86 100.47
13153.06 100.23
13154.26 100.62
13155.48 101.31
13156.69 100.65
13157.89 101.33
13159.09 100.66
13160.29 100.33
13161.50 99.67
13162.66 100.83
13163.86 101.42
13165.06 100.71
13166.26 101.35
13167.46 101.68
13168.68 101.34
13169.88 100.67
13171.08 100.83
13172.28 100.92
13173.49 100.46
13174.70 100.23
13175.90 101.11
13177.10 100.56
13178.30 100.78
13179.50 100.39
13180.70 100.19
13181.90 100.10
13183.10 100.05
13184.30 101.02
13185.50 100.01
13186.70 101.01
13187.90 101.00
13189.09 100.50
13190.29 100.75
13191.50 100.88
13192.70 100.44
13193.90 100.72
13195.10 100.86
13196.30 100.43
13197.50 101.21
13198.70 101.11
13199.90 100.55
13201.10 99.78
13202.26 99.89
13203.42 100.94
13204.64 101.47
13205.84 100.24
13207.05 100.62
13208.25 100.81
13209.46 100.40
13210.66 100.70
13211.86 100.85
13213.06 100.93
13214.26 101.46
13215.46 101.73
13216.68 101.37
13217.89 101.68
13219.09 100.84
13220.28 99.92
13221.45 100.46
13222.66 101.23
13223.86 100.62
13225.08 100.81
13226.28 100.40
13227.49 100.70
13228.69 100.35
13229.89 100.68
13231.10 100.84
13232.30 100.42
13233.50 101.21
13234.70 101.10
13235.90 101.55
13237.10 100.78
13238.30 100.89
13239.50 101.94
13240.70 101.97
13241.90 101.99
13243.10 101.99
13244.30 100.50
13245.50 100.75
13246.70 100.37
13247.90 100.19
13249.10 100.59
13250.30 100.30
13251.50 100.65
13252.70 100.82
13253.90 100.41
13255.10 100.21
13256.30 99.60
13257.46 100.80
13258.66 100.90
13259.86 100.45
13261.06 100.73
13262.26 101.36
13263.46 101.68
13264.67 100.84
13265.87 99.92
13267.04 99.96
13268.20 100.48
13269.40 100.74
13270.61 100.37
13271.82 100.69
13273.02 100.34
13274.23 100.17
13275.44 100.09
13276.65 100.04
13277.85 101.02
13279.05 100.51
13280.26 99.76
13281.42 100.88
13282.63 100.94
13283.83 100.47
13285.03 101.23
13286.23 100.62
13287.44 100.31
13288.66 100.15
13289.86 100.58
13291.06 100.29
13292.26 100.14
13293.48 100.07
13294.68 100.54
13295.88 100.77
13297.08 100.38
13298.28 100.69
13299.49 100.35
13300.70 101.17
13301.90 101.59
13303.10 101.29
13304.30 100.65
13305.50 101.32
13306.70 101.66
13307.91 101.33
13309.12 101.17
13310.33 100.58
13311.54 100.79
13312.74 100.90
13313.94 100.45
13315.14 100.22
13316.35 100.11
13317.56 100.56
13318.77 100.28
13319.97 100.64
13321.17 101.32
13322.38 101.66
13323.58 101.33
13324.78 100.66
13325.98 101.33
13327.18 101.17
13328.39 101.08
13329.58 100.54
13330.78 100.27
13331.98 100.64
13333.18 100.32
13334.39 100.16
13335.61 100.58
13336.82 100.29
13338.02 100.64
13339.22 101.32
13340.42 101.16
13341.64 101.58
13342.85 101.79
13344.05 100.90
13345.24 100.95
13346.44 100.47
13347.65 100.24
13348.86 100.62
13350.06 100.81
13351.26 100.40
13352.48 100.20
13353.67 100.60
13354.87 101.30
13356.07 100.65
13357.27 101.33
13358.49 100.66
13359.70 99.83
13360.86 99.92
13362.02 99.96
13363.19 100.98
13364.39 100.99
13365.60 100.49
13366.80 100.25
13368.00 100.62
13369.19 100.81
13370.39 100.41
13371.61 100.70
13372.81 100.85
13374.01 100.43
13375.21 101.21
13376.42 100.61
13377.63 101.30
13378.83 101.15
13380.04 100.58
13381.24 100.29
13382.44 101.14
13383.66 101.57
13384.86 100.79
13386.06 100.89
13387.26 100.95
13388.48 99.97
13389.64 100.49
13390.85 100.24
13392.05 100.62
13393.25 100.81
13394.46 100.91
13395.67 100.95
13396.87 100.98
13398.07 99.99
13399.23 100.49
13400.43 100.75
13401.65 100.37
13402.86 100.69
13404.06 100.34
13405.26 100.67
13406.47 100.84
13407.68 100.92
13408.88 101.46
13410.08 101.23
13411.28 101.11
13412.50 101.06
13413.70 101.03
13414.89 101.01
13416.09 101.01
13417.28 100.50
13418.50 100.75
13419.70 101.38
13420.90 100.69
13422.10 100.84
13423.30 101.42
13424.50 100.71
13425.70 101.36
13426.90 101.68
13428.10 101.34
13429.30 101.17
13430.50 100.58
13431.70 100.29
13432.90 100.65
13434.10 100.32
13435.30 100.16
13436.50 100.08
13437.69 99.54
13438.86 99.77
13440.02 100.89
13441.22 100.44
13442.42 100.72
13443.63 101.36
13444.83 100.68
13446.03 101.34
13447.23 101.17
13448.44 101.09
13449.65 101.04
13450.85 100.52
13452.05 100.26
13453.25 100.63
13454.46 100.32
13455.67 100.16
13456.88 100.08
13458.07 100.54
13459.27 100.77
13460.49 99.88
13461.65 100.44
13462.85 101.22
13464.05 100.61
13465.25 100.31
13466.46 101.15
13467.67 101.58
13468.87 101.29
13470.07 101.14
13471.27 100.57
13472.49 101.29
13473.69 100.64
13474.89 100.82
13476.09 100.41
13477.29 101.21
13478.50 101.60
13479.69 100.80
13480.89 100.40
13482.08 101.20
13483.27 101.60
13484.48 100.80
13485.68 100.90
13486.87 100.45
13488.07 100.73
13489.28 100.86
13490.49 100.43
13491.69 100.72
13492.90 100.36
13494.10 100.68
13495.30 100.84
13496.50 99.92
13497.66 99.96
13498.82 99.98
13499.98 100.99
13501.18 100.49
13502.38 100.75
13503.60 100.87
13504.80 100.44
13506.00 101.22
13507.19 101.61
13508.40 101.30
13509.60 100.65
13510.81 100.33
13512.02 100.66
13513.22 100.83
13514.42 100.92
13515.64 101.46
13516.84 101.23
13518.05 100.61
13519.25 100.31
13520.46 100.15
13521.67 100.08
13522.87 101.04
13524.07 101.52
13525.27 100.76
13526.48 101.38
13527.69 101.19
13528.90 101.09
13530.09 100.55
13531.30 100.77
13532.50 100.39
13533.70 100.69
13534.90 101.35
13536.10 101.17
13537.30 100.59
13538.50 100.79
13539.70 101.40
13540.89 100.70
13542.09 100.35
13543.29 100.67
13544.49 101.84
13545.69 100.92
13546.89 100.46
13548.09 100.73
13549.29 100.36
13550.50 100.68
13551.70 100.34
13552.90 100.17
13554.10 100.09
13555.30 100.54
13556.50 100.27
13557.70 101.14
13558.90 101.07
13560.10 100.53
13561.30 100.27
13562.50 100.13
13563.70 101.07
13564.89 100.03
13566.10 101.02
13567.30 100.51
13568.50 100.75
13569.70 100.88
13570.90 100.94
13572.10 101.47
