6720.87 78.30
6721.99 76.15
6723.12 76.07
6724.24 77.54
6725.37 77.27
6726.50 79.63
6727.62 80.32
6728.74 81.16
6729.87 77.58
6731.00 78.79
6732.11 76.39
6733.24 78.20
6734.36 78.10
6735.49 78.05
6736.61 76.02
6737.73 76.51
6738.86 78.26
6739.98 79.63
6741.11 77.81
6742.24 79.91
6743.37 80.95
6744.50 81.48
6745.62 80.24
6746.74 77.12
6747.87 75.56
6749.00 76.28
6750.11 77.64
6751.24 76.82
6752.36 77.41
6753.49 79.20
6754.61 78.60
6755.73 77.80
6756.85 76.40
6757.97 79.20
6759.09 80.10
6760.21 78.05
6761.33 79.53
6762.46 77.76
6763.59 75.88
6764.71 78.94
6765.84 78.47
6766.97 79.74
6768.10 76.87
6769.22 78.93
6770.34 77.97
6771.47 77.48
6772.60 79.74
6773.72 77.37
6774.85 78.69
6775.98 78.34
6777.10 78.17
6778.23 79.59
6779.36 78.29
6780.49 77.65
6781.62 77.32
6782.74 78.66
6783.87 76.83
6785.00 78.92
6786.12 79.96
6787.25 76.98
6788.38 78.49
6789.50 77.24
6790.62 79.62
6791.75 76.81
6792.88 76.41
6794.01 78.20
6795.13 78.10
6796.26 79.05
6797.38 80.53
6798.50 80.76
6799.62 78.88
6800.75 76.44
6801.88 79.22
6803.01 76.61
6804.13 75.31
6805.26 74.65
6806.39 77.33
6807.52 77.16
6808.65 79.08
6809.77 79.54
6810.90 76.77
6812.02 78.89
6813.14 77.94
6814.26 76.47
6815.39 76.24
6816.52 76.62
6817.65 78.31
6818.78 77.15
6819.90 77.08
6821.02 79.04
6822.14 80.02
6823.26 80.51
6824.39 79.75
6825.52 80.38
6826.65 80.69
6827.78 80.84
6828.90 80.42
6830.02 77.21
6831.14 76.61
6832.27 81.80
6833.40 195.40
6834.56 313.70
6835.72 391.85
6836.89 418.93
6838.07 407.96
6839.24 378.98
6840.40 340.49
6841.57 312.75
6842.75 365.37
6843.92 426.69
6845.10 467.84
6846.27 482.92
6847.44 466.96
6848.60 433.48
6849.77 391.24
6850.95 347.62
6852.12 355.81
6853.30 412.41
6854.47 459.70
6855.63 486.85
6856.80 485.93
6857.97 458.46
6859.14 419.23
6860.32 375.12
6861.49 339.56
6862.66 382.28
6863.83 437.64
6864.99 477.32
6866.16 493.16
6867.34 477.08
6868.51 444.04
6869.68 401.52
6870.84 358.26
6872.01 356.63
6873.18 411.82
6874.36 458.91
6875.53 488.45
6876.70 489.23
6877.87 464.11
6879.04 426.06
6880.20 383.03
6881.36 343.51
6882.54 378.76
6883.71 435.88
6884.87 476.94
6886.04 495.47
6887.21 481.73
6888.39 449.87
6889.56 407.93
6890.72 364.47
6891.90 353.73
6893.08 406.87
6894.24 456.43
6895.41 488.72
6896.59 493.36
6897.76 469.18
6898.94 431.59
6900.11 389.29
6901.28 346.15
6902.46 375.57
6903.63 432.29
6904.80 473.64
6905.96 494.82
6907.13 484.91
6908.31 452.96
6909.48 410.98
6910.65 368.99
6911.82 351.49
6912.99 402.75
6914.16 453.87
6915.33 487.94
6916.50 494.97
6917.66 472.48
6918.83 435.74
6920.00 393.37
6921.16 350.69
6922.34 371.84
6923.51 428.42
6924.68 471.71
6925.84 494.86
6927.01 487.43
6928.18 457.21
6929.36 416.11
6930.53 373.55
6931.70 346.78
6932.87 394.89
6934.04 448.44
6935.20 484.72
6936.37 494.86
6937.54 476.43
6938.71 441.72
6939.88 398.36
6941.06 355.68
6942.23 367.84
6943.40 423.42
6944.56 468.71
6945.73 493.35
6946.90 489.68
6948.08 461.34
6949.24 421.17
6950.42 377.58
6951.59 344.29
6952.76 388.65
6953.94 443.82
6955.11 482.41
6956.28 494.71
6957.46 477.35
6958.64 444.18
6959.81 401.09
6960.98 358.04
6962.15 363.02
6963.32 419.01
6964.49 464.51
6965.67 491.75
6966.84 490.88
6968.00 463.44
6969.16 424.22
6970.34 381.11
6971.52 345.55
6972.69 386.28
6973.86 440.64
6975.03 479.32
6976.20 495.16
6977.36 480.58
6978.53 447.79
6979.71 404.89
6980.88 361.95
6982.04 358.47
6983.21 412.74
6984.39 461.37
6985.56 490.68
6986.72 492.34
6987.90 467.17
6989.08 428.09
6990.24 385.04
6991.40 345.02
6992.56 379.01
6993.73 435.51
6994.91 476.75
6996.09 495.38
6997.26 482.69
6998.43 451.34
6999.60 410.17
7000.77 366.09
7001.95 354.54
7003.13 408.77
7004.30 458.39
7005.46 490.69
7006.64 493.85
7007.81 469.42
7008.99 432.21
7010.16 388.61
7011.34 347.80
7012.51 377.90
7013.68 433.95
7014.84 474.98
7016.01 495.49
7017.18 485.74
7018.35 454.87
7019.52 412.94
7020.69 369.97
7021.86 329.48
7023.03 296.24
7024.19 266.62
7025.36 241.81
7026.53 221.41
7027.70 204.70
7028.86 191.85
7030.02 180.43
7031.18 169.21
7032.35 159.61
7033.52 153.30
7034.68 147.65
7035.85 140.83
7037.02 134.91
7038.18 131.96
7039.34 128.48
7040.51 123.74
7041.68 120.87
7042.84 116.93
7044.00 113.97
7045.15 112.98
7046.32 109.99
7047.49 109.00
7048.64 107.00
7049.79 106.50
7050.95 105.25
7052.12 104.62
7053.29 101.81
7054.46 100.41
7055.62 98.70
7056.74 98.85
7057.87 98.93
7059.00 96.46
7060.11 96.23
7061.24 96.62
7062.37 96.31
7063.50 96.15
7064.62 94.08
7065.74 93.04
7066.86 93.52
7067.99 93.26
7069.12 92.63
7070.25 91.81
7071.38 91.91
7072.50 89.95
7073.62 88.98
7074.75 89.49
7075.88 89.24
7077.01 88.62
7078.13 88.31
7079.26 88.16
7080.39 88.08
7081.51 88.04
7082.63 88.02
7083.75 87.51
7084.88 87.75
7086.00 86.88
7087.11 86.94
7088.23 86.47
7089.36 86.23
7090.49 86.12
7091.62 87.56
7092.74 86.28
7093.87 86.14
7095.00 86.57
7096.12 85.28
7097.25 86.14
7098.38 85.57
7099.50 85.79
7100.62 84.89
7101.75 84.95
7102.88 84.97
7104.01 84.49
7105.13 85.24
7106.26 84.62
7107.38 84.81
7108.51 85.91
7109.64 85.45
7110.76 85.23
7111.89 85.61
7113.02 84.81
7114.14 84.40
7115.26 84.20
7116.38 84.60
7117.50 84.30
7118.62 84.15
7119.75 84.08
7120.87 83.54
7122.00 83.27
7123.12 83.63
7124.25 82.32
7125.38 84.66
7126.50 84.83
7127.62 83.91
7128.75 82.96
7129.88 82.48
7131.01 82.24
7132.14 82.62
7133.26 82.81
7134.39 80.90
7135.51 81.95
7136.64 82.98
7137.77 82.49
7138.90 81.24
7140.02 82.62
7141.14 82.81
7142.26 81.91
7143.39 81.95
7144.52 80.98
7145.65 81.49
7146.78 81.74
7147.90 81.87
7149.02 80.94
7150.14 80.97
7151.27 81.48
7152.40 82.24
7153.52 82.62
7154.65 81.31
7155.78 81.16
7156.92 81.58
7158.04 82.29
7159.16 80.64
7160.29 79.82
7161.42 79.41
7162.54 80.21
7163.67 80.60
7164.79 81.30
7165.92 81.65
7167.05 80.33
7168.18 80.16
7169.30 80.08
7170.42 81.04
7171.54 81.02
7172.66 80.51
7173.79 79.76
7174.93 80.38
7176.06 80.69
7177.18 80.84
7178.30 81.92
7179.42 81.46
7180.55 80.73
7181.68 79.87
7182.81 80.43
7183.94 80.72
7185.06 80.36
7186.18 80.18
7187.31 81.59
7188.44 82.29
7189.57 82.15
7190.70 80.57
7191.82 81.79
7192.94 81.39
7194.07 80.20
7195.19 79.60
7196.31 81.30
7197.44 81.65
7198.57 82.32
7199.70 81.16
7200.82 80.58
7201.95 80.79
7203.08 80.40
7204.20 80.70
7205.31 79.85
7206.44 79.42
7207.57 79.71
7208.70 79.36
7209.82 79.18
7210.95 81.59
7212.08 80.29
7213.20 79.65
7214.32 80.32
7215.45 79.66
7216.58 80.83
7217.70 79.92
7218.82 79.96
7219.95 80.98
7221.08 80.49
7222.20 79.74
7223.32 81.37
7224.45 91.69
7225.58 203.34
7226.75 293.17
7227.93 326.59
7229.11 324.29
7230.28 303.15
7231.46 276.57
7232.64 325.29
7233.80 398.14
7234.97 450.57
7236.14 476.29
7237.32 469.64
7238.49 440.82
7239.66 400.41
7240.84 357.21
7242.01 344.10
7243.17 397.05
7244.34 448.53
7245.52 482.76
7246.68 490.38
7247.85 467.69
7249.03 430.35
7250.20 387.67
7251.36 345.84
7252.53 370.42
7253.70 427.21
7254.87 469.60
7256.04 492.30
7257.20 484.65
7258.36 455.83
7259.54 415.41
7260.72 372.21
7261.89 347.10
7263.07 397.05
7264.23 449.03
7265.40 485.01
7266.56 494.01
7267.73 474.50
7268.90 438.75
7270.08 395.88
7271.24 353.44
7272.42 368.72
7273.60 423.86
7274.76 468.43
7275.94 494.21
7277.12 488.61
7278.29 459.30
7279.46 418.65
7280.63 376.33
7281.80 346.16
7282.97 392.08
7284.13 446.54
7285.30 483.77
7286.47 495.39
7287.64 477.69
7288.81 442.35
7289.99 399.67
7291.16 356.84
7292.33 364.42
7293.51 419.71
7294.68 465.35
7295.85 493.18
7297.02 490.59
7298.19 463.29
7299.36 423.65
7300.53 380.82
7301.70 344.41
7302.87 387.21
7304.05 443.10
7305.22 481.55
7306.39 496.78
7307.56 480.89
7308.72 446.44
7309.89 403.22
7311.07 360.61
7312.24 360.31
7313.42 414.65
7314.59 462.83
7315.75 491.41
7316.93 491.71
7318.11 465.35
7319.28 427.18
7320.46 384.09
7321.63 344.54
7322.80 382.77
7323.96 439.89
7325.13 478.94
7326.30 496.47
7327.47 481.74
7328.64 448.87
7329.81 406.93
7330.98 364.47
7332.15 357.23
7333.32 411.12
7334.50 459.06
7335.66 490.53
7336.83 492.76
7338.00 468.88
7339.16 431.44
7340.33 388.22
7341.51 346.11
7342.68 377.56
7343.86 434.78
7345.02 475.39
7346.19 494.69
7347.36 483.35
7348.54 452.67
7349.71 411.34
7350.88 368.17
7352.07 354.08
7353.23 405.54
7354.40 455.77
7355.57 488.89
7356.74 494.44
7357.92 472.22
7359.09 435.11
7360.26 391.56
7361.44 349.78
7362.60 375.39
7363.77 432.19
7364.94 473.60
7366.10 495.80
7367.27 487.40
7368.44 456.70
7369.60 415.85
7370.77 372.92
7371.94 348.96
7373.11 397.98
7374.28 450.99
7375.44 485.50
7376.61 495.25
7377.79 474.62
7378.96 439.31
7380.13 396.16
7381.31 353.58
7382.48 369.79
7383.65 425.89
7384.82 469.95
7385.99 494.97
7387.16 489.49
7388.33 460.24
7389.51 420.62
7390.68 376.31
7391.86 346.16
7393.04 394.08
7394.20 448.04
7395.36 483.52
7396.53 495.26
7397.70 477.63
7398.87 442.31
7400.05 399.66
7401.22 357.33
7402.40 366.16
7403.56 421.08
7404.72 466.04
7405.89 493.02
7407.07 491.01
7408.23 463.51
7409.40 423.75
7410.57 379.88
7411.74 343.94
7412.92 385.97
7414.09 442.48
7415.25 480.24
7416.42 495.12
7417.60 480.56
7418.76 446.28
7419.94 404.64
7421.11 362.32
7422.28 361.66
7423.45 416.33
7424.63 463.67
7425.80 491.33
7426.97 491.67
7428.14 457.83
7429.31 412.92
7430.48 366.96
7431.65 325.98
7432.82 291.49
7433.98 262.74
7435.15 239.37
7436.32 220.19
7437.49 204.09
7438.65 189.55
7439.82 178.27
7440.98 169.14
7442.15 159.07
7443.31 151.53
7444.49 144.27
7445.66 139.63
7446.82 135.32
7447.99 130.16
7449.16 127.08
7450.32 124.54
7451.49 121.77
7452.66 118.38
7453.83 114.69
7455.00 112.35
7456.16 111.67
7457.33 110.34
7458.50 107.67
7459.66 105.33
7460.82 104.17
7461.99 102.58
7463.15 101.29
7464.32 99.65
7465.45 98.82
7466.58 98.91
7467.70 97.46
7468.82 95.73
7469.95 94.86
7471.08 94.43
7472.20 93.22
7473.33 95.11
7474.46 93.55
7475.58 93.28
7476.71 91.64
7477.84 91.82
7478.97 90.91
7480.10 90.45
7481.22 90.73
7482.36 89.36
7483.48 88.68
7484.61 89.84
7485.74 89.42
7486.86 88.71
7487.99 88.86
7489.12 89.93
7490.25 88.46
7491.38 87.73
7492.50 89.37
7493.63 90.18
7494.75 88.59
7495.88 86.80
7497.00 86.90
7498.11 86.95
7499.24 86.97
7500.37 86.99
7501.50 86.99
7502.62 87.00
7503.74 87.00
7504.86 85.50
7505.98 84.75
7507.10 84.37
7508.22 84.69
7509.35 84.34
7510.48 85.67
7511.61 86.34
7512.74 85.17
7513.86 85.58
7514.99 84.79
7516.12 83.90
7517.25 84.45
7518.38 85.22
7519.50 84.11
7520.63 85.56
7521.76 84.78
7522.89 83.89
7524.02 83.94
7525.14 85.47
7526.26 86.24
7527.39 86.12
7528.52 84.56
7529.65 83.28
7530.78 85.14
7531.91 83.57
7533.04 83.78
7534.16 84.39
7535.29 83.70
7536.42 82.85
7537.54 83.42
7538.68 82.21
7539.80 82.61
7540.93 82.30
7542.05 82.15
7543.17 81.08
7544.30 81.54
7545.42 80.77
7546.55 82.38
7547.68 81.69
7548.81 80.85
7549.94 81.92
7551.06 80.96
7552.18 81.48
7553.31 82.74
7554.44 82.37
7555.57 82.19
7556.70 82.09
7557.82 82.55
7558.94 81.27
7560.07 82.14
7561.19 81.57
7562.32 80.78
7563.45 81.89
7564.58 82.45
7565.70 81.22
7566.82 81.61
7567.95 82.31
7569.08 81.15
7570.20 80.58
7571.32 80.29
7572.45 80.64
7573.58 81.82
7574.70 80.91
7575.82 81.96
7576.95 82.48
7578.08 81.24
7579.20 82.12
7580.33 80.56
7581.46 81.78
7582.58 80.89
7583.71 81.94
7584.84 82.47
7585.97 81.74
7587.10 82.37
7588.22 82.68
7589.35 80.84
7590.48 81.92
7591.61 80.46
7592.74 80.73
7593.86 80.87
7595.00 81.93
7596.10 80.97
7597.22 79.98
7598.35 79.99
7599.48 80.00
7600.60 80.00
7601.71 80.50
7602.83 81.75
7603.96 80.37
7605.09 80.19
7606.21 80.59
7607.34 79.80
7608.46 79.90
7609.58 81.45
7610.71 81.22
7611.84 80.11
7612.97 80.06
7614.09 79.53
7615.21 80.26
7616.34 80.63
7617.46 80.82
7618.59 81.41
7619.72 80.70
7620.84 81.35
7621.97 82.18
7623.10 82.09
7624.22 80.54
7625.34 80.27
7626.47 80.64
7627.60 80.32
7628.73 82.16
7629.86 82.08
7630.98 81.04
7632.10 82.02
7633.22 82.51
7634.34 83.75
7635.48 179.38
7636.64 280.19
7637.82 325.59
7638.99 330.80
7640.16 312.90
7641.32 286.45
7642.50 309.72
7643.67 382.36
7644.84 438.68
7646.01 473.84
7647.18 475.92
7648.35 450.96
7649.52 411.98
7650.68 368.99
7651.85 334.50
7653.02 377.75
7654.19 435.87
7655.36 476.44
7656.53 492.22
7657.71 476.61
7658.88 442.30
7660.06 400.65
7661.23 356.83
7662.40 358.41
7663.57 413.71
7664.75 460.85
7665.92 489.43
7667.10 489.21
7668.27 463.61
7669.44 424.80
7670.61 381.40
7671.78 342.70
7672.96 381.35
7674.13 437.18
7675.31 477.09
7676.48 494.04
7677.64 481.02
7678.81 448.01
7679.98 407.01
7681.16 363.00
7682.32 356.00
7683.48 410.00
7684.64 459.50
7685.80 489.75
7686.96 493.38
7688.13 469.19
7689.31 431.09
7690.48 388.55
7691.65 346.77
7692.82 376.39
7693.99 433.19
7695.15 475.10
7696.32 494.55
7697.49 484.27
7698.66 454.14
7699.84 412.07
7701.00 369.03
7702.16 350.52
7703.33 402.76
7704.50 453.88
7705.66 486.94
7706.83 494.97
7708.00 472.98
7709.16 436.49
7710.33 393.75
7711.51 352.37
7712.68 372.19
7713.85 428.09
7715.01 471.55
7716.18 494.77
7717.35 487.89
7718.52 458.44
7719.69 417.72
7720.86 375.36
7722.04 347.18
7723.20 395.09
7724.36 447.55
7725.54 484.77
7726.71 496.39
7727.88 477.19
7729.06 441.10
7730.22 399.05
7731.39 356.02
7732.56 366.01
7733.72 421.51
7734.91 466.75
7736.08 493.88
7737.24 490.94
7738.41 462.47
7739.59 423.23
7740.76 379.62
7741.93 344.81
7743.11 388.40
7744.28 443.20
7745.44 481.10
7746.61 495.05
7747.78 478.53
7748.96 445.26
7750.13 402.13
7751.31 358.57
7752.48 362.78
7753.65 418.39
7754.82 465.20
7755.99 492.10
7757.16 492.05
7758.32 465.02
7759.49 426.01
7760.66 382.51
7761.84 344.25
7763.00 384.13
7764.16 439.06
7765.33 479.53
7766.50 496.77
7767.68 482.88
7768.84 450.44
7770.01 407.22
7771.18 364.61
7772.36 358.31
7773.53 412.15
7774.71 460.08
7775.87 490.54
7777.05 493.27
7778.22 468.13
7779.40 430.07
7780.56 386.53
7781.73 346.27
7782.92 379.63
7784.09 435.82
7785.26 476.91
7786.43 495.45
7787.60 483.23
7788.76 452.11
7789.94 409.56
7791.11 366.28
7792.28 353.14
7793.46 407.07
7794.63 457.53
7795.79 489.77
7796.96 493.88
7798.13 470.94
7799.31 434.47
7800.48 391.24
7801.66 348.62
7802.84 376.31
7804.01 433.15
7805.18 474.58
7806.35 495.79
7807.52 486.39
7808.69 454.70
7809.86 412.85
7811.04 369.42
7812.20 351.21
7813.37 402.11
7814.55 453.05
7815.71 488.03
7816.88 495.51
7818.06 473.76
7819.23 436.88
7820.40 393.94
7821.56 351.47
7822.73 371.73
7823.92 428.87
7825.09 472.93
7826.25 494.97
7827.42 486.48
7828.59 448.74
7829.76 402.37
7830.93 357.19
7832.11 319.09
7833.27 286.05
7834.44 258.02
7835.61 234.01
7836.78 214.01
7837.94 199.00
7839.10 185.50
7840.26 174.75
7841.42 166.38
7842.59 156.69
7843.76 149.84
7844.93 144.42
7846.10 137.71
7847.26 132.86
7848.43 128.43
7849.60 124.71
7850.76 122.86
7851.93 119.43
7853.10 115.71
7854.26 112.36
7855.43 112.68
7856.60 111.34
7857.76 110.17
7858.93 108.08
7860.09 106.04
7861.25 105.02
7862.41 103.51
7863.58 102.76
7864.74 101.88
7865.92 100.44
7867.08 98.72
7868.20 98.86
7869.32 97.43
7870.46 96.71
7871.58 96.86
7872.70 95.93
7873.82 95.46
7874.95 93.23
7876.08 91.62
7877.20 93.31
7878.33 92.65
7879.46 91.33
7880.58 92.16
7881.72 91.08
7882.83 90.04
7883.95 89.52
7885.08 89.76
7886.20 88.88
7887.32 89.94
7888.45 88.97
7889.58 89.49
7890.70 88.74
7891.82 88.87
7892.95 89.44
7894.08 89.22
7895.20 87.61
7896.33 86.80
7897.45 87.90
7898.57 87.45
7899.70 86.73
7900.82 86.86
7901.95 87.43
7903.08 87.22
7904.21 87.11
7905.34 85.55
7906.47 84.78
7907.60 84.39
7908.72 83.19
7909.85 83.10
7910.98 83.05
7912.10 84.02
7913.22 84.51
7914.34 83.76
7915.47 84.88
7916.60 84.44
7917.72 83.72
7918.85 82.86
7919.98 82.43
7921.10 84.21
7922.23 84.61
7923.36 84.30
7924.48 85.15
7925.61 85.58
7926.74 83.79
7927.86 84.89
7928.98 84.95
7930.11 84.97
7931.24 85.49
7932.37 85.24
7933.50 84.12
7934.62 84.06
7935.74 82.53
7936.87 83.77
7938.00 81.88
7939.11 83.44
7940.24 83.22
7941.37 84.11
7942.50 84.56
7943.62 84.78
7944.75 84.89
7945.88 83.94
7947.00 83.47
7948.11 81.74
7949.24 80.87
7950.37 82.43
7951.50 82.72
7952.62 82.86
7953.75 81.43
7954.88 82.71
7956.01 81.86
7957.13 82.93
7958.26 81.46
7959.38 81.73
7960.51 82.87
7961.64 81.43
7962.77 82.72
7963.90 83.36
7965.02 83.68
7966.14 81.84
7967.27 83.42
7968.40 81.71
7969.52 82.35
7970.65 81.68
7971.78 80.84
7972.91 81.92
7974.04 80.96
7975.16 82.48
7976.29 82.74
7977.42 81.37
7978.54 81.68
7979.67 80.84
7980.80 81.92
7981.92 82.46
7983.05 83.23
7984.17 82.62
7985.30 81.31
7986.43 82.65
7987.56 80.83
7988.69 79.91
7989.82 79.96
7990.94 81.48
7992.07 82.74
7993.19 82.87
7994.32 82.43
7995.45 82.72
7996.58 82.36
7997.70 82.68
7998.82 80.84
7999.95 81.92
8001.08 80.96
8002.20 81.48
8003.32 80.24
8004.45 80.12
8005.58 80.06
8006.70 79.53
8007.82 81.76
8008.94 82.88
8010.06 81.44
8011.18 80.72
8012.31 79.86
8013.44 79.43
8014.57 81.22
8015.70 80.11
8016.82 80.55
8017.95 79.78
8019.08 79.39
8020.20 79.19
8021.32 79.10
8022.45 81.05
8023.57 80.52
8024.70 79.76
8025.82 80.88
8026.94 80.44
8028.07 80.22
8029.19 79.11
8030.31 79.06
8031.44 79.53
8032.57 81.26
8033.70 81.63
8034.82 93.32
8035.95 206.66
8037.12 295.83
8038.29 329.41
8039.46 327.21
8040.64 306.10
8041.80 278.55
8042.96 324.78
8044.13 396.39
8045.31 448.69
8046.48 476.85
8047.64 469.92
8048.81 441.96
8049.98 401.48
8051.15 358.74
8052.32 341.37
8053.50 394.19
8054.67 447.09
8055.83 482.55
8057.00 489.77
8058.16 468.89
8059.33 432.94
8060.50 389.47
8061.67 348.24
8062.84 368.62
8064.02 425.81
8065.18 469.90
8066.34 493.45
8067.52 485.73
8068.69 456.36
8069.86 416.18
8071.04 371.59
8072.20 344.80
8073.36 392.90
8074.53 446.45
8075.70 483.72
8076.87 493.86
8078.04 475.43
8079.21 440.22
8080.39 397.61
8081.56 354.30
8082.73 365.65
8083.91 421.83
8085.08 466.91
8086.25 493.46
8087.42 489.73
8088.60 461.36
8089.76 421.68
8090.93 377.84
8092.10 344.42
8093.27 388.71
8094.44 442.86
8095.61 480.93
8096.78 495.46
8097.95 478.73
8099.12 444.37
8100.29 401.68
8101.46 358.84
8102.63 362.42
8103.80 416.71
8104.97 464.36
8106.14 493.18
8107.32 492.59
8108.49 464.79
8109.66 425.90
8110.83 381.95
8112.00 343.97
8113.16 383.49
8114.33 439.74
8115.50 479.87
8116.67 495.44
8117.84 481.22
8119.01 449.11
8120.18 407.55
8121.35 363.78
8122.52 357.89
8123.69 411.94
8124.86 459.97
8126.03 490.49
8127.20 492.74
8128.37 467.87
8129.54 429.94
8130.72 385.97
8131.90 344.98
8133.07 379.49
8134.23 435.75
8135.40 476.37
8136.57 495.69
8137.74 483.84
8138.91 452.42
8140.08 410.71
8141.25 366.86
8142.43 353.93
8143.60 406.46
8144.77 457.23
8145.94 490.12
8147.12 495.56
8148.29 471.78
8149.46 433.89
8150.63 390.44
8151.80 347.72
8152.97 375.36
8154.14 431.68
8155.30 474.34
8156.48 495.67
8157.64 486.84
8158.82 455.92
8159.99 414.46
8161.16 372.23
8162.33 350.11
8163.51 401.06
8164.68 453.03
8165.84 487.51
8167.02 494.76
8168.19 472.88
8169.36 436.94
8170.53 393.97
8171.70 351.98
8172.87 370.99
8174.04 427.50
8175.20 470.25
8176.37 493.62
8177.54 488.31
8178.72 458.66
8179.90 417.83
8181.07 374.91
8182.24 347.46
8183.41 395.23
8184.59 448.11
8185.76 484.56
8186.93 496.28
8188.10 475.64
8189.27 440.82
8190.44 397.41
8191.62 354.20
8192.79 367.60
8193.95 422.30
8195.11 467.15
8196.29 494.08
8197.46 490.04
8198.63 461.02
8199.80 422.51
8200.96 379.25
8202.13 345.63
8203.31 389.81
8204.48 443.91
8205.65 481.45
8206.82 495.73
8207.99 478.36
8209.16 444.18
8210.33 402.09
8211.50 360.05
8212.66 362.02
8213.83 417.51
8215.00 464.26
8216.16 492.13
8217.34 491.06
8218.51 464.53
8219.68 426.27
8220.86 383.13
8222.04 345.57
8223.21 384.28
8224.39 439.64
8225.56 478.82
8226.72 495.91
8227.90 478.46
8229.07 436.73
8230.24 390.86
8231.41 347.43
8232.59 308.72
8233.76 276.86
8234.93 249.93
8236.10 227.96
8237.26 211.48
8238.42 197.24
8239.59 185.12
8240.76 172.56
8241.93 162.28
8243.10 154.64
8244.26 147.82
8245.42 141.91
8246.59 138.46
8247.76 133.23
8248.93 129.61
8250.10 125.81
8251.26 122.90
8252.42 120.45
8253.59 117.73
8254.76 115.36
8255.93 113.18
8257.10 110.59
8258.26 107.80
8259.42 106.90
8260.58 105.45
8261.75 104.22
8262.92 102.61
8264.09 102.31
8265.25 101.15
8266.42 98.58
8267.54 97.79
8268.67 98.39
8269.80 98.20
8270.92 98.10
8272.05 95.55
8273.17 94.77
8274.30 92.89
8275.42 91.94
8276.54 91.97
8277.67 92.99
8278.80 92.99
8279.92 91.50
8281.04 90.75
8282.16 91.87
8283.29 90.44
8284.42 90.72
8285.54 91.36
8286.67 90.68
8287.80 89.84
8288.92 87.92
8290.05 88.96
8291.17 89.48
8292.30 89.24
8293.42 89.12
8294.55 89.56
8295.68 88.78
8296.81 89.39
8297.94 86.69
8299.06 87.85
8300.18 87.42
8301.31 87.21
8302.44 87.11
8303.57 88.55
8304.70 87.78
8305.82 88.39
8306.94 86.69
8308.07 87.35
8309.19 86.67
8310.32 87.34
8311.45 87.17
8312.58 85.08
8313.70 85.04
8314.82 84.52
8315.94 84.76
8317.07 84.88
8318.19 83.94
8319.32 83.97
8320.45 84.49
8321.58 83.74
8322.70 85.87
8323.82 85.44
8324.95 85.72
8326.08 86.36
8327.20 86.68
8328.32 83.84
8329.45 84.42
8330.58 85.21
8331.70 83.60
8332.82 83.30
8333.94 83.65
8335.06 83.33
8336.19 84.16
8337.32 83.58
8338.45 81.79
8339.58 82.40
8340.70 83.20
8341.82 82.60
8342.94 83.30
8344.06 84.15
8345.18 84.07
8346.30 83.54
8347.42 82.27
8348.55 84.13
8349.69 82.07
8350.80 84.03
8351.92 84.02
8353.04 84.01
8354.16 84.50
8355.28 83.25
8356.41 82.63
8357.54 83.31
8358.66 82.66
8359.79 81.83
8360.92 82.91
8362.05 82.96
8363.17 81.98
8364.30 82.49
8365.42 81.24
8366.54 81.62
8367.67 82.81
8368.80 81.41
8369.92 82.70
8371.04 81.35
8372.16 80.68
8373.29 80.84
8374.42 80.42
8375.54 81.21
8376.67 82.60
8377.79 81.30
8378.91 80.65
8380.04 81.83
8381.16 80.91
8382.29 82.96
8383.42 83.48
8384.54 81.74
8385.67 82.37
8386.80 81.18
8387.92 82.59
8389.05 81.30
8390.17 81.65
8391.30 82.82
8392.42 82.41
8393.54 82.71
8394.67 81.35
8395.80 82.18
8396.92 82.09
8398.04 82.54
8399.16 81.77
8400.29 80.89
8401.42 81.94
8402.54 80.97
8403.67 80.49
8404.80 79.74
8405.92 81.37
8407.05 80.69
8408.16 79.84
8409.29 79.92
8410.42 81.46
8411.54 82.23
8412.67 82.62
8413.80 81.81
8414.92 81.90
8416.04 80.95
8417.16 80.98
8418.30 80.49
8419.41 80.24
8420.54 80.12
8421.66 81.56
8422.79 81.28
8423.92 82.14
8425.05 82.57
8426.17 80.79
8427.30 80.89
8428.42 81.95
8429.54 82.47
8430.67 82.74
8431.80 82.87
8432.92 82.43
8434.05 80.72
8435.17 109.86
8436.34 228.43
8437.51 306.21
8438.68 330.61
8439.85 322.80
8441.03 301.40
8442.19 278.70
8443.36 338.35
8444.53 408.68
8445.70 456.84
8446.86 478.92
8448.04 466.96
8449.20 434.48
8450.37 393.24
8451.55 350.62
8452.72 350.31
8453.90 407.15
8455.07 456.08
8456.23 487.04
8457.40 488.52
8458.56 463.26
8459.73 424.63
8460.91 381.31
8462.08 340.66
8463.25 378.33
8464.42 434.16
8465.58 475.58
8466.76 493.29
8467.92 480.15
8469.10 447.57
8470.27 405.79
8471.44 362.89
8472.60 353.45
8473.77 406.72
8474.94 455.86
8476.11 487.43
8477.28 491.72
8478.46 468.86
8479.63 430.93
8480.80 387.46
8481.96 346.73
8483.13 375.37
8484.31 432.68
8485.47 473.84
8486.64 493.92
8487.81 483.96
8488.98 453.48
8490.15 412.24
8491.32 368.62
8492.50 350.31
8493.67 401.66
8494.84 453.83
8496.02 487.41
8497.19 493.71
8498.36 471.85
8499.53 435.43
8500.71 391.71
8501.89 349.86
8503.06 372.93
8504.23 429.96
8505.39 472.48
8506.56 494.74
8507.73 486.37
8508.90 456.19
8510.07 415.59
8511.24 372.30
8512.40 346.65
8513.57 395.82
8514.74 449.91
8515.91 485.96
8517.08 496.48
8518.24 475.74
8519.41 440.37
8520.59 396.68
8521.76 353.84
8522.92 366.92
8524.09 423.46
8525.25 467.73
8526.42 494.37
8527.60 490.68
8528.76 462.34
8529.93 421.67
8531.10 378.34
8532.27 345.17
8533.44 390.08
8534.60 445.04
8535.76 482.52
8536.93 495.76
8538.10 479.88
8539.27 445.94
8540.44 402.97
8541.60 360.49
8542.77 361.24
8543.94 416.62
8545.11 463.81
8546.28 492.91
8547.46 492.95
8548.63 465.48
8549.80 426.74
8550.96 383.37
8552.13 344.18
8553.31 382.59
8554.48 438.80
8555.65 478.90
8556.82 495.95
8557.99 482.97
8559.16 449.49
8560.33 407.24
8561.50 364.62
8562.67 357.81
8563.84 411.41
8565.03 460.20
8566.19 490.60
8567.36 494.30
8568.52 469.65
8569.69 431.83
8570.86 387.91
8572.04 346.46
8573.21 378.23
8574.39 435.11
8575.56 477.06
8576.73 496.03
8577.90 485.01
8579.06 453.01
8580.23 411.00
8581.39 369.00
8582.55 351.50
8583.72 403.75
8584.89 454.38
8586.06 487.69
8587.22 494.34
8588.39 473.17
8589.56 436.59
8590.73 393.79
8591.90 350.90
8593.06 372.45
8594.23 428.72
8595.40 472.36
8596.57 495.18
8597.74 488.09
8598.91 457.55
8600.08 417.27
8601.25 373.64
8602.42 347.32
8603.60 396.16
8604.76 449.08
8605.92 485.54
8607.09 495.77
8608.26 476.88
8609.43 441.44
8610.60 398.22
8611.76 355.61
8612.93 366.81
8614.11 422.90
8615.27 467.45
8616.44 493.73
8617.61 490.86
8618.78 462.93
8619.95 423.47
8621.12 379.23
8622.29 345.12
8623.47 390.06
8624.64 444.03
8625.80 482.51
8626.97 495.76
8628.14 475.38
8629.32 432.69
8630.49 386.34
8631.66 342.67
8632.83 306.84
8634.01 275.42
8635.18 249.21
8636.34 227.60
8637.50 211.30
8638.66 195.65
8639.82 182.83
8641.00 173.41
8642.15 164.71
8643.32 155.35
8644.49 148.68
8645.66 142.84
8646.82 137.42
8648.00 132.71
8649.15 127.85
8650.32 124.93
8651.49 122.46
8652.66 118.73
8653.83 115.87
8655.01 114.43
8656.17 111.22
8657.34 109.11
8658.50 107.55
8659.66 105.28
8660.83 104.14
8662.02 104.07
8663.17 101.53
8664.34 100.27
8665.50 100.63
8666.66 100.32
8667.83 98.66
8668.96 97.33
8670.09 96.66
8671.21 96.33
8672.34 95.67
8673.46 94.33
8674.59 95.17
8675.72 94.08
8676.84 93.04
8677.96 92.52
8679.09 91.76
8680.21 90.38
8681.34 90.69
8682.46 90.85
8683.59 89.92
8684.72 89.96
8685.85 89.98
8686.97 89.49
8688.10 88.25
8689.22 89.12
8690.35 90.06
8691.47 88.53
8692.60 88.77
8693.72 87.88
8694.85 88.44
8695.98 87.72
8697.10 87.86
8698.22 87.43
8699.35 87.72
8700.48 87.36
8701.61 87.18
8702.74 87.59
8703.87 87.29
8705.00 87.65
8706.11 87.82
8707.24 87.91
8708.37 86.46
8709.50 87.23
8710.62 86.61
8711.75 87.31
8712.89 86.65
8714.02 85.33
8715.14 84.66
8716.28 84.83
8717.40 84.92
8718.52 85.96
8719.65 84.98
8720.78 84.49
8721.90 85.24
8723.02 85.12
8724.14 84.56
8725.27 83.78
8726.40 84.89
8727.52 83.95
8728.65 83.97
8729.78 83.49
8730.90 84.24
8732.02 82.62
8733.14 82.81
8734.27 82.91
8735.40 82.45
8736.52 83.23
8737.65 83.61
8738.78 84.31
8739.90 85.15
8741.02 83.58
8742.14 84.79
8743.27 84.39
8744.40 84.20
8745.52 85.10
8746.64 84.55
8747.77 82.77
8748.90 84.39
8750.02 82.19
8751.14 82.10
8752.26 83.05
8753.38 82.02
8754.50 83.01
8755.62 82.51
8756.75 83.75
8757.89 84.38
8759.01 83.69
8760.13 82.34
8761.26 83.17
8762.38 83.59
8763.51 84.29
8764.64 84.65
8765.77 84.32
8766.90 83.16
8768.02 82.58
8769.14 82.29
8770.26 82.15
8771.39 81.57
8772.52 82.79
8773.65 82.39
8774.78 81.70
8775.90 80.35
8777.02 80.67
8778.14 80.34
8779.26 81.17
8780.39 80.08
8781.51 80.54
8782.64 82.27
8783.77 82.14
8784.90 80.57
8786.02 81.28
8787.14 80.64
8788.26 79.82
8789.39 80.91
8790.52 82.46
8791.65 80.73
8792.78 80.86
8793.90 81.93
8795.02 82.47
8796.15 83.23
8797.27 81.12
8798.40 81.56
8799.52 80.78
8800.65 81.89
8801.78 80.94
8802.90 79.97
8804.02 79.99
8805.14 80.99
8806.27 80.00
8807.39 80.50
8808.51 80.25
8809.64 81.62
8810.77 81.31
8811.90 80.16
8813.02 81.08
8814.14 81.54
8815.26 81.27
8816.39 82.63
8817.52 80.82
8818.65 79.91
8819.78 79.45
8820.90 81.73
8822.02 80.36
8823.14 81.18
8824.27 81.59
8825.40 82.80
8826.52 81.40
8827.64 80.70
8828.76 79.85
8829.89 79.42
8831.02 79.71
8832.14 79.86
8833.27 79.43
8834.40 79.71
8835.52 132.36
8836.69 246.68
8837.87 313.34
8839.04 330.67
8840.21 318.83
8841.38 294.92
8842.55 286.46
8843.72 353.23
8844.89 419.11
8846.06 464.06
8847.22 478.53
8848.40 461.26
8849.56 426.63
8850.73 384.32
8851.91 341.66
8853.08 359.83
8854.25 418.41
8855.42 464.71
8856.60 489.35
8857.76 484.68
8858.93 455.84
8860.10 415.92
8861.27 372.96
8862.44 341.98
8863.60 389.49
8864.77 443.24
8865.94 481.12
8867.12 494.56
8868.29 476.78
8869.46 441.39
8870.63 398.20
8871.80 354.60
8872.96 362.30
8874.12 418.15
8875.30 465.07
8876.46 492.54
8877.63 489.77
8878.80 462.88
8879.96 423.94
8881.13 379.97
8882.31 343.99
8883.48 384.99
8884.65 441.50
8885.82 479.75
8887.00 495.37
8888.16 480.19
8889.34 446.09
8890.51 403.55
8891.68 360.27
8892.85 359.64
8894.03 414.32
8895.20 461.16
8896.36 490.08
8897.54 491.54
8898.71 465.77
8899.88 427.38
8901.05 384.19
8902.22 345.10
8903.39 380.55
8904.56 437.27
8905.74 478.14
8906.92 496.57
8908.08 482.78
8909.24 449.89
8910.41 408.45
8911.59 365.22
8912.76 355.11
8913.93 408.06
8915.10 458.53
8916.26 489.76
8917.44 493.88
8918.60 469.94
8919.77 432.47
8920.94 388.74
8922.12 347.87
8923.29 376.93
8924.46 432.97
8925.63 474.48
8926.79 494.74
8927.96 484.37
8929.13 453.69
8930.31 412.34
8931.48 369.17
8932.65 352.09
8933.82 404.04
8935.00 455.02
8936.15 489.01
8937.32 495.51
8938.50 472.75
8939.67 436.88
8940.84 393.44
8942.02 352.22
8943.19 373.61
8944.36 430.30
8945.53 472.15
8946.70 495.08
8947.88 488.04
8949.04 457.52
8950.21 416.76
8951.39 372.88
8952.56 348.44
8953.73 398.22
8954.91 450.11
8956.08 486.05
8957.24 495.53
8958.42 474.76
8959.60 439.88
8960.76 396.94
8961.93 353.47
8963.10 369.24
8964.27 426.12
8965.44 469.56
8966.61 494.28
8967.78 489.64
8968.95 460.82
8970.12 419.91
8971.29 375.95
8972.46 344.98
8973.63 392.49
8974.80 446.74
8975.96 483.87
8977.13 496.44
8978.30 478.72
8979.47 443.86
8980.64 400.93
8981.80 358.46
8982.96 364.73
8984.13 419.87
8985.30 464.93
8986.47 492.47
8987.64 491.73
8988.81 464.87
8990.00 425.43
8991.16 381.22
8992.33 343.61
8993.51 385.30
8994.68 440.65
8995.85 480.83
8997.03 496.41
8998.20 481.21
8999.36 447.10
9000.53 404.55
9001.70 361.78
9002.88 359.39
9004.04 414.69
9005.20 461.85
9006.37 491.42
9007.54 493.71
9008.71 468.36
9009.88 429.18
9011.05 386.09
9012.22 345.54
9013.39 380.77
9014.56 436.39
9015.73 477.69
9016.90 494.85
9018.07 482.92
9019.24 451.46
9020.42 409.73
9021.59 366.87
9022.76 354.43
9023.93 407.72
9025.10 458.36
9026.27 489.18
9027.44 494.59
9028.61 471.29
9029.78 433.65
9030.95 389.32
9032.12 346.66
9033.30 310.33
9034.46 279.17
9035.64 253.08
9036.81 230.04
9037.97 212.02
9039.13 197.51
9040.30 184.76
9041.46 173.88
9042.62 163.44
9043.79 155.72
9044.96 149.36
9046.14 144.18
9047.30 138.59
9048.46 133.79
9049.63 130.40
9050.79 126.70
9051.95 121.85
9053.12 118.42
9054.29 115.21
9055.46 113.61
9056.62 112.30
9057.78 110.15
9058.95 107.08
9060.11 105.04
9061.27 105.02
9062.43 104.01
9063.59 102.00
9064.74 101.00
9065.90 100.00
9067.05 99.00
9068.16 97.00
9069.28 96.50
9070.40 96.75
9071.52 96.38
9072.65 95.19
9073.77 96.09
9074.89 94.55
9076.02 92.77
9077.14 92.89
9078.26 92.44
9079.39 92.22
9080.52 91.61
9081.65 91.81
9082.78 91.90
9083.90 90.95
9085.02 90.98
9086.14 90.49
9087.26 90.24
9088.39 89.12
9089.52 88.56
9090.65 88.78
9091.78 88.39
9092.90 88.70
9094.02 88.35
9095.14 87.67
9096.27 87.84
9097.40 87.92
9098.52 87.46
9099.65 87.73
9100.78 87.86
9101.90 85.93
9103.02 86.97
9104.14 87.48
9105.27 87.24
9106.40 86.62
9107.52 86.81
9108.65 85.91
9109.78 84.95
9110.90 85.48
9112.02 86.24
9113.14 86.62
9114.27 85.31
9115.40 85.15
9116.52 85.08
9117.64 85.04
9118.76 85.52
9119.89 84.76
9121.02 84.88
9122.14 84.94
9123.26 83.97
9124.39 83.98
9125.51 83.49
9126.64 83.75
9127.77 83.87
9128.90 83.94
9130.02 83.97
9131.14 83.98
9132.26 83.99
9133.39 84.00
9134.51 83.50
9135.63 82.75
9136.76 82.87
9137.89 83.44
9139.02 84.22
9140.14 84.11
9141.27 84.05
9142.39 83.53
9143.52 82.76
9144.65 82.38
9145.78 83.19
9146.90 82.60
9148.02 81.30
9149.14 82.15
9150.27 84.07
9151.39 83.04
9152.52 83.52
9153.64 83.26
9154.77 81.13
9155.90 82.06
9157.01 80.53
9158.13 80.27
9159.26 80.63
9160.38 79.82
9161.51 80.91
9162.64 81.45
9163.78 82.23
9164.90 82.61
9166.02 80.81
9167.14 81.90
9168.26 83.45
9169.39 81.73
9170.52 82.36
9171.65 82.68
9172.78 81.84
9173.90 82.42
9175.03 81.21
9176.15 80.11
9177.29 81.05
9178.41 80.53
9179.54 79.76
9180.66 80.38
9181.79 81.19
9182.92 81.60
9184.04 82.30
9185.16 81.15
9186.30 82.07
9187.41 80.54
9188.54 80.27
9189.66 80.13
9190.79 81.57
9191.92 81.78
9193.05 80.89
9194.17 79.95
9195.30 79.47
9196.42 80.74
9197.56 79.87
9198.68 79.43
9199.81 79.72
9200.94 79.36
9202.06 79.68
9203.18 81.34
9204.31 81.17
9205.44 81.08
9206.56 82.04
9207.68 82.52
9208.81 82.76
9209.94 82.38
9211.06 80.69
9212.18 81.85
9213.31 82.42
9214.44 81.21
9215.57 82.11
9216.70 81.05
9217.82 80.53
9218.94 81.76
9220.07 82.38
9221.19 80.69
9222.32 81.85
9223.45 80.42
9224.58 79.71
9225.70 79.36
9226.82 79.18
9227.95 79.09
9229.07 79.54
9230.19 79.77
9231.32 80.89
9232.45 81.94
9233.58 81.97
9234.70 80.49
9235.82 156.24
9237.00 265.12
9238.16 321.06
9239.33 332.53
9240.51 317.77
9241.68 292.38
9242.86 297.19
9244.03 367.10
9245.19 429.55
9246.36 468.77
9247.53 477.89
9248.70 456.94
9249.87 421.47
9251.04 378.74
9252.20 336.87
9253.37 367.43
9254.54 425.22
9255.71 469.11
9256.88 489.55
9258.05 480.78
9259.22 449.89
9260.39 409.44
9261.56 366.22
9262.73 347.11
9263.91 399.56
9265.08 450.78
9266.24 484.89
9267.41 492.94
9268.58 470.97
9269.75 434.99
9270.92 391.99
9272.08 349.50
9273.24 369.75
9274.41 425.37
9275.58 469.19
9276.75 493.59
9277.92 487.80
9279.09 457.40
9280.25 417.70
9281.42 374.35
9282.60 346.17
9283.76 394.09
9284.93 447.04
9286.09 483.02
9287.25 495.01
9288.42 477.01
9289.59 441.50
9290.76 398.75
9291.93 355.38
9293.11 365.69
9294.28 421.34
9295.45 466.17
9296.62 493.09
9297.79 490.54
9298.96 463.27
9300.13 424.14
9301.31 379.57
9302.48 345.28
9303.65 388.14
9304.82 443.57
9305.99 481.29
9307.16 495.64
9308.33 478.82
9309.51 444.91
9310.68 401.96
9311.86 358.48
9313.03 362.24
9314.20 417.62
9315.36 464.31
9316.54 492.65
9317.71 492.33
9318.88 465.66
9320.05 425.83
9321.22 381.92
9322.40 343.46
9323.56 383.23
9324.73 439.11
9325.91 479.56
9327.08 496.28
9328.25 482.14
9329.42 448.57
9330.60 405.78
9331.76 363.39
9332.93 359.20
9334.10 412.10
9335.26 461.05
9336.43 491.02
9337.60 493.01
9338.76 468.51
9339.93 430.25
9341.10 387.63
9342.27 347.31
9343.44 379.66
9344.61 435.83
9345.78 475.91
9346.95 494.96
9348.12 483.98
9349.29 451.99
9350.46 410.49
9351.63 368.25
9352.80 353.62
9353.98 406.31
9355.15 455.66
9356.32 489.33
9357.50 494.16
9358.67 471.58
9359.84 435.29
9361.02 391.15
9362.19 348.57
9363.36 374.29
9364.53 431.64
9365.70 473.32
9366.87 494.66
9368.04 485.33
9369.20 455.67
9370.37 414.33
9371.55 370.67
9372.72 349.33
9373.89 400.67
9375.06 452.83
9376.23 486.42
9377.40 494.21
9378.57 474.10
9379.74 437.55
9380.91 394.28
9382.08 352.64
9383.25 370.82
9384.42 426.41
9385.59 471.20
9386.76 494.10
9387.93 487.55
9389.10 458.28
9390.27 418.14
9391.44 374.57
9392.62 347.28
9393.79 395.64
9394.96 448.32
9396.13 484.16
9397.31 495.58
9398.48 476.29
9399.65 441.65
9400.83 397.82
9402.01 354.91
9403.18 368.96
9404.35 424.48
9405.52 468.74
9406.69 494.37
9407.87 489.18
9409.04 460.09
9410.20 420.55
9411.36 377.27
9412.54 344.64
9413.71 390.32
9414.88 445.16
9416.05 482.58
9417.21 495.29
9418.39 478.64
9419.56 444.32
9420.73 401.66
9421.90 359.83
9423.07 363.92
9424.24 418.96
9425.40 464.48
9426.57 491.74
9427.74 491.87
9428.91 464.93
9430.08 426.97
9431.24 382.98
9432.41 341.49
9433.58 304.75
9434.75 274.87
9435.92 249.44
9437.09 228.22
9438.25 209.11
9439.42 194.55
9440.58 182.78
9441.75 171.39
9442.92 163.19
9444.09 155.10
9445.25 149.05
9446.41 142.52
9447.58 138.26
9448.74 132.63
9449.91 128.32
9451.08 125.66
9452.24 122.33
9453.41 119.16
9454.58 115.58
9455.74 113.79
9456.91 111.40
9458.07 108.70
9459.22 108.35
9460.39 107.17
9461.56 105.59
9462.73 103.79
9463.90 102.40
9465.06 101.20
9466.22 100.10
9467.38 99.55
9468.51 99.27
9469.64 99.14
9470.77 97.07
9471.89 96.03
9473.02 96.02
9474.13 96.01
9475.26 94.00
9476.38 93.50
9477.50 94.75
9478.62 93.38
9479.74 92.69
9480.87 92.34
9482.00 90.67
9483.11 90.84
9484.24 90.42
9485.37 89.21
9486.50 89.10
9487.62 89.05
9488.74 88.53
9489.87 89.26
9491.00 89.63
9492.11 90.32
9493.24 89.66
9494.37 88.83
9495.50 88.91
9496.62 87.96
9497.75 88.98
9498.88 87.49
9500.01 87.74
9501.13 87.87
9502.26 87.44
9503.38 87.22
9504.51 85.61
9505.64 86.30
9506.76 86.65
9507.89 86.83
9509.02 87.41
9510.14 86.71
9511.27 86.35
9512.40 85.18
9513.52 84.59
9514.65 85.29
9515.78 84.65
9516.90 85.32
9518.02 86.16
9519.14 85.08
9520.26 84.04
9521.38 83.52
9522.51 84.76
9523.64 84.38
9524.77 84.19
9525.90 84.60
9527.02 83.80
9528.14 82.90
9529.26 84.45
9530.39 83.22
9531.52 82.61
9532.65 83.31
9533.78 82.65
9534.90 83.83
9536.02 83.41
9537.14 83.21
9538.27 82.60
9539.39 82.30
9540.51 82.65
9541.64 82.33
9542.77 82.66
9543.90 82.83
9545.02 82.92
9546.14 82.96
9547.27 82.48
9548.40 84.74
9549.52 81.87
9550.65 81.93
9551.78 80.47
9552.90 81.23
9554.02 82.62
9555.14 83.31
9556.27 82.15
9557.40 82.58
9558.52 82.79
9559.65 82.39
9560.78 82.70
9561.90 80.85
9563.02 81.42
9564.14 80.71
9565.26 81.36
9566.39 80.68
9567.52 81.84
9568.65 80.92
9569.78 80.46
9570.90 80.73
9572.02 80.36
9573.14 80.18
9574.27 80.09
9575.39 82.05
9576.51 81.52
9577.64 81.76
9578.77 80.38
9579.90 80.19
9581.02 80.60
9582.14 81.30
9583.26 81.15
9584.39 81.57
9585.52 82.79
9586.65 80.89
9587.78 81.95
9588.90 81.97
9590.02 81.49
9591.14 80.24
9592.27 79.62
9593.40 79.81
9594.52 79.91
9595.65 80.95
9596.78 80.48
9597.90 81.24
9599.02 80.12
9600.15 80.56
9601.28 80.28
9602.41 80.14
9603.54 79.57
9604.66 81.28
9605.79 80.64
9606.92 80.82
9608.05 79.91
9609.17 80.46
9610.30 80.23
9611.42 80.61
9612.55 80.31
9613.68 81.15
9614.81 81.58
9615.94 80.29
9617.06 81.64
9618.18 80.32
9619.31 81.16
9620.44 81.08
9621.56 80.04
9622.68 79.52
9623.81 80.26
9624.94 81.63
9626.06 80.82
9627.19 80.91
9628.32 81.95
9629.45 80.98
9630.58 80.49
9631.70 80.74
9632.82 80.37
9633.95 80.19
9635.08 83.59
9636.20 183.80
9637.36 282.90
9638.53 326.95
9639.70 331.47
9640.87 312.24
9642.04 285.12
9643.20 310.56
9644.37 382.28
9645.54 440.14
9646.71 473.57
9647.88 475.28
9649.05 449.14
9650.22 411.07
9651.39 368.04
9652.56 333.52
9653.73 379.26
9654.91 436.63
9656.08 475.81
9657.24 491.41
9658.42 475.70
9659.59 442.35
9660.76 399.68
9661.93 356.84
9663.10 358.42
9664.27 414.21
9665.44 461.10
9666.61 489.55
9667.78 489.78
9668.95 463.39
9670.12 424.69
9671.29 380.85
9672.46 342.42
9673.63 381.71
9674.80 437.36
9675.98 477.18
9677.15 493.59
9678.32 479.79
9679.49 447.90
9680.66 405.95
9681.83 362.47
9683.00 357.24
9684.16 411.62
9685.34 459.31
9686.52 490.15
9687.69 492.58
9688.86 467.29
9690.03 430.14
9691.20 386.57
9692.36 345.29
9693.54 378.64
9694.71 434.82
9695.88 476.41
9697.05 494.71
9698.22 482.85
9699.39 451.43
9700.56 409.71
9701.73 366.86
9702.91 353.43
9704.08 406.21
9705.25 457.11
9706.42 488.55
9707.60 493.28
9708.76 471.14
9709.94 433.57
9711.11 389.78
9712.28 348.39
9713.45 375.20
9714.62 431.10
9715.78 473.55
9716.96 494.27
9718.13 484.64
9719.31 454.82
9720.48 413.91
9721.65 371.45
9722.82 350.23
9724.00 402.11
9725.16 454.06
9726.33 487.03
9727.50 495.01
9728.66 473.51
9729.84 436.75
9731.01 393.38
9732.18 351.19
9733.35 371.09
9734.52 426.55
9735.69 470.27
9736.86 494.64
9738.03 488.32
9739.20 458.16
9740.36 418.58
9741.53 375.29
9742.70 346.64
9743.87 394.82
9745.04 447.91
9746.20 484.46
9747.37 496.23
9748.55 476.61
9749.72 441.31
9750.90 398.65
9752.07 355.83
9753.24 367.41
9754.41 423.21
9755.58 468.60
9756.75 494.80
9757.92 490.90
9759.08 462.95
9760.24 422.98
9761.41 378.99
9762.58 344.49
9763.75 388.75
9764.92 443.37
9766.08 481.19
9767.25 495.59
9768.42 479.30
9769.59 445.65
9770.76 402.82
9771.92 360.41
9773.09 359.71
9774.26 414.85
9775.43 462.93
9776.59 491.46
9777.76 492.73
9778.93 467.37
9780.11 428.68
9781.28 384.34
9782.45 344.17
9783.63 382.59
9784.80 439.29
9785.98 478.65
9787.15 495.32
9788.32 482.16
9789.50 449.08
9790.66 406.54
9791.84 363.27
9793.01 357.14
9794.18 411.07
9795.35 459.03
9796.52 490.52
9797.69 493.26
9798.86 469.13
9800.04 431.06
9801.20 388.03
9802.36 346.02
9803.52 377.51
9804.70 433.75
9805.86 475.88
9807.03 495.94
9808.20 484.47
9809.36 453.23
9810.54 412.12
9811.72 368.56
9812.89 352.28
9814.06 404.64
9815.23 455.82
9816.40 487.91
9817.57 493.95
9818.74 471.98
9819.91 435.49
9821.08 393.24
9822.24 350.62
9823.42 373.81
9824.59 430.41
9825.76 473.70
9826.93 495.85
9828.10 487.43
9829.27 456.71
9830.44 415.36
9831.62 371.68
9832.80 331.34
9833.97 297.17
9835.14 267.58
9836.31 243.29
9837.48 222.15
9838.65 206.07
9839.81 191.54
9840.98 179.77
9842.15 168.88
9843.32 159.94
9844.49 151.97
9845.66 145.99
9846.84 140.49
9848.00 135.75
9849.15 131.87
9850.32 126.94
9851.49 124.97
9852.66 121.98
9853.83 118.99
9855.00 115.00
9856.14 113.00
9857.30 110.50
9858.46 108.25
9859.62 105.62
9860.79 104.81
9861.97 104.41
9863.14 102.70
9864.30 101.85
9865.46 99.93
9866.58 99.46
9867.71 99.73
9868.85 98.87
9869.98 96.43
9871.10 96.72
9872.22 95.86
9873.35 94.43
9874.48 93.71
9875.61 94.86
9876.74 93.43
9877.86 93.71
9878.99 92.86
9880.12 91.93
9881.25 92.46
9882.38 91.73
9883.50 91.87
9884.62 90.93
9885.75 89.97
9886.88 90.48
9888.00 90.74
9889.11 90.87
9890.24 89.44
9891.37 89.72
9892.50 88.86
9893.62 88.43
9894.74 88.21
9895.87 87.61
9897.00 87.80
9898.11 87.90
9899.23 87.45
9900.36 86.73
9901.49 86.86
9902.62 87.43
9903.74 87.22
9904.87 86.11
9906.00 86.55
9907.11 85.28
9908.24 86.14
9909.37 86.57
9910.50 86.78
9911.62 86.89
9912.74 85.45
9913.87 86.72
9915.00 85.36
9916.12 85.18
9917.25 85.09
9918.37 86.05
9919.50 84.52
9920.62 84.76
9921.74 84.38
9922.87 83.69
9924.00 83.85
9925.12 84.42
9926.25 83.71
9927.38 83.36
9928.50 83.68
9929.62 82.84
9930.76 83.42
9931.88 84.21
9933.01 85.10
9934.13 84.55
9935.26 83.28
9936.38 83.64
9937.51 83.32
9938.64 82.16
9939.77 83.58
9940.90 83.29
9942.02 83.14
9943.14 83.57
9944.26 82.29
9945.39 82.14
9946.52 81.57
9947.65 81.79
9948.78 81.89
9949.90 82.45
9951.02 82.72
9952.14 82.86
9953.28 82.43
9954.40 82.72
9955.52 82.86
9956.65 80.93
9957.78 81.96
9958.90 81.98
9960.02 81.49
9961.14 81.25
9962.27 82.12
9963.40 82.56
9964.52 82.78
9965.65 82.89
9966.78 82.45
9967.90 82.22
9969.02 82.11
9970.15 82.56
9971.28 80.78
9972.41 80.39
9973.54 79.69
9974.66 79.85
9975.80 80.92
9976.91 80.96
9978.04 79.98
9979.16 80.99
9980.29 81.00
9981.41 80.50
9982.54 81.25
9983.66 82.62
9984.79 81.81
9985.92 81.41
9987.05 80.20
9988.17 81.10
9989.29 80.55
9990.42 79.78
9991.54 79.89
9992.67 80.94
9993.80 79.97
9994.92 80.99
9996.05 80.49
9997.17 80.75
9998.30 80.87
9999.42 79.94
10000.54 80.47
10001.70 79.73
10002.86 80.87
10004.02 80.93
10005.18 81.97
10006.35 80.98
10007.51 79.99
10008.68 81.50
10009.84 80.75
10011.01 80.87
10012.17 79.94
10013.34 81.47
10014.50 81.23
10015.66 80.12
10016.84 81.06
10018.00 79.03
10019.15 80.51
10020.32 79.76
10021.49 79.38
10022.66 80.69
10023.83 82.34
10025.00 81.17
10026.15 81.59
10027.32 80.79
10028.49 81.40
10029.65 80.20
10030.81 79.60
10031.98 79.80
10033.14 80.40
10034.30 79.70
10035.46 79.85
10036.63 79.42
10037.80 79.21
10038.97 79.61
10040.14 79.80
10041.30 79.90
10042.46 79.45
10043.62 81.23
10044.79 80.11
10045.97 80.06
10047.13 81.53
10048.30 81.26
10049.46 82.13
10050.62 81.57
10051.79 80.28
10052.97 80.14
10054.14 80.57
10055.30 80.79
10056.46 80.89
10057.62 79.95
10058.79 81.47
10059.97 80.24
10061.14 80.62
10062.30 80.81
10063.46 80.90
10064.62 80.45
10065.79 80.23
10066.97 80.11
10068.14 79.56
10069.30 79.28
10070.46 79.14
10071.63 78.57
10072.80 78.78
10073.97 78.89
10075.14 78.95
10076.30 79.97
10077.46 79.99
10078.63 79.49
10079.80 79.25
10080.97 78.62
10082.14 80.31
10083.30 79.66
10084.47 79.33
10085.64 79.66
10086.81 79.33
10087.98 78.67
10089.15 78.83
10090.32 79.92
10091.49 79.96
10092.66 79.48
10093.83 79.24
10095.00 79.12
10096.16 79.56
10097.33 80.28
10098.50 79.64
10099.66 79.82
10100.83 81.41
10102.00 80.70
10103.15 80.35
10104.32 80.18
10105.49 79.59
10106.66 79.79
10107.84 79.40
10108.99 78.70
10110.15 79.35
10111.32 79.67
10112.49 79.34
10113.66 79.17
10114.83 78.58
10116.00 79.29
10117.15 80.15
10118.32 81.57
10119.49 80.79
10120.66 79.89
10121.83 79.95
10123.00 79.47
10124.15 79.24
10125.32 80.12
10126.49 80.06
10127.65 80.03
10128.81 79.51
10129.98 79.76
10131.15 78.38
10132.32 78.69
10133.50 77.84
10134.66 78.92
10135.83 80.96
10137.00 80.98
10138.15 80.49
10139.32 81.25
10140.49 80.62
10141.66 80.81
10142.83 80.91
10144.00 79.45
10145.15 81.23
10146.32 79.61
10147.49 79.31
10148.66 79.15
10149.83 79.58
10151.00 79.29
10152.16 78.64
10153.33 79.82
10154.50 78.91
10155.66 78.96
10156.83 79.48
10158.00 79.74
10159.15 79.87
10160.32 79.93
10161.49 79.97
10162.66 79.48
10163.83 80.24
10165.00 79.12
10166.16 79.56
10167.33 79.28
10168.50 77.64
10169.66 80.32
10170.84 79.16
10172.00 79.58
10173.15 79.29
10174.32 80.15
10175.50 79.57
10176.66 79.29
10177.83 79.64
10179.00 80.32
10180.15 79.66
10181.32 79.33
10182.49 79.67
10183.66 79.33
10184.84 79.67
10186.00 79.83
10187.15 79.92
10188.32 80.46
10189.49 80.73
10190.66 79.86
10191.84 78.93
10193.00 78.97
10194.15 78.48
10195.32 79.24
10196.49 79.62
10197.66 78.81
10198.83 78.91
10200.00 78.95
10201.15 78.98
10202.32 78.99
10203.49 78.99
10204.65 78.50
10205.81 78.75
10206.98 78.87
10208.14 77.44
10209.31 78.72
10210.48 79.36
10211.65 79.18
10212.82 79.59
10213.99 79.79
10215.15 80.40
10216.31 80.20
10217.48 80.10
10218.64 79.55
10219.81 79.77
10220.98 79.39
10222.15 79.19
10223.32 79.60
10224.48 79.80
10225.64 80.40
10226.81 79.70
10227.98 79.85
10229.14 79.42
10230.31 79.71
10231.48 79.36
10232.65 79.18
10233.83 79.09
10234.98 78.04
10236.14 80.02
10237.30 79.01
10238.46 79.51
10239.63 80.75
10240.80 79.38
10241.97 78.69
10243.13 79.34
10244.30 79.67
10245.46 78.84
10246.62 78.42
10247.79 78.71
10248.97 77.35
10250.14 77.68
10251.30 77.84
10252.46 78.92
10253.62 78.46
10254.79 78.73
10255.97 78.86
10257.13 79.43
10258.30 79.22
10259.46 80.11
10260.63 80.05
10261.79 79.53
10262.97 79.76
10264.13 79.38
10265.30 79.69
10266.46 79.35
10267.62 79.67
10268.79 79.34
10269.97 80.17
10271.14 80.08
10272.30 79.04
10273.45 79.52
10274.62 78.76
10275.78 79.38
10276.95 79.19
10278.12 79.10
10279.29 79.05
10280.45 79.52
10281.62 79.26
10282.78 79.13
10283.96 80.07
10285.12 80.03
10286.28 79.02
10287.44 79.01
10288.60 81.00
10289.75 80.00
10290.90 79.50
10292.06 80.25
10293.22 80.13
10294.39 79.56
10295.55 79.78
10296.71 79.89
10297.87 79.45
10299.04 79.22
10300.20 79.11
10301.36 79.56
10302.53 78.78
10303.70 78.89
10304.86 78.94
10306.02 79.47
10307.18 79.74
10308.34 80.37
10309.51 79.18
10310.68 79.09
10311.84 79.05
10313.00 79.52
10314.15 79.76
10315.32 77.88
10316.49 78.94
10317.65 78.47
10318.82 78.24
10320.00 78.12
10321.15 78.06
10322.31 78.53
10323.48 78.26
10324.65 79.13
10325.82 79.57
10326.99 79.78
10328.15 79.39
10329.32 79.20
10330.48 79.60
10331.64 79.80
10332.80 79.90
10333.96 78.95
10335.13 78.47
10336.30 78.24
10337.46 78.62
10338.62 79.31
10339.79 80.15
10340.97 80.08
10342.13 78.04
10343.29 79.52
10344.46 80.26
10345.62 80.13
10346.79 80.06
10347.96 80.03
10349.12 79.52
10350.29 79.76
10351.46 78.38
10352.63 79.19
10353.79 79.59
10354.96 78.80
10356.12 79.40
10357.28 79.70
10358.44 78.35
10359.61 79.17
10360.78 78.59
10361.95 78.29
10363.11 78.65
10364.28 78.82
10365.44 78.41
10366.61 77.21
10367.78 78.10
10368.94 79.55
10370.10 79.78
10371.26 79.39
10372.43 80.19
10373.60 79.10
10374.76 80.05
10375.92 80.52
10377.09 79.76
10378.25 79.38
10379.42 79.19
10380.58 79.10
10381.74 78.55
10382.91 78.27
10384.08 78.14
10385.24 79.07
10386.40 79.03
10387.55 78.52
10388.72 78.26
10389.89 79.63
10391.05 79.81
10392.21 79.91
10393.38 79.95
10394.54 80.48
10395.70 79.24
10396.86 79.62
10398.03 79.31
10399.19 79.15
10400.36 79.08
10401.52 77.54
10402.69 78.27
10403.85 79.13
10405.02 79.57
10406.18 80.28
10407.34 79.14
10408.51 81.07
10409.67 80.54
10410.84 79.77
10412.01 79.88
10413.17 78.94
10414.34 77.97
10415.50 78.99
10416.66 78.99
10417.83 77.00
10418.98 78.50
10420.14 80.25
10421.31 79.12
10422.48 79.56
10423.64 79.28
10424.82 79.64
10425.98 79.32
10427.15 80.16
10428.32 80.58
10429.48 79.29
10430.65 79.15
10431.83 79.07
10432.99 79.54
10434.15 79.27
10435.32 78.63
10436.49 79.32
10437.66 78.16
10438.83 79.08
10439.99 79.54
10441.15 79.77
10442.32 79.88
10443.48 78.94
10444.64 78.97
10445.80 78.49
10446.98 79.24
10448.14 77.62
10449.31 78.31
10450.48 78.16
10451.65 79.08
10452.82 78.04
10453.98 79.02
10455.14 78.01
10456.30 79.00
10457.46 77.50
10458.62 78.75
10459.78 78.88
10460.96 79.44
10462.12 79.72
10463.29 79.36
10464.46 78.68
10465.62 78.34
10466.79 79.17
10467.97 79.08
10469.13 79.04
10470.29 80.02
10471.45 79.01
10472.61 79.51
10473.78 79.75
10474.95 78.88
10476.11 77.94
10477.28 78.47
10478.45 77.23
10479.62 78.12
10480.79 79.06
10481.96 79.03
10483.12 79.51
10484.29 79.26
10485.46 78.13
10486.62 78.56
10487.80 79.28
10488.97 79.14
10490.14 78.57
10491.30 78.79
10492.46 78.89
10493.62 78.45
10494.79 78.72
10495.97 78.36
10497.14 79.68
10498.30 79.34
10499.46 80.17
10500.63 78.09
10501.79 79.54
10502.96 79.27
10504.13 80.14
10505.30 81.57
10506.46 81.28
10507.62 78.64
10508.79 77.82
10509.97 78.41
10511.14 78.71
10512.30 79.35
10513.46 79.18
10514.63 80.09
10515.79 79.54
10516.97 78.77
10518.14 78.89
10519.30 78.44
10520.46 78.72
10521.63 79.36
10522.81 79.18
10523.98 79.59
10525.14 79.30
10526.30 79.15
10527.46 79.57
10528.63 79.79
10529.80 79.89
10530.96 79.95
10532.12 79.97
10533.29 79.49
10534.46 79.24
10535.62 79.12
10536.79 78.56
10537.98 79.28
10539.14 79.64
10540.30 78.32
10541.46 78.66
10542.63 78.33
10543.81 77.17
10544.98 78.58
10546.14 78.79
10547.30 77.90
10548.46 79.45
10549.63 78.22
10550.81 77.11
10551.98 79.06
10553.14 78.03
10554.30 78.51
10555.46 79.26
10556.63 77.63
10557.81 78.81
10558.98 77.41
10560.14 78.70
10561.30 77.35
10562.46 77.18
10563.63 78.59
10564.79 79.29
10565.96 80.15
10567.13 80.57
10568.30 79.29
10569.46 79.64
10570.62 80.32
10571.79 78.16
10572.97 78.08
10574.13 78.54
10575.30 79.27
10576.46 77.64
10577.62 77.32
10578.79 79.16
10579.98 79.58
10581.14 78.29
10582.30 77.14
10583.46 79.07
10584.62 77.54
10585.79 77.27
10586.97 78.13
10588.14 79.07
10589.30 78.03
10590.46 77.02
10591.62 78.51
10592.79 79.25
10593.97 78.63
10595.14 78.81
10596.30 78.91
10597.46 78.95
10598.62 79.48
10599.79 79.24
10600.97 78.62
10602.14 79.31
10603.30 77.65
10604.46 79.33
10605.63 80.16
10606.81 78.08
10607.97 79.54
10609.14 78.27
10610.30 77.14
10611.47 77.07
10612.63 76.53
10613.81 78.27
10614.98 77.13
10616.14 76.57
10617.31 76.28
10618.48 77.14
10619.65 77.07
10620.82 77.54
10621.98 76.77
10623.15 77.88
10624.32 77.94
10625.48 77.97
10626.64 78.49
10627.82 78.24
10628.98 77.62
10630.15 78.31
10631.32 78.66
10632.49 78.33
10633.66 78.16
10634.82 78.58
10635.98 78.79
10637.14 78.90
10638.30 78.45
10639.46 78.72
10640.63 78.86
10641.79 79.93
10642.96 78.47
10644.13 78.23
10645.30 77.62
10646.46 76.81
10647.62 78.90
10648.78 79.45
10649.95 79.23
10651.12 78.11
10652.29 77.06
10653.45 76.53
10654.62 76.76
10655.78 78.88
10656.95 79.44
10658.11 77.22
10659.28 76.61
10660.45 76.81
10661.62 77.40
10662.78 76.70
10663.94 78.35
10665.11 76.68
10666.28 78.84
10667.44 80.42
10668.61 80.21
10669.78 79.60
10670.94 78.80
10672.10 77.90
10673.26 76.95
10674.42 77.48
10675.59 77.24
10676.76 78.12
10677.94 77.56
10679.10 79.28
10680.26 79.64
10681.43 78.82
10682.60 79.91
10683.76 78.95
10684.94 78.98
10686.10 77.49
10687.26 79.74
10688.43 79.37
10689.60 77.69
10690.76 79.34
10691.94 78.67
10693.10 78.84
10694.26 78.92
10695.43 78.96
10696.60 78.48
10697.76 77.74
10698.94 78.87
10700.10 78.93
10701.26 78.47
10702.43 79.23
10703.60 79.12
10704.76 79.56
10705.94 78.28
10707.10 79.14
10708.26 78.07
10709.42 79.03
10710.58 79.02
10711.74 78.01
10712.90 77.00
10714.06 78.00
10715.21 78.50
10716.37 78.25
10717.54 78.13
10718.70 77.56
10719.86 77.28
10721.03 78.14
10722.19 78.07
10723.35 78.54
10724.52 77.27
10725.69 77.13
10726.86 77.57
10728.02 79.78
10729.18 80.39
10730.35 78.70
10731.52 77.35
10732.69 76.67
10733.86 78.84
10735.02 79.42
10736.18 77.71
10737.35 79.35
10738.52 77.68
10739.69 78.84
10740.86 77.92
10742.02 77.46
10743.18 78.23
10744.35 78.11
10745.52 78.56
10746.69 79.28
10747.86 79.14
10749.02 78.07
10750.18 78.53
10751.35 78.27
10752.52 78.13
10753.69 78.07
10754.85 78.03
10756.01 78.02
10757.17 78.51
10758.34 77.75
10759.50 78.38
10760.66 79.19
10761.83 79.59
10762.99 77.80
10764.15 79.40
10765.32 79.20
10766.48 80.10
10767.64 78.05
10768.81 78.52
10769.98 79.26
10771.14 80.13
10772.31 78.07
10773.48 77.03
10774.65 76.52
10775.82 77.76
10776.98 76.88
10778.14 78.44
10779.31 78.72
10780.48 77.36
10781.65 77.68
10782.82 78.34
10783.98 79.17
10785.15 78.08
10786.31 78.54
10787.48 77.77
10788.65 77.89
10789.82 79.44
10790.98 77.72
10792.15 78.36
10793.32 77.68
10794.49 77.84
10795.65 76.92
10796.82 77.46
10797.98 78.23
10799.15 77.12
10800.33 78.06
10801.49 78.53
10802.66 77.26
10803.82 78.13
10804.99 78.07
10806.15 78.03
10807.31 78.02
10808.47 78.01
10809.63 79.50
10810.80 79.75
10811.96 79.88
10813.13 80.44
10814.30 78.72
10815.46 79.86
10816.63 77.93
10817.81 77.46
10818.98 78.73
10820.14 77.37
10821.31 76.68
10822.48 78.84
10823.64 79.92
10824.82 78.46
10825.98 78.23
10827.15 80.12
10828.32 80.06
10829.48 80.53
10830.65 78.26
10831.82 77.63
10832.98 78.32
10834.15 79.16
10835.32 78.58
10836.49 78.79
10837.65 78.89
10838.82 79.45
10839.98 79.22
10841.15 79.11
10842.32 77.56
10843.49 79.28
10844.66 79.64
10845.82 80.32
10846.99 78.16
10848.16 77.08
10849.32 78.54
10850.49 78.27
10851.66 79.63
10852.82 80.32
10853.99 79.16
10855.16 79.58
10856.33 79.79
10857.50 79.89
10858.66 78.95
10859.82 77.97
10860.99 76.99
10862.15 78.99
10863.32 79.00
10864.48 79.00
10865.63 77.50
10866.80 77.75
10867.96 77.37
10869.13 79.69
10870.30 78.34
10871.46 77.17
10872.62 77.59
10873.80 77.79
10874.96 77.90
10876.12 77.95
10877.29 78.47
10878.46 78.74
10879.62 78.87
10880.80 78.43
10881.96 77.22
10883.13 78.61
10884.30 79.30
10885.46 77.65
10886.62 79.33
10887.80 78.16
10888.96 78.58
10890.12 76.79
10891.29 76.40
10892.45 78.70
10893.61 77.85
10894.78 78.92
10895.95 78.96
10897.11 78.48
10898.28 76.74
10899.45 77.37
10900.61 78.19
10901.78 79.59
10902.95 79.30
10904.11 78.65
10905.28 78.32
10906.45 78.16
10907.62 78.58
10908.78 79.29
10909.96 79.65
10911.13 79.32
10912.30 78.66
10913.46 78.33
10914.62 78.67
10915.80 78.83
10916.96 78.92
10918.13 78.46
10919.30 78.23
10920.46 78.11
10921.63 79.06
10922.80 77.53
10923.96 76.76
10925.13 75.88
10926.30 78.94
10927.46 80.47
10928.62 78.74
10929.80 77.37
10930.96 77.68
10932.12 79.34
10933.29 79.17
10934.46 79.09
10935.62 77.54
10936.78 79.27
10937.96 77.64
10939.13 77.32
10940.30 78.16
10941.46 77.58
10942.62 76.79
10943.80 78.89
10944.96 77.95
10946.13 79.47
10947.30 77.74
10948.46 78.87
10949.63 77.93
10950.80 78.97
10951.96 79.98
10953.12 79.99
10954.29 80.50
10955.45 78.25
10956.62 77.12
10957.79 78.06
10958.95 79.03
10960.11 78.02
10961.28 78.51
10962.45 78.75
10963.62 78.38
10964.80 78.19
10965.95 78.09
10967.11 77.05
10968.27 79.02
10969.43 78.01
10970.59 78.01
10971.75 76.50
10972.92 78.75
10974.09 77.38
10975.25 77.19
10976.42 78.59
10977.58 78.80
10978.74 78.40
10979.90 78.20
10981.06 77.10
10982.22 78.55
10983.38 78.27
10984.55 77.14
10985.72 78.07
10986.88 77.03
10988.04 78.02
10989.19 77.01
10990.35 79.00
10991.50 79.00
10992.66 79.50
10993.82 79.25
10994.98 80.13
10996.15 78.06
10997.31 78.53
10998.48 79.27
10999.65 78.63
11000.82 78.82
11001.98 76.91
11003.15 76.45
11004.32 77.23
11005.49 79.11
11006.66 78.06
11007.82 79.03
11008.98 78.01
11010.14 79.01
11011.30 80.00
11012.46 77.50
11013.62 77.25
11014.79 78.63
11015.96 78.31
11017.13 77.16
11018.30 76.08
11019.46 78.04
11020.62 77.52
11021.79 79.26
11022.96 78.13
11024.13 78.06
11025.29 78.03
11026.45 76.52
11027.62 79.26
11028.80 78.63
11029.95 78.81
11031.12 79.91
11032.29 78.95
11033.46 77.48
11034.63 77.24
11035.81 78.62
11036.98 78.81
11038.14 79.90
11039.30 79.45
11040.46 77.73
11041.63 77.36
11042.82 76.68
11043.98 76.34
11045.14 78.67
11046.31 79.34
11047.48 79.17
11048.65 79.58
11049.82 77.79
11050.98 78.90
11052.15 79.45
11053.32 78.22
11054.49 78.61
11055.66 78.81
11056.82 78.90
11057.98 77.45
11059.14 78.73
11060.31 79.36
11061.48 79.68
11062.64 79.34
11063.81 79.17
11064.98 77.59
11066.14 79.29
11067.31 80.15
11068.48 77.57
11069.65 77.79
11070.82 79.39
11071.98 77.20
11073.14 77.60
11074.30 78.30
11075.46 78.65
11076.63 77.32
11077.81 77.16
11078.98 76.08
11080.14 77.54
11081.30 77.27
11082.46 76.64
11083.63 76.32
11084.82 75.66
11085.98 77.33
11087.15 77.16
11088.32 79.08
11089.48 80.04
11090.64 79.02
11091.81 80.01
11092.97 80.01
11094.14 79.00
11095.30 79.50
11096.46 79.75
11097.62 78.88
11098.80 78.94
11099.96 77.47
11101.13 78.23
11102.30 79.12
11103.46 79.56
11104.63 80.28
11105.81 79.64
11106.98 79.32
11108.14 77.66
11109.31 77.33
11110.48 78.16
11111.65 77.58
11112.82 78.29
11113.98 78.15
11115.15 77.57
11116.32 77.79
11117.49 78.39
11118.66 79.70
11119.82 79.35
11120.98 77.67
11122.15 76.84
11123.32 78.92
11124.49 79.96
11125.66 78.98
11126.82 77.49
11127.99 76.24
11129.16 77.62
11130.33 79.31
11131.50 77.16
11132.66 77.08
11133.82 78.04
11134.98 76.52
11136.15 77.26
11137.32 77.13
11138.49 79.56
11139.66 80.28
11140.82 79.64
11141.99 77.82
11143.17 76.91
11144.34 77.46
11145.50 77.23
11146.66 79.11
11147.83 79.06
11148.99 79.53
11150.16 78.26
11151.33 79.13
11152.50 79.57
11153.66 77.78
11154.83 78.89
11155.99 78.95
11157.16 77.47
11158.33 78.24
11159.50 77.62
11160.66 77.31
11161.83 78.15
11163.00 79.58
11164.15 78.79
11165.32 77.89
11166.49 78.45
11167.66 76.72
11168.82 77.86
11169.99 79.43
11171.16 77.72
11172.33 77.86
11173.50 78.43
11174.66 78.21
11175.82 78.11
11176.99 77.55
11178.16 79.28
11179.33 77.64
11180.50 78.32
11181.66 77.16
11182.83 77.58
11184.00 78.29
11185.16 78.64
11186.33 76.82
11187.50 76.41
11188.66 75.71
11189.83 77.35
11191.00 78.68
11192.15 77.34
11193.32 76.67
11194.50 76.83
11195.66 77.92
11196.82 76.96
11197.99 77.98
11199.15 77.99
11200.32 78.99
11201.48 80.00
11202.63 80.50
11203.80 80.75
11204.96 80.37
11206.13 79.19
11207.30 77.59
11208.46 76.80
11209.62 78.40
11210.78 78.70
11211.94 77.85
11213.11 78.92
11214.28 79.96
11215.44 79.48
11216.60 78.24
11217.76 78.62
11218.94 78.31
11220.11 78.66
11221.28 79.83
11222.45 79.91
11223.62 77.96
11224.80 76.98
11225.95 76.99
11227.11 78.49
11228.29 79.75
11229.46 77.87
11230.62 78.94
11231.80 79.97
11232.96 79.48
11234.12 79.24
11235.29 80.12
11236.46 78.06
11237.62 77.03
11238.79 77.02
11239.95 76.51
11241.12 78.75
11242.29 77.38
11243.46 76.69
11244.62 78.84
11245.80 79.42
11246.96 78.71
11248.13 79.36
11249.30 79.68
11250.46 77.84
11251.62 77.42
11252.80 79.21
11253.96 79.60
11255.12 77.80
11256.28 78.40
11257.44 77.20
11258.60 76.10
11259.76 77.55
11260.94 77.78
11262.10 76.89
11263.26 77.94
11264.43 78.97
11265.59 77.99
11266.75 76.99
11267.92 78.00
11269.07 79.50
11270.22 77.75
11271.39 78.37
11272.56 78.19
11273.73 79.59
11274.90 78.30
11276.06 79.65
11277.22 80.32
11278.38 77.66
11279.55 78.33
11280.72 77.67
11281.89 78.33
11283.05 78.67
11284.21 78.83
11285.38 79.92
11286.54 77.96
11287.70 78.98
11288.86 79.49
11290.02 80.24
11291.18 78.62
11292.35 79.81
11293.52 79.41
11294.69 77.70
11295.85 78.35
11297.02 79.68
11298.18 78.34
11299.34 76.67
11300.51 77.33
11301.68 78.17
11302.85 79.58
11304.01 79.29
11305.17 77.65
11306.34 77.82
11307.50 78.91
11308.66 79.46
11309.83 79.73
11311.00 79.86
11312.15 79.43
11313.32 80.22
11314.49 80.61
11315.66 77.80
11316.82 77.40
11317.98 78.20
11319.14 79.10
11320.30 80.05
11321.46 78.53
11322.62 76.76
11323.80 76.88
11324.96 75.94
11326.13 76.97
11327.30 78.99
11328.46 77.49
11329.62 78.25
11330.80 79.62
11331.96 77.81
11333.13 78.91
11334.30 77.45
11335.46 78.23
11336.62 76.61
11337.80 76.81
11338.96 78.90
11340.12 79.45
11341.29 79.73
11342.46 79.86
11343.62 77.93
11344.80 78.47
11345.96 78.73
11347.13 77.87
11348.30 76.93
11349.46 76.97
11350.62 78.48
11351.80 77.74
11352.96 78.87
11354.12 79.44
11355.29 77.72
11356.46 78.36
11357.62 77.68
11358.80 78.84
11359.96 79.42
11361.13 79.21
11362.30 79.10
11363.46 77.55
11364.62 78.28
11365.80 78.64
11366.96 78.82
11368.13 80.41
11369.30 80.20
11370.46 79.60
11371.62 79.80
11372.79 78.90
11373.94 78.95
11375.10 78.98
11376.26 78.49
11377.43 78.24
11378.60 77.12
11379.76 77.06
11380.93 77.53
11382.10 76.77
11383.26 77.88
11384.42 78.44
11385.59 77.22
11386.76 76.61
11387.94 78.31
11389.10 78.65
11390.26 78.83
11391.43 78.91
11392.60 77.96
11393.76 78.98
11394.94 78.99
11396.10 79.49
11397.26 79.25
11398.43 77.62
11399.60 77.81
11400.76 78.41
11401.94 78.70
11403.10 78.35
11404.26 78.68
11405.43 78.84
11406.60 78.92
11407.76 78.96
11408.94 78.98
11410.10 77.49
11411.26 77.24
11412.43 76.12
11413.60 75.56
11414.76 76.78
11415.94 75.89
11417.10 75.95
11418.26 77.47
11419.43 77.74
11420.60 78.37
11421.76 76.68
11422.94 77.84
11424.10 77.92
11425.26 78.96
11426.42 78.98
11427.58 79.49
11428.74 79.75
11429.92 79.87
11431.09 78.44
11432.25 76.72
11433.42 75.86
11434.58 77.93
11435.74 76.96
11436.92 77.98
11438.09 78.49
11439.25 76.75
11440.42 77.37
11441.58 76.19
11442.75 78.59
11443.92 79.80
11445.08 80.40
11446.23 79.70
11447.39 78.35
11448.56 79.17
11449.73 80.09
11450.89 78.54
11452.06 79.27
11453.22 79.64
11454.38 80.32
11455.55 80.16
11456.72 80.58
11457.89 78.79
11459.05 77.89
11460.21 79.45
11461.38 79.22
11462.54 78.11
11463.71 76.56
11464.88 77.78
11466.04 78.89
11467.20 76.44
11468.36 76.72
11469.53 75.86
11470.70 77.93
11471.86 78.97
11473.03 77.48
11474.19 78.74
11475.36 77.37
11476.53 77.19
11477.70 78.09
11478.85 79.05
11480.01 80.02
11481.16 79.51
11482.33 78.76
11483.50 79.38
11484.66 78.69
11485.82 78.84
11486.98 78.92
11488.15 77.96
11489.32 77.48
11490.49 76.24
11491.66 78.12
11492.82 78.56
11493.99 78.78
11495.15 76.89
11496.32 76.45
11497.50 76.22
11498.66 78.11
11499.83 77.56
11501.00 76.28
11502.15 78.64
11503.32 78.82
11504.49 79.41
11505.66 77.20
11506.82 78.10
11507.98 77.55
11509.15 78.28
11510.32 76.64
11511.49 77.82
11512.66 76.91
11513.82 75.95
11514.99 75.48
11516.16 77.74
11517.33 76.37
11518.50 76.68
11519.66 75.84
11520.82 77.42
11521.99 76.21
11523.16 78.11
11524.33 77.05
11525.49 78.53
11526.66 77.76
11527.82 79.38
11528.99 79.19
11530.15 79.10
11531.32 77.55
11532.49 76.77
11533.66 77.89
11534.82 78.44
11535.99 77.72
11537.16 77.86
11538.33 77.93
11539.50 78.97
11540.66 79.48
11541.82 78.24
11542.99 79.62
11544.16 77.31
11545.33 77.16
11546.50 78.58
11547.66 79.29
11548.83 78.14
11550.00 78.07
11551.15 76.54
11552.32 76.77
11553.49 78.88
11554.65 79.94
11555.82 79.97
11556.98 79.49
11558.15 79.24
11559.32 77.62
11560.49 76.31
11561.66 78.16
11562.82 78.58
11563.99 77.79
11565.15 77.39
11566.32 76.70
11567.48 77.85
11568.64 78.92
11569.81 79.96
11570.98 78.98
11572.14 78.49
11573.31 79.75
11574.48 77.87
11575.64 78.94
11576.81 78.97
11577.98 79.98
11579.14 78.49
11580.30 77.75
11581.46 76.87
11582.63 76.44
11583.80 78.72
11584.96 76.86
11586.13 78.93
11587.30 77.96
11588.46 77.48
11589.63 76.74
11590.79 76.87
11591.95 76.94
11593.12 78.97
11594.29 77.48
11595.46 78.24
11596.62 79.62
11597.79 78.31
11598.97 77.66
11600.14 78.83
11601.30 79.41
11602.46 78.21
11603.63 79.10
11604.79 77.55
11605.95 76.78
11607.12 78.39
11608.29 78.19
11609.46 79.10
11610.62 79.55
11611.79 79.27
11612.95 77.64
11614.12 77.32
11615.29 76.66
11616.46 76.33
11617.62 76.66
11618.79 75.83
11619.96 77.42
11621.13 76.71
11622.30 76.85
11623.46 77.43
11624.62 77.71
11625.79 76.86
11626.96 76.43
11628.13 75.71
11629.30 78.86
11630.46 78.43
11631.62 78.21
11632.79 79.11
11633.96 80.05
11635.12 79.53
11636.29 77.76
11637.46 77.38
11638.62 78.19
11639.80 76.60
11640.95 76.30
11642.11 75.65
11643.28 75.32
11644.45 76.16
11645.62 78.08
11646.79 77.04
11647.94 78.52
11649.11 78.76
11650.28 79.38
11651.45 79.69
11652.61 79.35
11653.79 77.17
11654.95 78.59
11656.12 77.79
11657.29 77.40
11658.45 77.20
11659.61 79.10
11660.78 79.55
11661.94 80.27
11663.11 79.14
11664.28 78.07
11665.44 77.53
11666.61 77.27
11667.79 77.13
11668.95 78.57
11670.12 79.28
11671.29 79.14
11672.46 79.57
11673.62 79.79
11674.79 77.39
11675.96 76.70
11677.12 77.85
11678.29 78.92
11679.46 79.46
11680.62 78.73
11681.80 78.37
11682.96 77.68
11684.12 78.84
11685.29 79.42
11686.46 78.21
11687.62 79.61
11688.79 79.80
11689.95 79.90
11691.11 77.45
11692.28 76.73
11693.45 77.36
11694.62 77.18
11695.79 76.09
11696.94 78.05
11698.10 78.52
11699.26 78.76
11700.43 77.88
11701.59 76.94
11702.75 76.97
11703.93 76.99
11705.10 76.49
11706.26 75.75
11707.42 75.37
11708.59 77.19
11709.77 77.09
11710.93 77.55
11712.10 77.77
11713.26 78.39
11714.42 78.19
11715.59 78.10
11716.75 78.55
11717.93 78.27
11719.10 78.64
11720.26 78.32
11721.42 78.16
11722.59 78.08
11723.75 78.54
11724.94 78.77
11726.10 78.88
11727.26 77.94
11728.43 78.47
11729.60 78.74
11730.77 78.37
11731.94 78.68
11733.10 77.84
11734.26 78.42
11735.43 78.21
11736.60 78.11
11737.78 78.05
11738.94 77.53
11740.10 77.76
11741.26 78.38
11742.43 78.69
11743.60 78.35
11744.78 78.67
11745.94 77.84
11747.11 78.42
11748.28 77.21
11749.45 78.10
11750.61 78.05
11751.78 78.03
11752.94 78.51
11754.10 78.76
11755.26 78.38
11756.43 78.69
11757.60 78.84
11758.77 78.92
11759.94 77.96
11761.10 77.98
11762.26 78.49
11763.42 78.25
11764.59 78.62
11765.78 78.81
11766.94 78.91
11768.11 78.95
11769.28 77.98
11770.45 78.49
11771.62 77.74
11772.78 77.87
11773.96 77.94
11775.13 78.47
11776.30 78.23
11777.46 78.62
11778.62 78.81
11779.79 78.40
11780.95 78.20
11782.11 78.60
11783.27 78.30
11784.43 78.15
11785.60 78.58
11786.77 78.29
11787.94 78.14
11789.10 79.57
11790.26 79.79
11791.43 78.89
11792.60 77.95
11793.77 77.97
11794.94 78.49
11796.10 78.24
11797.26 78.62
11798.43 77.31
11799.60 78.16
11800.78 78.08
11801.94 78.04
11803.10 78.52
11804.26 78.26
11805.42 77.63
11806.59 77.81
11807.77 78.41
11808.94 77.20
11810.10 77.10
11811.26 78.05
11812.42 78.53
11813.58 78.76
11814.74 78.38
11815.93 78.19
11817.10 78.10
11818.26 77.05
11819.42 78.02
11820.58 78.51
11821.74 78.26
11822.92 78.63
11824.09 78.81
11825.25 78.41
11826.42 78.20
11827.58 78.60
11828.74 78.80
11829.90 78.90
11831.06 78.45
11832.22 78.73
11833.39 78.86
11834.55 78.43
11835.72 78.72
11836.90 78.86
11838.06 78.43
11839.22 78.71
11840.38 78.36
11841.55 78.68
11842.71 78.34
11843.88 78.67
11845.04 78.83
11846.20 78.92
11847.36 78.46
11848.53 78.23
11849.70 77.61
11850.86 77.31
11852.02 77.65
11853.18 77.83
11854.35 78.41
11855.52 78.21
11856.69 78.10
11857.85 78.55
11859.02 79.78
11860.18 78.89
11861.34 78.44
11862.51 78.22
11863.68 78.11
11864.85 78.06
11866.01 78.03
11867.17 77.51
11868.34 78.76
11869.50 77.88
11870.66 78.44
11871.83 78.72
11873.00 77.86
11874.15 77.43
11875.33 78.21
11876.50 78.11
11877.66 78.05
11878.82 78.53
11879.99 78.76
11881.15 77.88
11882.32 77.94
11883.49 78.47
11884.66 78.74
11885.82 78.87
11886.99 78.93
11888.16 78.97
11889.33 79.48
11890.50 79.24
11891.66 78.62
11892.82 78.81
11893.99 77.91
11895.16 78.45
11896.33 78.73
11897.50 78.36
11898.66 77.18
11899.82 78.09
11900.98 78.05
11902.14 77.52
11903.31 78.26
11904.48 78.63
11905.65 78.82
11906.82 78.41
11907.98 78.70
11909.14 78.35
11910.31 78.68
11911.48 78.34
11912.65 78.67
11913.82 78.33
11914.98 78.17
11916.15 78.58
11917.32 78.79
11918.49 77.90
11919.65 77.95
11920.82 78.47
11921.98 78.24
11923.15 78.62
11924.32 78.31
11925.50 77.65
11926.66 76.83
11927.82 77.91
11928.99 76.96
11930.16 77.48
11931.33 77.24
11932.50 77.12
11933.66 77.56
11934.84 77.78
11936.01 78.39
11937.17 78.69
11938.34 78.85
11939.50 78.42
11940.66 78.71
11941.83 77.86
11943.00 78.43
11944.15 77.71
11945.32 77.86
11946.49 77.93
11947.66 77.96
11948.82 78.48
11949.98 78.74
11951.15 78.37
11952.32 77.69
11953.49 77.84
11954.66 77.92
11955.82 78.46
11956.99 79.23
11958.16 79.62
11959.33 78.81
11960.50 78.40
11961.66 78.70
11962.82 78.35
11963.98 77.68
11965.15 78.34
11966.32 78.17
11967.50 78.58
11968.66 79.29
11969.82 78.15
11970.99 77.07
11972.15 77.04
11973.31 78.02
11974.47 78.01
11975.63 78.50
11976.79 78.25
11977.96 78.13
11979.13 77.56
11980.30 78.28
11981.46 78.14
11982.62 78.57
11983.79 78.29
11984.96 78.14
11986.13 77.57
11987.30 78.29
11988.46 77.64
11989.63 78.32
11990.80 77.16
11991.96 78.08
11993.12 78.54
11994.29 78.27
11995.46 78.14
11996.63 78.07
11997.79 78.53
11998.96 79.27
12000.13 79.13
12001.30 78.57
12002.46 78.78
12003.62 78.39
12004.79 78.70
12005.95 77.85
12007.12 78.42
12008.29 78.21
12009.46 78.61
12010.63 78.30
12011.79 78.15
12012.96 78.58
12014.13 78.79
12015.30 78.39
12016.46 78.20
12017.62 78.10
12018.78 77.05
12019.94 77.52
12021.11 78.26
12022.28 78.13
12023.45 78.57
12024.62 78.28
12025.78 78.14
12026.95 78.57
12028.12 78.79
12029.29 78.89
12030.45 79.45
12031.62 79.22
12032.78 78.61
12033.95 78.81
12035.12 78.90
12036.28 78.45
12037.45 78.73
12038.62 78.86
12039.78 78.43
12040.95 78.72
12042.12 77.86
12043.29 77.93
12044.46 77.96
12045.62 77.48
12046.79 77.74
12047.95 78.37
12049.12 78.19
12050.29 78.59
12051.46 77.80
12052.62 77.90
12053.78 77.95
12054.94 77.97
12056.10 78.49
12057.26 78.24
12058.43 78.62
12059.60 78.31
12060.77 78.66
12061.94 78.33
12063.10 78.16
12064.26 78.08
12065.42 78.04
12066.58 77.52
12067.76 77.76
12068.93 77.88
12070.09 78.44
12071.25 78.72
12072.42 78.36
12073.58 78.18
12074.76 78.09
12075.92 78.04
12077.08 78.02
12078.23 77.01
12079.39 77.51
12080.56 78.25
12081.73 78.13
12082.90 78.06
12084.06 78.03
12085.22 77.52
12086.39 78.26
12087.56 78.63
12088.73 77.81
12089.90 77.41
12091.06 78.70
12092.22 78.35
12093.38 78.68
12094.55 78.84
12095.72 78.42
12096.90 77.71
12098.06 76.85
12099.22 77.93
12100.38 77.96
12101.54 78.48
12102.70 78.24
12103.86 78.62
12105.03 78.31
12106.19 77.66
12107.36 77.83
12108.53 76.91
12109.70 76.96
12110.86 77.98
12112.02 77.49
12113.18 78.24
12114.35 78.62
12115.52 78.31
12116.69 78.16
12117.86 77.58
12119.03 77.29
12120.19 77.14
12121.36 78.07
12122.52 78.04
12123.68 78.02
12124.84 78.51
12126.01 78.75
12127.17 78.38
12128.34 78.69
12129.50 77.84
12130.66 78.42
12131.83 78.71
12133.00 78.86
12134.15 78.93
12135.32 78.46
