0.0 0.419308522128
1.12 0.146122666802
2.25 0.13595761172
3.37 0.32274049885
4.5 0.288433437949
5.63 0.588302562865
6.75 0.675976162946
7.87 0.782709241306
9.0 0.327823026391
10.13 0.481569484505
11.24 0.176617832048
12.37 0.406602203276
13.49 0.393895884423
14.62 0.387542724997
15.74 0.129604452294
16.86 0.191865414671
17.99 0.414225994587
19.11 0.588302562865
20.24 0.357047559751
21.37 0.623880255651
22.5 0.756025971716
23.63 0.823369461633
24.75 0.665811107864
25.87 0.26937395967
27.0 0.0711553855732
28.13 0.16264088131
29.24 0.335446817702
30.37 0.231255003113
31.49 0.306222284342
32.62 0.533665391799
33.74 0.457427478685
34.86 0.355776927866
35.98 0.177888463933
37.1 0.533665391799
38.22 0.648022261471
39.34 0.387542724997
40.46 0.575596244012
41.59 0.350694400325
42.72 0.111815605901
43.84 0.500628962783
44.97 0.440909264177
46.1 0.602279513602
47.23 0.237608162539
48.35 0.499358330898
49.47 0.377377669915
50.6 0.315116707539
51.73 0.602279513602
52.85 0.301139756801
53.98 0.468863165652
55.11 0.424391049669
56.23 0.40279030762
57.36 0.583220035324
58.49 0.418037890243
59.62 0.336717449588
60.75 0.294786597375
61.87 0.465051269997
63.0 0.232525634998
64.13 0.498087699013
65.25 0.630233415077
66.38 0.251585113277
67.51 0.443450527948
68.63 0.284621542293
69.75 0.587031930979
70.88 0.229984371228
72.01 0.179159095818
73.14 0.406602203276
74.26 0.393895884423
75.39 0.514605913521
76.51 0.702659432536
77.63 0.731883965896
78.75 0.493005171472
79.88 0.182970991474
81.01 0.53620665557
82.14 0.204571733523
83.26 0.0393895884423
84.39 -0.0444721159833
85.52 0.29605722926
86.65 0.274456487211
87.78 0.518417809177
88.9 0.576866875897
90.03 0.224901843687
91.15 0.494275803357
92.27 0.37356577426
93.39 0.18678288713
94.52 0.157558353769
95.65 0.205842365408
96.78 0.420579154013
97.91 0.273185855326
99.03 0.264291432129
100.15 0.513335281636
101.27 0.637857206389
102.39 0.700118168765
103.52 0.603550145487
104.65 0.683599954257
105.78 0.7229895427
106.91 0.742049020978
108.03 0.688682481798
109.15 0.280809646637
110.27 0.204571733523
111.4 0.864029681961
112.53 15.2984078982
113.69 30.3299831006
114.85 40.2599712837
116.02 43.7008424289
117.2 42.3069592508
118.37 38.6246680474
119.53 33.7340059211
120.7 30.2092730715
121.88 36.8953380516
123.05 44.6868527719
124.23 49.9155029796
125.4 51.8316158626
126.57 49.8036873737
127.73 45.549611822
128.9 40.1824627387
130.08 34.6399664553
131.25 35.6806139693
132.43 42.8723904398
133.6 48.881208625
134.76 52.3309741935
135.93 52.21407606
137.1 48.7236502713
138.27 43.7389613855
139.45 38.1342041397
140.62 33.6158371558
141.79 39.0439765695
142.96 46.0781946862
144.12 51.1200620068
145.29 53.1327429131
146.47 51.0895668416
147.64 46.8913990928
148.81 41.4886723167
149.97 35.9919187812
151.14 35.7848057839
152.31 42.7974231585
153.49 48.7808287061
154.66 52.5342752951
155.83 52.6333845822
157.0 49.4415572864
158.17 44.6068029631
159.33 39.1392739609
160.49 34.1177367505
161.67 38.5967141459
162.84 45.8545634744
164.0 51.0717779952
165.17 53.4262588785
166.34 51.6804106682
167.52 47.6321774819
168.69 42.3031473552
169.85 36.7809811819
171.03 35.4163225372
172.21 42.1684603753
173.37 48.4657119986
174.54 52.568582356
175.72 53.1581555508
176.89 50.0857676523
178.07 45.3094623956
179.24 39.9346895211
180.41 34.4531835682
181.59 38.1913825746
182.76 45.3984066276
183.93 50.6524694731
185.09 53.343667806
186.26 52.0844716077
187.44 48.0248027344
188.61 42.6906900802
189.78 37.3553067941
190.95 35.1317009949
192.12 41.6449600386
193.29 48.140430236
194.46 52.469473069
195.63 53.3627272843
196.79 50.5050761744
197.96 45.836774628
199.13 40.4531073303
200.29 35.0300504441
201.47 37.7174368814
202.64 44.906672088
203.81 50.4072375192
204.97 53.3487503335
206.14 52.4046708428
207.31 48.5648212856
208.49 43.3425242373
209.66 37.9347149337
210.83 34.533233377
212.0 40.6462433768
213.17 47.4504771223
214.33 52.0603296019
215.5 53.3487503335
216.67 51.006975769
217.84 46.5966124954
219.01 41.087152641
220.19 35.6640957548
221.36 37.2091841273
222.53 44.2713561454
223.69 50.0260479536
224.86 53.1568849189
226.03 52.690563017
227.21 49.0895922542
228.37 43.9854639712
229.55 38.4467795835
230.72 34.2168460375
231.89 39.8533690804
233.07 46.8634451913
234.24 51.7668136364
235.41 53.3296908553
236.59 51.1238739025
237.77 46.9091879392
238.94 41.4340351457
240.11 35.9639648797
241.28 36.5967395586
242.45 43.711007484
243.62 49.4923825618
244.8 52.9535838172
245.97 52.8430388432
247.13 49.3564249501
248.29 44.3730066962
249.47 38.895312639
250.65 34.3769456551
251.82 39.5522293236
252.99 46.4593842518
254.16 51.3741883839
255.33 53.3868692901
256.49 51.5342880014
257.66 47.3678860497
258.84 41.9168752621
260.01 36.4607819469
261.17 36.0186020508
262.34 42.914321292
263.52 49.0934041499
264.69 52.8176262055
265.85 53.0285510985
267.03 49.8303706433
268.21 44.8647412358
269.37 39.3946709699
270.53 34.3096021652
271.69 38.6284799431
272.86 45.8075500947
274.04 51.0476359894
275.22 53.4148231916
276.39 51.8023913292
277.56 47.818960369
278.73 42.5877688975
279.9 36.9868235474
281.08 35.5192437199
282.26 42.4098804335
283.43 48.7147558481
284.59 52.8188968374
285.77 53.2204165131
286.94 50.1162628175
288.12 45.3882415725
289.29 39.8482865529
290.47 34.6628378293
291.64 38.4874398038
292.81 45.6093315206
293.97 50.8227341457
295.14 53.4288001423
296.31 52.1899340542
297.48 48.2674934245
298.65 42.9397339297
299.82 37.4798287188
300.99 32.3350402155
302.16 28.111459829
303.32 24.3478481849
304.49 21.1954104776
305.66 18.6033214317
306.83 16.4800955515
307.99 14.847333579
309.15 13.396271966
310.31 11.9706229908
311.48 10.750816381
312.65 9.9490476614
313.81 9.23114064624
314.98 8.36456970051
316.15 7.61235562445
317.31 7.23751921831
318.47 6.79533932224
319.64 6.19305980864
320.81 5.82838845758
321.97 5.3277594948
323.13 4.95165245677
324.28 4.82585990013
325.45 4.44594096644
326.62 4.3201484098
327.77 4.06602203276
328.92 4.0024904385
330.08 3.84366145284
331.25 3.76361164407
332.42 3.40656408432
333.59 3.22867562039
334.75 3.01139756801
335.87 3.03045704629
337.0 3.04062210137
338.13 2.72677602572
339.24 2.69755149236
340.37 2.74710613588
341.5 2.70771654744
342.63 2.68738643728
343.75 2.42436563703
344.87 2.29221992097
345.99 2.35321025146
347.12 2.32017382244
348.25 2.24012401367
349.38 2.13593219908
350.51 2.14863851793
351.63 1.89959466843
352.75 1.77634337556
353.88 1.84114560171
355.01 1.80937980458
356.14 1.73060062769
357.26 1.69121103925
358.39 1.67215156097
359.52 1.66198650589
360.64 1.65690397835
361.76 1.65436271458
362.88 1.58956048843
364.01 1.62005565368
365.13 1.50951067966
366.24 1.51713447097
367.36 1.45741477237
368.49 1.42691960712
369.62 1.41294265638
370.75 1.59591364786
371.87 1.43327276655
373.0 1.41548392015
374.13 1.47012109122
375.25 1.30620957802
376.38 1.41548392015
377.51 1.3430579027
378.63 1.37101180417
379.75 1.2566549345
380.88 1.26427872581
382.01 1.26681998958
383.14 1.20582965909
384.26 1.30112705048
385.39 1.2223478736
386.51 1.24648987942
387.64 1.38625938679
388.77 1.32781032007
389.89 1.2998564186
391.02 1.34814043024
392.15 1.24648987942
393.27 1.19439397212
394.39 1.16898133442
395.51 1.21980660983
396.63 1.18168765327
397.75 1.16262817499
398.88 1.15373375179
400.0 1.08511962999
401.13 1.05081256909
402.25 1.09655531696
403.38 0.930102539993
404.51 1.22743040114
405.63 1.24903114319
406.75 1.13213300975
407.88 1.01142298065
409.01 0.950432650157
410.14 0.919937484911
411.27 0.96822149655
412.39 0.99236350237
413.52 0.74967281229
414.64 0.883089160239
415.77 1.01396424442
416.9 0.951703282042
418.03 0.792874296388
419.15 0.96822149655
420.27 0.99236350237
421.39 0.878006632698
422.52 0.883089160239
423.65 0.759837867371
424.78 0.824640093519
425.91 0.856405890649
427.03 0.872924105157
428.15 0.75475533983
429.27 0.758567235486
430.4 0.823369461633
431.53 0.919937484911
432.65 0.96822149655
433.78 0.801768719584
434.91 0.782709241306
436.05 0.836075780486
437.17 0.926290644337
438.29 0.716636383273
439.42 0.612444568684
440.55 0.560348661389
441.67 0.661999212208
442.8 0.711553855732
443.92 0.800498087699
445.05 0.844970203682
446.18 0.677246794831
447.31 0.655646052782
448.43 0.6454809977
449.55 0.767461658683
450.67 0.764920394912
451.79 0.700118168765
452.92 0.604820777373
454.06 0.683599954257
455.19 0.7229895427
456.31 0.742049020978
457.43 0.879277264584
458.55 0.820828197863
459.68 0.728072070241
460.81 0.61879772811
461.94 0.689953113683
463.07 0.726801438355
464.19 0.681058690487
465.31 0.658187316553
466.44 0.837346412371
467.57 0.926290644337
468.7 0.908501797944
469.83 0.707741960077
470.95 0.862759050076
472.07 0.811933774666
473.2 0.660728580323
474.32 0.584490667209
475.44 0.800498087699
476.57 0.844970203682
477.7 0.930102539993
478.83 0.782709241306
479.95 0.709012591962
481.08 0.735695861552
482.21 0.686141218028
483.33 0.724260174585
484.44 0.61625646434
485.57 0.561619293275
486.7 0.598467617946
487.83 0.553995501963
488.95 0.531124128029
490.08 0.837346412371
491.21 0.67216426729
492.33 0.590843826635
493.45 0.675976162946
494.58 0.59211445852
495.71 0.740778389093
496.83 0.625150887536
497.95 0.630233415077
499.08 0.759837867371
500.21 0.697576904995
501.33 0.602279513602
502.45 0.809392510896
503.58 2.12068461646
504.71 16.3072896151
505.88 27.7213758402
507.06 31.9678276007
508.24 31.6755822671
509.41 28.9894664617
510.59 25.6121269107
511.77 31.8026454556
512.93 41.0591987395
514.1 47.7211217138
515.27 50.9891869227
516.45 50.144216719
517.62 46.4822556257
518.79 41.3476321775
519.97 35.8585024333
521.14 34.1927040317
522.3 40.920699864
523.47 47.4619128092
524.65 51.8112857524
525.81 52.779507249
526.98 49.8964435014
528.16 45.1519040419
529.33 39.7288471557
530.49 34.4137939797
531.66 37.5370071537
532.83 44.7529256299
534.0 50.1391341914
535.17 53.0234685709
536.33 52.0514351787
537.49 48.3894740855
538.67 43.2535800053
539.85 37.7644502611
541.02 34.5738935973
542.2 40.920699864
543.36 47.5254444035
544.53 52.0971779266
545.69 53.2407466233
546.86 50.7617438152
548.03 46.2192348255
549.21 40.7720359335
550.37 35.3794742125
551.55 37.3209997332
552.73 44.3272639484
553.89 49.9904702609
555.07 53.266159261
556.25 52.5546054053
557.42 48.8303833496
558.59 43.6652647362
559.76 38.2879505978
560.93 34.4544542001
562.1 40.2891958171
563.26 47.2090570641
564.43 51.9396195728
565.6 53.4160938235
566.77 51.1670753866
567.94 46.6766623042
569.12 41.253605418
570.29 35.8114890535
571.46 36.7746280225
572.64 43.799951716
573.81 49.5991156402
574.98 53.1352841768
576.15 52.8061905185
577.32 49.3373654718
578.49 44.3005806788
579.66 38.8584643143
580.83 34.2320936202
582.0 39.670398089
583.18 46.7719596956
584.35 51.6575392943
585.52 53.5927116555
586.69 51.5736775899
587.85 47.1963507452
589.02 41.7046797372
590.2 36.2905172742
591.37 36.2523983177
592.55 43.1570119821
593.72 49.2789164051
594.88 52.9103823331
596.06 52.9485012897
597.24 49.5991156402
598.41 44.7491137343
599.59 39.2739609408
600.76 34.2486118347
601.93 39.1062375319
603.09 46.3640868604
604.26 51.3259043722
605.43 53.5533220671
606.6 51.6816813001
607.77 47.5051142933
608.94 42.1760841667
610.11 36.7809811819
611.28 35.861043697
612.45 42.7084789266
613.63 48.7998881844
614.79 52.7985667272
615.96 53.0819176376
617.13 50.0476486957
618.29 45.2904029174
619.46 39.7987319094
620.64 34.4481010406
621.81 38.4442383197
622.99 45.714793967
624.15 50.874830053
625.32 53.3271495915
626.49 51.8862530336
627.67 47.9879544097
628.84 42.736432828
630.01 37.2511149795
631.2 35.4607946532
632.36 41.9994663346
633.53 48.3818502942
634.7 52.5901830981
635.87 53.2953837944
637.05 50.4720397454
638.22 45.7567248193
639.39 40.223122959
640.57 34.9144229425
641.73 38.1685112006
642.9 45.3857003088
644.07 50.6473869455
645.23 53.4681897308
646.4 52.4008589472
647.57 48.5000190595
648.73 43.3094878083
649.9 37.854665125
651.07 34.8102311279
652.24 41.0388686294
653.41 47.774488253
654.57 52.159438889
655.74 53.3983049771
656.92 50.7769913978
658.09 46.2903902111
659.26 40.8076136263
660.44 35.3972630589
661.61 37.4569573449
662.78 44.5852022211
663.95 50.1836063074
665.12 53.3627272843
666.29 52.6664210112
667.46 48.9498227469
668.64 43.9155792175
669.81 38.2854093341
670.99 34.4544542001
672.17 40.5433221941
673.33 47.3996518469
674.49 51.9078537757
675.66 53.399575609
676.83 51.1594515953
678.0 46.6715797766
679.18 41.2523347861
680.35 35.8737500159
681.53 36.9957179705
682.69 43.9740282843
683.85 49.6867892403
685.02 53.1149540667
686.2 52.8595570577
687.36 49.3653193733
688.53 44.3132869976
689.7 38.7390249171
690.87 34.1723739216
692.05 39.5128397352
693.22 46.6931805187
694.38 51.4910865173
695.55 53.3817867626
696.73 51.5317467377
697.89 47.1760206351
699.07 41.8851094649
700.24 36.5077953266
701.41 36.4239336222
702.58 43.3704781388
703.76 49.3856494835
704.93 52.9002172781
706.1 52.9434187622
707.27 48.6436004625
708.44 42.9371926659
709.61 37.0973685214
710.78 31.8903190557
711.95 27.5079096835
713.11 23.8548430134
714.28 20.8853762976
715.45 18.4483043417
716.62 16.4025870065
717.78 14.5550882454
718.95 13.1218154788
720.11 11.9617285676
721.28 10.6822022592
722.44 9.72414581772
723.62 8.80166706903
724.79 8.21209387428
725.95 7.66445153175
727.12 7.00880547896
728.29 6.61745085831
729.45 6.29471035946
730.62 5.94274532725
731.79 5.51200111816
732.96 5.0431379525
734.13 4.74581009136
735.29 4.65940712316
736.46 4.49041308243
737.63 4.15115436907
738.79 3.85382650792
739.95 3.70643320923
741.12 3.50440273948
742.28 3.34049122629
743.45 3.13210759711
744.58 3.02664515063
745.71 3.0380808376
746.83 2.85383921424
747.95 2.6340198981
749.08 2.52347492408
750.21 2.46883775301
751.33 2.3150912949
752.46 2.55524072121
753.59 2.35702214711
754.71 2.32271508621
755.84 2.11433145703
756.97 2.13720283097
758.1 2.02157532941
759.23 1.96312626269
760.35 1.99870395548
761.49 1.8246273872
762.61 1.738224419
763.74 1.88561771769
764.87 1.83225117851
765.99 1.74203631466
767.12 1.76109579294
768.25 1.89705340466
769.38 1.71027051753
770.51 1.61751438991
771.63 1.82589801908
772.76 1.92881920179
773.88 1.72678873204
775.01 1.49934562458
776.13 1.51205194343
777.24 1.51840510286
778.37 1.52094636663
779.5 1.5234876304
780.63 1.5234876304
781.75 1.52475826228
782.87 1.52475826228
783.99 1.3341634795
785.11 1.23886608811
786.23 1.19058207647
787.35 1.23124229679
788.48 1.18677018081
789.61 1.35576422155
790.74 1.44089655786
791.87 1.29223262729
792.99 1.34432853458
794.12 1.24394861565
795.25 1.13086237786
796.38 1.20074713155
797.51 1.29858578671
798.63 1.15754564745
799.76 1.34178727081
800.89 1.24267798376
802.02 1.12959174598
803.15 1.1359449054
804.27 1.33035158384
805.39 1.42819023901
806.52 1.41294265638
807.65 1.21472408229
808.78 1.05208320098
809.91 1.28842073163
811.04 1.08893152565
812.17 1.11561479524
813.29 1.19312334024
814.42 1.10544974016
815.55 0.997446029911
816.67 1.06987204737
817.81 0.916125589256
818.93 0.966950864665
820.06 0.927561276223
821.18 0.908501797944
822.3 0.772544186224
823.43 0.830993252945
824.55 0.733154597781
825.68 0.937726331305
826.81 0.850052731223
827.94 0.743319652863
829.07 0.879277264584
830.19 0.757296603601
831.31 0.823369461633
832.44 0.983469079173
833.57 0.936455699419
834.7 0.913584325485
835.83 0.900878006633
836.95 0.959327073354
838.07 0.796686192043
839.2 0.907231166059
840.32 0.8348051486
841.45 0.734425229667
842.58 0.875465368928
843.71 0.946620754501
844.83 0.790333032617
845.95 0.839887676141
847.08 0.928831908108
848.21 0.78143860942
849.33 0.709012591962
850.45 0.67216426729
851.58 0.716636383273
852.71 0.866570945731
853.83 0.750943444175
854.95 0.884359792125
856.08 0.950432650157
857.21 0.792874296388
858.33 0.904689902288
859.46 0.706471328192
860.59 0.86148841819
861.71 0.748402180404
862.84 0.881818528354
863.97 0.949162018272
865.1 0.856405890649
866.23 0.936455699419
867.35 0.975845287862
868.48 0.742049020978
869.61 0.879277264584
870.74 0.693765009339
871.87 0.728072070241
872.99 0.745860916634
874.13 0.880547896469
875.23 0.758567235486
876.35 0.632774678848
877.48 0.634045310733
878.61 0.635315942618
879.73 0.635315942618
880.84 0.69884753688
881.96 0.857676522535
883.09 0.682329322372
884.22 0.659457948438
885.34 0.710283223847
886.47 0.609903304914
887.59 0.622609623766
888.71 0.819557565978
889.84 0.790333032617
890.97 0.649292893356
892.1 0.64293973393
893.22 0.575596244012
894.34 0.668352371634
895.47 0.715365751388
896.59 0.739507757208
897.72 0.814475038437
898.85 0.724260174585
899.97 0.806851247125
901.1 0.9123136936
902.23 0.900878006633
903.35 0.703930064421
904.47 0.66962300352
905.6 0.716636383273
906.73 0.675976162946
907.86 0.909772429829
908.99 0.899607374747
910.11 0.767461658683
911.23 0.891983583436
912.35 0.954244545813
913.47 1.11180289958
914.61 13.2628556181
915.77 26.0720956532
916.95 31.8407644121
918.12 32.5027636244
919.29 30.2283325498
920.45 26.8675112133
921.63 29.8242716103
922.8 39.0541416246
923.97 46.2103404023
925.14 50.6778821108
926.31 50.9421735429
927.48 47.7706763574
928.65 42.8177532687
929.81 37.3553067941
930.98 32.9728974219
932.15 38.4683803255
933.32 45.8532928425
934.49 51.0082464009
935.66 53.0133035158
936.84 51.029847143
938.01 46.6703091447
939.19 41.3781273427
940.36 35.8102184216
941.53 36.0109782595
942.7 43.0375725848
943.88 49.0273312919
945.05 52.6587972199
946.23 52.6308433184
947.4 49.3780256922
948.57 44.4467033456
949.74 38.9321609636
950.91 34.0148155678
952.09 38.9258078042
953.26 46.0197456195
954.44 51.0908374735
955.61 53.244558519
956.77 51.5901958044
957.94 47.3958399512
959.11 42.1862492217
960.29 36.5941982948
961.45 35.7047559751
962.61 42.5661681554
963.77 48.8557959873
964.93 52.6994574402
966.09 53.1606968145
967.26 50.0870382841
968.44 45.2459308014
969.61 39.8406627616
970.78 34.5319627451
971.95 38.2955743891
973.12 45.5127634973
974.28 50.8379817283
975.45 53.3093607451
976.62 52.0031511671
977.79 48.1747372969
978.97 42.8291889557
980.13 37.3603893216
981.29 35.008449702
982.46 41.6462306705
983.63 48.1417008678
984.79 52.3424098804
985.96 53.3627272843
987.13 50.5686077686
988.29 45.9320720194
989.46 40.5013913419
990.64 35.2435166008
991.81 37.7619089973
992.98 44.8647412358
994.14 50.3869074091
995.31 53.3373146466
996.48 52.4631199095
997.65 48.7211090075
998.82 43.5470959708
999.99 38.164699305
1001.17 34.5840586524
1002.33 40.6716560145
1003.49 47.3373908845
1004.67 52.0666827613
1005.84 53.543157012
1007.01 51.1035437923
1008.19 46.5178333185
1009.35 41.1748262411
1010.52 35.7072972389
1011.69 36.9766584923
1012.85 44.0286654553
1014.04 49.7770041041
1015.21 53.2242284088
1016.37 52.8506626345
1017.54 49.2331736573
1018.72 44.2472141396
1019.89 38.7059884881
1021.06 34.2829188956
1022.24 39.8216032833
1023.41 46.7846660144
1024.57 51.6003608595
1025.74 53.3728923394
1026.91 51.2738084649
1028.09 47.0464161828
1029.26 41.5661808617
1030.44 36.0313083697
1031.61 36.5662443933
1032.78 43.6322283071
1033.95 49.5800561619
1035.12 52.9980559332
1036.29 52.9917027738
1037.45 49.557184788
1038.62 44.6004498037
1039.79 39.0732011029
1040.97 34.21176351
1042.13 39.2790434683
1043.29 46.2586244139
1044.46 51.4008716535
1045.63 53.5914410236
1046.81 51.826533335
1047.97 47.7046034993
1049.14 42.2129324913
1050.31 36.7987700283
1051.49 35.9982719406
1052.66 42.8393540107
1053.84 48.9294926367
1055.0 52.7998373591
1056.18 53.1467198638
1057.35 49.9523513043
1058.53 45.1163263491
1059.69 39.5839951208
1060.86 34.4684311508
1062.05 38.70725912
1063.22 45.8469396831
1064.39 51.0679660995
1065.56 53.4237176148
1066.73 51.871005451
1067.89 47.9167990242
1069.07 42.5102603525
1070.24 37.0109655532
1071.41 35.341355256
1072.59 42.193873013
1073.76 48.605481506
1074.92 52.701998704
1076.09 53.2242284088
1077.26 50.3093988641
1078.44 45.6754043786
1079.61 40.1824627387
1080.79 34.7670296438
1081.97 38.2854093341
1083.14 45.5076809697
1084.31 50.7719088703
1085.48 53.4669190989
1086.65 52.2725251267
1087.82 48.2458926824
1088.99 42.9282982427
1090.17 37.4099439651
1091.33 35.0961233021
1092.5 41.563639598
1093.68 48.0362384214
1094.84 52.4809087559
1096.01 53.4313414061
1097.19 50.6677170557
1098.36 45.9816266629
1099.53 40.5255333477
1100.69 35.1291597311
1101.86 37.7034599306
1103.05 44.9638505229
1104.22 50.5622546092
1105.38 53.3627272843
1106.55 52.2839608137
1107.72 47.4885960788
1108.89 41.596676027
1110.06 35.8559611695
1111.24 31.0148536867
1112.4 26.8166859379
1113.57 23.2551047636
1114.74 20.2043176071
1115.91 17.6630538367
1117.07 15.7558353769
1118.23 14.0404823319
1119.39 12.6745530552
1120.55 11.6110341673
1121.72 10.3797918705
1122.89 9.50940902911
1124.06 8.82072654731
1125.23 7.96813255232
1126.39 7.35187608798
1127.56 6.78898616282
1128.73 6.31631110151
1129.89 6.08124420274
1131.06 5.64541746611
1132.23 5.1727424048
1133.39 4.74708072324
1134.56 4.78774094357
1135.73 4.61747627095
1136.89 4.46881234038
1138.06 4.20325027636
1139.22 3.94404137177
1140.38 3.81443691948
1141.54 3.62257150481
1142.71 3.52727411342
1143.87 3.41545850752
1145.05 3.23248751604
1146.21 3.01393883178
1147.33 3.03172767817
1148.45 2.85002731859
1149.59 2.75854182285
1150.71 2.77760130113
1151.83 2.6594325358
1152.95 2.59971283719
1154.08 2.31636192679
1155.21 2.11179019326
1156.33 2.32652698187
1157.46 2.24266527744
1158.59 2.07494186859
1159.71 2.18040431507
1160.85 2.04317607146
1161.96 1.9110303554
1163.08 1.84495749736
1164.21 1.87545266261
1165.33 1.76363705671
1166.45 1.89832403654
1167.58 1.77507274368
1168.71 1.84114560171
1169.83 1.74584821031
1170.95 1.76236642482
1172.08 1.83479244228
1173.21 1.80683854081
1174.33 1.60226680728
1175.46 1.49934562458
1176.58 1.63911513196
1177.7 1.58193669712
1178.83 1.49045120138
1179.95 1.50696941589
1181.08 1.57939543335
1182.21 1.55271216376
1183.34 1.53873521302
1184.47 1.34051663892
1185.6 1.24267798376
1186.73 1.19312334024
1187.85 1.04064751401
1188.98 1.02921182704
1190.11 1.02285866762
1191.23 1.14610996048
1192.35 1.20837092286
1193.47 1.11307353147
1194.6 1.25538430261
1195.73 1.19947649966
1196.85 1.10799100393
1197.98 0.998716661796
1199.11 0.944079490731
1200.23 1.1702519663
1201.36 1.22107724171
1202.49 1.18168765327
1203.61 1.28969136352
1204.74 1.34432853458
1205.87 1.11688542712
1206.99 1.2566549345
1208.11 1.26427872581
1209.24 1.26681998958
1210.37 1.33289284761
1211.5 1.30112705048
1212.63 1.15881627934
1213.75 1.15119248802
1214.87 0.956785809583
1216.0 1.11434416335
1217.13 0.874194737043
1218.24 1.07241331114
1219.37 1.04445940966
1220.5 1.15754564745
1221.63 1.21472408229
1222.75 1.24267798376
1223.88 1.2566549345
1225.01 1.1359449054
1226.13 1.0762252068
1227.24 0.856405890649
1228.37 0.745860916634
1229.5 0.944079490731
1230.63 0.980927815403
1231.75 0.998716661796
1232.88 0.817016302207
1234.01 0.979657183517
1235.14 0.871653473272
1236.26 1.00761108499
1237.39 0.820828197863
1238.51 0.855135258764
1239.64 0.999987293681
1240.77 0.817016302207
1241.9 0.980927815403
1243.03 1.06224825606
1244.15 1.10290847639
1245.27 0.869112209502
1246.4 1.06987204737
1247.53 0.852593994994
1248.65 0.933914435649
1249.78 0.848782099338
1250.91 0.742049020978
1252.04 0.879277264584
1253.17 0.757296603601
1254.29 0.950432650157
1255.42 0.983469079173
1256.55 0.809392510896
1257.67 0.848782099338
1258.8 0.742049020978
1259.93 0.879277264584
1261.05 0.947891386386
1262.18 1.04573004155
1263.3 0.96822149655
1264.43 0.801768719584
1265.56 0.972033392206
1266.69 0.740778389093
1267.82 0.623880255651
1268.95 0.630233415077
1270.07 0.823369461633
1271.2 0.983469079173
1272.32 0.999987293681
1273.45 0.944079490731
1274.58 0.980927815403
1275.71 0.935185067534
1276.83 0.975845287862
1277.95 0.742049020978
1279.08 0.879277264584
1280.21 0.757296603601
1281.33 0.823369461633
1282.45 0.665811107864
1283.58 0.650563525241
1284.71 0.64293973393
1285.83 0.575596244012
1286.95 0.85894715442
1288.07 1.00125792557
1289.19 0.818286934092
1290.31 0.726801438355
1291.44 0.617527096225
1292.57 0.56288992516
1293.7 0.790333032617
1294.83 0.649292893356
1295.95 0.705200696306
1297.08 0.607362041143
1298.21 0.557807397619
1299.33 0.532394759914
1300.45 0.520959072947
1301.58 0.768732290568
1302.7 0.701388800651
1303.83 0.604820777373
1304.95 0.747131548519
1306.07 0.691223745569
1307.2 0.663269844093
1308.32 0.522229704832
1309.44 0.515876545406
1310.57 0.575596244012
1311.7 0.795415560158
1312.83 0.842428939912
1313.95 2.32779761375
1315.08 16.729139401
1316.25 28.0593639217
1317.42 32.3261457923
1318.59 32.0466067776
1319.77 29.3643028678
1320.93 25.863712024
1322.09 31.7378432294
1323.26 40.8368381596
1324.44 47.4822429194
1325.61 51.0603423082
1326.77 50.1797944118
1327.94 46.6271076606
1329.11 41.4835897892
1330.28 36.0529091117
1331.45 33.845821527
1332.63 40.5572991449
1333.8 47.2789418178
1334.96 51.7846024828
1336.13 52.701998704
1337.29 50.0489193276
1338.46 45.4809977002
1339.63 39.957560895
1340.8 34.7187456322
1341.97 37.3082934143
1343.15 44.575037166
1344.31 50.177253148
1345.47 53.1695912377
1346.65 52.1886634223
1347.82 48.4568175754
1348.99 43.3514186605
1350.17 37.6856710842
1351.33 34.2816482637
1352.49 40.3933876317
1353.66 47.1976213771
1354.83 51.9332664134
1356.0 53.221687145
1357.17 50.8799125805
1358.34 46.4060177126
1359.52 40.9918552496
1360.69 35.4887485547
1361.86 36.9309157444
1363.04 44.0693256757
1364.21 49.7973342143
1365.38 53.1708618696
1366.55 52.6969161764
1367.73 49.092133518
1368.89 44.0502661974
1370.06 38.4798160125
1371.23 34.233364252
1372.4 39.8609928718
1373.57 46.7414645303
1374.74 51.5787601174
1375.91 53.4249882467
1377.08 51.2992211027
1378.25 46.933329945
1379.42 41.5090024269
1380.59 36.0656154306
1381.76 36.5205016455
1382.93 43.4187621504
1384.1 49.4733230836
1385.27 53.1352841768
1386.45 53.0603168956
1387.62 49.5279602546
1388.79 44.5864728529
1389.96 39.0020457173
1391.13 34.1761858172
1392.29 39.1977230277
1393.46 46.3450273821
1394.63 51.4440731376
1395.8 53.4224469829
1396.97 51.6156084421
1398.14 47.5356094586
1399.31 42.2548633435
1400.48 36.6933075819
1401.65 35.9449054015
1402.82 42.8126707412
1403.99 48.915515686
1405.16 52.7934841997
1406.33 53.0793763739
1407.5 49.9193148753
1408.67 45.0998081346
1409.85 39.5128397352
1411.03 34.3045196376
1412.2 38.6894702736
1413.36 45.8380452599
1414.53 50.9993519777
1415.7 53.45421278
1416.87 51.948513996
1418.04 47.9561886126
1419.21 42.6563830193
1420.38 37.0846622025
1421.56 35.4417351749
1422.73 42.116364468
1423.9 48.5673625494
1425.07 52.7464708199
1426.25 53.4376945655
1427.42 50.4161319424
1428.59 45.6017077293
1429.76 40.0808121879
1430.93 34.6526727742
1432.1 38.164699305
1433.27 45.3208980826
1434.43 50.741413705
1435.61 53.4516715162
1436.77 52.3297035616
1437.95 48.4009097724
1439.12 43.1328699762
1440.29 37.7669915249
1441.46 34.9563537947
1442.64 41.43022325
1443.81 48.0336971576
1444.97 52.4148358979
1446.15 53.3360440147
1447.32 50.5559014498
1448.49 45.9892504543
1449.66 40.5293452434
1450.83 35.1939619573
1452.0 37.6094331711
1453.17 44.7897739546
1454.33 50.221725264
1455.5 53.1911919798
1456.67 52.5164864487
1457.85 48.749062909
1459.03 43.5610729216
1460.2 38.1075208701
1461.37 34.6196363452
1462.54 40.6894448609
1463.72 47.4085462701
1464.89 52.0399994917
1466.06 53.5291800612
1467.23 50.9065958501
1468.4 46.4822556257
1469.57 40.9664426119
1470.75 35.4760422358
1471.92 37.178688962
1473.08 44.1290453743
1474.24 49.8278293796
1475.42 53.2496410465
1476.59 52.7363057649
1477.76 49.0489320339
1478.93 44.1557286439
1480.09 38.6589751083
1481.26 34.3871107102
1482.44 40.0007623791
1483.61 46.8748808783
1484.78 51.6448329754
1485.95 53.4592953076
1487.12 51.2522077229
1488.29 46.9091879392
1489.46 41.5610983342
1490.63 36.2193618887
1491.79 36.4696763701
1492.96 43.5204127012
1494.13 49.4606167647
1495.29 53.0018678289
1496.47 52.8659102172
1497.64 49.4949238256
1498.81 44.6334862327
1499.99 39.1519802798
1501.17 34.3794869188
1502.34 39.2981029466
1503.52 46.3323210633
1504.69 51.3106567896
1505.85 53.4821666815
1507.03 51.2649140418
1508.2 45.9625671847
1509.37 40.1341787271
1510.54 34.6158244495
1511.72 29.6972084217
1512.89 25.6489752354
1514.06 22.2271635684
1515.23 19.4355853166
1516.39 17.3415839697
1517.55 15.5322041651
1518.72 13.9921983202
1519.89 12.3962846724
1521.06 11.0900750943
1522.23 10.119312334
1523.39 9.25274138829
1524.55 8.50179794412
1525.72 8.06342994371
1526.89 7.39888946773
1528.06 6.93892072528
1529.23 6.45608060889
1530.39 6.08632673028
1531.55 5.7750219184
1532.72 5.42941004562
1533.89 5.12827028881
1535.06 4.85127253783
1536.23 4.52217887956
1537.39 4.16767258358
1538.55 4.0533157139
1539.71 3.86907409055
1540.88 3.71278636866
1542.05 3.50821463514
1543.22 3.47009567858
1544.38 3.32270237989
1545.55 2.99614998539
1546.67 2.89577006645
1547.8 2.97200797957
1548.93 2.94786597375
1550.05 2.9351596549
1551.18 2.61114852416
1552.3 2.51203923711
1553.43 2.27316044269
1554.55 2.15245041359
1555.67 2.15626230925
1556.8 2.28586676154
1557.93 2.28586676154
1559.05 2.09654261064
1560.17 2.00124521925
1561.29 2.14355599039
1562.42 1.96185563081
1563.55 1.99743332359
1564.67 2.07875376425
1565.8 1.99235079605
1566.93 1.88561771769
1568.05 1.64165639573
1569.18 1.77380211179
1570.3 1.83987496982
1571.43 1.80937980458
1572.55 1.79413222195
1573.68 1.8500400249
1574.81 1.75093073786
1575.94 1.82843928286
1577.07 1.48536867384
1578.19 1.63276197253
1579.31 1.57812480146
1580.44 1.55144153187
1581.57 1.53873521302
1582.7 1.7217062045
1583.83 1.62386754933
1584.95 1.70137609433
1586.07 1.48536867384
1587.2 1.56923037827
1588.32 1.48282741007
1589.45 1.56795974638
1590.58 1.54635900433
1591.71 1.28079694032
1592.83 1.27571441278
1593.95 1.20964155475
1595.07 1.24013671999
1596.2 1.25538430261
1597.32 1.1359449054
1598.45 1.13975680106
1599.58 1.20582965909
1600.71 1.1105322677
1601.83 1.38117685925
1602.95 1.32653968819
1604.08 1.36211738097
1605.21 1.44343782163
1606.33 1.48409804196
1607.45 1.12323858655
1608.58 1.19693523589
1609.71 1.29731515483
1610.83 1.0927434213
1611.95 1.05462446475
1613.07 1.09909658073
1614.19 1.0584363604
1615.32 1.16389880688
1616.45 1.09020215753
1617.58 0.862759050076
1618.71 0.940267595075
1619.83 1.04191814589
1620.95 0.96568023278
1622.07 1.05462446475
1623.19 1.16262817499
1624.31 1.15246311991
1625.43 1.08511962999
1626.55 0.923749380567
1627.68 1.16008691122
1628.82 0.898336742862
1629.93 1.14738059237
1631.05 1.14610996048
1632.17 1.1448393286
1633.29 1.20710029097
1634.41 1.04827130532
1635.54 0.969492128435
1636.67 1.05589509663
1637.79 0.973304024091
1638.92 0.867841577617
1640.05 1.00506982122
1641.18 1.01142298065
1642.3 0.886901055895
1643.43 0.951703282042
1644.55 0.792874296388
1645.67 0.841158308027
1646.8 0.99236350237
1647.93 0.814475038437
1649.05 0.978386551632
1650.17 0.806851247125
1651.29 0.721718910814
1652.42 0.742049020978
1653.55 0.688682481798
1654.67 0.789062400732
1655.8 0.96568023278
1656.92 0.800498087699
1658.04 0.717907015159
1659.17 0.867841577617
1660.29 0.750943444175
1661.42 1.01142298065
1662.55 1.07749583868
1663.67 0.856405890649
1664.8 0.936455699419
1665.93 0.785250505076
1667.05 0.964409600895
1668.18 0.800498087699
1669.3 0.844970203682
1670.43 0.993634134255
1671.55 0.94153822696
1672.67 0.979657183517
1673.8 0.806851247125
1674.93 0.9123136936
1676.05 0.900878006633
1677.17 0.958056441468
1678.29 0.860217786305
1679.42 0.748402180404
1680.55 0.881818528354
1681.67 0.758567235486
1682.8 0.697576904995
1683.93 0.602279513602
1685.05 0.809392510896
1686.18 0.7229895427
1687.29 0.614985832454
1688.42 0.625150887536
1689.55 0.820828197863
1690.67 0.918666853026
1691.8 0.96822149655
1692.93 0.865300313846
1694.05 0.876736000813
1695.17 0.756025971716
1696.29 0.759837867371
1697.43 0.697576904995
1698.54 0.665811107864
1699.67 0.650563525241
1700.79 0.833534516715
1701.92 0.797956823929
1703.05 0.907231166059
1704.18 0.961868337124
1705.3 0.735695861552
1706.43 0.748402180404
1707.55 0.883089160239
1708.67 0.949162018272
1709.8 0.983469079173
1710.93 0.999987293681
1712.05 0.944079490731
1713.18 0.726801438355
1714.3 4.42942275193
1715.47 19.4953050152
1716.64 29.3782798186
1717.81 32.4786216185
1718.98 31.4862581162
1720.16 28.7671058818
1721.32 25.8827715023
1722.49 33.4620906977
1723.66 42.3984447466
1724.83 48.5178079059
1725.99 51.3233631085
1727.17 49.8036873737
1728.33 45.6766750105
1729.5 40.4365891158
1730.68 35.0211560209
1731.85 34.9817664324
1733.03 42.2040380681
1734.2 48.4212398826
1735.36 52.3551161993
1736.53 52.5431697183
1737.69 49.3335535762
1738.86 44.4251026035
1740.04 38.9207252767
1741.21 33.7556066632
1742.38 38.5420769749
1743.55 45.6360147902
1744.71 50.8989720588
1745.89 53.1492611276
1747.05 51.4796508304
1748.23 47.3399321483
1749.4 42.0312321317
1750.57 36.5802213441
1751.73 35.3807448444
1752.9 42.1494008971
1754.07 48.3932859811
1755.24 52.4046708428
1756.41 52.9497719216
1757.59 50.0451074319
1758.76 45.2256006912
1759.93 39.7021638861
1761.09 34.5268802175
1762.26 38.1659699368
1763.44 45.4479612711
1764.6 50.6778821108
1765.77 53.2293109363
1766.94 51.9637615786
1768.11 48.0908755924
1769.28 42.8507896977
1770.45 37.3082934143
1771.63 34.9817664324
1772.8 41.5064611631
1773.97 48.1353477084
1775.15 52.402129579
1776.32 53.2026276667
1777.49 50.4250263656
1778.66 45.7973850396
1779.84 40.2421824373
1781.02 34.9245879976
1782.19 37.8559357569
1783.36 45.1023493984
1784.52 50.5050761744
1785.69 53.3335027509
1786.86 52.269983863
1788.03 48.4352168333
1789.2 43.2764513793
1790.37 37.7758859481
1791.53 34.5167151625
1792.7 40.7644121422
1793.87 47.6372600094
1795.04 52.2178879557
1796.21 53.5545926989
1797.37 50.919302169
1798.54 46.4250771909
1799.72 40.8736864843
1800.89 35.4302994879
1802.05 37.0922859938
1803.22 44.276438673
1804.38 49.9015260289
1805.55 53.2864893712
1806.73 52.8176262055
1807.89 49.2166554428
1809.06 44.0489955655
1810.23 38.5433476068
1811.4 34.3286616434
1812.57 40.03506944
1813.73 47.0184622813
1814.89 51.7807905872
1816.06 53.4631072032
1817.23 51.4453437695
1818.4 47.132819151
1819.57 41.6729139401
1820.73 36.2752696916
1821.9 36.370567083
1823.07 43.4073264635
1824.24 49.4034383299
1825.41 53.1009771159
1826.59 53.1060596435
1827.76 49.6156338547
1828.93 44.6932059313
1830.09 39.182475445
1831.26 34.2028690868
1832.44 39.083366158
1833.61 46.2255879849
1834.78 51.3208218447
1835.95 53.487249209
1837.12 51.837969022
1838.29 47.5838934702
1839.46 42.2154737551
1840.63 36.8000406602
1841.8 35.9347403464
1842.97 42.7453272512
1844.16 48.9447402193
1845.32 52.8074611504
1846.49 53.277594948
1847.65 50.1454873509
1848.82 45.3399575609
1849.99 39.7593423209
1851.17 34.4925731566
1852.34 38.529370656
1853.52 45.7567248193
1854.69 51.0870255778
1855.86 53.4974142641
1857.03 52.0971779266
1858.19 48.0311558938
1859.36 42.6932313439
1860.52 37.356577426
1861.68 35.1329716268
1862.85 41.7720232272
1864.02 48.2052324621
1865.19 52.4377072718
1866.35 53.2826774755
1867.52 50.5927497745
1868.69 45.9447783383
1869.86 40.5064738695
1871.03 35.0567337137
1872.19 37.7949454264
1873.36 44.9447910446
1874.53 50.4898285918
1875.7 53.3894105539
1876.87 52.4885325472
1878.04 48.6080227697
1879.21 43.489917536
1880.38 37.9461506207
1881.55 34.6018474988
1882.73 40.8076136263
1883.89 47.5317975629
1885.05 52.1645214165
1886.22 53.4643778351
1887.39 51.0641542039
1888.56 46.5610348026
1889.73 41.0693637946
1890.89 35.6552013316
1892.06 37.0783090431
1893.24 44.2052832874
1894.4 49.8659483361
1895.57 53.2051689305
1896.74 52.8404975794
1897.91 49.291622724
1899.08 44.2777093048
1900.25 38.6564338446
1901.42 34.322308484
1902.6 40.0325281763
1903.77 46.8901284609
1904.93 51.7795199553
1906.1 53.4631072032
1907.27 50.8735594211
1908.45 45.449231903
1909.62 39.559853115
1910.79 34.0110036721
1911.96 29.4583296273
1913.14 25.4660042439
1914.31 22.1356780727
1915.47 19.3898425687
1916.63 17.3187125958
1917.79 15.3301736954
1918.95 13.7012236185
1920.13 12.5042883826
1921.28 11.3988386425
1922.45 10.2095271979
1923.62 9.36201573042
1924.79 8.61996670944
1925.95 7.93128422765
1927.13 7.3328166097
1928.28 6.71528951348
1929.45 6.34426500299
1930.62 6.03041892733
1931.79 5.55647323414
1932.96 5.19307251496
1934.14 5.01010152349
1935.3 4.60222868833
1936.47 4.33412536054
1937.63 4.13590678644
1938.79 3.8474733485
1939.96 3.70262131358
1941.15 3.69372689038
1942.3 3.37098639153
1943.47 3.21088677399
1944.63 3.25662952186
1945.79 3.21723993342
1946.96 3.00631504047
1948.09 2.83732099973
1949.22 2.75218866342
1950.34 2.71025781121
1951.47 2.62639610678
1952.59 2.45613143416
1953.72 2.56286451252
1954.85 2.42436563703
1955.97 2.29221992097
1957.09 2.22614706293
1958.22 2.12957903966
1959.34 1.95423183949
1960.47 1.99362142794
1961.59 2.0139515381
1962.72 1.89578277277
1963.85 1.90086530031
1964.98 1.90340656408
1966.1 1.84114560171
1967.23 1.68358724794
1968.35 1.79413222195
1969.48 1.91357161917
1970.6 1.71916494073
1971.73 1.74966010597
1972.85 1.63657386818
1973.98 1.70772925376
1975.11 1.61624375802
1976.23 1.63403260441
1977.35 1.57939543335
1978.48 1.61624375802
1979.61 1.57050101015
1980.74 1.54762963622
1981.87 1.59972554351
1983.0 1.56160658696
1984.13 1.60734933482
1985.24 1.62895007687
1986.37 1.64038576384
1987.5 1.45614414048
1988.63 1.55398279564
1989.75 1.47520361876
1990.88 1.56414785073
1992.02 1.4802861463
1993.15 1.31256273745
1994.27 1.22743040114
1995.41 1.24903114319
1996.53 1.26046683015
1997.65 1.39261254622
1998.78 1.26809062147
1999.91 1.20582965909
2001.03 1.30112705048
2002.15 1.28587946786
2003.27 1.21472408229
2004.4 1.11561479524
2005.53 1.2566549345
2006.65 1.13721553729
2007.78 1.13975680106
2008.91 1.07876647057
2010.03 1.17406386196
2011.15 0.96822149655
2012.27 0.99236350237
2013.4 1.00506982122
2014.53 0.946620754501
2015.65 1.04573004155
2016.78 1.09401405319
2017.91 1.18295828516
2019.03 1.28969136352
2020.15 1.09020215753
2021.27 1.24394861565
2022.4 1.19312334024
2023.53 1.16898133442
2024.65 1.28333820409
2025.77 1.2134534504
2026.9 0.987280974829
2028.03 1.19312334024
2029.15 0.913584325485
2030.27 0.902148638518
2031.39 1.02285866762
2032.51 0.891983583436
2033.63 1.01777614007
2034.75 0.954244545813
2035.88 1.11180289958
2037.02 1.19185270835
2038.14 1.10417910827
2039.26 0.932643803764
2040.39 1.03810625024
2041.51 1.09147278942
2042.64 1.18041702138
2043.77 1.22615976925
2044.9 1.18422891704
2046.03 1.03683561835
2047.15 0.963138969009
2048.27 0.926290644337
2049.39 0.908501797944
2050.52 0.8348051486
2051.65 0.989822238599
2052.78 0.93899696319
2053.91 0.851323363108
2055.03 0.679788058602
2056.15 0.720448278929
2057.27 0.678517426716
2058.39 0.783979873191
2059.52 0.6454809977
2060.64 0.703930064421
2061.77 0.923749380567
2062.9 0.907231166059
2064.03 0.707741960077
2065.15 0.797956823929
2066.27 0.716636383273
2067.39 0.612444568684
2068.52 0.750943444175
2069.65 0.947891386386
2070.78 0.728072070241
2071.91 0.744590284749
2073.03 0.880547896469
2074.15 0.949162018272
2075.28 1.04573004155
2076.4 0.777626713765
2077.53 0.833534516715
2078.65 0.734425229667
2079.78 0.875465368928
2080.91 0.75475533983
2082.03 0.631504046963
2083.15 0.634045310733
2084.27 0.761108499257
2085.4 0.635315942618
2086.52 0.69884753688
2087.64 0.667081739749
2088.77 0.841158308027
2089.9 0.801768719584
2091.03 0.655646052782
2092.15 0.772544186224
2093.27 0.830993252945
2094.39 0.796686192043
2095.52 0.969492128435
2096.65 0.739507757208
2097.78 0.623880255651
2098.91 0.56543118893
2100.03 0.855135258764
2101.15 0.681058690487
2102.27 0.785250505076
2103.4 0.837346412371
2104.53 0.991092870484
2105.65 0.813204406551
2106.77 0.724260174585
2107.89 0.61625646434
2109.02 0.561619293275
2110.15 0.598467617946
2111.27 0.617527096225
2112.4 0.56288992516
2113.53 0.598467617946
2114.65 7.28834449372
2115.82 21.8142082057
2117.0 30.2842403527
2118.17 32.4862454098
2119.34 30.9818172577
2120.51 27.9437364201
2121.68 26.8687818452
2122.85 35.3527909429
2124.02 43.7237138029
2125.19 49.435204127
2126.35 51.2738084649
2127.53 49.0794271991
2128.69 44.6792289806
2129.86 39.3031854741
2131.04 33.8826698517
2132.21 36.1914079872
2133.38 43.6347695709
2134.55 49.5177951996
2135.73 52.6486321648
2136.89 52.0552470744
2138.06 48.3907447173
2139.23 43.3183822315
2140.4 37.8597476525
2141.57 33.923330072
2142.73 39.9601021588
2143.9 46.7897485419
2145.07 51.6029021232
2146.25 53.310631377
2147.42 51.051447885
2148.59 46.5546816432
2149.76 41.0668225308
2150.93 35.5268675112
2152.09 36.5052540628
2153.25 43.6017331419
2154.43 49.5635379474
2155.59 53.0539637362
2156.76 52.701998704
2157.93 49.2852695646
2159.09 44.3374290034
2160.26 38.7504606041
2161.44 34.178727081
2162.61 39.3883178104
2163.78 46.5686585939
2164.95 51.4288255549
2166.13 53.4135525597
2167.29 51.4847333579
2168.47 47.1518786292
2169.64 41.7466105894
2170.81 36.2473157901
2171.98 36.1672659814
2173.16 43.1150811298
2174.33 49.0667208803
2175.49 52.7413882924
2176.67 52.9269005476
2177.84 49.6524821794
2179.01 44.774526372
2180.18 39.2866672596
2181.35 34.3197672202
2182.52 38.8241572534
2183.69 46.0311813065
2184.87 51.2242538214
2186.05 53.5660283859
2187.21 51.8138270162
2188.37 47.6347187456
2189.54 42.3692202132
2190.72 36.8762785733
2191.89 35.5916697374
2193.06 42.3196655697
2194.23 48.7325446945
2195.39 52.7007280721
2196.57 53.2242284088
2197.73 50.1823356755
2198.9 45.4212780016
2200.07 39.8648047674
2201.25 34.6717322524
2202.42 38.3641885109
2203.59 45.4848095958
2204.76 50.7592025514
2205.92 53.3335027509
2207.09 52.0158574859
2208.26 48.117558862
2209.44 42.8634960166
2210.61 37.378178168
2211.78 35.207938908
2212.95 41.8088715518
2214.13 48.2865529028
2215.28 52.6054306807
2216.45 53.4313414061
2217.63 50.5393832353
2218.8 45.9816266629
2219.97 40.4620017535
2221.15 35.2244571225
2222.32 37.942338725
2223.49 45.1455508825
2224.66 50.4631453222
2225.83 53.376704235
2227.01 52.4821793878
2228.17 48.6042108741
2229.34 43.4251153098
2230.52 37.8495825974
2231.69 34.7441582699
2232.86 41.0693637946
2234.04 47.6626726471
2235.21 52.2293236426
2236.37 53.4338826699
2237.55 50.7947802442
2238.73 46.3628162285
2239.89 40.9067229133
2241.06 35.3832861082
2242.23 37.3870725912
2243.4 44.6144267544
2244.57 50.1340516639
2245.74 53.2750536842
2246.91 52.6854804894
2248.08 49.0235193962
2249.25 43.8253643537
2250.42 38.2396665862
2251.59 34.3045196376
2252.76 40.3412917244
2253.93 47.2344697018
2255.09 51.9523258917
2256.26 53.5495101714
2257.43 51.2979504708
2258.6 46.8685277188
2259.77 41.4137050355
2260.93 36.0173314189
2262.09 36.814017611
2263.26 43.8202818262
2264.43 49.545749101
2265.6 53.045069313
2266.77 52.9510425535
2267.94 49.5381253097
2269.13 44.5267531543
2270.29 38.9092895897
2271.46 34.1304430693
2272.64 39.4277073989
2273.81 46.4606548837
2274.98 51.5660537986
2276.16 53.5456982758
2277.33 51.6143378102
2278.49 47.2802124497
2279.66 41.873673778
2280.83 36.4391812048
2282.01 36.1355001842
2283.17 43.1620945096
2284.33 49.1543944804
2285.5 52.911652965
2286.67 53.2026276667
2287.84 49.9815758377
2289.01 45.0032401113
2290.18 39.5280873178
2291.35 34.3756750232
2292.52 38.8521111549
2293.69 45.9193657006
2294.86 51.1670753866
2296.03 53.3474797017
2297.2 51.8316158626
2298.37 47.8342079516
2299.55 42.5318610945
2300.72 37.0859328344
2301.89 35.5052667692
2303.06 42.2764640856
2304.23 48.7109439524
2305.4 52.6270314227
2306.57 53.3144432726
2307.74 50.35387098
2308.91 45.571212564
2310.08 39.9385014168
2311.25 34.5179857943
2312.43 29.9017801553
2313.59 25.9424912009
2314.77 22.6274126123
2315.94 19.6998767487
2317.1 17.4101980915
2318.26 15.566511226
2319.43 13.9464555724
2320.59 12.5640080812
2321.75 11.237468393
2322.92 10.2565405776
2324.09 9.44841869862
2325.27 8.79023138207
2326.43 8.07994815822
2327.59 7.47004485331
2328.76 7.03930064421
2329.92 6.56916684667
2331.08 5.95291038233
2332.25 5.5170836457
2333.42 5.10921081054
2334.59 4.9059097089
2335.75 4.73945693193
2336.91 4.46627107661
2338.08 4.07618708784
2339.24 3.81697818325
2340.4 3.81443691948
2341.56 3.68610309907
2342.72 3.43070609014
2343.87 3.30364290161
2345.03 3.17657971309
2346.18 3.04951652457
2347.29 2.79539014752
2348.41 2.73185855326
2349.53 2.76362435039
2350.65 2.71661097064
2351.78 2.56540577629
2352.9 2.67976264596
2354.02 2.48408533564
2355.15 2.25791286007
2356.27 2.27316044269
2357.39 2.21598200785
2358.52 2.18802810638
2359.65 2.11051956138
2360.78 2.13593219908
2361.91 2.14736788605
2363.03 2.02665785695
2364.15 2.03046975261
2365.27 1.96820879023
2366.39 1.9364429931
2367.52 1.79413222195
2368.65 1.72297683638
2369.78 1.75093073786
2370.91 1.70137609433
2372.03 1.74076568277
2373.15 1.69629356679
2374.27 1.60989059859
2375.4 1.63149134064
2376.53 1.64165639573
2377.65 1.583207329
2378.78 1.61751438991
2379.91 1.63403260441
2381.03 1.38880065056
2382.15 1.52094636663
2383.27 1.58574859278
2384.4 1.55525342753
2385.53 1.47647425064
2386.65 1.50061625646
2387.78 1.38625938679
2388.91 1.26427872581
2390.03 1.33162221573
2391.15 1.42819023901
2392.27 1.47647425064
2393.4 1.31002147368
2394.53 1.28969136352
2395.65 1.28079694032
2396.77 1.27571441278
2397.89 1.33670474327
2399.02 1.24013671999
2400.15 1.25538430261
2401.27 1.26300809393
2402.39 1.13975680106
2403.52 1.14102743294
2404.64 1.07876647057
2405.77 1.11180289958
2406.9 1.1270504822
2408.03 1.1359449054
2409.15 1.13975680106
2410.27 1.14102743294
2411.39 1.14229806483
2412.52 1.14356869671
2413.64 1.08003710245
2414.76 0.984739711058
2415.89 0.999987293681
2417.02 1.07241331114
2418.15 1.17152259819
2419.27 1.15754564745
2420.4 1.14992185614
2421.52 1.08384899811
2422.65 0.986010342944
2423.78 0.937726331305
2424.91 1.04064751401
2426.03 0.96568023278
2427.15 0.800498087699
2428.27 0.908501797944
2429.4 1.15246311991
2430.52 1.02158803573
2431.65 1.08257836622
2432.77 1.04954193721
2433.9 0.77889734565
2435.03 0.897066110977
2436.14 0.702659432536
2437.26 0.66962300352
2438.39 0.715365751388
2439.51 0.612444568684
2440.64 0.750943444175
2441.77 0.819557565978
2442.91 0.918666853026
2444.03 0.966950864665
2445.15 0.738237125322
2446.27 0.876736000813
2447.39 1.07368394302
2448.52 0.855135258764
2449.65 0.935185067534
2450.78 0.975845287862
2451.91 0.869112209502
2453.03 0.942808858846
2454.16 0.789062400732
2455.28 0.649292893356
2456.42 0.768732290568
2457.54 0.702659432536
2458.67 0.604820777373
2459.79 0.683599954257
2460.92 0.786521136961
2462.05 0.838617044256
2463.17 0.927561276223
2464.29 0.78143860942
2465.43 0.898336742862
2466.54 0.703930064421
2467.67 0.66962300352
2468.79 0.651834157126
2469.92 0.8348051486
2471.05 0.86148841819
2472.18 0.748402180404
2473.3 0.628962783192
2474.43 0.567972452701
2475.55 0.729342702126
2476.69 0.61879772811
2477.81 0.56288992516
2478.94 0.599738249832
2480.07 0.553995501963
2481.19 0.594655722291
2482.31 0.80558061524
2483.44 0.783979873191
2484.57 0.772544186224
2485.69 0.894524847207
2486.81 0.955515177698
2487.94 0.986010342944
2489.07 0.937726331305
2490.19 0.7229895427
2491.31 0.870382841387
2492.44 0.942808858846
2493.57 0.789062400732
2494.7 0.903419270403
2495.83 0.768732290568
2496.95 0.702659432536
2498.07 0.85894715442
2499.2 0.937726331305
2500.32 0.7229895427
2501.45 0.870382841387
2502.58 0.688682481798
2503.71 0.598467617946
2504.83 0.553995501963
2505.95 0.531124128029
2507.08 0.519688441062
2508.2 0.576866875897
2509.32 0.606091409258
2510.45 0.748402180404
2511.58 0.881818528354
2512.71 0.88563042401
2513.83 0.697576904995
2514.95 10.3226134357
2516.13 24.1572534021
2517.29 31.2651681681
2518.46 32.7225829405
2519.64 30.8471302779
2520.81 27.6209959213
2521.99 28.2321698581
2523.16 37.1151573678
2524.32 45.0502534911
2525.49 50.033671745
2526.66 51.1924880243
2527.83 48.5305142247
2529.0 44.0235829278
2530.17 38.5941728822
2531.33 33.2740371787
2532.5 37.15708822
2533.67 44.5000698848
2534.84 50.0768732291
2536.01 52.6740448025
2537.18 51.5597006391
2538.35 47.6347187456
2539.52 42.4950127699
2540.69 37.0033417619
2541.86 34.5751642292
2543.04 41.2396284672
2544.21 47.7478049834
2545.37 52.081930344
2546.54 53.1047890116
2547.71 50.3132107597
2548.88 45.7414772366
2550.05 40.2777601301
2551.21 34.8788452497
2552.37 37.4518748173
2553.54 44.519129363
2554.71 50.0870382841
2555.88 53.1873800841
2557.05 52.4516842226
2558.22 48.5889632914
2559.38 43.5445547071
2560.55 38.0363654846
2561.73 34.455724832
2562.89 40.544592826
2564.06 47.2725886583
2565.22 51.8443221814
2566.38 53.3678098118
2567.55 51.0806724184
2568.72 46.5686585939
2569.89 41.1367072845
2571.06 35.6259767983
2572.24 36.9359982719
2573.41 44.0070647133
2574.58 49.7033074548
2575.75 53.1238484899
2576.92 52.7998373591
2578.09 49.3348242081
2579.26 44.3628416411
2580.44 38.6996353286
2581.61 34.3426385942
2582.78 39.7885668543
2583.95 46.8316793942
2585.12 51.6245028653
2586.29 53.4478596206
2587.46 51.3106567896
2588.64 47.0019440668
2589.81 41.5445801197
2590.99 36.0198726827
2592.16 36.4976302715
2593.33 43.534389652
2594.49 49.4669699241
2595.67 53.0679406869
2596.84 53.0272804666
2598.01 49.6385052287
2599.18 44.5775784298
2600.35 38.9982338217
2601.53 34.1113835911
2602.69 39.1646865986
2603.86 46.2649775733
2605.04 51.4046835491
2606.21 53.5291800612
2607.38 51.7325065755
2608.55 47.4669953368
2609.73 42.0299614999
2610.89 36.6437529383
2612.06 36.1113581784
2613.23 42.8330008513
2614.39 49.0527439296
2615.56 52.8608276896
2616.73 53.1136834348
2617.89 50.0006353159
2619.06 45.139197723
2620.23 39.7237646281
2621.4 34.6005768669
2622.57 38.7110710156
2623.74 45.848210315
2624.91 50.940902911
2626.08 53.3614566524
2627.25 51.9663028424
2628.42 47.9015514415
2629.59 42.6284291178
2630.76 37.2612800346
2631.93 35.4023455865
2633.11 42.0973049898
2634.28 48.3678733434
2635.45 52.646090901
2636.63 53.2598061016
2637.8 50.3907193047
2638.97 45.7795961932
2640.15 40.1710270518
2641.32 34.7606764844
2642.49 38.0287416932
2643.66 45.3158155551
2644.83 50.6118092527
2646.0 53.3233376958
2647.17 52.1378381469
2648.33 48.3691439753
2649.5 43.1163517617
2650.68 37.5687729508
2651.85 34.8572445077
2653.02 41.3806686065
2654.19 48.0082845199
2655.36 52.2763370224
2656.53 53.266159261
2657.7 50.7109185398
2658.87 46.0667589993
2660.04 40.5687348318
2661.21 35.2778236617
2662.38 37.5878324291
2663.55 44.6512750791
2664.72 50.3424352931
2665.89 53.2521823103
2667.06 52.4199184254
2668.23 48.7007788973
2669.4 43.60046251
2670.57 38.064319386
2671.75 34.5967649712
2672.92 40.7415407682
2674.09 47.4352295397
2675.26 51.9891742163
2676.44 53.4402358293
2677.61 50.9891869227
2678.78 46.5877180722
2679.96 41.0185385192
2681.14 35.5662570997
2682.31 37.3514948984
2683.48 44.4060431252
2684.65 50.0298598493
2685.82 53.2864893712
2687.0 52.6270314227
2688.17 48.9307632686
2689.33 43.9066847943
2690.49 38.407389995
2691.67 34.2613181535
2692.84 40.0655646053
2694.01 47.0337098639
2695.18 51.7884143785
2696.34 53.4033875046
2697.52 51.2877854157
2698.69 46.9269767856
2699.86 41.5064611631
2701.03 36.1914079872
2702.2 36.7110964283
2703.37 43.7046543246
2704.53 49.4885706662
2705.7 52.9523131853
2706.87 52.9688313999
2708.04 49.545749101
2709.21 44.7224304647
2710.37 39.1329208015
2711.54 33.8610691097
2712.71 29.1927675633
2713.88 25.3961194902
2715.05 22.1649026061
2716.22 19.4686217456
2717.38 17.0404442129
2718.55 15.190404188
2719.71 13.6948704591
2720.88 12.2476207418
2722.05 11.2057025959
2723.22 10.1777614007
2724.38 9.40902911018
2725.54 8.57930648912
2726.71 8.03801730601
2727.87 7.32265155462
2729.04 6.77500921208
2730.21 6.43702113061
2731.37 6.01390071282
2732.54 5.6111104052
2733.71 5.15622419029
2734.87 4.92878108283
2736.04 4.62510006226
2737.2 4.28202945325
2738.35 4.23755733726
2739.52 4.08762277481
2740.69 3.88686293694
2741.86 3.6581491976
2743.03 3.48153136555
2744.19 3.32905553932
2745.35 3.18928603194
2746.51 3.11940127826
2747.64 3.08382358547
2748.77 3.06730537096
2749.9 2.80428457072
2751.02 2.67213885465
2752.15 2.67086822277
2753.26 2.66959759088
2754.39 2.41420058195
2755.51 2.35066898769
2756.63 2.50949797334
2757.75 2.33542140506
2758.87 2.24774780498
2760.0 2.203275689
2761.13 1.99108016417
2762.24 2.01268090621
2763.37 1.95931436703
2764.5 1.80556790892
2765.63 1.79159095818
2766.75 1.78523779876
2767.87 1.71916494073
2769.0 1.81192106835
2770.13 1.8589344481
2771.24 1.94660804818
2772.37 1.86274634376
2773.5 1.75728389728
2774.63 1.76744895236
2775.75 1.64673892327
2776.88 1.77634337556
2778.01 1.58701922466
2779.14 1.61878502179
2780.26 1.6353032363
2781.39 1.58066606523
2782.51 1.55271216376
2783.64 1.34814043024
2784.77 1.43581403032
2785.89 1.4802861463
2787.02 1.50315752023
2788.15 1.57685416958
2789.27 1.48790993761
2790.4 1.44216718974
2791.53 1.29350325917
2792.65 1.21853597794
2793.78 1.30748020991
2794.91 1.22615976925
2796.03 1.31129210556
2797.15 1.41802518392
2798.27 1.28079694032
2799.39 1.14865122425
2800.51 1.08257836622
2801.64 1.24013671999
2802.77 1.19185270835
2803.9 1.16771070253
2805.03 1.21980660983
2806.15 1.11815605901
2807.27 1.00379918934
2808.39 1.20074713155
2809.52 1.04445940966
2810.65 0.966950864665
2811.78 1.05589509663
2812.91 0.972033392206
2814.03 1.12196795466
2815.15 1.06860141548
2816.27 1.04318877778
2817.4 0.96568023278
2818.52 0.927561276223
2819.64 0.972033392206
2820.77 0.931373171878
2821.9 0.973304024091
2823.03 0.99490476614
2824.15 1.00634045311
2825.27 1.01142298065
2826.4 0.950432650157
2827.53 1.23759545622
2828.65 0.872924105157
2829.78 0.880547896469
2830.91 0.695035641224
2832.03 0.791603664502
2833.15 0.96822149655
2834.27 1.05589509663
2835.4 0.908501797944
2836.53 0.963138969009
2837.65 0.989822238599
2838.78 0.93899696319
2839.91 0.978386551632
2841.03 0.743319652863
2842.15 0.815745670322
2843.27 0.72553080647
2844.39 0.80812187901
2845.52 0.721718910814
2846.65 0.869112209502
2847.78 0.75221407606
2848.91 0.693765009339
2850.03 0.728072070241
2851.15 0.681058690487
2852.27 0.658187316553
2853.4 0.646751629585
2854.52 0.895795479092
2855.64 0.828451989174
2856.77 0.85894715442
2857.9 0.683599954257
2859.03 0.659457948438
2860.15 0.711553855732
2861.27 0.800498087699
2862.39 0.78143860942
2863.52 0.8348051486
2864.65 0.989822238599
2865.78 0.748402180404
2866.91 0.883089160239
2868.03 0.88563042401
2869.15 0.824640093519
2870.27 0.665811107864
2871.4 0.587031930979
2872.53 0.611173936799
2873.65 0.623880255651
2874.78 0.756025971716
2875.91 0.69630627311
2877.03 0.792874296388
2878.15 0.650563525241
2879.28 0.706471328192
2880.41 0.670893635405
2881.54 0.653104789012
2882.67 0.580678771553
2883.79 0.797956823929
2884.92 0.716636383273
2886.05 0.739507757208
2887.18 0.623880255651
2888.3 0.693765009339
2889.43 0.664540475979
2890.55 0.712824487618
2891.68 0.674705531061
2892.81 0.78143860942
2893.94 0.836075780486
2895.07 0.67216426729
2896.19 0.843699571797
2897.31 0.675976162946
2898.44 0.782709241306
2899.57 0.772544186224
