0.0 0.202030469753
1.12 0.290974701719
2.25 0.40024904385
3.38 0.0724260174585
4.51 0.227443107457
5.64 0.24014942631
6.76 0.311304811883
7.88 0.155017089999
9.01 0.0775085449994
10.14 -0.0241420058195
11.27 -0.139769507376
12.39 -0.069884753688
13.52 0.219819316146
14.64 0.363400719178
15.77 0.118168765327
16.89 -0.00381189565571
18.02 0.251585113277
19.15 0.0622609623766
20.28 0.222360579916
21.4 0.110544974016
22.52 0.310034179998
23.65 0.218548684261
24.78 0.363400719178
25.9 0.308763548112
27.02 0.217278052375
28.15 0.363400719178
29.28 0.245231953851
30.4 0.37610703803
31.52 0.442179896062
32.65 0.411684730817
33.78 0.205842365408
34.9 0.102921182704
36.02 0.179159095818
37.15 0.152475826228
38.27 0.0762379131142
39.39 0.0381189565571
40.51 0.0190594782785
41.64 0.0101650550819
42.76 -0.121980660983
43.88 0.256667640818
45.0 0.255397008933
46.12 0.127063188524
47.24 0.0635315942618
48.36 0.285892174178
49.49 0.270644591555
50.63 0.134686979835
51.74 0.194406678441
52.86 0.0978386551632
53.99 0.048284011639
55.12 0.214736788605
56.24 0.362130087292
57.37 0.116898133442
58.5 0.121980660983
59.62 0.0609903304914
60.75 0.221089948031
61.88 0.110544974016
63.0 0.119439397212
64.12 0.250314481392
65.25 0.124521924753
66.38 0.125792556638
67.5 0.254126377047
68.61 0.444721159833
69.73 0.34942376844
70.85 0.174076568277
71.98 0.0876736000813
73.11 0.043201484098
74.24 0.339258713358
75.36 0.170264672622
76.49 0.0851323363108
77.62 0.168994040736
78.75 0.212195524835
79.87 0.0419308522128
81.0 0.339258713358
82.12 0.232525634998
83.24 0.307492916227
84.37 0.02668326959
85.5 0.139769507376
86.62 0.13341634795
87.74 0.194406678441
88.86 0.287162806063
89.99 0.270644591555
91.12 0.199489205982
92.24 0.226172475572
93.37 0.303681020572
94.5 0.152475826228
95.62 0.203301101638
96.74 0.165182145081
97.86 0.0825910725404
98.99 0.167723408851
100.12 0.147393298687
101.24 0.264291432129
102.36 0.386272093112
103.48 0.193136046556
104.61 0.16009961754
105.74 0.143581403032
106.86 0.13595761172
107.99 0.130875084179
109.11 0.193136046556
110.24 0.287162806063
111.36 0.207112997294
112.49 4.23247480972
113.66 11.9642698314
114.83 18.8155169566
115.99 22.3682037077
117.15 22.619788821
118.31 20.8396335498
119.48 18.3606307417
120.64 15.7240695798
121.8 17.3924092451
122.97 21.910776229
124.14 26.2029707373
125.31 28.8573207456
126.49 28.6591021715
127.66 26.5917840942
128.83 23.460947129
130.0 20.1801756013
131.16 18.1586002719
132.33 21.3402625125
133.5 25.664222818
134.66 29.0326679458
135.83 30.3350656281
137.0 28.9538887689
138.17 26.1673930446
139.33 22.8040304443
140.5 19.596955566
141.66 20.0276997751
142.83 23.9908006252
144.01 27.8776635621
145.18 30.3935146949
146.35 30.380808376
147.52 28.0873178232
148.68 24.9717284406
149.85 21.5067152895
151.02 19.2030596816
152.19 21.8637628493
153.37 26.1152971373
154.54 29.6400299869
155.71 31.0199362143
156.88 29.805212132
158.06 27.0365052541
159.23 23.6197761147
160.4 20.3237570044
161.56 20.2627666739
162.73 24.0454377962
163.9 27.9691490578
165.06 30.6298522255
166.24 30.8166351126
167.42 28.7493170354
168.59 25.5562191078
169.76 22.1814208206
170.92 19.4127139426
172.09 21.6502966925
173.26 25.8827715023
174.42 29.3960686649
175.6 31.0885503361
176.77 30.0936455699
177.94 27.4990152603
179.11 24.2322206833
180.28 20.8828350339
181.45 20.0988551607
182.62 23.7722519409
183.79 27.8319208142
184.95 30.8153644808
186.12 31.2270492116
187.29 29.3998805606
188.46 26.262690436
189.62 22.852314456
190.79 19.8752239489
191.95 21.3732989416
193.12 25.553677844
194.3 29.1673549256
195.46 31.1660588811
196.63 30.3858909035
197.81 27.8992643041
198.98 24.6223046721
200.15 21.3326387212
201.31 19.8790358445
202.48 23.2805174013
203.65 27.2690308891
204.82 30.4710232399
205.99 31.244838058
207.15 29.6629013608
208.32 26.7124941233
209.5 23.2030088563
210.66 19.9883101867
211.83 21.0480171789
213.0 25.0733789914
214.17 28.863673905
215.35 31.0135830549
216.52 30.6273109617
217.69 28.2741007103
218.85 25.1280161624
220.02 21.7760892492
221.19 19.7824678212
222.37 22.7887828617
223.54 26.8954651148
224.71 30.2207087585
225.88 31.310910916
227.05 29.8865325726
228.23 26.8865706916
229.4 23.4177456449
230.56 20.2856380478
231.72 20.7532305816
232.89 24.6705886838
234.06 28.5358508786
235.24 31.0402663244
236.41 30.8318826953
237.58 28.6298776381
238.75 25.4329678149
239.92 22.1826914525
241.09 19.7316425458
242.26 22.4457122527
243.42 26.660398216
244.59 30.0390083989
245.76 31.4112908349
246.93 30.126681999
248.1 27.3884702863
249.27 24.0505203238
250.44 20.79262017
251.6 20.6884283554
252.77 24.3846965096
253.94 28.3922694756
255.1 31.0961741274
256.27 31.1762239362
257.44 29.0568099516
258.61 25.9640919429
259.78 22.575316705
260.94 19.8650588938
262.11 21.8764691681
263.28 26.0581187024
264.44 29.6108054536
265.61 31.2600856406
266.78 30.369372689
267.94 27.70104573
269.11 24.5231953851
270.27 21.2195524835
271.42 20.139515381
272.58 23.538455674
273.75 27.6527617184
274.92 30.6616180226
276.1 31.277874487
277.26 29.4252931983
278.43 26.4659915376
279.6 23.0797575634
280.76 19.7989860358
281.92 21.1445852022
283.09 25.3122577858
284.26 29.1101764908
285.43 31.200365942
286.6 30.5942745327
287.77 28.1305193073
288.93 24.8649953622
290.1 21.5816825707
291.27 19.8116923546
292.43 23.0568861895
293.6 27.2207468774
294.77 30.446881234
295.94 31.5510603423
297.11 29.8153771871
298.29 26.915795225
299.46 23.4952541899
300.63 20.261496042
301.8 20.9946506398
302.97 24.9183619014
304.14 28.8509675862
305.31 31.1978246782
306.49 30.7823280517
307.66 27.9068880954
308.83 24.2461976341
310.0 20.8269272309
311.16 17.8460248281
312.33 15.467401939
313.5 13.3238459486
314.66 11.5538557325
315.84 10.097711592
317.0 9.05071091854
318.16 8.08376005387
319.33 7.28199133429
320.5 6.49928209298
321.66 5.91860332143
322.83 5.43703383693
324.0 5.00501899595
325.16 4.72675061308
326.32 4.20579154013
327.48 3.8817804094
328.65 3.71913952809
329.82 3.57555812506
330.99 3.31253732481
332.15 3.05332842022
333.27 2.86146300555
334.4 2.76489498227
335.52 2.65307937637
336.64 2.4701083849
337.77 2.3150912949
338.89 2.04698796712
340.02 2.0393641758
341.14 1.84622812925
342.27 1.81192106835
343.4 1.66833966532
344.52 1.85131065679
345.65 1.75093073786
346.78 1.70137609433
347.9 1.67723408851
349.02 1.47393298687
350.14 1.49934562458
351.26 1.57558353769
352.38 1.3595761172
353.5 1.25157240696
354.62 1.38753001868
355.75 1.32908095196
356.87 1.23632482434
358.0 1.19058207647
359.12 1.16644007065
360.25 1.15500438368
361.37 1.14992185614
362.49 1.01904677196
363.61 1.1448393286
364.73 1.1448393286
365.85 1.08003710245
366.97 1.04827130532
368.1 0.969492128435
369.23 0.928831908108
370.36 0.909772429829
371.48 0.836075780486
372.61 0.735695861552
373.74 0.684870586142
374.86 0.660728580323
375.99 0.584490667209
377.11 0.609903304914
378.23 0.813204406551
379.35 0.660728580323
380.47 0.648022261471
381.59 0.641669102044
382.71 0.828451989174
383.83 0.922478748682
384.96 0.969492128435
386.08 0.993634134255
387.22 0.878006632698
388.35 0.946620754501
389.48 0.982198447288
390.6 0.681058690487
391.72 0.594655722291
392.84 0.551454238193
393.96 0.466321901882
395.09 0.551454238193
396.23 0.593385090405
397.36 0.550183606307
398.48 0.593385090405
399.61 0.677246794831
400.74 0.847511467453
401.86 0.677246794831
402.98 0.656916684667
404.11 0.6454809977
405.23 0.513335281636
406.35 0.574325612127
407.48 0.668352371634
408.6 0.651834157126
409.72 0.644210365815
410.84 0.575596244012
411.97 0.479028220734
413.11 0.556536765734
414.23 0.595926354176
415.36 0.61625646434
416.48 0.625150887536
417.61 0.693765009339
418.74 0.601008881717
419.86 0.61879772811
420.99 0.56288992516
422.12 0.599738249832
423.24 0.553995501963
424.38 0.594655722291
425.5 0.551454238193
426.62 0.593385090405
427.75 0.550183606307
428.87 0.529853496144
430.0 0.518417809177
431.12 0.449803687374
432.24 0.479028220734
433.37 0.557807397619
434.5 0.532394759914
435.62 0.330364290161
436.74 0.546371710652
437.86 0.527312232373
438.99 0.453615583029
440.12 0.545101078766
441.24 0.462510006226
442.37 0.548912974422
443.5 0.528582864258
444.62 0.518417809177
445.74 0.576866875897
446.86 0.606091409258
447.99 0.494275803357
449.12 0.500628962783
450.24 0.567972452701
451.37 0.475216325078
452.5 0.428202945325
453.62 0.276997750982
454.75 0.4561568468
455.87 0.609903304914
456.99 0.368483246719
458.11 0.438368000407
459.24 0.599738249832
460.36 0.553995501963
461.49 0.404060939505
462.62 0.392625252538
463.74 0.451074319259
464.87 0.542559814996
466.0 0.526041600488
467.12 0.326552394506
468.25 0.416767258358
469.38 0.398978411964
470.51 0.517147177291
471.63 0.576866875897
472.76 0.479028220734
473.88 0.493005171472
475.0 0.437097368521
476.12 0.599738249832
477.25 0.553995501963
478.38 0.658187316553
479.51 0.646751629585
480.63 0.514605913521
481.76 0.574325612127
482.88 0.604820777373
484.0 0.556536765734
485.12 0.595926354176
486.25 0.61625646434
487.38 0.561619293275
488.51 0.598467617946
489.64 0.617527096225
490.76 0.626421519422
491.88 0.693765009339
493.01 0.664540475979
494.14 0.396437148194
495.27 0.325281762621
496.4 0.543830446881
497.52 0.462510006226
498.64 0.48538138016
499.77 0.560348661389
500.89 0.533665391799
502.01 0.648022261471
503.14 0.641669102044
504.26 0.575596244012
505.39 0.350694400325
506.52 0.175347200163
507.64 0.278268382867
508.77 0.457427478685
509.89 0.355776927866
511.01 0.495546435242
512.13 0.374836406145
513.26 0.377377669915
514.39 3.30237226973
515.55 9.78259488444
516.71 13.6592927663
517.87 14.7710956659
519.04 14.2463246973
520.21 12.6504110494
521.38 12.6148333566
522.55 17.3619140799
523.72 22.7214393718
524.88 26.8624286858
526.06 28.5523690932
527.23 27.2995260543
528.4 24.6413641504
529.56 21.3415331444
530.72 18.2310262894
531.89 19.0899734438
533.06 23.4584058652
534.23 27.4850383096
535.41 30.070774196
536.58 29.838248561
537.75 27.6248078169
538.92 24.4863470604
540.1 21.1369614109
541.26 18.955286464
542.43 21.9933673016
543.59 26.1800993634
544.75 29.6082641898
545.91 30.9411570374
547.09 29.5116961665
548.26 26.6997878045
549.44 23.4507820739
550.6 20.1115614795
551.76 20.2208358217
552.93 24.1509002427
554.1 28.0860471913
555.26 30.6883012922
556.43 30.6552648632
557.61 28.4786724438
558.78 25.420261496
559.94 21.922211916
561.11 19.4114433108
562.28 21.8396208434
563.45 26.1038614503
564.62 29.6336768275
565.79 31.144458139
566.96 29.9945362829
568.13 27.3859290225
569.3 23.9209158715
570.47 20.8548811324
571.64 20.339004587
572.81 24.0822861209
573.98 28.0517401304
575.15 30.7340440401
576.32 31.122857397
577.49 29.0936582763
578.65 25.9196198269
579.82 22.6159769253
580.99 19.5041994384
582.15 21.3783814691
583.32 25.6820116644
584.5 29.4862835288
585.66 31.1978246782
586.82 30.4659407123
588.0 27.8751222983
589.16 24.6108689851
590.34 21.4546193822
591.51 20.0658187317
592.68 23.5651389436
593.85 27.601936443
595.02 30.6374760168
596.21 31.3286997624
597.38 29.450705836
598.55 26.5422294507
599.72 22.9908133315
600.88 19.8815771083
602.04 21.1865160544
603.22 25.3961194902
604.4 29.2156389372
605.57 31.1902008869
606.74 30.5879213733
607.9 28.1279780435
609.07 24.800193136
610.24 21.4851145475
611.4 19.8917421634
612.56 23.0962757779
613.73 27.3046085818
614.9 30.4875414544
616.06 31.5078588582
617.23 29.7950470769
618.4 26.8408279437
619.56 23.394874271
620.73 20.1471391723
621.89 20.9374722049
623.06 24.9539395942
624.23 28.7416932441
625.4 31.0796559129
626.56 30.9144737678
627.73 28.7988716789
628.89 25.5168295193
630.06 22.2246223047
631.24 19.6897116936
632.41 22.4241115107
633.58 26.650233161
634.74 30.0974574656
635.91 31.4392447364
637.08 30.0783979873
638.26 27.3007966862
639.43 23.8789850193
640.6 20.5791540133
641.76 20.3911004943
642.92 24.236032579
644.09 28.1915096377
645.26 30.9957942085
646.43 31.0631376984
647.6 29.063163111
648.77 25.7773090558
649.93 22.2906951627
651.1 19.5956849341
652.26 21.8053137825
653.43 26.0225410096
654.6 29.5930166072
655.76 31.3782544059
656.93 30.3655607934
658.1 27.634972872
659.27 24.236032579
660.44 20.9489078919
661.6 20.0683599954
662.77 23.7570043583
663.94 27.8878286172
665.1 30.779786788
666.27 31.2092603652
667.44 29.3909861374
668.62 26.3859417288
669.79 22.9768363807
670.95 19.873953317
672.12 21.3732989416
673.29 25.5524072121
674.46 29.3579497084
675.62 31.3248878667
676.79 30.5282016747
677.96 28.033951284
679.12 24.8815135767
680.29 21.5893063621
681.46 20.0696306273
682.63 23.3770854246
683.8 27.380846495
684.97 30.5891920052
686.14 31.4316209451
687.31 29.7569281204
688.49 26.7582368712
689.65 23.5448088334
690.81 20.2221064535
691.98 21.0378521239
693.15 25.0682964638
694.34 28.9246642355
695.5 31.1711414086
696.67 30.8331533271
697.84 28.5040850815
699.01 25.1801120697
700.19 21.8650334812
701.36 19.8269399372
702.52 22.7468520095
703.68 26.9386665989
704.85 30.3058410948
706.02 31.4799049567
707.19 30.0351965032
708.38 27.0250695671
709.54 23.6769545495
710.71 20.4152425001
711.87 17.5143899061
713.04 15.1103543792
714.21 13.2094890789
715.38 11.4966772976
716.55 10.0684870586
717.72 9.10026556206
718.88 8.04437046543
720.04 7.1345980356
721.22 6.42685607553
722.39 5.8182234025
723.55 5.44974015578
724.71 4.82204800447
725.87 4.50693129693
727.04 4.22358038653
728.21 3.95420642686
729.38 3.56539306997
730.55 3.37098639153
731.71 3.20961614211
732.87 3.00250314481
734.0 2.77251877359
735.12 2.91101764908
736.25 2.53491061105
737.38 2.47519091244
738.51 2.38116415293
739.64 2.33415077318
740.76 2.18294557884
741.88 2.04444670335
743.0 2.0393641758
744.12 1.97202068589
745.25 2.00251585113
746.38 1.82716865097
747.51 1.80302664515
748.64 1.72805936392
749.76 1.68994040736
750.88 1.60734933482
752.01 1.62895007687
753.14 1.57685416958
754.27 1.42437834335
755.4 1.41040139261
756.52 1.27698504466
757.64 1.14738059237
758.76 1.20837092286
759.88 1.11307353147
761.01 1.06478951983
762.14 1.10417910827
763.27 1.12323858655
764.4 1.13340364163
765.52 1.07495457491
766.64 0.982198447288
767.77 0.936455699419
768.9 0.975845287862
770.02 0.996175398025
771.15 1.00634045311
772.28 1.01142298065
773.4 0.950432650157
774.52 0.729342702126
775.65 0.809392510896
776.78 0.659457948438
777.91 0.837346412371
779.04 0.864029681961
780.16 1.00379918934
781.28 1.07368394302
782.4 0.980927815403
783.52 0.935185067534
784.65 0.721718910814
785.78 0.80558061524
786.9 0.656916684667
788.02 0.646751629585
789.15 0.767461658683
790.27 0.764920394912
791.39 0.890712951551
792.51 0.700118168765
793.64 0.730613334011
794.77 0.683599954257
795.89 0.659457948438
797.02 0.646751629585
798.15 0.641669102044
799.26 0.637857206389
800.38 0.636586574504
801.5 0.573054980242
802.62 0.603550145487
803.75 0.810663142781
804.87 0.595926354176
806.0 0.614985832454
807.12 0.561619293275
808.24 0.534936023685
809.37 0.649292893356
810.5 0.514605913521
811.62 0.448533055488
812.75 0.414225994587
813.87 0.461239374341
815.0 0.548912974422
816.12 0.59211445852
817.25 0.550183606307
818.38 0.59211445852
819.51 0.550183606307
820.64 0.593385090405
821.76 0.550183606307
822.88 0.593385090405
824.01 0.550183606307
825.14 0.529853496144
826.27 0.6454809977
827.39 0.703930064421
828.52 0.66962300352
829.64 0.653104789012
830.77 0.580678771553
831.89 0.607362041143
833.02 0.621338991881
834.15 0.628962783192
835.28 0.504440858439
836.4 0.506982122209
837.52 0.761108499257
838.65 0.571784348356
839.77 0.476486956964
840.89 0.555266133848
842.02 0.595926354176
843.15 0.551454238193
844.28 0.529853496144
845.4 0.519688441062
846.52 0.576866875897
847.65 0.606091409258
848.78 0.621338991881
849.9 0.627692151307
851.02 0.504440858439
852.15 0.570513716471
853.28 0.53874791934
854.4 0.523500336717
855.53 0.515876545406
856.65 0.321469866965
857.78 0.351965032211
858.9 0.42947357721
860.02 0.595926354176
861.15 0.61625646434
862.28 0.561619293275
863.4 0.534936023685
864.53 0.331634922047
865.66 0.48284011639
866.78 0.495546435242
867.89 0.56543118893
869.02 0.34688250467
870.15 0.490463907701
871.28 0.308763548112
872.4 0.282080278523
873.53 0.395166516309
874.66 0.387542724997
875.78 0.257938272703
876.9 0.50952338598
878.02 0.445991791718
879.15 0.540018551226
880.28 0.397707780079
881.4 0.579408139668
882.52 0.480298852619
883.65 0.557807397619
884.78 0.343070609014
885.9 0.425661681554
887.02 0.339258713358
888.15 0.424391049669
889.28 0.593385090405
890.4 0.359588823522
891.52 0.498087699013
892.65 0.312575443768
893.78 0.219819316146
894.9 0.172805936392
896.02 0.340529345243
897.15 0.233796266884
898.28 0.180429727704
899.4 0.217278052375
900.53 0.236337530654
901.65 0.372295142374
902.78 0.439638632292
903.9 0.473945693193
905.02 0.301139756801
906.15 0.531124128029
907.28 0.519688441062
908.4 0.514605913521
909.52 0.510794017865
910.64 0.318928603194
911.76 0.350694400325
912.88 0.238878794424
914.01 1.1359449054
915.14 6.92113187888
916.31 12.4814170087
917.48 14.6910458571
918.64 14.6516562687
919.81 13.6148206503
920.98 11.9541047763
922.14 14.6173492078
923.3 20.205588239
924.46 25.1597819596
925.63 28.0174330695
926.8 28.0491988666
927.97 26.0327060647
929.14 22.9908133315
930.31 19.9451087026
931.48 18.1039631009
932.65 21.4406424315
933.82 25.7773090558
934.99 29.2804411634
936.17 30.3960559586
937.35 28.7937891513
938.53 25.8954778211
939.69 22.5410096441
940.85 19.3390172933
942.01 20.0886901056
943.18 24.2754221674
944.36 28.2753713422
945.54 30.591733269
946.7 30.3528544745
947.86 28.1368724667
949.04 24.8688072578
950.21 21.5829532026
951.38 19.3047102324
952.55 22.1687145017
953.72 26.394836152
954.89 29.8433310886
956.06 31.1215867651
957.23 29.7289742189
958.41 26.871323109
959.58 23.4101218536
960.75 20.1547629636
961.91 20.4965629408
963.08 24.3529307124
964.26 28.2499587045
965.43 30.7696217329
966.61 30.8229882721
967.78 28.6260657425
968.94 25.4952287773
970.12 22.1496550234
971.28 19.5245295485
972.46 22.0873940611
973.62 26.3554465636
974.8 29.6959377899
975.97 31.2384848985
977.14 30.1686128512
978.31 27.3452688022
979.48 24.0289195817
980.66 20.8447160773
981.82 20.5245168422
982.99 24.2385738428
984.16 28.1292486754
985.34 30.7734336285
986.51 31.0161243186
987.68 29.1038233313
988.84 25.9234317226
990.01 22.5549865948
991.18 19.7278306502
992.36 21.8078550463
993.53 26.0238116415
994.7 29.6578188333
995.86 31.4735517973
997.03 30.4761057674
998.21 27.7544122692
999.38 24.2957522776
1000.55 21.0429346514
1001.72 20.1141027433
1002.88 23.7163441379
1004.05 27.7417059504
1005.22 30.7696217329
1006.39 31.2041778376
1007.56 29.3884448736
1008.73 26.3211395027
1009.89 23.0708631402
1011.06 19.8587057344
1012.23 21.5549993012
1013.4 25.7709558964
1014.57 29.4672240505
1015.74 31.3795250378
1016.9 30.6196871704
1018.07 28.0796940318
1019.24 24.8395827245
1020.4 21.5689762519
1021.56 19.995933978
1022.74 23.3402370999
1023.9 27.4253186109
1025.07 30.4850001906
1026.24 31.5065882263
1027.41 29.793776445
1028.58 26.8408279437
1029.74 23.5219374595
1030.91 20.2742023608
1032.08 21.1280669877
1033.25 25.0492369856
1034.42 28.9157698123
1035.59 31.167329513
1036.77 30.8306120634
1037.94 28.5028144496
1039.11 25.2423730321
1040.28 21.9603308725
1041.44 19.8116923546
1042.62 22.8662914067
1043.78 27.0619178918
1044.94 30.303299831
1046.11 31.5421659191
1047.28 30.1292232627
1048.46 27.2626777296
1049.62 23.859925541
1050.79 20.5702595901
1051.95 20.7684781642
1053.12 24.7417440693
1054.3 28.6349601657
1055.46 31.089820968
1056.63 31.0466194839
1057.81 28.8014129427
1058.98 25.6464339716
1060.15 22.3529561251
1061.32 19.7532432879
1062.5 22.3288141193
1063.66 26.5384175551
1064.83 29.9780180684
1066.0 31.5078588582
1067.17 30.3655607934
1068.34 27.5079096835
1069.51 24.1102400224
1070.68 20.9489078919
1071.84 20.6401443438
1073.02 24.3605545038
1074.2 28.2537706001
1075.37 31.0262893737
1076.54 31.1419168753
1077.7 29.0390211052
1078.86 25.9551975197
1080.03 22.6350364036
1081.2 19.7036886444
1082.37 21.8586803217
1083.53 26.1140265054
1084.7 29.7022909493
1085.86 31.3693599827
1087.04 30.5510730486
1088.22 27.9818553767
1089.39 24.6642355243
1090.56 21.2259056429
1091.72 20.2068588709
1092.88 23.8256184801
1094.06 27.92340631
1095.23 30.7975756344
1096.4 31.4087495712
1097.57 29.4900954245
1098.74 26.3719647781
1099.9 22.9692125894
1101.06 19.9984752417
1102.23 21.4342892721
1103.4 25.5841730092
1104.57 29.2461341025
1105.74 31.2689800638
1106.9 30.690842556
1108.07 28.2423349132
1109.24 24.8586422028
1110.41 21.5143390808
1111.58 19.8421875199
1112.75 23.2627285549
1113.91 27.3871996544
1115.09 30.5930039008
1116.26 31.432891577
1117.43 29.3122069605
1118.6 25.9653625748
1119.76 22.4482535165
1120.92 19.1026797626
1122.09 16.3492204673
1123.26 14.2730079669
1124.43 12.3467300288
1125.6 10.8105360796
1126.75 9.53482166681
1127.9 8.57930648912
1129.06 7.65682774044
1130.23 6.94146198905
1131.4 6.33028805225
1132.56 5.7064077966
1133.73 5.20323757004
1134.89 4.82585990013
1136.07 4.38240937218
1137.24 3.96945400948
1138.4 3.76361164407
1139.56 3.47009567858
1140.73 3.32397301178
1141.89 3.18674476817
1143.05 3.11813064637
1144.19 2.82969720842
1145.32 2.62131357924
1146.44 2.64545558506
1147.57 2.40276489498
1148.7 2.280784234
1149.81 2.22106453539
1150.94 2.12703777589
1152.07 1.88942961335
1153.2 1.76999021613
1154.32 1.71154114941
1155.45 1.68104598417
1156.58 1.66706903343
1157.71 1.59591364786
1158.83 1.49680436081
1159.96 1.57431290581
1161.08 1.48536867384
1162.21 1.37863559548
1163.34 1.45106161294
1164.47 1.42437834335
1165.6 1.22107724171
1166.72 1.11815605901
1167.84 1.19439397212
1168.96 1.3595761172
1170.08 1.25157240696
1171.2 1.13467427352
1172.32 1.20201776343
1173.45 1.23632482434
1174.58 1.19058207647
1175.71 1.03937688212
1176.83 1.21853597794
1177.96 1.05462446475
1179.08 0.972033392206
1180.21 0.930102539993
1181.34 0.909772429829
1182.47 0.899607374747
1183.59 0.894524847207
1184.71 0.828451989174
1185.83 0.795415560158
1186.96 0.77889734565
1188.08 0.898336742862
1189.21 0.956785809583
1190.34 0.987280974829
1191.46 0.810663142781
1192.59 0.913584325485
1193.72 0.711553855732
1194.84 0.673434899175
1195.96 0.844970203682
1197.09 0.739507757208
1198.22 0.687411849913
1199.35 0.852593994994
1200.48 0.933914435649
1201.6 0.848782099338
1202.72 0.678517426716
1203.84 0.720448278929
1204.97 0.740778389093
1206.1 0.688682481798
1207.22 0.598467617946
1208.35 0.806851247125
1209.48 0.658187316553
1210.6 0.646751629585
1211.72 0.640398470159
1212.84 0.764920394912
1213.96 0.763649763027
1215.08 0.573054980242
1216.21 0.476486956964
1217.34 0.556536765734
1218.47 0.595926354176
1219.6 0.614985832454
1220.72 0.625150887536
1221.84 0.630233415077
1222.96 0.569243084586
1224.09 0.53874791934
1225.22 0.523500336717
1226.35 0.388813356882
1227.47 0.321469866965
1228.6 0.542559814996
1229.72 0.524770968603
1230.85 0.390083988768
1231.98 0.51206464975
1233.1 0.574325612127
1234.22 0.541289183111
1235.35 0.651834157126
1236.48 0.515876545406
1237.6 0.575596244012
1238.72 0.66962300352
1239.84 0.715365751388
1240.97 0.612444568684
1242.1 0.496817067127
1243.22 0.501899594668
1244.35 0.505711490324
1245.48 0.506982122209
1246.6 0.443450527948
1247.72 0.540018551226
1248.84 0.587031930979
1249.97 0.484110748275
1251.1 0.496817067127
1252.22 0.501899594668
1253.35 0.632774678848
1254.48 0.506982122209
1255.6 0.443450527948
1256.72 0.540018551226
1257.84 0.523500336717
1258.97 0.579408139668
1260.1 0.543830446881
1261.22 0.526041600488
1262.35 0.580678771553
1263.48 0.481569484505
1264.6 0.430744209095
1265.72 0.533665391799
1266.84 0.457427478685
1267.96 0.546371710652
1269.08 0.40024904385
1270.21 0.453615583029
1271.33 0.290974701719
1272.46 0.398978411964
1273.59 0.517147177291
1274.71 0.32274049885
1275.84 0.415496626472
1276.96 0.524770968603
1278.09 0.517147177291
1279.21 0.575596244012
1280.34 0.479028220734
1281.48 0.493005171472
1282.6 0.500628962783
1283.72 0.567972452701
1284.84 0.53874791934
1285.96 0.459968742456
1287.09 0.357047559751
1288.22 0.495546435242
1289.34 0.56543118893
1290.47 0.473945693193
1291.6 0.490463907701
1292.72 0.308763548112
1293.84 0.472675061308
1294.96 0.299869124916
1296.09 0.21346615672
1297.22 0.360859455407
1298.35 0.371024510489
1299.48 0.249043849506
1300.6 0.3786483018
1301.72 0.252855745162
1302.84 0.379918933686
1303.97 0.254126377047
1305.09 0.381189565571
1306.21 0.381189565571
1307.33 0.254126377047
1308.45 0.190594782785
1309.57 0.158828985655
1310.7 0.396437148194
1311.82 0.261750168359
1312.95 0.385001461227
1314.07 0.510794017865
1315.2 4.32141904169
1316.36 9.6568023278
1317.52 12.4521924753
1318.67 12.8969136352
1319.83 12.2298318954
1321.0 10.816889239
1322.16 13.285726992
1323.34 19.0950559713
1324.51 24.2868578544
1325.69 27.5816063328
1326.86 27.8319208142
1328.02 25.9234317226
1329.2 23.1267709432
1330.36 19.7583258154
1331.52 17.8206121904
1332.69 21.1090075094
1333.86 25.5473246846
1335.02 29.1012820676
1336.2 30.5612381037
1337.37 29.1305066009
1338.54 26.1915350504
1339.71 22.8154661313
1340.87 19.6033087254
1342.04 19.8396462561
1343.21 23.8332422714
1344.38 27.8636866114
1345.56 30.5129540921
1346.73 30.5040596689
1347.89 28.4037051626
1349.06 25.2563499828
1350.23 21.966684032
1351.4 19.3695124585
1352.56 21.8192907333
1353.73 26.1572279895
1354.9 29.6603600971
1356.06 31.221966684
1357.24 30.0326552395
1358.42 27.2779253123
1359.59 23.8675493323
1360.76 20.5740714857
1361.92 20.261496042
1363.09 23.9171039758
1364.26 27.9043468317
1365.44 30.7251496169
1366.62 30.9271800867
1367.78 28.9322880268
1368.94 25.8382993863
1370.11 22.3859925541
1371.28 19.5791667196
1372.44 21.5422929823
1373.61 25.8281343312
1374.78 29.3693853954
1375.95 31.2664388
1377.12 30.3719139528
1378.29 27.6387847677
1379.45 24.4291686256
1380.62 21.1090075094
1381.79 20.083607578
1382.94 23.5105017725
1384.11 27.7023163619
1385.28 30.6870306603
1386.45 31.2893101739
1387.62 29.4316463577
1388.8 26.5320643956
1389.96 22.9870014358
1391.13 20.006099033
1392.31 21.3758402053
1393.48 25.553677844
1394.69 29.2321571518
1395.89 31.1978246782
1397.1 30.4646700804
1398.31 27.7480591098
1399.52 24.2932110138
1400.72 20.8510692367
1401.92 20.4635265117
1403.13 24.2716102718
1404.35 28.2728300784
1405.56 30.845859646
1406.77 30.9881704171
1407.97 28.6451252208
1409.18 25.4405916062
1410.39 21.8688453768
1411.6 19.8917421634
1412.8 23.0975464098
1414.01 27.2410769876
1415.22 30.4557756572
1416.42 31.3655480871
1417.63 29.5320262767
1418.85 26.3922948882
1420.06 22.9171166821
1421.27 19.9082603779
1422.48 21.8980699102
1423.69 26.1330859837
1424.9 29.7111853725
1426.1 31.310910916
1427.32 30.0771273554
1428.54 27.23599446
1429.74 23.9742824106
1430.94 20.5639064307
1432.15 21.0187926456
1433.37 25.0581314087
1434.58 28.9831133022
1435.78 31.1368343477
1436.98 30.6260403299
1438.2 28.2728300784
1439.4 24.8738897854
1440.6 21.3948996836
1441.8 20.1636573868
1443.01 23.7404861438
1444.22 27.8802048259
1445.43 30.7759748923
1446.64 31.0809265448
1447.85 29.0085259399
1449.05 25.9399499371
1450.26 22.3732862352
1451.46 19.8269399372
1452.66 22.5562572267
1453.87 26.7798376132
1455.08 30.1622596917
1456.29 31.2816863826
1457.5 29.6806902072
1458.7 26.848451735
1459.89 23.3351545724
1461.1 19.9895808185
1462.31 21.4304773764
1463.52 25.5816317455
1464.73 29.4367288853
1465.94 31.2359436348
1467.15 30.4214685963
1468.38 27.6629267735
1469.59 24.2500095297
1470.8 20.8930000889
1472.0 20.7379829989
1473.21 24.6642355243
1474.42 28.532038983
1475.63 30.9754640983
1476.84 30.8623778605
1478.05 28.454530438
1479.26 25.154699432
1480.47 21.8535977942
1481.68 20.1382447491
1482.88 23.3478608912
1484.09 27.4926621009
1485.3 30.5828388458
1486.51 31.3007458609
1487.72 29.373197291
1488.93 26.2499841171
1490.13 22.7176274761
1491.35 19.7456194966
1492.56 22.0073442523
1493.76 26.3147863432
1494.96 29.8662024625
1496.18 31.3871488291
1497.38 29.9881831235
1498.59 27.1292613817
1499.8 23.6655188625
1501.0 20.4736915668
1502.2 21.1636446805
1503.41 25.321152209
1504.62 29.1787906126
1505.83 31.2982045971
1507.04 30.7060901386
1508.25 28.1228955159
1509.45 24.7353909099
1510.66 21.3250149299
1511.87 20.2564135144
1513.08 24.1051574948
1514.29 28.0619051854
1515.5 30.8674603881
1516.7 30.934803878
1517.9 28.3007839799
1519.11 24.5702087648
1520.33 21.1153606689
1521.54 17.9908768631
1522.74 15.3492331737
1523.93 13.3289284761
1525.13 11.5563969962
1526.35 10.0341799977
1527.56 8.82962097051
1528.76 7.90841285371
1529.96 7.00372295142
1531.18 6.29725162323
1532.39 5.81695277061
1533.59 5.32267696726
1534.79 4.949111193
1535.99 4.76105767398
1537.2 4.22358038653
1538.4 4.14480120964
1539.6 3.85128524415
1540.8 3.57682875694
1542.0 3.3138079567
1543.2 2.92753586358
1544.36 2.73439981703
1545.52 2.76489498227
1546.69 2.65307937637
1547.85 2.4701083849
1549.02 2.50568607769
1550.19 2.26934854703
1551.36 2.08764818744
1552.52 1.86909950318
1553.69 1.95169057572
1554.87 1.92881920179
1556.04 1.72678873204
1557.2 1.62513818122
1558.36 1.63911513196
1559.52 1.58193669712
1560.69 1.55271216376
1561.86 1.53873521302
1563.03 1.40531886507
1564.2 1.33797537515
1565.36 1.36719990851
1566.53 1.31891589688
1567.7 1.42183707958
1568.85 1.47393298687
1570.01 1.30875084179
1571.18 1.41675455204
1572.35 1.21599471417
1573.52 1.05335383286
1574.68 1.09782594884
1575.84 1.05716572852
1577.01 1.03683561835
1578.19 1.09020215753
1579.36 0.989822238599
1580.52 0.940267595075
1581.68 1.04191814589
1582.84 1.21980660983
1584.0 1.05462446475
1585.18 0.972033392206
1586.34 0.803039351469
1587.51 0.846240835568
1588.68 0.804309983355
1589.84 0.847511467453
1591.01 0.740778389093
1592.19 0.75221407606
1593.36 0.693765009339
1594.52 0.855135258764
1595.69 0.744590284749
1596.86 0.689953113683
1598.03 0.663269844093
1599.2 0.839887676141
1600.36 0.736966493437
1601.52 0.74967281229
1602.68 0.756025971716
1603.84 0.69630627311
1605.01 0.53874791934
1606.19 0.650563525241
1607.36 0.64293973393
1608.52 0.829722621059
1609.68 0.668352371634
1610.85 0.524770968603
1612.02 0.453615583029
1613.19 0.543830446881
1614.36 0.462510006226
1615.52 0.548912974422
1616.69 0.528582864258
1617.86 0.581949403438
1619.03 0.545101078766
1620.2 0.527312232373
1621.36 0.580678771553
1622.53 0.608632673028
1623.7 0.621338991881
1624.85 0.628962783192
1626.02 0.567972452701
1627.19 0.53874791934
1628.36 0.650563525241
1629.52 0.452344951144
1630.69 0.543830446881
1631.86 0.462510006226
1633.03 0.548912974422
1634.2 0.465051269997
1635.36 0.486652012046
1636.52 0.496817067127
1637.68 0.566701820815
1638.85 0.473945693193
1640.02 0.490463907701
1641.19 0.499358330898
1642.35 0.567972452701
1643.52 0.601008881717
1644.68 0.61879772811
1645.84 0.435826736636
1647.01 0.53620665557
1648.19 0.585761299094
1649.36 0.609903304914
1650.52 0.622609623766
1651.68 0.374836406145
1652.84 0.3786483018
1654.0 0.379918933686
1655.17 0.506982122209
1656.33 0.571784348356
1657.49 0.603550145487
1658.65 0.61879772811
1659.81 0.627692151307
1660.98 0.440909264177
1662.15 0.410414098931
1663.32 0.459968742456
1664.49 0.484110748275
1665.65 0.686141218028
1666.81 0.660728580323
1667.97 0.711553855732
1669.13 0.609903304914
1670.3 0.622609623766
1671.45 0.628962783192
1672.61 0.632774678848
1673.79 0.379918933686
1674.95 0.443450527948
1676.12 0.412955362702
1677.28 0.459968742456
1678.44 0.420579154013
1679.61 0.528582864258
1680.78 0.518417809177
1681.93 0.576866875897
1683.1 0.66962300352
1684.26 0.524770968603
1685.43 0.453615583029
1686.6 0.289704069834
1687.76 0.335446817702
1688.92 0.294786597375
1690.08 0.465051269997
1691.24 0.423120417784
1692.41 0.529853496144
1693.58 0.327823026391
1694.74 0.418037890243
1695.9 0.273185855326
1697.06 0.199489205982
1698.24 0.354506295981
1699.4 0.430744209095
1700.56 0.533665391799
1701.72 0.457427478685
1702.88 0.419308522128
1704.04 0.40024904385
1705.2 0.453615583029
1706.36 0.290974701719
1707.53 0.462510006226
1708.7 0.548912974422
1709.85 0.401519675735
1711.02 0.391354620653
1712.19 0.449803687374
1713.35 0.415496626472
1714.52 0.716636383273
1715.68 5.82203529815
1716.88 10.5983405548
1718.09 12.477605113
1719.3 12.5284303884
1720.49 11.4102743294
1721.68 11.2959174598
1722.88 16.1306717831
1724.08 21.9793903508
1725.29 26.3643409868
1726.5 27.9843966404
1727.7 26.7620487669
1728.9 24.1178638137
1730.11 20.9539904194
1731.32 18.1001512052
1732.53 20.1687399144
1733.74 24.6324697272
1734.94 28.4532598061
1736.15 30.237226973
1737.37 29.1584605024
1738.58 26.4596383782
1739.78 23.0772162997
1740.98 19.7977154039
1742.19 20.0645480998
1743.4 24.2627158486
1744.6 28.2054865885
1745.8 30.5574262081
1747.01 30.2715340339
1748.22 27.8420858693
1749.44 24.5308191764
1750.64 21.0963011906
1751.84 19.6338038907
1753.05 23.1585367403
1754.26 27.3351037471
1755.47 30.4392574427
1756.68 30.8484009098
1757.89 28.9564300327
1759.09 25.7874741109
1760.31 22.4228408788
1761.52 19.7252893864
1762.73 22.2513055743
1763.94 26.5002985985
1765.14 29.8318954016
1766.36 31.1165042376
1767.57 29.661630729
1768.78 26.7747550857
1769.98 23.2983062477
1771.19 19.9717919721
1772.4 21.2945197647
1773.6 25.5142882555
1774.8 29.2118270416
1776.0 31.0605964346
1777.21 30.2054611758
1778.42 27.5549230632
1779.62 24.1331113963
1780.83 20.771019428
1782.04 20.3593346971
1783.25 24.1572534021
1784.46 28.1521200493
1785.66 30.8484009098
1786.87 30.735314672
1788.08 28.5815936265
1789.29 25.3452942148
1790.5 21.8853635913
1791.7 19.9006365866
1792.9 23.0378267112
1794.1 27.2105818223
1795.32 30.5053303008
1796.52 31.3896900929
1797.73 29.4812010013
1798.93 26.3668822505
1800.13 22.8396081371
1801.35 19.7430782328
1802.56 21.6884156491
1803.76 26.0911551314
1804.96 29.5637920738
1806.18 31.2372142667
1807.38 30.103810625
1808.59 27.3770345993
1809.8 23.9806355701
1811.0 20.5664476944
1812.2 20.8930000889
1813.41 24.9958704464
1814.62 28.8255549485
1815.83 31.1215867651
1817.04 30.6806775009
1818.25 28.3007839799
1819.45 24.8878667361
1820.66 21.401252843
1821.86 20.040406094
1823.07 23.7430274075
1824.28 27.8179438635
1825.49 30.7442090952
1826.7 31.1914715188
1827.9 29.1914969314
1829.1 26.0949670271
1830.32 22.5143263745
1831.53 19.8968246909
1832.74 22.464771731
1833.93 26.7976264596
1835.14 30.1076225207
1836.35 31.3807956697
1837.56 29.9221102654
1838.77 26.9678911323
1839.97 23.4584058652
1841.18 20.1153733752
1842.39 21.3669457821
1843.6 25.6769291369
1844.8 29.2931474822
1846.01 31.2283198435
1847.22 30.5434492573
1848.42 27.978043481
1849.63 24.6629648924
1850.84 21.2259056429
1852.04 20.5232462103
1853.25 24.302105437
1854.46 28.3516092553
1855.66 30.9487808287
1856.87 31.0389956926
1858.08 28.8611326413
1859.29 25.5485953165
1860.49 21.9870141421
1861.69 19.951461862
1862.9 22.9997077547
1864.1 27.2550539383
1865.31 30.4633994485
1866.52 31.432891577
1867.73 29.5663333376
1868.94 26.5994078855
1870.14 23.0835694591
1871.36 19.9921220823
1872.57 21.9400007624
1873.78 26.1534160938
1874.98 29.7226210595
1876.18 31.3159934435
1877.39 30.270263402
1878.61 27.4596256718
1879.82 23.959034828
1881.03 20.6198142336
1882.24 20.9196833585
1883.45 25.0721083595
1884.66 28.863673905
1885.86 31.2041778376
1887.07 30.6590767589
1888.28 28.2258166986
1889.48 24.9768109681
1890.69 21.6375903737
1891.9 20.3478990102
1893.1 23.8967738656
1894.31 27.8954524085
1895.52 30.7835986836
1896.73 31.1469994028
1897.94 29.0428330009
1899.14 25.8929365573
1900.36 22.4126758237
1901.56 19.8472700474
1902.77 22.4393590933
1903.96 26.6578569523
1905.18 30.1012693613
1906.38 31.3782544059
1907.59 29.9195690017
1908.8 27.0314227265
1910.0 23.6172348509
1911.2 20.1306209578
1912.41 21.4381011677
1913.62 25.7125068296
1914.83 29.3744679229
1916.04 31.2689800638
1917.24 30.1825898019
1918.45 26.9717030279
1919.65 23.3338839405
1920.86 19.9260492243
1922.07 17.0150315752
1923.28 14.7329767093
1924.48 12.7673091829
1925.68 11.2120557553
1926.88 9.73558150468
1928.09 8.61615481379
1929.31 7.61108499257
1930.51 6.79152742659
1931.72 6.19178917676
1932.92 5.63652304291
1934.12 5.10539891488
1935.34 4.83983685087
1936.54 4.26296997497
1937.75 3.90973431087
1938.95 3.54379232792
1940.15 3.35955070457
1941.36 3.33159680309
1942.57 3.12702506957
1943.74 3.08890611301
1944.91 2.87798122006
1946.08 2.58319462269
1947.24 2.56159388064
1948.41 2.36083404277
1949.58 2.06985934105
1950.74 2.11560208892
1951.9 1.88307645392
1953.06 1.76744895236
1954.24 1.90086530031
1955.4 1.7128117813
1956.56 1.80937980458
1957.72 1.92119541048
1958.88 1.72297683638
1960.05 1.75093073786
1961.21 1.70137609433
1962.38 1.67596345663
1963.55 1.6009961754
1964.71 1.68994040736
1965.86 1.41675455204
1967.03 1.21599471417
1968.2 1.37101180417
1969.36 1.32018652876
1970.52 1.10544974016
1971.68 1.31510400122
1972.84 1.35576422155
1974.01 1.05970699229
1975.18 1.29223262729
1976.35 1.34432853458
1977.51 1.18041702138
1978.68 0.908501797944
1979.84 1.15246311991
1981.0 1.14865122425
1982.17 0.891983583436
1983.32 0.763649763027
1984.48 1.01650550819
1985.64 0.889442319666
1986.79 0.762379131142
1987.94 0.825910725404
1989.1 0.921208116796
1990.26 0.969492128435
1991.43 0.928831908108
1992.6 0.909772429829
1993.76 0.772544186224
1994.91 0.703930064421
1996.08 0.606091409258
1997.25 0.556536765734
1998.41 0.468863165652
1999.58 0.552724870078
2000.75 0.783979873191
2001.91 0.583220035324
2003.08 0.799227455814
2004.24 0.844970203682
2005.41 0.612444568684
2006.59 0.814475038437
2007.75 0.598467617946
2008.91 0.61625646434
2010.08 0.499358330898
2011.24 0.439638632292
2012.41 0.537477287455
2013.58 0.650563525241
2014.75 0.515876545406
2015.9 0.702659432536
2017.06 0.85894715442
2018.23 0.683599954257
2019.4 0.659457948438
2020.56 0.838617044256
2021.72 0.736966493437
2022.87 0.622609623766
2024.03 0.819557565978
2025.2 0.853864626879
2026.36 0.80812187901
2027.52 0.658187316553
2028.69 0.646751629585
2029.85 0.641669102044
2031.01 0.574325612127
2032.19 0.604820777373
2033.36 0.620068359995
2034.52 0.75475533983
2035.68 0.631504046963
2036.84 0.697576904995
2038.01 0.792874296388
2039.18 0.587031930979
2040.35 0.357047559751
2041.52 0.306222284342
2042.68 0.21600742049
2043.84 0.425661681554
2045.01 0.594655722291
2046.18 0.614985832454
2047.34 0.625150887536
2048.51 0.37610703803
2049.68 0.569243084586
2050.84 0.729342702126
2052.0 0.745860916634
2053.17 0.56288992516
2054.34 0.663269844093
2055.51 0.45869811057
2056.68 0.673434899175
2057.84 0.463780638111
2059.0 0.486652012046
2060.17 0.496817067127
2061.34 0.503170226554
2062.51 0.505711490324
2063.68 0.506982122209
2064.84 0.443450527948
2066.01 0.476486956964
2067.18 0.491734539587
2068.34 0.500628962783
2069.51 0.631504046963
2070.68 0.632774678848
2071.84 0.443450527948
2073.01 0.412955362702
2074.18 0.459968742456
2075.35 0.29351596549
2076.52 0.59211445852
2077.68 0.613715200569
2078.84 0.369753878604
2080.01 0.439638632292
2081.18 0.283350910408
2082.35 0.204571733523
2083.52 0.229984371228
2084.68 0.495546435242
2085.84 0.311304811883
2087.01 0.219819316146
2088.18 0.363400719178
2089.34 0.372295142374
2090.5 0.504440858439
2091.66 0.632774678848
2092.82 0.316387339424
2093.99 0.285892174178
2095.16 0.587031930979
2096.33 0.357047559751
2097.5 0.496817067127
2098.66 0.501899594668
2099.82 0.632774678848
2100.99 0.570513716471
2102.17 0.53874791934
2103.33 0.587031930979
2104.5 0.420579154013
2105.66 0.465051269997
2106.83 0.423120417784
2108.0 0.401519675735
2109.17 0.391354620653
2110.33 0.449803687374
2111.5 0.288433437949
2112.66 0.271915223441
2113.83 0.390083988768
2115.0 0.51206464975
2116.16 0.32019923508
2117.32 0.350694400325
2118.49 0.175347200163
2119.66 0.468863165652
2120.82 0.614985832454
2121.99 0.371024510489
2123.16 0.37610703803
2124.33 0.823369461633
2125.49 6.95543893978
2126.69 12.6262690436
2127.89 14.6999402803
2129.1 14.7189997586
2130.31 13.2679381456
2131.52 11.9706229908
2132.73 15.7698123277
2133.94 21.4800320199
2135.14 26.051765543
2136.35 28.2728300784
2137.56 27.4786851501
2138.76 24.8573715709
2139.96 21.8307264202
2141.17 18.5397898375
2142.38 19.3072514962
2143.58 23.7582749902
2144.79 27.7620360605
2145.99 30.2080024396
2147.2 29.6527363058
2148.4 27.2791959441
2149.6 23.8675493323
2150.8 20.383476703
2152.01 19.3402879252
2153.22 23.0759456678
2154.43 27.2931728949
2155.63 30.291864144
2156.83 30.5841094776
2158.04 28.5701579395
2159.24 25.4037432815
2160.45 22.0403806813
2161.65 19.342829189
2162.86 22.0607107915
2164.06 26.4050012071
2165.28 29.8471429842
2166.48 31.0605964346
2167.69 29.5714158651
2168.9 26.5384175551
2170.1 23.1801374824
2171.32 19.7862797169
2172.52 21.1382320428
2173.74 25.4355090787
2174.94 29.2359690474
2176.14 31.0720321216
2177.36 30.148282741
2178.57 27.4634375675
2179.77 24.0238370542
2180.97 20.5880484365
2182.17 20.3326514276
2183.38 24.2703396399
2184.58 28.144496258
2185.79 30.9081206084
2186.99 30.8928730258
2188.21 28.5333096149
2189.41 25.1940890205
2190.62 21.8091256782
2191.82 19.7989860358
2193.03 22.9870014358
2194.24 27.2499714108
2195.45 30.4608581848
2196.66 31.2397555304
2197.86 29.3427021258
2199.07 26.361799723
2200.29 22.7100036848
2201.49 19.6782760067
2202.7 21.7824424086
2203.9 26.1394391431
2205.11 29.7785288624
2206.33 31.2804157508
2207.54 30.0618797728
2208.74 27.291902263
2209.94 23.8116415293
2211.14 20.4190543958
2212.35 20.8828350339
2213.56 24.9259856927
2214.77 28.7912478876
2215.97 31.1037979187
2217.18 30.6730537096
2218.38 28.1699088957
2219.59 24.8217938781
2220.8 21.3046848198
2222.0 20.0556536766
2223.2 23.6871196046
2224.41 27.789989962
2225.62 30.6667005502
2226.83 31.089820968
2228.04 29.0771400618
2229.24 25.7836622152
2230.45 22.2309754641
2231.65 19.5651897689
2232.86 22.298318954
2234.06 26.5867015667
2235.28 30.0656916685
2236.49 31.2969339653
2237.7 29.7531162247
2238.91 26.693434645
2240.12 23.3211776216
2241.33 20.1102908476
2242.54 21.490197075
2243.75 25.675658505
2244.95 29.2918768504
2246.17 31.1647882492
2247.38 30.1940254889
2248.58 27.5498405357
2249.79 24.1305701325
2250.99 20.8955413527
2252.2 20.6769926685
2253.41 24.5054065387
2254.62 28.4532598061
2255.82 30.9996061041
2257.04 30.8738135475
2258.25 28.5244151917
2259.45 25.2538087191
2260.66 21.9018818058
2261.87 19.9095310098
2263.08 23.2322333897
2264.3 27.435483666
2265.5 30.6171459067
2266.71 31.255003113
2267.91 29.4138575113
2269.12 26.2703142273
2270.34 22.7277925312
2271.54 19.6236388356
2272.75 22.0098855161
2273.95 26.3160569751
2275.17 29.993265651
2276.38 31.4519510553
2277.58 30.1470121091
2278.79 27.2080405586
2280.0 23.7697106771
2281.2 20.2703904652
2282.4 20.936201573
2283.6 25.1432637451
2284.8 28.8992515978
2286.0 31.0949034955
2287.21 30.6679711821
2288.42 28.2308992262
2289.62 24.7252258548
2290.83 21.25767144
2292.04 20.095043265
2293.25 23.8332422714
2294.46 27.9272182056
2295.66 30.735314672
2296.87 31.0605964346
2298.08 28.9983608849
2299.29 25.8713358153
2300.51 22.3389791743
2301.72 19.9362142794
2302.91 22.7379575863
2304.12 26.9348547032
2305.34 30.2397682367
2306.54 31.3198053392
2307.75 29.7010203174
2308.96 26.7302829697
2310.17 23.4037686942
2311.37 20.150951068
2312.58 21.5753294113
2313.78 25.8446525457
2314.98 29.5040723752
2316.18 31.3973138842
2317.39 30.2473920281
2318.59 27.003468825
2319.8 23.4126631174
2321.0 19.9019072185
2322.2 17.0671274825
2323.4 14.6961283846
2324.6 12.7482497046
2325.8 11.0112959175
2327.0 9.63520158575
2328.2 8.56660017026
2329.4 7.65047458101
2330.6 6.93765009339
2331.8 6.20068359995
2332.99 5.70513716471
2334.19 5.07617438152
2335.39 4.6987967116
2336.59 4.5094725607
2337.79 4.16004879226
2338.99 3.66831425268
2340.19 3.42308229883
2341.39 3.42689419448
2342.59 3.0469752608
2343.75 3.04824589268
2344.91 2.668326959
2346.07 2.73185855326
2347.23 2.44596637908
2348.4 2.49297975883
2349.56 2.13593219908
2350.72 2.27570170646
2351.88 2.21725263974
2353.05 2.25283033252
2354.22 2.14228535851
2355.38 1.89705340466
2356.54 1.58447796089
2357.71 1.61751438991
2358.87 1.57177164204
2360.04 1.67469282474
2361.2 1.72678873204
2362.36 1.68994040736
2363.52 1.54381774056
2364.69 1.3430579027
2365.85 1.37101180417
2367.03 1.2566549345
2368.2 1.39134191433
2369.36 1.13975680106
2370.52 1.07876647057
2371.69 1.17406386196
2372.85 0.96822149655
2374.02 1.11942669089
2375.19 1.06860141548
2376.36 1.04191814589
2377.52 1.21980660983
2378.68 0.927561276223
2379.84 0.78143860942
2381.0 0.772544186224
2382.16 0.958056441468
2383.33 0.860217786305
2384.5 0.683599954257
2385.66 0.659457948438
2386.83 0.96568023278
2387.99 0.991092870484
2389.16 1.00379918934
2390.32 0.819557565978
2391.49 0.980927815403
2392.65 1.12577985032
2393.81 0.817016302207
2394.98 0.663269844093
2396.16 0.839887676141
2397.32 0.609903304914
2398.48 0.559078029504
2399.64 0.724260174585
2400.8 0.61625646434
2401.96 0.689953113683
2403.13 0.534936023685
2404.31 0.712824487618
2405.48 0.609903304914
2406.64 0.876736000813
2407.8 1.01015234876
2408.96 0.823369461633
2410.12 0.919937484911
2411.3 0.777626713765
2412.46 0.897066110977
2413.62 0.956785809583
2414.79 0.731883965896
2415.95 0.874194737043
2417.12 0.945350122616
2418.29 0.790333032617
2419.46 0.903419270403
2420.63 0.770002922453
2421.79 0.829722621059
2422.95 0.668352371634
2424.12 0.651834157126
2425.29 0.580678771553
2426.46 0.416767258358
2427.63 0.398978411964
2428.8 0.326552394506
2429.96 0.545101078766
2431.12 0.716636383273
2432.3 0.612444568684
2433.47 0.623880255651
2434.63 0.630233415077
2435.8 0.69630627311
2436.96 0.602279513602
2438.12 0.555266133848
2439.3 0.531124128029
2440.46 0.392625252538
2441.62 0.641669102044
2442.78 0.701388800651
2443.94 0.731883965896
2445.11 0.556536765734
2446.28 0.532394759914
2447.45 0.457427478685
2448.61 0.48284011639
2449.77 0.559078029504
2450.92 0.406602203276
2452.08 0.2668326959
2453.24 0.324011130735
2454.41 0.479028220734
2455.58 0.303681020572
2456.75 0.532394759914
2457.91 0.330364290161
2459.08 0.228713739343
2460.24 0.177888463933
2461.4 0.470133797538
2462.56 0.552724870078
2463.72 0.656916684667
2464.88 0.773814818109
2466.04 0.576866875897
2467.21 0.606091409258
2468.38 0.621338991881
2469.54 0.564160557045
2470.71 0.345611872784
2471.87 0.236337530654
2473.04 0.245231953851
2474.2 0.377377669915
2475.36 0.442179896062
2476.52 0.602279513602
2477.69 0.428202945325
2478.86 0.468863165652
2480.03 0.678517426716
2481.2 0.40279030762
2482.36 0.265562064014
2483.52 0.195677310326
2484.68 0.479028220734
2485.84 0.557807397619
2487.01 0.532394759914
2488.18 0.330364290161
2489.34 0.292245333604
2490.5 0.40024904385
2491.66 0.263020800244
2492.82 0.513335281636
2493.98 0.447262423603
2495.16 0.287162806063
2496.32 0.524770968603
2497.49 0.261750168359
2498.65 0.130875084179
2499.81 0.383730829341
2500.98 0.573054980242
2502.16 0.476486956964
2503.32 0.493005171472
2504.49 0.246502585736
2505.66 0.504440858439
2506.83 0.315116707539
2508.0 0.475216325078
2509.16 0.428202945325
2510.32 0.595926354176
2511.49 0.360859455407
2512.65 0.434556104751
2513.82 0.217278052375
2514.99 0.10927434213
2516.16 0.435826736636
2517.32 0.534936023685
2518.49 0.331634922047
2519.66 0.419308522128
2520.82 0.463780638111
2521.99 0.423120417784
2523.16 0.337988081473
2524.32 0.486652012046
2525.49 6.27946277684
2526.7 12.0976861793
2527.9 14.4979098105
2529.09 14.4915566511
2530.3 13.5360414734
2531.5 12.0405077445
2532.7 15.3593982287
2533.9 20.9578023151
2535.1 25.7264837804
2536.31 28.1749914232
2537.53 27.5561936951
2538.74 25.276680093
2539.94 22.1051829075
2541.16 18.8028106377
2542.36 19.1217392409
2543.57 23.284329297
2544.78 27.3973647095
2545.98 29.8992388915
2547.19 29.7531162247
2548.41 27.5193453705
2549.61 24.3059173327
2550.82 20.79262017
2552.03 19.2907332817
2553.24 22.9234698416
2554.46 27.2182056137
2555.67 30.1902135932
2556.87 30.5968157965
2558.07 28.6400426932
2559.28 25.565113531
2560.48 22.0581695277
2561.68 19.4787868007
2562.89 21.8739279043
2564.1 26.1216502967
2565.31 29.6425712507
2566.52 30.9576752519
2567.74 29.5828515521
2568.94 26.7353654973
2570.16 23.2792467694
2571.37 20.0886901056
2572.57 21.0988424544
2573.78 25.2893864119
2574.98 29.0352092095
2576.18 31.099986023
2577.39 30.3528544745
2578.6 27.6286197126
2579.8 24.2334913152
2581.01 20.94763726
2582.22 20.3847473348
2583.43 24.1686890891
2584.65 28.1584732087
2585.86 30.9144737678
2587.08 30.8954142895
2588.3 28.6629140672
2589.51 25.4494860294
2590.72 21.8091256782
2591.92 19.86251763
2593.13 23.1458304215
2594.35 27.3922821819
2595.56 30.4684819761
2596.77 31.244838058
2597.97 29.4087749838
2599.18 26.3300339259
2600.39 22.7582876965
2601.6 19.7659496067
2602.8 21.8904461189
2604.0 26.129274088
2605.21 29.7099147406
2606.42 31.2461086899
2607.62 29.9805593322
2608.83 27.1889810803
2610.04 23.8866088106
2611.24 20.3288395319
2612.44 20.9018945121
2613.65 24.9361507478
2614.86 28.7950597832
2616.07 31.1063391825
2617.3 30.6107927472
2618.5 28.0746115043
2619.7 24.8383120926
2620.9 21.5041740257
2622.1 20.4088893407
2623.31 23.9272690309
2624.53 27.9094293592
2625.74 30.7912224749
2626.94 31.0872797042
2628.16 28.8852746471
2629.36 25.6248332296
2630.57 22.1509256553
2631.78 19.906989746
2632.98 22.7227100037
2634.19 26.8636993177
2635.4 30.204190544
2636.61 31.3020164928
2637.82 29.6285942999
2639.03 26.6311736827
2640.24 23.162348636
2641.44 19.840916888
2642.66 21.546104878
2643.86 25.7671440007
2645.07 29.4011511925
2646.29 31.155893826
2647.5 30.1902135932
2648.7 27.6743624605
2649.89 24.2563626892
2651.09 20.8320097585
2652.31 20.5804246452
2653.52 24.5219247532
2654.73 28.4608835974
2655.93 30.9398864055
2657.14 30.7175258256
2658.35 28.4456360148
2659.56 25.1508875364
2660.76 21.7875249362
2661.96 20.0416767258
2663.18 23.2995768796
2664.38 27.5320516893
2665.59 30.601898324
2666.8 31.2473793217
2668.0 29.4100456157
2669.21 26.394836152
2670.41 22.9819189083
2671.62 19.8764945808
2672.83 22.1369487046
2674.04 26.3160569751
2675.27 29.8662024625
2676.47 31.3248878667
2677.68 29.8928857321
2678.89 27.08097737
2680.09 23.6426474886
2681.3 20.3339220594
2682.49 21.158562153
2683.7 25.1280161624
2684.9 28.9551594008
2686.1 31.122857397
2687.31 30.5548849443
2688.52 28.1737207913
2689.72 24.8243351419
2690.92 21.3694870459
2692.14 20.2780142565
2693.34 24.0530615875
2694.55 28.0364925477
2695.77 30.9170150316
2696.98 31.2143428927
2698.18 29.1394010241
2699.39 25.7518964181
2700.6 22.2779888439
2701.8 19.906989746
2703.0 22.7227100037
2704.2 26.9272309119
2705.41 30.2994879354
2706.62 31.4138320987
2707.82 29.7467630653
2709.05 26.7544249755
2710.26 23.3516727869
2711.47 20.062006836
2712.67 21.5295866634
2713.88 25.7582495775
2715.09 29.3973392968
2716.3 31.2168841565
2717.5 30.0936455699
2718.7 26.7366361291
2719.9 22.9615887981
2721.1 19.6770053748
2722.31 16.8905096504
2723.52 14.4801209642
2724.72 12.6402459943
2725.92 11.1485241611
2727.13 9.70381570755
2728.34 8.66443882543
2729.56 7.69875859265
2730.76 6.77246794831
2731.96 6.3086873102
2733.16 5.56790892111
2734.36 5.26168663676
2735.57 4.72802124497
2736.78 4.20579154013
2737.97 3.81824881514
2739.17 3.81570755137
2740.37 3.36844512776
2741.58 3.08255295358
2742.75 2.87543995629
2743.91 2.64418495318
2745.08 2.59335967777
2746.24 2.56667640818
2747.4 2.55397008933
2748.56 2.5476169299
2749.72 2.29094928908
2750.88 2.03428164826
2752.05 1.90721845974
2753.21 1.71535304507
2754.37 1.81065043646
2755.54 1.8589344481
2756.71 1.81827422777
2757.87 1.73568315523
2759.04 1.63022070876
2760.2 1.57685416958
2761.36 1.48790993761
2762.53 1.44216718974
2763.7 1.48409804196
2764.85 1.3773649636
2766.02 1.38753001868
2767.19 1.2655493577
2768.36 1.26809062147
2769.52 1.26936125335
2770.68 1.20582965909
2771.84 1.23886608811
2773.01 1.19058207647
2774.18 1.16771070253
2775.35 1.21853597794
2776.52 1.11815605901
2777.68 1.0673307836
2778.84 1.04191814589
2780.0 1.02921182704
2781.16 0.959327073354
2782.32 0.923749380567
2783.49 0.970762760321
2784.66 0.930102539993
2785.83 0.909772429829
2787.0 0.899607374747
2788.16 0.958056441468
2789.32 0.860217786305
2790.49 0.937726331305
2791.65 0.850052731223
2792.81 0.806851247125
2793.98 0.847511467453
2795.15 0.869112209502
2796.32 0.815745670322
2797.48 0.789062400732
2798.65 0.775085449994
2799.81 0.705200696306
2800.98 0.734425229667
2802.15 0.811933774666
2803.32 0.7229895427
2804.48 0.743319652863
2805.64 0.75221407606
2806.8 0.757296603601
2807.96 0.69630627311
2809.14 0.729342702126
2810.31 0.682329322372
2811.48 0.7229895427
2812.64 0.742049020978
2813.8 0.75221407606
2814.96 0.757296603601
2816.14 0.69630627311
2817.3 0.665811107864
2818.46 0.650563525241
2819.64 0.64293973393
2820.8 0.639127838274
2821.96 0.637857206389
2823.14 0.636586574504
2824.3 0.571784348356
2825.45 0.540018551226
2826.62 0.651834157126
2827.79 0.64293973393
2828.94 0.575596244012
2830.11 0.606091409258
2831.28 0.556536765734
2832.45 0.595926354176
2833.61 0.61625646434
2834.78 0.498087699013
2835.94 0.566701820815
2837.11 0.537477287455
2838.28 0.587031930979
2839.45 0.547642342537
2840.62 0.527312232373
2841.79 0.772544186224
2842.94 0.767461658683
2844.1 0.637857206389
2845.27 0.763649763027
2846.43 0.69884753688
2847.59 0.412955362702
2848.76 0.651834157126
2849.92 0.452344951144
2851.09 0.607362041143
2852.28 0.748402180404
2853.44 0.692494377454
2854.6 0.472675061308
2855.76 0.681058690487
2856.92 0.594655722291
2858.09 0.551454238193
2859.27 0.529853496144
2860.44 0.646751629585
2861.6 0.386272093112
2862.75 0.383730829341
2863.9 0.50952338598
2865.06 0.700118168765
2866.23 0.794144928273
2867.4 0.524770968603
2868.56 0.64293973393
2869.72 0.639127838274
2870.88 0.383730829341
2872.04 0.318928603194
2873.21 0.34942376844
2874.38 0.42947357721
2875.55 0.341799977129
2876.72 0.297327861145
2877.88 0.529853496144
2879.05 0.329093658276
2880.22 0.227443107457
2881.39 0.368483246719
2882.55 0.438368000407
2883.72 0.218548684261
2884.88 0.426932313439
2886.04 0.467592533767
2887.2 0.551454238193
2888.36 0.529853496144
2889.53 0.4561568468
2890.7 0.290974701719
2891.85 0.209654261064
2893.02 0.421849785899
2894.19 0.465051269997
2895.36 0.29605722926
2896.52 0.212195524835
2897.69 0.29605722926
2898.86 0.339258713358
