0.0 0.566701820815
1.17 0.855135258764
2.33 0.744590284749
3.5 0.817016302207
4.67 0.726801438355
5.83 0.80812187901
6.99 0.9123136936
8.15 0.837346412371
9.31 0.799227455814
10.49 0.654375420897
11.65 0.580678771553
12.82 0.608632673028
13.99 0.557807397619
15.15 0.724260174585
16.31 0.806851247125
17.47 0.656916684667
18.64 0.646751629585
19.81 0.640398470159
20.97 0.637857206389
22.13 0.700118168765
23.29 0.604820777373
24.44 0.556536765734
25.62 0.659457948438
26.79 0.646751629585
27.94 0.705200696306
29.11 0.733154597781
30.27 0.684870586142
31.43 0.659457948438
32.61 0.648022261471
33.77 0.705200696306
34.93 0.860217786305
36.09 0.748402180404
37.25 0.627692151307
38.41 0.631504046963
39.58 0.634045310733
40.74 0.634045310733
41.9 0.635315942618
43.06 0.635315942618
44.21 0.508252754095
45.36 0.571784348356
46.51 0.540018551226
47.68 0.523500336717
48.85 0.64293973393
50.01 0.639127838274
51.17 0.637857206389
52.33 0.573054980242
53.49 0.603550145487
54.66 0.556536765734
55.83 0.532394759914
56.99 0.519688441062
58.15 0.514605913521
59.31 0.574325612127
60.47 0.541289183111
61.64 0.588302562865
62.82 0.612444568684
63.99 0.814475038437
65.15 0.787791768847
66.31 0.648022261471
67.47 0.578137507783
68.64 0.416767258358
69.81 0.335446817702
70.98 0.421849785899
72.15 0.59211445852
73.31 0.740778389093
74.49 0.623880255651
75.64 0.503170226554
76.81 0.569243084586
77.98 0.53874791934
79.15 0.587031930979
80.31 0.611173936799
81.48 0.622609623766
82.64 0.56543118893
83.81 0.601008881717
84.98 0.553995501963
86.15 0.594655722291
87.31 0.551454238193
88.47 0.656916684667
89.64 0.583220035324
90.81 0.545101078766
91.98 0.654375420897
93.15 0.580678771553
94.31 0.608632673028
95.48 0.621338991881
96.64 0.56543118893
97.81 0.599738249832
98.98 0.553995501963
100.15 0.531124128029
101.31 0.710283223847
102.49 0.546371710652
103.64 0.590843826635
104.82 0.548912974422
105.99 0.528582864258
107.15 0.518417809177
108.31 0.513335281636
109.48 0.510794017865
110.63 0.50952338598
111.79 0.700118168765
112.95 0.603550145487
114.12 0.620068359995
115.28 1.96185563081
116.44 5.99992376209
117.66 8.59074217608
118.87 9.25020012452
120.07 8.8817168778
121.27 8.06215931183
122.48 9.49543207837
123.69 13.9591618912
124.89 18.2246731299
126.09 21.1204431964
127.29 21.6147189998
128.49 20.0188053519
129.69 17.6973608976
130.89 15.1383082807
132.09 14.1764399436
133.29 16.6808553894
134.5 20.1573042274
135.71 22.8485025603
136.92 23.6223173784
138.12 22.1674438698
139.33 19.7875503488
140.53 17.2628047928
141.73 15.0480934169
142.93 16.6097000038
144.14 19.9311317518
145.35 22.8624795111
146.55 24.2004548862
147.75 23.3453196275
148.97 21.0759710804
150.17 18.478799507
151.37 15.7837892784
152.57 16.1510018932
153.78 19.1928946265
154.99 22.2398698873
156.19 24.2703396399
157.39 24.0797448571
158.6 22.2042921945
159.81 19.4889518558
161.01 16.8600144852
162.21 15.6084420782
163.41 18.2869340923
164.63 21.6591911157
165.84 24.1076987586
167.05 24.5702087648
168.25 22.9577769025
169.46 20.4368432421
170.67 17.5880865554
171.87 15.4648606752
173.07 17.1357416043
174.28 20.6388737119
175.49 23.4063099579
176.7 24.7277671186
177.91 23.671872022
179.11 21.3656751503
180.32 18.6249221738
181.52 15.9832784844
182.72 16.4407059631
183.93 19.7202068589
185.13 22.7570170646
186.33 24.656611733
187.53 24.2080786775
188.73 22.2055628264
189.94 19.4889518558
191.14 16.7964828909
192.34 15.8956048843
193.54 18.5575786839
194.74 21.8574096898
195.95 24.2703396399
197.16 24.6515292055
198.36 22.9984371228
199.55 20.4571733523
200.75 17.7888463933
201.94 15.7558353769
203.13 17.4076568277
204.33 20.7112997294
205.52 23.5702214711
206.73 24.999682342
207.93 23.8091002656
209.15 21.3707576778
210.35 18.6261928057
211.55 16.0480807105
212.75 16.4737423921
213.95 19.608391253
215.17 22.8917040444
216.37 24.6604236287
217.57 24.3376831298
218.78 22.3338966468
219.98 19.5537540819
221.19 16.9553118766
222.39 15.9108524669
223.59 18.5652024752
224.8 21.7989606231
226.01 24.2411151065
227.21 24.6362816229
228.42 22.9908133315
229.63 20.6439562394
230.83 17.7558099643
232.04 15.6757855682
233.25 17.748186173
234.45 21.0721591848
235.67 23.8777143874
236.88 25.0263656116
238.09 23.8218065844
239.29 21.313579243
240.49 18.5982389042
241.69 15.9705721655
242.89 16.6884791807
244.09 19.9705213403
245.29 23.0098728097
246.49 24.7824042897
247.69 24.335141866
248.9 22.2055628264
250.11 19.6160150443
251.31 16.7964828909
252.51 16.0861996671
253.71 18.9070024523
254.92 22.0962884843
256.12 24.5168422256
257.33 24.6464466779
258.53 22.9336348966
259.73 20.4876685176
260.93 17.8040939759
262.14 15.8269907625
263.34 17.8879556804
264.55 21.0785123442
265.75 23.8179946888
266.97 24.8052756636
268.17 23.5841984219
269.38 21.3224736662
270.58 18.6020507999
271.78 15.9718427974
272.98 16.8803445954
274.18 20.0670893635
275.39 23.1204177838
276.61 24.8383120926
277.81 24.236032579
279.03 22.0289449943
280.23 19.5283414442
281.44 16.8155423692
282.66 16.3492204673
283.87 19.2932745454
285.08 22.4164877193
286.29 24.5498786547
287.49 24.5994332982
288.68 22.7824297023
289.88 20.2221064535
291.09 17.6084166656
292.29 15.8562152959
293.49 18.0925274139
294.69 21.4990914982
295.89 24.1547121383
297.09 24.9107381101
298.29 23.5092311406
299.49 21.2208231153
300.68 18.5524961563
301.88 15.8193669712
303.08 17.0582330593
304.29 20.3466283783
305.49 23.2601872911
306.69 24.844665252
307.89 24.2398444747
309.1 22.0937472205
310.3 19.3695124585
311.5 16.6097000038
312.71 16.2462992846
313.91 19.3047102324
315.13 22.486372473
316.33 24.7112489041
317.53 24.6172221446
318.74 22.2830713714
319.95 19.2106834729
321.15 16.529650195
322.35 14.1103670856
323.55 12.1370757678
324.75 10.706344265
325.95 9.10153619395
327.16 8.04564109732
328.37 7.32646345027
329.57 6.52215346692
330.78 5.86523678225
331.99 5.09269259603
333.18 4.76995209718
334.38 4.22739228218
335.58 3.76615290784
336.79 3.72549268751
337.99 3.51456779456
339.19 3.2185105653
340.39 2.94278344621
341.55 2.99614998539
342.71 2.83223847219
343.88 2.56032324875
345.05 2.55015819367
346.21 2.2286883267
347.38 2.00378648302
348.54 1.89070024523
349.71 1.89832403654
350.87 1.9021359322
352.03 1.84114560171
353.2 1.80937980458
354.37 1.66706903343
355.53 1.65944524212
356.69 1.84622812925
357.86 1.81319170023
359.03 1.54127647679
360.19 1.59718427974
361.35 1.43327276655
362.51 1.35195232589
363.68 1.50188688835
364.84 1.19566460401
366.01 1.04318877778
367.18 1.02921182704
368.34 1.08639026188
369.5 1.1791463895
370.67 0.970762760321
371.83 1.18422891704
373.0 1.10036721261
374.17 1.31256273745
375.33 1.35449358966
376.49 1.31256273745
377.65 1.22870103302
378.82 1.12196795466
379.99 1.06987204737
381.15 1.10672037204
382.32 1.1880408127
383.49 1.10290847639
384.64 0.932643803764
385.81 0.974574655976
386.98 0.99490476614
388.14 0.942808858846
389.31 0.916125589256
390.47 0.96568023278
391.63 0.927561276223
392.79 0.908501797944
393.95 0.899607374747
395.11 0.894524847207
396.27 0.828451989174
397.44 0.731883965896
398.62 0.810663142781
399.79 0.913584325485
400.95 0.964409600895
402.11 0.800498087699
403.27 0.78143860942
404.44 0.644210365815
405.61 0.830993252945
406.78 0.987280974829
407.94 0.937726331305
409.11 1.04064751401
410.27 1.0927434213
411.43 0.864029681961
412.6 1.00379918934
413.76 0.946620754501
414.92 0.980927815403
416.1 0.935185067534
417.27 0.785250505076
418.43 0.837346412371
419.61 0.927561276223
420.77 0.972033392206
421.94 0.993634134255
423.11 1.00506982122
424.27 0.630233415077
425.44 0.505711490324
426.62 0.443450527948
427.79 0.729342702126
428.95 0.872924105157
430.11 0.818286934092
431.28 0.853864626879
432.44 0.617527096225
433.62 0.753484707945
434.79 0.693765009339
435.95 0.537477287455
437.11 0.459968742456
438.28 0.674705531061
439.45 0.527312232373
440.63 0.454886214915
441.79 0.418037890243
442.95 0.335446817702
444.12 0.421849785899
445.29 0.528582864258
446.44 0.454886214915
447.62 0.545101078766
448.79 0.590843826635
449.95 0.612444568684
451.12 0.433285472866
452.29 0.661999212208
453.45 0.520959072947
454.62 0.641669102044
455.78 0.702659432536
456.95 0.604820777373
458.11 0.493005171472
459.27 0.564160557045
460.43 0.472675061308
461.61 0.426932313439
462.78 0.531124128029
463.95 0.519688441062
465.11 0.451074319259
466.28 0.733154597781
467.44 0.621338991881
468.62 0.627692151307
469.79 0.631504046963
470.95 0.634045310733
472.11 0.634045310733
473.27 0.635315942618
474.43 0.635315942618
475.59 0.508252754095
476.75 0.635315942618
477.91 0.635315942618
479.07 0.508252754095
480.22 0.444721159833
481.38 0.540018551226
482.54 0.650563525241
483.71 0.770002922453
484.87 0.575596244012
486.03 0.351965032211
487.2 0.302410388686
488.37 0.532394759914
489.53 0.520959072947
490.69 0.387542724997
491.84 0.383730829341
493.0 0.50952338598
494.16 0.636586574504
495.32 0.571784348356
496.48 0.476486956964
497.65 0.365941982948
498.82 0.564160557045
499.99 0.599738249832
501.15 0.617527096225
502.31 0.56288992516
503.48 0.534936023685
504.65 0.522229704832
505.82 0.578137507783
506.99 0.543830446881
508.15 0.462510006226
509.31 0.48538138016
510.48 0.560348661389
511.64 0.533665391799
512.8 0.584490667209
513.96 0.609903304914
515.12 0.559078029504
516.28 0.597196986061
517.44 0.679788058602
518.63 0.531124128029
519.79 0.646751629585
520.95 0.576866875897
522.11 0.415496626472
523.28 0.462510006226
524.45 0.739507757208
525.63 2.27570170646
526.79 6.6009326438
527.99 10.0354506296
529.19 11.0532267697
530.39 10.6085056098
531.59 9.49797334214
532.79 9.32262614198
534.0 12.9845872352
535.21 17.3555609204
536.41 20.6858870917
537.63 21.8421621072
538.83 20.959072947
540.03 18.8015400058
541.23 16.1992859049
542.43 13.9439143086
543.65 15.6122539739
544.85 19.1789176758
546.06 22.3593092845
547.27 23.9488697729
548.48 23.0924638823
549.69 20.8853762976
550.89 18.257709559
552.09 15.4813788897
553.29 15.6821387276
554.49 18.8955667654
555.69 22.0276743625
556.89 24.1013455992
558.09 23.8675493323
559.29 22.1623613423
560.49 19.6579458965
561.69 16.8803445954
562.89 15.556346171
564.09 17.8790612572
565.29 21.1382320428
566.49 23.7201560336
567.69 24.3758020864
568.89 22.9882720677
570.09 20.7062172018
571.29 17.9768999123
572.48 15.7227989479
573.69 17.0099490477
574.89 20.1954231839
576.1 23.0581568214
577.31 24.6159515127
578.51 23.8713612279
579.71 21.5918476258
580.91 18.8650716001
582.12 16.4203758529
583.33 16.5334620907
584.53 19.3847600412
585.74 22.4622304672
586.95 24.4456868401
588.16 24.1661478253
589.36 22.4393590933
590.55 19.6693815835
591.75 17.1408241318
592.95 15.6859506232
594.16 18.1344582661
595.37 21.5829532026
596.57 24.0060482078
597.77 24.5193834894
598.98 23.0594274533
600.19 20.7417948946
601.39 17.8676255702
602.6 15.6046301826
603.81 17.2691579522
605.02 20.5778833814
606.23 23.4406170188
607.44 24.8713485216
608.66 23.8078296337
609.87 21.623613423
611.07 18.8167875885
612.27 16.0798465077
613.48 16.3619267862
614.68 19.4902224876
615.89 22.7684527516
617.09 24.6629648924
618.29 24.3389537617
619.48 22.3338966468
620.69 19.807880459
621.89 16.9553118766
623.1 15.8473208727
624.31 18.5334366781
625.51 21.7824424086
626.72 24.2970229095
627.93 24.7277671186
629.14 23.1636192679
630.34 20.7303592076
631.54 17.9896062312
632.75 15.8562152959
633.95 17.7748694426
635.16 21.0226045412
636.37 23.6617069669
637.57 24.7277671186
638.78 23.5460794653
639.99 21.302143556
641.19 18.5296247824
642.39 15.9349944728
643.6 16.7990241547
644.81 19.9616269171
646.01 22.9412586879
647.22 24.8128994549
648.43 24.2233262601
649.64 22.0861234292
650.84 19.5562953457
652.05 16.82951932
653.25 16.0391862873
654.47 18.9463920408
655.68 22.1801501887
656.89 24.3681782951
658.09 24.5092184343
659.29 22.8637501429
660.48 20.2627666739
661.68 17.69227837
662.9 15.7710829596
664.11 17.9235333731
665.31 21.2233643791
666.51 24.0162132629
667.72 24.8421239883
668.92 23.6019872683
670.13 21.3313680894
671.33 18.5436017331
672.53 15.8790866698
673.73 17.0239259984
674.93 20.3288395319
676.13 23.3160950941
677.33 24.8726191535
678.53 24.2525507935
679.74 22.0378394175
680.95 19.5321533399
682.15 16.8816152273
683.36 16.1916621136
684.56 18.9590983596
685.77 22.3135665366
686.98 24.4977827474
688.18 24.5740206605
689.38 22.7061917892
690.57 20.1204559027
691.78 17.5575913902
692.99 15.7037394696
694.19 17.9527579065
695.39 21.2386119617
696.61 23.8967738656
697.81 24.7188726954
699.02 23.604528532
700.23 21.2043049008
701.43 18.5436017331
702.64 15.8155550755
703.85 17.0569624274
705.06 20.2818261521
706.27 23.3554846825
707.48 24.8281470375
708.68 24.1038868629
709.88 21.8993405421
711.08 19.3364760295
712.29 16.6567133836
713.48 16.5232970356
714.68 19.3161459194
715.89 22.6185181891
717.09 24.5879976112
718.29 24.3643663994
719.49 22.0302156262
720.69 19.2106834729
721.89 16.5931817893
723.09 14.0786012884
724.28 12.1218281852
725.49 10.3810625024
726.68 9.19302168969
727.89 8.15364480756
729.09 7.12697424429
730.28 6.61236833077
731.49 5.7839163416
732.69 5.43322194127
733.89 4.87668517554
735.09 4.53488519841
736.29 3.98343096022
737.49 3.89702799202
738.69 3.66450235702
739.89 3.16641465801
741.05 2.9173708085
742.22 2.98344366654
743.39 2.57175893572
744.55 2.36591657031
745.71 2.39005857613
746.88 2.21089948031
748.04 1.99489205982
749.2 2.07748313236
750.37 2.11941398457
751.53 2.07621250048
752.7 1.99108016417
753.87 2.01141027433
755.04 1.95931436703
756.21 1.6785047204
757.38 1.6009961754
758.53 1.75347200163
759.69 1.76617832048
760.84 1.70899988564
762.01 1.68104598417
763.18 1.72932999581
764.35 1.37355306794
765.51 1.32145716065
766.67 1.42310771146
767.83 1.28333820409
768.99 1.08639026188
770.15 1.1791463895
771.31 1.16135754311
772.47 1.15246311991
773.63 1.21091218663
774.8 0.987280974829
775.97 1.12832111409
777.13 1.26300809393
778.29 1.26681998958
779.44 1.20582965909
780.62 1.1105322677
781.79 1.19058207647
782.95 1.23124229679
784.12 1.25030177507
785.28 0.942808858846
786.46 0.789062400732
787.63 0.903419270403
788.79 0.768732290568
789.95 0.956785809583
791.11 0.986010342944
792.28 1.06478951983
793.45 0.850052731223
794.62 1.06097762417
795.79 0.847511467453
796.95 0.869112209502
798.11 0.75221407606
799.28 0.693765009339
800.46 0.855135258764
801.63 0.744590284749
802.79 0.880547896469
803.95 1.0762252068
805.12 0.791603664502
806.29 0.841158308027
807.45 0.928831908108
808.62 0.972033392206
809.79 1.0584363604
810.95 1.03683561835
812.12 0.709012591962
813.29 0.862759050076
814.46 0.74967281229
815.62 0.883089160239
816.79 0.758567235486
817.95 0.697576904995
819.11 0.856405890649
820.28 0.872924105157
821.45 0.818286934092
822.63 0.599738249832
823.79 0.617527096225
824.95 0.56288992516
826.12 0.72553080647
827.29 0.490463907701
828.45 0.753484707945
829.62 0.630233415077
830.79 0.886901055895
831.95 0.88817168778
833.11 0.889442319666
834.27 0.762379131142
835.43 0.889442319666
836.59 0.952973913927
837.75 0.667081739749
838.91 0.777626713765
840.08 0.897066110977
841.24 0.893254215321
842.4 0.764920394912
843.57 0.700118168765
844.74 0.730613334011
845.91 0.810663142781
847.07 0.913584325485
848.24 0.710283223847
849.4 0.736966493437
850.56 0.495546435242
851.72 0.692494377454
852.89 0.726801438355
854.05 0.617527096225
855.22 0.56288992516
856.39 0.53620665557
857.55 0.395166516309
858.72 0.514605913521
859.88 0.639127838274
861.04 0.50952338598
862.2 0.445991791718
863.37 0.412955362702
864.53 0.270644591555
865.7 0.515876545406
866.86 0.321469866965
868.03 0.479028220734
869.19 0.493005171472
870.35 0.500628962783
871.51 0.377377669915
872.68 0.316387339424
873.85 0.411684730817
875.02 0.396437148194
876.19 0.388813356882
877.35 0.51206464975
878.51 0.447262423603
879.67 0.350694400325
880.84 0.302410388686
882.02 0.40533157139
883.19 0.583220035324
884.35 0.673434899175
885.51 0.590843826635
886.67 0.675976162946
887.84 0.59211445852
889.01 0.486652012046
890.18 0.307492916227
891.35 0.534936023685
892.51 0.330364290161
893.67 0.355776927866
894.83 0.622609623766
895.99 0.438368000407
897.15 0.601008881717
898.32 0.681058690487
899.48 0.467592533767
900.65 0.360859455407
901.82 0.561619293275
902.99 0.407872835161
904.15 0.585761299094
905.32 0.355776927866
906.47 0.241420058195
907.63 0.184241623359
908.8 0.34688250467
909.97 0.490463907701
911.13 0.372295142374
912.3 0.567972452701
913.47 0.664540475979
914.63 0.650563525241
915.81 0.452344951144
916.98 0.543830446881
918.15 0.526041600488
919.31 0.453615583029
920.47 0.543830446881
921.64 0.335446817702
922.81 0.48538138016
923.98 0.496817067127
925.15 0.312575443768
926.31 1.80810917269
927.47 6.30360478266
928.68 9.63266032198
929.89 11.0417910827
931.08 10.7304862708
932.28 9.55896367263
933.49 9.35312130723
934.69 12.7457084408
935.89 17.1090583347
937.09 20.4991042045
938.29 22.0022617248
939.49 20.9755911615
940.68 18.9374976176
941.88 16.3301609891
943.08 13.9464555724
944.28 15.2323350402
945.48 18.8612597045
946.69 22.0734171103
947.89 23.8700905961
949.09 23.2436690766
950.29 21.025145805
951.49 18.5169184636
952.69 15.7393171624
953.89 15.4928145767
955.09 18.5474136288
956.29 21.788795568
957.49 24.0454377962
958.69 24.2207849964
959.89 22.4025107686
961.09 19.9692507084
962.29 17.2272271
963.48 15.3479625418
964.68 17.6478062541
965.89 20.8955413527
967.09 23.6617069669
968.29 24.5371723358
969.49 23.2601872911
970.69 20.9692380021
971.88 18.234838185
973.09 15.8524034002
974.29 16.8206248968
975.49 19.973062604
976.69 22.9463412155
977.89 24.6248459359
979.09 24.0022363121
980.28 21.7849836724
981.49 19.2144953685
982.69 16.5957230531
983.89 15.9858197482
985.09 18.7291139884
986.29 21.943812658
987.48 24.3770727183
988.69 24.4507693676
989.9 22.8345256096
991.11 20.3758529117
992.31 17.6846545787
993.51 15.8308026582
994.72 17.825694718
995.93 21.2386119617
997.13 23.8332422714
998.34 24.7506384925
999.54 23.5562445204
1000.75 21.2449651212
1001.95 18.3098054663
1003.15 15.6986569421
1004.35 16.8701795403
1005.56 20.062006836
1006.77 23.2449397085
1007.98 24.7735098665
1009.19 24.0136719991
1010.39 21.9806609827
1011.59 19.1230098728
1012.79 16.5499803052
1013.99 16.1522725251
1015.19 19.0671020699
1016.38 22.3669330758
1017.59 24.4622050546
1018.8 24.4927002198
1020.0 22.6655315688
1021.21 20.2907205753
1022.42 17.5143899061
1023.63 15.8727335104
1024.83 18.0378902428
1026.04 21.3440744082
1027.25 24.0772035933
1028.47 24.8090875592
1029.68 23.394874271
1030.89 21.1001130862
1032.08 18.4279742316
1033.28 15.6948450464
1034.49 17.1230352854
1035.69 20.3148625812
1036.89 23.372002897
1038.09 24.9641046492
1039.29 23.9806355701
1040.49 22.0289449943
1041.69 19.4000076238
1042.89 16.5614159922
1044.09 16.2856888731
1045.29 19.197977154
1046.48 22.3046721134
1047.69 24.4939708517
1048.89 24.5092184343
1050.1 22.6731553602
1051.31 19.9768744997
1052.51 17.3581021842
1053.71 15.6046301826
1054.92 17.9667348572
1056.13 21.4355599039
1057.33 24.1229463412
1058.53 24.7684273389
1059.74 23.5651389436
1060.95 21.058182234
1062.15 18.2805809329
1063.35 15.6834093595
1064.55 17.0544211636
1065.77 20.3440871145
1066.97 23.449511442
1068.18 24.8764310492
1069.39 24.1280288688
1070.6 21.910776229
1071.81 19.2780269628
1073.02 16.6910204445
1074.23 16.4775542877
1075.44 19.5474009225
1076.65 22.6706140964
1077.86 24.6134102489
1079.07 24.2512801616
1080.27 22.5448215398
1081.47 19.8485406793
1082.68 17.0404442129
1083.9 15.8257201306
1085.11 18.3962084345
1086.32 21.8408914753
1087.52 24.324976811
1088.73 24.8052756636
1089.94 23.2030088563
1091.15 20.560094535
1092.35 17.9667348572
1093.55 15.7177164204
1094.75 17.4521289437
1095.96 20.7341711033
1097.17 23.6451887524
1098.37 24.8459358839
1099.58 23.7315917206
1100.79 21.6502966925
1101.99 18.8930255016
1103.19 16.308560247
1104.39 16.6668784386
1105.61 19.9603562852
1106.81 23.0670512446
1108.01 24.8751604173
1109.22 24.3186236515
1110.43 22.2601999975
1111.64 19.7710321343
1112.84 16.9375230302
1114.04 16.0925528265
1115.25 18.7824805276
1116.46 22.0975591161
1117.68 24.5181128575
1118.89 24.7112489041
1120.09 22.5206795339
1121.29 19.6465102095
1122.48 16.8117304736
1123.7 14.3771997815
1124.91 12.3352943419
1126.11 10.6783903635
1127.31 9.34168562026
1128.51 8.22861208879
1129.71 7.29088575749
1130.92 6.44083302626
1132.12 5.88810815619
1133.33 5.35825466004
1134.53 4.7763052566
1135.74 4.42052832874
1136.94 4.0533157139
1138.15 3.80554249628
1139.35 3.49042578874
1140.55 3.14354328408
1141.71 3.03299831006
1142.88 2.85002731859
1144.05 2.823344049
1145.22 2.61877231547
1146.39 2.38878794424
1147.55 2.46502585736
1148.71 2.43961321965
1149.87 2.17278052375
1151.03 2.10289577007
1152.19 1.94152552064
1153.35 1.86020507999
1154.51 1.94660804818
1155.68 1.86274634376
1156.85 1.69375230302
1158.02 1.73568315523
1159.19 1.63022070876
1160.35 1.5145932072
1161.51 1.583207329
1162.67 1.55398279564
1163.84 1.60226680728
1165.01 1.56414785073
1166.18 1.4802861463
1167.34 1.50315752023
1168.5 1.32272779253
1169.67 1.10672037204
1170.83 1.25157240696
1171.99 1.26173746204
1173.15 1.13848616917
1174.31 0.950432650157
1175.47 0.983469079173
1176.64 1.1270504822
1177.8 1.07241331114
1178.98 0.853864626879
1180.14 1.06224825606
1181.31 1.16644007065
1182.47 1.02794119516
1183.63 0.958056441468
1184.79 0.796686192043
1185.95 1.09782594884
1187.12 1.12069732278
1188.29 0.878006632698
1189.46 0.756025971716
1190.63 0.886901055895
1191.79 0.951703282042
1192.95 0.792874296388
1194.12 0.777626713765
1195.29 0.960597705239
1196.45 0.797956823929
1197.62 0.653104789012
1198.79 0.961868337124
1199.95 0.735695861552
1201.11 0.93899696319
1202.28 0.851323363108
1203.45 0.679788058602
1204.62 0.720448278929
1205.79 0.614985832454
1206.95 0.75221407606
1208.11 0.757296603601
1209.28 0.632774678848
1210.45 0.570513716471
1211.62 0.856405890649
1212.79 0.809392510896
1213.95 0.659457948438
1215.11 0.773814818109
1216.27 0.641669102044
1217.45 0.637857206389
1218.61 0.763649763027
1219.77 0.636586574504
1220.93 0.889442319666
1222.08 0.635315942618
1223.23 0.571784348356
1224.39 0.667081739749
1225.55 0.77889734565
1226.72 0.770002922453
1227.88 0.639127838274
1229.04 0.574325612127
1230.21 0.414225994587
1231.38 0.651834157126
1232.54 0.833534516715
1233.71 0.734425229667
1234.87 0.811933774666
1236.03 0.597196986061
1237.19 0.489193275816
1238.35 0.498087699013
1239.52 0.693765009339
1240.69 0.473945693193
1241.85 0.61879772811
1243.02 0.626421519422
1244.19 0.758567235486
1245.35 0.505711490324
1246.51 0.570513716471
1247.67 0.730613334011
1248.84 0.745860916634
1250.0 0.818286934092
1251.17 0.917396221141
1252.34 0.585761299094
1253.5 0.736966493437
1254.66 0.622609623766
1255.82 0.501899594668
1256.99 0.759837867371
1258.15 0.634045310733
1259.31 0.506982122209
1260.47 0.635315942618
1261.63 0.825910725404
1262.79 0.730613334011
1263.95 0.61879772811
1265.12 0.75475533983
1266.29 0.695035641224
1267.45 0.855135258764
1268.62 0.682329322372
1269.79 0.594655722291
1270.95 0.424391049669
1272.11 0.40279030762
1273.28 0.646751629585
1274.45 0.767461658683
1275.61 0.701388800651
1276.78 0.668352371634
1277.95 0.715365751388
1279.11 0.866570945731
1280.28 0.687411849913
1281.45 0.533665391799
1282.62 0.393895884423
1283.78 0.451074319259
1284.94 0.480298852619
1286.11 0.367212614833
1287.27 0.500628962783
1288.44 0.504440858439
1289.61 0.443450527948
1290.78 0.602279513602
1291.95 0.61879772811
1293.11 0.564160557045
1294.28 0.599738249832
1295.45 0.617527096225
1296.62 0.56288992516
1297.79 0.407872835161
1298.95 0.522229704832
1300.12 0.641669102044
1301.28 0.51206464975
1302.45 0.573054980242
1303.62 0.604820777373
1304.79 0.620068359995
1305.95 0.691223745569
1307.11 0.599738249832
1308.28 0.80812187901
1309.45 0.658187316553
1310.62 0.519688441062
1311.78 0.513335281636
1312.94 0.637857206389
1314.1 0.636586574504
1315.26 0.573054980242
1316.44 0.412955362702
1317.6 0.461239374341
1318.77 0.357047559751
1319.94 0.369753878604
1321.11 0.56543118893
1322.27 0.537477287455
1323.45 0.585761299094
1324.62 0.674705531061
1325.79 0.654375420897
1326.95 1.59845491163
1328.11 6.13588137381
1329.31 9.61105957993
1330.51 10.9045628391
1331.72 10.5983405548
1332.93 9.55642240886
1334.14 9.09772429829
1335.34 12.4903114319
1336.53 16.9184635519
1337.74 20.4673384074
1338.94 22.1140773307
1340.14 21.2220937472
1341.34 19.187812099
1342.53 16.7723408851
1343.72 14.2946087089
1344.92 15.2158168257
1346.12 18.7265727246
1347.33 21.9425420261
1348.53 23.7404861438
1349.74 23.1788668505
1350.95 21.3097673473
1352.16 18.5969682723
1353.37 15.9057699394
1354.58 15.5131446869
1355.78 18.3021816749
1356.98 21.5397517185
1358.19 23.8573842772
1359.4 24.0632266426
1360.62 22.1966684032
1361.83 19.8663295257
1363.03 17.238662787
1364.24 15.544910484
1365.45 17.8104471354
1366.66 21.0391227557
1367.87 23.7341329843
1369.08 24.5104890662
1370.27 23.1191471519
1371.49 20.8345510222
1372.69 18.1052337327
1373.89 15.5322041651
1375.09 16.851120062
1376.29 20.1153733752
1377.49 23.1458304215
1378.7 24.7874868172
1379.91 24.0200251585
1381.11 21.8574096898
1382.31 19.187812099
1383.51 16.5182145081
1384.71 16.3911513196
1385.9 19.2500730613
1387.1 22.3948869773
1388.31 24.4761820053
1389.52 24.435521785
1390.73 22.5105144789
1391.94 19.8320224648
1393.15 17.0315497897
1394.35 15.5677818579
1395.55 17.9489460109
1396.76 21.3631338865
1397.97 23.8955032338
1399.17 24.7176020635
1400.37 23.2868705607
1401.59 20.8548811324
1402.79 18.1789303821
1403.99 15.7596472726
1405.19 17.2196033087
1406.39 20.4266781871
1407.6 23.4279107
1408.81 24.8649953622
1410.01 23.9310809265
1411.22 21.8129375739
1412.43 19.1662113569
1413.65 16.3809862645
1414.86 16.5131319805
1416.06 19.4381265803
1417.26 22.7430401138
1418.46 24.7760511302
1419.67 24.4596637908
1420.87 22.3948869773
1422.08 19.9641681808
1423.29 17.3517490248
1424.48 15.9184762582
1425.69 18.4419511823
1426.89 21.7366996607
1428.09 24.2741515356
1429.29 24.8433946201
1430.48 23.3491315231
1431.69 20.8866469295
1432.89 18.0671147762
1434.1 15.7672710639
1435.3 17.3504783929
1436.5 20.6185436017
1437.71 23.6515419118
1438.92 24.9768109681
1440.13 23.9869887295
1441.33 21.7773598811
1442.53 19.021359322
1443.73 16.4991550298
1444.93 16.6351126415
1446.13 19.6897116936
1447.33 22.741769482
1448.53 24.6489879417
1449.74 24.3961321965
1450.94 22.4901843687
1452.13 19.885389004
1453.33 17.3123594363
1454.53 15.9616777423
1455.74 18.4000203301
1456.95 21.7163695506
1458.16 24.1991842543
1459.37 24.8700778897
1460.59 23.2983062477
1461.79 20.9247658861
1462.99 18.0861742545
1464.19 15.9680309018
1465.39 17.5779215004
1466.61 20.8599636599
1467.81 23.5803865262
1469.02 24.8141700868
1470.23 23.8434073265
1471.44 21.6414022693
1472.65 18.9527452002
1473.86 16.2107215918
1475.07 16.7456576155
1476.27 19.8726826851
1477.47 23.0238497605
1478.68 24.8535596752
1479.89 24.3707195588
1481.08 22.286883267
1482.28 19.6566752646
1483.48 17.0074077839
1484.69 16.1268598874
1485.89 18.8638009682
1487.09 22.1382193365
1488.29 24.5384429677
1489.49 24.8484771477
1490.7 23.1610780041
1491.91 20.7290885757
1493.11 17.924804005
1494.31 15.7596472726
1495.51 17.53726128
1496.71 20.9666967383
1497.92 23.6972846597
1499.13 24.9361507478
1500.33 23.8408660627
1501.55 21.4495368547
1502.75 18.7303846203
1503.96 16.1624375802
1505.16 16.785047204
1506.37 19.8917421634
1507.57 23.0975464098
1508.78 24.8904079999
1509.99 24.324976811
1511.19 22.3910750816
1512.39 19.7087711719
1513.6 16.9705594592
1514.81 16.1726026353
1516.02 19.0137355307
1517.23 22.1496550234
1518.45 24.479993901
1519.66 24.4380630488
1520.87 22.3199196961
1522.07 19.4825986963
1523.28 16.6668784386
1524.49 14.304773764
1525.69 12.2984460172
1526.89 10.6606015171
1528.08 9.33279119706
1529.28 8.28706115551
1530.49 7.32011029085
1531.69 6.58314379741
1532.89 5.95926354176
1534.08 5.33030075857
1535.28 4.82585990013
1536.49 4.38240937218
1537.69 4.096517198
1538.89 3.76361164407
1540.09 3.53362727284
1541.29 3.29220721465
1542.48 3.1066949594
1543.65 2.9516778694
1544.82 2.61877231547
1545.99 2.51712176465
1547.15 2.46502585736
1548.31 2.43961321965
1549.47 2.29984371228
1550.63 2.29349055285
1551.79 2.1003545063
1552.95 2.06604744539
1554.12 1.8589344481
1555.29 1.88307645392
1556.45 1.83098054663
1557.62 1.80429727704
1558.78 1.66452776966
1559.94 1.59464301597
1561.11 1.62386754933
1562.27 1.51078131155
1563.44 1.58066606523
1564.61 1.4891805695
1565.78 1.31637463311
1566.95 1.35703485343
1568.11 1.31383336933
1569.28 1.29223262729
1570.45 1.21853597794
1571.62 1.24394861565
1572.79 1.19439397212
1573.95 1.16898133442
1575.11 1.21980660983
1576.27 1.11815605901
1577.44 1.0673307836
1578.59 1.16898133442
1579.75 1.0927434213
1580.91 0.991092870484
1582.07 1.13086237786
1583.23 1.07368394302
1584.4 0.980927815403
1585.58 0.998716661796
1586.75 1.07114267925
1587.91 1.04445940966
1589.08 0.966950864665
1590.25 0.991092870484
1591.41 0.940267595075
1592.58 0.978386551632
1593.74 0.997446029911
1594.91 1.00761108499
1596.07 0.947891386386
1597.24 0.982198447288
1598.41 0.936455699419
1599.59 0.975845287862
1600.75 0.80558061524
1601.91 0.720448278929
1603.08 0.869112209502
1604.25 0.879277264584
1605.43 0.820828197863
1606.59 0.791603664502
1607.75 0.839887676141
1608.92 0.801768719584
1610.1 0.844970203682
1611.26 0.804309983355
1612.43 0.846240835568
1613.6 0.804309983355
1614.77 0.783979873191
1615.94 0.709012591962
1617.11 0.67216426729
1618.28 0.717907015159
1619.44 0.866570945731
1620.61 0.750943444175
1621.78 0.820828197863
1622.95 0.728072070241
1624.11 0.681058690487
1625.28 0.785250505076
1626.45 0.773814818109
1627.62 0.768732290568
1628.79 0.764920394912
1629.95 0.890712951551
1631.11 0.954244545813
1632.27 0.921208116796
1633.44 0.651834157126
1634.61 0.515876545406
1635.77 0.575596244012
1636.94 0.796686192043
1638.11 0.651834157126
1639.27 0.771273554339
1640.44 0.829722621059
1641.61 0.796686192043
1642.78 0.715365751388
1643.95 0.930102539993
1645.11 0.909772429829
1646.28 0.899607374747
1647.44 0.703930064421
1648.61 0.606091409258
1649.78 0.556536765734
1650.95 0.532394759914
1652.11 0.520959072947
1653.27 0.451074319259
1654.44 0.66962300352
1655.61 0.716636383273
1656.78 0.675976162946
1657.95 0.655646052782
1659.11 0.709012591962
1660.28 0.67216426729
1661.45 0.653104789012
1662.62 0.580678771553
1663.79 0.608632673028
1664.95 0.748402180404
1666.11 0.692494377454
1667.28 0.726801438355
1668.46 0.553995501963
1669.63 0.467592533767
1670.79 0.424391049669
1671.95 0.529853496144
1673.12 0.646751629585
1674.28 0.513335281636
1675.44 0.637857206389
1676.6 0.636586574504
1677.77 0.700118168765
1678.94 0.603550145487
1680.11 0.493005171472
1681.27 0.627692151307
1682.44 0.567972452701
1683.61 0.473945693193
1684.78 0.682329322372
1685.95 0.721718910814
1687.11 0.614985832454
1688.28 0.688682481798
1689.45 0.661999212208
1690.62 0.712824487618
1691.79 0.609903304914
1692.95 0.622609623766
1694.11 0.56543118893
1695.27 0.473945693193
1696.44 0.490463907701
1697.61 0.56288992516
1698.78 0.53620665557
1699.95 0.585761299094
1701.11 0.48284011639
1702.27 0.559078029504
1703.44 0.533665391799
1704.6 0.584490667209
1705.76 0.609903304914
1706.92 0.559078029504
1708.08 0.533665391799
1709.24 0.584490667209
1710.4 0.48284011639
1711.58 0.559078029504
1712.74 0.533665391799
1713.9 0.584490667209
1715.06 0.673434899175
1716.22 0.590843826635
1717.39 0.48538138016
1718.56 0.560348661389
1719.73 0.471404429423
1720.9 0.61625646434
1722.07 0.499358330898
1723.23 0.630233415077
1724.39 0.632774678848
1725.56 0.570513716471
1726.73 0.540018551226
1727.9 2.36591657031
1729.07 7.02786495724
1730.27 10.0583220035
1731.48 11.0011308624
1732.68 10.5195613779
1733.89 9.38869900001
1735.09 9.58691757411
1736.29 13.4331202907
1737.48 17.7075259527
1738.69 20.9882974803
1739.89 22.0568988958
1741.09 20.8764818744
1742.29 18.6973481913
1743.48 16.1459193657
1744.68 14.0455648594
1745.89 15.9172056264
1747.09 19.3301228701
1748.29 22.3720156034
1749.49 23.7010965553
1750.7 22.9056809952
1751.91 20.6642863496
1753.11 17.9565698022
1754.32 15.4585075158
1755.52 15.7977662291
1756.73 19.0162767944
1757.94 22.1509256553
1759.15 24.1636065615
1760.36 23.8980444975
1761.56 21.8599509536
1762.76 19.2526143251
1763.97 16.5512509371
1765.17 15.5817588087
1766.37 18.2106961792
1767.58 21.5575405649
1768.79 23.9298102947
1770.0 24.4164623067
1771.21 22.8180073951
1772.42 20.3669584885
1773.63 17.6808426831
1774.83 15.6376666116
1776.03 17.4127393553
1777.24 20.7138409931
1778.44 23.571492103
1779.65 24.6184927765
1780.86 23.4279107
1782.07 21.180162895
1783.27 18.46736382
1784.47 15.8409677132
1785.68 16.6249475864
1786.89 19.9387555431
1788.09 22.9933545952
1789.29 24.8383120926
1790.49 24.1725009847
1791.69 22.0607107915
1792.89 19.4165258383
1794.09 16.8231661605
1795.28 16.0353743917
1796.48 18.6909950318
1797.69 22.0518163683
1798.89 24.3046467008
1800.09 24.66804742
1801.29 22.9437999517
1802.48 20.4292194508
1803.68 17.7748694426
1804.88 15.622419029
1806.08 17.5944397149
1807.29 20.8053264889
1808.49 23.7442980394
1809.69 24.8954905274
1810.89 23.8840675468
1812.09 21.534669191
1813.29 18.7723154725
1814.48 16.0569751337
1815.69 16.6058881082
1816.89 19.8015272995
1818.1 22.9882720677
1819.31 24.645176046
1820.51 24.3935909328
1821.71 22.3618505483
1822.91 19.6947942212
1824.11 16.8994040736
1825.31 15.9464301597
1826.51 18.7100545101
1827.72 21.9971791972
1828.93 24.2766927993
1830.13 24.5270072807
1831.33 23.1280415751
1832.53 20.7125703612
1833.73 17.9159095818
1834.92 15.9464301597
1836.12 17.7570805962
1837.33 21.0772417123
1838.53 23.8802556511
1839.73 25.0276362435
1840.94 23.7582749902
1842.15 21.3453450401
1843.35 18.7418203072
1844.55 16.2323223339
1845.76 16.9464174534
1846.97 20.1001257926
1848.17 23.1369359983
1849.37 24.7836749215
1850.58 24.1445470833
1851.79 22.0467338407
1852.99 19.3466410846
1854.19 16.9159222882
1855.39 16.2081803281
1856.59 19.0315243771
1857.8 22.1585494466
1859.01 24.4850764285
1860.21 24.7582622838
1861.43 23.1153352562
1862.63 20.5791540133
1863.83 17.7863051295
1865.03 15.8180963393
1866.24 17.8206121904
1867.45 21.2348000661
1868.66 23.8319716395
1869.87 24.8128994549
1871.07 23.5880103175
1872.28 21.2602127038
1873.49 18.4444924461
1874.69 15.8930636205
1875.88 16.8409550069
1877.09 20.1102908476
1878.29 23.206820752
1879.49 24.7544503882
1880.7 24.2576333211
1881.91 22.166173238
1883.12 19.5334239717
1884.33 16.818083633
1885.54 16.2234279107
1886.74 19.1026797626
1887.95 22.2576587337
1889.16 24.534631072
1890.37 24.6553411011
1891.57 22.9374467923
1892.78 20.2996149985
1893.99 17.6465356222
1895.19 15.8752747741
1896.39 18.102692469
1897.6 21.4406424315
1898.81 24.125487605
1900.03 24.9590221217
1901.23 23.4711121841
1902.44 21.0747004485
1903.65 18.3517363185
1904.86 15.8460502408
1906.07 17.1357416043
1907.28 20.4482789291
1908.49 23.5651389436
1909.69 24.8700778897
1910.9 24.125487605
1912.11 21.7824424086
1913.32 19.0239005858
1914.52 16.3733624732
1915.73 16.4457884906
1916.94 19.4673511137
1918.15 22.6312245079
1919.36 24.7201433273
1920.57 24.4317098893
1921.78 22.5715048093
1922.98 19.9260492243
1924.18 17.2691579522
1925.38 14.7965083036
1926.59 12.7355433857
1927.79 11.004942758
1928.99 9.63266032198
1930.19 8.50052731223
1931.38 7.49037496347
1932.59 6.73180772798
1933.79 6.03423082299
1934.99 5.49421227176
1936.19 4.97071193505
1937.39 4.5183669839
1938.6 4.10159972554
1939.82 3.89321609636
1941.02 3.53489790473
1942.23 3.35573880891
1943.43 3.26679457694
1944.64 3.03045704629
1945.81 2.78649572432
1946.99 2.59971283719
1948.15 2.44342511531
1949.31 2.36591657031
1950.47 2.26299538761
1951.64 2.21089948031
1952.8 2.05842365408
1953.96 1.98218574097
1955.12 1.88053519015
1956.28 1.82970991474
1957.44 1.8678288713
1958.6 1.69629356679
1959.77 1.67469282474
1960.94 1.72678873204
1962.11 1.56160658696
1963.27 1.54381774056
1964.44 1.47012109122
1965.61 1.43454339843
1966.78 1.35195232589
1967.95 1.31129210556
1969.11 1.35449358966
1970.28 1.31256273745
1971.45 1.29223262729
1972.62 1.21726534606
1973.79 1.24394861565
1974.95 1.25792556638
1976.11 1.20074713155
1977.27 1.10799100393
1978.44 1.12577985032
1979.61 1.19820586778
1980.79 1.04445940966
1981.95 0.966950864665
1983.12 0.991092870484
1984.28 1.00379918934
1985.44 0.946620754501
1986.61 0.918666853026
1987.78 0.903419270403
1988.95 0.897066110977
1990.11 0.956785809583
1991.28 0.922478748682
1992.45 1.0330237227
1993.62 0.961868337124
1994.79 0.925020012452
1995.95 0.843699571797
1997.11 0.866570945731
1998.28 0.878006632698
1999.44 0.947891386386
2000.61 0.855135258764
2001.78 0.935185067534
2002.95 0.975845287862
2004.11 0.932643803764
2005.28 0.974574655976
2006.44 0.996175398025
2007.61 0.942808858846
2008.78 0.789062400732
2009.95 0.838617044256
2011.11 0.864029681961
2012.27 0.876736000813
2013.43 0.756025971716
2014.59 0.759837867371
2015.75 0.697576904995
2016.92 0.665811107864
2018.09 0.714095119503
2019.25 0.801768719584
2020.43 0.719177647044
2021.59 0.804309983355
2022.76 0.719177647044
2023.92 0.740778389093
2025.09 0.75221407606
2026.25 0.820828197863
2027.43 0.855135258764
2028.59 0.80812187901
2029.75 0.785250505076
2030.92 0.710283223847
2032.09 0.736966493437
2033.24 0.686141218028
2034.41 0.660728580323
2035.58 0.711553855732
2036.74 0.800498087699
2037.9 0.717907015159
2039.07 0.739507757208
2040.23 0.687411849913
2041.41 0.789062400732
2042.58 0.648022261471
2043.74 0.768732290568
2044.9 0.702659432536
2046.07 0.795415560158
2047.23 0.77889734565
2048.41 0.771273554339
2049.58 0.702659432536
2050.75 0.733154597781
2051.91 0.620068359995
2053.08 0.691223745569
2054.24 0.663269844093
2055.42 0.77635608188
2056.59 0.770002922453
2057.75 0.639127838274
2058.91 0.700118168765
2060.07 0.604820777373
2061.24 0.683599954257
2062.41 0.595926354176
2063.58 0.614985832454
2064.75 0.688682481798
2065.91 0.72553080647
2067.08 0.681058690487
2068.25 0.721718910814
2069.42 0.678517426716
2070.59 0.656916684667
2071.75 0.6454809977
2072.91 0.576866875897
2074.09 0.606091409258
2075.25 0.684870586142
2076.43 0.595926354176
2077.59 0.552724870078
2078.75 0.593385090405
2079.92 0.678517426716
2081.09 0.529853496144
2082.25 0.518417809177
2083.42 0.640398470159
2084.58 0.574325612127
2085.75 0.541289183111
2086.91 0.524770968603
2088.08 0.517147177291
2089.24 0.575596244012
2090.42 0.542559814996
2091.59 0.588302562865
2092.75 0.548912974422
2093.91 0.528582864258
2095.08 0.518417809177
2096.24 0.513335281636
2097.41 0.637857206389
2098.57 0.573054980242
2099.74 0.667081739749
2100.91 0.715365751388
2102.07 0.547642342537
2103.24 0.465051269997
2104.42 0.423120417784
2105.59 0.401519675735
2106.75 0.454886214915
2107.91 0.545101078766
2109.08 0.527312232373
2110.25 0.517147177291
2111.42 0.576866875897
2112.59 0.542559814996
2113.75 0.588302562865
2114.92 0.548912974422
2116.09 0.59211445852
2117.25 0.613715200569
2118.43 0.496817067127
2119.59 0.439638632292
2120.75 0.537477287455
2121.92 0.649292893356
2123.09 0.515876545406
2124.24 0.575596244012
2125.42 0.477757588849
2126.59 0.42947357721
2127.75 0.532394759914
2128.91 3.50694400325
2130.11 8.23369461633
2131.31 10.5335383286
2132.51 11.1116758364
2133.71 10.2565405776
2134.92 9.3213555101
2136.13 10.4420528329
2137.33 14.6237023672
2138.52 18.7481734667
2139.73 21.5715175157
2140.94 21.8408914753
2142.14 20.2589547782
2143.34 17.880331889
2144.55 15.5474517478
2145.76 14.3810116771
2146.97 17.1014345434
2148.17 20.6223554974
2149.37 23.2080913838
2150.59 23.8650080685
2151.79 22.542280276
2152.99 19.9756038678
2154.19 17.1662367695
2155.39 14.936277811
2156.59 16.5537922009
2157.8 19.9031778503
2159.01 22.9755657488
2160.21 24.2576333211
2161.43 23.3732735289
2162.63 21.1534796254
2163.83 18.4546575012
2165.04 15.8346145538
2166.25 16.1764145309
2167.46 19.3961957281
2168.67 22.5321152209
2169.88 24.479993901
2171.09 24.1839366717
2172.29 22.2576587337
2173.49 19.5778960877
2174.68 16.7774234127
2175.88 15.7583766407
2177.08 18.4254329678
2178.29 21.7290758694
2179.49 24.2055374138
2180.69 24.5549611822
2181.89 22.951423743
2183.09 20.4965629408
2184.29 17.8091765035
2185.48 15.511874055
2186.68 17.2221445725
2187.89 20.6185436017
2189.09 23.3961449029
2190.3 24.6591529968
2191.5 23.7010965553
2192.71 21.5079859214
2193.92 18.8854017103
2195.13 16.1776851628
2196.34 16.5385446182
2197.55 19.7684908705
2198.76 22.7811590704
2199.97 24.66804742
2201.17 24.214431837
2202.38 22.2729063163
2203.59 19.585519879
2204.79 16.9718300911
2205.99 15.9832784844
2207.19 18.7278433565
2208.39 22.0073442523
2209.6 24.4723701097
2210.81 24.6883775301
2212.01 22.9539650068
2213.23 20.4978335726
2214.43 17.8091765035
2215.64 15.766000432
2216.84 17.7939289209
2218.05 21.0950305587
2219.25 23.8256184801
2220.45 24.8738897854
2221.67 23.7455686713
2222.87 21.3389918807
2224.07 18.5474136288
2225.27 16.0074204902
2226.47 16.707538659
2227.69 20.0442179896
2228.89 23.1725136911
2230.09 24.7379321737
2231.29 24.2487388979
2232.49 22.2894245308
2233.7 19.4673511137
2234.91 16.7863178359
2236.11 16.1433781019
2237.31 18.9362269857
2238.51 22.1737970293
2239.72 24.3656370313
2240.93 24.635010991
2242.13 22.9908133315
2243.33 20.4533614567
2244.54 17.7227735353
2245.75 15.8498621364
2246.95 17.9629229616
2248.17 21.180162895
2249.37 23.9946125208
2250.58 25.0212830841
2251.79 23.5651389436
2252.99 21.2487770168
2254.19 18.5029415128
2255.4 15.9222881539
2256.61 16.9184635519
2257.82 20.1496804361
2259.03 23.2894118245
2260.24 24.7951106085
2261.45 24.0238370542
2262.65 21.9870141421
2263.85 19.3161459194
2265.05 16.6465483285
2266.25 16.264088131
2267.44 19.2500730613
2268.65 22.5219501658
2269.86 24.5397135996
2271.08 24.5943507706
2272.28 22.8434200328
2273.48 20.1255384303
2274.69 17.3695378712
2275.88 15.8003074929
2277.09 18.1281051067
2278.29 21.4533487503
2279.49 24.0047775759
2280.69 24.8993024231
2281.89 23.5676802074
2283.09 21.1229844602
2284.29 18.4394099186
2285.49 15.954053951
2286.69 17.062044955
2287.89 20.3478990102
2289.09 23.3249895173
2290.29 24.9412332753
2291.49 24.0962630716
2292.7 21.9590602407
2293.91 19.1751057801
2295.11 16.5766635748
2296.33 16.4203758529
2297.54 19.2640500121
2298.75 22.5295739571
2299.96 24.5422548633
2301.17 24.5333604401
2302.37 22.7493932733
2303.57 20.1420566448
2304.78 17.4406932568
2305.99 15.89941678
2307.19 18.3047229387
2308.38 21.6680855389
2309.59 24.2398444747
2310.8 24.9526689623
2312.0 23.4037686942
2313.21 21.0416640195
2314.42 18.2081549154
2315.63 15.7748948552
2316.83 17.1624248739
2318.04 20.5257874741
2319.25 23.5409969378
2320.45 24.8573715709
2321.66 24.0556028513
2322.87 21.7481353477
2324.08 19.0696433336
2325.28 16.4597654414
2326.48 14.138320987
2327.69 12.1510527185
2328.89 10.5233732735
2330.1 9.200645481
2331.31 8.09392510896
2332.5 7.28707386183
2333.71 6.43956239438
2334.91 5.82457656192
2336.11 5.26295726865
2337.32 4.79155283923
2338.53 4.42815212005
2339.73 4.05712760956
2340.93 3.80681312817
2342.13 3.42816482637
2343.33 3.23884067547
2344.54 3.0812823217
2345.71 2.87416932441
2346.87 2.7712481417
2348.04 2.65689127203
2349.21 2.47137901679
2350.38 2.31636192679
2351.55 2.2375827499
2352.71 2.13593219908
2353.88 2.02030469753
2355.04 2.02665785695
2356.2 1.96693815835
2357.37 1.80937980458
2358.54 1.79413222195
2359.71 1.78650843064
2360.87 1.78269653499
2362.03 1.58956048843
2363.19 1.5577946913
2364.35 1.47774488253
2365.51 1.4370846622
2366.68 1.41802518392
2367.86 1.34432853458
2369.02 1.30748020991
2370.19 1.35195232589
2371.35 1.31129210556
2372.51 1.22743040114
2373.67 1.24903114319
2374.83 1.26046683015
2376.0 1.32908095196
2377.17 1.23632482434
2378.34 1.25284303884
2379.5 1.19820586778
2380.67 1.23505419245
2381.83 1.25284303884
2382.99 1.13467427352
2384.15 1.13848616917
2385.31 1.2045590272
2386.47 1.1105322677
2387.64 0.999987293681
2388.81 0.945350122616
2389.98 1.04445940966
2391.15 0.966950864665
2392.31 0.991092870484
2393.47 1.00379918934
2394.63 1.01015234876
2395.79 1.01396424442
2396.95 1.0152348763
2398.12 0.951703282042
2399.28 0.857676522535
2400.45 0.809392510896
2401.62 0.913584325485
2402.79 0.837346412371
2403.95 0.864029681961
2405.11 0.813204406551
2406.27 0.724260174585
2407.43 0.806851247125
2408.6 0.783979873191
2409.77 0.837346412371
2410.93 0.799227455814
2412.1 0.844970203682
2413.27 0.803039351469
2414.43 0.782709241306
2415.6 0.709012591962
2416.77 0.799227455814
2417.93 0.844970203682
2419.1 0.739507757208
2420.27 0.687411849913
2421.43 0.789062400732
2422.6 0.711553855732
2423.76 0.800498087699
2424.92 0.78143860942
2426.09 0.709012591962
2427.25 0.799227455814
2428.42 0.780167977535
2429.59 0.771273554339
2430.75 0.767461658683
2431.91 0.701388800651
2433.07 0.668352371634
2434.24 0.651834157126
2435.42 0.64293973393
2436.59 0.639127838274
2437.75 0.701388800651
2438.91 0.668352371634
2440.08 0.715365751388
2441.25 0.674705531061
2442.42 0.782709241306
2443.59 0.6454809977
2444.75 0.640398470159
2445.91 0.637857206389
2447.07 0.636586574504
2448.23 0.635315942618
2449.39 0.635315942618
2450.55 0.635315942618
2451.71 0.69884753688
2452.87 0.667081739749
2454.03 0.651834157126
2455.2 0.64293973393
2456.36 0.639127838274
2457.53 0.637857206389
2458.69 0.573054980242
2459.85 0.667081739749
2461.03 0.588302562865
2462.19 0.611173936799
2463.35 0.687411849913
2464.52 0.724260174585
2465.68 0.61625646434
2466.84 0.56288992516
2468.01 0.598467617946
2469.18 0.617527096225
2470.35 0.689953113683
2471.51 0.661999212208
2472.67 0.649292893356
2473.84 0.578137507783
2475.01 0.607362041143
2476.18 0.621338991881
2477.34 0.627692151307
2478.5 0.631504046963
2479.67 0.634045310733
2480.83 0.697576904995
2481.99 0.603550145487
2483.15 0.682329322372
2484.32 0.659457948438
2485.48 0.583220035324
2486.65 0.609903304914
2487.81 0.368483246719
2488.97 0.374836406145
2490.14 0.377377669915
2491.3 0.634045310733
2492.46 0.697576904995
2493.63 0.730613334011
2494.79 0.682329322372
2495.95 0.659457948438
2497.12 0.392625252538
2498.28 0.578137507783
2499.45 0.479028220734
2500.62 0.367212614833
2501.79 0.500628962783
2502.95 0.631504046963
2504.11 0.697576904995
2505.28 0.665811107864
2506.45 0.714095119503
2507.62 0.611173936799
2508.79 0.750943444175
2509.95 0.628962783192
2511.12 0.759837867371
2512.29 0.506982122209
2513.44 0.634045310733
2514.61 0.381189565571
2515.77 0.635315942618
2516.92 0.508252754095
2518.08 0.381189565571
2519.23 0.571784348356
2520.4 0.603550145487
2521.58 0.682329322372
2522.75 0.595926354176
2523.91 0.487922643931
2525.08 0.498087699013
2526.25 0.503170226554
2527.42 0.442179896062
2528.59 0.53874791934
2529.75 4.2083328039
2530.95 8.45732582813
2532.16 10.5818223402
2533.36 10.8816914652
2534.57 10.142183708
2535.79 8.88298750969
2536.99 10.7317569027
2538.19 15.0226807792
2539.41 19.2005184178
2540.62 21.6718974346
2541.83 21.5727881475
2543.03 20.062006836
2544.24 17.6541594135
2545.44 15.0531759444
2546.65 14.5792302512
2547.86 17.5182018018
2549.07 20.8930000889
2550.29 23.3440489956
2551.49 23.615964219
2552.7 21.9095055971
2553.91 19.3402879252
2555.11 16.7227862416
2556.32 14.8409804196
2557.53 17.2043557261
2558.73 20.5461175843
2559.93 23.2970356158
2561.14 24.291940382
2562.35 23.0098728097
2563.55 20.7163822569
2564.75 18.1725772227
2565.95 15.6935744146
2567.15 16.7418457199
2568.36 19.8701414213
2569.57 22.8319843458
2570.77 24.5663968692
2571.98 23.8459485902
2573.19 21.8345383159
2574.4 19.176376412
2575.6 16.386068792
2576.81 16.1344836787
2578.01 18.9946760524
2579.21 22.0759583741
2580.42 24.379613982
2581.63 24.324976811
2582.83 22.5816698644
2584.04 19.9311317518
2585.24 17.3352308103
2586.44 15.5283922695
2587.65 17.9934181268
2588.86 21.1941398457
2590.07 23.9387047179
2591.27 24.6756712113
2592.47 23.2652698187
2593.67 20.781184483
2594.87 18.0785504631
2596.07 15.8371558176
2597.27 16.940064294
2598.48 20.2869086797
2599.69 23.4215575406
2600.89 24.8611834665
2602.09 23.9298102947
2603.29 21.7494059796
2604.48 19.1331749279
2605.68 16.618594427
2606.88 16.3149134064
2608.08 19.275485699
2609.29 22.4711248904
2610.49 24.5765619242
2611.69 24.4863470604
2612.9 22.7265218993
2614.11 20.0035577693
2615.31 17.3708085031
2616.52 15.9286413133
2617.73 18.2564389271
2618.93 21.6439435331
2620.14 24.2271381558
2621.35 24.8192526143
2622.56 23.2106326476
2623.77 20.8167621758
2624.97 18.0963393095
2626.17 15.8460502408
2627.37 17.0709393782
2628.58 20.416513132
2629.79 23.4228281725
2630.99 24.9895172869
2632.2 23.9933418889
2633.41 21.7811717767
2634.62 19.0861615481
2635.83 16.3403260441
2637.03 16.3022070876
2638.23 19.4597273224
2639.44 22.6274126123
2640.64 24.6553411011
2641.85 24.3986734603
2643.05 22.4914550006
2644.25 19.885389004
2645.45 17.3123594363
2646.66 15.8358851857
2647.87 18.5270835186
2649.07 21.9069643334
2650.28 24.4215448342
2651.48 24.8535596752
2652.68 23.2906824564
2653.88 20.8574223962
2655.08 18.3072642025
2656.28 16.0150442815
2657.48 17.4737296858
2658.69 20.6808045641
2659.89 23.6185054828
2661.09 24.9602927536
2662.28 23.9158333439
2663.49 21.8053137825
2664.69 19.0975972351
2665.88 16.2831476093
2667.08 16.5919111574
2668.28 19.4775161688
2669.49 22.5715048093
2670.69 24.6273871997
2671.89 24.4482281038
2673.09 22.5168676383
2674.29 20.0886901056
2675.48 17.4140099872
2676.68 15.8867104611
2677.88 18.3619013736
2679.09 21.7608416666
2680.29 24.2220556283
2681.49 24.8802429448
2682.69 23.3681910014
2683.89 20.959072947
2685.09 18.1039631009
2686.29 15.6592673537
2687.49 17.2958412218
2688.69 20.7189235207
2689.89 23.6375649611
2691.09 25.032718771
2692.29 24.2068080456
2693.49 21.8866342232
2694.69 19.2030596816
2695.89 16.5893698936
2697.09 16.4902606066
2698.29 19.5537540819
2699.49 22.6108943978
2700.69 24.6464466779
2701.89 24.5219247532
2703.08 22.6795085196
2704.28 20.1712811781
2705.48 17.3911386132
2706.68 15.8752747741
2707.88 18.2297556575
2709.09 21.6299665824
2710.29 24.1572534021
2711.49 24.9755403362
2712.69 23.4152043811
2713.89 20.9196833585
2715.09 18.2106961792
2716.29 15.8396970814
2717.48 17.1319297086
2718.69 20.4457376653
2719.89 23.3110125665
2721.09 24.8700778897
2722.3 24.0606853788
2723.51 22.0048029885
2724.71 19.3250403426
2725.91 16.651630856
2727.11 14.2971499727
2728.31 12.2946341215
2729.52 10.6580602534
2730.72 9.33152056518
2731.92 8.22352956125
2733.13 7.28834449372
2734.34 6.50309398864
2735.55 5.85634235906
2736.75 5.34300707742
2737.95 4.83094242767
2739.15 4.38495063595
2740.35 4.09905846177
2741.56 3.82841387022
2742.78 3.50186147571
2743.98 3.21215740588
2745.18 3.13083696522
2746.34 2.96311355637
2747.5 2.75218866342
2748.67 2.64672621695
2749.83 2.53109871539
2751.0 2.40911805441
2752.17 2.28459612966
2753.33 2.22233516728
2754.49 2.06350618162
2755.65 2.048258599
2756.82 1.91357161917
2757.99 1.78269653499
2759.14 1.84495749736
2760.31 1.68485787982
2761.47 1.66833966532
2762.63 1.5323820536
2763.79 1.46503856368
2764.95 1.55906532319
2766.12 1.47774488253
2767.29 1.43835529409
2768.45 1.35449358966
2769.62 1.31256273745
2770.79 1.35449358966
2771.95 1.31256273745
2773.11 1.29223262729
2774.28 1.21726534606
2775.44 1.18041702138
2776.61 1.22615976925
2777.78 1.2477605113
2778.94 1.25919619827
2780.11 1.07495457491
2781.27 1.10926163581
2782.44 1.18931144458
2783.61 1.10290847639
2784.78 1.05970699229
2785.95 1.16516943876
2787.11 1.09147278942
2788.28 0.989822238599
2789.44 1.00379918934
2790.6 0.946620754501
2791.78 0.980927815403
2792.94 0.998716661796
2794.11 1.00761108499
2795.27 1.01269361253
2796.44 0.950432650157
2797.61 0.856405890649
2798.78 0.936455699419
2799.95 0.913584325485
2801.12 0.964409600895
2802.28 0.800498087699
2803.44 0.717907015159
2804.61 0.803039351469
2805.78 0.782709241306
2806.95 0.899607374747
2808.11 0.958056441468
2809.27 0.923749380567
2810.44 0.780167977535
2811.61 0.8348051486
2812.78 0.797956823929
2813.95 0.843699571797
2815.11 0.803039351469
2816.28 0.719177647044
2817.44 0.677246794831
2818.61 0.656916684667
2819.78 0.772544186224
2820.94 0.767461658683
2822.1 0.701388800651
2823.27 0.731883965896
2824.43 0.683599954257
2825.6 0.659457948438
2826.77 0.775085449994
2827.93 0.768732290568
2829.09 0.764920394912
2830.24 0.700118168765
2831.41 0.795415560158
2832.58 0.77889734565
2833.75 0.706471328192
2834.92 0.734425229667
2836.08 0.748402180404
2837.24 0.819557565978
2838.41 0.790333032617
2839.58 0.712824487618
2840.75 0.674705531061
2841.91 0.78143860942
2843.08 0.772544186224
2844.24 0.767461658683
2845.4 0.764920394912
2846.56 0.700118168765
2847.73 0.603550145487
2848.9 0.620068359995
2850.07 0.691223745569
2851.23 0.663269844093
2852.4 0.712824487618
2853.57 0.673434899175
2854.73 0.654375420897
2855.9 0.581949403438
2857.07 0.545101078766
2858.23 0.526041600488
2859.4 0.580678771553
2860.57 0.545101078766
2861.74 0.58957319475
2862.91 0.548912974422
2864.07 0.655646052782
2865.24 0.709012591962
2866.4 0.608632673028
2867.57 0.559078029504
2868.73 0.533665391799
2869.89 0.584490667209
2871.04 0.673434899175
2872.2 0.654375420897
2873.37 0.580678771553
2874.54 0.608632673028
2875.71 0.557807397619
2876.87 0.597196986061
2878.03 0.61625646434
2879.19 0.561619293275
2880.35 0.661999212208
2881.52 0.649292893356
2882.69 0.578137507783
2883.85 0.607362041143
2885.02 0.684870586142
2886.19 0.595926354176
2887.35 0.679788058602
2888.51 0.593385090405
2889.68 0.487922643931
2890.85 0.561619293275
2892.02 0.534936023685
2893.19 0.584490667209
2894.34 0.546371710652
2895.49 0.527312232373
2896.65 0.454886214915
2897.82 0.608632673028
2898.99 0.557807397619
