0.0 -0.0508252754095
1.12 0.228713739343
2.24 0.0508252754095
3.36 0.0889442319666
4.48 0.108003710245
5.6 0.180429727704
6.72 0.02668326959
7.85 0.0775085449994
8.98 0.292245333604
10.1 0.209654261064
11.23 0.29605722926
12.36 0.0838617044256
13.48 -0.021600742049
14.6 0.0533665391799
15.73 0.02668326959
16.86 0.139769507376
17.98 0.260479536473
19.09 0.257938272703
20.22 0.0648022261471
21.34 0.16009961754
22.47 0.270644591555
23.6 0.388813356882
24.72 0.385001461227
25.84 0.256667640818
26.97 0.191865414671
28.1 0.158828985655
29.23 0.143581403032
30.36 0.198218574097
31.48 0.0355776927866
32.6 -0.0457427478685
33.73 0.167723408851
34.86 0.0838617044256
35.99 0.232525634998
37.12 0.0533665391799
38.25 0.0902148638518
39.37 0.108003710245
40.5 0.0546371710652
41.63 0.217278052375
42.76 0.0457427478685
43.88 0.21346615672
45.0 0.170264672622
46.13 0.021600742049
47.26 0.0736966493437
48.38 0.0368483246719
49.5 0.209654261064
50.63 0.167723408851
51.76 0.0203301101638
52.88 -0.0533665391799
54.0 0.227443107457
55.13 0.241420058195
56.25 -0.00635315942618
57.37 -0.00381189565571
58.5 0.0622609623766
59.63 -0.0330364290162
60.76 0.0470133797538
61.88 -0.0393895884423
63.0 -0.0838617044256
64.13 -0.0419308522128
65.26 0.170264672622
66.38 0.148663930573
67.51 0.0101650550819
68.63 -0.0584490667209
69.76 -0.156287721884
70.88 -0.141040139261
72.0 0.0559078029504
73.13 -0.0355776927866
74.26 0.236337530654
75.38 0.181700359589
76.5 0.155017089999
77.64 0.0775085449994
78.76 0.101650550819
79.88 -0.0127063188524
81.0 -0.00635315942618
82.12 -0.0660728580323
83.25 0.221089948031
84.37 0.174076568277
85.5 0.0228713739343
86.63 0.138498875491
87.75 0.324011130735
88.88 0.351965032211
90.0 0.24014942631
91.13 0.310034179998
92.25 0.345611872784
93.37 0.426932313439
94.5 0.21346615672
95.63 0.360859455407
96.76 0.434556104751
97.88 0.153746458114
99.0 0.0139769507376
100.14 0.069884753688
101.27 0.0355776927866
102.4 0.144852034917
103.52 0.13595761172
104.64 0.00381189565571
105.76 -0.0609903304914
106.89 -0.0304951652457
108.02 -0.0152475826228
109.15 0.182970991474
110.28 0.155017089999
111.4 0.903419270403
112.53 2.86527490121
113.67 4.86397885669
114.83 5.92622711274
116.0 6.33028805225
117.16 5.83347098512
118.33 5.01264278726
119.5 4.41290453743
120.67 4.68354912898
121.83 5.96307543742
123.0 7.30232144445
124.16 8.35186338166
125.33 8.56024701084
126.5 7.96432065666
127.67 7.22227163568
128.84 6.21593118258
130.0 5.45863457898
131.17 6.0329601911
132.33 7.5907548824
133.5 8.68731019936
134.67 9.23622317378
135.84 9.00115627502
137.0 8.12187901043
138.17 7.17398762405
139.34 6.38238395954
140.51 6.24134382028
141.68 7.44082031995
142.84 8.61234291813
144.01 9.45223059427
145.18 9.55388114509
146.33 8.90712951551
147.5 8.01133403642
148.66 6.86395344405
149.82 6.03677208676
150.99 6.57679063798
152.16 7.86267010584
153.32 9.14092578239
154.49 9.7165220264
155.66 9.49543207837
156.83 8.68731019936
158.0 7.64666268535
159.16 6.68225308446
160.32 6.26421519422
161.48 7.07106644134
162.64 8.42683066289
163.81 9.35947446665
164.99 9.76226477427
166.16 9.45604248993
167.32 8.41285371215
168.49 7.31883965896
169.66 6.454809977
170.82 6.46751629585
171.98 7.68096974625
173.14 9.05071091854
174.31 9.79784246706
175.48 9.72795771337
176.64 9.12059567223
177.81 8.11806711478
178.98 6.91731998323
180.14 6.44464492192
181.31 7.28834449372
182.48 8.47257341076
183.64 9.63647221763
184.8 9.96429524402
185.97 9.4928908146
187.14 8.62250797322
188.31 7.67842848248
189.48 6.57043747856
190.64 6.52596536257
191.8 7.71019427962
192.97 8.87409308649
194.13 9.8372320555
195.3 9.81054878591
196.47 9.35185067534
197.64 8.29722621059
198.8 7.1345980356
199.96 6.42685607553
201.13 7.02532369347
202.3 8.14983291191
203.47 9.41157037395
204.63 10.1066060152
205.8 9.6911093887
206.97 8.78387822264
208.14 7.8232805174
209.31 6.76992668454
210.48 6.56154305536
211.64 7.60091993748
212.8 8.88298750969
213.97 9.77878298878
215.14 9.90838744107
216.31 9.21081053608
217.48 8.28960241928
218.64 7.25784932847
219.81 6.42431481176
220.98 7.02405306159
222.14 8.14983291191
223.31 9.22097559116
224.48 9.94777702952
225.64 9.67459117419
226.81 8.90331761985
227.97 7.94653181027
229.14 7.0227824297
230.31 6.56027242348
231.48 7.47385674896
232.64 8.6923927269
233.8 9.80927815403
234.96 10.0506982122
236.12 9.40902911018
237.28 8.51704552674
238.46 7.37093556626
239.62 6.29089846381
240.79 6.44845681758
241.96 7.79913851158
243.12 9.23622317378
244.28 10.0176617832
245.45 9.90076364976
246.62 9.20699864042
247.8 8.2883317874
248.96 7.06725454569
250.13 6.45608060889
251.3 7.229895427
252.46 8.50688047166
253.63 9.5271978755
254.8 10.16378445
255.96 9.71906329017
257.12 8.79912580526
258.29 7.57550729978
259.46 6.64667539167
260.63 6.56408431913
261.8 7.66572216363
262.96 9.1053480896
264.12 9.95285955706
265.29 9.86899785263
266.46 9.31754361444
267.63 8.28070799609
268.8 7.25276680093
269.96 6.48530514225
271.12 7.05454822683
272.28 8.35567527732
273.45 9.45095996239
274.62 10.0621338992
275.79 9.86010342944
276.96 9.123136936
278.12 7.80167977535
279.28 6.75976162946
280.45 6.55646052782
281.6 7.40778389093
282.76 8.78641948641
283.93 9.79275993952
285.09 9.91601123239
286.25 9.34168562026
287.41 8.48273846584
288.59 7.67207532306
289.76 6.69495940331
290.92 7.15874004142
292.09 8.0901132133
293.26 9.38234584059
294.42 10.1548900268
295.6 9.84231458304
296.76 9.05071091854
297.93 7.8918946392
299.1 6.93256756585
300.27 6.07107914766
301.43 5.32267696726
302.6 4.6301825898
303.77 3.96691274571
304.94 3.50821463514
306.11 3.21596930153
307.28 2.8144496258
308.4 2.48789723129
309.53 2.26045412384
310.66 1.95550247138
311.79 1.99489205982
312.92 1.75982516105
314.04 1.70518798999
315.17 1.42437834335
316.3 1.4116720245
317.45 1.27698504466
318.56 1.21091218663
319.68 1.11307353147
320.8 1.25538430261
321.93 1.26300809393
323.05 0.949162018272
324.18 0.919937484911
325.3 0.777626713765
326.43 0.897066110977
327.55 0.956785809583
328.68 0.986010342944
329.8 0.810663142781
330.92 0.786521136961
332.05 0.775085449994
333.18 0.705200696306
334.3 0.66962300352
335.43 0.526041600488
336.57 0.453615583029
337.7 0.543830446881
338.83 0.58957319475
339.96 0.612444568684
341.08 0.560348661389
342.2 0.598467617946
343.33 0.552724870078
344.46 0.531124128029
345.59 0.519688441062
346.71 0.513335281636
347.83 0.510794017865
348.95 0.573054980242
350.08 0.477757588849
351.2 0.493005171472
352.32 0.564160557045
353.45 0.599738249832
354.58 0.553995501963
355.7 0.531124128029
356.83 0.583220035324
357.96 0.608632673028
359.08 0.368483246719
360.2 0.311304811883
361.32 0.218548684261
362.46 0.363400719178
363.58 0.245231953851
364.7 0.250314481392
365.83 0.3786483018
366.96 0.443450527948
368.08 0.285892174178
369.2 0.205842365408
370.32 0.29351596549
371.46 0.274456487211
372.59 0.200759837867
373.72 0.163911513196
374.84 0.144852034917
375.97 0.326552394506
377.1 0.418037890243
378.23 0.398978411964
379.35 0.453615583029
380.48 0.290974701719
381.6 0.271915223441
382.73 0.390083988768
383.85 0.513335281636
384.97 0.256667640818
386.09 0.128333820409
387.22 0.127063188524
388.33 0.0635315942618
389.46 0.34942376844
390.58 0.302410388686
391.7 0.278268382867
392.83 0.138498875491
393.95 0.196947942212
395.08 0.288433437949
396.2 0.144852034917
397.32 0.13595761172
398.46 0.130875084179
399.58 0.383730829341
400.7 0.255397008933
401.82 0.190594782785
402.94 0.158828985655
404.07 0.207112997294
405.2 0.166452776966
406.32 0.337988081473
407.46 0.423120417784
408.59 0.465051269997
409.72 0.29605722926
410.84 0.212195524835
411.97 0.232525634998
413.1 0.180429727704
414.23 0.344341240899
415.35 0.235066898769
416.48 0.118168765327
417.6 0.121980660983
418.73 0.315116707539
419.86 0.348153136555
420.99 0.237608162539
422.12 0.246502585736
423.24 0.18678288713
424.36 0.219819316146
425.49 0.174076568277
426.62 0.340529345243
427.75 0.424391049669
428.88 0.466321901882
430.0 0.360859455407
431.12 0.243961321965
432.25 0.121980660983
433.37 0.124521924753
434.5 0.0622609623766
435.63 0.221089948031
436.76 0.364671351063
437.88 0.246502585736
439.0 0.18678288713
440.13 0.34688250467
441.26 0.428202945325
442.38 0.276997750982
443.5 0.392625252538
444.62 0.324011130735
445.75 0.351965032211
446.88 0.430744209095
448.0 0.214736788605
449.12 0.171535304507
450.25 0.0851323363108
451.37 0.043201484098
452.5 0.021600742049
453.64 0.0101650550819
454.75 0.00508252754095
455.87 0.0660728580323
457.0 0.096568023278
458.12 0.365941982948
459.24 0.246502585736
460.36 0.18678288713
461.49 0.157558353769
462.63 0.0787791768847
463.76 0.102921182704
464.89 0.114356869671
466.0 0.0571784348356
467.13 0.219819316146
468.26 0.363400719178
469.38 0.435826736636
470.5 0.282080278523
471.63 0.395166516309
472.76 0.260479536473
473.88 0.194406678441
475.0 0.096568023278
476.13 0.175347200163
477.26 0.0876736000813
478.38 0.235066898769
479.5 0.180429727704
480.63 0.153746458114
481.76 0.141040139261
482.89 0.196947942212
484.02 0.289704069834
485.15 0.208383629179
486.28 0.167723408851
487.41 0.274456487211
488.53 0.200759837867
489.66 0.354506295981
490.79 0.303681020572
491.92 0.21600742049
493.04 0.235066898769
494.17 0.243961321965
495.3 0.0584490667209
496.44 0.156287721884
497.56 0.26937395967
498.69 0.198218574097
499.81 0.289704069834
500.94 0.144852034917
502.07 0.326552394506
503.2 0.416767258358
504.32 0.398978411964
505.45 0.263020800244
506.57 0.195677310326
507.7 0.0343070609014
508.83 0.0800498087699
509.96 -0.0228713739343
511.08 0.0520959072947
512.2 0.0889442319666
513.32 0.552724870078
514.45 1.80175601327
515.58 2.6162310517
516.7 2.89577006645
517.83 2.90974701719
518.95 2.66197379957
520.08 2.66451506334
521.2 3.93768821235
522.36 5.58950966316
523.52 7.17907015159
524.68 7.97321507986
525.84 7.86139947396
527.01 7.36204114306
528.18 6.41287912479
529.33 5.42941004562
530.5 5.32013570349
531.67 6.53485978577
532.84 7.90587158994
534.0 8.97193174166
535.17 9.123136936
536.33 8.56405890649
537.49 7.83979873191
538.65 6.77882110774
539.82 5.86777804602
540.99 6.30106351889
542.16 7.66063963609
543.32 8.9770142692
544.49 9.76099414239
545.66 9.51830345231
546.83 8.63521429207
548.0 7.49418685913
549.16 6.66954676561
550.32 6.2565914029
551.49 7.19431773421
552.66 8.36202843674
553.83 9.32770866952
555.0 9.74574655976
556.16 9.19302168969
557.33 8.21844703371
558.5 7.22227163568
559.67 6.40652596536
560.84 6.69750066708
562.0 7.73179502166
563.17 8.88552877346
564.34 9.84231458304
565.51 9.68602686116
566.68 8.97320237354
567.84 7.98083887117
569.01 6.84870586142
570.17 6.28327467249
571.33 7.20829468495
572.5 8.43191319043
573.67 9.48907891895
574.83 9.89059859468
576.0 9.58310567845
577.16 8.60344849494
578.33 7.60600246503
579.5 6.59839138003
580.67 6.53867168143
581.84 7.65301584478
583.0 9.10026556206
584.17 10.0138498875
585.34 9.89822238599
586.5 9.2692596028
587.67 8.12950280174
588.84 7.24133111396
590.0 6.54248357708
591.17 7.33789913724
592.34 8.43318382231
593.51 9.36328636231
594.68 10.0811933775
595.84 9.67840306985
597.01 8.90585888362
598.17 7.94653181027
599.34 6.76865605265
600.51 6.56154305536
601.68 7.72798312601
602.84 8.88298750969
604.0 9.84104395116
605.18 10.0036848325
606.34 9.38488710436
607.51 8.56787080215
608.68 7.52468202437
609.84 6.62126275397
611.01 6.93129693397
612.18 8.29468494682
613.33 9.29340160862
614.5 10.1104179108
615.67 9.81944320911
616.84 8.91221204305
618.0 8.01387530019
619.16 6.93002630208
620.33 6.70512445839
621.5 7.54501213453
622.71 8.85503360821
623.91 9.8283376323
625.12 9.93252944689
626.32 9.35058004346
627.53 8.35948717297
628.74 7.48402180404
629.94 6.72799583233
631.14 7.23878985019
632.34 8.44843140494
633.55 9.62376589878
634.76 10.2120684616
635.96 9.74447592788
637.17 8.68349830371
638.37 7.64539205347
639.59 6.49165830167
640.79 6.73943151929
641.99 8.00752214076
643.2 9.34041498837
644.4 10.0074967281
645.61 9.83214952796
646.82 8.98209679674
648.02 8.04818236109
649.22 6.88301292233
650.43 6.55518989594
651.64 7.66063963609
652.84 8.84995108067
654.05 9.69746254813
655.26 9.93125881501
656.46 9.28577781731
657.66 8.26418978158
658.86 7.18161141536
660.07 6.51325904372
661.27 7.25911996036
662.47 8.52212805428
663.68 9.59708262919
664.88 10.1993621428
666.08 9.48272575952
667.28 8.68095703994
668.48 7.4535266388
669.69 6.45862187266
670.89 6.84997649331
672.1 7.99989834945
673.3 9.27307149846
674.51 9.97318966722
675.72 9.75082908731
676.92 8.81437338789
678.13 7.7114649115
679.34 6.77755047585
680.56 6.62888654528
681.76 7.63522699839
682.96 9.15363210124
684.16 9.91346996862
685.36 9.84866774247
686.58 9.30864919124
687.78 8.46622025133
688.98 7.21845974003
690.18 6.532318522
691.37 7.45860916634
692.58 8.62123734133
693.78 9.71143949886
694.98 10.0011435687
696.18 9.57548188714
697.38 8.66316819354
698.59 7.4446322156
699.8 6.58060253364
701.0 6.91223745569
702.2 8.09392510896
703.4 9.44714806673
704.61 9.99606104116
705.82 9.7000038119
707.03 8.66189756166
708.24 7.44336158372
709.45 6.51707093938
710.66 5.4827765848
711.87 4.8372955871
713.07 4.19816774882
714.27 3.75090532522
715.47 3.14608454785
716.64 2.97073734768
717.81 2.81953215334
718.98 2.55269945744
720.13 2.29349055285
721.29 1.97202068589
722.46 2.00251585113
723.63 2.01776343376
724.79 1.77126084802
725.96 1.45741477237
727.12 1.30112705048
728.29 1.2223478736
729.46 1.18295828516
730.63 1.35322295778
731.8 1.18549954893
732.96 1.2909619954
734.13 0.963138969009
735.29 0.989822238599
736.46 1.0673307836
737.62 1.04191814589
738.78 0.902148638518
739.94 0.768732290568
741.1 0.701388800651
742.27 0.668352371634
743.44 0.588302562865
744.6 0.612444568684
745.77 0.623880255651
746.94 0.56543118893
748.11 0.601008881717
749.28 0.490463907701
750.44 0.499358330898
751.62 0.567972452701
752.78 0.601008881717
753.94 0.491734539587
755.11 0.435826736636
756.28 0.53620665557
757.44 0.331634922047
758.61 0.292245333604
759.77 0.463780638111
760.93 0.359588823522
762.1 0.496817067127
763.27 0.566701820815
764.44 0.410414098931
765.6 0.268103327785
766.77 0.325281762621
767.94 0.416767258358
769.11 0.58957319475
770.28 0.548912974422
771.44 0.528582864258
772.61 0.518417809177
773.77 0.386272093112
774.93 0.256667640818
776.09 0.191865414671
777.26 0.158828985655
778.43 0.143581403032
779.6 0.325281762621
780.77 0.416767258358
781.94 0.462510006226
783.11 0.48538138016
784.28 0.306222284342
785.44 0.217278052375
786.61 0.171535304507
787.78 0.340529345243
788.94 0.424391049669
790.11 0.466321901882
791.28 0.486652012046
792.44 0.307492916227
793.61 0.280809646637
794.78 0.393895884423
795.94 0.324011130735
797.11 0.289704069834
798.28 0.271915223441
799.44 0.199489205982
800.61 0.16264088131
801.79 0.335446817702
802.96 0.358318191637
804.12 0.306222284342
805.29 0.217278052375
806.47 0.171535304507
807.64 0.21346615672
808.8 0.170264672622
809.98 0.339258713358
811.14 0.359588823522
812.31 0.434556104751
813.48 0.280809646637
814.64 0.0762379131142
815.8 0.101650550819
816.96 0.114356869671
818.12 0.120710029097
819.28 0.124521924753
820.44 0.1893241509
821.61 0.157558353769
822.78 0.142310771146
823.94 0.134686979835
825.1 0.130875084179
826.26 0.193136046556
827.43 0.223631211802
828.6 0.365941982948
829.76 0.437097368521
830.92 0.282080278523
832.09 0.395166516309
833.26 0.451074319259
834.43 0.353235664096
835.6 0.430744209095
836.76 0.341799977129
837.93 0.235066898769
839.1 0.180429727704
840.27 0.153746458114
841.44 0.141040139261
842.61 0.13341634795
843.78 0.130875084179
844.94 0.128333820409
846.1 0.128333820409
847.26 0.127063188524
848.41 0.127063188524
849.58 0.127063188524
850.73 0.127063188524
851.88 0.190594782785
853.04 0.285892174178
854.2 0.207112997294
855.37 0.229984371228
856.54 0.115627501557
857.71 0.120710029097
858.88 0.124521924753
860.04 0.316387339424
861.2 0.221089948031
862.36 0.110544974016
863.52 0.119439397212
864.68 0.123251292868
865.84 0.124521924753
867.0 0.1893241509
868.16 0.34942376844
869.32 0.364671351063
870.48 0.310034179998
871.64 0.218548684261
872.81 0.172805936392
873.98 0.149934562458
875.14 0.138498875491
876.3 0.32274049885
877.47 0.224901843687
878.63 0.113086237786
879.8 0.310034179998
880.96 0.409143467046
882.12 0.395166516309
883.29 0.261750168359
884.45 0.194406678441
885.62 0.096568023278
886.79 0.048284011639
887.96 0.0876736000813
889.12 0.235066898769
890.28 0.243961321965
891.44 0.439638632292
892.6 0.219819316146
893.77 0.301139756801
894.94 0.340529345243
896.1 0.424391049669
897.27 0.275727119096
898.44 0.202030469753
899.6 0.354506295981
900.76 0.368483246719
901.92 0.247773217621
903.08 0.18678288713
904.24 0.284621542293
905.4 0.205842365408
906.58 0.166452776966
907.74 0.336717449588
908.9 0.232525634998
910.07 0.0520959072947
911.23 0.0902148638518
912.39 0.108003710245
913.56 1.38880065056
914.72 2.85383921424
915.88 3.4599306235
917.08 3.63654845555
918.28 3.2795008958
919.48 2.97327861145
920.64 3.51965032211
921.84 4.99993646841
923.04 6.69368877143
924.24 7.73052438978
925.44 7.99481582191
926.64 7.68224037814
927.84 6.89063671364
929.05 5.7318204343
930.26 5.40780930357
931.46 6.38873711897
932.66 7.8321749406
933.86 8.93508341698
935.07 9.1053480896
936.27 8.68222767182
937.47 7.83471620437
938.67 6.90334303249
939.88 6.18416538545
941.08 6.77627984397
942.28 7.96305002478
943.48 9.19048042592
944.68 9.80546625837
945.88 9.28577781731
947.07 8.3912529701
948.27 7.4357377924
949.47 6.3861958552
950.67 6.30614604643
951.87 7.60091993748
953.08 8.75592432116
954.28 9.84104395116
955.48 9.55896367263
956.68 8.84486855313
957.88 7.91730727691
959.08 6.81694006429
960.28 6.3950902784
961.48 7.26293185601
962.68 8.58693028043
963.88 9.69365065247
965.08 9.67586180608
966.28 9.28450718542
967.47 8.3912529701
968.67 7.30867460388
969.88 6.44972744946
971.08 6.97322778618
972.28 8.06088867994
973.48 9.3035666637
974.68 9.86137406132
975.88 9.56785809583
977.08 8.59582470363
978.28 7.60219056937
979.48 6.532318522
980.68 6.63396907282
981.88 7.89062400732
983.08 9.15490273313
984.27 9.9147406005
985.46 9.84866774247
986.67 9.24511759698
987.88 8.11679648289
989.08 7.10791476601
990.28 6.53994231331
991.48 7.52595265626
992.68 8.84613918502
993.88 10.0138498875
995.08 10.0252855745
996.27 9.33279119706
997.47 8.47892657018
998.68 7.4789392765
999.88 6.59839138003
1001.08 7.04819506741
1002.28 8.2883317874
1003.48 9.48145512763
1004.68 9.88678669903
1005.88 9.51703282042
1007.08 8.82453844297
1008.28 7.71654743904
1009.48 6.58949695684
1010.69 6.85251775708
1011.89 8.00116898133
1013.1 9.14600830993
1014.3 9.90965807296
1015.5 9.84739711058
1016.7 9.11678377657
1017.91 8.05199425674
1019.12 6.8855541861
1020.32 6.74578467872
1021.52 7.50308128232
1022.72 8.83343286616
1023.92 9.75337035108
1025.12 9.89568112222
1026.32 9.39505215944
1027.52 8.44589014117
1028.72 7.33662850536
1029.93 6.52723599446
1031.13 7.074878337
1032.34 8.3658403324
1033.55 9.51957408419
1034.75 10.1599725544
1035.95 9.78132425255
1037.15 8.95668415903
1038.35 7.84615189134
1039.56 6.84489396577
1040.76 6.91731998323
1041.96 7.9694031842
1043.16 9.13076072731
1044.36 10.0290974702
1045.58 9.77878298878
1046.78 9.20953990419
1047.98 8.03547604224
1049.18 6.8766597629
1050.37 6.55137800028
1051.59 7.53230581568
1052.8 8.91221204305
1054.0 10.0468863166
1055.2 9.97954282665
1056.4 9.37345141739
1057.62 8.30739126568
1058.82 7.26674375167
1060.03 6.61999212208
1061.23 7.18542331101
1062.43 8.48400909772
1063.64 9.5792937828
1064.84 9.93507071066
1066.04 9.60597705239
1067.24 8.67841577617
1068.44 7.70638238396
1069.64 6.5844144293
1070.84 6.78644489905
1072.05 8.03166414658
1073.26 9.47891386386
1074.45 10.0761108499
1075.65 9.86645658886
1076.85 9.19048042592
1078.06 7.83471620437
1079.26 6.83981143823
1080.47 6.78771553093
1081.68 7.71400617527
1082.88 9.06595850116
1084.08 9.80673689026
1085.28 9.98589598607
1086.48 9.43952427542
1087.68 8.4687615151
1088.88 7.21973037191
1090.08 6.65938171052
1091.28 7.39634820396
1092.48 8.5894715442
1093.68 9.69492128435
1094.87 10.1841145602
1096.08 9.73049897714
1097.28 8.8042083328
1098.48 7.64158015781
1099.68 6.61618022643
1100.87 6.99355789634
1102.07 8.13458532928
1103.27 9.34041498837
1104.47 10.0062260962
1105.67 9.70508633944
1106.88 8.72797041969
1108.08 7.60346120126
1109.28 6.66065234241
1110.48 5.74452675315
1111.68 4.9059097089
1112.88 4.2947357721
1114.08 3.7356577426
1115.28 3.32905553932
1116.48 2.99869124916
1117.64 2.83350910408
1118.8 2.56032324875
1119.96 2.29730244851
1121.12 1.97456194966
1122.29 1.81319170023
1123.46 1.66833966532
1124.63 1.59718427974
1125.8 1.43327276655
1126.96 1.28842073163
1128.13 1.21599471417
1129.29 1.37101180417
1130.46 1.19312334024
1131.62 1.04191814589
1132.78 1.0927434213
1133.93 1.18168765327
1135.09 0.908501797944
1136.26 0.707741960077
1137.43 0.67216426729
1138.6 0.653104789012
1139.76 0.644210365815
1140.92 0.640398470159
1142.08 0.637857206389
1143.24 0.50952338598
1144.4 0.508252754095
1145.56 0.508252754095
1146.72 0.635315942618
1147.87 0.508252754095
1149.02 0.762379131142
1150.17 0.69884753688
1151.33 0.667081739749
1152.5 0.651834157126
1153.68 0.706471328192
1154.84 0.670893635405
1156.0 0.653104789012
1157.17 0.644210365815
1158.33 0.640398470159
1159.5 0.574325612127
1160.67 0.541289183111
1161.84 0.397707780079
1163.0 0.515876545406
1164.16 0.575596244012
1165.32 0.606091409258
1166.49 0.493005171472
1167.66 0.564160557045
1168.82 0.409143467046
1169.99 0.585761299094
1171.16 0.357047559751
1172.32 0.495546435242
1173.49 0.311304811883
1174.66 0.473945693193
1175.83 0.363400719178
1177.0 0.308763548112
1178.16 0.472675061308
1179.33 0.553995501963
1180.5 0.594655722291
1181.67 0.551454238193
1182.84 0.593385090405
1184.0 0.423120417784
1185.17 0.275727119096
1186.34 0.264291432129
1187.5 0.259208904588
1188.66 0.193136046556
1189.83 0.0330364290162
1191.0 0.0800498087699
1192.16 0.294786597375
1193.33 0.274456487211
1194.5 0.264291432129
1195.66 0.132145716065
1196.82 0.32019923508
1197.99 0.414225994587
1199.16 0.207112997294
1200.32 0.357047559751
1201.49 0.115627501557
1202.66 0.311304811883
1203.82 0.219819316146
1204.99 0.363400719178
1206.16 0.435826736636
1207.32 0.53620665557
1208.49 0.395166516309
1209.66 0.324011130735
1210.82 0.16264088131
1211.99 0.208383629179
1213.16 0.231255003113
1214.32 0.24269069008
1215.49 0.247773217621
1216.66 0.3786483018
1217.82 0.252855745162
1218.98 0.379918933686
1220.14 0.444721159833
1221.3 0.476486956964
1222.47 0.237608162539
1223.64 0.37356577426
1224.8 0.440909264177
1225.97 0.219819316146
1227.14 0.174076568277
1228.31 0.0228713739343
1229.48 0.265562064014
1230.63 0.387542724997
1231.79 0.383730829341
1232.95 0.445991791718
1234.12 0.477757588849
1235.28 0.42947357721
1236.44 0.0876736000813
1237.61 0.297327861145
1238.78 0.40279030762
1239.94 0.329093658276
1241.11 0.227443107457
1242.28 0.177888463933
1243.44 0.152475826228
1244.6 0.0127063188524
1245.76 0.13341634795
1246.92 0.32019923508
1248.09 0.223631211802
1249.27 0.175347200163
1250.43 0.151205194343
1251.6 0.2668326959
1252.76 0.260479536473
1253.92 0.256667640818
1255.08 0.255397008933
1256.24 0.255397008933
1257.42 0.254126377047
1258.57 0.254126377047
1259.72 0.381189565571
1260.88 0.381189565571
1262.03 0.444721159833
1263.19 0.285892174178
1264.35 0.397707780079
1265.52 0.261750168359
1266.68 0.385001461227
1267.84 0.447262423603
1269.0 0.477757588849
1270.17 0.42947357721
1271.33 0.468863165652
1272.5 0.360859455407
1273.67 0.371024510489
1274.83 0.121980660983
1276.0 -0.00254126377047
1277.16 -0.00127063188524
1278.32 0.190594782785
1279.48 0.0317657971309
1280.64 0.142310771146
1281.81 0.134686979835
1282.97 0.0673434899175
1284.14 0.351965032211
1285.31 0.175347200163
1286.48 0.278268382867
1287.64 0.330364290161
1288.8 0.165182145081
1289.96 0.273185855326
1291.12 0.326552394506
1292.29 0.290974701719
1293.46 0.335446817702
1294.62 0.48538138016
1295.78 0.24269069008
1296.94 0.121980660983
1298.11 0.0609903304914
1299.28 0.348153136555
1300.44 0.364671351063
1301.6 0.181700359589
1302.77 0.155017089999
1303.94 0.0775085449994
1305.11 0.228713739343
1306.27 0.177888463933
1307.42 0.343070609014
1308.59 0.235066898769
1309.76 0.372295142374
1310.92 0.37610703803
1312.08 0.188053519015
1313.24 1.1105322677
1314.41 2.4612139617
1315.58 3.20072171891
1316.78 3.56920496563
1317.97 3.3735276553
1319.17 3.02029199121
1320.33 3.09907116809
1321.5 4.40782200989
1322.7 6.14350516512
1323.91 7.77245524199
1325.12 8.270542941
1326.32 7.75593702748
1327.52 7.1180798211
1328.72 6.03677208676
1329.92 5.5602851298
1331.13 6.14731706077
1332.34 7.58440172298
1333.56 8.74702989797
1334.76 9.26544770714
1335.96 8.82580907485
1337.16 8.09773700461
1338.37 6.97195715429
1339.59 6.1536702202
1340.8 6.38111332766
1342.0 7.38364188511
1343.21 8.58311838477
1344.42 9.5017852378
1345.63 9.45223059427
1346.84 8.5373756369
1348.04 7.50943444175
1349.24 6.67717055692
1350.44 6.51452967561
1351.65 7.57804856355
1352.86 8.80802022846
1354.07 9.55006924944
1355.27 9.66696738288
1356.46 8.8995057242
1357.66 7.81692735798
1358.87 7.02151179782
1360.08 6.30614604643
1361.28 7.09139655151
1362.48 8.31120316133
1363.68 9.36455699419
1364.87 9.76480603804
1366.07 9.26671833903
1367.28 8.44461950928
1368.48 7.20829468495
1369.68 6.27310961741
1370.88 6.75722036569
1372.08 7.9528849697
1373.28 9.123136936
1374.47 9.89822238599
1375.67 9.58691757411
1376.87 8.73178231535
1378.07 7.92366043633
1379.27 6.94781514847
1380.48 6.65048728733
1381.68 7.83598683625
1382.88 9.06468786928
1384.08 9.80546625837
1385.28 9.85756216566
1386.48 9.3124610869
1387.68 8.21463513805
1388.88 7.15619877765
1390.08 6.37348953635
1391.28 7.18923520667
1392.48 8.35948717297
1393.68 9.58056441468
1394.88 10.0634045311
1396.08 9.66950864665
1397.28 8.64664997903
1398.48 7.49926938667
1399.68 6.60855643512
1400.88 6.86268281216
1402.08 8.00498087699
1403.27 9.21208116796
1404.46 9.87916290771
1405.66 9.57802315091
1406.87 8.91856520248
1408.08 7.9528849697
1409.28 6.77246794831
1410.48 6.49928209298
1411.68 7.50562254609
1412.88 8.96303731846
1414.08 10.00876736
1415.28 10.0227443107
1416.48 9.20445737665
1417.68 8.03293477847
1418.88 7.12951550806
1420.08 6.55137800028
1421.28 7.46877422142
1422.49 8.68985146313
1423.7 9.61741273936
1424.9 10.0824640094
1426.11 9.55133988132
1427.32 8.65173250658
1428.52 7.50181065044
1429.72 6.80042184979
1430.92 7.02151179782
1432.12 8.14856228002
1433.33 9.41157037395
1434.54 9.9147406005
1435.74 9.46874880878
1436.95 8.73686484289
1438.16 7.67207532306
1439.36 6.56789621479
1440.57 6.84108207011
1441.78 7.74068944486
1442.98 9.01640385764
1444.18 9.84485584681
1445.37 9.94142387009
1446.59 9.16379715633
1447.8 8.26673104535
1449.0 6.99228726446
1450.2 6.73689025552
1451.4 7.6250619433
1452.6 8.83089160239
1453.8 9.87916290771
1455.01 10.1498074993
1456.21 9.4585837537
1457.42 8.4776559383
1458.63 7.35187608798
1459.84 6.72545456856
1461.04 7.23751921831
1462.24 8.57422396158
1463.44 9.75082908731
1464.64 10.2756000559
1465.84 9.64917853649
1467.05 8.890611301
1468.25 7.62125004765
1469.45 6.73307835987
1470.65 6.9884753688
1471.84 8.19557565978
1473.04 9.37091015362
1474.24 10.0850052731
1475.44 9.93507071066
1476.65 9.03292207215
1477.85 8.01133403642
1479.05 7.05454822683
1480.26 6.44972744946
1481.46 7.41794894601
1482.66 8.66443882543
1483.86 9.66950864665
1485.06 10.0443450528
1486.26 9.34168562026
1487.46 8.41920687158
1488.67 7.44971474314
1489.88 6.64794602356
1491.08 7.26293185601
1492.28 8.39633549764
1493.48 9.40775847829
1494.68 10.0405331571
1495.88 9.78513614821
1497.08 8.70382841387
1498.28 7.59202551429
1499.48 6.59203822061
1500.68 6.7902567947
1501.88 7.90587158994
1503.08 9.2260581187
1504.28 10.0761108499
1505.47 9.86645658886
1506.67 9.19048042592
1507.88 8.21590576994
1509.08 6.96687462675
1510.28 6.02533639979
1511.48 5.36333718758
1512.68 4.77757588849
1513.87 4.2947357721
1515.06 3.67212614833
1516.25 3.17022655367
1517.42 2.79284888375
1518.6 2.66705632711
1519.76 2.22233516728
1520.92 1.93771362499
1522.08 1.85766381622
1523.24 1.88180582204
1524.41 1.51332257532
1525.58 1.51840510286
1526.74 1.39515380999
1527.91 1.39642444187
1529.08 1.33289284761
1530.24 1.30239768237
1531.41 1.2223478736
1532.57 1.11942669089
1533.74 1.00506982122
1534.91 0.946620754501
1536.08 0.855135258764
1537.24 0.744590284749
1538.4 0.753484707945
1539.57 0.567972452701
1540.74 0.728072070241
1541.91 0.61879772811
1543.08 0.626421519422
1544.24 0.822098829748
1545.41 0.537477287455
1546.57 0.714095119503
1547.74 0.484110748275
1548.91 0.368483246719
1550.07 0.56543118893
1551.23 0.473945693193
1552.39 0.681058690487
1553.56 0.404060939505
1554.73 0.265562064014
1555.89 0.196947942212
1557.06 0.415496626472
1558.22 0.335446817702
1559.38 0.231255003113
1560.55 0.433285472866
1561.72 0.343070609014
1562.88 0.362130087292
1564.04 0.308763548112
1565.21 0.534936023685
1566.37 0.649292893356
1567.55 0.578137507783
1568.72 0.607362041143
1569.88 0.494275803357
1571.04 0.627692151307
1572.2 0.313846075653
1573.36 0.53874791934
1574.54 0.523500336717
1575.71 0.515876545406
1576.87 0.385001461227
1578.03 0.255397008933
1579.19 0.128333820409
1580.35 0.444721159833
1581.51 0.222360579916
1582.68 0.365941982948
1583.84 0.310034179998
1585.0 0.409143467046
1586.18 0.45869811057
1587.33 0.355776927866
1588.49 0.43201484098
1589.65 0.343070609014
1590.81 0.235066898769
1591.98 0.245231953851
1593.14 0.185512255245
1594.31 0.156287721884
1595.48 0.0787791768847
1596.64 0.166452776966
1597.81 0.336717449588
1598.98 0.29605722926
1600.14 0.401519675735
1601.31 0.454886214915
1602.48 0.290974701719
1603.64 0.40024904385
1604.8 0.199489205982
1605.97 0.100379918934
1607.14 0.367212614833
1608.3 0.438368000407
1609.47 0.218548684261
1610.64 0.172805936392
1611.8 0.276997750982
1612.97 0.138498875491
1614.13 0.069884753688
1615.3 0.161370249425
1616.47 0.144852034917
1617.64 0.326552394506
1618.8 0.16264088131
1619.97 0.144852034917
1621.14 0.263020800244
1622.3 0.32274049885
1623.47 0.161370249425
1624.64 0.0165182145081
1625.8 -0.0546371710652
1626.97 0.0355776927866
1628.13 0.0813204406551
1629.3 0.231255003113
1630.47 0.179159095818
1631.64 0.344341240899
1632.8 0.108003710245
1633.97 0.181700359589
1635.14 0.0902148638518
1636.31 0.299869124916
1637.48 0.404060939505
1638.64 0.138498875491
1639.8 0.195677310326
1640.96 0.351965032211
1642.12 0.430744209095
1643.29 0.214736788605
1644.46 0.298598493031
1645.63 0.275727119096
1646.8 0.138498875491
1647.96 -0.0584490667209
1649.12 0.161370249425
1650.29 0.271915223441
1651.46 0.326552394506
1652.63 0.353235664096
1653.8 0.113086237786
1654.96 -0.00635315942618
1656.13 -0.0673434899175
1657.3 -0.0330364290162
1658.47 0.237608162539
1659.64 0.118168765327
1660.8 -0.00381189565571
1661.97 0.251585113277
1663.13 0.379918933686
1664.29 0.317657971309
1665.46 0.158828985655
1666.63 0.26937395967
1667.8 0.00762379131142
1668.96 0.0673434899175
1670.13 0.288433437949
1671.3 0.0800498087699
1672.47 0.104191814589
1673.64 0.115627501557
1674.8 0.311304811883
1675.97 0.156287721884
1677.14 -0.0495546435242
1678.31 0.102921182704
1679.48 0.304951652457
1680.64 0.279539014752
1681.8 0.2668326959
1682.96 0.387542724997
1684.12 0.321469866965
1685.28 0.350694400325
1686.44 0.175347200163
1687.61 -0.0393895884423
1688.78 0.0444721159833
1689.94 0.148663930573
1691.11 -0.0520959072947
1692.28 0.0368483246719
1693.44 0.273185855326
1694.6 0.263020800244
1695.76 0.00508252754095
1696.92 0.256667640818
1698.08 0.255397008933
1699.24 0.381189565571
1700.4 0.444721159833
1701.56 0.285892174178
1702.73 0.207112997294
1703.9 0.102921182704
1705.08 -0.074967281229
1706.24 -0.165182145081
1707.4 -0.0190594782785
1708.57 -0.0724260174585
1709.74 -0.100379918934
1710.91 -0.113086237786
1712.08 0.196947942212
1713.24 1.24267798376
1714.4 2.78141319678
1715.57 3.55014548735
1716.77 3.87161535432
1717.97 3.46120125538
1719.18 3.06476410719
1720.34 3.56539306997
1721.55 4.89574465382
1722.76 6.57679063798
1723.96 7.79913851158
1725.16 7.96559128855
1726.36 7.79532661593
1727.58 7.01007611085
1728.78 6.1104687361
1729.97 5.59586282258
1731.17 6.29216909569
1732.37 7.7203593347
1733.59 8.81564401977
1734.8 9.23622317378
1736.0 8.68476893559
1737.21 7.96305002478
1738.41 6.96814525864
1739.62 5.89827321127
1740.83 6.31631110151
1742.04 7.73179502166
1743.24 8.88552877346
1744.44 9.52465661173
1745.64 9.27307149846
1746.84 8.5119629992
1748.04 7.30613334011
1749.24 6.5755200061
1750.44 6.52723599446
1751.65 7.52087012872
1752.86 8.90585888362
1754.06 9.79021867575
1755.27 9.91346996862
1756.46 9.02275701706
1757.66 8.06978310314
1758.87 7.08377276019
1760.08 6.59203822061
1761.28 7.42557273732
1762.48 8.66825072108
1763.68 9.48018449575
1764.88 9.9490476614
1766.08 9.35820383477
1767.28 8.49163288904
1768.48 7.3582292474
1769.68 6.4116084929
1770.88 6.76357352511
1772.08 7.95542623347
1773.28 9.06087597362
1774.48 9.92998818312
1775.68 9.53990419436
1776.88 8.8995057242
1778.08 7.9439905465
1779.28 6.95798020356
1780.48 6.78263300339
1781.68 7.90205969429
1782.88 9.15998526067
1784.07 10.1078766471
1785.27 9.94523576575
1786.47 9.22987001436
1787.68 7.98210950306
1788.88 6.91350808757
1790.08 6.63269844093
1791.28 7.50943444175
1792.48 8.7101815733
1793.68 9.88297480337
1794.88 10.1510781312
1796.08 9.52211534796
1797.28 8.44589014117
1798.48 7.33662850536
1799.68 6.33664121167
1800.88 6.9795809456
1802.08 8.00116898133
1803.28 9.14600830993
1804.48 9.78259488444
1805.68 9.52973913927
1806.88 8.89442319666
1808.07 8.00498087699
1809.26 6.73434899175
1810.45 6.48022261471
1811.64 7.62379131142
1812.84 8.95795479092
1814.04 9.81563131345
1815.24 9.67204991042
1816.44 9.21970495928
1817.65 8.23115335256
1818.85 7.10156160659
1820.05 6.41033786102
1821.26 7.20702405306
1822.46 8.43191319043
1823.66 9.42554732468
1824.86 9.79530120329
1826.06 9.28196592165
1827.26 8.51577489486
1828.45 7.37093556626
1829.65 6.54502484085
1830.86 7.02024116593
1832.07 8.0214990915
1833.28 9.41029974206
1834.47 9.97827219476
1835.68 9.75464098296
1836.88 8.87917561403
1838.08 7.80676230289
1839.28 6.88936608175
1840.48 6.68479434823
1841.68 7.72671249412
1842.88 8.8817168778
1844.08 9.7775123569
1845.28 9.97191903534
1846.48 9.36963952173
1847.68 8.17905744527
1848.88 7.26547311978
1850.08 6.55518989594
1851.28 7.47131548519
1852.48 8.62759050076
1853.67 9.58691757411
1854.87 10.0659457948
1856.08 9.48018449575
1857.28 8.67968640805
1858.48 7.38872441265
1859.68 6.36332448126
1860.88 6.73943151929
1862.08 7.9439905465
1863.28 9.30864919124
1864.48 9.92744691935
1865.68 9.72795771337
1866.89 8.93000088944
1868.1 7.8321749406
1869.31 6.77500921208
1870.52 6.81821069618
1871.72 7.79278535216
1872.93 9.23368191001
1874.14 10.0799227456
1875.35 9.99606104116
1876.56 9.31754361444
1877.77 8.15364480756
1878.98 7.18923520667
1880.19 6.83472891069
1881.4 7.80167977535
1882.6 8.8563042401
1883.8 9.76480603804
1885.01 9.96429524402
1886.22 9.36582762608
1887.42 8.24131840764
1888.63 7.29723891691
1889.84 6.63396907282
1891.04 7.19304710232
1892.25 8.48782099338
1893.44 9.51703282042
1894.64 10.1587019225
1895.84 9.78132425255
1897.05 8.95668415903
1898.25 7.84488125945
1899.45 6.65429918298
1900.66 6.69495940331
1901.86 7.92111917256
1903.06 9.23368191001
1904.26 9.89059859468
1905.46 9.8372320555
1906.68 9.11170124903
1907.88 8.11298458724
1909.08 6.85251775708
1910.28 6.09395052159
1911.48 5.2070494657
1912.68 4.38240937218
1913.88 3.84366145284
1915.08 3.31889048424
1916.28 2.99360872162
1917.44 2.64037305752
1918.6 2.33669203695
1919.77 2.24901843687
1920.93 2.20454632089
1922.1 1.9275485699
1923.27 1.72678873204
1924.43 1.56160658696
1925.6 1.54381774056
1926.76 1.59718427974
1927.92 1.56160658696
1929.09 1.47901551442
1930.26 1.2477605113
1931.42 1.19566460401
1932.59 1.1702519663
1933.76 1.15627501557
1934.92 1.14992185614
1936.08 1.08384899811
1937.24 1.11307353147
1938.4 0.810663142781
1939.58 0.7229895427
1940.74 0.870382841387
1941.91 0.688682481798
1943.08 0.598467617946
1944.24 0.617527096225
1945.4 0.753484707945
1946.57 0.820828197863
1947.73 0.791603664502
1948.9 0.523500336717
1950.07 0.515876545406
1951.23 0.321469866965
1952.4 0.350694400325
1953.56 0.556536765734
1954.72 0.659457948438
1955.88 0.775085449994
1957.04 0.705200696306
1958.21 0.66962300352
1959.37 0.716636383273
1960.55 0.612444568684
1961.72 0.433285472866
1962.88 0.343070609014
1964.04 0.489193275816
1965.2 0.56288992516
1966.36 0.598467617946
1967.54 0.490463907701
1968.71 0.499358330898
1969.88 0.566701820815
1971.04 0.728072070241
1972.21 0.745860916634
1973.37 0.56288992516
1974.55 0.472675061308
1975.72 0.236337530654
1976.88 0.245231953851
1978.04 0.312575443768
1979.21 0.410414098931
1980.37 0.396437148194
1981.56 0.261750168359
1982.72 0.194406678441
1983.88 0.223631211802
1985.04 0.048284011639
1986.21 0.40533157139
1987.37 0.520959072947
1988.55 0.260479536473
1989.71 0.383730829341
1990.87 0.573054980242
1992.04 0.541289183111
1993.2 0.524770968603
1994.36 0.198218574097
1995.54 0.16264088131
1996.71 0.0177888463933
1997.88 -0.0546371710652
1999.04 -0.0902148638518
2000.2 -0.0457427478685
2001.36 0.104191814589
2002.54 0.115627501557
2003.71 0.185512255245
2004.88 0.283350910408
2006.04 0.268103327785
2007.2 0.388813356882
2008.36 0.385001461227
2009.53 0.382460197456
2010.69 0.318928603194
2011.86 0.285892174178
2013.03 0.270644591555
2014.2 0.261750168359
2015.36 0.194406678441
2016.53 0.161370249425
2017.7 0.207112997294
2018.87 0.167723408851
2020.04 0.210924892949
2021.2 0.232525634998
2022.36 0.179159095818
2023.55 0.217278052375
2024.72 0.235066898769
2025.88 0.245231953851
2027.04 0.185512255245
2028.21 0.156287721884
2029.37 0.205842365408
2030.55 0.166452776966
2031.72 0.209654261064
2032.88 0.232525634998
2034.04 0.24269069008
2035.21 0.185512255245
2036.37 0.283350910408
2037.55 0.268103327785
2038.72 0.198218574097
2039.88 0.226172475572
2041.04 0.24014942631
2042.2 0.246502585736
2043.36 0.18678288713
2044.54 0.157558353769
2045.71 0.142310771146
2046.88 0.261750168359
2048.04 0.194406678441
2049.2 0.223631211802
2050.36 0.238878794424
2051.54 0.182970991474
2052.71 0.218548684261
2053.88 0.172805936392
2055.04 0.21346615672
2056.2 0.233796266884
2057.36 0.243961321965
2058.54 0.185512255245
2059.71 0.156287721884
2060.88 0.142310771146
2062.04 0.134686979835
2063.2 0.194406678441
2064.37 0.16009961754
2065.55 0.143581403032
2066.72 0.263020800244
2067.88 0.257938272703
2069.04 0.193136046556
2070.2 0.16009961754
2071.36 0.143581403032
2072.54 0.198218574097
2073.71 0.226172475572
2074.88 0.176617832048
2076.04 0.152475826228
2077.2 0.139769507376
2078.36 -0.0571784348356
2079.53 0.224901843687
2080.7 0.303681020572
2081.87 0.214736788605
2083.03 0.108003710245
2084.2 0.0533665391799
2085.36 -0.100379918934
2086.53 0.141040139261
2087.7 0.260479536473
2088.86 0.257938272703
2090.02 0.0648022261471
2091.19 0.287162806063
2092.35 0.0165182145081
2093.52 0.134686979835
2094.68 0.0673434899175
2095.84 0.224901843687
2097.01 0.238878794424
2098.18 0.0559078029504
2099.33 0.155017089999
2100.51 0.268103327785
2101.68 0.388813356882
2102.84 0.321469866965
2104.0 0.16009961754
2105.17 -0.0470133797538
2106.34 0.167723408851
2107.52 0.274456487211
2108.69 0.0736966493437
2109.86 0.290974701719
2111.03 0.335446817702
2112.19 0.0406602203276
2113.35 1.10036721261
2114.52 2.83732099973
2115.7 3.45230683219
2116.91 3.69499752227
2118.11 3.30872542916
2119.31 2.79793141129
2120.47 3.3049135335
2121.67 4.82967179578
2122.88 6.73434899175
2124.07 7.94144928273
2125.27 8.03674667412
2126.47 7.70384112019
2127.68 6.96433336298
2128.88 6.08759736217
2130.08 5.71149032414
2131.28 6.41414975667
2132.48 7.71781807093
2133.68 9.06849976493
2134.88 9.17142094764
2136.08 8.71526410084
2137.28 7.7889734565
2138.48 6.88047165856
2139.68 6.04439587807
2140.88 6.45353934512
2142.08 7.92747233199
2143.28 9.23749380567
2144.48 9.70127444378
2145.68 9.29721350428
2146.88 8.39760612953
2148.07 7.50181065044
2149.27 6.609827067
2150.46 6.35443005807
2151.66 7.56153034904
2152.87 8.92618899379
2154.07 9.86391532509
2155.27 9.69619191624
2156.47 8.85122171256
2157.68 7.79278535216
2158.88 6.88174229044
2160.08 6.299792887
2161.28 7.08885528773
2162.48 8.56405890649
2163.68 9.61868337124
2164.88 9.95540082083
2166.08 9.4242766928
2167.28 8.33407453527
2168.48 7.27945007052
2169.68 6.49928209298
2170.88 6.93383819774
2172.08 8.16889239019
2173.28 9.35693320288
2174.48 10.0151205194
2175.68 9.77242982935
2176.88 8.76227748059
2178.08 7.81184483043
2179.28 6.89190734552
2180.48 6.8766597629
2181.68 7.82200988552
2182.88 9.05706407797
2184.08 9.80165436271
2185.28 9.72922834526
2186.48 8.9935324837
2187.68 7.92747233199
2188.88 6.75976162946
2190.08 6.30233415077
2191.28 7.40778389093
2192.48 8.72288789215
2193.68 9.5703993596
2194.88 9.80419562649
2196.08 9.28577781731
2197.27 8.45478456436
2198.47 7.34044040101
2199.68 6.40271406971
2200.88 6.94908578036
2202.08 8.04945299297
2203.28 9.36074509854
2204.48 9.95413018894
2205.68 9.55133988132
2206.88 8.71399346895
2208.08 7.53357644757
2209.28 6.56281368725
2210.48 6.77500921208
2211.68 7.83471620437
2212.88 8.99988564313
2214.08 9.8372320555
2215.28 9.87408038017
2216.48 9.12949009542
2217.68 8.05961804806
2218.88 7.14222182691
2220.08 6.55773115971
2221.28 7.40778389093
2222.48 8.65935629789
2223.68 9.85756216566
2224.88 10.0113086238
2226.08 9.64282537706
2227.28 8.69747525444
2228.48 7.46115043011
2229.68 6.6530285511
2230.88 7.13840993126
2232.08 8.270542941
2233.27 9.47256070444
2234.47 10.0722989543
2235.68 9.61105957993
2236.88 8.61742544567
2238.08 7.54882403019
2239.28 6.82329322372
2240.48 6.77882110774
2241.68 7.77372587388
2242.88 8.96939047788
2244.08 9.82071384099
2245.28 9.8029249946
2246.48 9.03038080838
2247.68 8.26418978158
2248.88 7.05454822683
2250.08 6.76738542077
2251.28 7.38618314888
2252.48 8.71145220518
2253.68 9.88297480337
2254.88 9.96048334837
2256.08 9.30102539993
2257.28 8.33534516715
2258.48 7.47131548519
2259.68 6.53104789012
2260.88 7.14095119503
2262.08 8.39887676141
2263.27 9.40902911018
2264.46 10.1675963457
2265.66 9.78513614821
2266.86 8.76863064002
2268.06 7.75085449994
2269.25 6.60728580323
2270.44 6.86141218028
2271.63 7.8143860942
2272.83 9.18031537083
2274.04 10.1180417021
2275.24 10.0773814818
2276.44 9.16887968387
2277.65 8.1422091206
2278.85 7.0570894906
2280.06 6.64159286413
2281.26 7.57677793167
2282.46 8.61742544567
2283.67 9.77242982935
2284.88 9.96810713968
2286.08 9.55896367263
2287.28 8.46367898756
2288.48 7.47258611708
2289.68 6.59457948438
2290.87 7.04565380364
2292.07 8.47892657018
2293.28 9.57548188714
2294.48 10.1243948616
2295.68 9.89059859468
2296.88 9.0113213301
2298.08 7.99989834945
2299.28 6.73180772798
2300.48 6.73307835987
2301.68 7.75085449994
2302.87 9.21208116796
2304.07 10.0697576905
2305.27 9.92617628747
2306.47 9.3467681478
2307.68 8.1676217583
2308.88 7.00626421519
2310.08 6.10792747233
2311.27 5.15114166275
2312.47 4.35445547071
2313.68 3.89194546448
2314.88 3.34430312194
2316.08 2.87925185195
2317.24 2.58319462269
2318.4 2.56159388064
2319.56 2.36083404277
2320.72 2.13339093531
2321.88 2.02030469753
2323.04 1.7725314799
2324.21 1.52094636663
2325.38 1.5234876304
2326.54 1.5234876304
2327.7 1.58828985655
2328.86 1.55652405941
2330.03 1.47647425064
2331.2 1.37355306794
2332.36 1.13213300975
2333.53 0.883089160239
2334.71 0.759837867371
2335.87 0.88817168778
2337.03 1.0152348763
2338.19 0.825910725404
2339.35 0.921208116796
2340.52 0.904689902288
2341.69 0.897066110977
2342.85 0.893254215321
2344.01 0.701388800651
2345.18 0.541289183111
2346.33 0.524770968603
2347.51 0.388813356882
2348.67 0.575596244012
2349.84 0.542559814996
2351.0 0.397707780079
2352.17 0.644210365815
2353.33 0.766191026798
2354.5 0.764920394912
2355.66 0.445991791718
2356.83 0.540018551226
2358.0 0.461239374341
2359.16 0.357047559751
2360.33 0.433285472866
2361.51 0.597196986061
2362.67 0.743319652863
2363.83 0.626421519422
2365.0 0.439638632292
2366.16 0.601008881717
2367.33 0.555266133848
2368.52 0.721718910814
2369.68 0.742049020978
2370.84 0.371024510489
2372.0 0.439638632292
2373.17 0.537477287455
2374.34 0.26937395967
2375.52 0.325281762621
2376.7 0.480298852619
2377.86 0.557807397619
2379.03 0.278268382867
2380.2 0.457427478685
2381.36 0.292245333604
2382.53 0.336717449588
2383.7 0.421849785899
2384.87 0.465051269997
2386.04 0.486652012046
2387.2 0.625150887536
2388.37 0.566701820815
2389.54 0.34688250467
2390.71 0.236337530654
2391.88 0.372295142374
2393.04 0.313846075653
2394.2 0.34688250467
2395.37 0.364671351063
2396.54 0.372295142374
2397.71 0.440909264177
2398.88 0.219819316146
2400.04 0.174076568277
2401.2 0.149934562458
2402.38 0.138498875491
2403.53 0.13341634795
2404.69 0.32019923508
2405.86 0.414225994587
2407.03 0.397707780079
2408.2 0.326552394506
2409.37 0.289704069834
2410.54 0.271915223441
2411.71 0.326552394506
2412.88 0.290974701719
2414.04 0.335446817702
2415.2 0.294786597375
2416.37 0.274456487211
2417.54 0.200759837867
2418.71 0.227443107457
2419.88 0.241420058195
2421.04 0.247773217621
2422.2 0.250314481392
2423.37 0.252855745162
2424.54 0.252855745162
2425.7 0.254126377047
2426.85 0.190594782785
2428.02 0.222360579916
2429.19 0.174076568277
2430.35 0.151205194343
2431.52 0.202030469753
2432.68 0.165182145081
2433.84 0.209654261064
2435.01 0.167723408851
2436.18 0.210924892949
2437.33 0.232525634998
2438.51 0.243961321965
2439.68 0.249043849506
2440.84 0.251585113277
2442.0 0.252855745162
2443.16 0.252855745162
2444.32 0.254126377047
2445.48 0.254126377047
2446.64 0.190594782785
2447.8 0.222360579916
2448.96 0.237608162539
2450.12 0.246502585736
2451.28 0.18678288713
2452.44 0.156287721884
2453.62 0.205842365408
2454.79 0.166452776966
2455.96 0.146122666802
2457.12 0.137228243606
2458.28 0.132145716065
2459.44 0.193136046556
2460.61 0.16009961754
2461.78 0.207112997294
2462.94 0.229984371228
2464.11 0.179159095818
2465.28 0.152475826228
2466.44 0.139769507376
2467.6 0.196947942212
2468.76 0.16264088131
2469.93 0.208383629179
2471.09 0.167723408851
2472.26 0.210924892949
2473.42 0.168994040736
2474.59 0.147393298687
2475.76 0.137228243606
2476.92 0.132145716065
2478.08 0.193136046556
2479.24 0.223631211802
2480.4 0.238878794424
2481.56 0.310034179998
2482.72 0.155017089999
2483.89 0.268103327785
2485.06 0.261750168359
2486.23 0.194406678441
2487.39 0.223631211802
2488.56 0.302410388686
2489.72 0.151205194343
2490.89 0.139769507376
2492.06 0.196947942212
2493.23 0.224901843687
2494.39 0.24014942631
2495.56 0.119439397212
2496.72 -0.0673434899175
2497.89 0.157558353769
2499.06 0.205842365408
2500.23 0.229984371228
2501.39 0.304951652457
2502.55 0.0889442319666
2503.71 0.235066898769
2504.88 0.181700359589
2506.04 0.153746458114
2507.21 0.141040139261
2508.39 0.13341634795
2509.55 0.130875084179
2510.71 0.128333820409
2511.88 0.128333820409
2513.04 0.952973913927
2514.2 2.38243478482
2515.36 3.28839531899
2516.57 3.55014548735
2517.77 3.42689419448
2518.97 3.11050685506
2520.13 3.2706064726
2521.33 4.68481976087
2522.55 6.40906722913
2523.76 7.77880840142
2524.96 8.20955261051
2526.17 7.7889734565
2527.39 6.94400325282
2528.6 6.01390071282
2529.8 5.42051562242
2531.01 6.20449549561
2532.21 7.55009466208
2533.41 8.73051168346
2534.62 9.25655328395
2535.82 8.88552877346
2537.03 8.06342994371
2538.23 7.01769990216
2539.43 6.0507490375
2540.64 6.39254901462
2541.84 7.6428507897
2543.05 8.90458825174
2544.25 9.59835326108
2545.45 9.50051460591
2546.66 8.68858083125
2547.87 7.58440172298
2549.07 6.58822632495
2550.27 6.3429943711
2551.47 7.49164559535
2552.68 8.76481874436
2553.88 9.65553169591
2555.08 9.72033392206
2556.28 9.05325218231
2557.48 8.14729164814
2558.68 7.05963075437
2559.88 6.38873711897
2561.08 7.13332740372
2562.28 8.45859646002
2563.49 9.37599268116
2564.7 9.83342015985
2565.91 9.30102539993
2567.11 8.27181357289
2568.32 7.24895490527
2569.53 6.41923228421
2570.74 6.89444860929
2571.95 8.08503068576
2573.16 9.25274138829
2574.37 9.89949301788
2575.58 9.58691757411
2576.78 8.73305294723
2577.98 7.66953405929
2579.18 6.63015717716
2580.38 6.6187214902
2581.57 7.69367606511
2582.78 8.99226185182
2583.98 9.96048334837
2585.18 9.80800752214
2586.38 9.16125589256
2587.58 8.13839722494
2588.77 6.99101663257
2589.97 6.48149324659
2591.17 7.307403972
2592.38 8.60853102248
2593.58 9.70508633944
2594.78 9.99860230493
2595.99 9.44587743485
2597.2 8.47130277887
2598.4 7.41286641847
2599.6 6.50182335676
2600.81 7.06217201814
2602.02 8.23242398445
2603.22 9.3899696319
2604.41 10.0316387339
2605.62 9.58945883788
2606.82 8.67079198485
2608.03 7.7025704883
2609.24 6.71020698593
2610.44 6.78517426716
2611.64 7.90333032617
2612.84 9.22478748682
2614.04 10.0125792557
2615.24 9.89822238599
2616.44 9.20572800854
2617.64 8.09773700461
2618.85 6.97068652241
2620.06 6.53485978577
2621.26 7.52468202437
2622.47 8.65427377035
2623.68 9.79021867575
2624.87 9.97827219476
2626.08 9.43571237977
2627.28 8.52975184559
2628.49 7.31502776331
2629.7 6.57933190175
2630.9 7.16509320085
2632.11 8.41158308027
2633.31 9.54244545813
2634.52 10.0443450528
2635.72 9.65934359157
2636.92 8.70509904576
2638.13 7.65682774044
2639.34 6.687335612
2640.56 6.83727017446
2641.76 8.05707678428
2642.97 9.36455699419
2644.17 10.0189324151
2645.38 9.90203428165
2646.58 9.01640385764
2647.78 7.93890801896
2648.98 6.95543893978
2650.18 6.71783077725
2651.38 7.67969911437
2652.58 8.92237709813
2653.78 9.86137406132
2654.98 9.9490476614
2656.17 9.29467224051
2657.38 8.26927230912
2658.57 7.24768427339
2659.77 6.54629547274
2660.97 7.2121065806
2662.17 8.49798604846
2663.38 9.64917853649
2664.59 10.0341799977
2665.8 9.5271978755
2667.0 8.57549459346
2668.2 7.52849392003
2669.4 6.62253338585
2670.61 6.93256756585
2671.82 8.10409016404
2673.02 9.32516740575
2674.22 10.0634045311
2675.42 9.86010342944
2676.62 8.93254215321
2677.82 8.02404035527
2679.03 6.87030660347
2680.23 6.73943151929
2681.42 7.62633257519
2682.62 9.08628861133
2683.83 9.81563131345
2685.04 9.92744691935
2686.24 9.3467681478
2687.44 8.48527972961
2688.64 7.29215638937
2689.85 6.63269844093
2691.06 7.19177647044
2692.26 8.42428939912
2693.45 9.61233021181
2694.66 10.0786521137
2695.87 9.74066403222
2697.07 8.49163288904
2698.27 7.55009466208
2699.47 6.44337429003
2700.68 6.96941589052
2701.88 8.12314964232
2703.08 9.39759342321
2704.28 10.1625138181
2705.48 9.90965807296
2706.68 8.95795479092
2707.88 7.97321507986
2709.08 6.90842556003
2710.28 6.75849099757
2711.49 7.88935337543
2712.7 9.09137113887
2713.91 10.00876736
2715.12 9.89695175411
2716.32 8.95033099961
2717.54 7.90587158994
2718.75 6.81185753675
2719.96 5.88429626053
2721.16 5.10158701922
2722.38 4.39384505915
2723.57 3.91227557464
2724.77 3.4167291394
2725.97 3.1066949594
2727.14 2.823344049
2728.31 2.49170912695
2729.48 2.26299538761
2730.64 2.08383629179
2731.8 1.8678288713
2732.96 1.69629356679
2734.13 1.61116123048
2735.3 1.44089655786
2736.47 1.41929581581
2737.64 1.34432853458
2738.8 1.24394861565
2739.97 1.19439397212
2741.13 1.10544974016
2742.29 1.06097762417
2743.46 0.974574655976
2744.63 0.932643803764
2745.8 0.911043061715
2746.96 0.899607374747
2748.12 0.830993252945
2749.29 0.796686192043
2750.47 0.716636383273
2751.64 0.675976162946
2752.8 0.719177647044
2753.97 0.677246794831
2755.14 0.719177647044
2756.31 0.677246794831
2757.48 0.656916684667
2758.66 0.581949403438
2759.82 0.608632673028
2760.99 0.559078029504
2762.15 0.533665391799
2763.31 0.520959072947
2764.48 0.578137507783
2765.64 0.542559814996
2766.8 0.526041600488
2767.97 0.517147177291
2769.13 0.51206464975
2770.29 0.510794017865
2771.46 0.445991791718
2772.63 0.412955362702
2773.8 0.461239374341
2774.96 0.420579154013
2776.13 0.465051269997
2777.3 0.423120417784
2778.47 0.465051269997
2779.64 0.423120417784
2780.8 0.40279030762
2781.97 0.391354620653
2783.13 0.386272093112
2784.29 0.447262423603
2785.46 0.477757588849
2786.62 0.42947357721
2787.79 0.40533157139
2788.96 0.330364290161
2790.12 0.355776927866
2791.28 0.304951652457
2792.44 0.343070609014
2793.6 0.362130087292
2794.77 0.371024510489
2795.93 0.312575443768
2797.1 0.34688250467
2798.27 0.364671351063
2799.43 0.372295142374
2800.6 0.377377669915
2801.76 0.315116707539
2802.92 0.348153136555
2804.09 0.364671351063
2805.26 0.37356577426
2806.42 0.250314481392
2807.59 0.251585113277
2808.76 0.252855745162
2809.92 0.254126377047
2811.08 0.254126377047
2812.24 0.254126377047
2813.39 0.254126377047
2814.55 0.190594782785
2815.71 0.222360579916
2816.88 0.237608162539
2818.04 0.310034179998
2819.2 0.345611872784
2820.37 0.363400719178
2821.54 0.308763548112
2822.71 0.280809646637
2823.88 0.268103327785
2825.04 0.260479536473
2826.2 0.257938272703
2827.37 0.191865414671
2828.54 0.223631211802
2829.71 0.238878794424
2830.88 0.246502585736
2832.04 0.18678288713
2833.2 0.219819316146
2834.38 0.174076568277
2835.54 0.21346615672
2836.71 0.170264672622
2837.88 0.148663930573
2839.04 0.202030469753
2840.2 0.227443107457
2841.37 0.241420058195
2842.53 0.247773217621
2843.7 0.250314481392
2844.87 0.252855745162
2846.03 0.1893241509
2847.19 0.285892174178
2848.36 0.205842365408
2849.52 0.229984371228
2850.69 0.24269069008
2851.86 0.247773217621
2853.02 0.188053519015
2854.19 0.284621542293
2855.36 0.205842365408
2856.52 0.229984371228
2857.69 0.177888463933
2858.85 0.21600742049
2860.02 0.235066898769
2861.18 0.245231953851
2862.33 0.185512255245
2863.51 0.156287721884
2864.68 0.205842365408
2865.84 0.229984371228
2867.01 0.241420058195
2868.17 0.247773217621
2869.33 0.251585113277
2870.51 0.252855745162
2871.68 0.1893241509
2872.84 0.222360579916
2874.0 0.174076568277
2875.17 0.214736788605
2876.34 0.233796266884
2877.52 0.180429727704
2878.68 0.217278052375
2879.84 0.236337530654
2881.01 0.245231953851
2882.18 0.249043849506
2883.33 0.188053519015
2884.51 0.221089948031
2885.68 0.174076568277
2886.84 0.214736788605
2888.0 0.233796266884
2889.16 0.180429727704
2890.33 0.153746458114
2891.51 0.141040139261
2892.68 0.13341634795
2893.84 0.130875084179
2895.0 0.191865414671
2896.17 0.16009961754
2897.34 0.207112997294
2898.52 0.166452776966
2899.68 0.210924892949
