0.0 0.43201484098
1.16 0.470133797538
2.32 0.489193275816
3.49 0.308763548112
4.66 0.407872835161
5.83 0.141040139261
7.0 0.324011130735
8.17 0.416767258358
9.32 0.271915223441
10.49 0.390083988768
11.65 0.448533055488
12.82 0.161370249425
13.99 0.143581403032
15.16 0.263020800244
16.32 0.194406678441
17.49 0.161370249425
18.66 0.143581403032
19.83 0.13595761172
21.0 0.321469866965
22.17 0.288433437949
23.32 0.334176185817
24.49 0.231255003113
25.66 0.306222284342
26.83 0.152475826228
27.99 0.0762379131142
29.15 0.101650550819
30.31 0.177888463933
31.48 0.0889442319666
32.64 0.298598493031
33.81 0.21346615672
34.98 0.360859455407
36.15 0.243961321965
37.32 0.185512255245
38.48 0.283350910408
39.65 0.0775085449994
40.82 0.29351596549
41.99 0.209654261064
43.16 0.168994040736
44.32 0.147393298687
45.49 0.327823026391
46.66 0.290974701719
47.83 0.336717449588
49.0 0.294786597375
50.16 0.401519675735
51.33 0.327823026391
52.5 0.418037890243
53.67 0.273185855326
54.83 0.199489205982
56.0 0.100379918934
57.17 0.303681020572
58.32 0.406602203276
59.48 0.457427478685
60.65 0.48284011639
61.81 0.495546435242
62.97 0.311304811883
64.13 0.345611872784
65.31 0.426932313439
66.48 0.467592533767
67.65 0.487922643931
68.82 0.243961321965
69.99 0.37610703803
71.16 0.124521924753
72.32 0.252855745162
73.49 0.381189565571
74.65 0.254126377047
75.81 0.381189565571
76.97 0.190594782785
78.13 0.0317657971309
79.31 0.205842365408
80.48 0.166452776966
81.65 0.337988081473
82.82 0.423120417784
83.99 0.147393298687
85.16 0.264291432129
86.32 0.386272093112
87.48 0.256667640818
88.64 0.191865414671
89.81 0.16009961754
90.98 0.270644591555
92.15 0.325281762621
93.32 0.416767258358
94.48 0.271915223441
95.65 0.0724260174585
96.82 0.100379918934
97.99 0.113086237786
99.16 0.120710029097
100.32 0.123251292868
101.49 0.125792556638
102.66 0.125792556638
103.82 0.190594782785
104.98 0.285892174178
106.15 0.332905553932
107.32 0.420579154013
108.49 0.465051269997
109.66 0.486652012046
110.83 0.496817067127
112.0 0.503170226554
113.16 0.315116707539
114.34 0.221089948031
115.51 0.555266133848
116.67 1.29350325917
117.83 1.91738351482
119.0 2.0393641758
120.16 1.84495749736
121.33 1.74838947409
122.5 1.63657386818
123.67 1.51713447097
124.83 1.83860433794
126.0 2.25410096441
127.17 2.71534033875
128.32 2.81826152145
129.49 2.80682583449
130.65 2.73821171268
131.82 2.25791286007
132.99 2.14609725416
134.16 2.08891881933
135.32 2.37862288916
136.49 2.77760130113
137.66 3.16768528989
138.83 3.36336260022
140.03 3.14227265219
141.2 2.90593512154
142.36 2.46883775301
143.53 2.25155970064
144.7 2.20581695277
145.87 2.56413514441
147.03 2.87035742875
148.19 3.08636484924
149.35 3.00504440858
150.52 2.77251877359
151.69 2.46629648924
152.86 2.25028906875
154.03 2.33160950941
155.19 2.56413514441
156.35 2.87035742875
157.52 3.21342803776
158.73 3.19563919137
159.94 2.93134775924
161.1 2.80047267506
162.26 2.48027343998
163.43 2.19311063392
164.59 2.30365560793
165.76 2.80301393883
166.92 3.18039160875
168.12 3.36971575965
169.33 3.20961614211
170.54 2.87543995629
171.71 2.51712176465
172.87 2.2121701122
174.03 2.24901843687
175.19 2.45867269793
176.35 3.00885630424
177.52 3.21978119719
178.73 3.19818045514
179.94 2.93261839113
181.1 2.86400426932
182.27 2.57557083137
183.44 2.43198942834
184.61 2.61368978793
185.78 2.83096784031
186.95 3.06730537096
188.11 3.24900573055
189.32 3.21342803776
190.52 3.0037737767
191.69 2.89958196211
192.86 2.72042286629
194.03 2.63147863432
195.19 2.64926748072
196.35 2.91355891285
197.52 3.23502877981
198.73 3.33286743498
199.94 3.44595367276
201.15 2.99360872162
202.32 2.57684146326
203.48 2.1778630513
204.65 2.29603181662
205.81 2.9262652317
206.97 3.17912097686
208.16 3.49550831629
209.37 3.33540869875
210.58 3.00250314481
211.75 2.89831133022
212.92 2.52982808351
214.08 2.280784234
215.25 2.5387225067
216.42 3.04824589268
217.59 3.30237226973
218.79 3.36717449588
220.0 3.27187710448
221.2 2.90593512154
222.36 2.59717157342
223.53 2.25155970064
224.7 2.33288014129
225.87 2.75472992719
227.03 3.15624960293
228.19 3.42054103506
229.4 3.29856037407
230.6 3.23757004358
231.81 3.01648009555
232.98 2.71534033875
234.15 2.43707195588
235.32 2.48916786318
236.48 3.02410388686
237.65 3.41799977129
238.85 3.36082133645
240.06 3.1410020203
241.23 2.77760130113
242.39 2.53236934728
243.56 2.34685709203
244.72 2.44342511531
245.89 2.68357454162
247.06 3.05714031588
248.22 3.43451798579
249.43 3.3049135335
250.63 2.92372396793
251.79 2.73185855326
252.95 2.63656116187
254.12 2.58954778211
255.3 2.56540577629
256.48 2.99742061727
257.64 3.27823026391
258.85 3.35446817702
260.05 3.32905553932
261.25 3.06222284342
262.42 2.80174330695
263.59 2.22614706293
264.75 2.19311063392
265.92 2.3671872022
267.09 2.64545558506
268.26 2.72042286629
269.43 2.63020800244
270.59 2.52220429219
271.76 2.27824297023
272.93 2.15499167736
274.1 1.90340656408
275.27 1.58701922466
276.44 1.49299246515
277.61 1.38117685925
278.78 1.45360287671
279.95 1.4891805695
281.11 1.25284303884
282.27 1.38880065056
283.44 1.2655493577
284.61 1.2045590272
285.77 1.17406386196
286.93 1.34941106212
288.1 1.4370846622
289.27 1.16389880688
290.45 0.963138969009
291.61 0.862759050076
292.78 0.93899696319
293.95 0.978386551632
295.11 1.06097762417
296.27 1.29223262729
297.44 1.47266235499
298.61 1.56160658696
299.78 1.67088092909
300.95 1.660715874
302.11 1.59337238409
303.28 1.3684705404
304.45 1.12832111409
305.62 1.1359449054
306.79 1.01269361253
307.95 0.824640093519
309.12 0.792874296388
310.3 0.714095119503
311.47 0.674705531061
312.64 0.655646052782
313.81 0.518417809177
314.97 0.767461658683
316.12 0.764920394912
317.29 0.890712951551
318.46 0.762379131142
319.61 0.635315942618
320.76 0.381189565571
321.92 0.254126377047
323.07 0.381189565571
324.22 0.571784348356
325.37 0.412955362702
326.53 0.270644591555
327.71 0.261750168359
328.87 0.194406678441
330.03 0.479028220734
331.19 0.620068359995
332.35 0.37356577426
333.52 0.440909264177
334.69 0.284621542293
335.86 0.26937395967
337.03 0.198218574097
338.19 0.480298852619
339.35 0.367212614833
340.52 0.310034179998
341.69 0.218548684261
342.86 0.299869124916
344.03 0.21346615672
345.19 0.297327861145
346.35 0.275727119096
347.52 0.392625252538
348.69 0.32274049885
349.86 0.415496626472
351.03 0.398978411964
352.19 0.263020800244
353.35 0.321469866965
354.52 0.351965032211
355.69 0.238878794424
356.86 0.246502585736
358.03 0.18678288713
359.2 0.157558353769
360.36 0.205842365408
361.53 0.229984371228
362.7 0.304951652457
363.86 0.406602203276
365.02 0.2668326959
366.18 0.260479536473
367.34 0.385001461227
368.51 0.382460197456
369.67 0.445991791718
370.83 0.476486956964
372.0 0.302410388686
373.17 0.214736788605
374.32 0.170264672622
375.49 0.148663930573
376.66 0.138498875491
377.82 0.32274049885
378.99 0.224901843687
380.16 0.176617832048
381.32 0.278268382867
382.49 0.2668326959
383.66 0.260479536473
384.82 0.193136046556
385.99 0.16009961754
387.16 0.143581403032
388.32 0.13595761172
389.49 0.321469866965
390.66 0.415496626472
391.83 0.461239374341
393.0 0.294786597375
394.17 0.210924892949
395.33 0.359588823522
396.5 0.369753878604
397.67 0.439638632292
398.83 0.473945693193
400.0 0.299869124916
401.18 0.21346615672
402.34 0.170264672622
403.51 0.148663930573
404.67 0.202030469753
405.83 0.290974701719
407.0 0.40024904385
408.17 0.263020800244
409.32 0.195677310326
410.49 0.351965032211
411.66 0.302410388686
412.83 0.214736788605
414.0 0.362130087292
415.16 0.434556104751
416.33 0.280809646637
417.5 0.204571733523
418.67 0.165182145081
419.83 0.146122666802
421.0 0.264291432129
422.16 0.195677310326
423.33 0.161370249425
424.5 0.143581403032
425.67 0.13595761172
426.83 0.130875084179
428.0 0.129604452294
429.16 0.128333820409
430.32 0.127063188524
431.48 0.317657971309
432.65 0.222360579916
433.83 0.111815605901
435.0 0.310034179998
436.16 0.218548684261
437.33 0.363400719178
438.5 0.308763548112
439.67 0.217278052375
440.83 0.172805936392
442.01 0.340529345243
443.17 0.233796266884
444.32 0.371024510489
445.49 0.439638632292
446.66 0.283350910408
447.83 0.395166516309
449.0 0.261750168359
450.16 0.385001461227
451.32 0.445991791718
452.49 0.287162806063
453.66 0.207112997294
454.83 0.357047559751
456.0 0.433285472866
457.16 0.343070609014
458.32 0.235066898769
459.49 0.372295142374
460.66 0.37610703803
461.83 0.505711490324
463.0 0.506982122209
464.16 0.381189565571
465.32 0.254126377047
466.48 0.317657971309
467.65 0.222360579916
468.82 0.174076568277
469.99 0.151205194343
471.16 0.138498875491
472.32 0.13341634795
473.48 0.129604452294
474.65 0.128333820409
475.81 0.128333820409
476.98 0.190594782785
478.14 0.222360579916
479.31 0.175347200163
480.48 0.151205194343
481.65 0.202030469753
482.82 0.292245333604
483.99 0.273185855326
485.16 0.390083988768
486.32 0.259208904588
487.48 0.193136046556
488.65 0.16009961754
489.82 0.143581403032
490.99 0.325281762621
492.16 0.226172475572
493.33 0.176617832048
494.5 0.152475826228
495.67 0.2668326959
496.83 0.196947942212
498.0 0.161370249425
499.16 0.144852034917
500.33 0.13595761172
501.5 0.130875084179
502.67 0.129604452294
503.83 0.128333820409
505.0 0.317657971309
506.16 0.222360579916
507.33 0.42947357721
508.5 0.850052731223
509.67 1.18677018081
510.83 1.16516943876
512.0 1.02794119516
513.16 0.894524847207
514.32 1.14610996048
515.48 1.58956048843
516.65 2.06604744539
517.82 2.43071879646
518.99 2.54888756178
520.15 2.60860726039
521.32 2.57557083137
522.49 2.43071879646
523.66 2.23250022236
524.83 2.06858870917
526.0 2.43198942834
527.16 2.74075297646
528.33 3.1498964435
529.5 3.16260276235
530.67 3.04316336514
531.83 2.60098346908
533.0 2.38116415293
534.17 2.01649280187
535.32 2.34177456449
536.49 2.75981245473
537.66 3.1587908667
538.83 3.23121688416
540.03 3.07619979416
541.2 2.93643028678
542.37 2.61114852416
543.53 2.32271508621
544.7 2.30492623982
545.87 2.67722138219
547.03 2.9262652317
548.19 3.30618416539
549.39 3.36844512776
550.59 3.27187710448
551.8 3.09780053621
552.97 2.69246896482
554.13 2.17150989187
555.29 2.29349055285
556.46 2.73439981703
557.63 3.20961614211
558.83 3.44722430465
560.04 3.18547413629
561.24 2.9262652317
562.41 2.79793141129
563.57 2.35193961957
564.73 2.44596637908
565.91 2.6848451735
567.08 3.05714031588
568.24 3.37098639153
569.44 3.33794996252
570.65 3.00250314481
571.82 2.89958196211
572.99 2.72042286629
574.16 2.31255003113
575.32 2.61750168359
576.48 3.08763548112
577.65 3.38623397416
578.85 3.53616853661
580.06 3.35573880891
581.28 3.20326298268
582.49 2.68103327785
583.66 2.5476169299
584.82 2.35448088334
585.99 2.82842657654
587.16 3.06603473908
588.32 3.56666370186
589.52 3.37098639153
590.73 3.14735517973
591.9 2.90720575342
593.07 2.72423476195
594.23 2.3150912949
595.39 2.36464593843
596.56 2.96184292449
597.73 3.13210759711
598.9 3.53616853661
600.11 3.35573880891
601.32 3.20326298268
602.52 2.9351596549
603.68 2.67468011842
604.84 2.60860726039
606.01 3.08255295358
607.18 3.25662952186
608.38 3.47136631047
609.59 3.32397301178
610.79 3.12321317391
611.96 2.89577006645
613.13 2.71788160252
614.3 2.43961321965
615.47 2.74456487211
616.63 2.9605722926
617.79 3.32270237989
619.0 3.5031321076
620.2 3.34049122629
621.41 2.94024218244
622.58 2.55015819367
623.74 2.29221992097
624.9 2.48027343998
626.07 2.70136338801
627.23 3.12956633334
628.39 3.40656408432
629.59 3.41927040317
630.8 3.36082133645
632.01 2.88814627514
633.18 2.52347492408
634.34 2.27824297023
635.51 2.47392028056
636.67 2.82461468088
637.83 3.31889048424
639.04 3.6924562585
640.24 3.49804958006
641.45 3.01902135932
642.62 2.58954778211
643.79 2.37481099351
644.95 2.58573588646
646.12 2.75345929531
647.29 3.0291864144
648.46 3.42054103506
649.67 3.48915515686
650.87 3.26933584071
652.08 3.03172767817
653.24 2.78649572432
654.41 2.53745187482
655.58 2.60225410096
656.75 3.01648009555
657.92 3.35065628137
659.11 3.70897447301
660.32 3.44214177711
661.52 3.24646446678
662.73 3.02029199121
663.9 2.590818414
665.07 2.37481099351
666.23 2.64926748072
667.39 3.16641465801
668.56 3.61621834538
669.76 3.39639902924
670.97 3.09652990432
672.13 2.81826152145
673.3 2.55269945744
674.47 2.22995895859
675.63 2.63910242564
676.79 3.09907116809
677.96 3.3913165017
679.16 3.72930458317
680.37 3.45230683219
681.57 2.99742061727
682.73 2.83223847219
683.9 2.43326006023
685.07 2.42309500515
686.23 2.7369410808
687.39 3.27441836825
688.59 3.54252169604
689.79 3.42308229883
691.0 3.17276781744
692.17 2.8576511099
693.33 2.50822734146
694.5 2.33415077318
695.67 2.43834258777
696.83 2.87035742875
698.01 3.34176185817
699.21 3.57682875694
700.42 3.43960051334
701.62 2.99106745785
702.79 2.82969720842
703.95 2.3671872022
705.12 2.45486080228
706.29 2.68865706916
707.46 2.99614998539
708.63 3.34049122629
709.83 3.44849493653
711.04 3.12194254203
712.21 2.95930166072
713.38 2.4955210226
714.55 2.26426601949
715.72 1.95804373515
716.88 1.61497312614
718.06 1.37863559548
719.23 1.26173746204
720.4 1.20201776343
721.57 1.2998564186
722.73 0.96822149655
723.9 1.05589509663
725.07 1.03556498647
726.23 0.836075780486
727.4 0.926290644337
728.56 0.780167977535
729.73 0.771273554339
730.9 0.894524847207
732.06 0.828451989174
733.23 0.922478748682
734.4 0.77889734565
735.57 0.706471328192
736.73 0.670893635405
737.9 0.653104789012
739.07 0.580678771553
740.23 0.481569484505
741.4 0.621338991881
742.57 0.692494377454
743.73 0.599738249832
744.9 0.617527096225
746.07 0.56288992516
747.23 0.663269844093
748.4 0.585761299094
749.57 0.355776927866
750.73 0.241420058195
751.89 0.311304811883
753.06 0.410414098931
754.23 0.45869811057
755.4 0.484110748275
756.57 0.495546435242
757.72 0.374836406145
758.89 0.505711490324
760.06 0.634045310733
761.22 0.443450527948
762.38 0.476486956964
763.56 0.301139756801
764.72 0.214736788605
765.89 0.360859455407
767.06 0.307492916227
768.23 0.280809646637
769.4 0.331634922047
770.57 0.419308522128
771.74 0.273185855326
772.91 0.200759837867
774.08 0.227443107457
775.24 0.176617832048
776.41 0.152475826228
777.58 0.139769507376
778.75 0.196947942212
779.92 0.351965032211
781.09 0.24014942631
782.27 0.37356577426
783.43 0.250314481392
784.59 0.1893241509
785.76 0.348153136555
786.93 0.364671351063
788.1 0.310034179998
789.29 0.218548684261
790.46 0.236337530654
791.63 0.245231953851
792.79 0.185512255245
793.96 0.156287721884
795.13 0.205842365408
796.31 0.357047559751
797.48 0.43201484098
798.64 0.279539014752
799.8 0.203301101638
800.96 0.165182145081
802.12 0.146122666802
803.29 0.327823026391
804.46 0.227443107457
805.63 0.24014942631
806.79 0.247773217621
807.96 0.250314481392
809.13 0.379918933686
810.3 0.379918933686
811.47 0.381189565571
812.62 0.254126377047
813.78 0.190594782785
814.95 0.34942376844
816.11 0.237608162539
817.29 0.182970991474
818.46 0.218548684261
819.63 0.363400719178
820.79 0.245231953851
821.96 0.37610703803
823.13 0.251585113277
824.3 0.379918933686
825.47 0.254126377047
826.62 0.190594782785
827.78 0.158828985655
828.95 0.142310771146
830.11 0.134686979835
831.28 0.130875084179
832.45 0.193136046556
833.62 0.16009961754
834.79 0.334176185817
835.95 0.229984371228
837.12 0.179159095818
838.3 0.21600742049
839.46 0.171535304507
840.63 0.276997750982
841.79 0.202030469753
842.96 0.290974701719
844.13 0.209654261064
845.3 0.231255003113
846.47 0.24269069008
847.64 0.312575443768
848.8 0.34688250467
849.97 0.236337530654
851.13 0.372295142374
852.3 0.313846075653
853.47 0.219819316146
854.64 0.110544974016
855.8 0.118168765327
856.97 0.313846075653
858.13 0.219819316146
859.3 0.174076568277
860.47 0.149934562458
861.63 0.265562064014
862.79 0.196947942212
863.95 0.0978386551632
865.12 0.113086237786
866.29 0.310034179998
867.46 0.218548684261
868.63 0.172805936392
869.79 0.340529345243
870.96 0.233796266884
872.13 0.307492916227
873.3 0.407872835161
874.47 0.45869811057
875.64 0.228713739343
876.79 0.368483246719
877.95 0.247773217621
879.12 0.188053519015
880.29 0.348153136555
881.46 0.237608162539
882.63 0.308763548112
883.79 0.409143467046
884.96 0.268103327785
886.13 0.196947942212
887.3 0.353235664096
888.48 0.430744209095
889.64 0.341799977129
890.81 0.425661681554
891.98 0.339258713358
893.15 0.297327861145
894.32 0.40279030762
895.49 0.264291432129
896.66 0.259208904588
897.82 0.193136046556
898.99 0.287162806063
900.16 0.207112997294
901.32 0.167723408851
902.5 0.147393298687
903.67 0.200759837867
904.83 0.290974701719
906.0 0.208383629179
907.17 0.167723408851
908.33 0.401519675735
909.5 0.6454809977
910.66 0.767461658683
911.82 0.828451989174
912.99 0.986010342944
914.16 1.06478951983
915.32 1.29477389106
916.49 1.66452776966
917.66 2.22995895859
918.83 2.51203923711
920.0 2.78141319678
921.16 2.4701083849
922.33 2.37862288916
923.5 2.07875376425
924.67 1.738224419
925.83 2.13974409474
927.0 2.34050393261
928.16 2.94913660563
929.33 3.12702506957
930.51 2.9605722926
931.67 2.8144496258
932.83 2.48789723129
934.0 2.06985934105
935.17 1.98726826851
936.32 2.32779761375
937.49 2.87925185195
938.66 3.15497897104
939.83 3.16641465801
941.0 2.85383921424
942.16 2.69755149236
943.33 2.42817753269
944.5 2.358292779
945.67 2.64037305752
946.83 3.03553957383
948.0 3.10542432752
949.16 3.33159680309
950.37 3.25408825809
951.57 2.89831133022
952.74 2.65562064014
953.9 2.59844220531
955.07 2.57048830383
956.24 2.68230390973
957.41 2.99360872162
958.58 3.21215740588
959.79 3.19436855948
961.0 2.9948793535
962.16 2.76743624605
963.33 2.52728681974
964.5 2.21725263974
965.67 2.37862288916
966.83 2.90466448965
968.0 3.23121688416
969.21 3.45865999161
970.43 3.31761985235
971.64 2.92880649547
972.8 2.54507566613
973.97 2.54253440236
975.13 2.28840802531
976.3 2.47773217621
977.47 2.89068753891
978.63 3.28839531899
979.83 3.42308229883
981.04 3.36336260022
982.25 3.07874105793
983.42 2.81063773014
984.59 2.48535596752
985.76 2.70390465178
986.93 2.94024218244
988.1 3.37606891907
989.31 3.59334697145
990.51 3.44849493653
991.72 3.24900573055
992.93 3.08636484924
994.1 2.4955210226
995.27 2.64545558506
996.43 2.59335967777
997.6 2.88560501137
998.77 3.28458342334
999.97 3.42181166694
1001.17 3.29856037407
1002.36 3.17403844932
1003.53 2.66705632711
1004.7 2.35066898769
1005.87 2.38243478482
1007.03 2.77887193301
1008.19 3.04189273326
1009.35 3.36336260022
1010.56 3.26933584071
1011.77 2.9694667158
1012.94 2.88179311572
1014.11 2.45740206605
1015.28 2.37226972974
1016.45 2.77506003736
1017.63 3.10288306375
1018.79 3.3303261712
1020.0 3.31634922047
1021.2 3.18293287252
1022.41 2.79920204318
1023.58 2.4790028081
1024.75 2.25664222818
1025.92 2.52601618785
1027.08 2.78776635621
1028.24 3.29983100596
1029.45 3.42816482637
1030.65 3.36590386399
1031.85 3.0812823217
1033.02 2.87416932441
1034.19 2.51712176465
1035.35 2.33923330072
1036.52 2.56667640818
1037.68 2.99869124916
1038.84 3.34176185817
1040.04 3.32270237989
1041.26 3.37733955096
1042.46 3.02283325498
1043.63 2.52728681974
1044.79 2.40784742252
1045.96 2.47392028056
1047.13 2.95294850129
1048.3 3.31889048424
1049.51 3.50186147571
1050.72 3.3392205944
1051.92 3.06730537096
1053.09 2.86781616498
1054.27 2.70390465178
1055.43 2.55905261687
1056.6 2.80428457072
1057.76 3.18166224063
1058.96 3.43324735391
1060.16 3.3049135335
1061.36 3.04951652457
1062.52 3.04951652457
1063.68 2.60479536473
1064.84 2.38243478482
1066.01 2.39895299933
1067.18 2.78776635621
1068.34 3.36336260022
1069.55 3.52346221776
1070.75 3.28712468711
1071.96 3.16768528989
1073.13 2.66451506334
1074.3 2.28459612966
1075.47 2.22233516728
1076.63 2.63656116187
1077.79 2.9694667158
1078.96 3.3913165017
1080.16 3.28331279145
1081.36 3.10288306375
1082.53 2.82207341711
1083.7 2.55524072121
1084.87 2.29349055285
1086.03 2.48154407187
1087.2 3.01902135932
1088.36 3.54252169604
1089.56 3.8042718644
1090.76 3.49042578874
1091.97 3.08001168981
1093.14 2.81063773014
1094.31 2.358292779
1095.48 2.57684146326
1096.64 2.81317899391
1097.81 2.9948793535
1098.98 3.3392205944
1100.19 3.32143174801
1101.4 3.24900573055
1102.61 2.83223847219
1103.78 2.4955210226
1104.95 2.51839239654
1106.11 2.52982808351
1107.28 2.85383921424
1108.45 3.26933584071
1109.67 3.47644883801
1110.87 3.19945108703
1112.07 2.80682583449
1113.23 2.48408533564
1114.4 2.44850764285
1115.57 2.24139464556
1116.73 2.01013964244
1117.9 1.57685416958
1119.07 1.55017089999
1120.23 1.34686979835
1121.4 1.18168765327
1122.56 1.03556498647
1123.73 0.963138969009
1124.9 0.989822238599
1126.07 0.875465368928
1127.23 0.692494377454
1128.4 0.599738249832
1129.57 0.617527096225
1130.73 0.626421519422
1131.9 0.504440858439
1133.07 0.442179896062
1134.24 0.411684730817
1135.4 0.523500336717
1136.57 0.452344951144
1137.73 0.416767258358
1138.9 0.526041600488
1140.07 0.580678771553
1141.23 0.67216426729
1142.4 0.653104789012
1143.58 0.580678771553
1144.75 0.354506295981
1145.92 0.430744209095
1147.08 0.343070609014
1148.26 0.425661681554
1149.43 0.466321901882
1150.59 0.297327861145
1151.77 0.466321901882
1152.93 0.29605722926
1154.1 0.212195524835
1155.27 0.423120417784
1156.44 0.275727119096
1157.61 0.518417809177
1158.77 0.513335281636
1159.93 0.510794017865
1161.09 0.50952338598
1162.26 0.382460197456
1163.42 0.444721159833
1164.59 0.285892174178
1165.75 0.207112997294
1166.92 0.166452776966
1168.09 0.210924892949
1169.27 0.168994040736
1170.43 0.274456487211
1171.6 0.391354620653
1172.76 0.32274049885
1173.93 0.224901843687
1175.1 0.367212614833
1176.27 0.246502585736
1177.43 0.377377669915
1178.6 0.252855745162
1179.77 0.1893241509
1180.93 0.34942376844
1182.1 0.237608162539
1183.27 0.246502585736
1184.43 0.377377669915
1185.6 0.251585113277
1186.77 0.252855745162
1187.93 0.317657971309
1189.09 0.222360579916
1190.27 0.174076568277
1191.43 0.341799977129
1192.61 0.424391049669
1193.78 0.275727119096
1194.95 0.202030469753
1196.11 0.163911513196
1197.28 0.146122666802
1198.46 0.326552394506
1199.63 0.418037890243
1200.8 0.271915223441
1201.97 0.263020800244
1203.13 0.195677310326
1204.3 0.161370249425
1205.47 0.334176185817
1206.64 0.421849785899
1207.8 0.274456487211
1208.98 0.200759837867
1210.15 0.354506295981
1211.32 0.303681020572
1212.48 0.406602203276
1213.65 0.2668326959
1214.82 0.196947942212
1215.99 0.351965032211
1217.16 0.430744209095
1218.33 0.468863165652
1219.5 0.298598493031
1220.67 0.212195524835
1221.83 0.360859455407
1223.0 0.434556104751
1224.17 0.471404429423
1225.33 0.298598493031
1226.5 0.276997750982
1227.67 0.392625252538
1228.83 0.259208904588
1230.0 0.193136046556
1231.17 0.223631211802
1232.33 0.048284011639
1233.5 0.0876736000813
1234.67 0.298598493031
1235.83 0.339258713358
1237.0 0.233796266884
1238.17 0.180429727704
1239.32 0.153746458114
1240.49 0.330364290161
1241.65 0.228713739343
1242.81 0.177888463933
1243.97 0.152475826228
1245.13 0.139769507376
1246.29 0.13341634795
1247.45 0.257938272703
1248.62 0.382460197456
1249.78 0.445991791718
1250.95 0.476486956964
1252.12 0.302410388686
1253.29 0.214736788605
1254.46 0.360859455407
1255.63 0.434556104751
1256.79 0.344341240899
1257.96 0.236337530654
1259.13 0.372295142374
1260.31 0.249043849506
1261.48 0.3786483018
1262.64 0.252855745162
1263.81 0.381189565571
1264.97 0.444721159833
1266.12 0.285892174178
1267.29 0.332905553932
1268.46 0.357047559751
1269.63 0.24269069008
1270.79 0.184241623359
1271.96 0.156287721884
1273.13 0.204571733523
1274.3 0.166452776966
1275.48 0.336717449588
1276.64 0.359588823522
1277.81 0.24269069008
1278.98 0.185512255245
1280.15 0.219819316146
1281.32 0.172805936392
1282.48 0.149934562458
1283.65 0.202030469753
1284.82 0.165182145081
1285.99 0.146122666802
1287.16 0.0724260174585
1288.32 0.100379918934
1289.49 0.113086237786
1290.66 0.120710029097
1291.83 0.18678288713
1293.0 0.157558353769
1294.17 0.142310771146
1295.33 0.325281762621
1296.5 0.353235664096
1297.67 0.24014942631
1298.83 0.119439397212
1300.0 0.250314481392
1301.16 0.1893241509
1302.33 0.348153136555
1303.5 0.301139756801
1304.67 0.278268382867
1305.83 0.265562064014
1307.0 0.069884753688
1308.16 0.161370249425
1309.34 0.58957319475
1310.51 0.866570945731
1311.67 0.878006632698
1312.83 0.756025971716
1314.0 0.69630627311
1315.17 0.983469079173
1316.32 1.19058207647
1317.49 1.738224419
1318.66 2.39387047179
1319.83 2.46756712113
1321.0 2.75854182285
1322.16 2.45994332982
1323.33 2.05588239031
1324.5 1.85385192056
1325.67 1.87926455826
1326.83 2.46502585736
1327.99 2.94786597375
1329.15 3.25281762621
1330.35 3.21469866965
1331.55 2.87798122006
1332.72 2.51839239654
1333.88 2.46629648924
1335.06 2.25028906875
1336.23 2.45867269793
1337.4 2.62766673867
1338.56 2.90212322588
1339.73 3.35700944079
1340.94 3.20326298268
1342.15 3.12575443768
1343.31 2.64291432129
1344.47 2.33796266884
1345.63 2.12195524835
1346.79 2.33160950941
1347.95 2.75472992719
1349.12 3.09271800867
1350.3 3.32524364366
1351.51 3.18674476817
1352.71 2.80047267506
1353.87 2.48027343998
1355.03 2.44723701097
1356.2 2.30365560793
1357.38 2.86781616498
1358.56 3.14862581162
1359.72 3.4167291394
1360.92 3.29728974219
1362.13 2.98217303465
1363.3 2.7623537185
1364.47 2.39768236744
1365.63 2.27824297023
1366.8 2.47392028056
1367.97 3.01520946367
1369.13 3.35065628137
1370.34 3.45357746407
1371.55 3.25154699432
1372.75 3.02410388686
1373.92 2.78268382867
1375.08 2.34431582826
1376.25 2.63274926621
1377.41 2.77760130113
1378.58 3.16768528989
1379.75 3.42689419448
1380.95 3.30110163784
1382.16 3.04824589268
1383.33 2.73185855326
1384.5 2.44596637908
1385.67 2.49297975883
1386.83 2.7712481417
1388.0 3.0380808376
1389.17 3.42435293071
1390.38 3.55522801489
1391.59 3.36590386399
1392.79 3.20707487834
1394.0 2.81063773014
1395.17 2.61241915605
1396.33 2.513309869
1397.5 2.84494479104
1398.67 3.26552394506
1399.87 3.66577298891
1401.07 3.61113581784
1402.27 3.07619979416
1403.43 2.745835504
1404.6 2.32525634998
1405.76 2.24266527744
1406.93 2.45613143416
1408.1 2.81572025768
1409.27 3.25027636244
1410.47 3.34049122629
1411.67 3.38623397416
1412.87 2.96311355637
1414.03 2.68865706916
1415.2 2.29730244851
1416.36 2.41928310949
1417.52 2.79793141129
1418.68 3.11431875071
1419.85 3.59080570768
1421.06 3.38369271038
1422.27 3.34303249006
1423.48 3.06984663473
1424.65 2.55142882555
1425.81 2.41928310949
1426.97 2.54380503424
1428.13 2.86019237367
1429.3 3.33540869875
1430.51 3.38369271038
1431.72 3.15243770727
1432.88 3.10161243186
1434.05 2.82080278523
1435.21 2.4269069008
1436.38 2.42055374138
1437.55 2.79920204318
1438.72 3.43197672202
1439.92 3.55903991055
1441.11 3.55776927866
1442.31 3.11304811883
1443.48 2.89068753891
1444.64 2.52601618785
1445.81 2.40657679064
1446.98 2.7280466576
1448.15 3.14227265219
1449.32 3.60478265842
1450.52 3.39004586981
1451.73 3.15624960293
1452.9 2.8487566867
1454.07 2.5044154458
1455.24 2.52347492408
1456.41 2.59590094154
1457.58 2.88560501137
1458.75 3.28585405522
1459.95 3.4853432612
1461.16 3.3303261712
1462.38 3.19055666383
1463.59 2.67468011842
1464.75 2.60860726039
1465.92 2.3837054167
1467.08 2.52601618785
1468.26 3.04189273326
1469.42 3.42689419448
1470.63 3.42943545825
1471.83 3.42943545825
1473.03 3.24011130735
1474.25 2.76362435039
1475.41 2.4612139617
1476.58 2.56540577629
1477.75 2.87035742875
1478.92 3.34176185817
1480.11 3.51329716268
1481.32 3.4078347162
1482.54 3.0380808376
1483.71 2.79030761998
1484.87 2.41165931818
1486.03 2.41292995006
1487.2 2.79411951564
1488.37 3.17657971309
1489.57 3.4942376844
1490.76 3.39894029301
1491.97 3.03299831006
1493.13 3.04189273326
1494.3 2.60098346908
1495.47 2.37989352105
1496.64 2.4612139617
1497.8 2.81826152145
1498.97 3.37861018284
1500.17 3.4688250467
1501.37 3.51329716268
1502.57 3.02664515063
1503.73 2.84748605482
1504.9 2.63147863432
1506.08 2.52220429219
1507.25 2.78649572432
1508.41 3.17149718555
1509.58 3.42816482637
1510.79 3.42943545825
1512.0 3.17657971309
1513.19 3.04951652457
1514.35 2.60479536473
1515.51 2.19184000203
1516.68 2.11179019326
1517.85 1.69121103925
1519.02 1.41802518392
1520.19 1.21726534606
1521.35 1.18041702138
1522.51 1.16135754311
1523.68 1.27952630843
1524.84 1.02158803573
1526.0 0.828451989174
1527.17 0.85894715442
1528.32 0.937726331305
1529.5 0.7229895427
1530.67 0.678517426716
1531.83 0.847511467453
1533.0 0.932643803764
1534.17 0.720448278929
1535.33 0.677246794831
1536.5 0.593385090405
1537.67 0.550183606307
1538.84 0.593385090405
1540.01 0.613715200569
1541.18 0.561619293275
1542.35 0.661999212208
1543.51 0.457427478685
1544.67 0.546371710652
1545.83 0.527312232373
1547.0 0.581949403438
1548.17 0.608632673028
1549.33 0.430744209095
1550.5 0.597196986061
1551.67 0.362130087292
1552.83 0.243961321965
1554.0 0.185512255245
1555.17 0.156287721884
1556.33 0.205842365408
1557.51 0.357047559751
1558.67 0.43201484098
1559.83 0.343070609014
1560.99 0.298598493031
1562.16 0.276997750982
1563.32 0.392625252538
1564.48 0.259208904588
1565.64 0.383730829341
1566.8 0.255397008933
1567.96 0.318928603194
1569.13 0.34942376844
1570.3 0.238878794424
1571.48 0.37356577426
1572.64 0.313846075653
1573.81 0.283350910408
1574.98 0.396437148194
1576.15 0.261750168359
1577.31 0.194406678441
1578.48 0.16009961754
1579.64 0.207112997294
1580.82 0.167723408851
1581.99 0.274456487211
1583.16 0.264291432129
1584.32 0.259208904588
1585.48 0.32019923508
1586.65 0.414225994587
1587.82 0.461239374341
1588.99 0.29351596549
1590.16 0.401519675735
1591.32 0.264291432129
1592.48 0.386272093112
1593.64 0.256667640818
1594.8 0.191865414671
1595.97 0.34942376844
1597.13 0.42947357721
1598.3 0.341799977129
1599.47 0.233796266884
1600.63 0.243961321965
1601.79 0.37610703803
1602.96 0.315116707539
1604.13 0.284621542293
1605.3 0.205842365408
1606.47 0.166452776966
1607.64 0.337988081473
1608.81 0.232525634998
1609.98 0.179159095818
1611.15 0.153746458114
1612.32 0.139769507376
1613.48 0.324011130735
1614.65 0.226172475572
1615.82 0.367212614833
1616.99 0.437097368521
1618.16 0.282080278523
1619.32 0.204571733523
1620.49 0.357047559751
1621.67 0.43201484098
1622.82 0.279539014752
1623.98 0.203301101638
1625.14 0.165182145081
1626.3 0.336717449588
1627.47 0.232525634998
1628.64 0.179159095818
1629.8 0.344341240899
1630.97 0.425661681554
1632.13 0.276997750982
1633.3 0.202030469753
1634.47 0.354506295981
1635.63 0.241420058195
1636.79 0.247773217621
1637.95 0.18678288713
1639.12 0.348153136555
1640.29 0.428202945325
1641.46 0.21346615672
1642.63 0.170264672622
1643.79 0.148663930573
1644.96 0.329093658276
1646.13 0.418037890243
1647.3 0.273185855326
1648.47 0.199489205982
1649.63 0.163911513196
1650.79 0.144852034917
1651.96 0.0724260174585
1653.13 0.163911513196
1654.3 0.271915223441
1655.47 0.199489205982
1656.63 0.227443107457
1657.79 0.24014942631
1658.96 0.247773217621
1660.13 0.377377669915
1661.3 0.443450527948
1662.47 0.284621542293
1663.64 0.205842365408
1664.8 0.166452776966
1665.97 0.337988081473
1667.13 0.232525634998
1668.3 0.179159095818
1669.47 0.344341240899
1670.64 0.235066898769
1671.8 0.181700359589
1672.98 0.280809646637
1674.15 0.204571733523
1675.32 0.165182145081
1676.48 0.209654261064
1677.65 0.168994040736
1678.82 0.210924892949
1679.99 0.168994040736
1681.16 0.212195524835
1682.32 0.29605722926
1683.49 0.212195524835
1684.66 0.359588823522
1685.83 0.307492916227
1687.0 0.407872835161
1688.16 0.457427478685
1689.32 0.48284011639
1690.48 0.304951652457
1691.64 0.279539014752
1692.8 0.203301101638
1693.96 0.165182145081
1695.12 0.336717449588
1696.29 0.232525634998
1697.47 0.306222284342
1698.63 0.217278052375
1699.79 0.171535304507
1700.96 0.149934562458
1702.13 0.138498875491
1703.29 0.132145716065
1704.45 0.193136046556
1705.63 0.350694400325
1706.79 0.238878794424
1707.96 0.37356577426
1709.13 0.440909264177
1710.3 0.475216325078
1711.48 0.491734539587
1712.64 0.372295142374
1713.82 0.250314481392
1714.99 0.3786483018
1716.16 0.443450527948
1717.32 0.285892174178
1718.49 0.396437148194
1719.66 0.706471328192
1720.83 0.925020012452
1722.0 1.16135754311
1723.17 1.02539993139
1724.32 1.02158803573
1725.49 1.14610996048
1726.65 1.27190251712
1727.81 1.71535304507
1728.97 2.19184000203
1730.13 2.62131357924
1731.3 2.70771654744
1732.47 2.43453069211
1733.64 2.23377085425
1734.8 1.94279615253
1735.97 1.79667348572
1737.13 2.29603181662
1738.29 2.67340948654
1739.46 2.92499459981
1740.62 3.05078715645
1741.78 2.85892174178
1742.94 2.76362435039
1744.11 2.33542140506
1745.27 1.99362142794
1746.43 2.203275689
1747.61 2.49933291826
1748.77 2.83859163162
1749.93 3.19818045514
1751.14 3.37733955096
1752.34 3.02283325498
1753.51 2.97327861145
1754.67 2.75727119096
1755.83 2.39514110367
1757.0 2.53109871539
1758.17 2.72677602572
1759.32 3.07874105793
1760.49 3.25535888998
1761.7 3.15243770727
1762.87 3.10034179998
1764.03 2.88433437949
1765.19 2.39514110367
1766.35 2.27824297023
1767.51 2.40911805441
1768.68 2.79284888375
1769.85 3.23884067547
1771.05 3.20834551022
1772.26 2.93770091867
1773.42 2.80301393883
1774.58 2.48154407187
1775.75 2.44850764285
1776.92 2.43071879646
1778.08 2.9948793535
1779.25 3.3392205944
1780.45 3.32143174801
1781.66 3.24900573055
1782.87 3.1498964435
1784.03 2.65435000826
1785.19 2.40784742252
1786.36 2.47392028056
1787.54 2.7623537185
1788.71 3.03299831006
1789.87 3.42181166694
1791.08 3.36336260022
1792.28 3.26933584071
1793.49 2.90593512154
1794.66 2.53236934728
1795.83 2.21979390351
1797.0 2.6340198981
1798.16 2.90593512154
1799.33 3.16768528989
1800.5 3.49042578874
1801.71 3.52346221776
1802.92 3.09652990432
1804.08 2.75472992719
1805.25 2.39387047179
1806.41 2.27697233834
1807.58 2.40911805441
1808.75 2.79284888375
1809.92 3.30237226973
1811.11 3.24011130735
1812.32 3.14481391596
1813.48 2.9694667158
1814.65 2.75600055908
1815.82 2.45740206605
1816.99 2.56286451252
1818.16 3.06095221153
1819.32 3.30872542916
1820.51 3.49677894817
1821.72 3.33667933063
1822.93 2.93897155055
1824.1 2.55015819367
1825.27 2.22741769482
1826.43 2.1943812658
1827.61 2.55778198498
1828.78 2.86781616498
1829.95 3.27568900014
1831.15 3.22613435662
1832.36 2.88433437949
1833.52 2.64926748072
1834.69 2.40403552687
1835.86 2.15499167736
1837.03 2.28459612966
1838.19 2.66705632711
1839.36 3.17657971309
1840.56 3.36717449588
1841.76 3.20834551022
1842.97 3.12829570145
1844.13 2.64418495318
1845.3 2.27570170646
1846.47 2.34431582826
1847.63 2.82461468088
1848.79 3.19055666383
1850.01 3.43832988145
1851.21 3.30745479727
1852.42 3.24138193924
1853.63 3.14608454785
1854.79 2.65307937637
1855.96 2.59717157342
1857.13 2.63274926621
1858.3 3.09525927244
1859.47 3.45357746407
1860.67 3.56920496563
1861.87 3.5628518062
1863.07 3.1155893826
1864.24 2.95548976506
1865.4 2.49425039072
1866.57 2.39132920802
1867.74 2.59335967777
1868.91 2.94786597375
1870.07 3.31634922047
1871.27 3.3735276553
1872.47 3.21215740588
1873.67 2.94024218244
1874.83 2.48662659941
1876.0 2.32271508621
1877.17 2.62258421113
1878.32 2.89958196211
1879.49 3.22867562039
1880.7 3.52092095399
1881.92 3.3481150176
1883.11 3.00885630424
1884.28 2.64799684883
1885.45 2.40403552687
1886.62 2.59971283719
1887.79 2.82461468088
1888.95 3.19055666383
1890.16 3.56539306997
1891.37 3.56158117432
1892.57 3.3049135335
1893.77 2.98725556219
1894.93 2.5730295676
1896.1 2.49425039072
1897.27 2.51712176465
1898.43 2.84748605482
1899.59 3.26552394506
1900.79 3.47517820612
1902.0 3.51710905833
1903.21 3.0291864144
1904.38 2.78522509244
1905.55 2.34558646015
1906.72 2.50695670957
1907.88 2.96819608391
1909.05 3.26298268129
1910.25 3.47390757424
1911.46 3.38877523793
1912.66 3.0291864144
1913.83 2.59463030965
1915.0 2.37735225728
1916.17 2.0139515381
1917.32 1.8335218104
1918.49 1.48790993761
1919.66 1.31637463311
1920.83 1.22997166491
1922.0 1.18677018081
1923.16 1.22870103302
1924.33 1.12196795466
1925.5 0.879277264584
1926.67 0.693765009339
1927.83 0.601008881717
1929.0 0.681058690487
1930.17 0.785250505076
1931.32 0.900878006633
1932.48 0.768732290568
1933.65 0.637857206389
1934.81 0.700118168765
1935.98 0.668352371634
1937.15 0.588302562865
1938.32 0.611173936799
1939.48 0.687411849913
1940.65 0.660728580323
1941.81 0.520959072947
1942.98 0.514605913521
1944.14 0.639127838274
1945.31 0.573054980242
1946.48 0.541289183111
1947.65 0.334176185817
1948.82 0.484110748275
1949.99 0.496817067127
1951.16 0.311304811883
1952.32 0.410414098931
1953.49 0.395166516309
1954.66 0.325281762621
1955.83 0.353235664096
1957.0 0.303681020572
1958.16 0.214736788605
1959.33 0.171535304507
1960.5 0.148663930573
1961.67 0.138498875491
1962.83 0.32274049885
1964.0 0.415496626472
1965.16 0.58957319475
1966.33 0.548912974422
1967.5 0.401519675735
1968.67 0.327823026391
1969.83 0.227443107457
1971.0 0.24014942631
1972.17 0.184241623359
1973.33 0.218548684261
1974.5 0.363400719178
1975.67 0.245231953851
1976.83 0.18678288713
1978.0 0.34688250467
1979.17 0.364671351063
1980.32 0.245231953851
1981.49 0.377377669915
1982.66 0.3786483018
1983.83 0.252855745162
1985.0 0.190594782785
1986.16 0.34942376844
1987.33 0.428202945325
1988.5 0.341799977129
1989.67 0.424391049669
1990.83 0.275727119096
1992.0 0.202030469753
1993.17 0.227443107457
1994.32 0.368483246719
1995.48 0.247773217621
1996.65 0.313846075653
1997.82 0.411684730817
1998.99 0.459968742456
2000.16 0.420579154013
2001.32 0.336717449588
2002.49 0.232525634998
2003.66 0.179159095818
2004.83 0.153746458114
2006.0 0.2668326959
2007.16 0.387542724997
2008.32 0.257938272703
2009.49 0.191865414671
2010.66 0.223631211802
2011.83 0.365941982948
2013.0 0.437097368521
2014.16 0.282080278523
2015.33 0.204571733523
2016.5 0.292245333604
2017.67 0.273185855326
2018.83 0.391354620653
2020.0 0.449803687374
2021.17 0.288433437949
2022.33 0.270644591555
2023.5 0.326552394506
2024.67 0.226172475572
2025.83 0.176617832048
2027.0 0.152475826228
2028.16 0.139769507376
2029.33 0.13341634795
2030.5 0.32019923508
2031.67 0.287162806063
2032.83 0.270644591555
2034.0 0.390083988768
2035.17 0.257938272703
2036.32 0.383730829341
2037.49 0.445991791718
2038.66 0.285892174178
2039.83 0.270644591555
2041.0 0.388813356882
2042.16 0.257938272703
2043.32 0.193136046556
2044.49 0.350694400325
2045.66 0.302410388686
2046.83 0.214736788605
2048.0 0.360859455407
2049.16 0.371024510489
2050.33 0.249043849506
2051.5 0.188053519015
2052.67 0.348153136555
2053.83 0.174076568277
2055.0 0.151205194343
2056.17 0.329093658276
2057.32 0.355776927866
2058.48 0.241420058195
2059.65 0.184241623359
2060.82 0.282080278523
2061.99 0.204571733523
2063.16 0.102921182704
2064.32 0.241420058195
2065.48 0.184241623359
2066.65 0.283350910408
2067.82 0.204571733523
2068.99 0.166452776966
2070.16 0.146122666802
2071.33 0.137228243606
2072.49 0.132145716065
2073.65 0.129604452294
2074.81 0.0648022261471
2075.98 0.0952973913927
2077.15 0.111815605901
2078.32 0.310034179998
2079.48 0.282080278523
2080.65 0.204571733523
2081.82 0.165182145081
2082.98 0.146122666802
2084.15 0.200759837867
2085.32 0.163911513196
2086.48 0.144852034917
2087.65 0.13595761172
2088.81 0.0686141218028
2089.98 0.161370249425
2091.15 0.0165182145081
2092.32 0.13595761172
2093.48 0.130875084179
2094.65 0.129604452294
2095.81 0.318928603194
2096.98 0.285892174178
2098.15 0.334176185817
2099.32 0.420579154013
2100.49 0.274456487211
2101.66 0.391354620653
2102.82 0.259208904588
2103.98 0.32019923508
2105.15 0.350694400325
2106.32 0.302410388686
2107.48 0.214736788605
2108.65 0.360859455407
2109.82 0.434556104751
2110.99 0.471404429423
2112.16 0.299869124916
2113.33 0.21346615672
2114.5 0.360859455407
2115.67 0.243961321965
2116.83 0.185512255245
2118.0 0.34688250467
2119.17 0.299869124916
2120.32 0.594655722291
2121.5 0.932643803764
2122.67 1.22870103302
2123.83 1.05970699229
2125.0 1.22870103302
2126.16 0.931373171878
2127.33 1.22870103302
2128.5 1.69375230302
2129.67 2.24520654121
2130.83 2.64672621695
2132.0 2.65816190391
2133.17 2.40911805441
2134.32 2.15753294113
2135.49 1.90467719597
2136.66 1.77761400745
2137.83 2.09654261064
2138.99 2.63656116187
2140.16 2.9694667158
2141.32 3.07365853039
2142.49 2.80682583449
2143.65 2.67468011842
2144.81 2.2896786572
2145.97 1.970750054
2147.13 2.06604744539
2148.3 2.62131357924
2149.47 2.96184292449
2150.64 3.26044141752
2151.84 3.2185105653
2153.05 3.13337822899
2154.23 2.96438418826
2155.4 2.37226972974
2156.57 2.45613143416
2157.73 2.435801324
2158.9 2.8055552026
2160.06 3.11813064637
2161.24 3.14735517973
2162.4 3.03553957383
2163.57 2.72423476195
2164.73 2.50568607769
2165.9 2.20581695277
2167.07 2.37354036162
2168.24 2.52093366031
2169.4 3.03935146949
2170.56 3.23502877981
2171.77 3.20580424645
2172.97 2.93770091867
2174.14 2.67595075031
2175.3 2.35448088334
2176.47 2.12957903966
2177.63 2.46248459359
2178.79 3.01012693613
2179.96 3.28458342334
2181.17 3.35700944079
2182.37 3.13973138842
2183.53 2.77760130113
2184.7 2.6594325358
2185.87 2.40911805441
2187.03 2.28459612966
2188.2 2.53999313859
2189.37 2.92245333604
2190.52 3.30364290161
2191.72 3.24011130735
2192.92 3.14481391596
2194.09 2.77887193301
2195.26 2.34304519638
2196.42 2.12449651212
2197.59 2.58700651834
2198.75 2.88179311572
2199.92 3.21978119719
2201.11 3.45230683219
2202.32 3.3138079567
2203.52 2.99106745785
2204.69 2.57557083137
2205.86 2.36845783408
2207.03 2.45486080228
2208.19 2.81572025768
2209.36 3.12321317391
2210.53 3.40402282055
2211.74 3.48026073366
2212.95 3.32905553932
2214.15 2.99869124916
2215.31 2.57938272703
2216.48 2.36972846597
2217.64 2.5819239908
2218.81 2.87925185195
2219.98 3.28204215957
2221.19 3.48407262932
2222.4 3.3303261712
2223.6 2.99869124916
2224.76 2.89704069834
2225.92 2.4014942631
2227.08 2.34431582826
2228.25 2.57048830383
2229.42 2.99996188104
2230.59 3.34303249006
2231.79 3.44976556842
2233.0 3.05968157965
2234.16 2.7369410808
2235.33 2.51203923711
2236.5 2.20835821654
2237.67 2.56540577629
2238.83 3.06222284342
2240.0 3.50059084383
2241.2 3.65560793383
2242.41 3.60732392219
2243.62 3.13719012465
2244.79 2.8398622635
2245.95 2.62639610678
2247.12 2.39387047179
2248.29 2.59463030965
2249.46 2.94913660563
2250.63 3.50694400325
2251.83 3.4688250467
2253.03 3.32270237989
2254.24 2.86908679686
2255.4 2.51458050088
2256.57 2.52728681974
2257.73 2.66197379957
2258.9 3.10923622317
2260.07 3.52473284965
2261.27 3.60478265842
2262.47 3.45357746407
2263.67 3.06095221153
2264.83 2.86527490121
2266.0 2.38497604859
2267.16 2.27316044269
2268.33 2.78776635621
2269.5 3.10923622317
2270.67 3.39766966112
2271.87 3.47771946989
2273.08 3.26298268129
2274.28 2.77506003736
2275.45 2.46756712113
2276.62 2.25028906875
2277.79 2.45994332982
2278.96 2.81826152145
2280.13 3.25154699432
2281.33 3.46755441481
2282.54 3.51329716268
2283.75 3.21723993342
2284.95 2.94278344621
2286.12 2.48789723129
2287.29 2.57811209514
2288.46 2.8144496258
2289.63 3.12194254203
2290.79 3.40402282055
2292.0 3.28966595088
2293.22 2.97963177088
2294.39 2.75981245473
2295.56 2.6505381126
2296.72 2.40530615875
2297.89 2.53745187482
2299.06 2.85638047801
2300.23 3.2706064726
2301.43 3.41418787563
2302.64 3.23248751604
2303.84 2.95040723752
2305.01 2.55524072121
2306.18 2.16642736433
2307.35 2.16388610056
2308.51 2.4790028081
2309.68 3.08255295358
2310.85 3.51075589891
2312.06 3.53362727284
2313.27 3.29220721465
2314.48 2.72550539383
2315.64 2.25283033252
2316.81 2.14228535851
2317.99 1.89705340466
2319.16 1.71154114941
2320.32 1.55398279564
2321.49 1.41294265638
2322.66 1.27825567655
2323.82 0.956785809583
2324.99 1.04954193721
2326.16 0.842428939912
2327.33 0.739507757208
2328.5 0.814475038437
2329.67 0.724260174585
2330.83 0.61625646434
2332.0 0.626421519422
2333.16 0.503170226554
2334.33 0.442179896062
2335.51 0.411684730817
2336.67 0.587031930979
2337.83 0.611173936799
2339.0 0.623880255651
2340.17 0.628962783192
2341.32 0.632774678848
2342.49 0.634045310733
2343.66 0.570513716471
2344.83 0.603550145487
2346.0 0.555266133848
2347.17 0.341799977129
2348.33 0.233796266884
2349.5 0.243961321965
2350.67 0.503170226554
2351.83 0.3786483018
2353.0 0.316387339424
2354.16 0.412955362702
2355.34 0.459968742456
2356.51 0.29351596549
2357.67 0.210924892949
2358.84 0.359588823522
2360.01 0.24269069008
2361.18 0.439638632292
2362.35 0.283350910408
2363.52 0.395166516309
2364.69 0.452344951144
2365.86 0.480298852619
2367.03 0.621338991881
2368.19 0.564160557045
2369.36 0.345611872784
2370.53 0.236337530654
2371.7 0.308763548112
2372.87 0.218548684261
2374.03 0.172805936392
2375.2 0.21346615672
2376.37 0.360859455407
2377.53 0.434556104751
2378.7 0.280809646637
2379.87 0.393895884423
2381.03 0.514605913521
2382.19 0.385001461227
2383.35 0.255397008933
2384.53 0.382460197456
2385.69 0.444721159833
2386.85 0.285892174178
2388.02 0.397707780079
2389.19 0.452344951144
2390.36 0.289704069834
2391.53 0.335446817702
2392.7 0.231255003113
2393.87 0.24269069008
2395.03 0.185512255245
2396.2 0.34688250467
2397.38 0.236337530654
2398.55 0.372295142374
2399.72 0.440909264177
2400.88 0.473945693193
2402.05 0.301139756801
2403.23 0.276997750982
2404.4 0.265562064014
2405.56 0.260479536473
2406.72 0.383730829341
2407.88 0.382460197456
2409.05 0.318928603194
2410.23 0.285892174178
2411.4 0.270644591555
2412.57 0.198218574097
2413.73 0.353235664096
2414.9 0.367212614833
2416.07 0.247773217621
2417.24 0.18678288713
2418.4 0.157558353769
2419.57 0.205842365408
2420.73 0.166452776966
2421.9 0.146122666802
2423.07 0.200759837867
2424.23 0.354506295981
2425.4 0.430744209095
2426.56 0.279539014752
2427.72 0.330364290161
2428.88 0.355776927866
2430.04 0.241420058195
2431.2 0.374836406145
2432.37 0.250314481392
2433.53 0.379918933686
2434.71 0.443450527948
2435.87 0.476486956964
2437.03 0.301139756801
2438.22 0.214736788605
2439.38 0.360859455407
2440.55 0.307492916227
2441.72 0.217278052375
2442.88 0.363400719178
2444.06 0.245231953851
2445.23 0.312575443768
2446.4 0.219819316146
2447.56 0.174076568277
2448.73 0.149934562458
2449.9 0.138498875491
2451.06 0.13341634795
2452.23 0.129604452294
2453.39 0.128333820409
2454.56 0.128333820409
2455.72 0.127063188524
2456.88 0.190594782785
2458.04 0.158828985655
2459.22 0.143581403032
2460.39 0.0711553855732
2461.56 0.0991092870484
2462.72 0.113086237786
2463.89 0.120710029097
2465.06 0.123251292868
2466.23 0.125792556638
2467.4 0.125792556638
2468.56 0.317657971309
2469.72 0.222360579916
2470.89 0.174076568277
2472.06 0.151205194343
2473.23 0.138498875491
2474.39 0.324011130735
2475.56 0.351965032211
2476.72 0.24014942631
2477.89 0.37356577426
2479.06 0.377377669915
2480.23 0.252855745162
2481.4 0.379918933686
2482.56 0.254126377047
2483.72 0.254126377047
2484.89 0.190594782785
2486.05 0.34942376844
2487.23 0.237608162539
2488.39 0.182970991474
2489.56 0.155017089999
2490.72 0.204571733523
2491.89 0.165182145081
2493.06 0.336717449588
2494.24 0.423120417784
2495.4 0.465051269997
2496.57 0.232525634998
2497.73 0.180429727704
2498.9 0.344341240899
2500.07 0.235066898769
2501.23 0.181700359589
2502.4 0.153746458114
2503.57 0.141040139261
2504.74 0.13341634795
2505.9 0.130875084179
2507.07 0.128333820409
2508.23 0.128333820409
2509.39 0.127063188524
2510.55 0.127063188524
2511.71 0.127063188524
2512.87 0.0635315942618
2514.03 0.0952973913927
2515.19 0.048284011639
2516.37 0.0876736000813
2517.53 0.10673307836
2518.7 0.116898133442
2519.87 0.249043849506
2521.03 0.886901055895
2522.19 1.20582965909
2523.36 1.17533449384
2524.53 1.15881627934
2525.7 1.15119248802
2526.87 1.02031740384
2528.03 1.33670474327
2529.19 1.74838947409
2530.36 2.2718898108
2531.53 2.78776635621
2532.7 2.85510984613
2533.87 2.50695670957
2535.03 2.08002439613
2536.22 2.05588239031
2537.38 2.04444670335
2538.54 2.5476169299
2539.71 2.79793141129
2540.87 2.98725556219
2542.03 3.27314773637
2543.25 2.97073734768
2544.41 2.69246896482
2545.58 2.36210467465
2546.75 2.19819316146
2547.92 2.43326006023
2549.08 2.86781616498
2550.25 3.08636484924
2551.41 3.19436855948
2552.63 3.05841094776
2553.79 2.86400426932
2554.96 2.7026340199
2556.13 2.62131357924
2557.3 2.32779761375
2558.48 2.49806228638
2559.65 2.83732099973
2560.82 3.13337822899
2561.99 3.34557375383
2563.19 3.00758567235
2564.37 2.71025781121
2565.54 2.62639610678
2566.71 2.13847346285
2567.87 2.14990914982
2569.03 2.85383921424
2570.21 3.20580424645
2571.41 3.31761985235
2572.62 3.37479828719
2573.83 3.08509421735
2575.0 2.81317899391
2576.17 2.23250022236
2577.34 2.38624668047
2578.51 2.52728681974
2579.67 2.97963177088
2580.83 3.33159680309
2582.04 3.44468304088
2583.25 3.24773509866
2584.45 3.02156262309
2585.62 2.78141319678
2586.79 2.4701083849
2587.95 2.63274926621
2589.12 2.90466448965
2590.29 3.16768528989
2591.46 3.42689419448
2592.67 3.49169642063
2593.87 3.2706064726
2595.07 2.71534033875
2596.23 2.31127939925
2597.4 2.23504148613
2598.56 2.70644591555
2599.72 3.13210759711
2600.89 3.59842949899
2602.1 3.57809938883
2603.31 3.18674476817
2604.51 2.92753586358
2605.67 2.73439981703
2606.83 2.3837054167
2608.0 2.46248459359
2609.17 2.75600055908
2610.33 3.15752023481
2611.5 3.48407262932
2612.71 3.3303261712
2613.92 2.99996188104
2615.09 2.83350910408
2616.25 2.36972846597
2617.41 2.26553665138
2618.58 2.72042286629
2619.75 3.07619979416
2620.92 3.37988081473
2622.11 3.4688250467
2623.32 3.19563919137
2624.52 2.93261839113
2625.68 2.60987789228
2626.85 2.38497604859
2628.02 2.46248459359
2629.19 3.01012693613
2630.35 3.3481150176
2631.56 3.38877523793
2632.77 3.28331279145
2633.97 3.10288306375
2635.13 2.82207341711
2636.3 2.55397008933
2637.48 2.35702214711
2638.64 2.57684146326
2639.81 3.06730537096
2640.98 3.31253732481
2642.18 3.30745479727
2643.39 3.36971575965
2644.59 3.01902135932
2645.76 2.7801425649
2646.93 2.53363997916
2648.1 2.53745187482
2649.27 2.85638047801
2650.43 3.2706064726
2651.64 3.66831425268
2652.84 3.61367708161
2654.05 3.1410020203
2655.22 2.6505381126
2656.39 2.34177456449
2657.56 2.31382066302
2658.72 2.68230390973
2659.89 3.11940127826
2661.06 3.40275218866
2662.27 3.48026073366
2663.47 3.51837969022
2664.67 3.03045704629
2665.83 2.59463030965
2667.0 2.31382066302
2668.18 2.49170912695
2669.35 3.02410388686
2670.51 3.41799977129
2671.72 3.67847930776
2672.92 3.42816482637
2674.13 3.04824589268
2675.3 2.79411951564
2676.47 2.35066898769
2677.63 2.44596637908
2678.79 2.62004294736
2679.96 3.08890611301
2681.13 3.38750460604
2682.35 3.47263694235
2683.56 3.26044141752
2684.76 3.15497897104
2685.93 2.53109871539
2687.1 2.53618124293
2688.27 2.5387225067
2689.43 2.98471429842
2690.59 3.33413806686
2691.8 3.50948526702
2693.01 3.47009567858
2694.22 3.13337822899
2695.39 2.96438418826
2696.56 2.49806228638
2697.72 2.32906824564
2698.9 2.75345929531
2700.07 2.96438418826
2701.23 3.32524364366
2702.43 3.44087114522
2703.63 3.30872542916
2704.83 3.1155893826
2706.0 2.82842657654
2707.16 2.49425039072
2708.34 2.5819239908
2709.51 3.06984663473
2710.68 3.56793433374
2711.88 3.81697818325
2713.08 3.49677894817
2714.29 3.01902135932
2715.46 2.90720575342
2716.63 2.40657679064
2717.79 2.15626230925
2718.96 1.90340656408
2720.13 1.65055081892
2721.3 1.58828985655
2722.47 1.23886608811
2723.63 1.1270504822
2724.79 1.00888171688
2725.96 0.822098829748
2727.13 0.918666853026
2728.3 0.96822149655
2729.47 0.801768719584
2730.64 0.908501797944
2731.81 0.963138969009
2732.98 0.989822238599
2734.15 0.811933774666
2735.32 0.851323363108
2736.48 0.679788058602
2737.65 0.593385090405
2738.82 0.614985832454
2740.0 0.498087699013
2741.16 0.312575443768
2742.34 0.410414098931
2743.51 0.522229704832
2744.67 0.579408139668
2745.83 0.543830446881
2747.0 0.58957319475
2748.18 0.421849785899
2749.35 0.337988081473
2750.52 0.550183606307
2751.69 0.401519675735
2752.86 0.454886214915
2754.03 0.354506295981
2755.2 0.241420058195
2756.37 0.374836406145
2757.53 0.313846075653
2758.7 0.411684730817
2759.87 0.459968742456
2761.03 0.420579154013
2762.21 0.590843826635
2763.37 0.359588823522
2764.53 0.433285472866
2765.7 0.280809646637
2766.87 0.203301101638
2768.03 0.165182145081
2769.2 0.209654261064
2770.36 0.232525634998
2771.53 0.369753878604
2772.7 0.439638632292
2773.87 0.473945693193
2775.03 0.299869124916
2776.21 0.21346615672
2777.37 0.360859455407
2778.53 0.434556104751
2779.7 0.471404429423
2780.87 0.490463907701
2782.03 0.56288992516
2783.21 0.534936023685
2784.38 0.331634922047
2785.56 0.419308522128
2786.72 0.40024904385
2787.89 0.454886214915
2789.06 0.290974701719
2790.23 0.208383629179
2791.39 0.167723408851
2792.56 0.210924892949
2793.72 0.168994040736
2794.89 0.339258713358
2796.06 0.232525634998
2797.23 0.180429727704
2798.4 0.153746458114
2799.57 0.330364290161
2800.73 0.419308522128
2801.89 0.463780638111
2803.06 0.486652012046
2804.23 0.369753878604
2805.4 0.439638632292
2806.57 0.283350910408
2807.74 0.204571733523
2808.91 0.29351596549
2810.08 0.209654261064
2811.25 0.29605722926
2812.41 0.337988081473
2813.59 0.423120417784
2814.75 0.40279030762
2815.92 0.264291432129
2817.08 0.259208904588
2818.24 0.256667640818
2819.4 0.382460197456
2820.57 0.318928603194
2821.74 0.285892174178
2822.91 0.334176185817
2824.08 0.357047559751
2825.24 0.369753878604
2826.41 0.247773217621
2827.58 0.3786483018
2828.75 0.443450527948
2829.92 0.284621542293
2831.08 0.396437148194
2832.25 0.261750168359
2833.41 0.385001461227
2834.58 0.256667640818
2835.75 0.191865414671
2836.92 0.158828985655
2838.08 0.270644591555
2839.26 0.388813356882
2840.41 0.385001461227
2841.57 0.447262423603
2842.73 0.287162806063
2843.9 0.334176185817
2845.07 0.420579154013
2846.23 0.274456487211
2847.4 0.200759837867
2848.56 0.354506295981
2849.73 0.303681020572
2850.9 0.343070609014
2852.06 0.425661681554
2853.23 0.339258713358
2854.39 0.360859455407
2855.56 0.434556104751
2856.73 0.471404429423
2857.9 0.362130087292
2859.07 0.245231953851
2860.23 0.312575443768
2861.39 0.283350910408
2862.56 0.396437148194
2863.72 0.452344951144
2864.89 0.480298852619
2866.06 0.303681020572
2867.23 0.214736788605
2868.39 0.171535304507
2869.56 0.275727119096
2870.72 0.392625252538
2871.88 0.32274049885
2873.05 0.224901843687
2874.22 0.303681020572
2875.38 0.40533157139
2876.55 0.330364290161
2877.71 0.228713739343
2878.87 0.177888463933
2880.03 0.152475826228
2881.19 0.139769507376
2882.35 0.13341634795
2883.51 0.129604452294
2884.67 0.255397008933
2885.83 0.255397008933
2887.0 0.381189565571
2888.16 0.317657971309
2889.32 0.222360579916
2890.49 0.175347200163
2891.66 0.151205194343
2892.83 0.265562064014
2893.99 0.196947942212
2895.16 0.288433437949
2896.33 0.335446817702
2897.5 0.421849785899
2898.67 0.465051269997
2899.83 0.29605722926
