0.0 0.996221229818
1.08 1.0334363907
2.16 1.0506126188
3.25 1.06206343754
4.34 1.06492614222
5.43 0.924653612733
6.52 0.855948700332
7.6 0.961868773617
8.69 33.6510935532
9.86 57.5833047063
11.03 45.6429634719
12.18 40.9624413146
13.36 62.8134661628
14.52 58.1358067102
15.68 43.7736173136
16.86 63.2142448185
18.02 76.2281003092
19.18 57.5432268407
20.36 60.5118515974
21.53 74.4474979961
22.7 63.6665521585
23.87 47.540936677
25.04 66.5292568419
26.22 79.0306881942
27.38 59.0890873697
28.55 66.4347875873
29.72 78.1260735143
30.88 64.502461926
32.04 48.3882972633
33.22 36.3248597275
34.38 30.0040077866
35.54 58.7656017405
36.71 75.1488606435
37.88 84.1978701477
39.04 67.2535211268
40.22 50.0515286843
41.38 67.929119432
42.54 80.0154586053
43.71 61.4422306195
44.88 61.7428146112
46.05 76.2080613764
47.22 66.5521584793
48.38 50.5582274133
49.55 68.896713615
50.72 80.7883888698
51.88 61.1101568762
53.05 66.8756441086
54.22 79.3455857094
55.39 66.54643307
56.56 49.9828237719
57.72 37.6932325661
58.88 29.11370663
60.05 58.7484255124
61.22 75.7128134662
62.38 85.053818848
63.55 68.6848734685
64.72 51.3368830871
65.88 38.6579640444
67.04 40.7620519867
68.22 65.1437077751
69.38 61.591091263
70.55 48.2222603916
71.72 67.4424596359
72.88 79.7749914119
74.05 87.0834764686
75.23 91.4548265201
76.4 68.0207259819
77.56 49.5734570022
78.73 37.0605748311
79.9 59.0003435246
81.07 75.2662315356
82.24 60.497538074
83.4 45.5255925799
84.58 67.6714760105
85.74 80.7454482996
86.92 87.8564067331
88.08 70.5141417611
89.24 52.8254895225
90.41 39.8316729646
91.57 42.9233940227
92.74 66.2258101454
93.9 79.8809114852
95.07 87.5672735601
96.24 69.5093324173
97.4 52.0382457346
98.56 71.0695064697
99.73 72.712698958
100.89 56.2149318676
102.06 70.0074430322
103.22 81.4868888126
104.39 64.6083819993
105.56 48.5858238864
106.73 68.3413489064
107.9 80.9372495133
109.06 61.6168556052
110.22 45.6572769953
111.38 34.6702164205
112.55 58.2360013741
113.72 75.1688995763
114.88 59.8763311577
116.05 45.2164204741
117.23 67.803160426
118.41 80.6681552731
119.58 88.1054620405
120.74 70.3509675942
121.9 52.6021985572
123.06 71.3500515287
124.22 74.141188595
125.39 56.7874728043
126.56 42.9548837742
127.73 33.0356120463
128.9 58.8486201763
130.07 75.6183442116
131.24 85.0080155731
132.41 77.1040879423
133.57 58.1243558914
134.73 43.3384862018
135.9 33.5136837284
137.07 59.9450360701
138.23 76.5973892133
139.4 85.7838085423
140.57 90.9481277911
141.73 67.0502690942
142.9 49.0896599107
144.07 36.817244933
145.23 60.1654643307
146.4 76.1364937593
147.57 60.216993015
148.74 59.9851139356
149.9 75.7586167411
151.06 85.0767204855
152.22 90.1666094126
153.39 71.0952708119
154.56 52.6880796977
155.72 39.9032405817
156.88 51.834993702
158.06 71.2527195694
159.22 63.0711095843
160.38 48.5314324974
161.55 68.4587197985
162.72 80.9973663117
163.88 87.9823657392
165.04 78.020153441
166.21 58.5823886408
167.38 72.6239551128
168.55 83.2216878507
169.72 64.9061032864
170.88 48.3024161228
172.05 68.9167525478
173.21 78.5068132371
174.37 59.5413947097
175.54 44.4749799611
176.71 34.366769724
177.88 59.2293598992
179.05 75.9532806596
180.22 59.5528455285
181.38 62.2294744074
182.55 76.7376617428
183.73 85.4231077522
184.9 90.6246421619
186.07 70.1820680179
187.23 51.8006412458
188.4 39.0301156533
189.56 54.2597045689
190.72 72.4665063552
191.88 62.8191915722
193.04 48.119203023
194.22 68.3957402954
195.38 80.9658765602
196.55 88.1083247452
197.72 76.5086453681
198.88 57.540364136
200.06 72.3892133288
201.22 83.1071796633
202.39 64.2734455514
203.56 47.5581129051
204.73 68.6877361731
205.9 72.2374899805
207.05 55.8341921447
208.22 42.0502690942
209.39 32.2941715333
210.55 58.6224665064
211.71 75.3635634948
212.88 58.3991755411
214.04 64.946181152
215.22 78.0945837627
216.38 86.2447039963
217.55 91.0368716363
218.72 70.2421848162
219.88 52.1184014657
221.05 39.3335623497
222.22 55.985915493
223.38 73.7575861674
224.55 62.4642161915
225.72 48.227985801
226.88 68.5904042139
228.05 76.482881026
229.22 58.5308599565
230.38 69.5923508531
231.55 81.1347761365
232.72 65.578838887
233.88 49.4990266804
235.05 69.512195122
236.22 81.5241039734
237.38 88.3888698042
238.54 82.0880567961
239.71 61.9059887782
240.88 73.28237719
242.05 83.4106263598
243.22 66.2859269438
244.38 49.5677315928
245.55 37.7705255926
246.71 53.0573686019
247.87 71.7222031375
249.03 82.9153784496
250.2 89.3707775106
251.37 68.8394595214
252.54 51.2710408794
253.71 71.401580213
254.88 67.296461697
256.04 52.3617313638
257.22 69.6581930608
258.38 81.7388068247
259.56 63.5921218367
260.72 61.6741096988
261.88 76.6031146227
263.04 67.748769037
264.21 52.0153440971
265.38 69.7698385435
266.55 81.6529256842
267.72 62.2609641589
268.88 46.4073056224
270.06 68.3986030001
271.22 68.3699759533
272.37 53.9018664835
273.54 41.2258101454
274.71 31.7416695294
275.88 58.7741898546
277.05 75.5811290507
278.22 58.2216878507
279.38 67.4338715218
280.54 79.7692660025
281.71 65.6131913432
282.88 49.2299324402
284.05 69.0913775335
285.22 81.3151265315
286.39 88.1398144967
287.56 74.665063552
288.72 56.4754379938
289.88 42.0846215504
291.05 32.4544829955
292.22 60.2771098134
293.38 66.0282835223
294.55 52.1556166266
295.72 67.5512424138
296.89 80.1127905645
298.06 63.6379251116
299.22 47.9560288561
300.38 69.3146684988
301.55 81.853315012
302.72 88.5549066758
303.88 78.3064239093
305.04 58.8686591091
306.21 44.7125844498
307.37 34.1978701477
308.54 60.8611015688
309.71 75.0515286843
310.88 57.3857780831
312.06 68.5904042139
313.22 80.3475323486
314.38 87.5128821711
315.55 91.6695293714
316.72 68.6991869919
317.88 50.4866597962
319.04 37.6588801099
320.22 58.2989808771
321.38 75.2003893278
322.55 61.6111301958
323.72 46.9426313981
324.88 68.5216993015
326.04 68.2898202221
327.21 53.4295202107
328.38 68.9024390244
329.54 80.9343868087
330.71 64.0472918814
331.87 47.7298751861
333.03 69.3461582503
334.2 82.0136264743
335.37 88.7753349364
336.53 77.2729875186
337.7 58.2073743273
338.86 44.0971029429
340.02 34.0346959808
341.18 60.9212183671
342.35 71.9340432841
343.52 56.111874499
344.69 68.381426772
345.86 80.3876102141
347.02 65.0606893393
348.17 49.0982480247
349.35 69.7412114966
350.52 81.9248826291
351.69 88.589259132
352.86 73.8864078782
354.03 55.9429749227
355.2 72.5924653613
356.37 83.3505095614
357.53 63.1083247452
358.7 46.9769838543
359.87 35.4746364365
361.04 58.9230504981
362.21 75.5124241383
363.38 85.2398946525
364.54 87.8134661628
365.71 65.3412343983
366.88 57.1080957288
368.05 74.6078094584
369.21 67.6113592122
370.38 52.6623153555
371.55 39.891789763
372.72 31.2149318676
373.88 59.5127676629
375.04 65.6475437994
376.21 51.9666781175
377.38 67.3107752204
378.54 79.7091492042
379.71 87.1951219512
380.88 91.3660826749
382.04 67.6886522386
383.21 49.9828237719
384.38 37.8363678003
385.55 60.1024848277
386.72 76.248139242
387.88 60.8439253407
389.04 45.8433527997
390.21 68.2583304706
391.38 81.4697125844
392.54 88.5062406962
393.72 71.1238978587
394.88 53.2749341578
396.05 71.9741211497
397.21 75.0257643422
398.38 58.0871407306
399.55 61.2103515401
400.71 76.3712355433
401.88 66.9185846788
403.04 51.4571166838
404.21 39.0043513111
405.38 30.3418069392
406.55 59.3639070194
407.72 62.7075460895
408.88 49.7824344441
410.06 67.2220313752
411.22 79.9496163976
412.38 87.3153555479
413.56 91.5693347074
414.73 66.9328982022
415.9 73.6488033894
417.06 83.3075689912
418.23 67.9520210695
419.4 51.545860529
420.56 38.9041566472
421.73 46.0380167182
422.9 68.2125271957
424.06 80.8742700103
425.23 87.7762510019
426.4 69.4721172564
427.56 52.161342036
428.74 71.7050269094
429.9 71.0265658995
431.07 55.0841635177
432.23 62.8592694378
433.4 77.3388297263
434.56 66.2572998969
435.73 50.6984999427
436.9 69.8270926371
438.07 81.8246879652
439.23 61.7714416581
440.39 69.4950188939
441.56 80.9429749227
442.72 67.0588572083
443.89 50.9532806596
445.06 70.5284552846
446.23 77.0210695065
447.4 58.9430894309
448.58 70.0847360586
449.74 81.5241039734
450.91 65.6303675713
452.08 49.3816557884
453.24 70.1706171991
454.4 71.2613076835
455.57 55.2015344097
456.73 41.8785068132
457.9 32.7808313294
459.06 59.1520668728
460.22 75.7700675598
461.38 58.6024275736
462.55 65.6217794572
463.72 78.5755181495
464.88 66.1599679377
466.05 50.3635634948
467.21 38.3115767777
468.37 29.7120119089
469.54 59.0461467995
470.7 76.147944578
471.87 85.5576548723
473.04 90.6933470743
474.21 93.544600939
475.38 94.973090576
476.54 95.9721745105
477.71 96.6134203596
478.88 97.2231764571
480.05 97.6697583877
481.22 97.893049353
482.38 98.0046948357
483.56 98.0590862247
484.72 98.0877132715
485.88 98.2451620291
487.05 98.1821825261
488.22 98.4341005382
489.38 98.4197870148
490.55 98.6974693691
491.72 98.8348791939
492.89 98.7633115768
494.06 98.7260964159
495.23 98.8491927173
496.4 98.9121722203
497.57 98.9436619718
498.74 98.8177029658
499.91 98.751860758
501.08 98.8635062407
502.25 99.0638955685
503.43 99.3043627619
504.61 98.9980533608
505.78 98.8434673079
506.95 99.195579984
508.12 99.3702049697
509.29 99.4589488148
510.46 99.3616168556
511.63 99.1669529371
512.81 99.0724836826
513.98 99.3100881713
515.15 99.141188595
516.34 99.0581701592
517.51 99.0180922936
518.69 98.9951906561
519.86 99.1297377763
521.02 99.195579984
522.19 99.0839345013
523.36 99.1726783465
524.53 99.2184816214
525.7 99.0953853201
526.87 99.1784037559
528.04 99.3644795603
529.21 99.4560861102
530.38 99.3587541509
531.55 99.3100881713
532.73 99.2843238292
533.9 99.2728730104
535.06 99.4102828352
536.23 99.0495820451
537.41 99.2986373526
538.58 99.2814611245
539.75 99.2700103057
540.92 99.4102828352
542.09 99.4789877476
543.26 99.5133402038
544.42 99.2442459636
545.59 99.1096988435
546.76 99.1841291652
547.93 99.2242070308
549.1 99.3845184931
550.26 99.3244016947
551.44 99.5791824115
552.62 99.8482766518
553.78 99.5562807741
554.94 99.4074201305
556.11 99.3358525135
557.28 99.4417725867
558.45 99.3501660369
559.62 99.3072254666
560.79 99.5705942975
561.96 99.7022787129
563.13 99.6249856865
564.3 99.7280430551
565.47 99.6392992099
566.65 99.593495935
567.82 99.5705942975
568.98 99.4160082446
570.15 99.4818504523
571.34 99.5133402038
572.5 99.3873811978
573.67 99.4675369289
574.84 99.3644795603
576.01 99.4560861102
577.18 99.3587541509
578.36 99.4532234055
579.53 99.3587541509
580.7 99.3100881713
581.87 99.4274590633
583.04 99.3444406275
584.21 99.4474979961
585.38 99.3530287416
586.55 99.3072254666
587.73 99.7137295317
588.9 99.4875758617
590.06 99.375930379
591.22 99.4618115195
592.38 99.3616168556
593.56 99.5963586396
594.73 99.7165922363
595.9 99.4875758617
597.07 99.375930379
598.23 99.4618115195
599.4 99.5047520898
600.57 99.5247910226
601.74 99.6793770755
602.91 99.4703996336
604.08 99.5104774991
605.25 99.3845184931
606.42 99.3244016947
607.59 99.2929119432
608.77 99.4188709493
609.94 99.3415779228
611.11 99.4446352914
612.27 99.3530287416
613.45 99.3072254666
614.62 99.4274590633
615.79 99.3444406275
616.96 99.5877705256
618.13 99.710866827
619.3 99.4875758617
620.47 99.6593381427
621.64 99.7480819879
622.81 99.5047520898
623.98 99.3816557884
625.15 99.32153899
626.34 99.2929119432
627.51 99.2757357151
628.68 99.2700103057
629.85 99.4074201305
631.02 99.6221229818
632.19 99.7280430551
633.37 99.7795717394
634.54 99.665063552
635.71 99.4618115195
636.88 99.3616168556
638.05 99.312950876
639.22 99.2871865338
640.38 99.4160082446
641.55 99.4818504523
642.72 99.5162029085
643.89 99.5305164319
645.06 99.3959693118
646.22 99.4732623383
647.39 99.5104774991
648.56 99.3845184931
649.73 99.3244016947
650.9 99.2929119432
652.07 99.4188709493
653.24 99.484713157
654.41 99.5162029085
655.58 99.6736516661
656.74 99.4675369289
657.92 99.5076147945
659.08 99.5276537272
660.25 99.3959693118
661.42 99.3272643994
662.59 99.2957746479
663.77 99.2785984198
664.94 99.2700103057
666.1 99.5505553647
667.26 99.4074201305
668.44 99.3329898088
669.62 99.2986373526
670.78 99.2785984198
671.95 99.2700103057
673.12 99.5534180694
674.29 99.4074201305
675.46 99.4761250429
676.63 99.3702049697
677.81 99.4589488148
678.98 99.5018893851
680.14 99.5247910226
681.33 99.3931066071
682.5 99.4703996336
683.67 99.5104774991
684.85 99.6707889614
686.02 99.4675369289
687.19 99.5076147945
688.37 99.5276537272
689.54 99.5362418413
690.7 99.3988320165
691.87 99.7595328066
693.04 99.7967479675
694.21 99.5305164319
695.38 99.6822397801
696.55 99.4703996336
697.72 99.5104774991
698.89 99.3845184931
700.06 99.3244016947
701.22 99.2929119432
702.39 99.4188709493
703.56 99.3415779228
704.74 99.7309057598
705.91 99.6392992099
707.08 99.8797664033
708.25 99.7137295317
709.42 99.4875758617
710.59 99.3730676743
711.76 99.4618115195
712.93 99.3616168556
714.1 99.5963586396
715.27 99.8597274705
716.44 99.5591434788
717.61 99.4102828352
718.78 99.3358525135
719.94 99.4417725867
721.11 99.3530287416
722.28 99.4503607008
723.45 99.4990266804
724.62 99.5219283179
725.78 99.5362418413
726.95 99.2556967823
728.12 99.258559487
729.29 99.4016947212
730.46 99.3329898088
731.63 99.2957746479
732.81 99.7080041223
733.98 99.484713157
735.14 99.3730676743
736.33 99.4618115195
737.5 99.7910225581
738.66 99.5247910226
739.83 99.6793770755
741.0 99.4703996336
742.17 99.5104774991
743.35 99.3845184931
744.53 99.7538073972
745.7 99.6507500286
746.87 99.4560861102
748.04 99.3587541509
749.21 99.3100881713
750.38 99.4274590633
751.55 99.3444406275
752.72 99.3043627619
753.89 99.4245963586
755.06 99.3444406275
756.22 99.3015000573
757.39 99.2814611245
758.56 99.7022787129
759.73 99.4818504523
760.9 99.5133402038
762.07 99.6736516661
763.23 99.6106721631
764.41 99.4360471774
765.58 99.3501660369
766.76 99.3043627619
767.94 99.2843238292
769.1 99.2728730104
770.26 99.4102828352
771.43 99.4789877476
772.6 99.3702049697
773.77 99.3158135807
774.94 99.2871865338
776.1 99.2757357151
777.26 99.2671476011
778.43 99.4074201305
779.6 99.4789877476
780.77 99.3702049697
781.94 99.4589488148
783.11 99.3587541509
784.28 99.3100881713
785.46 99.2871865338
786.62 99.2728730104
787.78 99.6965533036
788.96 99.4789877476
790.13 99.7996106722
791.31 99.6736516661
792.48 99.6106721631
793.66 99.5791824115
794.83 99.421733654
796.01 99.484713157
797.18 99.3730676743
798.36 99.3158135807
799.54 99.4331844727
800.7 99.4904385664
801.86 99.5190656132
803.02 99.5333791366
804.19 99.539104546
805.36 99.5448299553
806.53 99.8311004237
807.7 99.54769266
808.86 99.54769266
810.02 99.54769266
811.17 99.6908278942
812.34 99.4761250429
813.52 99.5104774991
814.69 99.3873811978
815.86 99.3244016947
817.03 99.4360471774
818.2 99.4904385664
819.37 99.5190656132
820.54 99.6765143708
821.7 99.4703996336
822.88 99.7938852628
824.05 99.5276537272
825.22 99.3959693118
826.38 99.6135348677
827.55 99.5820451162
828.73 99.421733654
829.9 99.484713157
831.08 99.2299324402
832.25 99.2442459636
833.42 99.2528340776
834.58 99.258559487
835.75 99.4016947212
836.92 99.3329898088
838.09 99.4389098821
839.26 99.3501660369
840.43 99.3072254666
841.61 99.2843238292
842.78 99.2728730104
843.94 99.2671476011
845.11 99.4074201305
846.28 99.7623955113
847.46 99.7996106722
848.62 99.5305164319
849.79 99.3959693118
850.96 99.7566701019
852.13 99.6536127333
853.31 99.5992213443
854.48 99.430321768
855.66 99.3473033322
856.82 99.3043627619
857.99 99.2814611245
859.16 99.4160082446
860.34 99.4818504523
861.51 99.656475438
862.68 99.602084049
863.86 99.4331844727
865.02 99.3473033322
866.18 99.3043627619
867.36 99.5677315928
868.53 99.2728730104
869.7 99.4102828352
870.86 99.3358525135
872.04 99.5849078209
873.21 99.7080041223
874.38 99.6278483912
875.54 99.5877705256
876.72 99.4245963586
877.89 99.6307110958
879.06 99.5877705256
880.23 99.4245963586
881.41 99.3444406275
882.58 99.4446352914
883.75 99.4961639757
884.92 99.3787930837
886.09 99.32153899
887.26 99.2900492385
888.43 99.2757357151
889.6 99.5562807741
890.77 99.4074201305
891.94 99.3358525135
893.12 99.4417725867
894.29 99.3501660369
895.47 99.0209549983
896.65 99.141188595
897.82 99.2013053933
898.98 99.3730676743
900.15 99.3186762854
901.33 99.2900492385
902.5 99.4188709493
903.66 99.3387152181
904.83 99.4446352914
906.0 99.2098935074
907.18 99.2356578495
908.35 99.3902439024
909.52 99.3272643994
910.69 99.2929119432
911.86 99.2785984198
913.03 99.4131455399
914.2 99.3358525135
915.38 99.4417725867
916.55 99.0667582732
917.73 99.1640902325
918.9 99.3558914462
920.07 99.1640902325
921.24 99.0696209779
922.42 99.1669529371
923.58 99.3558914462
924.75 99.1669529371
925.93 99.0696209779
927.1 98.8806824688
928.27 98.9264857437
929.44 99.0953853201
930.62 99.1784037559
931.78 99.0753463873
932.95 99.312950876
934.12 99.0009160655
935.28 98.9866025421
936.45 98.9808771327
937.62 99.1211496622
938.78 99.3358525135
939.96 99.4417725867
941.13 99.2070308027
942.31 99.0925226154
943.49 98.8892705828
944.66 98.9322111531
945.82 98.9551127906
946.99 98.9637009046
948.16 99.1125615482
949.34 99.0438566357
950.51 99.0095041795
951.69 98.9923279514
952.86 98.9837398374
954.02 98.8377418985
955.19 98.7633115768
956.37 99.1555021184
957.54 99.2070308027
958.71 99.3787930837
959.88 99.032405817
961.05 99.0037787702
962.21 99.1326004809
963.38 99.3415779228
964.55 99.4446352914
965.72 99.3530287416
966.89 99.3072254666
968.06 99.2843238292
969.22 99.5591434788
970.38 99.4102828352
971.56 99.3358525135
972.74 99.4417725867
973.91 99.3530287416
975.09 99.4503607008
976.26 99.6421619146
977.43 99.593495935
978.61 99.4274590633
979.78 99.3444406275
980.94 99.4474979961
982.11 99.3530287416
983.28 99.3072254666
984.46 99.2843238292
985.62 99.2728730104
986.78 99.2671476011
987.95 99.4074201305
989.12 99.4789877476
990.29 99.3702049697
991.46 99.3158135807
992.63 99.2871865338
993.8 99.4188709493
994.97 99.3387152181
996.14 99.3015000573
997.32 99.2814611245
998.48 99.2700103057
999.65 99.4102828352
1000.82 99.3358525135
1001.99 99.2986373526
1003.18 99.2785984198
1004.34 99.4131455399
1005.52 99.4818504523
1006.69 99.2270697355
1007.86 99.2442459636
1009.02 99.3959693118
1010.19 99.7595328066
1011.37 99.5104774991
1012.54 99.8139241956
1013.7 99.8253750143
1014.87 99.828237719
1016.04 99.6879651895
1017.21 99.6192602771
1018.38 99.5820451162
1019.56 99.421733654
1020.73 99.3415779228
1021.9 99.1583648231
1023.07 99.0667582732
1024.24 99.3072254666
1025.42 99.4274590633
1026.58 99.3444406275
1027.75 99.4474979961
1028.93 99.4961639757
1030.1 99.3787930837
1031.26 99.32153899
1032.44 99.5763197069
1033.61 99.4188709493
1034.78 99.3415779228
1035.95 99.3015000573
1037.13 99.2814611245
1038.3 99.2700103057
1039.47 99.4102828352
1040.65 99.3358525135
1041.82 99.4417725867
1042.99 99.493301271
1044.17 99.3787930837
1045.34 99.4618115195
1046.51 99.3616168556
1047.68 99.312950876
1048.86 99.2871865338
1050.02 99.2728730104
1051.18 99.4102828352
1052.36 99.3358525135
1053.54 99.2986373526
1054.71 99.2814611245
1055.88 99.2700103057
1057.05 99.2671476011
1058.22 99.2642848964
1059.38 99.2614221917
1060.54 99.4045574259
1061.71 99.4761250429
1062.88 99.3702049697
1064.06 99.4589488148
1065.22 99.3587541509
1066.39 99.3100881713
1067.57 99.1440512997
1068.74 99.4875758617
1069.91 99.6622008474
1071.08 99.4618115195
1072.24 99.5047520898
1073.41 99.6679262567
1074.58 99.6078094584
1075.75 99.4360471774
1076.93 99.4904385664
1078.1 99.6622008474
1079.26 99.6049467537
1080.42 99.5763197069
1081.58 99.4188709493
1082.75 99.484713157
1083.93 99.3730676743
1085.1 99.3158135807
1086.27 99.5763197069
1087.44 99.4188709493
1088.62 99.3387152181
1089.78 99.7309057598
1090.96 99.4961639757
1092.13 99.8081987862
1093.31 99.5333791366
1094.48 99.3988320165
1095.65 99.4732623383
1096.82 99.367342265
1097.98 99.312950876
1099.15 99.430321768
1100.33 99.4904385664
1101.5 99.5190656132
1102.66 99.3902439024
1103.83 99.4675369289
1105.0 99.6507500286
1106.18 99.5992213443
1107.35 99.430321768
1108.52 99.4904385664
1109.68 99.5190656132
1110.84 99.6765143708
1112.01 99.6106721631
1113.18 99.4360471774
1114.36 99.3501660369
1115.54 99.1612275278
1116.71 99.0696209779
1117.88 99.1640902325
1119.05 99.3558914462
1120.22 99.3100881713
1121.38 99.4274590633
1122.55 99.3444406275
1123.72 99.5906332303
1124.89 99.710866827
1126.06 99.6307110958
1127.22 99.4446352914
1128.39 99.7824344441
1129.56 99.8081987862
1130.73 99.6793770755
1131.9 99.4703996336
1133.07 99.3644795603
1134.24 99.312950876
1135.41 99.2871865338
1136.58 99.2757357151
1137.74 99.4102828352
1138.91 99.3358525135
1140.08 99.2986373526
1141.25 99.2814611245
1142.42 99.6994160082
1143.58 99.9112561548
1144.75 99.5849078209
1145.93 99.4245963586
1147.1 99.3415779228
1148.26 99.7309057598
1149.43 99.4961639757
1150.6 99.3787930837
1151.77 99.7509446925
1152.94 99.5047520898
1154.11 99.5276537272
1155.27 99.3931066071
1156.44 99.3272643994
1157.62 99.2957746479
1158.78 99.421733654
1159.95 99.3415779228
1161.12 99.3015000573
1162.3 99.2814611245
1163.46 99.2700103057
1164.63 99.4102828352
1165.81 99.3358525135
1166.98 99.4417725867
1168.15 99.493301271
1169.34 99.3787930837
1170.51 99.4618115195
1171.67 99.2184816214
1172.84 99.2413832589
1174.01 99.249971373
1175.18 99.2556967823
1176.35 99.5448299553
1177.52 99.54769266
1178.67 99.54769266
1179.83 99.54769266
1180.99 99.54769266
1182.15 99.4045574259
1183.34 99.3329898088
1184.51 99.2957746479
1185.69 99.2785984198
1186.86 99.2700103057
1188.02 99.4102828352
1189.18 99.4789877476
1190.36 99.5133402038
1191.54 99.5305164319
1192.7 99.3959693118
1193.87 99.4703996336
1195.04 99.367342265
1196.21 99.4560861102
1197.38 99.3587541509
1198.56 99.3100881713
1199.73 99.5734570022
1200.9 99.4160082446
1202.06 99.6249856865
1203.23 99.5877705256
1204.41 99.710866827
1205.58 99.484713157
1206.76 99.5162029085
1207.93 99.5333791366
1209.1 99.3959693118
1210.27 99.3301271041
1211.45 99.2957746479
1212.62 99.2785984198
1213.78 99.2700103057
1214.96 99.2642848964
1216.13 99.2642848964
1217.31 99.2614221917
1218.47 99.1182869575
1219.64 99.1898545746
1220.81 99.3702049697
1221.98 99.0295431123
1223.15 99.2871865338
1224.33 99.1326004809
1225.5 99.3387152181
1226.67 99.0152295889
1227.85 99.1383258903
1229.02 99.1984426887
1230.18 99.3730676743
1231.35 99.3186762854
1232.52 99.0037787702
1233.68 99.2757357151
1234.85 99.4102828352
1236.02 99.3358525135
1237.18 99.2986373526
1238.36 99.5677315928
1239.53 99.4131455399
1240.7 99.3387152181
1241.87 99.2986373526
1243.04 99.710866827
1244.21 99.484713157
1245.38 99.3730676743
1246.55 99.3186762854
1247.72 99.2900492385
1248.89 99.4188709493
1250.06 99.3387152181
1251.22 99.3015000573
1252.39 99.2814611245
1253.56 99.4131455399
1254.73 99.3387152181
1255.91 99.4417725867
1257.08 99.4961639757
1258.25 99.3787930837
1259.42 99.3186762854
1260.58 99.4331844727
1261.75 99.4904385664
1262.92 99.5190656132
1264.08 99.3902439024
1265.25 99.3272643994
1266.42 99.2929119432
1267.59 99.2785984198
1268.76 99.2700103057
1269.93 99.4074201305
1271.1 99.3358525135
1272.27 99.2986373526
1273.45 99.2785984198
1274.62 99.4131455399
1275.78 99.3387152181
1276.96 99.4417725867
1278.13 99.4961639757
1279.31 99.5219283179
1280.48 99.1039734341
1281.66 99.3272643994
1282.83 99.2929119432
1284.01 99.421733654
1285.18 99.3415779228
1286.35 99.3015000573
1287.53 99.2814611245
1288.7 98.9837398374
1289.86 99.2671476011
1291.03 99.4074201305
1292.2 99.4761250429
1293.37 99.656475438
1294.54 99.602084049
1295.71 99.2871865338
1296.88 99.1326004809
1298.05 99.3387152181
1299.22 99.4446352914
1300.38 99.4961639757
1301.55 99.2356578495
1302.73 99.2471086683
1303.9 98.969426314
1305.07 99.1154242528
1306.23 99.0438566357
1307.41 99.1526394137
1308.58 99.2070308027
1309.75 99.0925226154
1310.93 99.1755410512
1312.1 99.2184816214
1313.26 99.2413832589
1314.44 99.249971373
1315.61 99.1125615482
1316.78 99.1869918699
1317.94 99.2242070308
1319.11 99.3873811978
1320.28 99.3244016947
1321.46 99.4360471774
1322.63 99.4904385664
1323.8 99.375930379
1324.97 99.4618115195
1326.14 99.5047520898
1327.32 99.5276537272
1328.49 99.3931066071
1329.66 99.4703996336
1330.83 99.367342265
1332.01 99.4560861102
1333.18 99.3587541509
1334.35 99.5963586396
1335.53 99.430321768
1336.7 99.3444406275
1337.87 99.4474979961
1339.04 99.6392992099
1340.21 99.4503607008
1341.38 99.4990266804
1342.55 99.3816557884
1343.73 99.1784037559
1344.9 99.0753463873
1346.07 99.1698156418
1347.24 99.2156189168
1348.41 99.2385205542
1349.58 99.5362418413
1350.74 99.3988320165
1351.91 99.3301271041
1353.08 99.2957746479
1354.25 99.2785984198
1355.42 99.2700103057
1356.58 99.2642848964
1357.74 99.1211496622
1358.92 99.3329898088
1360.09 99.2986373526
1361.26 99.2785984198
1362.42 99.2700103057
1363.58 99.4102828352
1364.75 99.3358525135
1365.93 99.4417725867
1367.1 99.3501660369
1368.27 99.4503607008
1369.44 99.3558914462
1370.62 99.593495935
1371.78 99.5705942975
1372.95 99.7022787129
1374.12 99.6249856865
1375.3 99.7309057598
1376.47 99.4961639757
1377.64 99.5219283179
1378.82 99.3902439024
1379.98 99.7566701019
1381.16 99.6507500286
1382.34 99.5992213443
1383.51 99.5734570022
1384.68 99.4188709493
1385.86 99.195579984
1387.02 99.2299324402
1388.18 99.2442459636
1389.35 99.2528340776
1390.52 99.5448299553
1391.69 99.5448299553
1392.86 99.4045574259
1394.02 99.4761250429
1395.18 99.367342265
1396.36 99.3158135807
1397.54 99.2871865338
1398.7 99.5620061834
1399.87 99.4102828352
1401.04 99.3358525135
1402.21 99.2986373526
1403.38 99.710866827
1404.56 99.484713157
1405.73 99.086797206
1406.9 99.1755410512
1408.07 99.2184816214
1409.24 99.2385205542
1410.41 99.3931066071
1411.58 99.4703996336
1412.75 99.2242070308
1413.93 99.6707889614
1415.1 99.4675369289
1416.26 99.6507500286
1417.43 99.4560861102
1418.6 99.3587541509
1419.77 99.4532234055
1420.94 99.4990266804
1422.1 99.3816557884
1423.27 99.7509446925
1424.45 99.5047520898
1425.62 99.2413832589
1426.78 99.249971373
1427.95 99.5419672507
1429.12 99.4016947212
1430.3 99.3329898088
1431.47 99.4389098821
1432.64 99.3501660369
1433.82 99.3072254666
1434.98 99.141188595
1436.16 99.2013053933
1437.34 99.3730676743
1438.51 99.6049467537
1439.68 99.4331844727
1440.85 99.4904385664
1442.02 99.5190656132
1443.18 99.5333791366
1444.35 99.539104546
1445.52 99.4016947212
1446.69 99.3301271041
1447.86 99.2957746479
1449.03 99.421733654
1450.2 99.3415779228
1451.37 99.4446352914
1452.54 99.4961639757
1453.71 99.665063552
1454.88 99.7509446925
1456.06 99.5047520898
1457.22 99.3845184931
1458.39 99.4646742242
1459.57 99.5076147945
1460.74 99.3845184931
1461.91 99.32153899
1463.08 99.2929119432
1464.25 99.2757357151
1465.42 99.4131455399
1466.58 99.3358525135
1467.75 99.2986373526
1468.93 99.2814611245
1470.1 99.2700103057
1471.26 99.2671476011
1472.42 99.1211496622
1473.59 99.3329898088
1474.76 99.1555021184
1475.94 99.2070308027
1477.1 99.3787930837
1478.27 99.1755410512
1479.44 99.2184816214
1480.61 99.5276537272
1481.78 99.5362418413
1482.94 99.5419672507
1484.11 99.4016947212
1485.29 99.3329898088
1486.47 99.2957746479
1487.65 99.421733654
1488.82 99.3415779228
1489.98 99.3015000573
1491.16 99.4245963586
1492.37 99.4875758617
1493.58 99.5162029085
1494.78 99.3902439024
1495.99 99.3244016947
1497.2 99.2929119432
1498.42 99.2785984198
1499.62 99.2700103057
1500.82 99.5505553647
1502.02 99.1211496622
1503.22 99.1898545746
1504.42 99.2270697355
1505.62 99.2442459636
1506.82 99.1096988435
1508.02 99.1841291652
1509.22 99.5104774991
1510.42 99.8139241956
1511.62 99.6822397801
1512.83 99.6135348677
1514.04 99.7251803504
1515.25 99.493301271
1516.46 99.375930379
1517.66 99.3186762854
1518.86 99.2900492385
1520.06 99.2757357151
1521.27 99.2700103057
1522.48 99.4074201305
1523.69 99.3358525135
1524.9 99.4417725867
1526.1 99.3501660369
1527.32 99.593495935
1528.53 99.5705942975
1529.74 99.4160082446
1530.95 99.4818504523
1532.17 99.656475438
1533.38 99.7452192832
1534.59 99.6478873239
1535.8 99.4532234055
1537.01 99.3587541509
1538.22 99.3100881713
1539.42 99.2843238292
1540.62 99.2728730104
1541.82 99.2671476011
1543.02 99.2642848964
1544.22 99.4074201305
1545.42 99.3329898088
1546.63 99.2986373526
1547.85 99.2785984198
1549.06 99.2700103057
1550.26 99.4102828352
1551.47 99.3358525135
1552.68 99.2986373526
1553.9 99.2785984198
1555.1 99.2700103057
1556.31 99.2671476011
1557.52 99.2642848964
1558.72 99.54769266
1559.91 99.54769266
1561.11 99.4045574259
1562.32 99.3329898088
1563.53 99.2986373526
1564.74 98.9923279514
1565.95 99.2700103057
1567.17 99.4102828352
1568.39 99.3358525135
1569.61 99.5849078209
1570.82 99.421733654
1572.02 99.7709836253
1573.22 99.5162029085
1574.42 99.3902439024
1575.62 99.4675369289
1576.82 99.3644795603
1578.02 99.4560861102
1579.22 99.6450246193
1580.42 99.5963586396
1581.63 99.7165922363
1582.85 99.4875758617
1584.06 99.375930379
1585.26 99.4618115195
1586.46 99.3616168556
1587.68 99.3100881713
1588.89 99.2871865338
1590.1 99.2728730104
1591.3 99.2671476011
1592.51 99.2642848964
1593.72 99.4074201305
1594.93 99.1898545746
1596.14 99.2270697355
1597.36 99.3873811978
1598.57 99.3244016947
1599.78 99.2929119432
1601.0 99.4188709493
1602.21 99.3415779228
1603.42 99.3015000573
1604.62 99.2814611245
1605.82 99.5562807741
1607.02 99.4102828352
1608.22 99.4789877476
1609.43 99.3702049697
1610.64 99.3158135807
1611.85 99.2871865338
1613.06 99.2757357151
1614.26 99.2671476011
1615.47 99.1211496622
1616.68 99.3358525135
1617.89 99.2986373526
1619.1 99.421733654
1620.31 99.3415779228
1621.52 99.1583648231
1622.72 99.3530287416
1623.93 99.4503607008
1625.14 99.6421619146
1626.36 99.4532234055
1627.58 99.3558914462
1628.79 99.3100881713
1630.01 99.4274590633
1631.22 99.3444406275
1632.42 99.3043627619
1633.63 99.710866827
1634.84 99.6307110958
1636.05 99.4446352914
1637.26 99.4961639757
1638.46 99.3787930837
1639.67 99.4646742242
1640.89 99.3616168556
1642.1 99.312950876
1643.32 99.7165922363
1644.53 99.4875758617
1645.74 99.2327951449
1646.94 99.2471086683
1648.16 99.2528340776
1649.37 99.4016947212
1650.58 99.6163975724
1651.78 99.8683155846
1652.99 99.7080041223
1654.2 99.484713157
1655.42 99.3730676743
1656.62 99.3186762854
1657.82 99.2900492385
1659.02 99.2757357151
1660.22 99.4102828352
1661.42 99.3358525135
1662.63 99.2986373526
1663.85 99.2814611245
1665.06 99.2700103057
1666.26 99.2671476011
1667.46 99.2642848964
1668.67 99.4045574259
1669.87 99.4761250429
1671.08 99.5133402038
1672.3 99.3873811978
1673.5 99.4675369289
1674.72 99.3644795603
1675.93 99.4560861102
1677.14 99.3587541509
1678.36 99.3100881713
1679.58 99.141188595
1680.78 99.3444406275
1681.99 99.3043627619
1683.21 99.2814611245
1684.42 99.2728730104
1685.62 99.2671476011
1686.82 99.4074201305
1688.03 99.4761250429
1689.23 99.5133402038
1690.44 99.8167869003
1691.65 99.9685102485
1692.86 99.6135348677
1694.06 99.4389098821
1695.28 99.493301271
1696.49 99.5190656132
1697.69 99.6765143708
1698.9 99.6135348677
1700.1 99.4360471774
1701.32 99.6364365052
1702.54 99.8769036986
1703.75 100.0
1704.96 99.6307110958
1706.17 99.7309057598
1707.38 99.6392992099
1708.59 99.593495935
1709.8 99.7137295317
1711.01 99.6307110958
1712.22 99.5906332303
1713.42 99.5677315928
1714.62 99.4160082446
1715.83 99.3387152181
1717.05 99.2986373526
1718.26 99.5677315928
1719.46 99.5562807741
1720.67 99.4102828352
1721.88 99.3358525135
1723.09 99.5849078209
1724.3 99.421733654
1725.51 99.484713157
1726.72 99.3730676743
1727.93 99.4618115195
1729.15 99.6478873239
1730.37 99.5963586396
1731.58 99.2871865338
1732.78 99.4160082446
1733.99 99.195579984
1735.2 99.2299324402
1736.41 99.2442459636
1737.62 99.3959693118
1738.82 99.3301271041
1740.02 99.2957746479
1741.22 99.2785984198
1742.43 99.2700103057
1743.64 99.5505553647
1744.85 99.5505553647
1746.06 99.1182869575
1747.26 99.1898545746
1748.46 99.3702049697
1749.67 99.3158135807
1750.88 99.2871865338
1752.08 99.4188709493
1753.3 99.3387152181
1754.5 99.4446352914
1755.71 99.4961639757
1756.92 99.665063552
1758.12 99.6049467537
1759.33 99.719454941
1760.54 99.6335738005
1761.74 99.5906332303
1762.96 99.4274590633
1764.17 99.4875758617
1765.38 99.3730676743
1766.58 99.6049467537
1767.78 99.8625901752
1768.98 99.5620061834
1770.18 99.4102828352
1771.39 99.4789877476
1772.6 99.7996106722
1773.81 99.9599221344
1775.02 99.6106721631
1776.22 99.5791824115
1777.43 99.5648688881
1778.64 99.5562807741
1779.85 99.5505553647
1781.06 99.5505553647
1782.26 99.8339631284
1783.46 99.6908278942
1784.66 99.6192602771
1785.87 99.5849078209
1787.08 99.421733654
1788.3 99.484713157
1789.5 99.5162029085
1790.71 99.3902439024
1791.92 99.3244016947
1793.12 99.2929119432
1794.34 99.2785984198
1795.55 99.2700103057
1796.75 99.4074201305
1797.96 99.3358525135
1799.17 99.2986373526
1800.38 99.421733654
1801.59 99.3415779228
1802.8 99.3015000573
1804.01 99.2814611245
1805.21 99.2728730104
1806.42 99.2671476011
1807.62 99.5505553647
1808.82 99.8339631284
1810.02 99.6908278942
1811.21 99.6192602771
1812.42 99.4417725867
1813.62 99.493301271
1814.82 99.3787930837
1816.04 99.3186762854
1817.24 99.2900492385
1818.45 99.4188709493
1819.66 99.0553074545
1820.86 99.4446352914
1822.07 99.3530287416
1823.29 99.4503607008
1824.5 99.3558914462
1825.7 99.3072254666
1826.91 99.2843238292
1828.11 99.4160082446
1829.32 99.3387152181
1830.53 99.3015000573
1831.74 99.4245963586
1832.95 99.3415779228
1834.16 99.3015000573
1835.38 99.2814611245
1836.58 99.5591434788
1837.79 99.5534180694
1839.0 99.4074201305
1840.21 99.4761250429
1841.42 99.2270697355
1842.62 99.3873811978
1843.82 99.3244016947
1845.03 99.4360471774
1846.24 99.3473033322
1847.45 99.4474979961
1848.66 99.4990266804
1849.86 99.2356578495
1851.07 99.5362418413
1852.28 99.6851024848
1853.49 99.6163975724
1854.7 99.4389098821
1855.9 99.3501660369
1857.12 99.3043627619
1858.34 99.4274590633
1859.54 99.3444406275
1860.75 99.4446352914
1861.96 99.4961639757
1863.17 99.5219283179
1864.38 99.3931066071
1865.59 99.6135348677
1866.8 99.4360471774
1868.01 99.3501660369
1869.22 99.3043627619
1870.43 99.7137295317
1871.64 99.4875758617
1872.85 99.5162029085
1874.06 99.3902439024
1875.27 99.3244016947
1876.48 99.4360471774
1877.69 99.3501660369
1878.9 99.3043627619
1880.11 99.7137295317
1881.32 99.4875758617
1882.53 99.3730676743
1883.74 99.4618115195
1884.95 99.3616168556
1886.16 99.4532234055
1887.37 99.3587541509
1888.58 99.5963586396
1889.79 99.5705942975
1890.99 99.7022787129
1892.2 99.4818504523
1893.41 99.3730676743
1894.62 99.3158135807
1895.82 99.2900492385
1897.02 99.1326004809
1898.22 99.195579984
1899.42 99.2299324402
1900.62 99.5305164319
1901.82 99.539104546
1903.02 99.4016947212
1904.22 99.3301271041
1905.42 99.2957746479
1906.63 99.2785984198
1907.84 99.4131455399
1909.05 99.4818504523
1910.26 99.5133402038
1911.46 99.6736516661
1912.67 99.6106721631
1913.88 99.4360471774
1915.09 99.6364365052
1916.3 99.5906332303
1917.51 99.5705942975
1918.71 99.5591434788
1919.91 99.4102828352
1921.12 99.4789877476
1922.34 99.3702049697
1923.55 99.3158135807
1924.76 99.7165922363
1925.97 99.4904385664
1927.17 99.6622008474
1928.38 99.4618115195
1929.58 99.6478873239
1930.79 99.5963586396
1932.0 99.430321768
1933.21 99.3444406275
1934.42 99.4474979961
1935.62 99.3530287416
1936.82 99.3072254666
1938.03 99.2843238292
1939.23 99.2728730104
1940.44 99.5534180694
1941.65 99.5505553647
1942.86 99.6936905989
1944.07 99.7623955113
1945.28 99.656475438
1946.49 99.4589488148
1947.7 99.3587541509
1948.9 99.5963586396
1950.11 99.430321768
1951.33 99.4875758617
1952.54 99.375930379
1953.74 99.4618115195
1954.94 99.3616168556
1956.16 99.4532234055
1957.37 99.3587541509
1958.58 99.3100881713
1959.79 99.2843238292
1960.99 99.4160082446
1962.2 99.4818504523
1963.41 99.5162029085
1964.62 99.6736516661
1965.82 99.6106721631
1967.03 99.7223176457
1968.24 99.493301271
1969.46 99.375930379
1970.67 99.4618115195
1971.87 99.3616168556
1973.08 99.312950876
1974.3 99.430321768
1975.5 99.3444406275
1976.71 99.4474979961
1977.92 99.3530287416
1979.14 99.3072254666
1980.35 99.4274590633
1981.56 99.3444406275
1982.77 99.5906332303
1983.98 99.4245963586
1985.19 99.3444406275
1986.4 99.4446352914
1987.61 99.6392992099
1988.82 99.4503607008
1990.02 99.3558914462
1991.22 99.3100881713
1992.42 99.4274590633
1993.62 99.3444406275
1994.82 99.3043627619
1996.03 99.4245963586
1997.23 99.4875758617
1998.45 99.8024733768
1999.66 99.5333791366
2000.86 99.3959693118
2002.07 99.4732623383
2003.29 99.367342265
2004.5 99.4560861102
2005.7 99.3587541509
2006.91 99.4532234055
2008.12 99.5018893851
2009.34 99.5247910226
2010.54 99.3931066071
2011.76 99.3272643994
2012.97 99.149776709
2014.18 99.2070308027
2015.39 99.375930379
2016.59 99.6049467537
2017.79 99.5763197069
2019.0 99.7051414176
2020.21 99.484713157
2021.42 99.6593381427
2022.62 99.1726783465
2023.82 99.3616168556
2025.03 99.3100881713
2026.24 99.2871865338
2027.45 99.2728730104
2028.66 99.2671476011
2029.86 99.2642848964
2031.07 99.2642848964
2032.28 99.2614221917
2033.48 99.2614221917
2034.68 99.2614221917
2035.88 99.4045574259
2037.08 99.3329898088
2038.3 99.4417725867
2039.51 99.3501660369
2040.72 99.3072254666
2041.93 99.141188595
2043.14 99.3444406275
2044.36 99.3015000573
2045.58 99.4245963586
2046.78 99.6307110958
2047.99 99.7309057598
2049.2 99.7824344441
2050.41 99.3787930837
2051.62 99.6078094584
2052.82 99.719454941
2054.02 99.7767090347
2055.21 99.5190656132
2056.41 99.3902439024
2057.62 99.4703996336
2058.82 99.3644795603
2060.02 99.4560861102
2061.22 99.6450246193
2062.42 99.3100881713
2063.63 99.5734570022
2064.84 99.5591434788
2066.05 99.4102828352
2067.26 99.6221229818
2068.46 99.4417725867
2069.67 99.3530287416
2070.89 99.1640902325
2072.1 99.3558914462
2073.31 99.4503607008
2074.52 99.6421619146
2075.72 99.4532234055
2076.93 99.3558914462
2078.14 99.4532234055
2079.36 99.7852971487
2080.57 99.5247910226
2081.78 99.5362418413
2082.98 99.3988320165
2084.19 99.3301271041
2085.4 99.4389098821
2086.61 99.493301271
2087.82 99.5190656132
2089.02 99.3902439024
2090.22 99.4703996336
2091.42 99.7938852628
2092.62 99.6707889614
2093.82 99.6106721631
2095.03 99.2929119432
2096.24 99.4188709493
2097.45 99.6278483912
2098.66 99.3015000573
2099.87 99.4245963586
2101.08 99.3415779228
2102.3 99.7309057598
2103.5 99.3530287416
2104.71 99.593495935
2105.92 99.5705942975
2107.12 99.5591434788
2108.33 99.6965533036
2109.54 99.3358525135
2110.74 99.5849078209
2111.95 99.8540020611
2113.17 99.6994160082
2114.38 99.9112561548
2115.58 99.7280430551
2116.79 99.6392992099
2118.0 99.7366311691
2119.21 99.3558914462
2120.42 99.1640902325
2121.62 99.3558914462
2122.83 99.3100881713
2124.05 99.4274590633
2125.25 99.6307110958
2126.46 99.3043627619
2127.67 99.2814611245
2128.87 99.1297377763
2130.08 99.3387152181
2131.3 99.4417725867
2132.5 99.7824344441
2133.71 99.3787930837
2134.92 99.4618115195
2136.12 99.5047520898
2137.34 99.2413832589
2138.55 99.1068361388
2139.77 99.3272643994
2140.98 99.7251803504
2142.18 99.493301271
2143.39 99.5190656132
2144.59 99.3902439024
2145.8 99.3272643994
2147.01 99.5791824115
2148.22 99.7080041223
2149.42 99.7709836253
2150.62 99.5162029085
2151.82 99.2442459636
2153.02 99.2528340776
2154.22 99.6879651895
2155.42 99.7595328066
2156.62 99.7967479675
2157.82 99.6736516661
2159.02 99.6106721631
2160.23 99.7223176457
2161.45 99.4904385664
2162.66 99.6622008474
2163.86 99.6049467537
2165.06 99.719454941
2166.27 99.4904385664
2167.47 99.2327951449
2168.67 99.6765143708
2169.88 99.6135348677
2171.1 99.7223176457
2172.31 99.3501660369
2173.52 99.5906332303
2174.73 99.4274590633
2175.94 99.4875758617
2177.15 99.8024733768
2178.36 99.5333791366
2179.57 99.539104546
2180.78 99.5448299553
2181.98 99.4016947212
2183.19 99.3329898088
2184.4 99.5820451162
2185.61 99.421733654
2186.82 99.3415779228
2188.02 99.4446352914
2189.22 99.4961639757
2190.42 99.665063552
2191.63 99.6078094584
2192.85 99.5763197069
2194.06 99.5620061834
2195.27 99.5562807741
2196.48 99.5505553647
2197.69 99.4074201305
2198.9 99.4761250429
2200.1 99.3702049697
2201.32 99.3158135807
2202.53 99.2871865338
2203.74 99.5620061834
2204.94 99.6965533036
2206.15 99.3358525135
2207.37 99.5849078209
2208.58 99.4245963586
2209.79 99.1984426887
2211.0 99.3730676743
2212.21 99.4618115195
2213.42 99.3616168556
2214.62 99.5963586396
2215.82 99.8597274705
2217.02 99.4160082446
2218.22 99.6249856865
2219.43 99.5877705256
2220.65 99.2814611245
2221.86 99.2700103057
2223.06 99.5534180694
2224.27 99.2642848964
2225.48 99.54769266
2226.68 99.54769266
2227.88 99.6908278942
2229.08 99.6192602771
2230.3 99.5849078209
2231.51 99.5648688881
2232.71 99.2700103057
2233.91 99.4102828352
2235.13 99.1927172793
2236.34 99.3702049697
2237.55 99.3158135807
2238.76 99.2871865338
2239.96 99.5620061834
2241.17 99.2671476011
2242.38 99.1211496622
2243.58 99.3358525135
2244.79 99.4417725867
2246.0 99.3501660369
2247.21 99.593495935
2248.42 99.4274590633
2249.62 99.2013053933
2250.82 99.5162029085
2252.02 99.5333791366
2253.22 99.3959693118
2254.43 99.6163975724
2255.64 99.4389098821
2256.85 99.6364365052
2258.06 99.5906332303
2259.27 99.8568647658
2260.47 99.5591434788
2261.68 99.6965533036
2262.89 99.765258216
2264.1 99.5133402038
2265.31 99.3873811978
2266.52 99.1812664606
2267.73 99.078209092
2268.94 99.312950876
2270.15 99.430321768
2271.36 99.3444406275
2272.57 99.4474979961
2273.78 99.6392992099
2274.98 99.7366311691
2276.19 99.6421619146
2277.4 99.4532234055
2278.61 99.2127562121
2279.82 99.3816557884
2281.02 99.4646742242
2282.22 99.3616168556
2283.43 99.5992213443
2284.64 99.2871865338
2285.85 99.4160082446
2287.06 99.3387152181
2288.28 99.3015000573
2289.5 99.4245963586
2290.7 99.3415779228
2291.91 99.4446352914
2293.13 99.4961639757
2294.34 99.5219283179
2295.55 99.249971373
2296.76 99.3988320165
2297.97 99.1869918699
2299.18 99.367342265
2300.4 99.1698156418
2301.61 99.2156189168
2302.82 99.2385205542
2304.02 99.5362418413
2305.22 99.2556967823
2306.42 99.5448299553
2307.62 99.4045574259
2308.82 99.1898545746
2310.02 99.0810717966
2311.22 99.1726783465
2312.42 99.2156189168
2313.62 99.0953853201
2314.82 99.4646742242
2316.02 99.5076147945
2317.22 99.6707889614
2318.43 99.4646742242
2319.64 99.2213443261
2320.85 99.3845184931
2322.06 99.4646742242
2323.28 99.5076147945
2324.49 99.2413832589
2325.7 99.249971373
2326.9 99.1125615482
2328.11 99.1869918699
2329.32 99.2242070308
2330.52 99.5305164319
2331.72 99.539104546
2332.92 99.3988320165
2334.13 99.1869918699
2335.34 99.2242070308
2336.55 99.2442459636
2337.76 99.3959693118
2338.97 99.1841291652
2340.18 99.5104774991
2341.38 99.6707889614
2342.59 99.3244016947
2343.8 99.149776709
2345.01 99.4904385664
2346.21 99.375930379
2347.41 99.3186762854
2348.62 99.4331844727
2349.82 99.4904385664
2351.02 99.375930379
2352.22 99.1755410512
2353.42 99.2184816214
2354.62 99.3845184931
2355.83 99.32153899
2357.05 99.149776709
2358.26 99.3473033322
2359.47 99.3043627619
2360.68 99.2843238292
2361.89 99.1297377763
2363.1 99.4818504523
2364.31 99.656475438
2365.52 99.7452192832
2366.72 99.5047520898
2367.93 99.3816557884
2369.14 99.1784037559
2370.36 99.078209092
2371.57 99.5992213443
2372.78 99.2871865338
2373.98 99.2728730104
2375.18 99.4102828352
2376.38 99.4789877476
2377.59 99.656475438
2378.8 99.4589488148
2380.01 99.3616168556
2381.22 99.4532234055
2382.42 99.6450246193
2383.63 99.4532234055
2384.84 99.3558914462
2386.05 99.3100881713
2387.26 99.5705942975
2388.46 99.7022787129
2389.67 99.9112561548
2390.88 99.5877705256
2392.09 99.4245963586
2393.3 99.1984426887
2394.51 99.2299324402
2395.72 99.1039734341
2396.93 99.4675369289
2398.14 99.5076147945
2399.35 99.2413832589
2400.56 99.539104546
2401.77 99.5419672507
2402.98 99.4016947212
2404.19 99.1898545746
2405.4 99.5104774991
2406.61 99.3873811978
2407.82 99.6106721631
2409.02 99.5791824115
2410.22 99.4188709493
2411.42 99.484713157
2412.62 99.6593381427
2413.82 99.7452192832
2415.02 99.9341577923
2416.23 99.4532234055
2417.44 99.5018893851
2418.65 99.2385205542
2419.86 99.249971373
2421.06 99.2556967823
2422.27 99.4016947212
2423.48 99.3301271041
2424.69 99.2957746479
2425.9 99.421733654
2427.1 99.6278483912
2428.31 99.4446352914
2429.52 99.3530287416
2430.73 99.593495935
2431.94 99.7137295317
2433.15 99.77384633
2434.36 99.5190656132
2435.57 99.5333791366
2436.78 99.2528340776
2437.98 99.258559487
2439.19 99.1154242528
2440.4 99.3329898088
2441.61 99.1526394137
2442.82 99.493301271
2444.02 99.5219283179
2445.22 99.3902439024
2446.42 99.3272643994
2447.63 99.149776709
2448.85 99.0638955685
2450.06 99.3043627619
2451.28 99.141188595
2452.49 99.2013053933
2453.7 99.3730676743
2454.9 99.4618115195
2456.1 99.2184816214
2457.31 99.2385205542
2458.52 99.1068361388
2459.72 99.3272643994
2460.93 99.2957746479
2462.14 99.5648688881
2463.36 99.5562807741
2464.57 99.4074201305
2465.78 99.4789877476
2466.98 99.656475438
2468.19 99.602084049
2469.4 99.5734570022
2470.6 99.2757357151
2471.8 99.6965533036
2473.01 99.3358525135
2474.22 99.4417725867
2475.42 99.3530287416
2476.64 99.7366311691
2477.85 99.4990266804
2479.06 99.5219283179
2480.27 99.3931066071
2481.48 99.3272643994
2482.69 99.4360471774
2483.9 99.493301271
2485.1 99.5190656132
2486.31 99.3902439024
2487.52 99.1841291652
2488.73 99.2213443261
2489.94 99.3845184931
2491.14 99.3244016947
2492.36 99.5791824115
2493.58 99.5620061834
2494.78 99.6994160082
2495.99 99.4789877476
2497.2 99.656475438
2498.41 99.4589488148
2499.62 99.5047520898
2500.82 99.5247910226
2502.02 99.5362418413
2503.22 99.3988320165
2504.42 99.1869918699
2505.63 99.0810717966
2506.84 99.1726783465
2508.05 99.3587541509
2509.26 99.3100881713
2510.48 99.2871865338
2511.69 99.1297377763
2512.9 99.6249856865
2514.1 99.4446352914
2515.32 99.6392992099
2516.53 99.593495935
2517.74 99.2843238292
2518.94 99.4160082446
2520.15 99.4818504523
2521.36 99.3702049697
2522.57 99.3158135807
2523.78 99.5763197069
2524.99 99.5620061834
2526.19 99.4102828352
2527.4 99.4789877476
2528.61 99.2270697355
2529.82 99.2442459636
2531.02 99.2528340776
2532.22 99.258559487
2533.42 99.258559487
2534.62 99.6908278942
2535.82 99.3329898088
2537.02 99.7251803504
2538.22 99.493301271
2539.43 99.3787930837
2540.65 99.6049467537
2541.86 99.719454941
2543.06 99.6335738005
2544.27 99.4474979961
2545.48 99.4990266804
2546.69 99.2356578495
2547.9 99.3931066071
2549.1 99.3272643994
2550.32 99.7223176457
2551.53 99.9227069735
2552.74 99.7337684644
2553.95 99.3558914462
2555.16 99.3072254666
2556.38 99.4274590633
2557.59 99.77384633
2558.8 99.8053360815
2560.0 99.6765143708
2561.21 99.7538073972
2562.42 99.5076147945
2563.62 99.3845184931
2564.82 99.4675369289
2566.03 99.3644795603
2567.25 99.1698156418
2568.46 99.0724836826
2569.67 99.3100881713
2570.89 99.5705942975
2572.09 99.4160082446
2573.3 99.4818504523
2574.51 99.6593381427
2575.72 99.3158135807
2576.93 99.4331844727
2578.14 99.6335738005
2579.34 99.5906332303
2580.56 99.5677315928
2581.77 99.8454139471
2582.98 99.6965533036
2584.19 99.765258216
2585.4 99.656475438
2586.61 99.7452192832
2587.82 99.3587541509
2589.02 99.7394938738
2590.22 99.5018893851
2591.43 99.6679262567
2592.64 99.8940799267
2593.86 99.4331844727
2595.06 99.7767090347
2596.27 99.8053360815
2597.48 99.5333791366
2598.69 99.828237719
2599.9 99.8311004237
2601.1 99.8311004237
2602.31 99.4045574259
2603.52 99.4761250429
2604.73 99.5104774991
2605.94 99.5305164319
2607.14 99.2528340776
2608.35 99.5419672507
2609.56 99.258559487
2610.77 99.1182869575
2611.98 99.3329898088
2613.18 99.5820451162
2614.4 99.5648688881
2615.61 99.5562807741
2616.82 99.4102828352
2618.02 99.6221229818
2619.22 99.4417725867
2620.43 99.6364365052
2621.65 99.593495935
2622.86 99.7137295317
2624.07 99.6307110958
2625.29 99.5877705256
2626.5 99.710866827
2627.71 99.77384633
2628.92 99.6593381427
2630.14 99.4618115195
2631.34 99.3616168556
2632.56 99.4532234055
2633.77 99.2156189168
2634.98 99.5247910226
2636.18 99.3931066071
2637.39 99.4703996336
2638.6 99.2213443261
2639.81 99.0982480247
2641.02 99.1812664606
2642.22 99.3644795603
2643.43 99.312950876
2644.64 99.2871865338
2645.85 99.2728730104
2647.06 99.2671476011
2648.26 99.1211496622
2649.47 99.1927172793
2650.68 99.3702049697
2651.89 99.3158135807
2653.1 99.430321768
2654.31 99.204168098
2655.52 99.375930379
2656.72 99.4618115195
2657.93 99.5047520898
2659.14 99.6679262567
2660.35 99.6078094584
2661.57 99.4360471774
2662.78 99.4904385664
2663.98 99.5190656132
2665.18 99.6765143708
2666.39 99.3272643994
2667.61 99.5791824115
2668.82 99.7080041223
2670.02 99.3415779228
2671.23 99.3015000573
2672.45 99.710866827
2673.66 99.7709836253
2674.86 99.3730676743
2676.07 99.3186762854
2677.28 99.2900492385
2678.49 99.2757357151
2679.7 99.4102828352
2680.9 99.3358525135
2682.12 99.2986373526
2683.33 99.5677315928
2684.54 99.5562807741
2685.75 99.6965533036
2686.97 99.6221229818
2688.18 99.7280430551
2689.39 99.7795717394
2690.6 99.5219283179
2691.81 99.6765143708
2693.02 99.3272643994
2694.22 99.4360471774
2695.42 99.493301271
2696.63 99.375930379
2697.84 99.7480819879
2699.04 99.5047520898
2700.25 99.3845184931
2701.46 99.1784037559
2702.67 99.078209092
2703.88 99.4560861102
2705.09 99.6450246193
2706.3 99.3100881713
2707.51 99.2843238292
2708.71 99.5591434788
2709.91 99.2671476011
2711.12 99.1211496622
2712.33 99.0495820451
2713.54 99.4417725867
2714.75 99.493301271
2715.96 99.3787930837
2717.17 99.6049467537
2718.38 99.4331844727
2719.58 99.4904385664
2720.78 99.6622008474
2721.98 99.4618115195
2723.18 99.3616168556
2724.39 99.312950876
2725.61 99.1440512997
2726.82 99.2013053933
2728.02 99.0896599107
2729.22 99.3186762854
2730.42 99.4331844727
2731.62 99.6335738005
2732.82 99.4474979961
2734.02 99.4961639757
2735.22 99.3787930837
2736.43 99.32153899
2737.65 99.2900492385
2738.86 99.5620061834
2740.06 99.4131455399
2741.27 99.1927172793
2742.48 99.2270697355
2743.69 99.2442459636
2744.9 99.1096988435
2746.11 99.3301271041
2747.32 99.4389098821
2748.53 99.493301271
2749.74 99.6622008474
2750.95 99.7480819879
2752.15 99.6478873239
2753.37 99.312950876
2754.58 99.2871865338
2755.78 99.2728730104
2756.98 99.2671476011
2758.18 99.4074201305
2759.39 99.765258216
2760.6 99.3702049697
2761.81 99.602084049
2763.02 99.5734570022
2764.21 99.5620061834
2765.42 99.6965533036
2766.62 99.765258216
2767.82 99.3702049697
2769.02 99.3158135807
2770.22 99.2900492385
2771.43 99.1326004809
2772.64 99.195579984
2773.85 99.3730676743
2775.06 99.3158135807
2776.27 99.4331844727
2777.47 99.3473033322
2778.68 99.4474979961
2779.89 99.6392992099
2781.1 99.593495935
2782.31 99.4274590633
2783.52 99.2013053933
2784.72 99.375930379
2785.93 99.4618115195
2787.14 99.5047520898
2788.34 99.3816557884
2789.55 99.6078094584
2790.76 99.5791824115
2791.98 99.7051414176
2793.18 99.3415779228
2794.39 99.4446352914
2795.6 99.6392992099
2796.81 99.4503607008
2798.02 99.4990266804
2799.22 99.3787930837
2800.43 99.6078094584
2801.65 99.5763197069
2802.86 99.4188709493
2804.06 99.484713157
2805.28 99.6593381427
2806.49 99.3158135807
2807.7 99.4331844727
2808.9 99.4904385664
2810.11 99.6622008474
2811.31 99.4618115195
2812.52 99.3616168556
2813.73 99.3100881713
2814.94 99.5734570022
2816.14 99.5591434788
2817.35 99.2671476011
2818.56 99.1211496622
2819.77 99.1927172793
2820.98 99.3702049697
2822.18 99.3158135807
2823.39 99.2871865338
2824.59 99.2757357151
2825.8 99.5534180694
2827.0 99.2642848964
2828.2 99.2642848964
2829.41 99.4045574259
2830.61 99.4761250429
2831.82 99.2270697355
2833.02 99.3873811978
2834.22 99.6106721631
2835.43 99.5791824115
2836.65 99.2757357151
2837.86 99.2700103057
2839.06 99.4074201305
2840.28 99.3358525135
2841.49 99.2986373526
2842.7 99.2785984198
2843.9 99.2700103057
2845.11 99.4102828352
2846.32 99.6221229818
2847.53 99.7280430551
2848.74 99.6364365052
2849.95 99.4503607008
2851.16 99.4990266804
2852.37 99.5219283179
2853.58 99.5362418413
2854.78 99.5419672507
2855.99 99.4016947212
2857.2 99.3301271041
2858.41 99.2957746479
2859.62 99.421733654
2860.82 99.3415779228
2862.02 99.4446352914
2863.22 99.4961639757
2864.42 99.3787930837
2865.64 99.4646742242
2866.86 99.5047520898
2868.06 99.5276537272
2869.28 99.5362418413
2870.49 99.5419672507
2871.7 99.4016947212
2872.9 99.3329898088
2874.12 99.4389098821
2875.33 99.3501660369
2876.54 99.4503607008
2877.75 99.4990266804
2878.96 99.3787930837
2880.17 99.4646742242
2881.38 99.3616168556
2882.59 99.312950876
2883.8 99.2871865338
2885.0 99.2728730104
2886.2 99.2671476011
2887.41 99.4074201305
2888.62 99.4789877476
2889.82 99.656475438
2891.02 99.602084049
2892.22 99.430321768
2893.43 99.4904385664
2894.64 99.5190656132
2895.84 99.3902439024
2897.05 99.3244016947
2898.26 99.2929119432
2899.47 99.2785984198
2900.68 99.4131455399
2901.89 99.6221229818
2903.1 99.5849078209
2904.31 99.710866827
2905.52 99.6278483912
2906.73 99.4446352914
2907.94 99.3530287416
2909.15 99.4503607008
2910.36 99.3558914462
2911.57 99.4532234055
2912.78 99.3558914462
2913.98 99.4532234055
2915.19 99.4990266804
2916.4 99.3816557884
2917.61 99.32153899
2918.82 99.4331844727
2920.02 99.4904385664
2921.21 99.6622008474
2922.41 99.6049467537
2923.62 99.5763197069
2924.82 99.4188709493
2926.02 99.484713157
2927.24 99.6593381427
2928.45 99.602084049
2929.66 99.5763197069
2930.86 99.5620061834
2932.06 99.5534180694
2933.27 99.4074201305
2934.48 99.4789877476
2935.69 99.5133402038
2936.9 99.5305164319
2938.11 99.539104546
2939.31 99.3988320165
2940.53 99.4732623383
2941.74 99.5104774991
2942.94 99.5305164319
2944.15 99.539104546
2945.36 99.3988320165
2946.57 99.4732623383
2947.78 99.5104774991
2948.98 99.5305164319
2950.19 99.6822397801
2951.4 99.7566701019
2952.61 99.367342265
2953.82 99.312950876
2955.02 99.5734570022
2956.22 99.2757357151
2957.42 99.2671476011
2958.62 99.4074201305
2959.82 99.6221229818
2961.03 99.2986373526
2962.25 99.1354631856
2963.46 99.484713157
2964.66 99.6593381427
2965.87 99.6049467537
2967.08 99.719454941
2968.29 99.4904385664
2969.5 99.5190656132
2970.7 99.5333791366
2971.91 99.2528340776
2973.12 99.258559487
2974.34 99.258559487
2975.54 99.54769266
2976.74 99.54769266
2977.94 99.4045574259
2979.15 99.3329898088
2980.36 99.2957746479
2981.58 99.5648688881
2982.78 99.5562807741
2983.99 99.5534180694
2985.2 99.4074201305
2986.42 99.4761250429
2987.62 99.3702049697
2988.83 99.1726783465
2990.04 99.2156189168
2991.26 99.5247910226
2992.46 99.249971373
2993.67 99.5419672507
2994.88 99.5448299553
2996.09 99.2614221917
2997.3 99.54769266
2998.5 99.4045574259
2999.7 99.1898545746
3000.91 99.0810717966
3002.12 99.3158135807
3003.33 99.2871865338
3004.54 99.2757357151
3005.74 99.1240123669
3006.96 99.0495820451
3008.17 99.2986373526
3009.38 99.1383258903
3010.6 99.1984426887
3011.81 99.5162029085
3013.02 99.5333791366
3014.22 99.539104546
3015.42 99.4016947212
3016.62 99.1869918699
3017.82 99.367342265
3019.02 99.3158135807
3020.23 99.430321768
3021.45 99.7767090347
3022.65 99.6622008474
3023.86 99.7480819879
3025.06 99.6478873239
3026.27 99.3100881713
3027.48 99.1440512997
3028.69 99.0581701592
3029.9 99.4474979961
3031.11 99.7824344441
3032.31 99.5219283179
3033.52 99.6793770755
3034.73 99.7566701019
3035.94 99.6507500286
3037.14 99.312950876
3038.35 99.1440512997
3039.56 99.4904385664
3040.77 99.5190656132
3041.98 99.5333791366
3043.18 99.3959693118
3044.39 99.6163975724
3045.6 99.7251803504
3046.81 99.3501660369
3048.02 99.5906332303
3049.22 99.5705942975
3050.42 99.4160082446
3051.62 99.3387152181
3052.83 99.5849078209
3054.04 99.5677315928
3055.26 99.6994160082
3056.46 99.6249856865
3057.67 99.5849078209
3058.88 99.2814611245
3060.08 99.5562807741
3061.29 99.5534180694
3062.5 99.6936905989
3063.7 99.9055307454
3064.91 99.4417725867
3066.12 99.493301271
3067.33 99.2356578495
3068.54 99.5333791366
3069.75 99.5419672507
3070.96 99.4016947212
3072.17 99.3301271041
3073.38 99.2957746479
3074.59 99.5648688881
3075.79 99.2700103057
3077.0 99.6965533036
3078.21 99.6221229818
3079.42 99.5849078209
3080.62 99.421733654
3081.83 99.3415779228
3083.04 99.5877705256
3084.26 99.5677315928
3085.46 99.5591434788
3086.67 99.4102828352
3087.88 99.3358525135
3089.1 99.1555021184
3090.3 99.0638955685
3091.51 99.0209549983
3092.72 99.141188595
3093.92 99.0581701592
3095.12 99.1583648231
3096.33 99.3530287416
3097.54 99.593495935
3098.75 99.2843238292
3099.95 99.7022787129
3101.16 99.3387152181
3102.38 99.4446352914
3103.59 99.3530287416
3104.8 99.593495935
3106.01 99.2843238292
3107.21 99.2728730104
3108.42 99.2671476011
3109.62 99.5505553647
3110.82 99.4045574259
3112.02 99.6192602771
3113.22 99.4417725867
3114.43 99.493301271
3115.65 99.5219283179
3116.86 99.5333791366
3118.06 99.6851024848
3119.27 99.4732623383
3120.48 99.6536127333
3121.69 99.5992213443
3122.9 99.2871865338
3124.1 99.4188709493
3125.31 99.4818504523
3126.52 99.3730676743
3127.73 99.3158135807
3128.94 99.5763197069
3130.15 99.4188709493
3131.36 99.3387152181
3132.57 99.4446352914
3133.78 99.4961639757
3134.98 99.3787930837
3136.19 99.3186762854
3137.4 99.1469140044
3138.61 99.3473033322
3139.81 99.1612275278
3141.02 99.2127562121
3142.23 99.2356578495
3143.44 99.3931066071
3144.65 99.4703996336
3145.86 99.6507500286
3147.06 99.312950876
3148.28 99.2871865338
3149.48 99.1326004809
3150.69 99.195579984
3151.9 99.2299324402
3153.11 99.3873811978
3154.31 99.6106721631
3155.52 99.5791824115
3156.73 99.421733654
3157.94 99.1984426887
3159.15 99.5162029085
3160.36 99.2442459636
3161.57 99.2528340776
3162.78 99.4016947212
3163.99 99.4732623383
3165.2 99.2242070308
3166.41 99.2442459636
3167.62 99.539104546
3168.82 99.3988320165
3170.02 99.6163975724
3171.23 99.4389098821
3172.44 99.3501660369
3173.65 99.4503607008
3174.86 99.2127562121
3176.07 99.2356578495
3177.28 99.6793770755
3178.49 99.4703996336
3179.7 99.5076147945
3180.9 99.6707889614
3182.12 99.4675369289
3183.33 99.3644795603
3184.54 99.312950876
3185.75 99.2871865338
3186.96 99.4160082446
3188.17 99.195579984
3189.38 99.2299324402
3190.59 99.1011107294
3191.8 99.0381312264
3193.01 99.2929119432
3194.22 99.2785984198
3195.42 99.4131455399
3196.63 99.6221229818
3197.84 99.5849078209
3199.05 99.4245963586
3200.26 99.484713157
3201.47 99.5162029085
3202.69 99.2471086683
3203.9 99.3959693118
3205.11 99.1869918699
3206.32 99.2242070308
3207.52 99.0982480247
3208.73 99.1812664606
3209.94 99.3644795603
3211.15 99.5992213443
3212.36 99.430321768
3213.57 99.2013053933
3214.78 99.0896599107
3215.99 99.032405817
3217.2 99.2900492385
3218.41 99.1326004809
3219.62 99.3387152181
3220.82 99.3015000573
3222.03 99.4245963586
3223.25 99.484713157
3224.46 99.5162029085
3225.66 99.3902439024
3226.87 99.1812664606
3228.08 99.078209092
3229.3 99.0266804076
3230.51 99.1440512997
3231.72 99.204168098
3232.92 99.5190656132
3234.12 99.3902439024
3235.33 99.3244016947
3236.54 99.2929119432
3237.76 99.2785984198
3238.97 99.2700103057
3240.18 99.2642848964
3241.38 99.2642848964
3242.6 99.1182869575
3243.8 99.1898545746
3245.01 99.3702049697
3246.22 99.4589488148
3247.42 99.3587541509
3248.63 99.3100881713
3249.85 99.2871865338
3251.06 99.4160082446
3252.27 99.3387152181
3253.48 99.5877705256
3254.69 99.5677315928
3255.9 99.5562807741
3257.11 99.5534180694
3258.31 99.5505553647
3259.52 99.54769266
3260.71 99.6908278942
3261.92 99.6192602771
3263.12 99.5849078209
3264.33 99.5648688881
3265.54 99.5562807741
3266.74 99.6965533036
3267.95 99.6221229818
3269.16 99.7280430551
3270.37 99.493301271
3271.58 99.5219283179
3272.78 99.3902439024
3273.99 99.4703996336
3275.2 99.3644795603
3276.42 99.312950876
3277.62 99.2871865338
3278.82 99.2757357151
3280.02 99.4102828352
3281.23 99.1927172793
3282.44 99.2270697355
3283.65 99.3873811978
3284.86 99.4675369289
3286.06 99.3644795603
3287.28 99.4560861102
3288.49 99.5018893851
3289.7 99.3816557884
3290.91 99.4646742242
3292.12 99.3644795603
3293.33 99.4560861102
3294.54 99.3587541509
3295.75 99.3100881713
3296.97 99.2843238292
3298.17 99.2728730104
3299.38 99.2671476011
3300.58 99.4074201305
3301.79 99.3358525135
3303.01 99.2986373526
3304.23 99.1354631856
3305.44 99.1984426887
3306.65 99.2299324402
3307.86 99.2471086683
3309.06 99.3959693118
3310.28 99.4732623383
3311.49 99.5104774991
3312.7 99.5276537272
3313.9 99.3959693118
3315.11 99.3272643994
3316.32 99.2957746479
3317.53 99.421733654
3318.74 99.3415779228
3319.95 99.4446352914
3321.16 99.3530287416
3322.38 99.4503607008
3323.58 99.6421619146
3324.79 99.7366311691
3326.0 99.4990266804
3327.21 99.5247910226
3328.42 99.5362418413
3329.62 99.3988320165
3330.82 99.4732623383
3332.02 99.5104774991
3333.23 99.3845184931
3334.44 99.4675369289
3335.65 99.5076147945
3336.86 99.3845184931
3338.07 99.32153899
3339.29 99.2929119432
3340.5 99.4188709493
3341.71 99.3415779228
3342.92 99.3015000573
3344.13 99.2814611245
3345.34 99.2700103057
3346.54 99.2671476011
3347.75 99.2642848964
3348.96 99.4045574259
3350.17 99.6192602771
3351.38 99.5849078209
3352.59 99.421733654
3353.8 99.484713157
3355.01 99.6593381427
3356.22 99.6049467537
3357.42 99.5763197069
3358.62 99.5620061834
3359.82 99.4102828352
3361.02 99.4789877476
3362.23 99.3702049697
3363.45 99.4589488148
3364.66 99.3616168556
3365.87 99.4532234055
3367.09 99.5018893851
3368.3 99.5247910226
3369.5 99.3931066071
3370.71 99.4703996336
3371.92 99.5076147945
3373.12 99.3845184931
3374.33 99.3244016947
3375.54 99.4360471774
3376.76 99.3473033322
3377.97 99.4474979961
3379.18 99.4990266804
3380.39 99.5219283179
3381.6 99.3931066071
3382.81 99.3272643994
3384.02 99.2929119432
3385.23 99.5648688881
3386.44 99.6994160082
3387.65 99.6221229818
3388.86 99.4417725867
3390.07 99.3530287416
3391.29 99.4503607008
3392.5 99.3558914462
3393.71 99.3072254666
3394.92 99.2843238292
3396.12 99.2728730104
3397.32 99.4102828352
3398.53 99.4789877476
3399.74 99.5133402038
3400.94 99.3873811978
3402.15 99.4675369289
3403.37 99.3644795603
3404.58 99.312950876
3405.79 99.2871865338
3406.99 99.2728730104
3408.19 99.4102828352
3409.4 99.4789877476
3410.61 99.3702049697
3411.82 99.4589488148
3413.02 99.3616168556
3414.23 99.4532234055
3415.44 99.5018893851
3416.65 99.3816557884
3417.86 99.4646742242
3419.06 99.3616168556
3420.28 99.4560861102
3421.49 99.3587541509
3422.7 99.3100881713
3423.91 99.4274590633
3425.12 99.3444406275
3426.33 99.3043627619
3427.54 99.4245963586
3428.75 99.4875758617
3429.96 99.3730676743
3431.17 99.6049467537
3432.38 99.5763197069
3433.58 99.4188709493
3434.79 99.3387152181
3436.0 99.3015000573
3437.22 99.2814611245
3438.42 99.5562807741
3439.62 99.5534180694
3440.82 99.6936905989
3442.03 99.6192602771
3443.25 99.5849078209
3444.46 99.5648688881
3445.67 99.5562807741
3446.88 99.4102828352
3448.1 99.3358525135
3449.31 99.2986373526
3450.52 99.421733654
3451.72 99.3415779228
3452.93 99.4446352914
3454.14 99.3530287416
3455.35 99.4503607008
3456.56 99.4990266804
3457.77 99.5247910226
3458.98 99.3931066071
3460.19 99.6135348677
3461.4 99.5791824115
3462.62 99.7080041223
3463.82 99.484713157
3465.02 99.5162029085
3466.23 99.5305164319
3467.44 99.3959693118
3468.65 99.3301271041
3469.86 99.4389098821
3471.07 99.493301271
3472.29 99.375930379
3473.5 99.4618115195
3474.7 99.3616168556
3475.91 99.312950876
3477.13 99.430321768
3478.34 99.4875758617
3479.55 99.375930379
3480.76 99.4618115195
3481.97 99.6478873239
3483.18 99.5963586396
3484.39 99.7165922363
3485.6 99.4875758617
3486.81 99.5190656132
3488.01 99.3902439024
3489.22 99.6106721631
3490.44 99.5791824115
3491.66 99.5648688881
3492.86 99.5562807741
3494.06 99.4074201305
3495.28 99.3358525135
3496.49 99.4417725867
3497.7 99.493301271
3498.9 99.5219283179
3500.11 99.3902439024
3501.31 99.3272643994
3502.52 99.2929119432
3503.74 99.2785984198
3504.94 99.4131455399
3506.15 99.4789877476
3507.36 99.3702049697
3508.57 99.3158135807
3509.78 99.2900492385
3510.98 99.4188709493
3512.19 99.4818504523
3513.4 99.3730676743
3514.61 99.3158135807
3515.82 99.2900492385
3517.02 99.2757357151
3518.22 99.2671476011
3519.42 99.4074201305
3520.63 99.3358525135
3521.85 99.2986373526
3523.06 99.2785984198
3524.27 99.2700103057
3525.48 99.2671476011
3526.69 99.2642848964
3527.9 99.54769266
3529.1 99.4045574259
3530.3 99.4761250429
3531.51 99.3702049697
3532.72 99.3158135807
3533.93 99.5734570022
3535.13 99.7051414176
3536.35 99.6249856865
3537.56 99.5877705256
3538.77 99.5677315928
3539.98 99.4131455399
3541.18 99.6249856865
3542.39 99.7280430551
3543.6 99.6392992099
3544.81 99.4503607008
3546.02 99.3558914462
3547.23 99.4503607008
3548.44 99.6421619146
3549.65 99.4532234055
3550.86 99.4990266804
3552.08 99.3816557884
3553.29 99.4646742242
3554.5 99.3616168556
3555.71 99.312950876
3556.92 99.430321768
3558.12 99.4875758617
3559.32 99.5190656132
3560.52 99.3902439024
3561.73 99.6106721631
3562.94 99.7223176457
3564.15 99.493301271
3565.37 99.375930379
3566.58 99.3186762854
3567.78 99.4331844727
3568.98 99.4904385664
3570.18 99.375930379
3571.39 99.4618115195
3572.59 99.3616168556
3573.8 99.312950876
3575.02 99.430321768
3576.22 99.4875758617
3577.42 99.5190656132
3578.62 99.3902439024
3579.83 99.4675369289
3581.04 99.3644795603
3582.26 99.4560861102
3583.47 99.3587541509
3584.68 99.5963586396
3585.89 99.5734570022
3587.1 99.4160082446
3588.3 99.3387152181
3589.51 99.4446352914
3590.72 99.3530287416
3591.93 99.3072254666
3593.14 99.4274590633
3594.35 99.3444406275
3595.56 99.4446352914
3596.77 99.4961639757
3597.98 99.5219283179
3599.19 99.3931066071
3600.41 99.3272643994
3601.62 99.2929119432
3602.82 99.2785984198
3604.02 99.4131455399
3605.23 99.3358525135
3606.45 99.2986373526
3607.66 99.5677315928
3608.87 99.5562807741
3610.09 99.5534180694
3611.29 99.5505553647
3612.5 99.54769266
3613.7 99.54769266
3614.9 99.54769266
3616.1 99.4045574259
3617.3 99.6192602771
3618.5 99.5849078209
3619.72 99.421733654
3620.92 99.484713157
3622.12 99.5162029085
3623.32 99.3902439024
3624.53 99.3244016947
3625.74 99.2929119432
3626.96 99.421733654
3628.17 99.484713157
3629.38 99.3730676743
3630.59 99.3158135807
3631.8 99.5763197069
3633.01 99.4188709493
3634.22 99.6249856865
3635.43 99.5877705256
3636.65 99.5677315928
3637.86 99.5562807741
3639.08 99.4102828352
3640.29 99.4789877476
3641.5 99.5133402038
3642.7 99.3873811978
3643.91 99.6106721631
3645.12 99.7223176457
3646.33 99.4904385664
3647.54 99.5190656132
3648.74 99.5333791366
3649.95 99.3988320165
3651.17 99.4732623383
3652.38 99.367342265
3653.58 99.4560861102
3654.79 99.5018893851
3656.0 99.3816557884
3657.22 99.32153899
3658.42 99.4360471774
3659.63 99.3473033322
3660.84 99.3043627619
3662.05 99.2843238292
3663.26 99.5591434788
3664.46 99.6965533036
3665.67 99.6221229818
3666.88 99.4417725867
3668.1 99.3501660369
3669.3 99.3072254666
3670.51 99.2843238292
3671.71 99.4160082446
3672.92 99.4818504523
3674.12 99.5133402038
3675.32 99.5305164319
3676.52 99.3959693118
3677.72 99.3301271041
3678.93 99.4389098821
3680.14 99.3501660369
3681.35 99.3043627619
3682.57 99.2843238292
3683.78 99.2728730104
3684.98 99.4102828352
3686.19 99.4789877476
3687.4 99.5133402038
3688.61 99.6736516661
3689.82 99.6106721631
3691.02 99.5791824115
3692.23 99.5620061834
3693.44 99.4131455399
3694.65 99.3358525135
3695.86 99.4417725867
3697.06 99.4961639757
3698.29 99.3787930837
3699.5 99.4618115195
3700.7 99.3616168556
3701.91 99.312950876
3703.12 99.2871865338
3704.32 99.4160082446
3705.53 99.3387152181
3706.74 99.4446352914
3707.95 99.4961639757
3709.16 99.3787930837
3710.38 99.3186762854
3711.59 99.4331844727
3712.79 99.3473033322
3714.0 99.4474979961
3715.22 99.4990266804
3716.42 99.3787930837
3717.63 99.32153899
3718.85 99.5763197069
3720.06 99.4188709493
3721.27 99.3415779228
3722.48 99.3015000573
3723.69 99.4245963586
3724.9 99.3415779228
3726.11 99.3015000573
3727.32 99.4245963586
3728.53 99.4875758617
3729.74 99.3730676743
3730.95 99.6049467537
3732.16 99.4331844727
3733.37 99.4904385664
3734.57 99.5190656132
3735.77 99.5333791366
3736.98 99.3959693118
3738.18 99.4732623383
3739.39 99.367342265
3740.6 99.4560861102
3741.81 99.5018893851
3743.02 99.5247910226
3744.23 99.5362418413
3745.44 99.3988320165
3746.65 99.4732623383
3747.86 99.5104774991
3749.06 99.5305164319
3750.28 99.3959693118
3751.49 99.3272643994
3752.7 99.4389098821
3753.9 99.3501660369
3755.11 99.3043627619
3756.32 99.4274590633
3757.53 99.4875758617
3758.74 99.3730676743
3759.95 99.4618115195
3761.16 99.6478873239
3762.37 99.5963586396
3763.58 99.5734570022
3764.78 99.4160082446
3765.99 99.4818504523
3767.21 99.3730676743
3768.42 99.3158135807
3769.62 99.4331844727
3770.82 99.4904385664
3772.02 99.375930379
3773.22 99.4618115195
3774.42 99.5047520898
3775.62 99.5247910226
3776.82 99.3931066071
3778.03 99.4703996336
3779.25 99.5104774991
3780.46 99.5276537272
3781.66 99.539104546
3782.87 99.5419672507
3784.09 99.5448299553
3785.29 99.4045574259
3786.5 99.3329898088
3787.7 99.4389098821
3788.91 99.493301271
3790.12 99.3787930837
3791.33 99.4618115195
3792.54 99.3616168556
3793.74 99.312950876
3794.95 99.2871865338
3796.15 99.5591434788
3797.36 99.5534180694
3798.57 99.4074201305
3799.78 99.6221229818
3800.99 99.5849078209
3802.22 99.7080041223
3803.42 99.7709836253
3804.62 99.5162029085
3805.83 99.3902439024
3807.05 99.3244016947
3808.26 99.4360471774
3809.47 99.493301271
3810.68 99.375930379
3811.88 99.3186762854
3813.09 99.4331844727
3814.29 99.3473033322
3815.5 99.3043627619
3816.7 99.4274590633
3817.91 99.3444406275
3819.13 99.3015000573
3820.34 99.1383258903
3821.55 99.3444406275
3822.76 99.1583648231
3823.97 99.4961639757
3825.18 99.2356578495
3826.39 99.249971373
3827.6 99.5419672507
3828.81 99.258559487
3830.02 99.1154242528
3831.22 99.0467193404
3832.44 99.1526394137
3833.65 99.3501660369
3834.86 99.4503607008
3836.07 99.3558914462
3837.28 99.1640902325
3838.49 99.0696209779
3839.7 99.3100881713
3840.91 99.5705942975
3842.11 99.5591434788
3843.31 99.6965533036
3844.52 99.765258216
3845.73 99.3702049697
3846.94 99.4589488148
3848.14 99.6478873239
3849.36 99.5963586396
3850.57 99.430321768
3851.78 99.4875758617
3852.98 99.5190656132
3854.18 99.3902439024
3855.39 99.4675369289
3856.6 99.5076147945
3857.81 99.5276537272
3859.02 99.3959693118
3860.23 99.3272643994
3861.44 99.4389098821
3862.65 99.493301271
3863.86 99.375930379
3865.08 99.4618115195
3866.28 99.6478873239
3867.49 99.5992213443
3868.7 99.5734570022
3869.9 99.7022787129
3871.11 99.4818504523
3872.31 99.3730676743
3873.52 99.4589488148
3874.72 99.5047520898
3875.92 99.6679262567
3877.12 99.6078094584
3878.33 99.4360471774
3879.55 99.4904385664
3880.75 99.6622008474
3881.96 99.7480819879
3883.16 99.3616168556
3884.37 99.5992213443
3885.58 99.5734570022
3886.78 99.5591434788
3887.98 99.5534180694
3889.19 99.6936905989
3890.4 99.6221229818
3891.61 99.4417725867
3892.82 99.3501660369
3894.02 99.4503607008
3895.23 99.4990266804
3896.44 99.3787930837
3897.65 99.32153899
3898.86 99.4331844727
3900.07 99.4904385664
3901.27 99.6622008474
3902.47 99.6049467537
3903.68 99.719454941
