0.0 20.0
1.08 20.0
2.16 20.0
3.25 20.0
4.34 20.0
5.43 20.0
6.52 20.0
7.6 20.0
8.69 100.0
9.86 100.0
11.03 20.0
12.18 20.0
13.36 100.0
14.52 20.0
15.68 20.0
16.86 100.0
18.02 100.0
19.18 20.0
20.36 100.0
21.53 100.0
22.7 20.0
23.87 20.0
25.04 100.0
26.22 100.0
27.38 20.0
28.55 100.0
29.72 100.0
30.88 20.0
32.04 20.0
33.22 20.0
34.38 20.0
35.54 100.0
36.71 100.0
37.88 100.0
39.04 20.0
40.22 20.0
41.38 100.0
42.54 100.0
43.71 20.0
44.88 20.0
46.05 100.0
47.22 20.0
48.38 20.0
49.55 100.0
50.72 100.0
51.88 20.0
53.05 100.0
54.22 100.0
55.39 20.0
56.56 20.0
57.72 20.0
58.88 20.0
60.05 100.0
61.22 100.0
62.38 100.0
63.55 20.0
64.72 20.0
65.88 20.0
67.04 100.0
68.22 100.0
69.38 20.0
70.55 20.0
71.72 100.0
72.88 100.0
74.05 100.0
75.23 100.0
76.4 20.0
77.56 20.0
78.73 20.0
79.9 100.0
81.07 100.0
82.24 20.0
83.4 20.0
84.58 100.0
85.74 100.0
86.92 100.0
88.08 20.0
89.24 20.0
90.41 20.0
91.57 100.0
92.74 100.0
93.9 100.0
95.07 100.0
96.24 20.0
97.4 20.0
98.56 100.0
99.73 100.0
100.89 20.0
102.06 100.0
103.22 100.0
104.39 20.0
105.56 20.0
106.73 100.0
107.9 100.0
109.06 20.0
110.22 20.0
111.38 20.0
112.55 100.0
113.72 100.0
114.88 20.0
116.05 20.0
117.23 100.0
118.41 100.0
119.58 100.0
120.74 20.0
121.9 20.0
123.06 100.0
124.22 100.0
125.39 20.0
126.56 20.0
127.73 20.0
128.9 100.0
130.07 100.0
131.24 100.0
132.41 20.0
133.57 20.0
134.73 20.0
135.9 20.0
137.07 100.0
138.23 100.0
139.4 100.0
140.57 100.0
141.73 20.0
142.9 20.0
144.07 20.0
145.23 100.0
146.4 100.0
147.57 20.0
148.74 20.0
149.9 100.0
151.06 100.0
152.22 100.0
153.39 20.0
154.56 20.0
155.72 20.0
156.88 100.0
158.06 100.0
159.22 20.0
160.38 20.0
161.55 100.0
162.72 100.0
163.88 100.0
165.04 20.0
166.21 20.0
167.38 100.0
168.55 100.0
169.72 20.0
170.88 20.0
172.05 100.0
173.21 100.0
174.37 20.0
175.54 20.0
176.71 20.0
177.88 100.0
179.05 100.0
180.22 20.0
181.38 100.0
182.55 100.0
183.73 100.0
184.9 100.0
186.07 20.0
187.23 20.0
188.4 20.0
189.56 100.0
190.72 100.0
191.88 20.0
193.04 20.0
194.22 100.0
195.38 100.0
196.55 100.0
197.72 20.0
198.88 20.0
200.06 100.0
201.22 100.0
202.39 20.0
203.56 20.0
204.73 100.0
205.9 100.0
207.05 20.0
208.22 20.0
209.39 20.0
210.55 100.0
211.71 100.0
212.88 20.0
214.04 100.0
215.22 100.0
216.38 100.0
217.55 100.0
218.72 20.0
219.88 20.0
221.05 20.0
222.22 100.0
223.38 100.0
224.55 20.0
225.72 20.0
226.88 100.0
228.05 100.0
229.22 20.0
230.38 100.0
231.55 100.0
232.72 20.0
233.88 20.0
235.05 100.0
236.22 100.0
237.38 100.0
238.54 20.0
239.71 20.0
240.88 100.0
242.05 100.0
243.22 20.0
244.38 20.0
245.55 20.0
246.71 100.0
247.87 100.0
249.03 100.0
250.2 100.0
251.37 20.0
252.54 20.0
253.71 100.0
254.88 20.0
256.04 20.0
257.22 100.0
258.38 100.0
259.56 20.0
260.72 20.0
261.88 100.0
263.04 20.0
264.21 20.0
265.38 100.0
266.55 100.0
267.72 20.0
268.88 20.0
270.06 100.0
271.22 100.0
272.37 20.0
273.54 20.0
274.71 20.0
275.88 100.0
277.05 100.0
278.22 20.0
279.38 100.0
280.54 100.0
281.71 20.0
282.88 20.0
284.05 100.0
285.22 100.0
286.39 100.0
287.56 20.0
288.72 20.0
289.88 20.0
291.05 20.0
292.22 100.0
293.38 100.0
294.55 20.0
295.72 100.0
296.89 100.0
298.06 20.0
299.22 20.0
300.38 100.0
301.55 100.0
302.72 100.0
303.88 20.0
305.04 20.0
306.21 20.0
307.37 20.0
308.54 100.0
309.71 100.0
310.88 20.0
312.06 100.0
313.22 100.0
314.38 100.0
315.55 100.0
316.72 20.0
317.88 20.0
319.04 20.0
320.22 100.0
321.38 100.0
322.55 20.0
323.72 20.0
324.88 100.0
326.04 100.0
327.21 20.0
328.38 100.0
329.54 100.0
330.71 20.0
331.87 20.0
333.03 100.0
334.2 100.0
335.37 100.0
336.53 20.0
337.7 20.0
338.86 20.0
340.02 20.0
341.18 100.0
342.35 100.0
343.52 20.0
344.69 100.0
345.86 100.0
347.02 20.0
348.17 20.0
349.35 100.0
350.52 100.0
351.69 100.0
352.86 20.0
354.03 20.0
355.2 100.0
356.37 100.0
357.53 20.0
358.7 20.0
359.87 20.0
361.04 100.0
362.21 100.0
363.38 100.0
364.54 100.0
365.71 20.0
366.88 20.0
368.05 100.0
369.21 20.0
370.38 20.0
371.55 20.0
372.72 20.0
373.88 100.0
375.04 100.0
376.21 20.0
377.38 100.0
378.54 100.0
379.71 100.0
380.88 100.0
382.04 20.0
383.21 20.0
384.38 20.0
385.55 100.0
386.72 100.0
387.88 20.0
389.04 20.0
390.21 100.0
391.38 100.0
392.54 100.0
393.72 20.0
394.88 20.0
396.05 100.0
397.21 100.0
398.38 20.0
399.55 100.0
400.71 100.0
401.88 20.0
403.04 20.0
404.21 20.0
405.38 20.0
406.55 100.0
407.72 100.0
408.88 20.0
410.06 100.0
411.22 100.0
412.38 100.0
413.56 100.0
414.73 20.0
415.9 100.0
417.06 100.0
418.23 20.0
419.4 20.0
420.56 20.0
421.73 100.0
422.9 100.0
424.06 100.0
425.23 100.0
426.4 20.0
427.56 20.0
428.74 100.0
429.9 100.0
431.07 20.0
432.23 100.0
433.4 100.0
434.56 20.0
435.73 20.0
436.9 100.0
438.07 100.0
439.23 20.0
440.39 100.0
441.56 100.0
442.72 20.0
443.89 20.0
445.06 100.0
446.23 100.0
447.4 20.0
448.58 100.0
449.74 100.0
450.91 20.0
452.08 20.0
453.24 100.0
454.4 100.0
455.57 20.0
456.73 20.0
457.9 20.0
459.06 100.0
460.22 100.0
461.38 20.0
462.55 100.0
463.72 100.0
464.88 20.0
466.05 20.0
467.21 20.0
468.37 20.0
469.54 100.0
470.7 100.0
471.87 100.0
473.04 100.0
474.21 100.0
475.38 100.0
476.54 100.0
477.71 100.0
478.88 100.0
480.05 100.0
481.22 100.0
482.38 100.0
483.56 100.0
484.72 100.0
485.88 100.0
487.05 100.0
488.22 100.0
489.38 100.0
490.55 100.0
491.72 100.0
492.89 100.0
494.06 100.0
495.23 100.0
496.4 100.0
497.57 100.0
498.74 100.0
499.91 100.0
501.08 100.0
502.25 100.0
503.43 100.0
504.61 100.0
505.78 100.0
506.95 100.0
508.12 100.0
509.29 100.0
510.46 100.0
511.63 100.0
512.81 100.0
513.98 100.0
515.15 100.0
516.34 100.0
517.51 100.0
518.69 100.0
519.86 100.0
521.02 100.0
522.19 100.0
523.36 100.0
524.53 100.0
525.7 100.0
526.87 100.0
528.04 100.0
529.21 100.0
530.38 100.0
531.55 100.0
532.73 100.0
533.9 100.0
535.06 100.0
536.23 100.0
537.41 100.0
538.58 100.0
539.75 100.0
540.92 100.0
542.09 100.0
543.26 100.0
544.42 100.0
545.59 100.0
546.76 100.0
547.93 100.0
549.1 100.0
550.26 100.0
551.44 100.0
552.62 100.0
553.78 100.0
554.94 100.0
556.11 100.0
557.28 100.0
558.45 100.0
559.62 100.0
560.79 100.0
561.96 100.0
563.13 100.0
564.3 100.0
565.47 100.0
566.65 100.0
567.82 100.0
568.98 100.0
570.15 100.0
571.34 100.0
572.5 100.0
573.67 100.0
574.84 100.0
576.01 100.0
577.18 100.0
578.36 100.0
579.53 100.0
580.7 100.0
581.87 100.0
583.04 100.0
584.21 100.0
585.38 100.0
586.55 100.0
587.73 100.0
588.9 100.0
590.06 100.0
591.22 100.0
592.38 100.0
593.56 100.0
594.73 100.0
595.9 100.0
597.07 100.0
598.23 100.0
599.4 100.0
600.57 100.0
601.74 100.0
602.91 100.0
604.08 100.0
605.25 100.0
606.42 100.0
607.59 100.0
608.77 100.0
609.94 100.0
611.11 100.0
612.27 100.0
613.45 100.0
614.62 100.0
615.79 100.0
616.96 100.0
618.13 100.0
619.3 100.0
620.47 100.0
621.64 100.0
622.81 100.0
623.98 100.0
625.15 100.0
626.34 100.0
627.51 100.0
628.68 100.0
629.85 100.0
631.02 100.0
632.19 100.0
633.37 100.0
634.54 100.0
635.71 100.0
636.88 100.0
638.05 100.0
639.22 100.0
640.38 100.0
641.55 100.0
642.72 100.0
643.89 100.0
645.06 100.0
646.22 100.0
647.39 100.0
648.56 100.0
649.73 100.0
650.9 100.0
652.07 100.0
653.24 100.0
654.41 100.0
655.58 100.0
656.74 100.0
657.92 100.0
659.08 100.0
660.25 100.0
661.42 100.0
662.59 100.0
663.77 100.0
664.94 100.0
666.1 100.0
667.26 100.0
668.44 100.0
669.62 100.0
670.78 100.0
671.95 100.0
673.12 100.0
674.29 100.0
675.46 100.0
676.63 100.0
677.81 100.0
678.98 100.0
680.14 100.0
681.33 100.0
682.5 100.0
683.67 100.0
684.85 100.0
686.02 100.0
687.19 100.0
688.37 100.0
689.54 100.0
690.7 100.0
691.87 100.0
693.04 100.0
694.21 100.0
695.38 100.0
696.55 100.0
697.72 100.0
698.89 100.0
700.06 100.0
701.22 100.0
702.39 100.0
703.56 100.0
704.74 100.0
705.91 100.0
707.08 100.0
708.25 100.0
709.42 100.0
710.59 100.0
711.76 100.0
712.93 100.0
714.1 100.0
715.27 100.0
716.44 100.0
717.61 100.0
718.78 100.0
719.94 100.0
721.11 100.0
722.28 100.0
723.45 100.0
724.62 100.0
725.78 100.0
726.95 100.0
728.12 100.0
729.29 100.0
730.46 100.0
731.63 100.0
732.81 100.0
733.98 100.0
735.14 100.0
736.33 100.0
737.5 100.0
738.66 100.0
739.83 100.0
741.0 100.0
742.17 100.0
743.35 100.0
744.53 100.0
745.7 100.0
746.87 100.0
748.04 100.0
749.21 100.0
750.38 100.0
751.55 100.0
752.72 100.0
753.89 100.0
755.06 100.0
756.22 100.0
757.39 100.0
758.56 100.0
759.73 100.0
760.9 100.0
762.07 100.0
763.23 100.0
764.41 100.0
765.58 100.0
766.76 100.0
767.94 100.0
769.1 100.0
770.26 100.0
771.43 100.0
772.6 100.0
773.77 100.0
774.94 100.0
776.1 100.0
777.26 100.0
778.43 100.0
779.6 100.0
780.77 100.0
781.94 100.0
783.11 100.0
784.28 100.0
785.46 100.0
786.62 100.0
787.78 100.0
788.96 100.0
790.13 100.0
791.31 100.0
792.48 100.0
793.66 100.0
794.83 100.0
796.01 100.0
797.18 100.0
798.36 100.0
799.54 100.0
800.7 100.0
801.86 100.0
803.02 100.0
804.19 100.0
805.36 100.0
806.53 100.0
807.7 100.0
808.86 100.0
810.02 100.0
811.17 100.0
812.34 100.0
813.52 100.0
814.69 100.0
815.86 100.0
817.03 100.0
818.2 100.0
819.37 100.0
820.54 100.0
821.7 100.0
822.88 100.0
824.05 100.0
825.22 100.0
826.38 100.0
827.55 100.0
828.73 100.0
829.9 100.0
831.08 100.0
832.25 100.0
833.42 100.0
834.58 100.0
835.75 100.0
836.92 100.0
838.09 100.0
839.26 100.0
840.43 100.0
841.61 100.0
842.78 100.0
843.94 100.0
845.11 100.0
846.28 100.0
847.46 100.0
848.62 100.0
849.79 100.0
850.96 100.0
852.13 100.0
853.31 100.0
854.48 100.0
855.66 100.0
856.82 100.0
857.99 100.0
859.16 100.0
860.34 100.0
861.51 100.0
862.68 100.0
863.86 100.0
865.02 100.0
866.18 100.0
867.36 100.0
868.53 100.0
869.7 100.0
870.86 100.0
872.04 100.0
873.21 100.0
874.38 100.0
875.54 100.0
876.72 100.0
877.89 100.0
879.06 100.0
880.23 100.0
881.41 100.0
882.58 100.0
883.75 100.0
884.92 100.0
886.09 100.0
887.26 100.0
888.43 100.0
889.6 100.0
890.77 100.0
891.94 100.0
893.12 100.0
894.29 100.0
895.47 100.0
896.65 100.0
897.82 100.0
898.98 100.0
900.15 100.0
901.33 100.0
902.5 100.0
903.66 100.0
904.83 100.0
906.0 100.0
907.18 100.0
908.35 100.0
909.52 100.0
910.69 100.0
911.86 100.0
913.03 100.0
914.2 100.0
915.38 100.0
916.55 100.0
917.73 100.0
918.9 100.0
920.07 100.0
921.24 100.0
922.42 100.0
923.58 100.0
924.75 100.0
925.93 100.0
927.1 100.0
928.27 100.0
929.44 100.0
930.62 100.0
931.78 100.0
932.95 100.0
934.12 100.0
935.28 100.0
936.45 100.0
937.62 100.0
938.78 100.0
939.96 100.0
941.13 100.0
942.31 100.0
943.49 100.0
944.66 100.0
945.82 100.0
946.99 100.0
948.16 100.0
949.34 100.0
950.51 100.0
951.69 100.0
952.86 100.0
954.02 100.0
955.19 100.0
956.37 100.0
957.54 100.0
958.71 100.0
959.88 100.0
961.05 100.0
962.21 100.0
963.38 100.0
964.55 100.0
965.72 100.0
966.89 100.0
968.06 100.0
969.22 100.0
970.38 100.0
971.56 100.0
972.74 100.0
973.91 100.0
975.09 100.0
976.26 100.0
977.43 100.0
978.61 100.0
979.78 100.0
980.94 100.0
982.11 100.0
983.28 100.0
984.46 100.0
985.62 100.0
986.78 100.0
987.95 100.0
989.12 100.0
990.29 100.0
991.46 100.0
992.63 100.0
993.8 100.0
994.97 100.0
996.14 100.0
997.32 100.0
998.48 100.0
999.65 100.0
1000.82 100.0
1001.99 100.0
1003.18 100.0
1004.34 100.0
1005.52 100.0
1006.69 100.0
1007.86 100.0
1009.02 100.0
1010.19 100.0
1011.37 100.0
1012.54 100.0
1013.7 100.0
1014.87 100.0
1016.04 100.0
1017.21 100.0
1018.38 100.0
1019.56 100.0
1020.73 100.0
1021.9 100.0
1023.07 100.0
1024.24 100.0
1025.42 100.0
1026.58 100.0
1027.75 100.0
1028.93 100.0
1030.1 100.0
1031.26 100.0
1032.44 100.0
1033.61 100.0
1034.78 100.0
1035.95 100.0
1037.13 100.0
1038.3 100.0
1039.47 100.0
1040.65 100.0
1041.82 100.0
1042.99 100.0
1044.17 100.0
1045.34 100.0
1046.51 100.0
1047.68 100.0
1048.86 100.0
1050.02 100.0
1051.18 100.0
1052.36 100.0
1053.54 100.0
1054.71 100.0
1055.88 100.0
1057.05 100.0
1058.22 100.0
1059.38 100.0
1060.54 100.0
1061.71 100.0
1062.88 100.0
1064.06 100.0
1065.22 100.0
1066.39 100.0
1067.57 100.0
1068.74 100.0
1069.91 100.0
1071.08 100.0
1072.24 100.0
1073.41 100.0
1074.58 100.0
1075.75 100.0
1076.93 100.0
1078.1 100.0
1079.26 100.0
1080.42 100.0
1081.58 100.0
1082.75 100.0
1083.93 100.0
1085.1 100.0
1086.27 100.0
1087.44 100.0
1088.62 100.0
1089.78 100.0
1090.96 100.0
1092.13 100.0
1093.31 100.0
1094.48 100.0
1095.65 100.0
1096.82 100.0
1097.98 100.0
1099.15 100.0
1100.33 100.0
1101.5 100.0
1102.66 100.0
1103.83 100.0
1105.0 100.0
1106.18 100.0
1107.35 100.0
1108.52 100.0
1109.68 100.0
1110.84 100.0
1112.01 100.0
1113.18 100.0
1114.36 100.0
1115.54 100.0
1116.71 100.0
1117.88 100.0
1119.05 100.0
1120.22 100.0
1121.38 100.0
1122.55 100.0
1123.72 100.0
1124.89 100.0
1126.06 100.0
1127.22 100.0
1128.39 100.0
1129.56 100.0
1130.73 100.0
1131.9 100.0
1133.07 100.0
1134.24 100.0
1135.41 100.0
1136.58 100.0
1137.74 100.0
1138.91 100.0
1140.08 100.0
1141.25 100.0
1142.42 100.0
1143.58 100.0
1144.75 100.0
1145.93 100.0
1147.1 100.0
1148.26 100.0
1149.43 100.0
1150.6 100.0
1151.77 100.0
1152.94 100.0
1154.11 100.0
1155.27 100.0
1156.44 100.0
1157.62 100.0
1158.78 100.0
1159.95 100.0
1161.12 100.0
1162.3 100.0
1163.46 100.0
1164.63 100.0
1165.81 100.0
1166.98 100.0
1168.15 100.0
1169.34 100.0
1170.51 100.0
1171.67 100.0
1172.84 100.0
1174.01 100.0
1175.18 100.0
1176.35 100.0
1177.52 100.0
1178.67 100.0
1179.83 100.0
1180.99 100.0
1182.15 100.0
1183.34 100.0
1184.51 100.0
1185.69 100.0
1186.86 100.0
1188.02 100.0
1189.18 100.0
1190.36 100.0
1191.54 100.0
1192.7 100.0
1193.87 100.0
1195.04 100.0
1196.21 100.0
1197.38 100.0
1198.56 100.0
1199.73 100.0
1200.9 100.0
1202.06 100.0
1203.23 100.0
1204.41 100.0
1205.58 100.0
1206.76 100.0
1207.93 100.0
1209.1 100.0
1210.27 100.0
1211.45 100.0
1212.62 100.0
1213.78 100.0
1214.96 100.0
1216.13 100.0
1217.31 100.0
1218.47 100.0
1219.64 100.0
1220.81 100.0
1221.98 100.0
1223.15 100.0
1224.33 100.0
1225.5 100.0
1226.67 100.0
1227.85 100.0
1229.02 100.0
1230.18 100.0
1231.35 100.0
1232.52 100.0
1233.68 100.0
1234.85 100.0
1236.02 100.0
1237.18 100.0
1238.36 100.0
1239.53 100.0
1240.7 100.0
1241.87 100.0
1243.04 100.0
1244.21 100.0
1245.38 100.0
1246.55 100.0
1247.72 100.0
1248.89 100.0
1250.06 100.0
1251.22 100.0
1252.39 100.0
1253.56 100.0
1254.73 100.0
1255.91 100.0
1257.08 100.0
1258.25 100.0
1259.42 100.0
1260.58 100.0
1261.75 100.0
1262.92 100.0
1264.08 100.0
1265.25 100.0
1266.42 100.0
1267.59 100.0
1268.76 100.0
1269.93 100.0
1271.1 100.0
1272.27 100.0
1273.45 100.0
1274.62 100.0
1275.78 100.0
1276.96 100.0
1278.13 100.0
1279.31 100.0
1280.48 100.0
1281.66 100.0
1282.83 100.0
1284.01 100.0
1285.18 100.0
1286.35 100.0
1287.53 100.0
1288.7 100.0
1289.86 100.0
1291.03 100.0
1292.2 100.0
1293.37 100.0
1294.54 100.0
1295.71 100.0
1296.88 100.0
1298.05 100.0
1299.22 100.0
1300.38 100.0
1301.55 100.0
1302.73 100.0
1303.9 100.0
1305.07 100.0
1306.23 100.0
1307.41 100.0
1308.58 100.0
1309.75 100.0
1310.93 100.0
1312.1 100.0
1313.26 100.0
1314.44 100.0
1315.61 100.0
1316.78 100.0
1317.94 100.0
1319.11 100.0
1320.28 100.0
1321.46 100.0
1322.63 100.0
1323.8 100.0
1324.97 100.0
1326.14 100.0
1327.32 100.0
1328.49 100.0
1329.66 100.0
1330.83 100.0
1332.01 100.0
1333.18 100.0
1334.35 100.0
1335.53 100.0
1336.7 100.0
1337.87 100.0
1339.04 100.0
1340.21 100.0
1341.38 100.0
1342.55 100.0
1343.73 100.0
1344.9 100.0
1346.07 100.0
1347.24 100.0
1348.41 100.0
1349.58 100.0
1350.74 100.0
1351.91 100.0
1353.08 100.0
1354.25 100.0
1355.42 100.0
1356.58 100.0
1357.74 100.0
1358.92 100.0
1360.09 100.0
1361.26 100.0
1362.42 100.0
1363.58 100.0
1364.75 100.0
1365.93 100.0
1367.1 100.0
1368.27 100.0
1369.44 100.0
1370.62 100.0
1371.78 100.0
1372.95 100.0
1374.12 100.0
1375.3 100.0
1376.47 100.0
1377.64 100.0
1378.82 100.0
1379.98 100.0
1381.16 100.0
1382.34 100.0
1383.51 100.0
1384.68 100.0
1385.86 100.0
1387.02 100.0
1388.18 100.0
1389.35 100.0
1390.52 100.0
1391.69 100.0
1392.86 100.0
1394.02 100.0
1395.18 100.0
1396.36 100.0
1397.54 100.0
1398.7 100.0
1399.87 100.0
1401.04 100.0
1402.21 100.0
1403.38 100.0
1404.56 100.0
1405.73 100.0
1406.9 100.0
1408.07 100.0
1409.24 100.0
1410.41 100.0
1411.58 100.0
1412.75 100.0
1413.93 100.0
1415.1 100.0
1416.26 100.0
1417.43 100.0
1418.6 100.0
1419.77 100.0
1420.94 100.0
1422.1 100.0
1423.27 100.0
1424.45 100.0
1425.62 100.0
1426.78 100.0
1427.95 100.0
1429.12 100.0
1430.3 100.0
1431.47 100.0
1432.64 100.0
1433.82 100.0
1434.98 100.0
1436.16 100.0
1437.34 100.0
1438.51 100.0
1439.68 100.0
1440.85 100.0
1442.02 100.0
1443.18 100.0
1444.35 100.0
1445.52 100.0
1446.69 100.0
1447.86 100.0
1449.03 100.0
1450.2 100.0
1451.37 100.0
1452.54 100.0
1453.71 100.0
1454.88 100.0
1456.06 100.0
1457.22 100.0
1458.39 100.0
1459.57 100.0
1460.74 100.0
1461.91 100.0
1463.08 100.0
1464.25 100.0
1465.42 100.0
1466.58 100.0
1467.75 100.0
1468.93 100.0
1470.1 100.0
1471.26 100.0
1472.42 100.0
1473.59 100.0
1474.76 100.0
1475.94 100.0
1477.1 100.0
1478.27 100.0
1479.44 100.0
1480.61 100.0
1481.78 100.0
1482.94 100.0
1484.11 100.0
1485.29 100.0
1486.47 100.0
1487.65 100.0
1488.82 100.0
1489.98 100.0
1491.16 100.0
1492.37 100.0
1493.58 100.0
1494.78 100.0
1495.99 100.0
1497.2 100.0
1498.42 100.0
1499.62 100.0
1500.82 100.0
1502.02 100.0
1503.22 100.0
1504.42 100.0
1505.62 100.0
1506.82 100.0
1508.02 100.0
1509.22 100.0
1510.42 100.0
1511.62 100.0
1512.83 100.0
1514.04 100.0
1515.25 100.0
1516.46 100.0
1517.66 100.0
1518.86 100.0
1520.06 100.0
1521.27 100.0
1522.48 100.0
1523.69 100.0
1524.9 100.0
1526.1 100.0
1527.32 100.0
1528.53 100.0
1529.74 100.0
1530.95 100.0
1532.17 100.0
1533.38 100.0
1534.59 100.0
1535.8 100.0
1537.01 100.0
1538.22 100.0
1539.42 100.0
1540.62 100.0
1541.82 100.0
1543.02 100.0
1544.22 100.0
1545.42 100.0
1546.63 100.0
1547.85 100.0
1549.06 100.0
1550.26 100.0
1551.47 100.0
1552.68 100.0
1553.9 100.0
1555.1 100.0
1556.31 100.0
1557.52 100.0
1558.72 100.0
1559.91 100.0
1561.11 100.0
1562.32 100.0
1563.53 100.0
1564.74 100.0
1565.95 100.0
1567.17 100.0
1568.39 100.0
1569.61 100.0
1570.82 100.0
1572.02 100.0
1573.22 100.0
1574.42 100.0
1575.62 100.0
1576.82 100.0
1578.02 100.0
1579.22 100.0
1580.42 100.0
1581.63 100.0
1582.85 100.0
1584.06 100.0
1585.26 100.0
1586.46 100.0
1587.68 100.0
1588.89 100.0
1590.1 100.0
1591.3 100.0
1592.51 100.0
1593.72 100.0
1594.93 100.0
1596.14 100.0
1597.36 100.0
1598.57 100.0
1599.78 100.0
1601.0 100.0
1602.21 100.0
1603.42 100.0
1604.62 100.0
1605.82 100.0
1607.02 100.0
1608.22 100.0
1609.43 100.0
1610.64 100.0
1611.85 100.0
1613.06 100.0
1614.26 100.0
1615.47 100.0
1616.68 100.0
1617.89 100.0
1619.1 100.0
1620.31 100.0
1621.52 100.0
1622.72 100.0
1623.93 100.0
1625.14 100.0
1626.36 100.0
1627.58 100.0
1628.79 100.0
1630.01 100.0
1631.22 100.0
1632.42 100.0
1633.63 100.0
1634.84 100.0
1636.05 100.0
1637.26 100.0
1638.46 100.0
1639.67 100.0
1640.89 100.0
1642.1 100.0
1643.32 100.0
1644.53 100.0
1645.74 100.0
1646.94 100.0
1648.16 100.0
1649.37 100.0
1650.58 100.0
1651.78 100.0
1652.99 100.0
1654.2 100.0
1655.42 100.0
1656.62 100.0
1657.82 100.0
1659.02 100.0
1660.22 100.0
1661.42 100.0
1662.63 100.0
1663.85 100.0
1665.06 100.0
1666.26 100.0
1667.46 100.0
1668.67 100.0
1669.87 100.0
1671.08 100.0
1672.3 100.0
1673.5 100.0
1674.72 100.0
1675.93 100.0
1677.14 100.0
1678.36 100.0
1679.58 100.0
1680.78 100.0
1681.99 100.0
1683.21 100.0
1684.42 100.0
1685.62 100.0
1686.82 100.0
1688.03 100.0
1689.23 100.0
1690.44 100.0
1691.65 100.0
1692.86 100.0
1694.06 100.0
1695.28 100.0
1696.49 100.0
1697.69 100.0
1698.9 100.0
1700.1 100.0
1701.32 100.0
1702.54 100.0
1703.75 100.0
1704.96 100.0
1706.17 100.0
1707.38 100.0
1708.59 100.0
1709.8 100.0
1711.01 100.0
1712.22 100.0
1713.42 100.0
1714.62 100.0
1715.83 100.0
1717.05 100.0
1718.26 100.0
1719.46 100.0
1720.67 100.0
1721.88 100.0
1723.09 100.0
1724.3 100.0
1725.51 100.0
1726.72 100.0
1727.93 100.0
1729.15 100.0
1730.37 100.0
1731.58 100.0
1732.78 100.0
1733.99 100.0
1735.2 100.0
1736.41 100.0
1737.62 100.0
1738.82 100.0
1740.02 100.0
1741.22 100.0
1742.43 100.0
1743.64 100.0
1744.85 100.0
1746.06 100.0
1747.26 100.0
1748.46 100.0
1749.67 100.0
1750.88 100.0
1752.08 100.0
1753.3 100.0
1754.5 100.0
1755.71 100.0
1756.92 100.0
1758.12 100.0
1759.33 100.0
1760.54 100.0
1761.74 100.0
1762.96 100.0
1764.17 100.0
1765.38 100.0
1766.58 100.0
1767.78 100.0
1768.98 100.0
1770.18 100.0
1771.39 100.0
1772.6 100.0
1773.81 100.0
1775.02 100.0
1776.22 100.0
1777.43 100.0
1778.64 100.0
1779.85 100.0
1781.06 100.0
1782.26 100.0
1783.46 100.0
1784.66 100.0
1785.87 100.0
1787.08 100.0
1788.3 100.0
1789.5 100.0
1790.71 100.0
1791.92 100.0
1793.12 100.0
1794.34 100.0
1795.55 100.0
1796.75 100.0
1797.96 100.0
1799.17 100.0
1800.38 100.0
1801.59 100.0
1802.8 100.0
1804.01 100.0
1805.21 100.0
1806.42 100.0
1807.62 100.0
1808.82 100.0
1810.02 100.0
1811.21 100.0
1812.42 100.0
1813.62 100.0
1814.82 100.0
1816.04 100.0
1817.24 100.0
1818.45 100.0
1819.66 100.0
1820.86 100.0
1822.07 100.0
1823.29 100.0
1824.5 100.0
1825.7 100.0
1826.91 100.0
1828.11 100.0
1829.32 100.0
1830.53 100.0
1831.74 100.0
1832.95 100.0
1834.16 100.0
1835.38 100.0
1836.58 100.0
1837.79 100.0
1839.0 100.0
1840.21 100.0
1841.42 100.0
1842.62 100.0
1843.82 100.0
1845.03 100.0
1846.24 100.0
1847.45 100.0
1848.66 100.0
1849.86 100.0
1851.07 100.0
1852.28 100.0
1853.49 100.0
1854.7 100.0
1855.9 100.0
1857.12 100.0
1858.34 100.0
1859.54 100.0
1860.75 100.0
1861.96 100.0
1863.17 100.0
1864.38 100.0
1865.59 100.0
1866.8 100.0
1868.01 100.0
1869.22 100.0
1870.43 100.0
1871.64 100.0
1872.85 100.0
1874.06 100.0
1875.27 100.0
1876.48 100.0
1877.69 100.0
1878.9 100.0
1880.11 100.0
1881.32 100.0
1882.53 100.0
1883.74 100.0
1884.95 100.0
1886.16 100.0
1887.37 100.0
1888.58 100.0
1889.79 100.0
1890.99 100.0
1892.2 100.0
1893.41 100.0
1894.62 100.0
1895.82 100.0
1897.02 100.0
1898.22 100.0
1899.42 100.0
1900.62 100.0
1901.82 100.0
1903.02 100.0
1904.22 100.0
1905.42 100.0
1906.63 100.0
1907.84 100.0
1909.05 100.0
1910.26 100.0
1911.46 100.0
1912.67 100.0
1913.88 100.0
1915.09 100.0
1916.3 100.0
1917.51 100.0
1918.71 100.0
1919.91 100.0
1921.12 100.0
1922.34 100.0
1923.55 100.0
1924.76 100.0
1925.97 100.0
1927.17 100.0
1928.38 100.0
1929.58 100.0
1930.79 100.0
1932.0 100.0
1933.21 100.0
1934.42 100.0
1935.62 100.0
1936.82 100.0
1938.03 100.0
1939.23 100.0
1940.44 100.0
1941.65 100.0
1942.86 100.0
1944.07 100.0
1945.28 100.0
1946.49 100.0
1947.7 100.0
1948.9 100.0
1950.11 100.0
1951.33 100.0
1952.54 100.0
1953.74 100.0
1954.94 100.0
1956.16 100.0
1957.37 100.0
1958.58 100.0
1959.79 100.0
1960.99 100.0
1962.2 100.0
1963.41 100.0
1964.62 100.0
1965.82 100.0
1967.03 100.0
1968.24 100.0
1969.46 100.0
1970.67 100.0
1971.87 100.0
1973.08 100.0
1974.3 100.0
1975.5 100.0
1976.71 100.0
1977.92 100.0
1979.14 100.0
1980.35 100.0
1981.56 100.0
1982.77 100.0
1983.98 100.0
1985.19 100.0
1986.4 100.0
1987.61 100.0
1988.82 100.0
1990.02 100.0
1991.22 100.0
1992.42 100.0
1993.62 100.0
1994.82 100.0
1996.03 100.0
1997.23 100.0
1998.45 100.0
1999.66 100.0
2000.86 100.0
2002.07 100.0
2003.29 100.0
2004.5 100.0
2005.7 100.0
2006.91 100.0
2008.12 100.0
2009.34 100.0
2010.54 100.0
2011.76 100.0
2012.97 100.0
2014.18 100.0
2015.39 100.0
2016.59 100.0
2017.79 100.0
2019.0 100.0
2020.21 100.0
2021.42 100.0
2022.62 100.0
2023.82 100.0
2025.03 100.0
2026.24 100.0
2027.45 100.0
2028.66 100.0
2029.86 100.0
2031.07 100.0
2032.28 100.0
2033.48 100.0
2034.68 100.0
2035.88 100.0
2037.08 100.0
2038.3 100.0
2039.51 100.0
2040.72 100.0
2041.93 100.0
2043.14 100.0
2044.36 100.0
2045.58 100.0
2046.78 100.0
2047.99 100.0
2049.2 100.0
2050.41 100.0
2051.62 100.0
2052.82 100.0
2054.02 100.0
2055.21 100.0
2056.41 100.0
2057.62 100.0
2058.82 100.0
2060.02 100.0
2061.22 100.0
2062.42 100.0
2063.63 100.0
2064.84 100.0
2066.05 100.0
2067.26 100.0
2068.46 100.0
2069.67 100.0
2070.89 100.0
2072.1 100.0
2073.31 100.0
2074.52 100.0
2075.72 100.0
2076.93 100.0
2078.14 100.0
2079.36 100.0
2080.57 100.0
2081.78 100.0
2082.98 100.0
2084.19 100.0
2085.4 100.0
2086.61 100.0
2087.82 100.0
2089.02 100.0
2090.22 100.0
2091.42 100.0
2092.62 100.0
2093.82 100.0
2095.03 100.0
2096.24 100.0
2097.45 100.0
2098.66 100.0
2099.87 100.0
2101.08 100.0
2102.3 100.0
2103.5 100.0
2104.71 100.0
2105.92 100.0
2107.12 100.0
2108.33 100.0
2109.54 100.0
2110.74 100.0
2111.95 100.0
2113.17 100.0
2114.38 100.0
2115.58 100.0
2116.79 100.0
2118.0 100.0
2119.21 100.0
2120.42 100.0
2121.62 100.0
2122.83 100.0
2124.05 100.0
2125.25 100.0
2126.46 100.0
2127.67 100.0
2128.87 100.0
2130.08 100.0
2131.3 100.0
2132.5 100.0
2133.71 100.0
2134.92 100.0
2136.12 100.0
2137.34 100.0
2138.55 100.0
2139.77 100.0
2140.98 100.0
2142.18 100.0
2143.39 100.0
2144.59 100.0
2145.8 100.0
2147.01 100.0
2148.22 100.0
2149.42 100.0
2150.62 100.0
2151.82 100.0
2153.02 100.0
2154.22 100.0
2155.42 100.0
2156.62 100.0
2157.82 100.0
2159.02 100.0
2160.23 100.0
2161.45 100.0
2162.66 100.0
2163.86 100.0
2165.06 100.0
2166.27 100.0
2167.47 100.0
2168.67 100.0
2169.88 100.0
2171.1 100.0
2172.31 100.0
2173.52 100.0
2174.73 100.0
2175.94 100.0
2177.15 100.0
2178.36 100.0
2179.57 100.0
2180.78 100.0
2181.98 100.0
2183.19 100.0
2184.4 100.0
2185.61 100.0
2186.82 100.0
2188.02 100.0
2189.22 100.0
2190.42 100.0
2191.63 100.0
2192.85 100.0
2194.06 100.0
2195.27 100.0
2196.48 100.0
2197.69 100.0
2198.9 100.0
2200.1 100.0
2201.32 100.0
2202.53 100.0
2203.74 100.0
2204.94 100.0
2206.15 100.0
2207.37 100.0
2208.58 100.0
2209.79 100.0
2211.0 100.0
2212.21 100.0
2213.42 100.0
2214.62 100.0
2215.82 100.0
2217.02 100.0
2218.22 100.0
2219.43 100.0
2220.65 100.0
2221.86 100.0
2223.06 100.0
2224.27 100.0
2225.48 100.0
2226.68 100.0
2227.88 100.0
2229.08 100.0
2230.3 100.0
2231.51 100.0
2232.71 100.0
2233.91 100.0
2235.13 100.0
2236.34 100.0
2237.55 100.0
2238.76 100.0
2239.96 100.0
2241.17 100.0
2242.38 100.0
2243.58 100.0
2244.79 100.0
2246.0 100.0
2247.21 100.0
2248.42 100.0
2249.62 100.0
2250.82 100.0
2252.02 100.0
2253.22 100.0
2254.43 100.0
2255.64 100.0
2256.85 100.0
2258.06 100.0
2259.27 100.0
2260.47 100.0
2261.68 100.0
2262.89 100.0
2264.1 100.0
2265.31 100.0
2266.52 100.0
2267.73 100.0
2268.94 100.0
2270.15 100.0
2271.36 100.0
2272.57 100.0
2273.78 100.0
2274.98 100.0
2276.19 100.0
2277.4 100.0
2278.61 100.0
2279.82 100.0
2281.02 100.0
2282.22 100.0
2283.43 100.0
2284.64 100.0
2285.85 100.0
2287.06 100.0
2288.28 100.0
2289.5 100.0
2290.7 100.0
2291.91 100.0
2293.13 100.0
2294.34 100.0
2295.55 100.0
2296.76 100.0
2297.97 100.0
2299.18 100.0
2300.4 100.0
2301.61 100.0
2302.82 100.0
2304.02 100.0
2305.22 100.0
2306.42 100.0
2307.62 100.0
2308.82 100.0
2310.02 100.0
2311.22 100.0
2312.42 100.0
2313.62 100.0
2314.82 100.0
2316.02 100.0
2317.22 100.0
2318.43 100.0
2319.64 100.0
2320.85 100.0
2322.06 100.0
2323.28 100.0
2324.49 100.0
2325.7 100.0
2326.9 100.0
2328.11 100.0
2329.32 100.0
2330.52 100.0
2331.72 100.0
2332.92 100.0
2334.13 100.0
2335.34 100.0
2336.55 100.0
2337.76 100.0
2338.97 100.0
2340.18 100.0
2341.38 100.0
2342.59 100.0
2343.8 100.0
2345.01 100.0
2346.21 100.0
2347.41 100.0
2348.62 100.0
2349.82 100.0
2351.02 100.0
2352.22 100.0
2353.42 100.0
2354.62 100.0
2355.83 100.0
2357.05 100.0
2358.26 100.0
2359.47 100.0
2360.68 100.0
2361.89 100.0
2363.1 100.0
2364.31 100.0
2365.52 100.0
2366.72 100.0
2367.93 100.0
2369.14 100.0
2370.36 100.0
2371.57 100.0
2372.78 100.0
2373.98 100.0
2375.18 100.0
2376.38 100.0
2377.59 100.0
2378.8 100.0
2380.01 100.0
2381.22 100.0
2382.42 100.0
2383.63 100.0
2384.84 100.0
2386.05 100.0
2387.26 100.0
2388.46 100.0
2389.67 100.0
2390.88 100.0
2392.09 100.0
2393.3 100.0
2394.51 100.0
2395.72 100.0
2396.93 100.0
2398.14 100.0
2399.35 100.0
2400.56 100.0
2401.77 100.0
2402.98 100.0
2404.19 100.0
2405.4 100.0
2406.61 100.0
2407.82 100.0
2409.02 100.0
2410.22 100.0
2411.42 100.0
2412.62 100.0
2413.82 100.0
2415.02 100.0
2416.23 100.0
2417.44 100.0
2418.65 100.0
2419.86 100.0
2421.06 100.0
2422.27 100.0
2423.48 100.0
2424.69 100.0
2425.9 100.0
2427.1 100.0
2428.31 100.0
2429.52 100.0
2430.73 100.0
2431.94 100.0
2433.15 100.0
2434.36 100.0
2435.57 100.0
2436.78 100.0
2437.98 100.0
2439.19 100.0
2440.4 100.0
2441.61 100.0
2442.82 100.0
2444.02 100.0
2445.22 100.0
2446.42 100.0
2447.63 100.0
2448.85 100.0
2450.06 100.0
2451.28 100.0
2452.49 100.0
2453.7 100.0
2454.9 100.0
2456.1 100.0
2457.31 100.0
2458.52 100.0
2459.72 100.0
2460.93 100.0
2462.14 100.0
2463.36 100.0
2464.57 100.0
2465.78 100.0
2466.98 100.0
2468.19 100.0
2469.4 100.0
2470.6 100.0
2471.8 100.0
2473.01 100.0
2474.22 100.0
2475.42 100.0
2476.64 100.0
2477.85 100.0
2479.06 100.0
2480.27 100.0
2481.48 100.0
2482.69 100.0
2483.9 100.0
2485.1 100.0
2486.31 100.0
2487.52 100.0
2488.73 100.0
2489.94 100.0
2491.14 100.0
2492.36 100.0
2493.58 100.0
2494.78 100.0
2495.99 100.0
2497.2 100.0
2498.41 100.0
2499.62 100.0
2500.82 100.0
2502.02 100.0
2503.22 100.0
2504.42 100.0
2505.63 100.0
2506.84 100.0
2508.05 100.0
2509.26 100.0
2510.48 100.0
2511.69 100.0
2512.9 100.0
2514.1 100.0
2515.32 100.0
2516.53 100.0
2517.74 100.0
2518.94 100.0
2520.15 100.0
2521.36 100.0
2522.57 100.0
2523.78 100.0
2524.99 100.0
2526.19 100.0
2527.4 100.0
2528.61 100.0
2529.82 100.0
2531.02 100.0
2532.22 100.0
2533.42 100.0
2534.62 100.0
2535.82 100.0
2537.02 100.0
2538.22 100.0
2539.43 100.0
2540.65 100.0
2541.86 100.0
2543.06 100.0
2544.27 100.0
2545.48 100.0
2546.69 100.0
2547.9 100.0
2549.1 100.0
2550.32 100.0
2551.53 100.0
2552.74 100.0
2553.95 100.0
2555.16 100.0
2556.38 100.0
2557.59 100.0
2558.8 100.0
2560.0 100.0
2561.21 100.0
2562.42 100.0
2563.62 100.0
2564.82 100.0
2566.03 100.0
2567.25 100.0
2568.46 100.0
2569.67 100.0
2570.89 100.0
2572.09 100.0
2573.3 100.0
2574.51 100.0
2575.72 100.0
2576.93 100.0
2578.14 100.0
2579.34 100.0
2580.56 100.0
2581.77 100.0
2582.98 100.0
2584.19 100.0
2585.4 100.0
2586.61 100.0
2587.82 100.0
2589.02 100.0
2590.22 100.0
2591.43 100.0
2592.64 100.0
2593.86 100.0
2595.06 100.0
2596.27 100.0
2597.48 100.0
2598.69 100.0
2599.9 100.0
2601.1 100.0
2602.31 100.0
2603.52 100.0
2604.73 100.0
2605.94 100.0
2607.14 100.0
2608.35 100.0
2609.56 100.0
2610.77 100.0
2611.98 100.0
2613.18 100.0
2614.4 100.0
2615.61 100.0
2616.82 100.0
2618.02 100.0
2619.22 100.0
2620.43 100.0
2621.65 100.0
2622.86 100.0
2624.07 100.0
2625.29 100.0
2626.5 100.0
2627.71 100.0
2628.92 100.0
2630.14 100.0
2631.34 100.0
2632.56 100.0
2633.77 100.0
2634.98 100.0
2636.18 100.0
2637.39 100.0
2638.6 100.0
2639.81 100.0
2641.02 100.0
2642.22 100.0
2643.43 100.0
2644.64 100.0
2645.85 100.0
2647.06 100.0
2648.26 100.0
2649.47 100.0
2650.68 100.0
2651.89 100.0
2653.1 100.0
2654.31 100.0
2655.52 100.0
2656.72 100.0
2657.93 100.0
2659.14 100.0
2660.35 100.0
2661.57 100.0
2662.78 100.0
2663.98 100.0
2665.18 100.0
2666.39 100.0
2667.61 100.0
2668.82 100.0
2670.02 100.0
2671.23 100.0
2672.45 100.0
2673.66 100.0
2674.86 100.0
2676.07 100.0
2677.28 100.0
2678.49 100.0
2679.7 100.0
2680.9 100.0
2682.12 100.0
2683.33 100.0
2684.54 100.0
2685.75 100.0
2686.97 100.0
2688.18 100.0
2689.39 100.0
2690.6 100.0
2691.81 100.0
2693.02 100.0
2694.22 100.0
2695.42 100.0
2696.63 100.0
2697.84 100.0
2699.04 100.0
2700.25 100.0
2701.46 100.0
2702.67 100.0
2703.88 100.0
2705.09 100.0
2706.3 100.0
2707.51 100.0
2708.71 100.0
2709.91 100.0
2711.12 100.0
2712.33 100.0
2713.54 100.0
2714.75 100.0
2715.96 100.0
2717.17 100.0
2718.38 100.0
2719.58 100.0
2720.78 100.0
2721.98 100.0
2723.18 100.0
2724.39 100.0
2725.61 100.0
2726.82 100.0
2728.02 100.0
2729.22 100.0
2730.42 100.0
2731.62 100.0
2732.82 100.0
2734.02 100.0
2735.22 100.0
2736.43 100.0
2737.65 100.0
2738.86 100.0
2740.06 100.0
2741.27 100.0
2742.48 100.0
2743.69 100.0
2744.9 100.0
2746.11 100.0
2747.32 100.0
2748.53 100.0
2749.74 100.0
2750.95 100.0
2752.15 100.0
2753.37 100.0
2754.58 100.0
2755.78 100.0
2756.98 100.0
2758.18 100.0
2759.39 100.0
2760.6 100.0
2761.81 100.0
2763.02 100.0
2764.21 100.0
2765.42 100.0
2766.62 100.0
2767.82 100.0
2769.02 100.0
2770.22 100.0
2771.43 100.0
2772.64 100.0
2773.85 100.0
2775.06 100.0
2776.27 100.0
2777.47 100.0
2778.68 100.0
2779.89 100.0
2781.1 100.0
2782.31 100.0
2783.52 100.0
2784.72 100.0
2785.93 100.0
2787.14 100.0
2788.34 100.0
2789.55 100.0
2790.76 100.0
2791.98 100.0
2793.18 100.0
2794.39 100.0
2795.6 100.0
2796.81 100.0
2798.02 100.0
2799.22 100.0
2800.43 100.0
2801.65 100.0
2802.86 100.0
2804.06 100.0
2805.28 100.0
2806.49 100.0
2807.7 100.0
2808.9 100.0
2810.11 100.0
2811.31 100.0
2812.52 100.0
2813.73 100.0
2814.94 100.0
2816.14 100.0
2817.35 100.0
2818.56 100.0
2819.77 100.0
2820.98 100.0
2822.18 100.0
2823.39 100.0
2824.59 100.0
2825.8 100.0
2827.0 100.0
2828.2 100.0
2829.41 100.0
2830.61 100.0
2831.82 100.0
2833.02 100.0
2834.22 100.0
2835.43 100.0
2836.65 100.0
2837.86 100.0
2839.06 100.0
2840.28 100.0
2841.49 100.0
2842.7 100.0
2843.9 100.0
2845.11 100.0
2846.32 100.0
2847.53 100.0
2848.74 100.0
2849.95 100.0
2851.16 100.0
2852.37 100.0
2853.58 100.0
2854.78 100.0
2855.99 100.0
2857.2 100.0
2858.41 100.0
2859.62 100.0
2860.82 100.0
2862.02 100.0
2863.22 100.0
2864.42 100.0
2865.64 100.0
2866.86 100.0
2868.06 100.0
2869.28 100.0
2870.49 100.0
2871.7 100.0
2872.9 100.0
2874.12 100.0
2875.33 100.0
2876.54 100.0
2877.75 100.0
2878.96 100.0
2880.17 100.0
2881.38 100.0
2882.59 100.0
2883.8 100.0
2885.0 100.0
2886.2 100.0
2887.41 100.0
2888.62 100.0
2889.82 100.0
2891.02 100.0
2892.22 100.0
2893.43 100.0
2894.64 100.0
2895.84 100.0
2897.05 100.0
2898.26 100.0
2899.47 100.0
2900.68 100.0
2901.89 100.0
2903.1 100.0
2904.31 100.0
2905.52 100.0
2906.73 100.0
2907.94 100.0
2909.15 100.0
2910.36 100.0
2911.57 100.0
2912.78 100.0
2913.98 100.0
2915.19 100.0
2916.4 100.0
2917.61 100.0
2918.82 100.0
2920.02 100.0
2921.21 100.0
2922.41 100.0
2923.62 100.0
2924.82 100.0
2926.02 100.0
2927.24 100.0
2928.45 100.0
2929.66 100.0
2930.86 100.0
2932.06 100.0
2933.27 100.0
2934.48 100.0
2935.69 100.0
2936.9 100.0
2938.11 100.0
2939.31 100.0
2940.53 100.0
2941.74 100.0
2942.94 100.0
2944.15 100.0
2945.36 100.0
2946.57 100.0
2947.78 100.0
2948.98 100.0
2950.19 100.0
2951.4 100.0
2952.61 100.0
2953.82 100.0
2955.02 100.0
2956.22 100.0
2957.42 100.0
2958.62 100.0
2959.82 100.0
2961.03 100.0
2962.25 100.0
2963.46 100.0
2964.66 100.0
2965.87 100.0
2967.08 100.0
2968.29 100.0
2969.5 100.0
2970.7 100.0
2971.91 100.0
2973.12 100.0
2974.34 100.0
2975.54 100.0
2976.74 100.0
2977.94 100.0
2979.15 100.0
2980.36 100.0
2981.58 100.0
2982.78 100.0
2983.99 100.0
2985.2 100.0
2986.42 100.0
2987.62 100.0
2988.83 100.0
2990.04 100.0
2991.26 100.0
2992.46 100.0
2993.67 100.0
2994.88 100.0
2996.09 100.0
2997.3 100.0
2998.5 100.0
2999.7 100.0
3000.91 100.0
3002.12 100.0
3003.33 100.0
3004.54 100.0
3005.74 100.0
3006.96 100.0
3008.17 100.0
3009.38 100.0
3010.6 100.0
3011.81 100.0
3013.02 100.0
3014.22 100.0
3015.42 100.0
3016.62 100.0
3017.82 100.0
3019.02 100.0
3020.23 100.0
3021.45 100.0
3022.65 100.0
3023.86 100.0
3025.06 100.0
3026.27 100.0
3027.48 100.0
3028.69 100.0
3029.9 100.0
3031.11 100.0
3032.31 100.0
3033.52 100.0
3034.73 100.0
3035.94 100.0
3037.14 100.0
3038.35 100.0
3039.56 100.0
3040.77 100.0
3041.98 100.0
3043.18 100.0
3044.39 100.0
3045.6 100.0
3046.81 100.0
3048.02 100.0
3049.22 100.0
3050.42 100.0
3051.62 100.0
3052.83 100.0
3054.04 100.0
3055.26 100.0
3056.46 100.0
3057.67 100.0
3058.88 100.0
3060.08 100.0
3061.29 100.0
3062.5 100.0
3063.7 100.0
3064.91 100.0
3066.12 100.0
3067.33 100.0
3068.54 100.0
3069.75 100.0
3070.96 100.0
3072.17 100.0
3073.38 100.0
3074.59 100.0
3075.79 100.0
3077.0 100.0
3078.21 100.0
3079.42 100.0
3080.62 100.0
3081.83 100.0
3083.04 100.0
3084.26 100.0
3085.46 100.0
3086.67 100.0
3087.88 100.0
3089.1 100.0
3090.3 100.0
3091.51 100.0
3092.72 100.0
3093.92 100.0
3095.12 100.0
3096.33 100.0
3097.54 100.0
3098.75 100.0
3099.95 100.0
3101.16 100.0
3102.38 100.0
3103.59 100.0
3104.8 100.0
3106.01 100.0
3107.21 100.0
3108.42 100.0
3109.62 100.0
3110.82 100.0
3112.02 100.0
3113.22 100.0
3114.43 100.0
3115.65 100.0
3116.86 100.0
3118.06 100.0
3119.27 100.0
3120.48 100.0
3121.69 100.0
3122.9 100.0
3124.1 100.0
3125.31 100.0
3126.52 100.0
3127.73 100.0
3128.94 100.0
3130.15 100.0
3131.36 100.0
3132.57 100.0
3133.78 100.0
3134.98 100.0
3136.19 100.0
3137.4 100.0
3138.61 100.0
3139.81 100.0
3141.02 100.0
3142.23 100.0
3143.44 100.0
3144.65 100.0
3145.86 100.0
3147.06 100.0
3148.28 100.0
3149.48 100.0
3150.69 100.0
3151.9 100.0
3153.11 100.0
3154.31 100.0
3155.52 100.0
3156.73 100.0
3157.94 100.0
3159.15 100.0
3160.36 100.0
3161.57 100.0
3162.78 100.0
3163.99 100.0
3165.2 100.0
3166.41 100.0
3167.62 100.0
3168.82 100.0
3170.02 100.0
3171.23 100.0
3172.44 100.0
3173.65 100.0
3174.86 100.0
3176.07 100.0
3177.28 100.0
3178.49 100.0
3179.7 100.0
3180.9 100.0
3182.12 100.0
3183.33 100.0
3184.54 100.0
3185.75 100.0
3186.96 100.0
3188.17 100.0
3189.38 100.0
3190.59 100.0
3191.8 100.0
3193.01 100.0
3194.22 100.0
3195.42 100.0
3196.63 100.0
3197.84 100.0
3199.05 100.0
3200.26 100.0
3201.47 100.0
3202.69 100.0
3203.9 100.0
3205.11 100.0
3206.32 100.0
3207.52 100.0
3208.73 100.0
3209.94 100.0
3211.15 100.0
3212.36 100.0
3213.57 100.0
3214.78 100.0
3215.99 100.0
3217.2 100.0
3218.41 100.0
3219.62 100.0
3220.82 100.0
3222.03 100.0
3223.25 100.0
3224.46 100.0
3225.66 100.0
3226.87 100.0
3228.08 100.0
3229.3 100.0
3230.51 100.0
3231.72 100.0
3232.92 100.0
3234.12 100.0
3235.33 100.0
3236.54 100.0
3237.76 100.0
3238.97 100.0
3240.18 100.0
3241.38 100.0
3242.6 100.0
3243.8 100.0
3245.01 100.0
3246.22 100.0
3247.42 100.0
3248.63 100.0
3249.85 100.0
3251.06 100.0
3252.27 100.0
3253.48 100.0
3254.69 100.0
3255.9 100.0
3257.11 100.0
3258.31 100.0
3259.52 100.0
3260.71 100.0
3261.92 100.0
3263.12 100.0
3264.33 100.0
3265.54 100.0
3266.74 100.0
3267.95 100.0
3269.16 100.0
3270.37 100.0
3271.58 100.0
3272.78 100.0
3273.99 100.0
3275.2 100.0
3276.42 100.0
3277.62 100.0
3278.82 100.0
3280.02 100.0
3281.23 100.0
3282.44 100.0
3283.65 100.0
3284.86 100.0
3286.06 100.0
3287.28 100.0
3288.49 100.0
3289.7 100.0
3290.91 100.0
3292.12 100.0
3293.33 100.0
3294.54 100.0
3295.75 100.0
3296.97 100.0
3298.17 100.0
3299.38 100.0
3300.58 100.0
3301.79 100.0
3303.01 100.0
3304.23 100.0
3305.44 100.0
3306.65 100.0
3307.86 100.0
3309.06 100.0
3310.28 100.0
3311.49 100.0
3312.7 100.0
3313.9 100.0
3315.11 100.0
3316.32 100.0
3317.53 100.0
3318.74 100.0
3319.95 100.0
3321.16 100.0
3322.38 100.0
3323.58 100.0
3324.79 100.0
3326.0 100.0
3327.21 100.0
3328.42 100.0
3329.62 100.0
3330.82 100.0
3332.02 100.0
3333.23 100.0
3334.44 100.0
3335.65 100.0
3336.86 100.0
3338.07 100.0
3339.29 100.0
3340.5 100.0
3341.71 100.0
3342.92 100.0
3344.13 100.0
3345.34 100.0
3346.54 100.0
3347.75 100.0
3348.96 100.0
3350.17 100.0
3351.38 100.0
3352.59 100.0
3353.8 100.0
3355.01 100.0
3356.22 100.0
3357.42 100.0
3358.62 100.0
3359.82 100.0
3361.02 100.0
3362.23 100.0
3363.45 100.0
3364.66 100.0
3365.87 100.0
3367.09 100.0
3368.3 100.0
3369.5 100.0
3370.71 100.0
3371.92 100.0
3373.12 100.0
3374.33 100.0
3375.54 100.0
3376.76 100.0
3377.97 100.0
3379.18 100.0
3380.39 100.0
3381.6 100.0
3382.81 100.0
3384.02 100.0
3385.23 100.0
3386.44 100.0
3387.65 100.0
3388.86 100.0
3390.07 100.0
3391.29 100.0
3392.5 100.0
3393.71 100.0
3394.92 100.0
3396.12 100.0
3397.32 100.0
3398.53 100.0
3399.74 100.0
3400.94 100.0
3402.15 100.0
3403.37 100.0
3404.58 100.0
3405.79 100.0
3406.99 100.0
3408.19 100.0
3409.4 100.0
3410.61 100.0
3411.82 100.0
3413.02 100.0
3414.23 100.0
3415.44 100.0
3416.65 100.0
3417.86 100.0
3419.06 100.0
3420.28 100.0
3421.49 100.0
3422.7 100.0
3423.91 100.0
3425.12 100.0
3426.33 100.0
3427.54 100.0
3428.75 100.0
3429.96 100.0
3431.17 100.0
3432.38 100.0
3433.58 100.0
3434.79 100.0
3436.0 100.0
3437.22 100.0
3438.42 100.0
3439.62 100.0
3440.82 100.0
3442.03 100.0
3443.25 100.0
3444.46 100.0
3445.67 100.0
3446.88 100.0
3448.1 100.0
3449.31 100.0
3450.52 100.0
3451.72 100.0
3452.93 100.0
3454.14 100.0
3455.35 100.0
3456.56 100.0
3457.77 100.0
3458.98 100.0
3460.19 100.0
3461.4 100.0
3462.62 100.0
3463.82 100.0
3465.02 100.0
3466.23 100.0
3467.44 100.0
3468.65 100.0
3469.86 100.0
3471.07 100.0
3472.29 100.0
3473.5 100.0
3474.7 100.0
3475.91 100.0
3477.13 100.0
3478.34 100.0
3479.55 100.0
3480.76 100.0
3481.97 100.0
3483.18 100.0
3484.39 100.0
3485.6 100.0
3486.81 100.0
3488.01 100.0
3489.22 100.0
3490.44 100.0
3491.66 100.0
3492.86 100.0
3494.06 100.0
3495.28 100.0
3496.49 100.0
3497.7 100.0
3498.9 100.0
3500.11 100.0
3501.31 100.0
3502.52 100.0
3503.74 100.0
3504.94 100.0
3506.15 100.0
3507.36 100.0
3508.57 100.0
3509.78 100.0
3510.98 100.0
3512.19 100.0
3513.4 100.0
3514.61 100.0
3515.82 100.0
3517.02 100.0
3518.22 100.0
3519.42 100.0
3520.63 100.0
3521.85 100.0
3523.06 100.0
3524.27 100.0
3525.48 100.0
3526.69 100.0
3527.9 100.0
3529.1 100.0
3530.3 100.0
3531.51 100.0
3532.72 100.0
3533.93 100.0
3535.13 100.0
3536.35 100.0
3537.56 100.0
3538.77 100.0
3539.98 100.0
3541.18 100.0
3542.39 100.0
3543.6 100.0
3544.81 100.0
3546.02 100.0
3547.23 100.0
3548.44 100.0
3549.65 100.0
3550.86 100.0
3552.08 100.0
3553.29 100.0
3554.5 100.0
3555.71 100.0
3556.92 100.0
3558.12 100.0
3559.32 100.0
3560.52 100.0
3561.73 100.0
3562.94 100.0
3564.15 100.0
3565.37 100.0
3566.58 100.0
3567.78 100.0
3568.98 100.0
3570.18 100.0
3571.39 100.0
3572.59 100.0
3573.8 100.0
3575.02 100.0
3576.22 100.0
3577.42 100.0
3578.62 100.0
3579.83 100.0
3581.04 100.0
3582.26 100.0
3583.47 100.0
3584.68 100.0
3585.89 100.0
3587.1 100.0
3588.3 100.0
3589.51 100.0
3590.72 100.0
3591.93 100.0
3593.14 100.0
3594.35 100.0
3595.56 100.0
3596.77 100.0
3597.98 100.0
3599.19 100.0
3600.41 100.0
3601.62 100.0
3602.82 100.0
3604.02 100.0
3605.23 100.0
3606.45 100.0
3607.66 100.0
3608.87 100.0
3610.09 100.0
3611.29 100.0
3612.5 100.0
3613.7 100.0
3614.9 100.0
3616.1 100.0
3617.3 100.0
3618.5 100.0
3619.72 100.0
3620.92 100.0
3622.12 100.0
3623.32 100.0
3624.53 100.0
3625.74 100.0
3626.96 100.0
3628.17 100.0
3629.38 100.0
3630.59 100.0
3631.8 100.0
3633.01 100.0
3634.22 100.0
3635.43 100.0
3636.65 100.0
3637.86 100.0
3639.08 100.0
3640.29 100.0
3641.5 100.0
3642.7 100.0
3643.91 100.0
3645.12 100.0
3646.33 100.0
3647.54 100.0
3648.74 100.0
3649.95 100.0
3651.17 100.0
3652.38 100.0
3653.58 100.0
3654.79 100.0
3656.0 100.0
3657.22 100.0
3658.42 100.0
3659.63 100.0
3660.84 100.0
3662.05 100.0
3663.26 100.0
3664.46 100.0
3665.67 100.0
3666.88 100.0
3668.1 100.0
3669.3 100.0
3670.51 100.0
3671.71 100.0
3672.92 100.0
3674.12 100.0
3675.32 100.0
3676.52 100.0
3677.72 100.0
3678.93 100.0
3680.14 100.0
3681.35 100.0
3682.57 100.0
3683.78 100.0
3684.98 100.0
3686.19 100.0
3687.4 100.0
3688.61 100.0
3689.82 100.0
3691.02 100.0
3692.23 100.0
3693.44 100.0
3694.65 100.0
3695.86 100.0
3697.06 100.0
3698.29 100.0
3699.5 100.0
3700.7 100.0
3701.91 100.0
3703.12 100.0
3704.32 100.0
3705.53 100.0
3706.74 100.0
3707.95 100.0
3709.16 100.0
3710.38 100.0
3711.59 100.0
3712.79 100.0
3714.0 100.0
3715.22 100.0
3716.42 100.0
3717.63 100.0
3718.85 100.0
3720.06 100.0
3721.27 100.0
3722.48 100.0
3723.69 100.0
3724.9 100.0
3726.11 100.0
3727.32 100.0
3728.53 100.0
3729.74 100.0
3730.95 100.0
3732.16 100.0
3733.37 100.0
3734.57 100.0
3735.77 100.0
3736.98 100.0
3738.18 100.0
3739.39 100.0
3740.6 100.0
3741.81 100.0
3743.02 100.0
3744.23 100.0
3745.44 100.0
3746.65 100.0
3747.86 100.0
3749.06 100.0
3750.28 100.0
3751.49 100.0
3752.7 100.0
3753.9 100.0
3755.11 100.0
3756.32 100.0
3757.53 100.0
3758.74 100.0
3759.95 100.0
3761.16 100.0
3762.37 100.0
3763.58 100.0
3764.78 100.0
3765.99 100.0
3767.21 100.0
3768.42 100.0
3769.62 100.0
3770.82 100.0
3772.02 100.0
3773.22 100.0
3774.42 100.0
3775.62 100.0
3776.82 100.0
3778.03 100.0
3779.25 100.0
3780.46 100.0
3781.66 100.0
3782.87 100.0
3784.09 100.0
3785.29 100.0
3786.5 100.0
3787.7 100.0
3788.91 100.0
3790.12 100.0
3791.33 100.0
3792.54 100.0
3793.74 100.0
3794.95 100.0
3796.15 100.0
3797.36 100.0
3798.57 100.0
3799.78 100.0
3800.99 100.0
3802.22 100.0
3803.42 100.0
3804.62 100.0
3805.83 100.0
3807.05 100.0
3808.26 100.0
3809.47 100.0
3810.68 100.0
3811.88 100.0
3813.09 100.0
3814.29 100.0
3815.5 100.0
3816.7 100.0
3817.91 100.0
3819.13 100.0
3820.34 100.0
3821.55 100.0
3822.76 100.0
3823.97 100.0
3825.18 100.0
3826.39 100.0
3827.6 100.0
3828.81 100.0
3830.02 100.0
3831.22 100.0
3832.44 100.0
3833.65 100.0
3834.86 100.0
3836.07 100.0
3837.28 100.0
3838.49 100.0
3839.7 100.0
3840.91 100.0
3842.11 100.0
3843.31 100.0
3844.52 100.0
3845.73 100.0
3846.94 100.0
3848.14 100.0
3849.36 100.0
3850.57 100.0
3851.78 100.0
3852.98 100.0
3854.18 100.0
3855.39 100.0
3856.6 100.0
3857.81 100.0
3859.02 100.0
3860.23 100.0
3861.44 100.0
3862.65 100.0
3863.86 100.0
3865.08 100.0
3866.28 100.0
3867.49 100.0
3868.7 100.0
3869.9 100.0
3871.11 100.0
3872.31 100.0
3873.52 100.0
3874.72 100.0
3875.92 100.0
3877.12 100.0
3878.33 100.0
3879.55 100.0
3880.75 100.0
3881.96 100.0
3883.16 100.0
3884.37 100.0
3885.58 100.0
3886.78 100.0
3887.98 100.0
3889.19 100.0
3890.4 100.0
3891.61 100.0
3892.82 100.0
3894.02 100.0
3895.23 100.0
3896.44 100.0
3897.65 100.0
3898.86 100.0
3900.07 100.0
3901.27 100.0
3902.47 100.0
