4118.54 100
4119.62 100
4120.71 100
4121.79 100
4122.88 100
4123.97 100
4125.06 100
4126.14 100
4127.22 100
4128.32 100
4129.4 100
4130.49 100
4131.58 100
4132.67 100
4133.76 100
4134.85 100
4135.94 100
4137.03 100
4138.12 100
4139.21 100
4140.3 100
4141.38 100
4142.48 100
4143.56 100
4144.65 100
4145.73 100
4146.82 100
4147.9 100
4148.99 100
4150.07 100
4151.16 100
4152.25 100
4153.35 100
4154.42 100
4155.52 100
4156.6 100
4157.69 100
4158.77 100
4159.86 100
4160.95 100
4162.04 100
4163.12 100
4164.22 100
4165.31 100
4166.39 100
4167.48 100
4168.57 100
4169.66 100
4170.75 100
4171.84 100
4172.92 100
4174.01 100
4175.1 100
4176.19 100
4177.28 100
4178.36 100
4179.44 100
4180.53 100
4181.62 100
4182.71 100
4183.8 100
4184.89 100
4185.97 100
4187.06 100
4188.15 100
4189.24 100
4190.34 100
4191.42 100
4192.51 100
4193.6 100
4194.68 100
4195.76 100
4196.84 100
4197.93 100
4199.02 100
4200.1 100
4201.18 100
4202.27 100
4203.36 100
4204.44 100
4205.52 100
4206.61 100
4207.7 100
4208.79 100
4209.88 100
4210.96 100
4212.05 100
4213.13 100
4214.22 100
4215.31 100
4216.4 100
4217.49 100
4218.58 100
4219.67 100
4220.76 100
4221.84 100
4222.93 100
4224.02 100
4225.1 100
4226.19 100
4227.28 100
4228.36 100
4229.44 100
4230.53 100
4231.62 100
4232.71 100
4233.8 100
4234.88 100
4235.97 100
4237.06 100
4238.14 100
4239.23 100
4240.32 100
4241.42 100
4242.5 100
4243.58 100
4244.67 100
4245.75 100
4246.83 100
4247.92 100
4249.0 100
4250.08 100
4251.17 100
4252.26 100
4253.36 100
4254.44 100
4255.52 100
4256.61 100
4257.69 100
4258.77 100
4259.85 100
4260.93 100
4262.02 100
4263.11 100
4264.2 100
4265.28 100
4266.37 100
4267.45 100
4268.54 100
4269.63 100
4270.71 100
4271.8 100
4272.89 100
4273.98 100
4275.07 100
4276.15 100
4277.24 100
4278.32 100
4279.4 100
4280.49 100
4281.58 100
4282.67 100
4283.76 100
4284.85 100
4285.93 100
4287.02 100
4288.1 100
4289.19 100
4290.28 100
4291.36 100
4292.44 100
4293.53 100
4294.62 100
4295.71 100
4296.79 100
4297.88 100
4298.97 100
4300.06 100
4301.14 100
4302.23 100
4303.32 100
4304.41 100
4305.5 100
4306.58 100
4307.67 100
4308.76 100
4309.85 100
4310.94 100
4312.02 100
4313.12 100
4314.2 100
4315.28 100
4316.37 100
4317.45 100
4318.54 100
4319.63 100
4320.72 100
4321.81 100
4322.9 100
4323.98 100
4325.07 100
4326.16 100
4327.25 100
4328.35 100
4329.43 100
4330.51 100
4331.6 100
4332.68 100
4333.77 100
4334.86 100
4335.94 100
4337.04 100
4338.12 100
4339.21 100
4340.3 100
4341.38 100
4342.48 100
4343.56 100
4344.65 100
4345.74 100
4346.82 100
4347.92 100
4349.0 100
4350.08 100
4351.16 100
4352.25 100
4353.35 100
4354.44 100
4355.52 100
4356.61 100
4357.7 100
4358.78 100
4359.88 100
4360.96 100
4362.05 100
4363.13 100
4364.23 100
4365.32 100
4366.4 100
4367.48 100
4368.57 100
4369.66 100
4370.75 100
4371.84 100
4372.93 100
4374.01 100
4375.1 100
4376.18 100
4377.28 100
4378.36 100
4379.44 100
4380.53 100
4381.62 100
4382.71 100
4383.8 100
4384.87 100
4385.96 100
4387.05 100
4388.13 100
4389.22 100
4390.3 100
4391.4 100
4392.48 100
4393.57 100
4394.65 100
4395.74 100
4396.84 100
4397.92 100
4399.01 100
4400.1 100
4401.18 100
4402.26 100
4403.35 100
4404.43 100
4405.52 100
4406.6 100
4407.68 100
4408.77 100
4409.86 100
4410.95 100
4412.04 100
4413.12 100
4414.21 100
4415.3 100
4416.38 100
4417.48 100
4418.57 100
4419.65 100
4420.74 100
4421.83 100
4422.92 100
4424.0 100
4425.07 100
4426.16 100
4427.26 100
4428.35 100
4429.44 100
4430.53 100
4431.62 100
4432.72 100
4433.81 100
4434.9 100
4435.98 100
4437.06 100
4438.14 100
4439.23 100
4440.33 100
4441.41 100
4442.5 100
4443.58 100
4444.68 100
4445.76 100
4446.85 100
4447.94 100
4449.02 100
4450.11 100
4451.2 100
4452.29 100
4453.38 100
4454.47 100
4455.56 100
4456.64 100
4457.73 100
4458.82 100
4459.91 100
4460.99 100
4462.08 100
4463.16 100
4464.25 100
4465.35 100
4466.42 100
4467.52 100
4468.6 100
4469.68 100
4470.78 100
4471.86 100
4472.94 100
4474.02 100
4475.11 100
4476.2 100
4477.29 100
4478.38 100
4479.47 100
4480.56 100
4481.64 100
4482.73 100
4483.82 100
4484.91 100
4486.0 100
4487.07 100
4488.15 100
4489.24 100
4490.33 100
4491.41 100
4492.5 100
4493.58 100
4494.67 100
4495.75 100
4496.84 100
4497.92 100
4499.01 100
4500.1 100
4501.19 100
4502.28 100
4503.36 100
4504.44 100
4505.53 100
4506.62 100
4507.71 100
4508.8 100
4509.88 100
4510.97 100
4512.06 100
4513.15 100
4514.23 100
4515.33 100
4516.41 100
4517.5 100
4518.58 100
4519.68 100
4520.76 100
4521.85 100
4522.94 100
4524.03 100
4525.12 100
4526.2 100
4527.28 100
4528.37 100
4529.46 100
4530.55 100
4531.64 100
4532.72 100
4533.81 100
4534.9 100
4535.98 100
4537.07 100
4538.16 100
4539.24 100
4540.34 100
4541.42 100
4542.51 100
4543.6 100
4544.68 100
4545.77 100
4546.86 100
4547.95 100
4549.03 100
4550.12 100
4551.21 100
4552.3 100
4553.39 100
4554.47 100
4555.56 100
4556.65 100
4557.74 100
4558.83 100
4559.92 100
4561.01 100
4562.1 100
4563.19 100
4564.28 100
4565.37 100
4566.46 100
4567.55 100
4568.64 100
4569.72 100
4570.81 100
4571.9 100
4572.98 100
4574.07 100
4575.16 100
4576.26 100
4577.34 100
4578.43 100
4579.52 100
4580.6 100
4581.68 100
4582.77 100
4583.85 100
4584.93 100
4586.02 100
4587.11 100
4588.2 100
4589.28 100
4590.37 100
4591.47 100
4592.56 100
4593.64 100
4594.73 100
4595.81 100
4596.9 100
4597.98 100
4599.08 100
4600.15 100
4601.24 100
4602.34 100
4603.43 100
4604.52 100
4605.6 100
4606.68 100
4607.77 100
4608.86 100
4609.95 100
4611.04 100
4612.12 100
4613.21 100
4614.3 100
4615.39 100
4616.47 100
4617.55 100
4618.64 100
4619.73 100
4620.82 100
4621.9 100
4622.98 100
4624.08 100
4625.16 100
4626.25 100
4627.34 100
4628.42 100
4629.52 100
4630.6 100
4631.69 100
4632.77 100
4633.85 100
4634.94 100
4636.03 100
4637.12 100
4638.2 100
4639.29 100
4640.38 100
4641.47 100
4642.56 100
4643.64 100
4644.73 100
4645.82 100
4646.91 100
4647.99 100
4649.08 100
4650.16 100
4651.25 100
4652.34 100
4653.43 100
4654.52 100
4655.61 100
4656.7 100
4657.78 100
4658.87 100
4659.96 100
4661.04 100
4662.12 100
4663.22 100
4664.32 100
4665.4 100
4666.48 100
4667.56 100
4668.65 100
4669.74 100
4670.83 100
4671.92 100
4673.01 100
4674.1 100
4675.18 100
4676.28 100
4677.36 100
4678.45 100
4679.54 100
4680.62 100
4681.72 100
4682.81 100
4683.9 100
4684.98 100
4686.08 100
4687.16 100
4688.24 100
4689.34 100
4690.43 100
4691.52 100
4692.6 100
4693.69 100
4694.78 100
4695.86 100
4696.95 100
4698.03 100
4699.11 100
4700.2 100
4701.28 100
4702.36 100
4703.45 100
4704.54 100
4705.62 100
4706.71 100
4707.81 100
4708.9 100
4709.99 100
4711.08 100
4712.16 100
4713.25 100
4714.34 100
4715.42 100
4716.51 100
4717.6 100
4718.66 100
4719.76 100
4720.85 100
4721.94 100
4723.03 100
4724.11 100
4725.2 100
4726.29 100
4727.38 100
4728.46 100
4729.55 100
4730.64 100
4731.73 100
4732.82 100
4733.91 100
4735.0 100
4736.06 100
4737.15 100
4738.24 100
4739.33 100
4740.42 100
4741.51 100
4742.6 100
4743.68 100
4744.77 100
4745.86 100
4746.95 100
4748.03 100
4749.12 100
4750.22 100
4751.31 100
4752.4 100
4753.47 100
4754.56 100
4755.64 100
4756.72 100
4757.8 100
4758.88 100
4759.96 100
4761.04 100
4762.12 100
4763.22 100
4764.3 100
4765.4 100
4766.48 100
4767.57 100
4768.66 100
4769.75 100
4770.84 100
4771.91 100
4773.0 100
4774.08 100
4775.16 100
4776.25 100
4777.34 100
4778.42 100
4779.51 100
4780.6 100
4781.68 100
4782.76 100
4783.85 100
4784.94 100
4786.03 100
4787.12 100
4788.22 100
4789.3 100
4790.37 100
4791.46 100
4792.56 100
4793.64 100
4794.73 100
4795.82 100
4796.91 100
4798.0 100
4799.08 100
4800.16 100
4801.25 100
4802.34 100
4803.41 100
4804.5 100
4805.59 100
4806.68 100
4807.76 100
4808.85 100
4809.94 100
4811.02 100
4812.11 100
4813.19 100
4814.28 100
4815.37 100
4816.46 100
4817.55 100
4818.63 100
4819.72 100
4820.8 100
4821.88 100
4822.97 100
4824.06 100
4825.14 100
4826.24 100
4827.33 100
4828.41 100
4829.5 100
4830.58 100
4831.68 100
4832.76 100
4833.84 100
4834.92 100
4836.01 100
4837.1 100
4838.18 100
4839.27 100
4840.35 100
4841.44 100
4842.52 100
4843.61 100
4844.7 100
4845.79 100
4846.88 100
4847.96 100
4849.05 100
4850.13 100
4851.22 100
4852.32 100
4853.4 100
4854.48 100
4855.57 100
4856.66 100
4857.75 100
4858.84 100
4859.92 100
4861.0 100
4862.08 100
4863.16 100
4864.25 100
4865.33 100
4866.41 100
4867.5 100
4868.58 100
4869.67 100
4870.75 100
4871.83 100
4872.92 100
4874.0 100
4875.08 100
4876.16 100
4877.25 100
4878.34 100
4879.42 100
4880.51 100
4881.6 100
4882.68 100
4883.77 100
4884.86 100
4885.94 100
4887.02 100
4888.1 100
4889.18 100
4890.26 100
4891.36 100
4892.44 100
4893.53 100
4894.62 100
4895.71 100
4896.79 100
4897.88 100
4898.96 100
4900.05 100
4901.13 100
4902.22 100
4903.32 100
4904.4 100
4905.49 100
4906.57 100
4907.65 100
4908.74 100
4909.83 100
4910.92 100
4912.01 100
4913.09 100
4914.18 100
4915.26 100
4916.35 100
4917.43 100
4918.51 100
4919.6 100
4920.69 100
4921.78 100
4922.87 100
4923.96 100
4925.05 100
4926.13 100
4927.22 100
4928.32 100
4929.4 100
4930.49 100
4931.58 100
4932.65 100
4933.73 100
4934.82 100
4935.91 100
4937.0 100
4938.07 100
4939.16 100
4940.25 100
4941.34 100
4942.42 100
4943.51 100
4944.6 100
4945.68 100
4946.77 100
4947.86 100
4948.94 100
4950.03 100
4951.11 100
4952.2 100
4953.28 100
4954.37 100
4955.46 100
4956.55 100
4957.64 100
4958.73 100
4959.82 100
4960.91 100
4961.99 100
4963.08 100
4964.16 100
4965.25 100
4966.34 100
4967.42 100
4968.51 100
4969.6 100
4970.68 100
4971.77 100
4972.86 100
4973.95 100
4975.04 100
4976.12 100
4977.22 100
4978.32 100
4979.4 100
4980.48 100
4981.57 100
4982.66 100
4983.75 100
4984.84 100
4985.92 100
4987.01 100
4988.1 100
4989.18 100
4990.26 100
4991.36 100
4992.44 100
4993.53 100
4994.62 100
4995.71 100
4996.8 100
4997.88 100
4998.97 100
5000.06 100
5001.15 100
5002.24 100
5003.33 100
5004.41 100
5005.5 100
5006.59 100
5007.67 100
5008.76 100
5009.85 100
5010.94 100
5012.03 100
5013.11 100
5014.2 100
5015.28 100
5016.37 100
5017.47 100
5018.56 100
5019.66 100
5020.74 100
5021.84 100
5022.92 100
5024.01 100
5025.09 100
5026.17 100
5027.26 100
5028.35 100
5029.44 100
5030.52 100
5031.61 100
5032.71 100
5033.8 100
5034.88 100
5035.96 100
5037.06 100
5038.14 100
5039.23 100
5040.32 100
5041.4 100
5042.48 100
5043.57 100
5044.65 100
5045.74 100
5046.82 100
5047.91 100
5049.0 100
5050.08 100
5051.16 100
5052.25 100
5053.34 100
5054.41 100
5055.5 100
5056.57 100
5057.66 100
5058.75 100
5059.83 100
5060.92 100
5062.01 100
5063.1 100
5064.19 100
5065.28 100
5066.36 100
5067.45 100
5068.54 100
5069.62 100
5070.72 100
5071.8 100
5072.9 100
5073.97 100
5075.05 100
5076.14 100
5077.23 100
5078.32 100
5079.41 100
5080.5 100
5081.59 100
5082.68 100
5083.76 100
5084.85 100
5085.94 100
5087.02 100
5088.11 100
5089.19 100
5090.28 100
5091.37 100
5092.46 100
5093.54 100
5094.64 100
5095.73 100
5096.82 100
5097.91 100
5099.0 100
5100.08 100
5101.15 100
5102.24 100
5103.34 100
5104.42 100
5105.52 100
5106.6 100
5107.69 100
5108.78 100
5109.86 100
5110.95 100
5112.03 100
5113.12 100
5114.22 100
5115.32 100
5116.4 100
5117.49 100
5118.58 100
5119.67 100
5120.75 100
5121.84 100
5122.93 100
5124.02 100
5125.1 100
5126.18 100
5127.26 100
5128.34 100
5129.43 100
5130.52 100
5131.6 100
5132.68 100
5133.77 100
5134.86 100
5135.95 100
5137.04 100
5138.12 100
5139.22 100
5140.32 100
5141.39 100
5142.48 100
5143.57 100
5144.65 100
5145.74 100
5146.83 100
5147.91 100
5149.0 100
5150.08 100
5151.16 100
5152.25 100
5153.34 100
5154.42 100
5155.51 100
5156.59 100
5157.67 100
5158.76 100
5159.85 100
5160.94 100
5162.02 100
5163.11 100
5164.2 100
5165.28 100
5166.37 100
5167.46 100
5168.55 100
5169.64 100
5170.73 100
5171.83 100
5172.9 100
5173.99 100
5175.07 100
5176.15 100
5177.24 100
5178.33 100
5179.41 100
5180.5 100
5181.58 100
5182.67 100
5183.76 100
5184.85 100
5185.93 100
5187.02 100
5188.11 100
5189.2 100
5190.28 100
5191.37 100
5192.46 100
5193.55 100
5194.63 100
5195.72 100
5196.81 100
5197.9 100
5198.98 100
5200.06 100
5201.15 100
5202.24 100
5203.32 100
5204.4 100
5205.49 100
5206.58 100
5207.66 100
5208.75 100
5209.84 100
5210.93 100
5212.02 100
5213.1 100
5214.19 100
5215.28 100
5216.36 100
5217.44 100
5218.52 100
5219.61 100
5220.7 100
5221.79 100
5222.88 100
5223.95 100
5225.04 100
5226.12 100
5227.22 100
5228.32 100
5229.4 100
5230.48 100
5231.56 100
5232.65 100
5233.73 100
5234.83 100
5235.91 100
5237.0 100
5238.08 100
5239.16 100
5240.25 100
5241.34 100
5242.41 100
5243.5 100
5244.59 100
5245.67 100
5246.76 100
5247.85 100
5248.94 100
5250.02 100
5251.1 100
5252.19 100
5253.28 100
5254.36 100
5255.45 100
5256.53 100
5257.61 100
5258.7 100
5259.78 100
5260.87 100
5261.96 100
5263.04 100
5264.12 100
5265.21 100
5266.31 100
5267.39 100
5268.48 100
5269.56 100
5270.65 100
5271.74 100
5272.82 100
5273.9 100
5274.98 100
5276.06 100
5277.15 100
5278.24 100
5279.32 100
5280.4 100
5281.48 100
5282.56 100
5283.64 100
5284.73 100
5285.82 100
5286.91 100
5288.0 100
5289.07 100
5290.15 100
5291.23 100
5292.33 100
5293.4 100
5294.48 100
5295.56 100
5296.65 100
5297.74 100
5298.82 100
5299.92 100
5301.0 100
5302.08 100
5303.16 100
5304.25 100
5305.34 100
5306.42 100
5307.51 100
5308.59 100
5309.68 100
5310.77 100
5311.86 100
5312.94 100
5314.04 100
5315.12 100
5316.21 100
5317.31 100
5318.4 100
5319.48 100
5320.57 100
5321.66 100
5322.75 100
5323.83 100
5324.9 100
5325.99 100
5327.08 100
5328.16 100
5329.25 100
5330.34 100
5331.41 100
5332.51 100
5333.6 100
5334.68 100
5335.77 100
5336.86 100
5337.95 100
5339.04 100
5340.12 100
5341.22 100
5342.31 100
5343.39 100
5344.48 100
5345.57 100
5346.66 100
5347.75 100
5348.84 100
5349.93 100
5351.02 100
5352.1 100
5353.18 100
5354.26 100
5355.36 100
5356.44 100
5357.53 100
5358.63 100
5359.71 100
5360.8 100
5361.89 100
5362.97 100
5364.05 100
5365.13 100
5366.22 100
5367.32 100
5368.4 100
5369.48 100
5370.57 100
5371.66 100
5372.76 100
5373.84 100
5374.92 100
5376.01 100
5377.09 100
5378.17 100
5379.26 100
5380.35 100
5381.44 100
5382.52 100
5383.61 100
5384.7 100
5385.79 100
5386.88 100
5387.96 100
5389.05 100
5390.14 100
5391.23 100
5392.32 100
5393.4 100
5394.48 100
5395.56 100
5396.65 100
5397.74 100
5398.83 100
5399.92 100
5401.0 100
5402.08 100
5403.16 100
5404.25 100
5405.34 100
5406.41 100
5407.49 100
5408.57 100
5409.65 100
5410.74 100
5411.83 100
5412.92 100
5414.0 100
5415.08 100
5416.16 100
5417.25 100
5418.34 100
5419.43 100
5420.51 100
5421.6 100
5422.68 100
5423.77 100
5424.86 100
5425.94 100
5427.02 100
5428.1 100
5429.18 100
5430.28 100
5431.36 100
5432.45 100
5433.54 100
5434.63 100
5435.72 100
5436.81 100
5437.9 100
5438.98 100
5440.07 100
5441.14 100
5442.24 100
5443.32 100
5444.4 100
5445.48 100
5446.57 100
5447.65 100
5448.74 100
5449.82 100
5450.91 100
5451.99 100
5453.08 100
5454.16 100
5455.24 100
5456.33 100
5457.41 100
5458.5 100
5459.59 100
5460.68 100
5461.76 100
5462.85 100
5463.94 100
5465.02 100
5466.12 100
5467.2 100
5468.3 100
5469.38 100
5470.46 100
5471.54 100
5472.63 100
5473.72 100
5474.8 100
5475.88 100
5476.97 100
5478.07 100
5479.16 100
5480.25 100
5481.34 100
5482.43 100
5483.52 100
5484.6 100
5485.69 100
5486.78 100
5487.87 100
5488.95 100
5490.04 100
5491.12 100
5492.21 100
5493.31 100
5494.39 100
5495.48 100
5496.57 100
5497.66 100
5498.75 100
5499.83 100
5500.93 100
5502.02 100
5503.11 100
5504.2 100
5505.3 100
5506.37 100
5507.46 100
5508.54 100
5509.64 100
5510.72 100
5511.81 100
5512.9 100
5513.98 100
5515.07 100
5516.16 100
5517.25 100
5518.34 100
5519.42 100
5520.52 100
5521.6 100
5522.69 100
5523.78 100
5524.87 100
5525.95 100
5527.04 100
5528.12 100
5529.22 100
5530.31 100
5531.39 100
5532.48 100
5533.57 100
5534.66 100
5535.76 100
5536.84 100
5537.93 100
5539.02 100
5540.1 100
5541.2 100
5542.29 100
5543.37 100
5544.46 100
5545.54 100
5546.64 100
5547.72 100
5548.81 100
5549.9 100
5550.99 100
5552.07 100
5553.15 100
5554.24 100
5555.32 100
5556.4 100
5557.47 100
5558.55 100
5559.64 100
5560.73 100
5561.82 100
5562.9 100
5563.98 100
5565.07 100
5566.14 100
5567.23 100
5568.32 100
5569.4 100
5570.48 100
5571.58 100
5572.66 100
5573.74 100
5574.83 100
5575.92 100
5577.0 100
5578.08 100
5579.16 100
5580.25 100
5581.34 100
5582.43 100
5583.52 100
5584.61 100
5585.7 100
5586.79 100
5587.87 100
5588.96 100
5590.05 100
5591.13 100
5592.23 100
5593.32 100
5594.39 100
5595.48 100
5596.57 100
5597.66 100
5598.74 100
5599.84 100
5600.92 100
5602.01 100
5603.1 100
5604.19 100
5605.28 100
5606.37 100
5607.46 100
5608.54 100
5609.62 100
5610.7 100
5611.8 100
5612.88 100
5613.97 100
5615.06 100
5616.14 100
5617.24 100
5618.33 100
5619.4 100
5620.48 100
5621.56 100
5622.65 100
5623.74 100
5624.84 100
5625.92 100
5627.01 100
5628.1 100
5629.18 100
5630.27 100
5631.36 100
5632.45 100
5633.54 100
5634.63 100
5635.72 100
5636.81 100
5637.9 100
5638.98 100
5640.06 100
5641.15 100
5642.24 100
5643.32 100
5644.42 100
5645.5 100
5646.59 100
5647.67 100
5648.76 100
5649.85 100
5650.94 100
5652.02 100
5653.1 100
5654.19 100
5655.29 100
5656.37 100
5657.46 100
5658.55 100
5659.64 100
5660.72 100
5661.8 100
5662.89 100
5663.98 100
5665.06 100
5666.14 100
5667.22 100
5668.31 100
5669.38 100
5670.47 100
5671.54 100
5672.63 100
5673.73 100
5674.82 100
5675.91 100
5677.0 100
5678.07 100
5679.16 100
5680.25 100
5681.34 100
5682.43 100
5683.52 100
5684.6 100
5685.69 100
5686.78 100
5687.87 100
5688.96 100
5690.04 100
5691.13 100
5692.22 100
5693.32 100
5694.4 100
5695.49 100
5696.57 100
5697.66 100
5698.74 100
5699.83 100
5700.92 100
5702.01 100
5703.09 100
5704.17 100
5705.26 100
5706.35 100
5707.44 100
5708.52 100
5709.61 100
5710.7 100
5711.78 100
5712.87 100
5713.96 100
5715.04 100
5716.12 100
5717.22 100
5718.32 100
5719.39 100
5720.48 100
5721.56 100
5722.65 100
5723.74 100
5724.83 100
5725.92 100
5727.0 100
5728.08 100
5729.16 100
5730.25 100
5731.34 100
5732.42 100
5733.51 100
5734.6 100
5735.69 100
5736.78 100
5737.87 100
5738.96 100
5740.04 100
5741.12 100
5742.21 100
5743.31 100
5744.38 100
5745.48 100
5746.56 100
5747.65 100
5748.74 100
5749.82 100
5750.91 100
5752.0 100
5753.08 100
5754.16 100
5755.25 100
5756.34 100
5757.44 100
5758.53 100
5759.63 100
5760.72 100
5761.8 100
5762.89 100
5763.98 100
5765.07 100
5766.15 100
5767.24 100
5768.32 100
5769.41 100
5770.51 100
5771.59 100
5772.68 100
5773.76 100
5774.85 100
5775.94 100
5777.02 100
5778.11 100
5779.2 100
5780.3 100
5781.37 100
5782.46 100
5783.55 100
5784.63 100
5785.72 100
5786.81 100
5787.9 100
5788.98 100
5790.07 100
5791.16 100
5792.25 100
5793.34 100
5794.43 100
5795.52 100
5796.6 100
5797.69 100
5798.78 100
5799.87 100
5800.95 100
5802.04 100
5803.12 100
5804.21 100
5805.3 100
5806.38 100
5807.46 100
5808.54 100
5809.64 100
5810.72 100
5811.81 100
5812.9 100
5813.99 100
5815.08 100
5816.16 100
5817.26 100
5818.35 100
5819.44 100
5820.52 100
5821.61 100
5822.7 100
5823.78 100
5824.86 100
5825.95 100
5827.04 100
5828.12 100
5829.22 100
5830.31 100
5831.39 100
5832.48 100
5833.56 100
5834.65 100
5835.74 100
5836.83 100
5837.91 100
5839.0 100
5840.08 100
5841.16 100
5842.25 100
5843.34 100
5844.43 100
5845.52 100
5846.6 100
5847.69 100
5848.78 100
5849.86 100
5850.95 100
5852.04 100
5853.12 100
5854.22 100
5855.31 100
5856.39 100
5857.48 100
5858.56 100
5859.65 100
5860.74 100
5861.83 100
5862.92 100
5864.02 100
5865.1 100
5866.18 100
5867.28 100
5868.36 100
5869.45 100
5870.54 100
5871.62 100
5872.71 100
5873.8 100
5874.88 100
5875.97 100
5877.06 100
5878.14 100
5879.23 100
5880.32 100
5881.41 100
5882.51 100
5883.6 100
5884.68 100
5885.77 100
5886.86 100
5887.95 100
5889.04 100
5890.11 100
5891.2 100
5892.28 100
5893.36 100
5894.45 100
5895.54 100
5896.63 100
5897.72 100
5898.81 100
5899.9 100
5900.98 100
5902.07 100
5903.16 100
5904.25 100
5905.34 100
5906.43 100
5907.52 100
5908.6 100
5909.69 100
5910.78 100
5911.86 100
5912.94 100
5914.02 100
5915.11 100
5916.2 100
5917.3 100
5918.37 100
5919.46 100
5920.55 100
5921.64 100
5922.72 100
5923.81 100
5924.9 100
5925.97 100
5927.05 100
5928.13 100
5929.22 100
5930.3 100
5931.38 100
5932.46 100
5933.55 100
5934.64 100
5935.73 100
5936.82 100
5937.91 100
5939.0 100
5940.08 100
5941.16 100
5942.25 100
5943.34 100
5944.42 100
5945.51 100
5946.6 100
5947.69 100
5948.78 100
5949.87 100
5950.96 100
5952.05 100
5953.13 100
5954.22 100
5955.32 100
5956.41 100
5957.5 100
5958.58 100
5959.68 100
5960.76 100
5961.85 100
5962.94 100
5964.02 100
5965.1 100
5966.18 100
5967.28 100
5968.36 100
5969.44 100
5970.53 100
5971.62 100
5972.72 100
5973.8 100
5974.89 100
5975.98 100
5977.07 100
5978.16 100
5979.24 100
5980.34 100
5981.43 100
5982.52 100
5983.62 100
5984.71 100
5985.8 100
5986.88 100
5987.97 100
5989.06 100
5990.15 100
5991.23 100
5992.32 100
5993.41 100
5994.5 100
5995.59 100
5996.68 100
5997.76 100
5998.85 100
5999.93 100
6001.02 100
6002.1 100
6003.19 100
6004.28 100
6005.36 100
6006.45 100
6007.54 100
6008.63 100
6009.72 100
6010.81 100
6011.9 100
6012.98 100
6014.07 100
6015.16 100
6016.25 100
6017.33 100
6018.42 100
6019.5 100
6020.58 100
6021.66 100
6022.76 100
6023.84 100
6024.93 100
6026.02 100
6027.1 100
6028.19 100
6029.28 100
6030.36 100
6031.44 100
6032.53 100
6033.62 100
6034.71 100
6035.8 100
6036.88 100
6037.97 100
6039.06 100
6040.15 100
6041.24 100
6042.33 100
6043.42 100
6044.51 100
6045.59 100
6046.68 100
6047.77 100
6048.86 100
6049.94 100
6051.04 100
6052.12 100
6053.22 100
6054.31 100
6055.39 100
6056.48 100
6057.57 100
6058.66 100
6059.75 100
6060.84 100
6061.94 100
6063.03 100
6064.12 100
6065.21 100
6066.3 100
6067.38 100
6068.48 100
6069.56 100
6070.65 100
6071.73 100
6072.82 100
6073.9 100
6074.98 100
6076.08 100
6077.16 100
6078.26 100
6079.35 100
6080.44 100
6081.54 100
6082.62 100
6083.71 100
6084.8 100
6085.89 100
6086.98 100
6088.07 100
6089.16 100
6090.25 100
6091.34 100
6092.43 100
6093.51 100
6094.6 100
6095.68 100
6096.77 100
6097.86 100
6098.95 100
6100.04 100
6101.12 100
6102.22 100
6103.31 100
6104.39 100
6105.48 100
6106.56 100
6107.64 100
6108.73 100
6109.82 100
6110.91 100
6112.0 100
6113.08 100
6114.16 100
6115.25 100
6116.35 100
6117.44 100
6118.53 100
6119.62 100
6120.72 100
6121.81 100
6122.9 100
6123.98 100
6125.06 100
6126.16 100
6127.24 100
6128.33 100
6129.42 100
6130.52 100
6131.6 100
6132.68 100
6133.77 100
6134.85 100
6135.94 100
6137.02 100
6138.11 100
6139.2 100
6140.29 100
6141.36 100
6142.45 100
6143.54 100
6144.63 100
6145.71 100
6146.79 100
6147.88 100
6148.97 100
6150.06 100
6151.14 100
6152.22 100
6153.31 100
6154.38 100
6155.47 100
6156.55 100
6157.62 100
6158.71 100
6159.8 100
6160.89 100
6161.98 100
6163.07 100
6164.16 100
6165.24 100
6166.33 100
6167.42 100
6168.5 100
6169.59 100
6170.68 100
6171.76 100
6172.84 100
6173.93 100
6175.02 100
6176.11 100
6177.2 100
6178.29 100
6179.36 100
6180.45 100
6181.54 100
6182.63 100
6183.72 100
6184.81 100
6185.9 100
6186.98 100
6188.07 100
6189.14 100
6190.24 100
6191.33 100
6192.43 100
6193.51 100
6194.6 100
6195.68 100
6196.77 100
6197.86 100
6198.94 100
6200.04 100
6201.12 100
6202.2 100
6203.29 100
6204.37 100
6205.46 100
6206.55 100
6207.64 100
6208.73 100
6209.82 100
6210.9 100
6211.99 100
6213.07 100
6214.16 100
6215.25 100
6216.34 100
6217.42 100
6218.52 100
6219.6 100
6220.69 100
6221.78 100
6222.87 100
6223.95 100
6225.04 100
6226.12 100
6227.21 100
6228.3 100
6229.37 100
6230.46 100
6231.55 100
6232.63 100
6233.72 100
6234.81 100
6235.9 100
6236.99 100
6238.08 100
6239.16 100
6240.27 100
6241.34 100
6242.43 100
6243.52 100
6244.61 100
6245.7 100
6246.78 100
6247.86 100
6248.94 100
6250.02 100
6251.1 100
6252.18 100
6253.28 100
6254.35 100
6255.44 100
6256.54 100
6257.63 100
6258.72 100
6259.8 100
6260.89 100
6261.98 100
6263.06 100
6264.15 100
6265.24 100
6266.32 100
6267.41 100
6268.5 100
6269.58 100
6270.67 100
6271.75 100
6272.84 100
6273.93 100
6275.02 100
6276.1 100
6277.18 100
6278.28 100
6279.36 100
6280.44 100
6281.53 100
6282.62 100
6283.71 100
6284.8 100
6285.88 100
6286.96 100
6288.05 100
6289.14 100
6290.23 100
6291.32 100
6292.42 100
6293.51 100
6294.6 100
6295.69 100
6296.78 100
6297.87 100
6298.95 100
6300.04 100
6301.13 100
6302.22 100
6303.3 100
6304.38 100
6305.46 100
6306.55 100
6307.64 100
6308.73 100
6309.83 100
6310.92 100
6312.0 100
6313.08 100
6314.17 100
6315.27 100
6316.34 100
6317.43 100
6318.52 100
6319.61 100
6320.7 100
6321.79 100
6322.88 100
6323.96 100
6325.05 100
6326.13 100
6327.21 100
6328.3 100
6329.38 100
6330.46 100
6331.55 100
6332.64 100
6333.73 100
6334.82 100
6335.9 100
6337.0 100
6338.07 100
6339.16 100
6340.25 100
6341.34 100
6342.44 100
6343.52 100
6344.61 100
6345.7 100
6346.79 100
6347.88 100
6348.96 100
6350.04 100
6351.13 100
6352.22 100
6353.31 100
6354.4 100
6355.49 100
6356.58 100
6357.66 100
6358.75 100
6359.84 100
6360.92 100
6362.01 100
6363.09 100
6364.17 100
6365.24 100
6366.33 100
6367.43 100
6368.52 100
6369.61 100
6370.7 100
6371.79 100
6372.88 100
6373.96 100
6375.06 100
6376.14 100
6377.24 100
6378.32 100
6379.41 100
6380.5 100
6381.59 100
6382.67 100
6383.76 100
6384.84 100
6385.93 100
6387.02 100
6388.1 100
6389.2 100
6390.28 100
6391.36 100
6392.45 100
6393.55 100
6394.64 100
6395.72 100
6396.81 100
6397.9 100
6398.98 100
6400.07 100
6401.15 100
6402.24 100
6403.32 100
6404.41 100
6405.5 100
6406.58 100
6407.67 100
6408.75 100
6409.84 100
6410.93 100
6412.02 100
6413.1 100
6414.18 100
6415.28 100
6416.36 100
6417.44 100
6418.52 100
6419.61 100
6420.7 100
6421.78 100
6422.87 100
6423.96 100
6425.04 100
6426.12 100
6427.21 100
6428.3 100
6429.37 100
6430.46 100
6431.55 100
6432.64 100
6433.72 100
6434.82 100
6435.9 100
6436.98 100
6438.06 100
6439.14 100
6440.24 100
6441.32 100
6442.41 100
6443.5 100
6444.59 100
6445.67 100
6446.76 100
6447.85 100
6448.94 100
6450.02 100
6451.11 100
6452.2 100
6453.28 100
6454.36 100
6455.44 100
6456.53 100
6457.62 100
6458.71 100
6459.79 100
6460.88 100
6461.97 100
6463.06 100
6464.15 100
6465.23 100
6466.32 100
6467.41 100
6468.5 100
6469.58 100
6470.66 100
6471.74 100
6472.84 100
6473.92 100
6475.01 100
6476.09 100
6477.17 100
6478.27 100
6479.35 100
6480.44 100
6481.52 100
6482.61 100
6483.7 100
6484.78 100
6485.86 100
6486.96 100
6488.04 100
6489.12 100
6490.2 100
6491.28 100
6492.36 100
6493.45 100
6494.54 100
6495.63 100
6496.72 100
6497.8 100
6498.88 100
6499.97 100
6501.06 100
6502.14 100
6503.23 100
6504.32 100
6505.4 100
6506.5 100
6507.57 100
6508.65 100
6509.73 100
6510.82 100
6511.91 100
6513.0 100
6514.08 100
6515.16 100
6516.26 100
6517.34 100
6518.43 100
6519.52 100
6520.59 100
6521.68 100
6522.76 100
6523.86 100
6524.95 100
6526.02 100
6527.1 100
6528.2 100
6529.28 100
6530.36 100
6531.44 100
6532.52 100
6533.61 100
6534.7 100
6535.78 100
6536.87 100
6537.96 100
6539.04 100
6540.12 100
6541.22 100
6542.3 100
6543.39 100
6544.48 100
6545.56 100
6546.65 100
6547.74 100
6548.82 100
6549.92 100
6551.01 100
6552.09 100
6553.17 100
6554.27 100
6555.34 100
6556.44 100
6557.53 100
6558.62 100
6559.71 100
6560.8 100
6561.88 100
6562.96 100
6564.05 100
6565.13 100
6566.22 100
6567.3 100
6568.39 100
6569.47 100
6570.56 100
6571.65 100
6572.74 100
6573.83 100
6574.92 100
6576.0 100
6577.08 100
6578.17 100
6579.26 100
6580.33 100
6581.42 100
6582.51 100
6583.6 100
6584.67 100
6585.76 100
6586.85 100
6587.94 100
6589.03 100
6590.11 100
6591.2 100
6592.28 100
6593.36 100
6594.45 100
6595.54 100
6596.63 100
6597.71 100
6598.8 100
6599.88 100
6600.96 100
6602.04 100
6603.12 100
6604.22 100
6605.3 100
6606.38 100
6607.48 100
6608.56 100
6609.65 100
6610.74 100
6611.83 100
6612.91 100
6614.01 100
6615.09 100
6616.17 100
6617.26 100
6618.34 100
6619.43 100
6620.52 100
6621.6 100
6622.68 100
6623.77 100
6624.86 100
6625.95 100
6627.04 100
6628.12 100
6629.21 100
6630.3 100
6631.39 100
6632.48 100
6633.56 100
6634.65 100
6635.74 100
6636.83 100
6637.92 100
6639.0 100
6640.08 100
6641.16 100
6642.26 100
6643.34 100
6644.42 100
6645.52 100
6646.61 100
6647.7 100
6648.79 100
6649.88 100
6650.95 100
6652.04 100
6653.13 100
6654.22 100
6655.31 100
6656.41 100
6657.5 100
6658.58 100
6659.67 100
6660.76 100
6661.84 100
6662.93 100
6664.02 100
6665.11 100
6666.2 100
6667.28 100
6668.35 100
6669.44 100
6670.53 100
6671.62 100
6672.71 100
6673.79 100
6674.88 100
6675.97 100
6677.06 100
6678.15 100
6679.25 100
6680.33 100
6681.42 100
6682.5 100
6683.59 100
6684.68 100
6685.76 100
6686.85 100
6687.94 100
6689.03 100
6690.12 100
6691.21 100
6692.31 100
6693.4 100
6694.48 100
6695.57 100
6696.66 100
6697.75 100
6698.84 100
6699.92 100
6701.01 100
6702.1 100
6703.17 100
6704.27 100
6705.34 100
6706.43 100
6707.52 100
6708.61 100
6709.7 100
6710.78 100
6711.87 100
6712.96 100
6714.04 100
6715.12 100
6716.21 100
6717.3 100
6718.39 100
6719.48 100
6720.56 100
6721.64 100
6722.72 100
6723.8 100
6724.88 100
6725.96 100
6727.04 100
6728.12 100
6729.21 100
6730.31 100
6731.4 100
6732.48 100
6733.57 100
6734.66 100
6735.75 100
6736.84 100
6737.93 100
6739.01 100
6740.09 100
6741.17 100
6742.27 100
6743.34 100
6744.43 100
6745.52 100
6746.61 100
6747.7 100
6748.78 100
6749.87 100
6750.96 100
6752.05 100
6753.13 100
6754.22 100
6755.31 100
6756.4 100
6757.48 100
6758.57 100
6759.66 100
6760.74 100
6761.83 100
6762.92 100
6764.01 100
6765.09 100
6766.17 100
6767.26 100
6768.35 100
6769.44 100
6770.52 100
6771.61 100
6772.71 100
6773.8 100
6774.87 100
6775.96 100
6777.05 100
6778.14 100
6779.22 100
6780.32 100
6781.41 100
6782.5 100
6783.58 100
6784.68 100
6785.76 100
6786.85 100
6787.94 100
6789.03 100
6790.12 100
6791.21 100
6792.29 100
6793.38 100
6794.46 100
6795.56 100
6796.64 100
6797.73 100
6798.82 100
6799.9 100
6800.99 100
6802.06 100
6803.15 100
6804.24 100
6805.33 100
6806.42 100
6807.51 100
6808.59 100
6809.68 100
6810.76 100
6811.85 100
6812.94 100
6814.02 100
6815.11 100
6816.2 100
6817.28 100
6818.38 100
6819.47 100
6820.55 100
6821.64 100
6822.73 100
6823.82 100
6824.9 100
6825.99 100
6827.08 100
6828.16 100
6829.26 100
6830.34 100
6831.43 100
6832.51 100
6833.6 100
6834.68 100
6835.77 100
6836.86 100
6837.95 100
6839.04 100
6840.12 100
6841.21 100
6842.3 100
6843.39 100
6844.47 100
6845.56 100
6846.65 100
6847.74 100
6848.82 100
6849.92 100
6851.0 100
6852.08 100
6853.16 100
6854.26 100
6855.34 100
6856.43 100
6857.52 100
6858.6 100
6859.69 100
6860.78 100
6861.86 100
6862.95 100
6864.03 100
6865.12 100
6866.21 100
6867.3 100
6868.39 100
6869.48 100
6870.56 100
6871.65 100
6872.74 100
6873.82 100
6874.92 100
6876.01 100
6877.09 100
6878.18 100
6879.26 100
6880.34 100
6881.43 100
6882.52 100
6883.6 100
6884.69 100
6885.78 100
6886.87 100
6887.96 100
6889.04 100
6890.12 100
6891.21 100
6892.3 100
6893.38 100
6894.47 100
6895.56 100
6896.65 100
6897.73 100
6898.82 100
6899.92 100
6901.0 100
6902.08 100
6903.16 100
6904.26 100
6905.34 100
6906.42 100
6907.52 100
6908.61 100
6909.7 100
6910.79 100
6911.87 100
6912.96 100
6914.06 100
6915.14 100
6916.24 100
6917.32 100
6918.41 100
6919.5 100
6920.58 100
6921.67 100
6922.75 100
6923.84 100
6924.93 100
6926.02 100
6927.1 100
6928.19 100
6929.28 100
6930.35 100
6931.45 100
6932.53 100
6933.61 100
6934.7 100
6935.78 100
6936.87 100
6937.95 100
6939.04 100
6940.13 100
6941.22 100
6942.31 100
6943.4 100
6944.48 100
6945.57 100
6946.66 100
6947.75 100
6948.83 100
6949.92 100
6951.0 100
6952.08 100
6953.16 100
6954.26 100
6955.34 100
6956.43 100
6957.52 100
6958.62 100
6959.7 100
6960.79 100
6961.88 100
6962.96 100
6964.05 100
6965.13 100
6966.22 100
6967.31 100
6968.38 100
6969.47 100
6970.56 100
6971.64 100
6972.73 100
6973.82 100
6974.91 100
6975.99 100
6977.08 100
6978.16 100
6979.26 100
6980.34 100
6981.42 100
6982.51 100
6983.6 100
6984.68 100
6985.77 100
6986.86 100
6987.95 100
6989.04 100
6990.12 100
6991.22 100
6992.31 100
6993.39 100
6994.48 100
6995.57 100
6996.66 100
6997.75 100
6998.84 100
6999.92 100
7001.01 100
7002.09 100
7003.17 100
7004.26 100
7005.34 100
7006.43 100
7007.52 100
7008.61 100
7009.71 100
7010.8 100
7011.88 100
7012.97 100
7014.06 100
7015.15 100
7016.25 100
7017.33 100
7018.42 100
7019.52 100
7020.6 100
7021.69 100
7022.78 100
7023.87 100
7024.95 100
7026.04 100
7027.13 100
7028.22 100
7029.3 100
7030.4 100
7031.48 100
7032.57 100
7033.66 100
7034.75 100
7035.84 100
7036.93 100
7038.01 100
7039.08 100
7040.16 100
7041.26 100
7042.34 100
7043.43 100
7044.52 100
7045.6 100
7046.68 100
7047.75 100
7048.83 100
7049.92 100
7051.0 100
7052.08 100
7053.16 100
7054.26 100
7055.34 100
7056.44 100
7057.52 100
7058.61 100
7059.7 100
7060.78 100
7061.86 100
7062.95 100
7064.03 100
7065.12 100
7066.21 100
7067.3 100
7068.38 100
7069.47 100
7070.56 100
7071.64 100
7072.73 100
7073.82 100
7074.9 100
7075.99 100
7077.07 100
7078.14 100
7079.24 100
7080.32 100
7081.41 100
7082.5 100
7083.58 100
7084.66 100
7085.76 100
7086.84 100
7087.93 100
7089.02 100
7090.11 100
7091.21 100
7092.29 100
7093.38 100
7094.47 100
7095.55 100
7096.64 100
7097.73 100
7098.82 100
7099.9 100
7100.99 100
7102.08 100
7103.16 100
7104.26 100
7105.34 100
7106.43 100
7107.52 100
7108.61 100
7109.69 100
7110.78 100
7111.87 100
7112.96 100
7114.04 100
7115.13 100
7116.24 100
7117.32 100
7118.41 100
7119.5 100
7120.6 100
7121.68 100
7122.77 100
7123.85 100
7124.93 100
7126.02 100
7127.1 100
7128.2 100
7129.28 100
7130.37 100
7131.46 100
7132.55 100
7133.63 100
7134.72 100
7135.81 100
7136.9 100
7137.98 100
7139.08 100
7140.16 100
7141.25 100
7142.33 100
7143.42 100
7144.5 100
7145.59 100
7146.68 100
7147.76 100
7148.85 100
7149.94 100
7151.03 100
7152.12 100
7153.21 100
7154.3 100
7155.39 100
7156.48 100
7157.56 100
7158.65 100
7159.74 100
7160.83 100
7161.92 100
7163.01 100
7164.1 100
7165.19 100
7166.28 100
7167.37 100
7168.46 100
7169.55 100
7170.64 100
7171.72 100
7172.81 100
7173.9 100
7174.99 100
7176.08 100
7177.16 100
7178.26 100
7179.33 100
7180.42 100
7181.5 100
7182.6 100
7183.68 100
7184.77 100
7185.86 100
7186.94 100
7188.03 100
7189.11 100
7190.2 100
7191.29 100
7192.38 100
7193.46 100
7194.56 100
7195.65 100
7196.73 100
7197.83 100
7198.92 100
7200.0 100
7201.08 100
7202.16 100
7203.25 100
7204.33 100
7205.42 100
7206.5 100
7207.59 100
7208.68 100
7209.76 100
7210.85 100
7211.94 100
7213.02 100
7214.1 100
7215.18 100
7216.26 100
7217.34 100
7218.43 100
7219.51 100
7220.6 100
7221.69 100
7222.78 100
7223.87 100
7224.96 100
7226.04 100
7227.13 100
7228.22 100
7229.31 100
7230.4 100
7231.49 100
7232.57 100
7233.66 100
7234.74 100
7235.83 100
7236.91 100
7238.0 100
7239.08 100
7240.16 100
7241.25 100
7242.33 100
7243.42 100
7244.51 100
7245.59 100
7246.68 100
7247.77 100
7248.86 100
7249.94 100
7251.03 100
7252.12 100
7253.21 100
7254.3 100
7255.39 100
7256.48 100
7257.56 100
7258.65 100
7259.74 100
7260.83 100
7261.92 100
7263.0 100
7264.08 100
7265.16 100
7266.25 100
7267.34 100
7268.42 100
7269.52 100
7270.6 100
7271.69 100
7272.78 100
7273.87 100
7274.96 100
7276.04 100
7277.13 100
7278.24 100
7279.32 100
7280.41 100
7281.5 100
7282.59 100
7283.67 100
7284.76 100
7285.85 100
7286.93 100
7288.01 100
7289.1 100
7290.19 100
7291.27 100
7292.37 100
7293.46 100
7294.55 100
7295.63 100
7296.72 100
7297.81 100
7298.89 100
7299.98 100
7301.07 100
7302.15 100
7303.24 100
7304.33 100
7305.42 100
7306.52 100
7307.6 100
7308.69 100
7309.78 100
7310.87 100
7311.96 100
7313.05 100
7314.13 100
7315.23 100
7316.32 100
7317.4 100
7318.48 100
7319.57 100
7320.65 100
7321.73 100
7322.82 100
7323.91 100
7324.99 100
7326.08 100
7327.16 100
7328.25 100
7329.33 100
7330.42 100
7331.5 100
7332.59 100
7333.68 100
7334.77 100
7335.86 100
7336.95 100
7338.04 100
7339.11 100
7340.2 100
7341.29 100
7342.38 100
7343.47 100
7344.55 100
7345.64 100
7346.72 100
7347.81 100
7348.9 100
7349.98 100
7351.08 100
7352.16 100
7353.25 100
7354.33 100
7355.42 100
7356.51 100
7357.6 100
7358.69 100
7359.78 100
7360.87 100
7361.95 100
7363.04 100
7364.12 100
7365.23 100
7366.3 100
7367.39 100
7368.48 100
7369.56 100
7370.64 100
7371.73 100
7372.82 100
7373.9 100
7374.98 100
7376.07 100
7377.16 100
7378.24 100
7379.32 100
7380.41 100
7381.5 100
7382.58 100
7383.67 100
7384.76 100
7385.85 100
7386.94 100
7388.02 100
7389.11 100
7390.21 100
7391.3 100
7392.38 100
7393.46 100
7394.54 100
7395.64 100
7396.73 100
7397.82 100
7398.91 100
7399.99 100
7401.08 100
7402.16 100
7403.25 100
7404.33 100
7405.43 100
7406.51 100
7407.61 100
7408.69 100
7409.77 100
7410.86 100
7411.95 100
7413.04 100
7414.12 100
7415.23 100
7416.3 100
7417.39 100
7418.47 100
7419.56 100
7420.65 100
7421.74 100
7422.83 100
7423.91 100
7425.0 100
7426.08 100
7427.15 100
7428.24 100
7429.32 100
7430.41 100
7431.5 100
7432.59 100
7433.67 100
7434.76 100
7435.84 100
7436.92 100
7438.01 100
7439.1 100
7440.18 100
7441.27 100
7442.36 100
7443.45 100
7444.52 100
7445.6 100
7446.69 100
7447.78 100
7448.87 100
7449.96 100
7451.04 100
7452.13 100
7453.24 100
7454.32 100
7455.4 100
7456.49 100
7457.58 100
7458.66 100
7459.76 100
7460.86 100
7461.94 100
7463.03 100
7464.12 100
7465.2 100
7466.29 100
7467.38 100
7468.47 100
7469.56 100
7470.65 100
7471.74 100
7472.83 100
7473.92 100
7475.0 100
7476.07 100
7477.15 100
7478.24 100
7479.32 100
7480.4 100
7481.49 100
7482.58 100
7483.67 100
7484.76 100
7485.84 100
7486.93 100
7488.02 100
7489.11 100
7490.2 100
7491.29 100
7492.38 100
7493.46 100
7494.56 100
7495.64 100
7496.73 100
7497.81 100
7498.9 100
7499.98 100
7501.07 100
7502.16 100
7503.24 100
7504.32 100
7505.42 100
7506.52 100
7507.6 100
7508.69 100
7509.78 100
7510.88 100
7511.96 100
7513.05 100
7514.13 100
7515.23 100
7516.3 100
7517.4 100
7518.48 100
7519.57 100
7520.66 100
7521.75 100
7522.84 100
7523.92 100
7525.01 100
7526.1 100
7527.18 100
7528.28 100
7529.37 100
7530.46 100
7531.55 100
7532.63 100
7533.72 100
7534.81 100
7535.91 100
7537.0 100
7538.08 100
7539.16 100
7540.25 100
7541.33 100
7542.42 100
7543.5 100
7544.59 100
7545.68 100
7546.76 100
7547.85 100
7548.94 100
7550.02 100
7551.1 100
7552.2 100
7553.28 100
7554.37 100
7555.46 100
7556.55 100
7557.63 100
7558.72 100
7559.81 100
7560.9 100
7561.98 100
7563.07 100
7564.16 100
7565.25 100
7566.34 100
7567.43 100
7568.52 100
7569.61 100
7570.71 100
7571.8 100
7572.88 100
7573.97 100
7575.07 100
7576.15 100
7577.24 100
7578.31 100
7579.4 100
7580.49 100
7581.58 100
7582.67 100
7583.76 100
7584.84 100
7585.93 100
7587.02 100
7588.11 100
7589.2 100
7590.29 100
7591.37 100
7592.46 100
7593.54 100
7594.64 100
7595.73 100
7596.82 100
7597.91 100
7599.0 100
7600.07 100
7601.16 100
7602.25 100
7603.34 100
7604.43 100
7605.52 100
7606.61 100
7607.7 100
7608.78 100
7609.86 100
7610.95 100
7612.03 100
7613.12 100
7614.2 100
7615.29 100
7616.38 100
7617.47 100
7618.56 100
7619.64 100
7620.73 100
7621.82 100
7622.91 100
7624.0 100
7625.07 100
7626.16 100
7627.25 100
7628.33 100
7629.42 100
7630.52 100
7631.61 100
7632.7 100
7633.78 100
7634.87 100
7635.96 100
7637.04 100
7638.12 100
7639.23 100
7640.3 100
7641.39 100
7642.48 100
7643.56 100
7644.65 100
7645.74 100
7646.82 100
7647.91 100
7649.0 100
7650.08 100
7651.17 100
7652.26 100
7653.35 100
7654.44 100
7655.52 100
7656.6 100
7657.68 100
7658.77 100
7659.86 100
7660.95 100
7662.04 100
7663.12 100
7664.22 100
7665.3 100
7666.39 100
7667.47 100
7668.56 100
7669.65 100
7670.74 100
7671.84 100
7672.91 100
7674.0 100
7675.08 100
7676.17 100
7677.26 100
7678.34 100
7679.43 100
7680.52 100
7681.61 100
7682.7 100
7683.79 100
7684.87 100
7685.96 100
7687.05 100
7688.13 100
7689.23 100
7690.32 100
7691.41 100
7692.5 100
7693.58 100
7694.68 100
7695.76 100
7696.85 100
7697.94 100
7699.02 100
7700.1 100
7701.2 100
7702.28 100
7703.37 100
7704.46 100
7705.55 100
7706.63 100
7707.71 100
7708.8 100
7709.89 100
7710.98 100
7712.06 100
7713.14 100
7714.23 100
7715.31 100
7716.4 100
7717.48 100
7718.57 100
7719.66 100
7720.75 100
7721.84 100
7722.92 100
7724.01 100
7725.09 100
7726.16 100
7727.25 100
7728.33 100
7729.42 100
7730.5 100
7731.59 100
7732.67 100
7733.76 100
7734.85 100
7735.94 100
7737.03 100
7738.12 100
7739.21 100
7740.29 100
7741.38 100
7742.47 100
7743.56 100
7744.65 100
7745.74 100
7746.82 100
7747.91 100
7748.99 100
7750.08 100
7751.15 100
7752.24 100
7753.33 100
7754.42 100
7755.51 100
7756.6 100
7757.68 100
7758.76 100
7759.85 100
7760.94 100
7762.02 100
7763.11 100
7764.21 100
7765.29 100
7766.38 100
7767.47 100
7768.56 100
7769.64 100
7770.74 100
7771.82 100
7772.9 100
7773.99 100
7775.08 100
7776.16 100
7777.25 100
7778.33 100
7779.41 100
7780.5 100
7781.58 100
7782.67 100
7783.75 100
7784.84 100
7785.93 100
7787.02 100
7788.1 100
7789.19 100
7790.28 100
7791.37 100
7792.46 100
7793.54 100
7794.63 100
7795.72 100
7796.8 100
7797.88 100
7798.97 100
7800.06 100
7801.15 100
7802.24 100
7803.31 100
7804.4 100
7805.49 100
7806.58 100
7807.66 100
7808.75 100
7809.84 100
7810.92 100
7812.01 100
7813.1 100
7814.19 100
7815.28 100
7816.36 100
7817.45 100
7818.54 100
7819.64 100
7820.72 100
7821.81 100
7822.91 100
7823.99 100
7825.08 100
7826.17 100
7827.26 100
7828.36 100
7829.44 100
7830.54 100
7831.62 100
7832.7 100
7833.78 100
7834.87 100
7835.96 100
7837.05 100
7838.13 100
7839.23 100
7840.31 100
7841.4 100
7842.49 100
7843.58 100
7844.66 100
7845.76 100
7846.84 100
7847.94 100
7849.02 100
7850.1 100
7851.18 100
7852.26 100
7853.36 100
7854.44 100
7855.53 100
7856.62 100
7857.71 100
7858.79 100
7859.88 100
7860.97 100
7862.06 100
7863.15 100
7864.24 100
7865.31 100
7866.4 100
7867.48 100
7868.56 100
7869.65 100
7870.74 100
7871.84 100
7872.92 100
7874.01 100
7875.1 100
7876.19 100
7877.28 100
7878.36 100
7879.45 100
7880.54 100
7881.62 100
7882.72 100
7883.81 100
7884.9 100
7885.99 100
7887.07 100
7888.15 100
7889.24 100
7890.32 100
7891.41 100
7892.5 100
7893.58 100
7894.66 100
7895.75 100
7896.84 100
7897.93 100
7899.02 100
7900.1 100
7901.19 100
7902.28 100
7903.37 100
7904.46 100
7905.55 100
7906.64 100
7907.72 100
7908.81 100
7909.9 100
7910.99 100
7912.08 100
7913.16 100
7914.25 100
7915.34 100
7916.42 100
7917.51 100
7918.6 100
7919.68 100
7920.77 100
7921.86 100
7922.94 100
7924.04 100
7925.12 100
7926.22 100
7927.3 100
7928.39 100
7929.48 100
7930.56 100
7931.66 100
7932.75 100
7933.84 100
7934.93 100
7936.02 100
7937.1 100
7938.19 100
7939.27 100
7940.36 100
7941.45 100
7942.54 100
7943.62 100
7944.72 100
7945.8 100
7946.89 100
7947.98 100
7949.06 100
7950.15 100
7951.24 100
7952.33 100
7953.42 100
7954.51 100
7955.6 100
7956.69 100
7957.78 100
7958.87 100
7959.96 100
7961.04 100
7962.13 100
7963.22 100
7964.31 100
7965.4 100
7966.49 100
7967.58 100
7968.66 100
7969.76 100
7970.84 100
7971.92 100
7973.01 100
7974.1 100
7975.18 100
7976.27 100
7977.36 100
7978.45 100
7979.54 100
7980.64 100
7981.73 100
7982.82 100
7983.92 100
7985.0 100
7986.08 100
7987.16 100
7988.25 100
7989.33 100
7990.42 100
7991.51 100
7992.6 100
7993.69 100
7994.78 100
7995.86 100
7996.94 100
7998.04 100
7999.12 100
8000.22 100
8001.3 100
8002.4 100
8003.47 100
8004.56 100
8005.65 100
8006.73 100
8007.82 100
8008.91 100
8010.0 100
8011.07 100
8012.16 100
8013.24 100
8014.33 100
8015.42 100
8016.51 100
8017.58 100
8018.68 100
8019.76 100
8020.86 100
8021.94 100
8023.02 100
8024.11 100
8025.2 100
8026.28 100
8027.36 100
8028.45 100
8029.54 100
8030.63 100
8031.72 100
8032.8 100
8033.88 100
8034.97 100
8036.06 100
8037.14 100
8038.23 100
8039.3 100
8040.39 100
8041.48 100
8042.56 100
8043.65 100
8044.74 100
8045.82 100
8046.91 100
8047.99 100
8049.08 100
8050.17 100
8051.26 100
8052.34 100
8053.43 100
8054.52 100
8055.6 100
8056.69 100
8057.78 100
8058.86 100
8059.95 100
8061.04 100
8062.12 100
8063.22 100
8064.3 100
8065.38 100
8066.48 100
8067.56 100
8068.65 100
8069.74 100
8070.84 100
8071.92 100
8073.0 100
8074.08 100
8075.16 100
8076.25 100
8077.34 100
8078.42 100
8079.51 100
8080.61 100
8081.7 100
8082.79 100
8083.88 100
8084.96 100
8086.05 100
8087.13 100
8088.22 100
8089.31 100
8090.4 100
8091.48 100
8092.57 100
8093.66 100
8094.75 100
8095.84 100
8096.92 100
8098.01 100
8099.09 100
8100.17 100
8101.26 100
8102.34 100
8103.44 100
8104.52 100
8105.61 100
8106.7 100
8107.78 100
8108.87 100
8109.96 100
8111.05 100
8112.14 100
8113.22 100
8114.3 100
8115.39 100
8116.48 100
8117.56 100
8118.65 100
8119.74 100
8120.83 100
8121.92 100
8123.01 100
8124.1 100
8125.18 100
8126.28 100
8127.36 100
8128.46 100
8129.54 100
8130.62 100
8131.72 100
8132.8 100
8133.89 100
8134.98 100
8136.07 100
8137.15 100
8138.23 100
8139.32 100
8140.41 100
8141.5 100
8142.58 100
8143.68 100
8144.76 100
8145.85 100
8146.94 100
8148.02 100
8149.1 100
8150.19 100
8151.28 100
8152.36 100
8153.45 100
8154.54 100
8155.63 100
8156.72 100
8157.8 100
8158.89 100
8159.98 100
8161.06 100
8162.15 100
8163.24 100
8164.33 100
8165.42 100
8166.51 100
8167.59 100
8168.68 100
8169.77 100
8170.86 100
8171.95 100
8173.03 100
8174.12 100
8175.21 100
8176.3 100
8177.39 100
8178.48 100
8179.56 100
8180.64 100
8181.73 100
8182.82 100
8183.91 100
8185.0 100
8186.08 100
8187.16 100
8188.25 100
8189.34 100
8190.43 100
8191.51 100
8192.6 100
8193.68 100
8194.77 100
8195.86 100
8196.94 100
8198.03 100
8199.11 100
8200.22 100
8201.29 100
8202.38 100
8203.47 100
8204.55 100
8205.64 100
8206.73 100
8207.82 100
8208.91 100
8210.0 100
8211.07 100
8212.16 100
8213.25 100
8214.35 100
8215.44 100
8216.53 100
8217.62 100
8218.7 100
8219.79 100
8220.88 100
8221.96 100
8223.05 100
8224.14 100
8225.23 100
8226.32 100
8227.41 100
8228.5 100
8229.59 100
8230.67 100
8231.76 100
8232.85 100
8233.94 100
8235.02 100
8236.1 100
8237.18 100
8238.27 100
8239.35 100
8240.44 100
8241.53 100
8242.62 100
8243.72 100
8244.8 100
8245.88 100
8246.97 100
8248.05 100
8249.13 100
8250.22 100
8251.3 100
8252.38 100
8253.46 100
8254.55 100
8255.64 100
8256.72 100
8257.82 100
8258.9 100
8259.98 100
8261.07 100
8262.16 100
8263.25 100
8264.34 100
8265.43 100
8266.52 100
8267.61 100
8268.7 100
8269.79 100
8270.87 100
8271.95 100
8273.04 100
8274.13 100
8275.23 100
8276.32 100
8277.4 100
8278.48 100
8279.57 100
8280.66 100
8281.74 100
8282.83 100
8283.91 100
8285.0 100
8286.08 100
8287.16 100
8288.26 100
8289.34 100
8290.42 100
8291.52 100
8292.6 100
8293.69 100
8294.77 100
8295.86 100
8296.95 100
8298.03 100
8299.12 100
8300.21 100
8301.3 100
8302.39 100
8303.48 100
8304.56 100
8305.66 100
8306.74 100
8307.82 100
8308.92 100
8310.0 100
8311.08 100
8312.16 100
8313.25 100
8314.34 100
8315.43 100
8316.52 100
8317.59 100
8318.68 100
8319.76 100
8320.86 100
8321.94 100
8323.04 100
8324.12 100
8325.21 100
8326.3 100
8327.38 100
8328.47 100
8329.56 100
8330.64 100
8331.73 100
8332.82 100
8333.92 100
8335.01 100
8336.1 100
8337.2 100
8338.27 100
8339.36 100
8340.45 100
8341.54 100
8342.62 100
8343.71 100
8344.8 100
8345.88 100
8346.97 100
8348.06 100
8349.15 100
8350.24 100
8351.32 100
8352.41 100
8353.5 100
8354.58 100
8355.67 100
8356.76 100
8357.85 100
8358.94 100
8360.02 100
8361.11 100
8362.21 100
8363.29 100
8364.38 100
8365.47 100
8366.55 100
8367.64 100
8368.72 100
8369.8 100
8370.88 100
8371.97 100
8373.06 100
8374.15 100
8375.23 100
8376.33 100
8377.42 100
8378.51 100
8379.6 100
8380.68 100
8381.77 100
8382.86 100
8383.94 100
8385.03 100
8386.11 100
8387.21 100
8388.29 100
8389.38 100
8390.47 100
8391.56 100
8392.65 100
8393.74 100
8394.82 100
8395.9 100
8396.99 100
8398.07 100
8399.16 100
8400.25 100
8401.34 100
8402.42 100
8403.5 100
8404.58 100
8405.66 100
8406.74 100
8407.82 100
8408.9 100
8409.98 100
8411.07 100
8412.16 100
8413.24 100
8414.33 100
8415.42 100
8416.5 100
8417.58 100
8418.68 100
8419.76 100
8420.85 100
8421.94 100
8423.03 100
8424.11 100
8425.21 100
8426.29 100
8427.38 100
8428.46 100
8429.56 100
8430.64 100
8431.72 100
8432.81 100
8433.9 100
8434.98 100
8436.06 100
8437.15 100
8438.24 100
8439.33 100
8440.42 100
8441.51 100
8442.6 100
8443.68 100
8444.77 100
8445.86 100
8446.95 100
8448.04 100
8449.11 100
8450.2 100
8451.28 100
8452.37 100
8453.46 100
8454.55 100
8455.63 100
8456.72 100
8457.8 100
8458.88 100
8459.97 100
8461.06 100
8462.15 100
8463.24 100
8464.32 100
8465.42 100
8466.51 100
8467.6 100
8468.68 100
8469.76 100
8470.85 100
8471.93 100
8473.02 100
8474.11 100
8475.21 100
8476.29 100
8477.38 100
8478.46 100
8479.54 100
8480.63 100
8481.72 100
8482.82 100
8483.91 100
8484.99 100
8486.08 100
8487.16 100
8488.24 100
8489.33 100
8490.42 100
8491.51 100
8492.6 100
8493.68 100
8494.77 100
8495.86 100
8496.95 100
8498.02 100
8499.11 100
8500.21 100
8501.29 100
8502.37 100
8503.46 100
8504.54 100
8505.64 100
8506.72 100
8507.81 100
8508.9 100
8509.98 100
8511.06 100
8512.14 100
8513.23 100
8514.32 100
8515.41 100
8516.5 100
8517.58 100
8518.67 350
8519.84 350
8521.01 100
8522.16 100
8523.34 350
8524.5 100
8525.66 100
8526.84 350
8528.0 350
8529.16 100
8530.34 350
8531.51 350
8532.68 100
8533.85 100
8535.02 350
8536.2 350
8537.36 100
8538.53 350
8539.7 350
8540.86 100
8542.02 100
8543.2 100
8544.36 100
8545.52 350
8546.69 350
8547.86 350
8549.02 100
8550.2 100
8551.36 350
8552.52 350
8553.69 100
8554.86 100
8556.03 350
8557.2 100
8558.36 100
8559.53 350
8560.7 350
8561.86 100
8563.03 350
8564.2 350
8565.37 100
8566.54 100
8567.7 100
8568.86 100
8570.03 350
8571.2 350
8572.36 350
8573.53 100
8574.7 100
8575.86 100
8577.02 350
8578.2 350
8579.36 100
8580.53 100
8581.7 350
8582.86 350
8584.03 350
8585.21 350
8586.38 100
8587.54 100
8588.71 100
8589.88 350
8591.05 350
8592.22 100
8593.38 100
8594.56 350
8595.72 350
8596.9 350
8598.06 100
8599.22 100
8600.39 100
8601.55 350
8602.72 350
8603.88 350
8605.05 350
8606.22 100
8607.38 100
8608.54 350
8609.71 350
8610.87 100
8612.04 350
8613.2 350
8614.37 100
8615.54 100
8616.71 350
8617.88 350
8619.04 100
8620.2 100
8621.36 100
8622.53 350
8623.7 350
8624.86 100
8626.03 100
8627.21 350
8628.39 350
8629.56 350
8630.72 100
8631.88 100
8633.04 350
8634.2 350
8635.37 100
8636.54 100
8637.71 100
8638.88 350
8640.05 350
8641.22 350
8642.39 100
8643.55 100
8644.71 100
8645.88 100
8647.05 350
8648.21 350
8649.38 350
8650.55 350
8651.71 100
8652.88 100
8654.05 100
8655.21 350
8656.38 350
8657.55 100
8658.72 100
8659.88 350
8661.04 350
8662.2 350
8663.37 100
8664.54 100
8665.7 100
8666.86 350
8668.04 350
8669.2 100
8670.36 100
8671.53 350
8672.7 350
8673.86 350
8675.02 100
8676.19 100
8677.36 350
8678.53 350
8679.7 100
8680.86 100
8682.03 350
8683.19 350
8684.35 100
8685.52 100
8686.69 100
8687.86 350
8689.03 350
8690.2 100
8691.36 350
8692.53 350
8693.71 350
8694.88 350
8696.05 100
8697.21 100
8698.38 100
8699.54 350
8700.7 350
8701.86 100
8703.02 100
8704.2 350
8705.36 350
8706.53 350
8707.7 100
8708.86 100
8710.04 350
8711.2 350
8712.37 100
8713.54 100
8714.71 350
8715.88 350
8717.03 100
8718.2 100
8719.37 100
8720.53 350
8721.69 350
8722.86 100
8724.02 350
8725.2 350
8726.36 350
8727.53 350
8728.7 100
8729.86 100
8731.03 100
8732.2 350
8733.36 350
8734.53 100
8735.7 100
8736.86 350
8738.03 350
8739.2 100
8740.36 350
8741.53 350
8742.7 100
8743.86 100
8745.03 350
8746.2 350
8747.36 350
8748.52 100
8749.69 100
8750.86 350
8752.03 350
8753.2 100
8754.36 100
8755.53 100
8756.69 350
8757.85 350
8759.01 350
8760.18 350
8761.35 100
8762.52 100
8763.69 350
8764.86 100
8766.02 100
8767.2 350
8768.36 350
8769.54 100
8770.7 100
8771.86 350
8773.02 100
8774.19 100
8775.36 350
8776.53 350
8777.7 100
8778.86 100
8780.04 350
8781.2 350
8782.35 100
8783.52 100
8784.69 100
8785.86 350
8787.03 350
8788.2 100
8789.36 350
8790.52 350
8791.69 100
8792.86 100
8794.03 350
8795.2 350
8796.37 350
8797.54 100
8798.7 100
8799.86 100
8801.03 100
8802.2 350
8803.36 350
8804.53 100
8805.7 350
8806.87 350
8808.04 100
8809.2 100
8810.36 350
8811.53 350
8812.7 350
8813.86 100
8815.02 100
8816.19 100
8817.35 100
8818.52 350
8819.69 350
8820.86 100
8822.04 350
8823.2 350
8824.36 350
8825.53 350
8826.7 100
8827.86 100
8829.02 100
8830.2 350
8831.36 350
8832.53 100
8833.7 100
8834.86 350
8836.02 350
8837.19 100
8838.36 350
8839.52 350
8840.69 100
8841.85 100
8843.01 350
8844.18 350
8845.35 350
8846.51 100
8847.68 100
8848.84 100
8850.0 100
8851.16 350
8852.33 350
8853.5 100
8854.67 350
8855.84 350
8857.0 100
8858.15 100
8859.33 350
8860.5 350
8861.67 350
8862.84 100
8864.01 100
8865.18 350
8866.35 350
8867.51 100
8868.68 100
8869.85 100
8871.02 350
8872.19 350
8873.36 350
8874.52 350
8875.69 100
8876.86 100
8878.03 350
8879.19 100
8880.36 100
8881.53 100
8882.7 100
8883.86 350
8885.02 350
8886.19 100
8887.36 350
8888.52 350
8889.69 350
8890.86 350
8892.02 100
8893.19 100
8894.36 100
8895.53 350
8896.7 350
8897.86 100
8899.02 100
8900.19 350
8901.36 350
8902.52 350
8903.7 100
8904.86 100
8906.03 350
8907.19 350
8908.36 100
8909.53 350
8910.69 350
8911.86 100
8913.02 100
8914.19 100
8915.36 100
8916.53 350
8917.7 350
8918.86 100
8920.04 350
8921.2 350
8922.36 350
8923.54 350
8924.71 100
8925.88 350
8927.04 350
8928.21 100
8929.38 100
8930.54 100
8931.71 350
8932.88 350
8934.04 350
8935.21 350
8936.38 100
8937.54 100
8938.72 350
8939.88 350
8941.05 100
8942.21 350
8943.38 350
8944.54 100
8945.71 100
8946.88 350
8948.05 350
8949.21 100
8950.37 350
8951.54 350
8952.7 100
8953.87 100
8955.04 350
8956.21 350
8957.38 100
8958.56 350
8959.72 350
8960.89 100
8962.06 100
8963.22 350
8964.38 350
8965.55 100
8966.71 100
8967.88 100
8969.04 350
8970.2 350
8971.36 100
8972.53 350
8973.7 350
8974.86 100
8976.03 100
8977.19 100
8978.35 100
8979.52 350
8980.68 350
8981.85 350
8983.02 350
8984.19 350
8985.36 350
8986.52 350
8987.69 350
8988.86 350
8990.03 350
8991.2 350
8992.36 350
8993.54 350
8994.7 350
8995.86 350
8997.03 350
8998.2 350
8999.36 350
9000.53 350
9001.7 350
9002.87 350
9004.04 350
9005.21 350
9006.38 350
9007.55 350
9008.72 350
9009.89 350
9011.06 350
9012.23 350
9013.41 350
9014.59 350
9015.76 350
9016.93 350
9018.1 350
9019.27 350
9020.44 350
9021.61 350
9022.79 350
9023.96 350
9025.13 350
9026.32 350
9027.49 350
9028.67 350
9029.84 350
9031.0 350
9032.17 350
9033.34 350
9034.51 350
9035.68 350
9036.85 350
9038.02 350
9039.19 350
9040.36 350
9041.53 350
9042.71 350
9043.88 350
9045.04 350
9046.21 350
9047.39 350
9048.56 350
9049.73 350
9050.9 350
9052.07 350
9053.24 350
9054.4 350
9055.57 350
9056.74 350
9057.91 350
9059.08 350
9060.24 350
9061.42 350
9062.6 350
9063.76 350
9064.92 350
9066.09 350
9067.26 350
9068.43 350
9069.6 350
9070.77 350
9071.94 350
9073.11 350
9074.28 350
9075.45 350
9076.63 350
9077.8 350
9078.96 350
9080.13 350
9081.32 350
9082.48 350
9083.65 350
9084.82 350
9085.99 350
9087.16 350
9088.34 350
9089.51 350
9090.68 350
9091.85 350
9093.02 350
9094.19 350
9095.36 350
9096.53 350
9097.71 350
9098.88 350
9100.04 350
9101.2 350
9102.36 350
9103.54 350
9104.71 350
9105.88 350
9107.05 350
9108.21 350
9109.38 350
9110.55 350
9111.72 350
9112.89 350
9114.06 350
9115.23 350
9116.4 350
9117.57 350
9118.75 350
9119.92 350
9121.09 350
9122.25 350
9123.43 350
9124.6 350
9125.77 350
9126.94 350
9128.11 350
9129.28 350
9130.45 350
9131.62 350
9132.79 350
9133.96 350
9135.13 350
9136.32 350
9137.49 350
9138.66 350
9139.83 350
9141.0 350
9142.17 350
9143.35 350
9144.52 350
9145.69 350
9146.86 350
9148.03 350
9149.2 350
9150.36 350
9151.53 350
9152.7 350
9153.87 350
9155.04 350
9156.2 350
9157.37 350
9158.54 350
9159.71 350
9160.88 350
9162.05 350
9163.22 350
9164.39 350
9165.56 350
9166.72 350
9167.9 350
9169.06 350
9170.23 350
9171.4 350
9172.57 350
9173.75 350
9174.92 350
9176.08 350
9177.24 350
9178.42 350
9179.6 350
9180.76 350
9181.93 350
9183.1 350
9184.27 350
9185.44 350
9186.61 350
9187.79 350
9188.96 350
9190.12 350
9191.31 350
9192.48 350
9193.65 350
9194.83 350
9196.0 350
9197.17 350
9198.35 350
9199.52 350
9200.68 350
9201.85 350
9203.02 350
9204.19 350
9205.36 350
9206.53 350
9207.7 350
9208.87 350
9210.04 350
9211.2 350
9212.37 350
9213.54 350
9214.72 350
9215.89 350
9217.06 350
9218.23 350
9219.4 350
9220.57 350
9221.74 350
9222.91 350
9224.08 350
9225.25 350
9226.42 350
9227.59 350
9228.76 350
9229.92 350
9231.09 350
9232.26 350
9233.43 350
9234.6 350
9235.76 350
9236.93 350
9238.1 350
9239.27 350
9240.44 350
9241.61 350
9242.79 350
9243.96 350
9245.12 350
9246.31 350
9247.48 350
9248.64 350
9249.81 350
9250.98 350
9252.15 350
9253.33 350
9254.51 350
9255.68 350
9256.85 350
9258.02 350
9259.19 350
9260.36 350
9261.53 350
9262.7 350
9263.87 350
9265.04 350
9266.2 350
9267.37 350
9268.54 350
9269.71 350
9270.88 350
9272.05 350
9273.21 350
9274.39 350
9275.56 350
9276.74 350
9277.92 350
9279.08 350
9280.24 350
9281.41 350
9282.58 350
9283.75 350
9284.92 350
9286.08 350
9287.24 350
9288.41 350
9289.58 350
9290.75 350
9291.92 350
9293.09 350
9294.26 350
9295.44 350
9296.6 350
9297.76 350
9298.94 350
9300.11 350
9301.29 350
9302.46 350
9303.64 350
9304.81 350
9305.99 350
9307.16 350
9308.34 350
9309.52 350
9310.68 350
9311.84 350
9313.0 350
9314.17 350
9315.34 350
9316.51 350
9317.68 350
9318.84 350
9320.0 350
9321.15 350
9322.32 350
9323.5 350
9324.67 350
9325.84 350
9327.01 350
9328.18 350
9329.35 350
9330.52 350
9331.68 350
9332.86 350
9334.03 350
9335.2 350
9336.36 350
9337.53 350
9338.71 350
9339.88 350
9341.06 350
9342.23 350
9343.4 350
9344.56 350
9345.73 350
9346.9 350
9348.07 350
9349.24 350
9350.41 350
9351.59 350
9352.76 350
9353.92 350
9355.09 350
9356.26 350
9357.44 350
9358.6 350
9359.77 350
9360.94 350
9362.11 350
9363.29 350
9364.46 350
9365.64 350
9366.8 350
9367.97 350
9369.14 350
9370.32 350
9371.49 350
9372.66 350
9373.84 350
9375.0 350
9376.16 350
9377.34 350
9378.51 350
9379.68 350
9380.84 350
9382.02 350
9383.19 350
9384.36 350
9385.52 350
9386.7 350
9387.87 350
9389.04 350
9390.21 350
9391.39 350
9392.56 350
9393.73 350
9394.9 350
9396.07 350
9397.24 350
9398.41 350
9399.58 350
9400.75 350
9401.92 350
9403.1 350
9404.27 350
9405.45 350
9406.63 350
9407.8 350
9408.96 350
9410.13 350
9411.31 350
9412.48 350
9413.64 350
9414.81 350
9415.98 350
9417.16 350
9418.33 350
9419.5 350
9420.67 350
9421.84 350
9423.01 350
9424.18 350
9425.36 350
9426.53 350
9427.71 350
9428.88 350
9430.05 350
9431.22 350
9432.4 350
9433.56 350
9434.73 350
9435.91 350
9437.08 350
9438.25 350
9439.42 350
9440.6 350
9441.76 350
9442.93 350
9444.1 350
9445.26 350
9446.43 350
9447.6 350
9448.76 350
9449.94 350
9451.11 350
9452.29 350
9453.47 350
9454.64 350
9455.8 350
9456.97 350
9458.14 350
9459.32 350
9460.49 350
9461.67 350
9462.84 350
9464.0 350
9465.17 350
9466.35 350
9467.52 350
9468.69 350
9469.86 350
9471.03 350
9472.19 350
9473.36 350
9474.53 350
9475.7 350
9476.87 350
9478.04 350
9479.2 350
9480.36 350
9481.54 350
9482.72 350
9483.89 350
9485.07 350
9486.24 350
9487.41 350
9488.59 350
9489.76 350
9490.92 350
9492.09 350
9493.26 350
9494.44 350
9495.6 350
9496.76 350
9497.93 350
9499.1 350
9500.27 350
9501.44 350
9502.61 350
9503.78 350
9504.95 350
9506.12 350
9507.3 350
9508.46 350
9509.63 350
9510.8 350
9511.97 350
9513.16 350
9514.32 350
9515.5 350
9516.67 350
9517.84 350
9519.0 350
9520.17 350
9521.35 350
9522.52 350
9523.68 350
9524.85 350
9526.02 350
9527.19 350
9528.36 350
9529.54 350
9530.71 350
9531.88 350
9533.05 350
9534.22 350
9535.4 350
9536.56 350
9537.73 350
9538.91 350
9540.08 350
9541.24 350
9542.42 350
9543.59 350
9544.76 350
9545.93 350
9547.11 350
9548.28 350
9549.45 350
9550.63 350
9551.8 350
9552.97 350
9554.15 350
9555.32 350
9556.49 350
9557.66 350
9558.84 350
9560.0 350
9561.16 350
9562.34 350
9563.52 350
9564.69 350
9565.86 350
9567.03 350
9568.2 350
9569.36 350
9570.52 350
9571.69 350
9572.86 350
9574.04 350
9575.2 350
9576.37 350
9577.55 350
9578.72 350
9579.89 350
9581.06 350
9582.22 350
9583.39 350
9584.56 350
9585.73 350
9586.91 350
9588.08 350
9589.24 350
9590.4 350
9591.56 350
9592.73 350
9593.91 350
9595.08 350
9596.25 350
9597.42 350
9598.6 350
9599.76 350
9600.94 350
9602.11 350
9603.29 350
9604.46 350
9605.63 350
9606.8 350
9607.96 350
9609.13 350
9610.31 350
9611.48 350
9612.64 350
9613.81 350
9614.98 350
9616.16 350
9617.33 350
9618.5 350
9619.66 350
9620.82 350
9621.99 350
9623.16 350
9624.34 350
9625.52 350
9626.69 350
9627.86 350
9629.03 350
9630.2 350
9631.36 350
9632.53 350
9633.7 350
9634.87 350
9636.04 350
9637.2 350
9638.37 350
9639.54 350
9640.71 350
9641.88 350
9643.05 350
9644.22 350
9645.39 350
9646.56 350
9647.72 350
9648.89 350
9650.06 350
9651.23 350
9652.4 350
9653.56 350
9654.73 350
9655.91 350
9657.08 350
9658.24 350
9659.41 350
9660.58 350
9661.75 350
9662.92 350
9664.09 350
9665.25 350
9666.42 350
9667.6 350
9668.76 350
9669.93 350
9671.1 350
9672.28 350
9673.44 350
9674.61 350
9675.79 350
9676.96 350
9678.13 350
9679.32 350
9680.49 350
9681.65 350
9682.82 350
9683.99 350
9685.16 350
9686.33 350
9687.5 350
9688.65 350
9689.81 350
9690.97 350
9692.13 350
9693.32 350
9694.49 350
9695.67 350
9696.84 350
9698.0 350
9699.16 350
9700.34 350
9701.52 350
9702.68 350
9703.85 350
9705.02 350
9706.19 350
9707.36 350
9708.54 350
9709.71 350
9710.88 350
9712.04 350
9713.21 350
9714.39 350
9715.56 350
9716.74 350
9717.91 350
9719.08 350
9720.25 350
9721.43 350
9722.6 350
9723.76 350
9724.94 350
9726.11 350
9727.29 350
9728.45 350
9729.62 350
9730.79 350
9731.96 350
9733.13 350
9734.31 350
9735.48 350
9736.65 350
9737.83 350
9739.0 350
9740.16 350
9741.33 350
9742.5 350
9743.66 350
9744.83 350
9746.0 350
9747.16 350
9748.34 350
9749.51 350
9750.68 350
9751.85 350
9753.02 350
9754.19 350
9755.36 350
9756.53 350
9757.7 350
9758.87 350
9760.04 350
9761.2 350
9762.37 350
9763.54 350
9764.71 350
9765.89 350
9767.06 350
9768.23 350
9769.4 350
9770.56 350
9771.73 350
9772.9 350
9774.06 350
9775.23 350
9776.4 350
9777.57 350
9778.74 350
9779.91 350
9781.08 350
9782.25 350
9783.43 350
9784.6 350
9785.76 350
9786.94 350
9788.11 350
9789.29 350
9790.46 350
9791.64 350
9792.81 350
9793.99 350
9795.16 350
9796.33 350
9797.51 350
9798.68 350
9799.84 350
9801.01 350
9802.18 350
9803.35 350
9804.52 350
9805.69 350
9806.86 350
9808.03 350
9809.2 350
9810.36 350
9811.53 350
9812.71 350
9813.88 350
9815.05 350
9816.21 350
9817.39 350
9818.56 350
9819.73 350
9820.91 350
9822.08 350
9823.24 350
9824.42 350
9825.59 350
9826.76 350
9827.92 350
9829.09 350
9830.26 350
9831.44 350
9832.61 350
9833.78 350
9834.95 350
9836.12 350
9837.3 350
9838.47 350
9839.64 350
9840.81 350
9841.99 350
9843.16 350
9844.33 350
9845.51 350
9846.68 350
9847.85 350
9849.02 350
9850.19 350
9851.36 350
9852.53 350
9853.71 350
9854.88 350
9856.05 350
9857.22 350
9858.39 350
9859.56 350
9860.72 350
9861.89 350
9863.06 350
9864.23 350
9865.4 350
9866.56 350
9867.72 350
9868.9 350
9870.07 350
9871.24 350
9872.4 350
9873.56 350
9874.73 350
9875.91 350
9877.08 350
9878.25 350
9879.42 350
9880.6 350
9881.76 350
9882.93 350
9884.1 350
9885.28 350
9886.45 350
9887.62 350
9888.8 350
9889.96 350
9891.14 350
9892.32 350
9893.49 350
9894.66 350
9895.84 350
9897.0 350
9898.16 350
9899.33 350
9900.5 350
9901.67 350
9902.84 350
9904.0 350
9905.16 350
9906.34 350
9907.52 350
9908.68 350
9909.85 350
9911.02 350
9912.19 350
9913.36 350
9914.54 350
9915.71 350
9916.88 350
9918.05 350
9919.22 350
9920.39 350
9921.56 350
9922.73 350
9923.91 350
9925.08 350
9926.24 350
9927.41 350
9928.58 350
9929.75 350
9930.92 350
9932.08 350
9933.25 350
9934.43 350
9935.6 350
9936.76 350
9937.93 350
9939.1 350
9940.28 350
9941.45 350
9942.62 350
9943.8 350
9944.96 350
9946.14 350
9947.32 350
9948.49 350
9949.66 350
9950.83 350
9952.0 350
9953.16 350
9954.33 350
9955.5 350
9956.67 350
9957.84 350
9959.01 350
9960.18 350
9961.35 350
9962.52 350
9963.69 350
9964.86 350
9966.04 350
9967.2 350
9968.37 350
9969.55 350
9970.72 350
9971.89 350
9973.06 350
9974.23 350
9975.4 350
9976.56 350
9977.73 350
9978.91 350
9980.08 350
9981.24 350
9982.4 350
9983.57 350
9984.74 350
9985.92 350
9987.08 350
9988.25 350
9989.42 350
9990.59 350
9991.76 350
9992.92 350
9994.09 350
9995.27 350
9996.45 350
9997.63 350
9998.8 350
9999.96 350
10001.14 350
10002.35 350
10003.56 350
10004.76 350
10005.97 350
10007.18 350
10008.4 350
10009.6 350
10010.8 350
10012.0 350
10013.2 350
10014.4 350
10015.6 350
10016.8 350
10018.0 350
10019.2 350
10020.4 350
10021.6 350
10022.81 350
10024.02 350
10025.23 350
10026.44 350
10027.64 350
10028.84 350
10030.04 350
10031.25 350
10032.46 350
10033.67 350
10034.88 350
10036.08 350
10037.3 350
10038.51 350
10039.72 350
10040.93 350
10042.15 350
10043.36 350
10044.57 350
10045.78 350
10046.99 350
10048.2 350
10049.4 350
10050.6 350
10051.8 350
10053.0 350
10054.2 350
10055.4 350
10056.61 350
10057.83 350
10059.04 350
10060.24 350
10061.45 350
10062.66 350
10063.88 350
10065.08 350
10066.29 350
10067.5 350
10068.7 350
10069.89 350
10071.09 350
10072.3 350
10073.51 350
10074.72 350
10075.93 350
10077.15 350
10078.37 350
10079.59 350
10080.8 350
10082.0 350
10083.2 350
10084.4 350
10085.6 350
10086.8 350
10088.0 350
10089.2 350
10090.4 350
10091.61 350
10092.83 350
10094.04 350
10095.24 350
10096.44 350
10097.66 350
10098.87 350
10100.08 350
10101.28 350
10102.49 350
10103.7 350
10104.91 350
10106.12 350
10107.34 350
10108.55 350
10109.76 350
10110.98 350
10112.19 350
10113.4 350
10114.6 350
10115.8 350
10117.0 350
10118.2 350
10119.41 350
10120.62 350
10121.83 350
10123.04 350
10124.24 350
10125.45 350
10126.66 350
10127.87 350
10129.08 350
10130.29 350
10131.5 350
10132.7 350
10133.91 350
10135.12 350
10136.34 350
10137.56 350
10138.77 350
10139.99 350
10141.2 350
10142.4 350
10143.61 350
10144.82 350
10146.03 350
10147.24 350
10148.44 350
10149.65 350
10150.87 350
10152.08 350
10153.3 350
10154.51 350
10155.72 350
10156.92 350
10158.14 350
10159.35 350
10160.56 350
10161.76 350
10162.97 350
10164.18 350
10165.4 350
10166.6 350
10167.8 350
10169.0 350
10170.2 350
10171.4 350
10172.61 350
10173.83 350
10175.04 350
10176.24 350
10177.44 350
10178.65 350
10179.85 350
10181.06 350
10182.28 350
10183.48 350
10184.7 350
10185.91 350
10187.12 350
10188.34 350
10189.56 350
10190.76 350
10191.97 350
10193.19 350
10194.4 350
10195.6 350
10196.8 350
10198.01 350
10199.21 350
10200.42 350
10201.63 350
10202.84 350
10204.04 350
10205.26 350
10206.47 350
10207.67 350
10208.88 350
10210.08 350
10211.3 350
10212.52 350
10213.73 350
10214.94 350
10216.15 350
10217.36 350
10218.57 350
10219.78 350
10220.99 350
10222.2 350
10223.4 350
10224.6 350
10225.81 350
10227.03 350
10228.24 350
10229.44 350
10230.65 350
10231.86 350
10233.07 350
10234.28 350
10235.49 350
10236.7 350
10237.91 350
10239.13 350
10240.35 350
10241.56 350
10242.76 350
10243.97 350
10245.18 350
10246.39 350
10247.6 350
10248.8 350
10250.0 350
10251.2 350
10252.41 350
10253.62 350
10254.83 350
10256.04 350
10257.24 350
10258.44 350
10259.65 350
10260.86 350
10262.06 350
10263.28 350
10264.48 350
10265.69 350
10266.9 350
10268.1 350
10269.31 350
10270.52 350
10271.72 350
10272.94 350
10274.15 350
10275.36 350
10276.56 350
10277.76 350
10278.96 350
10280.16 350
10281.37 350
10282.58 350
10283.79 350
10285.0 350
10286.2 350
10287.41 350
10288.62 350
10289.83 350
10291.04 350
10292.24 350
10293.44 350
10294.64 350
10295.85 350
10297.06 350
10298.28 350
10299.48 350
10300.69 350
10301.9 350
10303.1 350
10304.32 350
10305.53 350
10306.73 350
10307.94 350
10309.15 350
10310.36 350
10311.57 350
10312.78 350
10313.99 350
10315.19 350
10316.4 350
10317.6 350
10318.8 350
10320.0 350
10321.19 350
10322.4 350
10323.6 350
10324.8 350
10326.02 350
10327.22 350
10328.43 350
10329.64 350
10330.84 350
10332.05 350
10333.27 350
10334.48 350
10335.68 350
10336.89 350
10338.09 350
10339.3 350
10340.51 350
10341.72 350
10342.93 350
10344.14 350
10345.36 350
10346.56 350
10347.77 350
10348.98 350
10350.19 350
10351.4 350
10352.6 350
10353.8 350
10355.01 350
10356.22 350
10357.43 350
10358.64 350
10359.84 350
10361.05 350
10362.26 350
10363.47 350
10364.68 350
10365.88 350
10367.1 350
10368.32 350
10369.52 350
10370.73 350
10371.94 350
10373.15 350
10374.36 350
10375.57 350
10376.78 350
10377.99 350
10379.2 350
10380.41 350
10381.62 350
10382.83 350
10384.04 350
10385.25 350
10386.46 350
10387.67 350
10388.88 350
10390.09 350
10391.3 350
10392.51 350
10393.72 350
10394.93 350
10396.14 350
10397.35 350
10398.56 350
10399.77 350
10400.97 350
10402.18 350
10403.39 350
10404.6 350
10405.8 350
10407.0 350
10408.2 350
10409.4 350
10410.6 350
10411.8 350
10413.0 350
10414.2 350
10415.4 350
10416.61 350
10417.82 350
10419.03 350
10420.24 350
10421.44 350
10422.65 350
10423.86 350
10425.07 350
10426.28 350
10427.49 350
10428.69 350
10429.89 350
10431.1 350
10432.32 350
10433.53 350
10434.74 350
10435.95 350
10437.15 350
10438.36 350
10439.56 350
10440.77 350
10441.98 350
10443.19 350
10444.4 350
10445.6 350
10446.8 350
10448.01 350
10449.21 350
10450.42 350
10451.63 350
10452.84 350
10454.05 350
10455.26 350
10456.47 350
10457.68 350
10458.88 350
10460.09 350
10461.31 350
10462.52 350
10463.72 350
10464.92 350
10466.14 350
10467.35 350
10468.56 350
10469.77 350
10470.97 350
10472.18 350
10473.39 350
10474.6 350
10475.8 350
10477.01 350
10478.22 350
10479.44 350
10480.65 350
10481.85 350
10483.06 350
10484.28 350
10485.48 350
10486.69 350
10487.9 350
10489.12 350
10490.33 350
10491.54 350
10492.75 350
10493.96 350
10495.17 350
10496.38 350
10497.59 350
10498.8 350
10500.0 350
10501.2 350
10502.4 350
10503.6 350
10504.8 350
10506.01 350
10507.21 350
10508.43 350
10509.64 350
10510.84 350
10512.05 350
10513.27 350
10514.48 350
10515.68 350
10516.89 350
10518.1 350
10519.32 350
10520.52 350
10521.74 350
10522.95 350
10524.16 350
10525.37 350
10526.57 350
10527.77 350
10528.98 350
10530.19 350
10531.4 350
10532.6 350
10533.8 350
10535.01 350
10536.22 350
10537.43 350
10538.64 350
10539.84 350
10541.05 350
10542.26 350
10543.46 350
10544.66 350
10545.86 350
10547.06 350
10548.28 350
10549.49 350
10550.7 350
10551.91 350
10553.12 350
10554.34 350
10555.56 350
10556.76 350
10557.97 350
10559.18 350
10560.39 350
10561.6 350
10562.8 350
10564.0 350
10565.19 350
10566.39 350
10567.6 350
10568.8 350
10570.0 350
10571.2 350
10572.4 350
10573.61 350
10574.82 350
10576.03 350
10577.24 350
10578.44 350
10579.65 350
10580.87 350
10582.08 350
10583.29 350
10584.5 350
10585.7 350
10586.91 350
10588.12 350
10589.34 350
10590.55 350
10591.76 350
10592.96 350
10594.17 350
10595.38 350
10596.59 350
10597.8 350
10599.0 350
10600.2 350
10601.4 350
10602.6 350
10603.8 350
10605.01 350
10606.22 350
10607.43 350
10608.64 350
10609.85 350
10611.06 350
10612.28 350
10613.48 350
10614.69 350
10615.9 350
10617.1 350
10618.31 350
10619.52 350
10620.72 350
10621.93 350
10623.15 350
10624.36 350
10625.56 350
10626.77 350
10627.98 350
10629.19 350
10630.4 350
10631.6 350
10632.81 350
10634.03 350
10635.23 350
10636.44 350
10637.65 350
10638.85 350
10640.06 350
10641.28 350
10642.48 350
10643.69 350
10644.9 350
10646.1 350
10647.32 350
10648.53 350
10649.75 350
10650.96 350
10652.16 350
10653.37 350
10654.57 350
10655.78 350
10656.99 350
10658.2 350
10659.4 350
10660.6 350
10661.8 350
10663.0 350
10664.2 350
10665.4 350
10666.6 350
10667.8 350
10669.0 350
10670.21 350
10671.43 350
10672.64 350
10673.84 350
10675.04 350
10676.25 350
10677.45 350
10678.65 350
10679.86 350
10681.08 350
10682.29 350
10683.5 350
10684.71 350
10685.92 350
10687.13 350
10688.34 350
10689.55 350
10690.76 350
10691.96 350
10693.17 350
10694.38 350
10695.59 350
10696.8 350
10698.0 350
10699.2 350
10700.4 350
10701.61 350
10702.83 350
10704.04 350
10705.25 350
10706.46 350
10707.67 350
10708.88 350
10710.08 350
10711.3 350
10712.51 350
10713.72 350
10714.92 350
10716.13 350
10717.35 350
10718.56 350
10719.77 350
10720.98 350
10722.19 350
10723.4 350
10724.6 350
10725.8 350
10727.0 350
10728.2 350
10729.41 350
10730.63 350
10731.84 350
10733.04 350
10734.25 350
10735.46 350
10736.66 350
10737.86 350
10739.06 350
10740.28 350
10741.49 350
10742.69 350
10743.89 350
10745.11 350
10746.32 350
10747.53 350
10748.74 350
10749.94 350
10751.15 350
10752.36 350
10753.56 350
10754.77 350
10755.98 350
10757.19 350
10758.4 350
10759.6 350
10760.8 350
10762.0 350
10763.2 350
10764.41 350
10765.62 350
10766.83 350
10768.04 350
10769.25 350
10770.45 350
10771.66 350
10772.87 350
10774.08 350
10775.29 350
10776.5 350
10777.71 350
10778.92 350
10780.13 350
10781.34 350
10782.55 350
10783.76 350
10784.96 350
10786.17 350
10787.38 350
10788.59 350
10789.8 350
10791.0 350
10792.2 350
10793.41 350
10794.62 350
10795.83 350
10797.04 350
10798.26 350
10799.48 350
10800.68 350
10801.89 350
10803.11 350
10804.32 350
10805.53 350
10806.74 350
10807.95 350
10809.16 350
10810.38 350
10811.59 350
10812.8 350
10814.0 350
10815.2 350
10816.4 350
10817.6 350
10818.8 350
10820.0 350
10821.2 350
10822.4 350
10823.6 350
10824.8 350
10826.0 350
10827.2 350
10828.41 350
10829.62 350
10830.83 350
10832.04 350
10833.26 350
10834.47 350
10835.68 350
10836.88 350
10838.09 350
10839.3 350
10840.5 350
10841.7 350
10842.9 350
10844.11 350
10845.32 350
10846.53 350
10847.74 350
10848.95 350
10850.16 350
10851.36 350
10852.57 350
10853.78 350
10854.99 350
10856.19 350
10857.39 350
10858.6 350
10859.8 350
10861.0 350
10862.2 350
10863.4 350
10864.6 350
10865.81 350
10867.03 350
10868.24 350
10869.45 350
10870.66 350
10871.87 350
10873.08 350
10874.29 350
10875.5 350
10876.7 350
10877.91 350
10879.12 350
10880.34 350
10881.55 350
10882.76 350
10883.96 350
10885.16 350
10886.36 350
10887.57 350
10888.78 350
10889.99 350
10891.2 350
10892.4 350
10893.61 350
10894.82 350
10896.03 350
10897.24 350
10898.44 350
10899.65 350
10900.86 350
10902.07 350
10903.28 350
10904.49 350
10905.7 350
10906.91 350
10908.12 350
10909.33 350
10910.54 350
10911.75 350
10912.96 350
10914.17 350
10915.38 350
10916.59 350
10917.8 350
10919.0 350
10920.2 350
10921.4 350
10922.6 350
10923.8 350
10925.0 350
10926.21 350
10927.42 350
10928.63 350
10929.84 350
10931.04 350
10932.25 350
10933.46 350
10934.67 350
10935.88 350
10937.08 350
10938.29 350
10939.5 350
10940.71 350
10941.92 350
10943.13 350
10944.34 350
10945.55 350
10946.76 350
10947.96 350
10949.17 350
10950.38 350
10951.59 350
10952.8 350
10954.0 350
10955.2 350
10956.4 350
10957.61 350
10958.83 350
10960.04 350
10961.26 350
10962.47 350
10963.68 350
10964.88 350
10966.08 350
10967.29 350
10968.5 350
10969.7 350
10970.91 350
10972.12 350
10973.34 350
10974.55 350
10975.76 350
10976.96 350
10978.17 350
10979.38 350
10980.58 350
10981.78 350
10982.99 350
10984.2 350
10985.4 350
10986.62 350
10987.83 350
10989.04 350
10990.25 350
10991.46 350
10992.67 350
10993.88 350
10995.08 350
10996.29 350
10997.5 350
10998.71 350
10999.92 350
11001.12 350
11002.34 350
11003.56 350
11004.76 350
11005.97 350
11007.18 350
11008.39 350
11009.6 350
11010.8 350
11012.0 350
11013.2 350
11014.4 350
11015.61 350
11016.82 350
11018.03 350
11019.24 350
11020.46 350
11021.67 350
11022.88 350
11024.08 350
11025.3 350
11026.51 350
11027.72 350
11028.92 350
11030.13 350
11031.34 350
11032.55 350
11033.76 350
11034.97 350
11036.17 350
11037.38 350
11038.59 350
11039.8 350
11041.0 350
11042.2 350
11043.4 350
11044.6 350
11045.8 350
11047.0 350
11048.2 350
11049.41 350
11050.63 350
11051.84 350
11053.04 350
11054.25 350
11055.46 350
11056.67 350
11057.88 350
11059.08 350
11060.3 350
11061.51 350
11062.72 350
11063.93 350
11065.14 350
11066.36 350
11067.57 350
11068.78 350
11069.98 350
11071.19 350
11072.4 350
11073.6 350
11074.8 350
11076.01 350
11077.23 350
11078.44 350
11079.65 350
11080.87 350
11082.07 350
11083.28 350
11084.49 350
11085.7 350
11086.91 350
11088.12 350
11089.32 350
11090.54 350
11091.75 350
11092.96 350
11094.17 350
11095.38 350
11096.59 350
11097.8 350
11099.0 350
11100.2 350
11101.41 350
11102.62 350
11103.84 350
11105.04 350
11106.25 350
11107.46 350
11108.67 350
11109.88 350
11111.08 350
11112.29 350
11113.5 350
11114.71 350
11115.92 350
11117.12 350
11118.33 350
11119.54 350
11120.75 350
11121.96 350
11123.16 350
11124.38 350
11125.59 350
11126.8 350
11128.0 350
11129.2 350
11130.41 350
11131.63 350
11132.84 350
11134.05 350
11135.27 350
11136.48 350
11137.69 350
11138.9 350
11140.12 350
11141.32 350
11142.54 350
11143.75 350
11144.96 350
11146.16 350
11147.37 350
11148.58 350
11149.79 350
11151.0 350
11152.2 350
11153.41 350
11154.62 350
11155.83 350
11157.04 350
11158.24 350
11159.45 350
11160.66 350
11161.87 350
11163.08 350
11164.29 350
11165.5 350
11166.7 350
11167.91 350
11169.12 350
11170.33 350
11171.55 350
11172.76 350
11173.96 350
11175.16 350
11176.37 350
11177.59 350
11178.8 350
11180.0 350
11181.21 350
11182.43 350
11183.64 350
11184.84 350
11186.05 350
11187.26 350
11188.47 350
11189.68 350
11190.88 350
11192.1 350
11193.31 350
11194.52 350
11195.73 350
11196.95 350
11198.16 350
11199.37 350
11200.58 350
11201.79 350
11203.0 350
11204.2 350
11205.4 350
11206.61 350
11207.82 350
11209.02 350
11210.23 350
11211.44 350
11212.65 350
11213.86 350
11215.07 350
11216.28 350
11217.49 350
11218.69 350
11219.89 350
11221.1 350
11222.31 350
11223.52 350
11224.73 350
11225.94 350
11227.15 350
11228.36 350
11229.56 350
11230.76 350
11231.96 350
11233.16 350
11234.37 350
11235.59 350
11236.8 350
11238.0 350
11239.2 350
11240.4 350
11241.6 350
11242.8 350
11244.0 350
11245.2 350
11246.41 350
11247.63 350
11248.84 350
11250.04 350
11251.25 350
11252.46 350
11253.67 350
11254.88 350
11256.09 350
11257.3 350
11258.51 350
11259.72 350
11260.93 350
11262.13 350
11263.35 350
11264.56 350
11265.76 350
11266.96 350
11268.16 350
11269.37 350
11270.58 350
11271.79 350
11273.0 350
11274.19 350
11275.4 350
11276.6 350
11277.8 350
11279.0 350
11280.2 350
11281.41 350
11282.62 350
11283.83 350
11285.04 350
11286.25 350
11287.45 350
11288.66 350
11289.87 350
11291.08 350
11292.29 350
11293.5 350
11294.7 350
11295.91 350
11297.12 350
11298.32 350
11299.53 350
11300.74 350
11301.96 350
11303.16 350
11304.37 350
11305.58 350
11306.79 350
11308.0 350
11309.2 350
11310.41 350
11311.63 350
11312.84 350
11314.04 350
11315.26 350
11316.47 350
11317.68 350
11318.88 350
11320.09 350
11321.29 350
11322.5 350
11323.71 350
11324.92 350
11326.12 350
11327.33 350
11328.54 350
11329.75 350
11330.96 350
11332.16 350
11333.37 350
11334.57 350
11335.78 350
11336.98 350
11338.18 350
11339.39 350
11340.59 350
11341.8 350
11343.0 350
11344.2 350
11345.41 350
11346.63 350
11347.84 350
11349.04 350
11350.26 350
11351.47 350
11352.68 350
11353.88 350
11355.09 350
11356.3 350
11357.51 350
11358.72 350
11359.93 350
11361.14 350
11362.35 350
11363.56 350
11364.76 350
11365.97 350
11367.18 350
11368.39 350
11369.6 350
11370.8 350
11372.0 350
11373.2 350
11374.4 350
11375.62 350
11376.84 350
11378.04 350
11379.26 350
11380.47 350
11381.68 350
11382.88 350
11384.1 350
11385.31 350
11386.52 350
11387.73 350
11388.94 350
11390.15 350
11391.36 350
11392.57 350
11393.78 350
11394.98 350
11396.18 350
11397.39 350
11398.6 350
11399.8 350
11401.0 350
11402.2 350
11403.41 350
11404.62 350
11405.82 350
11407.03 350
11408.24 350
11409.45 350
11410.66 350
11411.87 350
11413.08 350
11414.29 350
11415.5 350
11416.71 350
11417.92 350
11419.13 350
11420.34 350
11421.55 350
11422.76 350
11423.96 350
11425.17 350
11426.38 350
11427.59 350
11428.8 350
11430.0 350
11431.19 350
11432.39 350
11433.6 350
11434.8 350
11436.0 350
11437.22 350
11438.43 350
11439.64 350
11440.84 350
11442.04 350
11443.25 350
11444.46 350
11445.67 350
11446.88 350
11448.09 350
11449.29 350
11450.51 350
11451.72 350
11452.92 350
11454.13 350
11455.34 350
11456.55 350
11457.76 350
11458.96 350
11460.17 350
11461.38 350
11462.59 350
11463.8 350
11465.0 350
11466.2 350
11467.4 350
11468.6 350
11469.8 350
11471.01 350
11472.23 350
11473.44 350
11474.64 350
11475.85 350
11477.06 350
11478.27 350
11479.48 350
11480.68 350
11481.89 350
11483.1 350
11484.32 350
11485.52 350
11486.72 350
11487.92 350
11489.13 350
11490.34 350
11491.56 350
11492.76 350
11493.97 350
11495.18 350
11496.4 350
11497.6 350
11498.81 350
11500.02 350
11501.24 350
11502.44 350
11503.65 350
11504.86 350
11506.07 350
11507.28 350
11508.48 350
11509.68 350
11510.89 350
11512.1 350
11513.31 350
11514.52 350
11515.72 350
11516.94 350
11518.15 350
11519.36 350
11520.58 350
11521.79 350
11523.0 350
11524.2 350
11525.4 350
11526.6 350
11527.8 350
11529.0 350
11530.21 350
11531.43 350
11532.63 350
11533.84 350
11535.04 350
11536.25 350
11537.46 350
11538.67 350
11539.88 350
11541.09 350
11542.29 350
11543.5 350
11544.71 350
11545.92 350
11547.12 350
11548.33 350
11549.54 350
11550.75 350
11551.96 350
11553.16 350
11554.37 350
11555.58 350
11556.79 350
11558.0 350
11559.2 350
11560.4 350
11561.6 350
11562.81 350
11564.02 350
11565.24 350
11566.44 350
11567.65 350
11568.86 350
11570.06 350
11571.27 350
11572.48 350
11573.68 350
11574.89 350
11576.1 350
11577.31 350
11578.52 350
11579.73 350
11580.94 350
11582.15 350
11583.36 350
11584.57 350
11585.77 350
11586.98 350
11588.19 350
11589.4 350
11590.6 350
11591.81 350
11593.02 350
11594.24 350
11595.44 350
11596.65 350
11597.86 350
11599.08 350
11600.28 350
11601.49 350
11602.7 350
11603.9 350
11605.1 350
11606.31 350
11607.52 350
11608.73 350
11609.93 350
11611.14 350
11612.36 350
11613.57 350
11614.78 350
11615.99 350
11617.19 350
11618.4 350
11619.6 350
11620.8 350
11622.0 350
11623.2 350
11624.41 350
11625.63 350
11626.84 350
11628.04 350
11629.25 350
11630.46 350
11631.67 350
11632.88 350
11634.08 350
11635.29 350
11636.5 350
11637.71 350
11638.92 350
11640.13 350
11641.34 350
11642.55 350
11643.76 350
11644.96 350
11646.17 350
11647.38 350
11648.59 350
11649.79 350
11651.0 350
11652.21 350
11653.42 350
11654.63 350
11655.84 350
11657.04 350
11658.26 350
11659.46 350
11660.67 350
11661.88 350
11663.09 350
11664.29 350
11665.5 350
11666.71 350
11667.92 350
11669.13 350
11670.34 350
11671.55 350
11672.76 350
11673.97 350
11675.18 350
11676.39 350
11677.6 350
11678.8 350
11680.0 350
11681.21 350
11682.42 350
11683.63 350
11684.84 350
11686.05 350
11687.26 350
11688.47 350
11689.68 350
11690.88 350
11692.1 350
11693.31 350
11694.52 350
11695.73 350
11696.94 350
11698.15 350
11699.36 350
11700.57 350
11701.78 350
11702.99 350
11704.2 350
11705.4 350
11706.61 350
11707.82 350
11709.03 350
11710.24 350
11711.45 350
11712.67 350
11713.88 350
11715.09 350
11716.3 350
11717.5 350
11718.71 350
11719.92 350
11721.13 350
11722.34 350
11723.55 350
11724.76 350
11725.97 350
11727.18 350
11728.39 350
11729.6 350
11730.8 350
11732.01 350
11733.23 350
11734.44 350
11735.64 350
11736.85 350
11738.06 350
11739.28 350
11740.49 350
11741.7 350
11742.9 350
11744.1 350
11745.31 350
11746.52 350
11747.74 350
11748.95 350
11750.16 350
11751.36 350
11752.58 350
11753.78 350
11754.99 350
11756.2 350
11757.4 350
11758.61 350
11759.83 350
11761.04 350
11762.25 350
11763.46 350
11764.67 350
11765.88 350
11767.09 350
11768.29 350
11769.5 350
11770.69 350
11771.9 350
11773.1 350
11774.31 350
11775.52 350
11776.72 350
11777.93 350
11779.14 350
11780.35 350
11781.56 350
11782.76 350
11783.97 350
11785.18 350
11786.4 350
11787.6 350
11788.8 350
11790.0 350
11791.21 350
11792.42 350
11793.63 350
11794.84 350
11796.04 350
11797.26 350
11798.47 350
11799.68 350
11800.89 350
11802.1 350
11803.31 350
11804.52 350
11805.73 350
11806.95 350
11808.15 350
11809.36 350
11810.56 350
11811.77 350
11812.99 350
11814.21 350
11815.42 350
11816.63 350
11817.84 350
11819.04 350
11820.26 350
11821.47 350
11822.68 350
11823.88 350
11825.09 350
11826.3 350
11827.51 350
11828.72 350
11829.93 350
11831.14 350
11832.36 350
11833.56 350
11834.77 350
11835.98 350
11837.19 350
11838.4 350
11839.6 350
11840.8 350
11842.0 350
11843.21 350
11844.42 350
11845.63 350
11846.84 350
11848.05 350
11849.27 350
11850.48 350
11851.69 350
11852.9 350
11854.11 350
11855.32 350
11856.52 350
11857.73 350
11858.94 350
11860.15 350
11861.36 350
11862.57 350
11863.78 350
11864.99 350
11866.2 350
11867.4 350
11868.6 350
11869.8 350
11871.0 350
11872.21 350
11873.43 350
11874.64 350
11875.85 350
11877.07 350
11878.28 350
11879.48 350
11880.69 350
11881.9 350
11883.1 350
11884.31 350
11885.52 350
11886.74 350
11887.95 350
11889.16 350
11890.37 350
11891.58 350
11892.79 350
11894.0 350
11895.21 350
11896.42 350
11897.63 350
11898.84 350
11900.05 350
11901.27 350
11902.48 350
11903.69 350
11904.9 350
11906.1 350
11907.3 350
11908.51 350
11909.72 350
11910.92 350
11912.13 350
11913.35 350
11914.56 350
11915.77 350
11916.97 350
11918.17 350
11919.38 350
11920.59 350
11921.8 350
11923.0 350
11924.21 350
11925.42 350
11926.63 350
11927.84 350
11929.04 350
11930.26 350
11931.47 350
11932.68 350
11933.89 350
11935.1 350
11936.31 350
11937.52 350
11938.73 350
11939.94 350
11941.15 350
11942.36 350
11943.56 350
11944.77 350
11945.98 350
11947.2 350
11948.4 350
11949.6 350
11950.8 350
11952.01 350
11953.23 350
11954.44 350
11955.65 350
11956.86 350
11958.08 350
11959.29 350
11960.5 350
11961.7 350
11962.91 350
11964.12 350
11965.33 350
11966.54 350
11967.75 350
11968.96 350
11970.17 350
11971.38 350
11972.6 350
11973.8 350
11975.0 350
11976.21 350
11977.42 350
11978.63 350
11979.84 350
11981.05 350
11982.27 350
11983.48 350
11984.68 350
11985.89 350
11987.11 350
11988.32 350
11989.53 350
11990.74 350
11991.95 350
11993.16 350
11994.37 350
11995.58 350
11996.79 350
11997.99 350
11999.2 350
12000.42 350
12001.64 350
12002.84 350
12004.04 350
12005.26 350
12006.47 350
12007.68 350
12008.88 350
12010.09 350
12011.29 350
12012.5 350
12013.72 350
12014.92 350
12016.13 350
12017.34 350
12018.55 350
12019.76 350
12020.96 350
12022.17 350
12023.38 350
12024.59 350
12025.8 350
12027.0 350
12028.2 350
12029.4 350
12030.61 350
12031.83 350
12033.04 350
12034.25 350
12035.46 350
12036.67 350
12037.88 350
12039.08 350
12040.28 350
12041.49 350
12042.7 350
12043.91 350
12045.11 350
12046.33 350
12047.54 350
12048.75 350
12049.96 350
12051.16 350
12052.37 350
12053.58 350
12054.79 350
12056.0 350
12057.21 350
12058.42 350
12059.63 350
12060.84 350
12062.06 350
12063.27 350
12064.48 350
12065.69 350
12066.9 350
12068.1 350
12069.3 350
12070.5 350
12071.71 350
12072.92 350
12074.13 350
12075.35 350
12076.56 350
12077.76 350
12078.96 350
12080.16 350
12081.37 350
12082.57 350
12083.78 350
12085.0 350
12086.2 350
12087.4 350
12088.6 350
12089.81 350
12091.02 350
12092.24 350
12093.45 350
12094.66 350
12095.87 350
12097.08 350
12098.28 350
12099.49 350
12100.7 350
12101.91 350
12103.12 350
12104.33 350
12105.54 350
12106.75 350
12107.96 350
12109.17 350
12110.39 350
12111.6 350
12112.8 350
12114.0 350
12115.21 350
12116.43 350
12117.64 350
12118.85 350
12120.07 350
12121.27 350
12122.48 350
12123.68 350
12124.88 350
12126.08 350
12127.28 350
12128.48 350
12129.7 350
12130.9 350
12132.1 350
12133.3 350
12134.51 350
12135.72 350
12136.94 350
12138.15 350
12139.36 350
12140.57 350
12141.78 350
12142.99 350
12144.2 350
12145.41 350
12146.63 350
12147.84 350
12149.06 350
12150.27 350
12151.48 350
12152.68 350
12153.89 350
12155.1 350
12156.31 350
12157.52 350
12158.72 350
12159.93 350
12161.15 350
12162.36 350
12163.56 350
12164.77 350
12165.98 350
12167.2 350
12168.4 350
12169.61 350
12170.82 350
12172.03 350
12173.24 350
12174.44 350
12175.65 350
12176.86 350
12178.08 350
12179.28 350
12180.49 350
12181.69 350
12182.9 350
12184.1 350
12185.3 350
12186.5 350
12187.7 350
12188.91 350
12190.12 350
12191.33 350
12192.55 350
12193.76 350
12194.96 350
12196.17 350
12197.38 350
12198.59 350
12199.8 350
12201.0 350
12202.21 350
12203.42 350
12204.63 350
12205.84 350
12207.04 350
12208.27 350
12209.48 350
12210.68 350
12211.89 350
12213.1 350
12214.3 350
12215.51 350
12216.72 350
12217.93 350
12219.14 350
12220.36 350
12221.57 350
12222.77 350
12223.98 350
12225.2 350
12226.4 350
12227.61 350
12228.83 350
12230.04 350
12231.25 350
12232.46 350
12233.67 350
12234.88 350
12236.09 350
12237.3 350
12238.51 350
12239.72 350
12240.93 350
12242.14 350
12243.35 350
12244.55 350
12245.75 350
12246.96 350
12248.16 350
12249.37 350
12250.58 350
12251.79 350
12253.0 350
12254.21 350
12255.42 350
12256.63 350
12257.84 350
12259.04 350
12260.26 350
12261.47 350
12262.68 350
12263.88 350
12265.09 350
12266.3 350
12267.51 350
12268.72 350
12269.93 350
12271.14 350
12272.35 350
12273.56 350
12274.76 350
12275.97 350
12277.19 350
12278.4 350
12279.6 350
12280.8 350
12282.0 350
12283.2 350
12284.4 350
12285.6 350
12286.8 350
12288.01 350
12289.23 350
12290.44 350
12291.64 350
12292.85 350
12294.07 350
12295.27 350
12296.48 350
12297.68 350
12298.89 350
12300.1 350
12301.31 350
12302.52 350
12303.72 350
12304.93 350
12306.13 350
12307.34 350
12308.55 350
12309.76 350
12310.97 350
12312.2 350
12313.4 350
12314.6 350
12315.81 350
12317.03 350
12318.24 350
12319.45 350
12320.66 350
12321.86 350
12323.07 350
12324.27 350
12325.48 350
12326.68 350
12327.89 350
12329.11 350
12330.32 350
12331.53 350
12332.74 350
12333.95 350
12335.16 350
12336.37 350
12337.58 350
12338.79 350
12340.0 350
12341.2 350
12342.42 350
12343.63 350
12344.84 350
12346.05 350
12347.26 350
12348.47 350
12349.68 350
12350.89 350
12352.09 350
12353.29 350
12354.5 350
12355.71 350
12356.92 350
12358.12 350
12359.34 350
12360.55 350
12361.76 350
12362.96 350
12364.16 350
12365.37 350
12366.58 350
12367.79 350
12369.0 350
12370.21 350
12371.42 350
12372.63 350
12373.84 350
12375.06 350
12376.26 350
12377.47 350
12378.68 350
12379.88 350
12381.09 350
12382.29 350
12383.5 350
12384.7 350
12385.9 350
12387.1 350
12388.31 350
12389.53 350
12390.73 350
12391.94 350
12393.14 350
12394.35 350
12395.56 350
12396.76 350
12397.96 350
12399.17 350
12400.38 350
12401.59 350
12402.8 350
12404.0 350
12405.21 350
12406.42 350
12407.63 350
12408.84 350
12410.05 350
12411.25 350
12412.45 350
