6535.22 0.26
6536.30 1.13
6537.39 1.56
6538.48 1.28
6539.56 0.64
6540.64 0.32
6541.72 0.16
6542.81 0.08
6544.96 13.52
6546.09 11.76
6547.21 7.38
6548.30 16.69
6549.42 22.85
6550.56 16.42
6551.68 19.71
6552.81 27.36
6553.94 27.18
6555.06 22.09
6556.18 29.54
6557.30 34.27
6558.42 29.14
6559.55 26.57
6560.68 31.28
6561.81 29.64
6562.94 22.82
6564.06 26.41
6565.18 32.71
6566.31 25.85
6567.44 23.43
6568.57 31.71
6569.70 32.86
6570.82 28.93
6571.94 28.96
6573.06 37.48
6574.18 32.24
6575.30 26.12
6576.43 31.56
6577.56 35.78
6578.69 30.89
6579.81 25.45
6580.94 30.22
6582.07 34.61
6583.20 24.81
6584.33 25.40
6585.44 32.70
6586.56 30.85
6587.69 24.43
6588.82 31.21
6589.94 38.11
6591.07 30.55
6592.19 26.78
6593.32 34.39
6594.45 30.69
6595.58 24.35
6596.70 30.67
6597.82 38.84
6598.96 32.42
6600.08 26.71
6601.20 32.85
6602.32 34.43
6603.45 27.71
6604.58 28.86
6605.70 35.43
6606.82 34.21
6607.95 29.11
6609.08 32.55
6610.20 37.28
6611.32 33.64
6612.45 27.32
6613.58 32.66
6614.70 37.83
6615.82 29.41
6616.96 27.71
6618.08 34.85
6619.20 33.93
6620.32 26.96
6621.45 31.98
6622.58 37.49
6623.70 31.75
6624.83 29.37
6625.96 37.19
6627.09 35.59
6628.21 28.30
6629.34 33.15
6630.46 39.07
6631.59 32.04
6632.70 26.52
6633.82 32.76
6634.95 33.38
6636.08 28.19
6637.20 27.59
6638.32 34.80
6639.44 30.90
6640.56 25.95
6641.69 32.47
6642.82 39.24
6643.94 41.12
6645.07 47.06
6646.18 50.03
6647.30 53.01
6648.42 49.51
6649.55 52.75
6650.68 51.38
6651.81 52.19
6652.94 52.59
6654.06 52.80
6655.18 52.40
6656.30 54.70
6657.42 50.85
6658.55 51.92
6659.68 53.96
6660.81 53.48
6661.94 53.24
6663.06 53.12
6664.19 55.06
6665.30 52.53
6666.42 52.77
6667.55 55.38
6668.68 54.19
6669.81 53.10
6670.94 55.05
6672.06 54.02
6673.18 53.01
6674.30 51.51
6675.43 52.25
6676.56 52.13
6677.69 52.56
6678.82 55.28
6679.94 56.64
6681.07 54.82
6682.19 56.91
6683.32 53.46
6684.45 53.73
6685.58 54.36
6686.71 54.18
6687.83 56.09
6688.95 53.05
6690.07 54.02
6691.18 56.01
6692.30 57.51
6693.43 56.25
6694.56 57.13
6695.69 53.56
6696.82 51.78
6697.94 54.89
6699.06 53.95
6700.18 56.47
6701.31 55.74
6702.44 56.37
6703.57 55.68
6704.70 56.34
6705.82 53.17
6706.94 51.59
6708.07 54.79
6709.19 52.90
6710.31 55.95
6711.44 52.97
6712.57 53.99
6713.70 53.99
6714.82 52.50
6715.94 53.75
6717.07 53.87
6718.19 54.44
6719.32 56.22
6720.45 53.61
6721.58 54.30
6722.70 54.15
6723.82 56.08
6724.94 57.04
6726.06 56.02
6727.18 57.01
6728.30 55.50
6729.42 53.25
6730.55 54.13
6731.68 52.06
6732.81 53.03
6733.93 56.02
6735.05 55.01
6736.17 53.00
6737.29 54.00
6738.40 54.50
6739.51 56.75
6740.64 55.88
6741.77 52.94
6742.90 53.97
6744.02 56.48
6745.14 55.24
6746.26 54.62
6747.39 55.81
6748.52 56.41
6749.65 57.20
6750.77 57.60
6751.89 57.80
6753.01 58.40
6754.13 56.70
6755.25 56.85
6756.38 55.93
6757.50 53.46
6758.62 54.73
6759.75 54.87
6760.88 55.43
6762.01 55.22
6763.14 57.11
6764.27 54.05
6765.39 55.53
6766.52 57.76
6767.65 55.88
6768.79 54.94
6769.90 54.97
6771.02 55.99
6772.14 55.49
6773.27 57.25
6774.40 56.12
6775.53 55.56
6776.66 56.78
6777.79 58.89
6778.92 56.45
6780.05 57.72
6781.17 57.36
6782.30 56.68
6783.42 53.84
6784.54 54.42
6785.67 52.71
6786.80 56.86
6787.93 55.93
6789.06 57.46
6790.18 56.23
6791.30 57.62
6792.43 56.31
6793.56 55.65
6794.69 53.33
6795.82 52.16
6796.94 55.58
6798.06 53.29
6799.18 54.65
6800.31 54.82
6801.44 56.91
6802.57 55.46
6803.70 56.73
6804.82 55.86
6805.94 57.93
6807.07 56.47
6808.19 53.73
6809.32 54.37
6810.45 54.68
6811.58 56.34
6812.70 53.67
6813.82 55.84
6814.95 55.42
6816.08 55.71
6817.20 55.35
6818.32 55.18
6819.45 57.59
6820.58 53.79
6821.70 54.40
6822.82 52.70
6823.94 56.85
6825.06 55.92
6826.18 55.46
6827.31 56.73
6828.44 55.37
6829.57 53.18
6830.70 53.59
6831.82 54.30
6832.94 57.65
6834.07 56.32
6835.20 55.66
6836.31 57.83
6837.44 57.92
6838.57 54.46
6839.70 55.73
6840.82 55.36
6841.95 54.68
6843.08 55.34
6844.20 56.17
6845.32 55.09
6846.46 55.04
6847.57 55.02
6848.69 55.51
6849.82 55.26
6850.94 57.13
6852.07 56.56
6853.19 57.78
6854.32 56.89
6855.45 55.95
6856.58 56.47
6857.70 56.74
6858.82 56.37
6859.95 56.18
6861.08 56.59
6862.20 56.30
6863.32 56.15
6864.45 56.07
6865.57 57.54
6866.70 56.77
6867.82 56.38
6868.94 57.69
6870.07 57.85
6871.19 56.92
6872.32 57.46
6873.45 56.23
6874.58 57.12
6875.70 56.56
6876.82 55.78
6877.95 57.89
6879.08 56.94
6880.20 55.97
6881.32 55.99
6882.45 56.49
6883.58 56.75
6884.70 57.87
6885.82 57.44
6886.95 56.72
6888.08 56.36
6889.20 56.18
6890.32 56.09
6891.44 57.54
6892.57 57.27
6893.70 56.64
6894.82 57.82
6895.95 56.91
6897.08 55.95
6898.20 55.98
6899.32 56.49
6900.45 56.24
6901.58 56.12
6902.70 54.56
6903.82 56.28
6904.95 57.64
6906.08 56.32
6907.20 55.66
6908.32 55.33
6909.45 55.67
6910.58 57.33
6911.71 57.17
6912.84 57.58
6913.97 56.79
6915.10 56.40
6916.22 56.20
6917.34 57.10
6918.46 56.55
6919.59 55.77
6920.72 55.89
6921.85 56.44
6922.98 56.22
6924.10 55.61
6925.23 55.81
6926.36 55.90
6927.48 55.95
6928.61 55.48
6929.74 55.74
6930.86 57.37
6931.99 58.18
6933.12 57.09
6934.24 57.05
6935.37 56.52
6936.50 55.76
6937.62 55.88
6938.75 55.94
6939.88 55.97
6941.00 56.49
6942.12 56.74
6943.25 57.87
6944.38 56.94
6945.50 57.47
6946.62 56.73
6947.75 57.37
6948.88 57.18
6950.01 56.59
6951.13 56.30
6952.26 56.65
6953.38 56.32
6954.51 57.16
6955.64 56.58
6956.77 57.29
6957.90 56.65
6959.02 56.32
6960.14 57.66
6961.27 58.33
6962.40 58.17
6963.53 56.58
6964.66 57.79
6965.80 57.90
6966.91 57.95
6968.04 56.97
6969.16 57.49
6970.29 56.74
6971.42 57.87
6972.54 56.44
6973.67 57.22
6974.80 57.61
6975.92 57.30
6977.04 56.15
6978.16 55.58
6979.29 55.79
6980.42 57.39
6981.54 56.70
6982.66 56.35
6983.80 56.17
6984.92 56.09
6986.04 56.04
6987.16 56.52
6988.29 55.76
6989.42 55.88
6990.54 57.44
6991.67 56.72
6992.80 57.86
6993.93 56.43
6995.05 57.72
6996.18 57.86
6997.30 58.43
6998.42 57.21
6999.55 58.11
7000.68 57.55
7001.81 56.78
7002.94 56.39
7004.06 55.69
7005.19 55.35
7006.31 55.67
7007.44 57.34
7008.57 56.67
7009.70 56.33
7010.82 57.17
7011.95 57.08
7013.07 56.04
7014.19 57.52
7015.32 56.76
7016.46 57.88
7017.58 56.94
7018.70 56.47
7019.82 55.74
7020.96 55.87
7022.09 57.43
7023.21 56.72
7024.34 56.36
7025.47 57.18
7026.60 58.09
7027.72 56.54
7028.84 56.27
7029.97 56.14
7031.10 56.07
7032.22 57.53
7033.34 56.77
7034.47 56.38
7035.60 57.19
7036.72 57.10
7037.85 56.55
7038.98 56.27
7040.10 56.14
7041.23 56.07
7042.35 57.53
7043.48 57.27
7044.61 45.13
7045.74 34.57
7046.86 26.28
7048.00 20.14
7049.12 17.07
7050.25 15.04
7051.37 15.02
7052.50 12.51
7053.63 9.75
7054.72 8.88
7055.80 8.44
7056.88 8.22
7057.96 6.61
7059.05 5.80
7060.13 6.40
7061.22 5.70
7062.31 4.85
7063.39 4.93
7064.48 4.46
7065.57 4.23
7066.66 3.12
