10543.63 0.06
10544.74 0.03
10545.86 0.02
10546.97 0.01
10548.08 0.00
10549.18 0.00
10550.28 0.00
10551.38 0.00
10553.60 12.75
10554.76 11.88
10555.93 13.94
10557.10 22.97
10558.26 22.98
10559.43 18.99
10560.59 23.50
10561.75 30.75
10562.91 23.37
10564.08 23.69
10565.24 29.84
10566.40 27.92
10567.56 22.96
10568.72 28.98
10569.88 34.49
10571.04 28.75
10572.20 27.37
10573.36 33.19
10574.53 28.59
10575.70 22.80
10576.86 30.90
10578.02 34.45
10579.18 26.72
10580.34 28.36
10581.51 36.68
10582.68 31.84
10583.84 25.42
10585.01 31.21
10586.17 36.11
10587.34 30.05
10588.50 28.53
10589.68 34.26
10590.84 30.63
10592.01 24.32
10593.17 30.16
10594.34 36.08
10595.50 28.54
10596.67 29.27
10597.83 35.63
10599.00 31.32
10600.16 24.66
10601.33 32.33
10602.50 36.66
10603.68 29.83
10604.84 29.92
10606.01 36.96
10607.17 33.48
10608.34 24.74
10609.50 32.37
10610.68 37.18
10611.84 29.59
10613.00 30.80
10614.15 35.90
10615.32 32.45
10616.48 24.72
10617.66 30.36
10618.82 38.68
10619.99 29.34
10621.16 28.67
10622.33 34.34
10623.50 32.67
10624.67 25.33
10625.83 33.67
10627.00 37.83
10628.15 30.42
10629.32 31.21
10630.49 36.60
10631.66 32.80
10632.82 25.40
10633.98 32.20
10635.14 36.60
10636.30 29.30
10637.46 31.15
10638.62 37.58
10639.80 32.29
10640.96 26.64
10642.12 34.32
10643.29 36.16
10644.46 28.58
10645.62 32.29
10646.80 39.15
10647.96 34.07
10649.12 25.04
10650.28 31.52
10651.45 38.76
10652.62 43.88
10653.79 47.44
10654.95 48.72
10656.12 48.36
10657.29 51.18
10658.46 51.09
10659.62 51.04
10660.78 51.52
10661.94 52.76
10663.10 53.88
10664.26 51.94
10665.42 52.97
10666.58 53.99
10667.75 52.99
10668.91 54.00
10670.07 53.00
10671.22 52.00
10672.38 53.50
10673.54 54.25
10674.71 53.12
10675.88 53.06
10677.04 55.03
10678.19 54.52
10679.36 55.76
10680.53 56.38
10681.70 56.69
10682.86 55.84
10684.02 54.42
10685.18 55.71
10686.35 55.86
10687.52 54.93
10688.69 55.46
10689.85 56.73
10691.02 56.37
10692.18 55.18
10693.35 54.59
10694.52 54.30
10695.69 55.15
10696.86 53.57
10698.02 55.29
10699.18 56.14
10700.35 56.57
10701.52 56.79
10702.69 56.89
10703.85 56.45
10705.02 56.72
10706.18 55.36
10707.35 55.68
10708.52 55.34
10709.69 54.17
10710.86 56.09
10712.02 55.54
10713.18 54.27
10714.34 55.14
10715.51 55.07
10716.67 55.53
10717.84 55.77
10719.01 55.88
10720.17 55.94
10721.34 54.97
10722.50 54.99
10723.67 55.49
10724.83 55.75
10726.00 56.37
10727.15 55.19
10728.32 56.59
10729.49 55.80
10730.66 57.40
10731.82 57.70
10732.98 56.85
10734.14 55.42
10735.31 54.71
10736.48 54.36
10737.66 54.18
10738.83 56.09
10739.99 54.54
10741.16 53.77
10742.33 55.89
10743.50 55.44
10744.67 57.22
10745.83 57.61
10747.01 55.81
10748.18 55.90
10749.34 55.95
10750.50 56.48
10751.67 55.74
10752.84 55.87
10754.00 55.43
10755.15 55.72
10756.32 55.86
10757.49 55.93
10758.67 55.46
10759.83 55.73
10761.00 55.87
10762.15 55.93
10763.32 56.47
10764.49 55.23
10765.66 56.62
10766.83 55.81
10768.00 56.40
10769.14 54.70
10770.30 54.35
10771.46 56.18
10772.63 56.09
10773.80 55.04
10774.95 56.02
10776.11 57.51
10777.28 56.26
10778.45 56.63
10779.62 57.81
10780.80 55.91
10781.96 55.95
10783.12 55.48
10784.29 55.24
10785.46 57.12
10786.62 57.56
10787.80 55.78
10788.96 56.89
10790.12 56.44
10791.29 58.22
10792.46 56.11
10793.62 57.06
10794.80 55.03
10795.96 57.01
10797.12 56.01
10798.29 56.50
10799.45 55.25
10800.62 56.63
10801.79 56.81
10802.95 57.41
10804.12 57.70
10805.28 57.85
10806.44 58.43
10807.61 56.71
10808.78 56.36
10809.95 57.18
10811.12 57.09
10812.28 57.04
10813.45 57.02
10814.61 56.01
10815.78 56.51
10816.95 55.25
10818.12 55.13
10819.29 55.06
10820.45 56.53
10821.62 58.27
10822.80 58.63
10823.96 56.82
10825.13 54.91
10826.30 54.45
10827.46 54.23
10828.62 56.61
10829.80 54.81
10830.97 55.90
10832.13 54.95
10833.30 56.98
10834.46 55.99
10835.62 55.49
10836.80 57.25
10837.96 57.62
10839.13 58.31
10840.30 57.66
10841.46 56.33
10842.62 57.16
10843.80 55.58
10844.96 55.79
10846.12 55.40
10847.29 55.70
10848.45 54.35
10849.62 55.17
10850.79 57.59
10851.95 55.79
10853.11 57.40
10854.27 56.70
10855.43 56.35
10856.60 57.67
10857.76 56.84
10858.93 57.42
10860.10 57.71
10861.26 56.35
10862.43 55.18
10863.61 56.09
10864.78 57.04
10865.94 57.52
10867.10 58.26
10868.26 58.13
10869.43 57.07
10870.59 55.03
10871.75 56.02
10872.91 56.01
10874.07 57.50
10875.22 57.25
10876.39 57.13
10877.56 57.56
10878.73 57.78
10879.90 56.89
10881.06 57.45
10882.22 57.22
10883.38 57.11
10884.55 55.56
10885.72 55.78
10886.89 57.39
10888.05 55.69
10889.22 57.35
10890.38 57.17
10891.55 56.09
10892.71 56.04
10893.87 57.52
10895.04 58.76
10896.20 58.38
10897.36 57.19
10898.53 55.60
10899.70 57.30
10900.86 55.15
10902.02 55.57
10903.18 56.29
10904.35 56.14
10905.52 55.07
10906.68 55.04
10907.84 56.02
10909.00 56.01
10910.15 57.00
10911.31 57.00
10912.47 56.50
10913.63 56.25
10914.82 56.63
10915.98 57.31
10917.15 57.66
10918.32 56.83
10919.49 56.41
10920.66 57.71
10921.83 55.85
10923.01 56.43
10924.17 56.71
10925.34 57.36
10926.50 56.18
10927.67 56.09
10928.82 57.04
10929.98 56.52
10931.15 55.76
10932.32 55.88
10933.49 54.94
10934.66 54.97
10935.83 57.49
10937.00 57.24
10938.15 55.62
10939.32 54.81
10940.49 57.41
10941.66 59.20
10942.82 58.60
10943.98 57.30
10945.14 55.65
10946.31 56.83
10947.48 56.41
10948.66 57.71
10949.82 57.85
10950.98 58.93
10952.15 58.46
10953.32 58.23
10954.49 57.12
10955.66 58.06
10956.82 58.03
10957.98 56.51
10959.15 55.26
10960.32 55.13
10961.49 57.06
10962.66 57.53
10963.82 58.27
10965.00 58.63
10966.15 58.32
10967.32 58.16
10968.49 57.58
10969.66 57.79
10970.83 57.39
10972.00 56.20
10973.15 55.10
10974.32 57.05
10975.48 55.52
10976.66 56.76
10977.82 55.38
10978.99 57.19
10980.16 56.60
10981.33 55.30
10982.49 56.15
10983.66 57.07
10984.82 55.54
10985.99 57.27
10987.16 56.63
10988.33 56.82
10989.50 57.41
10990.66 58.20
10991.82 57.10
10992.98 58.05
10994.14 56.03
10995.31 56.01
10996.48 55.01
10997.65 57.00
10998.81 58.00
10999.97 58.50
11001.13 56.75
11002.30 57.38
11003.46 58.19
11004.63 58.09
11005.80 57.05
11006.97 58.02
11008.13 56.01
11009.29 55.01
11010.45 56.50
11011.61 58.25
11012.78 59.13
11013.95 56.56
11015.12 57.78
11016.29 58.39
11017.46 58.70
11018.62 58.85
11019.79 57.42
11020.96 58.21
11022.13 57.11
11023.30 57.05
11024.46 58.03
11025.62 58.51
11026.80 58.26
11027.96 58.13
11029.13 56.06
11030.29 55.53
11031.46 55.27
11032.62 54.63
11033.80 54.82
11034.96 56.91
11036.13 55.45
11037.30 57.23
11038.46 55.61
11039.63 55.31
11040.81 56.65
11041.98 58.83
11043.14 56.91
11044.31 57.96
11045.48 58.48
11046.65 58.74
11047.82 58.37
11048.98 57.18
11050.15 57.59
11051.32 55.30
11052.49 55.65
11053.66 55.82
11054.82 56.41
11055.99 47.21
11057.16 36.10
11058.33 29.05
11059.49 24.03
11060.66 18.01
11061.82 14.51
11062.98 13.75
11064.16 10.88
11065.32 10.44
11066.50 8.22
11067.62 8.11
11068.76 6.05
11069.87 7.53
11071.00 5.26
11072.12 6.13
11073.25 5.57
11074.38 5.78
11075.51 3.89
11077.76 3.47
11080.02 3.37
11082.28 4.34
11083.40 4.67
11084.52 4.34
11085.66 4.17
11086.79 4.08
