8541.11 0.50
8542.20 0.25
8543.27 0.12
8544.34 0.06
8545.42 0.03
8546.49 0.02
8547.56 0.01
8548.63 0.00
8550.78 9.75
8551.86 10.88
8552.99 9.44
8554.08 17.72
8555.20 24.86
8556.32 20.93
8557.45 19.46
8558.58 27.23
8559.70 26.62
8560.82 21.81
8561.95 27.40
8563.07 32.70
8564.19 28.35
8565.32 21.18
8566.45 29.09
8567.57 33.54
8568.70 25.77
8569.82 25.89
8570.94 32.44
8572.07 30.22
8573.19 24.61
8574.32 29.31
8575.46 37.15
8576.58 30.08
8577.70 27.04
8578.82 33.02
8579.94 32.51
8581.07 24.75
8582.19 27.88
8583.32 32.94
8584.45 30.47
8585.58 23.23
8586.70 31.12
8587.82 39.06
8588.94 30.53
8590.07 26.26
8591.19 32.63
8592.32 33.82
8593.45 27.41
8594.58 31.70
8595.70 37.35
8596.82 30.68
8597.94 24.84
8599.07 33.42
8600.19 36.21
8601.32 29.10
8602.45 30.55
8603.58 36.28
8604.71 32.14
8605.84 26.07
8606.96 32.03
8608.08 39.52
8609.20 32.76
8610.32 28.88
8611.45 33.94
8612.58 32.97
8613.70 26.48
8614.82 28.74
8615.95 35.87
8617.08 33.44
8618.20 26.22
8619.32 31.61
8620.45 36.80
8621.57 29.40
8622.69 27.70
8623.81 36.35
8624.94 35.68
8626.06 29.34
8627.19 31.17
8628.31 38.08
8629.44 33.04
8630.56 24.52
8631.69 31.26
8632.82 36.63
8633.94 28.82
8635.07 30.41
8636.19 35.70
8637.31 31.85
8638.44 25.93
8639.57 32.46
8640.70 39.73
8641.82 31.87
8642.94 29.43
8644.07 35.22
8645.20 33.11
8646.32 26.55
8647.45 32.78
8648.58 37.89
8649.70 42.44
8650.82 44.72
8651.95 47.36
8653.08 50.18
8654.20 51.09
8655.31 52.55
8656.45 53.27
8657.58 52.14
8658.70 52.07
8659.82 52.03
8660.94 54.02
8662.06 52.51
8663.18 53.25
8664.31 52.13
8665.45 54.06
8666.57 53.53
8667.70 54.27
8668.82 53.63
8669.95 52.82
8671.08 54.41
8672.20 53.70
8673.32 55.85
8674.45 55.93
8675.58 55.96
8676.70 54.48
8677.82 54.74
8678.95 54.87
8680.08 54.94
8681.20 54.97
8682.32 54.98
8683.45 55.49
8684.58 55.75
8685.70 54.37
8686.82 54.19
8687.95 55.09
8689.07 56.55
8690.19 56.27
8691.32 56.14
8692.45 54.07
8693.57 53.53
8694.70 55.77
8695.82 55.88
8696.95 55.94
8698.08 55.97
8699.20 56.99
8700.32 56.49
8701.45 55.75
8702.58 56.87
8703.70 57.44
8704.82 56.22
8705.95 55.61
8707.08 55.30
8708.19 56.65
8709.32 55.33
8710.45 55.66
8711.58 55.83
8712.70 55.42
8713.82 56.21
8714.95 56.10
8716.07 56.55
8717.19 56.28
8718.33 54.64
8719.45 55.32
8720.58 55.16
8721.70 55.08
8722.82 56.04
8723.94 57.02
8725.06 57.51
8726.18 56.75
8727.31 56.38
8728.44 54.19
8729.57 54.59
8730.70 54.80
8731.82 54.90
8732.94 56.95
8734.06 55.97
8735.18 55.49
8736.31 55.24
8737.44 55.62
8738.57 55.81
8739.70 55.91
8740.82 55.95
8741.95 55.98
8743.08 55.99
8744.20 55.99
8745.32 57.00
8746.44 56.00
8747.56 55.50
8748.68 55.25
8749.81 55.62
8750.94 57.31
8752.06 58.16
8753.18 56.58
8754.31 57.29
8755.44 57.14
8756.57 56.07
8757.69 55.54
8758.82 55.27
8759.94 56.13
8761.07 56.07
8762.19 55.53
8763.32 55.27
8764.45 54.63
8765.58 55.32
8766.70 55.16
8767.82 55.08
8768.94 55.04
8770.06 55.52
8771.18 55.76
8772.31 55.38
8773.44 56.69
8774.57 57.34
8775.70 56.17
8776.82 55.59
8777.95 55.29
8779.08 54.15
8780.21 54.57
8781.34 55.29
8782.46 56.64
8783.59 57.32
8784.73 57.16
8785.86 56.58
8786.98 56.29
8788.11 57.15
8789.25 56.57
8790.38 55.79
8791.50 55.39
8792.62 55.20
8793.75 56.10
8794.87 55.55
8796.00 55.27
8797.12 55.64
8798.25 56.82
8799.38 57.41
8800.50 56.20
8801.62 55.60
8802.74 55.30
8803.86 55.15
8804.98 55.58
8806.11 56.79
8807.24 58.39
8808.37 56.70
8809.49 57.35
8810.62 56.67
8811.74 56.34
8812.87 56.17
8814.00 56.08
8815.11 55.54
8816.24 56.77
8817.37 55.89
8818.50 56.94
8819.62 57.47
8820.74 56.74
8821.86 57.87
8822.99 56.93
8824.12 55.97
8825.25 56.48
8826.38 56.74
8827.50 56.37
8828.62 55.69
8829.75 55.84
8830.88 55.92
8832.01 55.96
8833.12 55.98
8834.25 55.99
8835.38 56.00
8836.50 56.00
8837.61 56.00
8838.74 56.00
8839.86 56.00
8840.98 57.50
8842.10 56.75
8843.22 57.87
8844.35 58.44
8845.48 57.22
8846.61 56.61
8847.74 56.30
8848.86 56.15
8849.99 56.58
8851.12 56.79
8852.25 57.39
8853.38 56.70
8854.50 56.35
8855.62 56.67
8856.75 56.34
8857.88 56.17
8859.01 56.58
8860.13 56.79
8861.26 56.40
8862.38 56.20
8863.50 56.10
8864.62 55.55
8865.75 55.77
8866.88 56.39
8868.01 57.69
8869.13 57.35
8870.26 58.17
8871.38 57.09
8872.50 58.04
8873.62 58.52
8874.74 57.76
8875.87 57.38
8877.00 56.69
8878.11 57.85
8879.24 56.92
8880.37 57.96
8881.50 57.98
8882.62 56.99
8883.74 56.00
8884.86 56.50
8885.98 56.25
8887.11 56.12
8888.25 55.56
8889.38 56.28
8890.50 57.64
8891.62 56.82
8892.75 56.91
8893.88 56.46
8895.01 56.23
8896.14 56.61
8897.26 56.31
8898.39 55.65
8899.52 57.33
8900.65 57.16
8901.78 56.58
8902.90 57.29
8904.02 56.65
8905.14 56.82
8906.27 56.91
8907.40 55.96
8908.52 56.48
8909.65 55.74
8910.78 55.37
8911.90 55.68
8913.02 57.34
8914.14 56.67
8915.27 57.34
8916.40 56.17
8917.53 55.58
8918.66 56.29
8919.78 54.65
8920.91 55.82
8922.04 55.41
8923.16 57.21
8924.29 57.60
8925.41 57.30
8926.54 56.15
8927.66 56.08
8928.78 55.54
8929.91 55.77
8931.04 55.88
8932.16 56.44
8933.29 56.72
8934.42 57.86
8935.54 58.43
8936.67 58.72
8937.80 57.36
8938.92 57.18
8940.05 58.09
8941.17 57.04
8942.29 57.52
8943.42 56.76
8944.54 56.88
8945.67 56.44
8946.79 57.22
8947.92 58.11
8949.05 57.06
8950.17 56.53
8951.30 56.26
8952.42 57.13
8953.55 57.57
8954.68 57.28
8955.81 58.14
8956.94 57.07
8958.06 56.54
8959.18 57.27
8960.31 56.63
8961.44 56.32
8962.57 57.66
8963.70 57.83
8964.82 56.91
8965.94 56.46
8967.07 56.23
8968.20 57.61
8969.31 58.81
8970.44 57.40
8971.56 56.70
8972.68 56.35
8973.81 56.18
8974.94 56.59
8976.06 56.29
8977.18 56.65
8978.31 56.32
8979.45 56.16
8980.57 57.58
8981.70 57.29
8982.82 56.65
8983.94 57.32
8985.07 57.66
8986.19 57.33
8987.32 56.67
8988.45 57.83
8989.58 57.92
8990.72 56.96
8991.84 56.48
8992.97 56.74
8994.10 57.87
8995.22 56.93
8996.34 56.97
8997.47 57.48
8998.60 56.74
8999.73 56.37
9000.86 57.69
9001.99 57.34
9003.11 58.17
9004.24 57.59
9005.37 57.29
9006.50 56.65
9007.62 56.32
9008.75 57.66
9009.88 58.33
9011.01 57.17
9012.14 57.58
9013.26 56.79
9014.39 57.40
9015.51 56.70
9016.63 57.35
9017.76 57.67
9018.89 56.84
9020.02 56.42
9021.14 57.21
9022.27 58.10
9023.39 58.05
9024.52 58.03
9025.64 58.01
9026.76 58.51
9027.89 57.25
9029.02 56.63
9030.14 56.81
9031.27 57.41
9032.40 58.20
9033.52 57.10
9034.64 58.05
9035.77 57.53
9036.89 56.76
9038.02 56.38
9039.14 56.19
9040.26 57.10
9041.39 57.55
9042.52 57.27
9043.65 56.64
9044.78 57.82
9045.90 57.91
9047.03 56.95
9048.14 56.48
9049.27 57.74
9050.40 46.37
9051.52 35.18
9052.65 27.59
9053.78 21.80
9054.90 16.90
9056.02 13.45
9057.14 11.22
9058.27 11.11
9059.39 11.06
9060.51 9.53
9061.60 8.76
9062.68 7.88
9063.77 7.44
9064.86 6.22
9065.95 5.11
9067.04 4.56
9068.12 3.78
9069.21 5.39
9070.30 5.69
9071.39 6.35
9072.48 5.17
9073.56 4.59
9074.65 3.79
9075.74 3.90
9076.81 3.45
