12553.37 0.50
12554.49 0.25
12555.62 0.63
12556.74 0.31
12557.86 0.16
12558.98 0.08
12560.10 0.04
12561.20 0.02
12563.43 11.00
12564.60 10.50
12565.76 8.25
12566.88 17.63
12568.05 20.81
12569.21 17.91
12570.38 22.95
12571.54 29.98
12572.70 25.49
12573.87 20.24
12575.03 28.62
12576.19 29.31
12577.36 24.16
12578.53 28.58
12579.70 34.79
12580.86 28.89
12582.02 24.45
12583.18 30.72
12584.35 31.36
12585.52 25.18
12586.69 30.09
12587.85 36.55
12589.02 28.77
12590.18 26.89
12591.34 33.44
12592.51 31.22
12593.68 25.11
12594.85 27.56
12596.02 34.28
12597.18 29.14
12598.34 22.57
12599.51 30.28
12600.68 32.14
12601.85 26.07
12603.01 30.54
12604.17 37.77
12605.34 30.38
12606.50 26.19
12607.66 33.60
12608.82 33.30
12609.98 27.15
12611.15 31.57
12612.32 37.79
12613.49 30.89
12614.66 25.95
12615.82 33.97
12616.99 33.49
12618.16 27.74
12619.33 33.37
12620.50 38.69
12621.66 31.84
12622.82 28.92
12623.99 34.96
12625.16 33.48
12626.33 26.74
12627.50 30.37
12628.66 37.69
12629.82 31.34
12630.99 24.67
12632.16 32.34
12633.33 33.17
12634.50 26.58
12635.66 31.29
12636.82 37.65
12637.99 30.82
12639.16 26.41
12640.33 34.21
12641.50 33.60
12642.66 26.30
12643.82 31.65
12644.98 38.33
12646.16 32.66
12647.32 30.33
12648.49 37.67
12649.66 33.83
12650.82 27.92
12651.99 32.96
12653.16 39.48
12654.33 32.74
12655.50 31.37
12656.66 37.68
12657.84 33.34
12659.00 25.67
12660.15 32.84
12661.32 38.92
12662.49 44.46
12663.66 46.73
12664.83 49.36
12666.00 49.68
12667.15 51.84
12668.32 51.42
12669.49 52.21
12670.66 52.61
12671.83 52.80
12672.99 53.40
12674.15 53.70
12675.31 53.85
12676.48 53.93
12677.65 53.96
12678.82 52.98
12679.98 53.49
12681.14 53.75
12682.31 54.37
12683.48 53.69
12684.65 54.84
12685.82 53.92
12686.98 54.96
12688.14 53.98
12689.31 55.49
12690.48 55.25
12691.65 55.12
12692.82 54.56
12693.98 55.28
12695.15 54.14
12696.32 54.57
12697.49 54.79
12698.66 54.89
12699.82 55.45
12700.99 55.22
12702.16 55.61
12703.33 54.81
12704.50 55.90
12705.66 55.45
12706.82 55.73
12707.99 54.86
12709.16 55.93
12710.33 55.47
12711.50 55.23
12712.66 55.12
12713.83 56.06
12715.00 55.03
12716.15 55.51
12717.32 54.26
12718.49 55.13
12719.66 54.56
12720.82 54.78
12721.99 55.39
12723.15 56.20
12724.32 55.10
12725.49 56.05
12726.65 55.52
12727.82 56.26
12728.98 55.63
12730.15 55.82
12731.32 55.41
12732.49 55.20
12733.65 56.10
12734.81 55.55
12735.98 56.28
12737.14 56.14
12738.31 55.07
12739.47 56.03
12740.63 56.52
12741.80 56.26
12742.96 56.63
12744.13 55.81
12745.30 56.91
12746.46 56.45
12747.63 55.73
12748.81 56.36
12749.98 56.18
12751.14 56.09
12752.30 55.55
12753.47 56.27
12754.64 55.14
12755.81 56.07
12756.97 55.53
12758.14 56.27
12759.31 55.13
12760.48 55.57
12761.65 55.78
12762.82 56.39
12763.98 55.70
12765.14 56.35
12766.31 56.17
12767.48 56.59
12768.65 55.79
12769.82 56.40
12770.98 56.20
12772.14 57.10
12773.30 56.05
12774.46 56.52
12775.63 56.76
12776.80 55.88
12777.96 56.94
12779.13 55.97
12780.30 55.99
12781.46 55.99
12782.63 56.50
12783.79 56.25
12784.96 55.62
12786.13 56.81
12787.30 56.41
12788.46 57.20
12789.62 56.10
12790.79 56.55
12791.96 56.28
12793.13 55.64
12794.30 56.82
12795.46 57.91
12796.62 57.95
12797.79 57.48
12798.97 58.24
12800.14 58.12
12801.30 56.56
12802.46 55.28
12803.62 57.14
12804.79 58.07
12805.95 57.03
12807.11 56.02
12808.27 56.51
12809.44 56.25
12810.60 57.63
12811.76 56.81
12812.93 57.41
12814.10 55.70
12815.26 57.35
12816.42 57.68
12817.60 58.34
12818.76 56.67
12819.93 58.33
12821.10 58.67
12822.26 56.33
12823.42 55.67
12824.60 56.83
12825.76 57.92
12826.93 55.96
12828.10 55.48
12829.26 54.74
12830.42 54.87
12831.60 55.43
12832.76 56.22
12833.92 56.61
12835.09 57.80
12836.24 57.90
12837.40 57.45
12838.56 57.73
12839.74 56.86
12840.90 56.43
12842.06 57.22
12843.22 58.11
12844.39 56.55
12845.55 56.78
12846.73 56.89
12847.89 56.94
12849.05 56.97
12850.21 56.49
12851.38 56.74
12852.54 56.87
12853.71 56.44
12854.88 57.22
12856.05 55.61
12857.21 57.30
12858.38 57.65
12859.54 58.33
12860.71 57.66
12861.88 56.83
12863.04 57.92
12864.20 56.96
12865.36 57.98
12866.52 56.49
12867.68 56.74
12868.84 57.37
12870.00 58.19
12871.15 57.09
12872.31 57.55
12873.48 58.27
12874.64 58.14
12875.81 56.57
12876.98 57.28
12878.14 56.14
12879.31 57.57
12880.48 57.29
12881.65 57.64
12882.82 57.32
12883.98 57.16
12885.15 57.08
12886.31 57.04
12887.47 57.02
12888.63 56.51
12889.80 57.76
12890.96 57.38
12892.13 57.19
12893.30 55.59
12894.46 55.30
12895.62 56.65
12896.79 55.32
12897.96 57.16
12899.13 55.58
12900.30 56.29
12901.46 57.65
12902.62 58.32
12903.79 56.66
12904.95 57.83
12906.11 56.92
12907.28 56.96
12908.44 57.98
12909.60 56.99
12910.76 55.49
12911.92 54.75
12913.09 55.37
12914.25 54.69
12915.42 54.84
12916.59 56.42
12917.77 56.21
12918.94 56.11
12920.10 54.55
12921.26 55.28
12922.43 55.14
12923.60 55.07
12924.75 55.03
12925.91 57.02
12927.07 56.01
12928.23 55.50
12929.39 57.25
12930.55 56.13
12931.73 55.06
12932.89 57.03
12934.05 57.02
12935.21 57.01
12936.38 58.00
12937.53 56.50
12938.69 58.25
12939.85 57.13
12941.02 56.56
12942.18 56.28
12943.35 55.14
12944.52 56.57
12945.69 57.29
12946.86 56.14
12948.02 55.57
12949.18 57.79
12950.35 56.39
12951.52 55.70
12952.68 56.85
12953.84 56.92
12955.00 56.46
12956.15 55.73
12957.32 54.87
12958.49 56.43
12959.66 57.22
12960.82 56.61
12961.99 55.80
12963.15 57.90
12964.31 56.45
12965.48 57.23
12966.65 57.11
12967.82 57.06
12968.98 56.03
12970.14 58.01
12971.30 59.01
12972.46 59.00
12973.62 58.50
12974.78 57.25
12975.94 58.13
12977.11 58.56
12978.28 57.28
12979.45 57.14
12980.62 57.07
12981.78 58.54
12982.94 56.27
12984.11 57.63
12985.28 58.32
12986.45 58.66
12987.62 58.83
12988.78 59.41
12989.95 56.21
12991.12 56.10
12992.28 56.05
12993.44 55.03
12994.60 55.01
12995.76 54.51
12996.93 56.75
12998.10 55.88
12999.26 56.44
13000.42 57.72
13001.60 55.86
13002.76 56.93
13003.93 55.96
13005.10 56.98
13006.26 56.49
13007.42 57.25
13008.60 58.12
13009.76 57.06
13010.92 57.03
13012.09 57.52
13013.25 58.26
13014.42 57.13
13015.59 58.06
13016.75 57.03
13017.91 58.02
13019.07 57.51
13020.23 57.25
13021.40 57.13
13022.56 56.56
13023.74 57.28
13024.90 57.14
13026.06 56.07
13027.22 57.04
13028.38 56.52
13029.55 56.76
13030.73 56.88
13031.90 56.94
13033.06 57.97
13034.22 56.98
13035.38 56.49
13036.55 57.75
13037.73 56.87
13038.90 57.94
13040.06 57.47
13041.22 57.23
13042.38 56.62
13043.55 56.81
13044.74 56.40
13045.90 56.70
13047.05 57.85
13048.21 56.93
13049.38 57.96
13050.54 57.48
13051.72 57.24
13052.89 58.12
13054.06 56.56
13055.22 57.28
13056.38 56.64
13057.54 57.32
13058.72 56.66
13059.89 56.83
13061.05 56.92
13062.22 56.96
13063.38 57.98
13064.54 43.99
13065.72 33.99
13066.89 27.50
13068.05 22.25
13069.21 17.12
13070.38 15.06
13071.54 13.03
13072.70 11.02
13073.87 11.01
13075.03 8.50
13076.14 8.75
13077.28 7.38
13078.40 7.19
13079.52 6.59
13080.65 5.80
13081.77 5.90
13082.89 6.45
13084.02 4.22
13085.15 3.61
13086.27 3.81
13087.40 4.40
13088.52 3.20
13089.64 3.60
