11549.03 0.50
11550.14 0.25
11551.26 0.13
11552.38 0.06
11553.50 0.03
11554.60 0.02
11555.70 0.01
11556.81 3.00
11559.09 13.75
11560.25 9.38
11561.38 20.19
11562.54 22.09
11563.71 17.05
11564.86 21.52
11566.03 29.76
11567.19 24.38
11568.36 19.19
11569.53 28.60
11570.69 27.80
11571.85 21.90
11573.01 28.45
11574.17 33.22
11575.34 29.11
11576.50 26.06
11577.66 31.53
11578.82 30.26
11579.99 23.63
11581.16 30.32
11582.33 36.16
11583.50 30.08
11584.66 26.54
11585.82 32.27
11586.99 31.63
11588.16 25.82
11589.33 28.91
11590.50 35.45
11591.66 28.73
11592.83 22.36
11594.00 31.68
11595.15 33.84
11596.32 27.42
11597.49 31.21
11598.66 37.11
11599.83 31.05
11600.99 27.03
11602.15 33.51
11603.32 32.76
11604.49 27.88
11605.65 32.94
11606.82 39.47
11607.98 31.23
11609.15 29.62
11610.32 37.31
11611.49 35.65
11612.66 28.33
11613.82 33.66
11614.99 40.33
11616.16 31.17
11617.33 30.08
11618.49 35.54
11619.66 32.27
11620.82 27.64
11621.99 31.32
11623.16 38.16
11624.33 32.58
11625.50 27.79
11626.66 34.89
11627.82 33.95
11628.99 27.97
11630.15 31.99
11631.32 37.99
11632.49 31.50
11633.66 28.25
11634.82 35.12
11635.99 33.56
11637.16 26.28
11638.33 32.14
11639.50 39.07
11640.66 32.04
11641.82 30.02
11642.98 36.51
11644.16 33.75
11645.32 28.38
11646.49 33.19
11647.66 38.59
11648.83 32.30
11649.98 32.15
11651.15 37.07
11652.31 33.04
11653.48 26.52
11654.65 33.76
11655.82 39.38
11656.98 44.69
11658.14 46.34
11659.31 49.17
11660.48 51.59
11661.65 53.29
11662.82 52.65
11663.98 53.32
11665.15 51.66
11666.32 52.83
11667.49 53.42
11668.66 53.71
11669.82 51.85
11670.99 53.93
11672.16 51.96
11673.33 53.98
11674.50 54.49
11675.66 54.75
11676.82 54.37
11677.99 53.19
11679.16 53.59
11680.33 54.30
11681.49 55.65
11682.66 55.82
11683.83 54.91
11685.00 55.96
11686.15 53.98
11687.32 55.49
11688.49 56.24
11689.66 55.12
11690.82 53.56
11691.99 52.78
11693.15 54.89
11694.32 53.45
11695.49 55.22
11696.66 55.11
11697.82 54.56
11698.99 54.78
11700.15 54.89
11701.32 54.44
11702.49 54.72
11703.66 54.36
11704.82 53.68
11705.99 56.34
11707.16 56.17
11708.33 56.59
11709.50 56.79
11710.66 55.90
11711.82 56.45
11712.98 56.72
11714.15 56.36
11715.32 56.18
11716.49 54.59
11717.66 54.80
11718.82 53.90
11719.98 54.45
11721.15 53.72
11722.32 54.36
11723.49 54.18
11724.66 55.59
11725.83 54.30
11726.99 55.65
11728.16 56.82
11729.33 55.41
11730.50 56.71
11731.66 57.35
11732.83 56.18
11734.01 55.59
11735.17 57.29
11736.34 57.15
11737.50 56.57
11738.66 56.79
11739.83 54.89
11741.00 53.95
11742.15 55.97
11743.32 54.99
11744.49 55.99
11745.65 55.00
11746.81 55.00
11747.97 56.00
11749.13 55.00
11750.29 55.00
11751.45 57.00
11752.61 56.00
11753.78 56.00
11754.94 55.00
11756.10 54.00
11757.25 56.00
11758.41 55.50
11759.57 56.25
11760.74 56.13
11761.91 55.06
11763.07 54.03
11764.23 53.52
11765.40 53.76
11766.56 53.88
11767.73 54.94
11768.90 56.47
11770.06 56.23
11771.22 56.12
11772.39 55.56
11773.56 56.28
11774.73 56.14
11775.90 57.07
11777.06 57.03
11778.22 56.02
11779.38 56.01
11780.54 56.00
11781.70 55.50
11782.86 55.75
11784.02 55.88
11785.18 55.44
11786.36 56.22
11787.53 57.11
11788.70 56.55
11789.86 56.28
11791.02 56.14
11792.18 56.57
11793.35 56.28
11794.52 56.14
11795.69 56.57
11796.86 55.79
11798.02 55.39
11799.18 55.20
11800.34 55.60
11801.50 56.30
11802.66 55.65
11803.82 55.32
11804.99 56.66
11806.15 56.33
11807.32 55.67
11808.49 56.33
11809.66 57.67
11810.82 56.83
11811.99 56.92
11813.16 57.46
11814.33 57.23
11815.50 56.61
11816.66 57.81
11817.83 56.90
11819.00 57.45
11820.15 57.23
11821.32 56.61
11822.49 56.31
11823.66 57.65
11824.82 56.83
11825.99 56.41
11827.16 57.21
11828.33 56.60
11829.49 56.30
11830.65 56.15
11831.82 56.58
11832.98 56.29
11834.15 57.14
11835.32 56.57
11836.49 56.79
11837.66 57.39
11838.82 56.70
11839.98 56.85
11841.15 56.92
11842.32 56.46
11843.49 56.23
11844.66 57.12
11845.82 56.56
11846.99 57.28
11848.15 56.14
11849.32 56.07
11850.48 56.03
11851.64 56.52
11852.81 57.26
11853.98 57.13
11855.14 56.56
11856.31 56.78
11857.48 57.39
11858.64 56.20
11859.80 55.60
11860.95 56.30
11862.11 56.65
11863.28 55.82
11864.45 56.91
11865.62 57.46
11866.79 56.23
11867.96 57.11
11869.13 57.06
11870.29 57.03
11871.45 57.01
11872.62 56.01
11873.78 56.50
11874.94 56.75
11876.10 56.38
11877.26 56.19
11878.43 57.09
11879.59 57.55
11880.77 57.27
11881.94 57.14
11883.10 57.57
11884.26 56.78
11885.43 57.39
11886.60 56.20
11887.77 56.10
11888.93 57.05
11890.09 57.02
11891.24 57.01
11892.40 56.51
11893.56 56.25
11894.73 56.63
11895.90 56.31
11897.06 57.16
11898.22 56.58
11899.39 57.79
11900.56 57.39
11901.73 57.20
11902.90 57.60
11904.06 56.80
11905.22 56.90
11906.38 56.45
11907.54 56.22
11908.71 56.61
11909.88 56.81
11911.05 56.90
11912.20 55.95
11913.36 56.48
11914.53 57.24
11915.70 57.12
11916.86 57.56
11918.03 57.28
11919.19 56.64
11920.36 56.82
11921.53 56.41
11922.70 56.70
11923.86 56.85
11925.02 56.43
11926.18 57.71
11927.35 57.36
11928.52 56.68
11929.69 56.84
11930.86 57.42
11932.02 57.21
11933.18 57.60
11934.34 56.30
11935.50 56.65
11936.66 56.83
11937.83 55.91
11939.00 56.96
11940.15 56.98
11941.32 56.49
11942.49 56.24
11943.66 56.12
11944.82 56.06
11945.99 56.03
11947.15 57.52
11948.32 57.26
11949.49 56.63
11950.66 56.31
11951.82 57.16
11952.99 57.08
11954.15 58.04
11955.32 57.02
11956.48 57.51
11957.65 56.75
11958.82 56.38
11959.98 56.69
11961.15 56.84
11962.32 57.42
11963.49 56.71
11964.66 57.86
11965.82 56.93
11966.99 57.46
11968.16 56.73
11969.33 56.87
11970.50 56.43
11971.66 56.72
11972.82 56.36
11973.99 57.68
11975.16 56.84
11976.33 56.42
11977.50 57.21
11978.66 56.60
11979.82 56.80
11980.98 56.90
11982.14 56.45
11983.31 57.73
11984.48 56.86
11985.65 56.93
11986.82 56.97
11987.98 56.98
11989.14 57.49
11990.31 57.75
11991.48 57.37
11992.65 57.69
11993.82 56.84
11994.98 56.92
11996.16 56.96
11997.33 56.48
11998.50 57.74
11999.66 56.87
12000.82 56.94
12001.99 57.47
12003.15 58.23
12004.32 57.12
12005.50 56.56
12006.66 57.78
12007.82 56.89
12008.99 56.44
12010.15 56.72
12011.32 56.86
12012.49 56.43
12013.66 57.72
12014.82 56.86
12015.99 57.93
12017.16 57.96
12018.33 57.48
12019.50 57.24
12020.66 57.12
12021.82 57.56
12022.99 56.78
12024.15 57.89
12025.32 56.95
12026.49 56.97
12027.66 57.99
12028.82 56.99
12029.98 57.00
12031.14 57.50
12032.30 56.75
12033.46 57.87
12034.63 56.94
12035.79 57.47
12036.95 57.73
12038.12 56.87
12039.30 57.43
12040.46 57.22
12041.63 57.11
12042.80 57.55
12043.96 56.78
12045.13 56.89
12046.30 56.44
12047.46 56.22
12048.63 57.61
12049.79 56.81
12050.96 56.90
12052.12 57.45
12053.29 56.23
12054.46 57.61
12055.63 56.81
12056.80 49.90
12057.96 39.45
12059.12 29.73
12060.29 23.36
12061.46 19.18
12062.63 15.09
12063.79 14.55
12064.96 11.27
12066.13 10.14
12067.30 9.07
12068.42 7.53
12069.55 8.27
12070.67 8.13
12071.80 7.57
12072.92 7.28
12074.05 6.14
12075.17 6.57
12076.30 4.79
12077.42 5.39
12078.56 4.20
12079.68 4.10
12080.80 4.55
12081.92 3.27
