6602.76 0.09
6603.83 0.54
6604.90 0.27
6605.98 0.14
6607.06 2.07
6608.14 2.03
6609.22 3.52
6610.31 1.76
6612.48 8.69
6613.57 7.34
6614.66 5.67
6615.76 9.84
6616.83 13.42
6617.96 10.21
6619.09 10.60
6620.20 14.30
6621.32 13.65
6622.45 10.33
6623.58 14.16
6624.71 16.08
6625.83 14.04
6626.96 8.52
6628.05 14.76
6629.17 17.38
6630.30 13.69
6631.42 13.85
6632.54 17.42
6633.67 16.71
6634.80 12.36
6635.92 15.18
6637.05 18.09
6638.16 17.54
6639.29 12.27
6640.42 17.14
6641.54 17.57
6642.68 15.78
6643.80 16.39
6644.92 20.70
6646.04 16.85
6647.16 14.92
6648.29 19.96
6649.42 22.98
6650.54 19.49
6651.67 17.75
6652.80 18.37
6653.92 16.69
6655.05 12.84
6656.17 15.42
6657.30 19.71
6658.42 14.86
6659.55 11.93
6660.68 15.46
6661.81 16.73
6662.94 13.37
6664.06 14.18
6665.18 21.59
6666.31 20.80
6667.43 15.40
6668.55 20.20
6669.67 25.10
6670.80 18.55
6671.91 13.77
6673.04 15.89
6674.16 17.44
6675.29 14.22
6676.42 17.61
6677.54 23.31
6678.67 20.65
6679.80 18.33
6680.92 18.16
6682.05 24.08
6683.16 19.54
6684.29 17.77
6685.42 18.39
6686.54 19.69
6687.68 16.35
6688.80 18.67
6689.92 21.84
6691.05 21.42
6692.17 15.71
6693.30 19.85
6694.42 19.43
6695.54 18.71
6696.67 18.86
6697.80 23.43
6698.92 22.21
6700.05 17.61
6701.18 19.80
6702.30 22.40
6703.42 19.70
6704.54 19.85
6705.66 22.43
6706.79 26.21
6707.92 26.11
6709.05 28.55
6710.17 30.28
6711.30 30.14
6712.42 30.57
6713.55 32.28
6714.68 32.64
6715.81 33.82
6716.94 31.91
6718.06 34.46
6719.20 32.73
6720.32 32.86
6721.45 33.43
6722.58 31.72
6723.70 32.36
6724.82 33.18
6725.95 33.09
6727.07 31.54
6728.19 32.77
6729.32 33.39
6730.45 34.69
6731.58 34.35
6732.70 35.17
6733.83 35.09
6734.94 36.04
6736.06 34.02
6737.18 34.01
