13631.52 0.00
13632.63 0.00
13633.74 0.00
13634.84 0.00
13635.94 0.00
13637.05 0.00
13638.15 0.00
13639.26 0.00
13641.50 7.00
13642.60 5.50
13643.72 9.75
13644.85 13.88
13646.02 11.94
13647.18 11.47
13648.34 16.73
13649.51 16.37
13650.68 12.68
13651.84 16.34
13653.01 20.67
13654.17 17.34
13655.34 15.67
13656.51 19.33
13657.68 18.67
13658.85 14.83
13660.02 18.42
13661.18 22.21
13662.36 18.60
13663.51 17.80
13664.67 20.90
13665.83 19.95
13666.99 14.48
13668.16 20.24
13669.33 23.62
13670.51 20.31
13671.67 15.15
13672.84 21.08
13674.00 21.04
13675.16 17.52
13676.32 19.26
13677.50 25.13
13678.67 22.06
13679.83 18.03
13680.98 22.52
13682.15 21.76
13683.32 17.88
13684.50 20.94
13685.66 24.47
13686.82 20.23
13687.99 19.62
13689.16 23.81
13690.33 21.90
13691.50 17.95
13692.66 20.98
13693.82 24.99
13694.99 19.99
13696.14 19.50
13697.30 24.25
13698.46 22.12
13699.64 18.06
13700.80 21.53
13701.96 24.77
13703.13 20.38
13704.30 17.19
13705.46 21.60
13706.62 21.80
13707.79 18.40
13708.94 21.20
13710.10 25.60
13711.26 21.80
13712.42 18.90
13713.58 23.45
13714.74 22.72
13715.92 18.86
13717.08 21.43
13718.24 25.72
13719.41 20.86
13720.58 19.93
13721.74 23.96
13722.90 22.48
13724.07 17.24
13725.22 21.12
13726.39 26.06
13727.55 21.03
13728.71 20.02
13729.88 23.51
13731.05 22.25
13732.21 19.63
13733.38 21.81
13734.54 24.91
13735.71 21.95
13736.88 20.98
13738.04 24.99
13739.20 29.49
13740.36 31.25
13741.53 31.62
13742.70 31.81
13743.86 31.91
13745.02 32.45
13746.18 34.73
13747.35 35.36
13748.52 35.68
13749.69 35.84
13750.85 37.42
13752.02 35.71
13753.18 34.86
13754.34 34.43
13755.52 35.21
13756.69 35.61
13757.86 36.30
13759.02 36.15
13760.18 36.08
13761.34 37.04
13762.51 38.02
13763.67 37.01
13764.83 36.50
13765.99 37.75
13767.15 37.38
13768.32 37.19
13769.50 38.59
13770.66 38.80
