11619.90 0.00
11621.00 0.00
11622.10 0.00
11623.20 0.00
11624.30 0.00
11625.41 0.00
11626.52 0.50
11627.62 0.25
11629.88 7.31
11631.01 8.16
11632.14 10.08
11633.30 14.04
11634.46 13.02
11635.62 10.51
11636.78 15.75
11637.94 17.88
11639.10 14.44
11640.26 16.22
11641.43 19.61
11642.60 17.80
11643.75 14.40
11644.92 18.20
11646.08 20.10
11647.24 17.55
11648.40 17.28
11649.57 21.64
11650.74 18.82
11651.90 14.41
11653.06 19.20
11654.22 20.60
11655.38 16.80
11656.54 18.90
11657.70 23.95
11658.86 20.48
11660.04 16.24
11661.19 20.12
11662.36 24.06
11663.52 19.03
11664.70 17.51
11665.86 21.76
11667.02 19.38
11668.19 16.19
11669.35 20.59
11670.53 23.30
11671.70 19.15
11672.86 20.57
11674.02 24.29
11675.18 23.14
11676.36 18.07
11677.51 22.54
11678.68 22.27
11679.85 18.63
11681.02 19.82
11682.18 24.91
11683.34 21.45
11684.52 17.23
11685.69 20.61
11686.86 22.81
11688.03 18.40
11689.18 20.70
11690.34 24.85
11691.50 21.43
11692.67 16.71
11693.83 20.86
11695.00 24.43
11696.15 20.21
11697.32 21.61
11698.49 24.30
11699.65 21.15
11700.82 17.58
11701.98 22.29
11703.15 24.64
11704.33 20.32
11705.50 20.16
11706.66 25.08
11707.82 23.04
11708.99 17.02
11710.14 23.51
11711.31 23.76
11712.48 18.38
11713.65 21.69
11714.82 25.34
11715.98 20.67
11717.15 15.84
11718.32 20.92
11719.49 22.96
11720.66 18.48
11721.82 21.74
11722.99 26.37
11724.16 21.68
11725.33 18.34
11726.50 24.67
11727.66 27.84
11728.82 29.42
11729.99 30.71
11731.16 31.35
11732.33 31.68
11733.50 32.34
11734.66 33.17
11735.83 35.08
11736.99 34.54
11738.16 34.77
11739.33 34.39
11740.50 34.19
11741.66 34.60
11742.82 36.30
11743.98 37.15
11745.14 38.07
11746.31 38.54
11747.48 36.77
11748.65 36.38
11749.82 37.19
11750.98 36.10
11752.14 35.05
11753.30 35.02
11754.46 36.01
11755.62 37.51
11756.79 36.75
11757.96 37.88
11759.13 36.44
