9613.78 0.25
9614.87 0.63
9615.96 0.31
9617.04 0.66
9618.12 0.33
9619.20 0.16
9620.28 0.58
9621.35 0.29
9623.53 6.82
9624.62 6.41
9625.70 7.71
9626.79 11.35
9627.92 13.18
9629.05 10.59
9630.17 13.29
9631.30 17.15
9632.42 14.07
9633.54 13.04
9634.66 18.52
9635.79 18.76
9636.92 14.38
9638.05 16.69
9639.17 21.34
9640.30 18.67
9641.42 14.84
9642.54 19.42
9643.67 21.21
9644.80 17.60
9645.92 17.80
9647.04 22.40
9648.15 19.20
9649.27 15.60
9650.39 19.30
9651.51 23.65
9652.65 19.83
9653.78 13.41
9654.90 19.21
9656.02 21.10
9657.15 18.05
9658.27 17.53
9659.40 22.76
9660.51 21.38
9661.65 17.19
9662.78 21.10
9663.90 24.05
9665.03 19.52
9666.15 17.26
9667.27 20.63
9668.40 21.32
9669.52 18.66
9670.66 19.33
9671.78 23.16
9672.91 20.08
9674.03 15.54
9675.15 21.77
9676.28 23.89
9677.41 19.94
9678.54 21.47
9679.66 24.74
9680.79 23.87
9681.93 17.93
9683.05 19.47
9684.17 22.73
9685.30 21.37
9686.42 15.68
9687.55 19.84
9688.68 23.92
9689.81 19.46
9690.94 20.23
9692.06 24.12
9693.19 22.06
9694.32 18.03
9695.44 20.51
9696.57 26.26
9697.70 21.63
9698.82 18.31
9699.94 22.66
9701.07 23.33
9702.19 19.66
9703.32 21.33
9704.46 25.17
9705.58 20.08
9706.70 16.04
9707.82 21.02
9708.94 24.01
9710.06 19.51
9711.18 21.75
9712.31 24.38
9713.44 20.69
9714.57 17.84
9715.70 20.92
9716.82 26.46
9717.94 21.23
9719.07 19.62
9720.20 23.81
9721.32 26.90
9722.44 28.95
9723.57 32.48
9724.70 32.74
9725.82 32.87
9726.94 32.43
9728.07 33.22
9729.19 35.11
9730.32 37.05
9731.44 35.03
9732.56 34.51
9733.69 35.76
9734.82 34.38
9735.94 33.69
9737.07 36.34
9738.19 36.17
9739.32 35.59
9740.45 35.29
9741.58 37.65
9742.70 36.82
9743.82 36.41
9744.95 36.71
9746.08 37.35
9747.20 37.68
9748.32 36.84
