12628.30 0.13
12629.42 0.07
12630.54 0.03
12631.64 0.02
12632.75 0.01
12633.87 1.00
12634.99 1.00
12636.11 1.00
12638.35 7.25
12639.48 4.13
12640.62 9.06
12641.74 12.53
12642.91 10.27
12644.08 14.13
12645.24 17.07
12646.41 14.53
12647.58 10.27
12648.74 15.13
12649.91 16.57
12651.08 15.78
12652.24 16.39
12653.41 19.70
12654.57 19.35
12655.74 15.67
12656.91 19.34
12658.08 21.17
12659.24 17.08
12660.40 18.04
12661.55 21.52
12662.72 18.26
12663.89 16.13
12665.06 20.07
12666.22 21.03
12667.38 16.52
12668.55 18.76
12669.71 21.38
12670.88 18.69
12672.04 14.34
12673.20 18.17
12674.36 21.09
12675.53 18.04
12676.69 20.52
12677.86 23.76
12679.02 21.88
12680.19 15.44
12681.35 19.72
12682.53 20.86
12683.70 18.93
12684.86 21.47
12686.02 25.73
12687.18 20.87
12688.36 17.43
12689.54 21.22
12690.70 21.11
12691.87 19.55
12693.03 20.28
12694.19 23.14
12695.36 21.07
12696.53 18.53
12697.70 22.27
12698.86 22.63
12700.02 20.32
12701.18 19.16
12702.35 22.58
12703.53 20.79
12704.70 17.39
12705.86 21.70
12707.02 22.85
12708.18 17.92
12709.34 20.46
12710.51 25.73
12711.69 22.87
12712.86 15.93
12714.02 21.97
12715.18 23.48
12716.35 20.74
12717.53 21.87
12718.70 25.94
12719.86 20.97
12721.02 19.48
12722.18 24.74
12723.35 24.87
12724.53 18.44
12725.70 20.22
12726.86 24.11
12728.02 21.05
12729.18 19.03
12730.34 23.51
12731.53 22.76
12732.70 18.38
12733.86 21.19
12735.02 24.59
12736.18 28.80
12737.34 31.90
12738.50 33.95
12739.67 34.47
12740.84 33.74
12742.01 33.37
12743.17 35.68
12744.34 35.84
12745.50 35.92
12746.67 35.96
12747.84 36.98
12749.00 36.99
12750.15 36.00
12751.31 36.00
12752.47 36.00
12753.62 37.50
12754.78 36.25
12755.96 36.12
12757.13 37.06
12758.29 37.03
12759.45 36.52
12760.62 36.26
12761.78 36.13
12762.95 37.06
12764.11 37.03
12765.28 37.52
12766.45 36.76
12767.62 36.38
