8612.46 0.47
8613.54 0.23
8614.62 0.12
8615.70 0.06
8616.76 0.03
8617.83 0.01
8618.90 0.01
8619.97 0.00
8622.11 7.25
8623.20 6.63
8624.29 10.31
8625.42 15.16
8626.54 14.58
8627.68 12.79
8628.81 14.89
8629.94 17.45
8631.07 13.72
8632.18 15.86
8633.31 18.93
8634.44 18.97
8635.57 14.48
8636.70 17.74
8637.82 22.37
8638.95 18.19
8640.07 17.59
8641.19 19.80
8642.31 18.90
8643.44 16.95
8644.56 18.47
8645.69 24.24
8646.82 19.62
8647.95 15.31
8649.07 19.65
8650.19 23.33
8651.32 19.16
8652.45 18.08
8653.57 23.04
8654.69 22.52
8655.82 16.26
8656.94 18.13
8658.07 22.07
8659.19 21.03
8660.32 18.02
8661.44 21.51
8662.57 22.75
8663.70 19.38
8664.82 21.69
8665.94 23.34
8667.07 21.67
8668.20 16.34
8669.32 19.67
8670.45 25.33
8671.58 20.67
8672.70 19.83
8673.82 22.92
8674.95 22.96
8676.08 17.48
8677.20 19.24
8678.32 23.62
8679.45 19.31
8680.58 15.65
8681.70 19.33
8682.82 21.66
8683.96 16.83
8685.08 14.42
8686.20 21.21
8687.33 22.10
8688.46 18.55
8689.58 21.78
8690.71 24.89
8691.84 19.94
8692.97 16.47
8694.10 20.74
8695.22 22.37
8696.35 19.18
8697.48 19.59
8698.61 24.80
8699.73 23.90
8700.85 17.45
8701.98 21.22
8703.10 25.11
8704.23 20.56
8705.36 17.78
8706.49 22.89
8707.61 22.94
8708.74 17.47
8709.86 19.74
8710.99 25.87
8712.11 23.43
8713.24 17.22
8714.37 21.11
8715.50 23.05
8716.62 19.53
8717.74 21.26
8718.87 24.13
8720.00 29.07
8721.11 29.03
8722.24 32.52
8723.37 32.26
8724.50 34.63
8725.62 34.31
8726.75 33.66
8727.88 34.33
8729.01 34.16
8730.14 33.58
8731.26 33.79
8732.39 36.40
8733.51 35.20
8734.63 36.60
8735.75 36.80
8736.86 35.90
8737.98 36.45
8739.11 37.72
8740.24 35.86
8741.37 36.93
8742.50 35.97
8743.62 36.48
8744.75 36.24
8745.88 36.12
8747.02 36.06
