0.0 0.23987206823
1.09 1.2526652452
2.18 0.399786780384
3.26 1.33262260128
4.34 0.453091684435
5.42 0.0
6.5 1.11940298507
7.57 0.346481876333
9.75 17.750533049
10.84 16.657782516
11.92 20.1226012793
13.01 29.8240938166
14.14 34.7014925373
15.27 27.7985074627
16.39 34.9946695096
17.52 45.2825159915
18.64 37.0735607676
19.76 34.328358209
20.88 48.933901919
22.01 49.5735607676
23.14 37.8997867804
24.27 44.0565031983
25.39 56.4498933902
26.52 49.3336886994
27.64 39.1257995736
28.76 51.3326226013
29.89 56.1034115139
31.02 46.4818763326
32.14 47.0149253731
33.26 59.2750533049
34.37 50.7462686567
35.49 41.1513859275
36.61 51.012793177
37.73 62.6066098081
38.87 52.4253731343
40.0 35.3144989339
41.12 50.7729211087
42.24 55.8102345416
43.37 47.6812366738
44.49 46.2953091684
45.62 60.2345415778
46.73 56.5565031983
47.87 45.3891257996
49.0 55.8102345416
50.12 63.6727078891
51.25 51.5991471215
52.37 45.5756929638
53.49 54.5575692964
54.62 56.3965884861
55.74 49.3070362473
56.88 51.092750533
58.0 61.3006396588
59.13 53.091684435
60.25 40.9914712154
61.37 57.5959488273
62.5 63.2462686567
63.63 52.7185501066
64.76 56.7963752665
65.88 65.5117270789
67.01 63.1929637527
68.15 47.3614072495
69.27 51.4658848614
70.39 60.1545842217
71.52 56.5298507463
72.64 41.3646055437
73.77 52.4520255864
74.9 63.3262260128
76.03 51.4392324094
77.16 53.4914712154
78.28 63.8592750533
79.41 58.368869936
80.54 47.6279317697
81.66 54.2377398721
82.79 69.5628997868
83.92 57.2228144989
85.04 48.3742004264
86.16 59.9680170576
87.29 61.7537313433
88.41 51.9722814499
89.54 56.4232409382
90.68 66.657782516
91.8 53.091684435
92.92 42.3240938166
94.04 55.5970149254
95.16 63.566098081
96.28 51.5724946695
97.4 57.5426439232
98.53 64.552238806
99.66 54.7174840085
100.79 47.1215351812
101.92 55.3304904051
103.04 70.0959488273
104.16 56.1567164179
105.29 51.8656716418
106.42 63.0330490405
107.54 71.2686567164
108.66 76.7324093817
109.79 86.1407249467
110.92 86.8336886994
112.04 87.1801705757
113.16 86.0074626866
114.29 88.1130063966
115.41 93.1503198294
116.54 98.3208955224
117.66 92.9371002132
118.78 91.5511727079
119.91 94.8827292111
121.04 91.2046908316
122.16 89.3656716418
123.29 96.4285714286
124.41 95.9754797441
125.54 94.4296375267
126.67 93.6300639659
127.8 99.9200426439
128.92 97.7078891258
130.04 96.6151385928
131.17 97.4147121535
132.3 99.1204690832
133.42 100.0
134.54 97.7611940299
