0.0 0.0
1.1 0.0
2.2 0.0
3.3 0.0
4.4 0.0
5.51 0.0
6.62 1.29735339907
7.72 0.648676699533
9.98 18.9673066943
11.11 21.1728074728
12.24 26.1546445252
13.4 36.4296834458
14.56 33.7830825117
15.72 27.2703684484
16.88 40.8666320706
18.04 46.3933575506
19.2 37.467566165
20.36 42.0861442657
21.53 50.8822003114
22.7 46.1857810067
23.85 37.3637778931
25.02 47.223663726
26.18 52.1536066424
27.34 45.5371043072
28.5 44.8365334717
29.67 56.1494551116
30.84 48.8323819408
32.0 37.3897249611
33.16 49.8183705241
34.32 53.4509600415
35.48 43.5910742086
36.64 49.0399584847
37.8 62.1432278153
38.96 53.1395952257
40.14 42.1380384017
41.29 52.2055007784
42.46 62.4286455631
43.62 49.3772703684
44.8 45.4333160353
45.96 56.4608199273
47.12 50.2854177478
48.29 42.0083030618
49.45 53.4250129735
50.63 60.4566683965
51.8 49.6886351842
52.96 53.3731188376
54.12 63.0254281266
55.28 60.0415153088
56.46 46.8863518422
57.61 58.4846912299
58.78 57.7841203944
59.95 48.3393876492
61.12 51.427088739
62.28 64.6341463415
63.44 55.6564608199
64.62 44.7067981318
65.79 53.4769071095
66.96 59.1852620654
68.13 47.7426050856
69.28 53.7104307213
70.44 64.4784639336
71.6 55.604566684
72.77 43.3575505968
73.93 54.125583809
75.1 63.3886870784
76.25 52.4390243902
77.42 56.0716139076
78.59 63.0513751946
79.75 54.8780487805
80.92 45.6149455112
82.08 57.8360145304
83.25 63.933575506
84.43 52.724442138
85.6 52.3092890503
86.76 65.0752464971
87.92 59.782044629
89.09 44.1619097042
90.24 61.0015568241
91.41 61.6502335236
92.58 47.6907109497
93.75 56.2791904515
94.92 65.7498702647
96.08 53.6325895174
97.25 41.1001556824
98.42 54.2812662169
99.59 59.5744680851
100.76 47.9501816295
101.92 56.4089257914
103.09 68.4224182667
104.26 56.2532433835
105.43 47.5869226777
106.6 64.0114167099
107.76 72.23663726
108.92 76.336274001
110.09 79.6834457706
111.26 81.3440581214
112.43 82.2003113648
113.6 83.9128178516
114.76 86.066424494
115.93 91.0223144785
117.09 89.6211728075
118.26 90.217955371
119.43 89.2319667878
120.6 88.7130254281
121.76 89.7768552154
122.92 94.1878567722
124.08 96.3933575506
125.24 98.7804878049
126.41 100.0
127.58 95.4073689673
128.75 94.395433316
129.92 96.4971458225
131.08 93.6689154126
132.24 90.9444732745
133.4 90.8666320706
134.56 93.4353918007
135.72 97.3274519979
136.89 95.3554748313
138.06 98.2874935132
139.23 94.5511157239
