0.0 0.319914689416
1.12 0.159957344708
2.24 0.0533191149027
3.34 0.0266595574513
4.45 0.0
5.57 2.63929618768
6.69 2.63929618768
7.81 2.63929618768
10.05 19.3015195948
11.18 10.98373767
12.32 24.1268994935
13.44 33.3777659291
14.61 27.3527059451
15.78 37.6432951213
16.94 45.481205012
18.11 38.7096774194
19.28 27.3527059451
20.44 40.3092508664
21.61 44.1482271394
22.78 42.0421221008
23.94 43.6683551053
25.11 52.4926686217
26.27 51.5595841109
27.44 41.7488669688
28.61 51.5329245535
29.78 56.411623567
30.94 45.5078645694
32.1 48.0671820848
33.25 57.3447080778
34.42 48.6536923487
35.59 42.9752066116
36.76 53.4790722474
37.92 56.0383897627
39.08 44.0149293522
40.25 49.9866702213
41.41 56.9714742735
42.58 49.8000533191
43.74 38.2031458278
44.9 48.4137563316
46.06 56.1983471074
47.23 48.0671820848
48.39 54.6787523327
49.56 63.3164489469
50.72 58.3044521461
51.89 41.1356971474
53.05 52.5459877366
54.23 55.5851772861
55.4 50.4398826979
56.56 57.2114102906
57.72 68.5683817649
58.88 55.6118368435
60.06 46.4409490802
61.24 56.5449213543
62.4 56.2516662223
63.57 52.0927752599
64.73 54.0389229539
65.89 61.663556385
67.06 56.1450279925
68.23 49.3735003999
69.4 59.3441748867
70.56 60.3039189549
71.72 54.1455611837
72.88 51.0530525193
74.05 60.1706211677
75.23 55.3985603839
76.4 46.3343108504
77.56 57.824580112
78.72 60.8904292189
79.88 47.7472673954
81.04 54.518794988
82.21 68.5683817649
83.39 60.9437483338
84.56 42.4420154625
85.72 58.5443881632
86.88 62.5699813383
88.05 55.2652625966
89.23 58.2777925886
90.4 69.1282324713
91.56 55.878432418
92.72 51.9061583578
93.88 65.9290855772
95.05 66.275659824
96.23 49.1335643828
97.4 53.8789656092
98.56 64.2495334577
99.72 56.0917088776
100.88 50.7064782725
102.04 62.6499600107
103.23 60.6504932018
104.4 48.9736070381
105.56 56.464942682
106.72 65.5291922154
107.88 76.7528659024
109.04 85.0173287123
110.2 90.4825379899
111.37 91.8688349773
112.54 89.9226872834
113.71 88.9362836577
114.87 95.094641429
116.04 95.5211943482
117.2 95.7344708078
118.37 95.8411090376
119.54 98.5603838976
120.7 98.5870434551
121.85 95.9477472674
123.01 95.9477472674
124.17 95.9477472674
125.32 99.9466808851
126.48 96.6142362037
127.66 96.2676619568
128.83 98.7736603572
129.99 98.6936816849
131.15 97.3340442549
132.32 96.6408957611
133.48 96.2943215143
134.65 98.7736603572
135.81 98.6936816849
136.98 100.0
138.15 97.9738736337
139.32 96.9608104505
