8541.11 0.50
8542.20 0.25
8543.27 0.12
8544.34 0.06
8545.42 0.03
8546.49 0.02
8547.56 0.01
8548.63 0.00
8550.78 9.75
8551.86 10.88
8552.99 9.44
8554.08 17.72
8555.20 24.86
8556.32 20.93
8557.45 19.46
8558.58 27.23
8559.70 26.62
8560.82 21.81
8561.95 27.40
8563.07 32.70
8564.19 28.35
8565.32 21.18
8566.45 29.09
8567.57 33.54
8568.70 25.77
8569.82 25.89
8570.94 32.44
8572.07 30.22
8573.19 24.61
8574.32 29.31
8575.46 37.15
8576.58 30.08
8577.70 27.04
8578.82 33.02
8579.94 32.51
8581.07 24.75
8582.19 27.88
8583.32 32.94
8584.45 30.47
8585.58 23.23
8586.70 31.12
8587.82 39.06
8588.94 30.53
8590.07 26.26
8591.19 32.63
8592.32 33.82
8593.45 27.41
8594.58 31.70
8595.70 37.35
8596.82 30.68
8597.94 24.84
8599.07 33.42
8600.19 36.21
8601.32 29.10
8602.45 30.55
8603.58 36.28
8604.71 32.14
8605.84 26.07
8606.96 32.03
8608.08 39.52
8609.20 32.76
8610.32 28.88
8611.45 33.94
8612.58 32.97
8613.70 26.48
8614.82 28.74
8615.95 35.87
8617.08 33.44
8618.20 26.22
8619.32 31.61
8620.45 36.80
8621.57 29.40
8622.69 27.70
8623.81 36.35
8624.94 35.68
8626.06 29.34
8627.19 31.17
8628.31 38.08
8629.44 33.04
8630.56 24.52
8631.69 31.26
8632.82 36.63
8633.94 28.82
8635.07 30.41
8636.19 35.70
8637.31 31.85
8638.44 25.93
8639.57 32.46
8640.70 39.73
8641.82 31.87
8642.94 29.43
8644.07 35.22
8645.20 33.11
8646.32 26.55
8647.45 32.78
8648.58 37.89
8649.70 42.44
8650.82 44.72
8651.95 47.36
8653.08 50.18
8654.20 51.09
8655.31 52.55
8656.45 53.27
8657.58 52.14
8658.70 52.07
8659.82 52.03
8660.94 54.02
8662.06 52.51
8663.18 53.25
8664.31 52.13
8665.45 54.06
8666.57 53.53
8667.70 54.27
8668.82 53.63
8669.95 52.82
8671.08 54.41
8672.20 53.70
8673.32 55.85
8674.45 55.93
8675.58 55.96
