9543.51 0.00
9544.58 0.00
9545.64 0.50
9546.72 0.25
9547.79 0.13
9548.87 0.06
9549.95 0.53
9551.04 1.77
9553.21 11.94
9554.34 9.97
9555.42 16.49
9556.55 25.74
9557.68 22.37
9558.81 17.19
9559.94 25.09
9561.06 27.55
9562.18 23.27
9563.31 27.64
9564.44 32.82
9565.57 28.41
9566.71 22.20
9567.83 29.10
9568.95 33.05
9570.07 28.03
9571.19 26.01
9572.32 32.51
9573.45 30.75
9574.58 23.38
9575.71 27.19
9576.84 34.09
9577.96 28.55
9579.09 24.77
9580.21 31.89
9581.34 31.94
9582.46 25.97
9583.59 25.99
9584.72 33.99
9585.85 31.00
9586.97 26.50
9588.09 30.75
9589.21 37.37
9590.34 31.69
9591.46 25.84
9592.59 33.42
9593.72 33.71
9594.85 25.36
9595.98 30.18
9597.10 36.59
9598.22 30.29
9599.35 24.65
9600.48 31.82
9601.60 35.41
9602.72 28.21
9603.85 27.60
9604.97 35.30
9606.09 33.65
9607.21 26.83
9608.34 32.41
9609.46 37.71
9610.59 30.85
9611.71 26.93
9612.84 33.46
9613.97 32.23
9615.10 27.12
9616.22 28.06
9617.34 34.03
9618.46 32.51
9619.59 26.26
9620.72 31.13
9621.85 36.56
9622.98 32.28
9624.10 26.14
9625.22 33.07
9626.34 33.54
9627.47 27.77
9628.60 32.38
9629.72 38.19
9630.85 32.10
9631.98 24.05
9633.10 32.52
9634.22 36.26
9635.35 29.63
9636.48 30.82
9637.61 35.41
9638.74 31.70
9639.86 25.35
9640.98 32.18
9642.11 38.09
9643.23 31.04
9644.35 28.52
9645.48 35.76
9646.61 35.38
9647.74 29.19
9648.86 34.10
9649.99 40.05
9651.11 43.52
9652.24 45.76
9653.37 48.38
9654.50 51.19
9655.62 51.10
9656.74 51.05
9657.86 51.02
9658.98 51.01
9660.10 51.51
9661.23 51.25
9662.36 51.13
9663.50 52.56
9664.61 53.28
9665.74 52.64
9666.86 53.82
9667.99 53.91
9669.12 52.96
9670.25 52.48
9671.38 52.24
9672.50 52.62
9673.62 53.81
9674.76 54.40
9675.87 54.70
9676.99 54.35
9678.12 53.18
