12553.37 0.50
12554.49 0.25
12555.62 0.63
12556.74 0.31
12557.86 0.16
12558.98 0.08
12560.10 0.04
12561.20 0.02
12563.43 11.00
12564.60 10.50
12565.76 8.25
12566.88 17.63
12568.05 20.81
12569.21 17.91
12570.38 22.95
12571.54 29.98
12572.70 25.49
12573.87 20.24
12575.03 28.62
12576.19 29.31
12577.36 24.16
12578.53 28.58
12579.70 34.79
12580.86 28.89
12582.02 24.45
12583.18 30.72
12584.35 31.36
12585.52 25.18
12586.69 30.09
12587.85 36.55
12589.02 28.77
12590.18 26.89
12591.34 33.44
12592.51 31.22
12593.68 25.11
12594.85 27.56
12596.02 34.28
12597.18 29.14
12598.34 22.57
12599.51 30.28
12600.68 32.14
12601.85 26.07
12603.01 30.54
12604.17 37.77
12605.34 30.38
12606.50 26.19
12607.66 33.60
12608.82 33.30
12609.98 27.15
12611.15 31.57
12612.32 37.79
12613.49 30.89
12614.66 25.95
12615.82 33.97
12616.99 33.49
12618.16 27.74
12619.33 33.37
12620.50 38.69
12621.66 31.84
12622.82 28.92
12623.99 34.96
12625.16 33.48
12626.33 26.74
12627.50 30.37
12628.66 37.69
12629.82 31.34
12630.99 24.67
12632.16 32.34
12633.33 33.17
12634.50 26.58
12635.66 31.29
12636.82 37.65
12637.99 30.82
12639.16 26.41
12640.33 34.21
12641.50 33.60
12642.66 26.30
12643.82 31.65
12644.98 38.33
12646.16 32.66
12647.32 30.33
12648.49 37.67
12649.66 33.83
12650.82 27.92
12651.99 32.96
12653.16 39.48
12654.33 32.74
12655.50 31.37
12656.66 37.68
12657.84 33.34
12659.00 25.67
12660.15 32.84
12661.32 38.92
12662.49 44.46
12663.66 46.73
12664.83 49.36
12666.00 49.68
12667.15 51.84
12668.32 51.42
12669.49 52.21
12670.66 52.61
12671.83 52.80
12672.99 53.40
12674.15 53.70
12675.31 53.85
12676.48 53.93
12677.65 53.96
12678.82 52.98
12679.98 53.49
12681.14 53.75
12682.31 54.37
12683.48 53.69
12684.65 54.84
12685.82 53.92
12686.98 54.96
12688.14 53.98
12689.31 55.49
12690.48 55.25
12691.65 55.12
12692.82 54.56
