11549.03 0.50
11550.14 0.25
11551.26 0.13
11552.38 0.06
11553.50 0.03
11554.60 0.02
11555.70 0.01
11556.81 3.00
11559.09 13.75
11560.25 9.38
11561.38 20.19
11562.54 22.09
11563.71 17.05
11564.86 21.52
11566.03 29.76
11567.19 24.38
11568.36 19.19
11569.53 28.60
11570.69 27.80
11571.85 21.90
11573.01 28.45
11574.17 33.22
11575.34 29.11
11576.50 26.06
11577.66 31.53
11578.82 30.26
11579.99 23.63
11581.16 30.32
11582.33 36.16
11583.50 30.08
11584.66 26.54
11585.82 32.27
11586.99 31.63
11588.16 25.82
11589.33 28.91
11590.50 35.45
11591.66 28.73
11592.83 22.36
11594.00 31.68
11595.15 33.84
11596.32 27.42
11597.49 31.21
11598.66 37.11
11599.83 31.05
11600.99 27.03
11602.15 33.51
11603.32 32.76
11604.49 27.88
11605.65 32.94
11606.82 39.47
11607.98 31.23
11609.15 29.62
11610.32 37.31
11611.49 35.65
11612.66 28.33
11613.82 33.66
11614.99 40.33
11616.16 31.17
11617.33 30.08
11618.49 35.54
11619.66 32.27
11620.82 27.64
11621.99 31.32
11623.16 38.16
11624.33 32.58
11625.50 27.79
11626.66 34.89
11627.82 33.95
11628.99 27.97
11630.15 31.99
11631.32 37.99
11632.49 31.50
11633.66 28.25
11634.82 35.12
11635.99 33.56
11637.16 26.28
11638.33 32.14
11639.50 39.07
11640.66 32.04
11641.82 30.02
11642.98 36.51
11644.16 33.75
11645.32 28.38
11646.49 33.19
11647.66 38.59
11648.83 32.30
11649.98 32.15
11651.15 37.07
11652.31 33.04
11653.48 26.52
11654.65 33.76
11655.82 39.38
11656.98 44.69
11658.14 46.34
11659.31 49.17
11660.48 51.59
11661.65 53.29
11662.82 52.65
11663.98 53.32
11665.15 51.66
11666.32 52.83
11667.49 53.42
11668.66 53.71
11669.82 51.85
11670.99 53.93
11672.16 51.96
11673.33 53.98
11674.50 54.49
11675.66 54.75
11676.82 54.37
11677.99 53.19
11679.16 53.59
11680.33 54.30
11681.49 55.65
11682.66 55.82
11683.83 54.91
11685.00 55.96
11686.15 53.98
11687.32 55.49
11688.49 56.24
