5533.26 0.16
5534.34 0.08
5535.41 0.04
5536.48 0.02
5537.55 0.01
5538.62 0.01
5539.71 0.50
5540.78 0.25
5542.96 8.56
5544.04 5.78
5545.12 8.39
5546.21 14.70
5547.34 15.35
5548.46 12.17
5549.59 15.59
5550.72 20.79
5551.85 17.90
5552.97 13.95
5554.10 21.47
5555.22 25.24
5556.34 20.62
5557.47 22.31
5558.60 28.15
5559.72 26.58
5560.85 20.79
5561.98 27.89
5563.10 32.45
5564.23 26.22
5565.36 22.61
5566.49 30.31
5567.62 28.15
5568.75 21.58
5569.87 24.29
5571.00 29.14
5572.12 27.57
5573.25 18.79
5574.38 25.89
5575.50 34.95
5576.62 27.47
5577.75 23.24
5578.88 31.62
5580.01 29.81
5581.13 20.40
5582.26 27.20
5583.38 33.10
5584.50 27.05
5585.62 20.03
5586.74 29.01
5587.86 31.01
5588.99 22.50
5590.10 28.25
5591.22 33.63
5592.35 29.81
5593.48 21.41
5594.61 28.20
5595.73 34.60
5596.86 27.80
5597.98 25.40
5599.10 31.20
5600.22 28.60
5601.34 24.80
5602.46 28.90
5603.58 35.45
5604.70 29.73
5605.84 24.86
5606.97 29.43
5608.10 34.72
5609.22 27.86
5610.35 23.43
5611.48 32.71
5612.61 31.36
5613.74 23.18
5614.86 29.59
5615.99 36.79
5617.12 28.90
5618.25 23.95
5619.38 31.47
5620.50 29.24
5621.63 22.12
5622.75 25.56
5623.88 32.78
5625.01 30.39
5626.13 23.19
5627.26 31.60
5628.38 39.80
5629.50 32.90
5630.62 32.45
5631.74 35.22
5632.88 32.11
5634.00 25.06
5635.11 31.03
5636.23 36.01
5637.36 29.51
5638.49 24.25
5639.62 33.13
5640.75 40.06
5641.87 44.53
5643.00 46.27
5644.12 49.13
5645.25 48.07
5646.38 47.53
5647.50 49.27
5648.62 51.13
5649.75 52.07
5650.87 54.03
5651.99 53.52
5653.12 50.26
5654.25 48.63
5655.38 50.31
5656.50 48.16
5657.62 50.58
5658.75 50.29
5659.88 48.64
5661.01 47.32
5662.13 49.66
5663.26 50.83
5664.38 51.92
5665.51 50.96
5666.64 51.98
5667.77 52.99
