10543.63 0.06
10544.74 0.03
10545.86 0.02
10546.97 0.01
10548.08 0.00
10549.18 0.00
10550.28 0.00
10551.38 0.00
10553.60 12.75
10554.76 11.88
10555.93 13.94
10557.10 22.97
10558.26 22.98
10559.43 18.99
10560.59 23.50
10561.75 30.75
10562.91 23.37
10564.08 23.69
10565.24 29.84
10566.40 27.92
10567.56 22.96
10568.72 28.98
10569.88 34.49
10571.04 28.75
10572.20 27.37
10573.36 33.19
10574.53 28.59
10575.70 22.80
10576.86 30.90
10578.02 34.45
10579.18 26.72
10580.34 28.36
10581.51 36.68
10582.68 31.84
10583.84 25.42
10585.01 31.21
10586.17 36.11
10587.34 30.05
10588.50 28.53
10589.68 34.26
10590.84 30.63
10592.01 24.32
10593.17 30.16
10594.34 36.08
10595.50 28.54
10596.67 29.27
10597.83 35.63
10599.00 31.32
10600.16 24.66
10601.33 32.33
10602.50 36.66
10603.68 29.83
10604.84 29.92
10606.01 36.96
10607.17 33.48
10608.34 24.74
10609.50 32.37
10610.68 37.18
10611.84 29.59
10613.00 30.80
10614.15 35.90
10615.32 32.45
10616.48 24.72
10617.66 30.36
10618.82 38.68
10619.99 29.34
10621.16 28.67
10622.33 34.34
10623.50 32.67
10624.67 25.33
10625.83 33.67
10627.00 37.83
10628.15 30.42
10629.32 31.21
10630.49 36.60
10631.66 32.80
10632.82 25.40
10633.98 32.20
10635.14 36.60
10636.30 29.30
10637.46 31.15
10638.62 37.58
10639.80 32.29
10640.96 26.64
10642.12 34.32
10643.29 36.16
10644.46 28.58
10645.62 32.29
10646.80 39.15
10647.96 34.07
10649.12 25.04
10650.28 31.52
10651.45 38.76
10652.62 43.88
10653.79 47.44
10654.95 48.72
10656.12 48.36
10657.29 51.18
10658.46 51.09
10659.62 51.04
10660.78 51.52
10661.94 52.76
10663.10 53.88
10664.26 51.94
10665.42 52.97
10666.58 53.99
10667.75 52.99
10668.91 54.00
10670.07 53.00
10671.22 52.00
10672.38 53.50
10673.54 54.25
10674.71 53.12
10675.88 53.06
10677.04 55.03
10678.19 54.52
10679.36 55.76
10680.53 56.38
10681.70 56.69
10682.86 55.84
