==> ./dark1.txt <==
5533.26 0.16
5534.34 0.08
5535.41 0.04
5536.48 0.02
5537.55 0.01
5538.62 0.01
5539.71 0.50
5540.78 0.25
5542.96 8.56
5544.04 5.78
5545.12 8.39
5546.21 14.70
5547.34 15.35
5548.46 12.17
5549.59 15.59
5550.72 20.79
5551.85 17.90
5552.97 13.95
5554.10 21.47
5555.22 25.24
5556.34 20.62
5557.47 22.31
5558.60 28.15
5559.72 26.58
5560.85 20.79
5561.98 27.89
5563.10 32.45
5564.23 26.22
5565.36 22.61
5566.49 30.31
5567.62 28.15
5568.75 21.58
5569.87 24.29
5571.00 29.14
5572.12 27.57
5573.25 18.79
5574.38 25.89
5575.50 34.95
5576.62 27.47
5577.75 23.24
5578.88 31.62
5580.01 29.81
5581.13 20.40
5582.26 27.20
5583.38 33.10
5584.50 27.05
5585.62 20.03
5586.74 29.01
5587.86 31.01
5588.99 22.50
5590.10 28.25
5591.22 33.63
5592.35 29.81
5593.48 21.41
5594.61 28.20
5595.73 34.60
5596.86 27.80
5597.98 25.40
5599.10 31.20
5600.22 28.60
5601.34 24.80
5602.46 28.90
5603.58 35.45
5604.70 29.73
5605.84 24.86
5606.97 29.43
5608.10 34.72
5609.22 27.86
5610.35 23.43
5611.48 32.71
5612.61 31.36
5613.74 23.18
5614.86 29.59
5615.99 36.79
5617.12 28.90
5618.25 23.95
5619.38 31.47
5620.50 29.24
5621.63 22.12
5622.75 25.56
5623.88 32.78
5625.01 30.39
5626.13 23.19
5627.26 31.60
5628.38 39.80
5629.50 32.90
5630.62 32.45
5631.74 35.22
5632.88 32.11
5634.00 25.06
5635.11 31.03
5636.23 36.01
5637.36 29.51
5638.49 24.25
5639.62 33.13
5640.75 40.06
5641.87 44.53
5643.00 46.27
5644.12 49.13
5645.25 48.07
5646.38 47.53
5647.50 49.27
5648.62 51.13
5649.75 52.07
5650.87 54.03
5651.99 53.52
5653.12 50.26
5654.25 48.63
5655.38 50.31
5656.50 48.16
5657.62 50.58
5658.75 50.29
5659.88 48.64
5661.01 47.32
5662.13 49.66
5663.26 50.83
5664.38 51.92
5665.51 50.96
5666.64 51.98
5667.77 52.99

==> ./dark2.txt <==
9543.51 0.00
9544.58 0.00
9545.64 0.50
9546.72 0.25
9547.79 0.13
9548.87 0.06
9549.95 0.53
9551.04 1.77
9553.21 11.94
9554.34 9.97
9555.42 16.49
9556.55 25.74
9557.68 22.37
9558.81 17.19
9559.94 25.09
9561.06 27.55
9562.18 23.27
9563.31 27.64
9564.44 32.82
9565.57 28.41
9566.71 22.20
9567.83 29.10
9568.95 33.05
9570.07 28.03
9571.19 26.01
9572.32 32.51
9573.45 30.75
9574.58 23.38
9575.71 27.19
9576.84 34.09
9577.96 28.55
9579.09 24.77
9580.21 31.89
9581.34 31.94
9582.46 25.97
9583.59 25.99
9584.72 33.99
9585.85 31.00
9586.97 26.50
9588.09 30.75
9589.21 37.37
9590.34 31.69
9591.46 25.84
9592.59 33.42
9593.72 33.71
9594.85 25.36
9595.98 30.18
9597.10 36.59
9598.22 30.29
9599.35 24.65
9600.48 31.82
9601.60 35.41
9602.72 28.21
9603.85 27.60
9604.97 35.30
9606.09 33.65
9607.21 26.83
9608.34 32.41
9609.46 37.71
9610.59 30.85
9611.71 26.93
9612.84 33.46
9613.97 32.23
9615.10 27.12
9616.22 28.06
9617.34 34.03
9618.46 32.51
9619.59 26.26
9620.72 31.13
9621.85 36.56
9622.98 32.28
9624.10 26.14
9625.22 33.07
9626.34 33.54
9627.47 27.77
9628.60 32.38
9629.72 38.19
9630.85 32.10
9631.98 24.05
9633.10 32.52
9634.22 36.26
9635.35 29.63
9636.48 30.82
9637.61 35.41
9638.74 31.70
9639.86 25.35
9640.98 32.18
9642.11 38.09
9643.23 31.04
9644.35 28.52
9645.48 35.76
9646.61 35.38
9647.74 29.19
9648.86 34.10
9649.99 40.05
9651.11 43.52
9652.24 45.76
9653.37 48.38
9654.50 51.19
9655.62 51.10
9656.74 51.05
9657.86 51.02
9658.98 51.01
9660.10 51.51
9661.23 51.25
9662.36 51.13
9663.50 52.56
9664.61 53.28
9665.74 52.64
9666.86 53.82
9667.99 53.91
9669.12 52.96
9670.25 52.48
9671.38 52.24
9672.50 52.62
9673.62 53.81
9674.76 54.40
9675.87 54.70
9676.99 54.35
9678.12 53.18

==> ./dark3.txt <==
10543.63 0.06
10544.74 0.03
10545.86 0.02
10546.97 0.01
10548.08 0.00
10549.18 0.00
10550.28 0.00
10551.38 0.00
10553.60 12.75
10554.76 11.88
10555.93 13.94
10557.10 22.97
10558.26 22.98
10559.43 18.99
10560.59 23.50
10561.75 30.75
10562.91 23.37
10564.08 23.69
10565.24 29.84
10566.40 27.92
10567.56 22.96
10568.72 28.98
10569.88 34.49
10571.04 28.75
10572.20 27.37
10573.36 33.19
10574.53 28.59
10575.70 22.80
10576.86 30.90
10578.02 34.45
10579.18 26.72
10580.34 28.36
10581.51 36.68
10582.68 31.84
10583.84 25.42
10585.01 31.21
10586.17 36.11
10587.34 30.05
10588.50 28.53
10589.68 34.26
10590.84 30.63
10592.01 24.32
10593.17 30.16
10594.34 36.08
10595.50 28.54
10596.67 29.27
10597.83 35.63
10599.00 31.32
10600.16 24.66
10601.33 32.33
10602.50 36.66
10603.68 29.83
10604.84 29.92
10606.01 36.96
10607.17 33.48
10608.34 24.74
10609.50 32.37
10610.68 37.18
10611.84 29.59
10613.00 30.80
10614.15 35.90
10615.32 32.45
10616.48 24.72
10617.66 30.36
10618.82 38.68
10619.99 29.34
10621.16 28.67
10622.33 34.34
10623.50 32.67
10624.67 25.33
10625.83 33.67
10627.00 37.83
10628.15 30.42
10629.32 31.21
10630.49 36.60
10631.66 32.80
10632.82 25.40
10633.98 32.20
10635.14 36.60
10636.30 29.30
10637.46 31.15
10638.62 37.58
10639.80 32.29
10640.96 26.64
10642.12 34.32
10643.29 36.16
10644.46 28.58
10645.62 32.29
10646.80 39.15
10647.96 34.07
10649.12 25.04
10650.28 31.52
10651.45 38.76
10652.62 43.88
10653.79 47.44
10654.95 48.72
10656.12 48.36
10657.29 51.18
10658.46 51.09
10659.62 51.04
10660.78 51.52
10661.94 52.76
10663.10 53.88
10664.26 51.94
10665.42 52.97
10666.58 53.99
10667.75 52.99
10668.91 54.00
10670.07 53.00
10671.22 52.00
10672.38 53.50
10673.54 54.25
10674.71 53.12
10675.88 53.06
10677.04 55.03
10678.19 54.52
10679.36 55.76
10680.53 56.38
10681.70 56.69
10682.86 55.84

==> ./dark4.txt <==
11549.03 0.50
11550.14 0.25
11551.26 0.13
11552.38 0.06
11553.50 0.03
11554.60 0.02
11555.70 0.01
11556.81 3.00
11559.09 13.75
11560.25 9.38
11561.38 20.19
11562.54 22.09
11563.71 17.05
11564.86 21.52
11566.03 29.76
11567.19 24.38
11568.36 19.19
11569.53 28.60
11570.69 27.80
11571.85 21.90
11573.01 28.45
11574.17 33.22
11575.34 29.11
11576.50 26.06
11577.66 31.53
11578.82 30.26
11579.99 23.63
11581.16 30.32
11582.33 36.16
11583.50 30.08
11584.66 26.54
11585.82 32.27
11586.99 31.63
11588.16 25.82
11589.33 28.91
11590.50 35.45
11591.66 28.73
11592.83 22.36
11594.00 31.68
11595.15 33.84
11596.32 27.42
11597.49 31.21
11598.66 37.11
11599.83 31.05
11600.99 27.03
11602.15 33.51
11603.32 32.76
11604.49 27.88
11605.65 32.94
11606.82 39.47
11607.98 31.23
11609.15 29.62
11610.32 37.31
11611.49 35.65
11612.66 28.33
11613.82 33.66
11614.99 40.33
11616.16 31.17
11617.33 30.08
11618.49 35.54
11619.66 32.27
11620.82 27.64
11621.99 31.32
11623.16 38.16
11624.33 32.58
11625.50 27.79
11626.66 34.89
11627.82 33.95
11628.99 27.97
11630.15 31.99
11631.32 37.99
11632.49 31.50
11633.66 28.25
11634.82 35.12
11635.99 33.56
11637.16 26.28
11638.33 32.14
11639.50 39.07
11640.66 32.04
11641.82 30.02
11642.98 36.51
11644.16 33.75
11645.32 28.38
11646.49 33.19
11647.66 38.59
11648.83 32.30
11649.98 32.15
11651.15 37.07
11652.31 33.04
11653.48 26.52
11654.65 33.76
11655.82 39.38
11656.98 44.69
11658.14 46.34
11659.31 49.17
11660.48 51.59
11661.65 53.29
11662.82 52.65
11663.98 53.32
11665.15 51.66
11666.32 52.83
11667.49 53.42
11668.66 53.71
11669.82 51.85
11670.99 53.93
11672.16 51.96
11673.33 53.98
11674.50 54.49
11675.66 54.75
11676.82 54.37
11677.99 53.19
11679.16 53.59
11680.33 54.30
11681.49 55.65
11682.66 55.82
11683.83 54.91
11685.00 55.96
11686.15 53.98
11687.32 55.49
11688.49 56.24

==> ./dark5.txt <==
6535.22 0.26
6536.30 1.13
6537.39 1.56
6538.48 1.28
6539.56 0.64
6540.64 0.32
6541.72 0.16
6542.81 0.08
6544.96 13.52
6546.09 11.76
6547.21 7.38
6548.30 16.69
6549.42 22.85
6550.56 16.42
6551.68 19.71
6552.81 27.36
6553.94 27.18
6555.06 22.09
6556.18 29.54
6557.30 34.27
6558.42 29.14
6559.55 26.57
6560.68 31.28
6561.81 29.64
6562.94 22.82
6564.06 26.41
6565.18 32.71
6566.31 25.85
6567.44 23.43
6568.57 31.71
6569.70 32.86
6570.82 28.93
6571.94 28.96
6573.06 37.48
6574.18 32.24
6575.30 26.12
6576.43 31.56
6577.56 35.78
6578.69 30.89
6579.81 25.45
6580.94 30.22
6582.07 34.61
6583.20 24.81
6584.33 25.40
6585.44 32.70
6586.56 30.85
6587.69 24.43
6588.82 31.21
6589.94 38.11
6591.07 30.55
6592.19 26.78
6593.32 34.39
6594.45 30.69
6595.58 24.35
6596.70 30.67
6597.82 38.84
6598.96 32.42
6600.08 26.71
6601.20 32.85
6602.32 34.43
6603.45 27.71
6604.58 28.86
6605.70 35.43
6606.82 34.21
6607.95 29.11
6609.08 32.55
6610.20 37.28
6611.32 33.64
6612.45 27.32
6613.58 32.66
6614.70 37.83
6615.82 29.41
6616.96 27.71
6618.08 34.85
6619.20 33.93
6620.32 26.96
6621.45 31.98
6622.58 37.49
6623.70 31.75
6624.83 29.37
6625.96 37.19
6627.09 35.59
6628.21 28.30
6629.34 33.15
6630.46 39.07
6631.59 32.04
6632.70 26.52
6633.82 32.76
6634.95 33.38
6636.08 28.19
6637.20 27.59
6638.32 34.80
6639.44 30.90
6640.56 25.95
6641.69 32.47
6642.82 39.24
6643.94 41.12
6645.07 47.06
6646.18 50.03
6647.30 53.01
6648.42 49.51
6649.55 52.75
6650.68 51.38
6651.81 52.19
6652.94 52.59
6654.06 52.80
6655.18 52.40
6656.30 54.70
6657.42 50.85
6658.55 51.92
6659.68 53.96
6660.81 53.48
6661.94 53.24
6663.06 53.12
6664.19 55.06
6665.30 52.53
6666.42 52.77
6667.55 55.38
6668.68 54.19
6669.81 53.10

==> ./dark6.txt <==
12553.37 0.50
12554.49 0.25
12555.62 0.63
12556.74 0.31
12557.86 0.16
12558.98 0.08
12560.10 0.04
12561.20 0.02
12563.43 11.00
12564.60 10.50
12565.76 8.25
12566.88 17.63
12568.05 20.81
12569.21 17.91
12570.38 22.95
12571.54 29.98
12572.70 25.49
12573.87 20.24
12575.03 28.62
12576.19 29.31
12577.36 24.16
12578.53 28.58
12579.70 34.79
12580.86 28.89
12582.02 24.45
12583.18 30.72
12584.35 31.36
12585.52 25.18
12586.69 30.09
12587.85 36.55
12589.02 28.77
12590.18 26.89
12591.34 33.44
12592.51 31.22
12593.68 25.11
12594.85 27.56
12596.02 34.28
12597.18 29.14
12598.34 22.57
12599.51 30.28
12600.68 32.14
12601.85 26.07
12603.01 30.54
12604.17 37.77
12605.34 30.38
12606.50 26.19
12607.66 33.60
12608.82 33.30
12609.98 27.15
12611.15 31.57
12612.32 37.79
12613.49 30.89
12614.66 25.95
12615.82 33.97
12616.99 33.49
12618.16 27.74
12619.33 33.37
12620.50 38.69
12621.66 31.84
12622.82 28.92
12623.99 34.96
12625.16 33.48
12626.33 26.74
12627.50 30.37
12628.66 37.69
12629.82 31.34
12630.99 24.67
12632.16 32.34
12633.33 33.17
12634.50 26.58
12635.66 31.29
12636.82 37.65
12637.99 30.82
12639.16 26.41
12640.33 34.21
12641.50 33.60
12642.66 26.30
12643.82 31.65
12644.98 38.33
12646.16 32.66
12647.32 30.33
12648.49 37.67
12649.66 33.83
12650.82 27.92
12651.99 32.96
12653.16 39.48
12654.33 32.74
12655.50 31.37
12656.66 37.68
12657.84 33.34
12659.00 25.67
12660.15 32.84
12661.32 38.92
12662.49 44.46
12663.66 46.73
12664.83 49.36
12666.00 49.68
12667.15 51.84
12668.32 51.42
12669.49 52.21
12670.66 52.61
12671.83 52.80
12672.99 53.40
12674.15 53.70
12675.31 53.85
12676.48 53.93
12677.65 53.96
12678.82 52.98
12679.98 53.49
12681.14 53.75
12682.31 54.37
12683.48 53.69
12684.65 54.84
12685.82 53.92
12686.98 54.96
12688.14 53.98
12689.31 55.49
12690.48 55.25
12691.65 55.12
12692.82 54.56

==> ./dark7.txt <==
7540.43 0.50
7541.51 0.25
7542.59 0.12
7543.68 0.56
7544.77 0.28
7545.85 0.64
7546.93 0.32
7548.01 0.16
7550.17 13.29
7551.30 12.65
7552.43 9.82
7553.51 17.91
7554.64 22.96
7555.78 19.48
7556.90 23.24
7558.02 29.62
7559.14 26.81
7560.28 20.90
7561.39 27.95
7562.52 33.98
7563.65 26.99
7564.78 24.99
7565.90 32.50
7567.02 31.75
7568.14 25.37
7569.27 29.19
7570.40 36.09
7571.52 30.05
7572.65 23.02
7573.78 31.01
7574.90 33.01
7576.02 28.00
7577.14 30.00
7578.26 36.50
7579.39 32.75
7580.51 25.88
7581.64 29.44
7582.78 35.72
7583.90 30.86
7585.03 22.93
7586.15 30.46
7587.28 33.23
7588.41 26.62
7589.54 28.81
7590.66 36.90
7591.78 31.95
7592.91 25.98
7594.04 30.99
7595.16 37.49
7596.29 30.25
7597.42 28.62
7598.54 35.81
7599.67 31.91
7600.80 27.45
7601.92 33.23
7603.05 38.11
7604.18 32.56
7605.30 26.28
7606.42 33.14
7607.55 32.57
7608.68 26.78
7609.81 28.89
7610.94 36.45
7612.06 30.22
7613.18 26.61
7614.31 32.31
7615.45 36.65
7616.58 30.33
7617.70 26.66
7618.82 33.33
7619.95 34.17
7621.08 27.08
7622.19 29.04
7623.31 36.52
7624.44 32.26
7625.57 25.13
7626.70 32.07
7627.82 38.03
7628.94 30.02
7630.06 31.01
7631.18 36.50
7632.30 33.75
7633.43 27.88
7634.56 32.44
7635.69 37.72
7636.82 31.36
7637.94 27.68
7639.07 33.84
7640.19 33.42
7641.32 28.21
7642.45 31.60
7643.57 36.30
7644.69 33.15
7645.82 25.08
7646.94 33.54
7648.07 39.27
7649.19 43.13
7650.32 45.57
7651.45 47.28
7652.58 48.14
7653.70 48.57
7654.82 51.79
7655.95 53.89
7657.08 53.95
7658.20 52.47
7659.32 54.24
7660.45 53.62
7661.58 52.81
7662.70 54.40
7663.82 54.20
7664.95 54.60
7666.07 53.30
7667.19 53.15
7668.32 54.58
7669.45 54.79
7670.58 53.89
7671.70 52.45
7672.84 53.22
7673.96 52.11
7675.09 53.56

==> ./dark8.txt <==
8541.11 0.50
8542.20 0.25
8543.27 0.12
8544.34 0.06
8545.42 0.03
8546.49 0.02
8547.56 0.01
8548.63 0.00
8550.78 9.75
8551.86 10.88
8552.99 9.44
8554.08 17.72
8555.20 24.86
8556.32 20.93
8557.45 19.46
8558.58 27.23
8559.70 26.62
8560.82 21.81
8561.95 27.40
8563.07 32.70
8564.19 28.35
8565.32 21.18
8566.45 29.09
8567.57 33.54
8568.70 25.77
8569.82 25.89
8570.94 32.44
8572.07 30.22
8573.19 24.61
8574.32 29.31
8575.46 37.15
8576.58 30.08
8577.70 27.04
8578.82 33.02
8579.94 32.51
8581.07 24.75
8582.19 27.88
8583.32 32.94
8584.45 30.47
8585.58 23.23
8586.70 31.12
8587.82 39.06
8588.94 30.53
8590.07 26.26
8591.19 32.63
8592.32 33.82
8593.45 27.41
8594.58 31.70
8595.70 37.35
8596.82 30.68
8597.94 24.84
8599.07 33.42
8600.19 36.21
8601.32 29.10
8602.45 30.55
8603.58 36.28
8604.71 32.14
8605.84 26.07
8606.96 32.03
8608.08 39.52
8609.20 32.76
8610.32 28.88
8611.45 33.94
8612.58 32.97
8613.70 26.48
8614.82 28.74
8615.95 35.87
8617.08 33.44
8618.20 26.22
8619.32 31.61
8620.45 36.80
8621.57 29.40
8622.69 27.70
8623.81 36.35
8624.94 35.68
8626.06 29.34
8627.19 31.17
8628.31 38.08
8629.44 33.04
8630.56 24.52
8631.69 31.26
8632.82 36.63
8633.94 28.82
8635.07 30.41
8636.19 35.70
8637.31 31.85
8638.44 25.93
8639.57 32.46
8640.70 39.73
8641.82 31.87
8642.94 29.43
8644.07 35.22
8645.20 33.11
8646.32 26.55
8647.45 32.78
8648.58 37.89
8649.70 42.44
8650.82 44.72
8651.95 47.36
8653.08 50.18
8654.20 51.09
8655.31 52.55
8656.45 53.27
8657.58 52.14
8658.70 52.07
8659.82 52.03
8660.94 54.02
8662.06 52.51
8663.18 53.25
8664.31 52.13
8665.45 54.06
8666.57 53.53
8667.70 54.27
8668.82 53.63
8669.95 52.82
8671.08 54.41
8672.20 53.70
8673.32 55.85
8674.45 55.93
8675.58 55.96
./dark1.txt ./dark2.txt ./dark3.txt ./dark4.txt ./dark5.txt ./dark6.txt ./dark7.txt ./dark8.txt
