0.0 0.277674935209
1.08 0.129581636431
2.15 0.0555349870418
3.22 0.0185116623473
4.29 0.0
5.36 0.0
6.45 0.907071455017
7.52 0.444279896335
9.7 15.8274713069
10.78 10.6812291744
11.86 15.512773047
12.95 27.1936319882
14.08 28.3968900407
15.2 22.5101814143
16.33 28.8411699371
17.46 38.4672343576
18.59 33.1173639393
19.71 25.8052573121
20.84 39.7260273973
21.96 46.7049241022
23.08 38.1525360977
24.21 41.2810070344
25.34 52.0918178452
26.46 49.1854868567
27.59 38.4672343576
28.72 51.6105146242
29.84 60.0518326546
30.97 48.5190670122
32.1 41.8363569049
33.23 56.0903369123
34.36 52.0918178452
35.49 39.9296556831
36.61 44.9463161792
37.74 53.9244724176
38.86 51.0181414291
39.99 34.7649018882
41.12 47.9081821548
42.24 64.6797482414
43.36 50.8330248056
44.49 43.0025916327
45.62 58.5153646797
46.75 55.1647537949
47.87 37.7452795261
49.0 50.3332099223
50.12 61.2550907071
51.24 50.055534987
52.36 37.0603480193
53.48 53.6838208071
54.6 57.3861532766
55.73 41.632728619
56.84 52.2769344687
57.96 62.2362088116
59.09 55.1647537949
60.22 39.6149574232
61.35 52.184376157
62.47 64.0318400592
63.6 51.4439096631
64.72 47.0011106997
65.84 57.7378748612
66.96 52.9248426509
68.08 45.8904109589
69.2 53.4801925213
70.32 65.6053313588
71.44 55.0166604961
72.58 46.001480933
73.71 54.4613106257
74.84 64.2539800074
75.96 51.5549796372
77.09 43.3543132173
78.22 60.5331358756
79.35 58.0340614587
80.48 42.8915216586
81.6 54.7574972233
82.73 68.0858941133
83.86 53.4801925213
84.99 44.3169196594
86.12 58.2376897445
87.24 54.1095890411
88.37 40.9292854498
89.49 47.2972972973
90.62 60.662717512
91.75 56.238430211
92.87 42.910033321
94.0 58.4783413551
95.12 73.6579044798
96.24 60.8848574602
97.36 60.0518326546
98.48 65.1795631248
99.62 59.4224361348
100.74 46.3717141799
101.85 57.4231766013
102.97 66.6419844502
104.1 54.6094039245
105.23 44.8722695298
106.36 61.3106256942
107.49 74.1392077009
108.61 82.4139207701
109.74 85.6349500185
110.86 90.9292854498
111.99 88.967049241
113.12 87.9674194743
114.24 91.1884487227
115.36 94.6316179193
116.49 96.3717141799
117.61 100.0
118.73 99.0559052203
119.86 93.0211032951
120.99 90.0037023325
122.12 93.1136616068
123.24 89.1336542021
124.36 93.6134764902
125.49 93.0766382821
126.62 90.0222139948
127.75 87.578674565
128.87 91.9104035542
130.0 94.0762680489
131.12 96.0940392447
132.25 94.3169196594
133.38 96.2051092188
134.51 98.0747871159
