0.0 0.871420949671
1.11 0.426818424329
2.23 0.213409212164
3.35 0.0889205050685
4.47 0.0355682020274
5.57 0.0177841010137
6.67 0.0
7.78 5.31744620309
10.06 24.4353547928
11.22 16.6637026498
12.35 35.8883158456
13.51 39.2672950382
14.68 30.3041081273
15.83 38.2536012805
17.0 52.9077005157
18.16 43.3398541704
19.33 34.1099057443
20.5 50.8447447982
21.66 49.4220167171
22.82 38.929397119
23.98 50.5779832829
25.14 59.0609994665
26.31 51.7517339498
27.47 46.3275831407
28.63 56.0554863952
29.79 53.7969055664
30.96 42.0060465943
32.13 53.9036101725
33.3 64.2895251645
34.47 53.4767917482
35.63 47.1812199893
36.79 57.3715098702
37.96 56.2333274053
39.13 45.9007647163
40.3 51.3960519296
41.47 63.0268539925
42.63 51.0759381113
43.8 39.7474657656
44.97 56.3222479104
46.12 60.1636137293
47.29 48.7462208785
48.46 55.4863951627
49.63 65.9790147608
50.8 55.2018495465
51.96 48.052640939
53.12 59.5767383959
54.29 58.2429308198
55.46 49.5642895252
56.62 58.5630446381
57.79 70.1760626
58.95 55.5219633648
60.12 52.6587231015
61.29 66.3346967811
62.46 63.3825360128
63.63 50.3645740708
64.79 59.8434999111
65.96 71.7054952872
67.13 55.4152587587
68.3 53.4767917482
69.46 63.1869109017
70.63 57.3715098702
71.79 49.1374711008
72.96 55.6820202739
74.13 67.8463453672
75.3 57.9228170016
76.47 49.404232616
77.63 62.0309443358
78.79 60.3592388405
79.96 49.7243464343
81.12 56.8735550418
82.29 67.54401565
83.46 56.0021340921
84.63 50.2223012627
85.79 62.4399786591
86.96 59.6656589009
88.13 46.718833363
89.3 57.140316557
90.47 69.4646985595
91.63 56.9624755469
92.79 53.3700871421
93.95 64.9119687
95.13 60.0035568202
96.29 50.4534945758
97.46 59.0076471634
98.63 68.6110617108
99.8 57.4248621732
100.95 57.158100658
102.12 65.9078783567
103.28 58.7408856482
104.45 47.1456517873
105.62 60.0213409212
106.79 70.0160056909
107.95 79.4593633292
109.11 82.3937399964
110.28 87.4266405833
111.45 91.7303930286
112.62 94.753690201
113.79 93.6155077361
114.95 94.807042504
116.12 91.8548817357
117.29 93.9356215543
118.46 94.9848835141
119.63 95.5006224435
120.79 92.192779655
121.96 95.8918726658
123.13 92.3884047661
124.3 95.9807931709
125.47 96.8877823226
126.63 97.350168949
127.79 96.6743731104
128.96 94.5758491908
130.13 95.2872132314
131.3 96.5498844033
132.46 98.9507380402
133.63 99.2530677574
134.8 97.6347145652
135.97 99.5020451716
137.12 95.9807931709
138.29 98.666192424
139.46 100.0
