0.0 0.10583877227
1.11 0.0529193861351
2.23 0.0352795907567
3.34 0.0176397953784
4.45 0.0
5.55 0.0
6.65 0.0
7.75 0.0
9.97 22.4907391074
11.13 20.9560769095
12.3 24.5898747575
13.47 40.5186099841
14.63 40.5362497795
15.8 33.4979714235
16.96 41.4535191392
18.12 54.2423707885
19.28 41.2242017993
20.45 41.7886752514
21.61 52.6371494091
22.77 49.2503086964
23.93 40.5009701887
25.09 51.1201270065
26.25 60.83965426
27.41 50.7144117128
28.57 48.2801199506
29.73 58.5464808608
30.9 50.4321749868
32.07 40.2187334627
33.23 54.5069677192
34.39 60.7690950785
35.55 47.133533251
36.71 50.0264596931
37.88 64.7027694479
39.05 56.1651084847
40.21 44.8403598518
41.38 55.0538013759
42.54 63.6973011113
43.71 53.007585112
44.87 50.3263362145
46.05 60.4339389663
47.21 54.030693244
48.38 42.8999823602
49.54 53.2016228612
50.71 63.6443817252
51.87 50.3439760099
53.04 51.6316810725
54.2 62.8505909331
55.37 55.2478391251
56.53 43.4997354031
57.7 57.0294584583
58.87 64.6674898571
60.05 52.6195096137
61.21 52.7782677721
62.38 65.1966837185
63.54 59.0580349268
64.71 43.6408537661
65.87 57.1000176398
67.05 65.5847592168
68.21 52.1961545246
69.37 54.3305697654
70.52 63.3268654084
71.69 57.2411360028
72.85 43.6055741753
74.03 53.5544187687
75.19 68.2307285235
76.36 51.7551596401
77.53 50.5732933498
78.7 60.5750573293
79.87 57.6292115011
81.04 44.6816016934
82.2 59.393191039
83.37 66.7313459164
84.52 53.660257541
85.69 55.0538013759
86.86 64.5616510848
88.03 57.8585288411
89.19 44.8050802611
90.35 56.8001411184
91.51 64.5616510848
92.67 51.6846004586
93.83 54.9479626036
94.99 66.2903510319
96.17 56.9588992768
97.33 46.992414888
98.49 60.5397777386
99.66 63.7855000882
100.83 50.4145351914
101.99 56.9588992768
103.17 69.0597989063
104.33 60.0987828541
105.49 44.1700476274
106.65 55.6006350326
107.82 68.3718468866
108.99 77.4034221203
110.16 83.683189275
111.32 85.9410830834
112.49 85.3060504498
113.66 90.2804727465
114.83 90.1217145881
115.99 90.0335156112
117.15 90.8802257894
118.31 93.0675604163
119.47 95.0432174987
120.63 91.6210971953
121.79 93.4379961192
122.95 95.2372552478
124.12 93.47327571
125.28 95.2548950432
126.44 93.4909155054
127.59 91.7269359675
128.75 94.3729052743
129.91 95.6958899277
131.08 93.7025930499
132.25 93.5967542777
133.41 97.0717939672
134.56 96.1721644029
135.73 98.3594990298
136.9 99.4531663433
138.07 100.0
139.23 98.5006173928
