0.0 0.695079568319
1.08 0.237790378635
2.16 0.0
3.25 0.804828973843
4.34 0.292665081397
5.42 0.951161514542
6.5 0.365831351747
7.58 0.0731662703494
9.74 24.0899945125
10.87 22.9193341869
12.0 17.7428205597
13.08 32.5406987379
14.21 41.7779403695
15.35 35.4124748491
16.47 42.2901042619
17.59 53.9601243827
18.71 48.8201938906
19.85 38.0098774465
20.96 50.9054325956
22.09 61.9352478507
23.22 49.1494421072
24.35 45.4911285897
25.47 59.2280958478
26.59 57.8562282788
27.71 46.186208158
28.84 53.1735869764
29.97 65.7947686117
31.09 54.7466617889
32.22 41.887689775
33.35 56.5026522773
34.47 60.1609657948
35.59 50.9968904335
36.71 54.655203951
37.83 66.5447228828
38.96 59.6853850375
40.08 47.119078105
41.21 53.6308761661
42.35 65.1179806109
43.47 56.2282787635
44.6 41.7230656667
45.72 55.49661606
46.85 60.5633802817
47.98 48.4726541065
49.11 52.4785074081
50.23 67.2763855862
51.35 58.2220596305
52.48 47.3019937809
53.61 56.4660691421
54.73 68.3555880739
55.86 55.1124931407
56.99 52.1309676239
58.11 65.2826047192
59.24 58.1488933602
60.37 49.9908542162
61.49 60.5633802817
62.62 69.4896652643
63.75 59.3378452533
64.87 47.8507408085
65.99 60.3987561734
67.12 59.3561368209
68.25 48.7653191879
69.38 52.6248399488
70.51 66.4532650448
71.63 55.0576184379
72.75 48.4543625389
73.88 58.8805560637
75.02 66.8190963966
76.15 55.2588256814
77.27 48.5458203768
78.39 60.7462959576
79.52 62.2827876349
80.65 49.3140662155
81.76 52.8992134626
82.88 66.5813060179
84.01 58.7890982257
85.14 45.7472105359
86.27 58.4415584416
87.39 69.3433327236
88.51 54.6917870862
89.63 56.5026522773
90.75 66.5447228828
91.87 61.5145417962
93.0 50.7773916225
94.13 59.1183464423
95.26 68.7762941284
96.39 57.1428571429
97.51 50.4115602707
98.64 61.6791659045
99.76 60.9109200658
100.89 51.3810133528
102.02 57.581854765
103.14 66.178891531
104.26 60.417047741
105.39 45.655752698
106.51 61.1304188769
107.64 71.6114871044
108.76 78.6720321932
109.89 83.1351746845
111.02 86.2630327419
112.15 87.8361075544
113.27 88.6226449607
114.39 94.5125297238
115.52 98.3537589171
116.65 98.4635083227
117.77 95.7563563197
118.89 98.9939637827
120.02 97.8598865923
121.15 96.3782696177
122.27 99.2866288641
123.39 98.9207975123
124.52 99.6524602158
125.64 97.2745564295
126.76 97.0001829157
127.89 99.6158770807
129.02 100.0
130.15 98.3537589171
131.27 95.7197731846
132.41 97.1282238888
133.53 95.0978598866
134.66 97.7501371868
