0.0 0.0
1.07 0.0
2.13 0.91407678245
3.21 0.457038391225
4.28 0.237659963437
5.36 0.109689213894
6.44 0.968921389397
7.53 3.23583180987
9.7 21.8281535649
10.83 18.226691042
11.91 30.1462522852
13.04 47.0566727605
14.17 40.8957952468
15.3 31.4259597806
16.43 45.8683729433
17.55 50.365630713
18.67 42.5411334552
19.8 50.5301645338
20.93 60.0
22.06 51.9378427788
23.2 40.5850091408
24.32 53.1992687386
25.44 60.4204753199
26.56 51.2431444241
27.68 47.550274223
28.81 59.4332723949
29.94 56.2157221207
31.07 42.7422303473
32.2 49.7074954296
33.33 62.3217550274
34.45 52.1937842779
35.58 45.2833638026
36.7 58.2998171846
37.83 58.3912248629
38.95 47.4771480804
40.08 47.5137111517
41.21 62.1389396709
42.34 56.6727605119
43.46 48.4460694698
44.58 56.2157221207
45.7 68.3180987203
46.83 57.9341864717
47.95 47.239488117
49.08 61.0968921389
50.21 61.6270566728
51.34 46.3619744059
52.47 55.1736745887
53.59 66.8921389397
54.71 55.3747714808
55.84 45.0639853748
56.97 58.1718464351
58.09 64.7349177331
59.21 51.5722120658
60.34 50.4570383912
61.46 64.533820841
62.58 61.5173674589
63.7 49.0493601463
64.83 59.2504570384
65.95 68.9396709324
67.08 56.3985374771
68.2 49.2321755027
69.33 61.1700182815
70.46 58.9213893967
71.59 49.5795246801
72.71 51.2979890311
73.83 62.2120658135
74.95 59.4332723949
76.08 48.0073126143
77.21 56.9104204753
78.34 66.8372943327
79.47 59.012797075
80.59 47.7879341865
81.71 60.4570383912
82.83 61.3162705667
83.96 50.7678244973
85.09 59.1956124314
86.21 69.8171846435
87.34 58.6837294333
88.47 43.9670932358
89.59 59.4515539305
90.71 66.2888482633
91.84 54.168190128
92.97 56.3436928702
94.1 64.7349177331
95.23 57.9524680073
96.35 46.3436928702
97.47 58.8299817185
98.6 69.634369287
99.72 56.7458866545
100.84 52.1389396709
101.97 65.3747714808
103.1 64.6800731261
104.23 53.3638025594
105.35 62.3400365631
106.48 73.2175502742
107.6 79.5612431444
108.73 83.6563071298
109.86 88.4460694698
110.99 93.5831809872
112.11 93.4186471664
113.23 93.3272394881
114.35 93.2723948812
115.47 93.2541133455
116.59 94.168190128
117.72 93.6928702011
118.85 93.4734917733
119.99 96.0877513711
121.1 97.4040219378
122.23 96.2340036563
123.35 98.3912248629
124.48 98.5557586837
125.61 96.8190127971
126.74 95.9414990859
127.87 95.5027422303
128.99 96.197440585
130.11 98.3729433272
131.25 99.4515539305
132.36 100.0
133.48 99.3601462523
134.61 97.2212065814
