0.0 0.325497287523
1.08 1.89873417722
2.17 2.67631103074
3.26 2.16998191682
4.34 1.01265822785
5.42 0.433996383363
6.5 0.144665461121
7.59 0.0
9.74 24.3037974684
10.87 21.1211573237
11.99 13.2007233273
13.08 30.0361663653
14.2 41.1754068716
15.34 29.547920434
16.46 35.4972875226
17.59 49.3309222423
18.72 49.0054249548
19.84 39.801084991
20.96 53.2730560579
22.08 61.8264014467
23.2 52.5497287523
24.33 47.9023508137
25.46 56.4195298373
26.59 53.4538878843
27.72 41.1211573237
28.84 47.6130198915
29.96 59.0054249548
31.09 46.6003616637
32.22 42.2242314647
33.35 57.1971066908
34.48 59.2766726944
35.6 52.1699819168
36.72 52.2242314647
37.84 67.6311030741
38.96 58.1555153707
40.08 47.0886075949
41.21 56.9258589512
42.34 64.5569620253
43.47 55.7142857143
44.59 45.877034358
45.72 54.5027124774
46.85 62.4412296564
47.98 44.7197106691
49.11 45.7866184448
50.22 58.9873417722
51.34 55.6419529837
52.47 44.0325497288
53.6 56.2929475588
54.72 68.7703435805
55.85 55.0994575045
56.97 48.2820976492
58.1 62.0433996383
59.23 55.3526220615
60.36 43.8878842676
61.48 55.3164556962
62.6 70.0904159132
63.74 58.4810126582
64.86 48.1555153707
65.98 59.2585895118
67.1 62.1157323689
68.23 49.9638336347
69.36 52.0433996383
70.48 63.9240506329
71.6 61.7179023508
72.73 52.4954792043
73.86 58.7160940325
74.98 67.2694394213
76.1 60.6871609403
77.23 49.2585895118
78.36 58.9150090416
79.48 68.2640144665
80.6 53.0379746835
81.74 49.9638336347
82.86 62.8752260398
83.98 61.2115732369
85.1 48.6075949367
86.23 57.6853526221
87.36 67.6491862568
88.48 57.2694394213
89.61 52.965641953
90.74 67.1066907776
91.87 64.2133815552
92.99 51.0307414105
94.12 59.801084991
95.24 70.5063291139
96.37 57.7938517179
97.48 47.8119349005
98.6 59.095840868
99.73 60.2169981917
100.86 50.8318264014
101.98 49.746835443
103.1 62.7848101266
104.22 55.7323688969
105.34 46.7811934901
106.47 58.5714285714
107.6 70.8137432188
108.72 74.2133815552
109.85 84.9547920434
110.96 90.3254972875
112.08 95.7142857143
113.2 89.3851717902
114.33 95.2441229656
115.46 92.7667269439
116.59 94.2314647378
117.72 94.9547920434
118.84 95.3345388788
119.96 94.6112115732
121.08 98.7703435805
122.2 91.808318264
123.33 93.7432188065
124.46 97.4321880651
125.59 96.5641952984
126.72 96.130198915
127.84 95.9132007233
128.97 99.4213381555
130.08 94.8462929476
131.2 95.2802893309
132.33 100.0
133.46 97.8481012658
134.59 95.877034358
