0.0 0.893495353824
1.09 0.446747676912
2.16 0.214438884918
3.23 0.107219442459
4.31 0.0536097212294
5.38 0.035739814153
6.45 0.0178699070765
7.52 0.0
9.67 17.4231593996
10.75 19.4424588992
11.88 16.8691922802
12.97 31.6654753395
14.09 44.4245889921
15.21 37.4017155111
16.34 34.7748391708
17.47 48.6597569693
18.59 47.5696926376
19.71 38.9742673338
20.84 48.9635453896
21.96 58.4345961401
23.08 50.6611865618
24.21 37.848463188
25.34 51.9835596855
26.46 59.9356683345
27.59 46.0507505361
28.71 46.265189421
29.83 57.9699785561
30.96 54.0028591851
32.08 43.9778413152
33.21 52.3766976412
34.35 66.3867047891
35.47 53.7526804861
36.59 48.3202287348
37.71 59.0064331665
38.83 58.0950679056
39.96 44.2280200143
41.08 49.8213009292
42.21 58.8634739099
43.34 54.449606862
44.47 41.5117941387
45.59 55.611150822
46.71 69.7998570407
47.83 54.5568263045
48.96 46.9263759828
50.08 58.3095067906
51.21 60.4360257327
52.34 48.9814152966
53.47 56.6476054325
54.59 66.7441029307
55.71 54.8248749107
56.83 44.388849178
57.96 59.7212294496
59.08 64.7069335239
60.21 52.0014295926
61.34 54.5925661187
62.47 64.8320228735
63.6 57.4338813438
64.73 46.5868477484
65.85 57.237312366
66.97 70.6218727663
68.09 58.5418155826
69.21 51.6082916369
70.34 60.6504646176
71.47 58.9170836312
72.59 47.3195139385
73.71 51.3581129378
74.84 64.0993566833
75.97 59.7569692638
77.09 46.8548963545
78.21 56.4867762688
79.34 65.7612580415
80.46 52.5375268049
81.58 49.4996426019
82.7 64.957112223
83.83 63.7598284489
84.95 52.4303073624
86.08 55.7005003574
87.2 68.0486061472
88.33 59.0421729807
89.45 43.8170121515
90.58 55.8613295211
91.71 65.4574696212
92.83 51.5010721944
93.96 54.3423874196
95.08 63.795568263
96.2 56.9156540386
97.33 46.3366690493
98.46 58.0057183703
99.59 70.9971408149
100.71 56.9513938528
101.83 52.5911365261
102.96 62.9378127234
104.09 59.1672623302
105.21 47.4446032881
106.34 58.5775553967
107.47 67.7090779128
108.59 75.8398856326
109.71 79.914224446
110.84 84.6318799142
111.97 89.6711937098
113.09 91.2973552538
114.2 93.9063616869
115.34 95.1929949964
116.47 93.1736954968
117.59 93.0486061472
118.71 92.9771265189
119.83 96.5332380272
120.95 93.8348820586
122.07 95.1572551823
123.2 93.1558255897
124.34 96.6047176555
125.46 95.6576125804
126.59 96.9799857041
127.71 95.8363116512
128.84 94.388849178
129.97 97.2301644031
131.09 95.9614010007
132.21 99.8034310222
133.34 99.9463902788
134.47 100.0
