0.0 0.865332612223
1.12 0.414638543357
2.25 1.09969352803
3.37 0.522805119885
4.49 0.252388678565
5.61 0.108166576528
6.73 0.0360555255093
7.83 0.0
10.06 19.7944835046
11.23 18.8930953669
12.39 14.8368487471
13.51 31.7468902109
14.68 37.4797187669
15.84 32.2516675681
17.01 41.3376599964
18.17 54.0111772129
19.33 45.9167117361
20.5 36.4521362899
21.66 51.5594014783
22.82 52.8033171083
23.99 43.5190192897
25.16 51.4872904273
26.33 62.6825310979
27.49 52.0461510727
28.65 44.0418244096
29.81 55.3452316568
30.98 56.499008473
32.15 45.3578510907
33.32 54.2094826032
34.48 65.8554173427
35.65 51.8298179196
36.81 48.4405985217
37.97 60.248783126
39.14 56.2466197945
40.31 45.2316567514
41.48 49.6484586263
42.65 61.7631151974
43.81 52.4968451415
44.97 40.6526050117
46.14 54.5520100955
47.31 57.9051739679
48.48 46.9623219758
49.64 55.0207319272
50.8 68.0548043988
51.97 54.7322877231
53.13 47.1786551289
54.29 60.5372273301
55.45 59.9963944474
56.61 48.9093203533
57.78 56.8775914909
58.95 68.0908599243
60.12 55.6517036236
61.29 46.7459888228
62.45 61.204254552
63.62 60.3389219398
64.79 49.9729583559
65.96 60.1225887867
67.13 69.7133585722
68.29 57.3643410853
69.45 52.1002343609
70.62 62.9890030647
71.79 60.320894177
72.96 48.1701820804
74.13 54.7142599603
75.29 67.9105822967
76.45 56.4629529475
77.62 44.4384351902
78.79 58.265729223
79.96 59.7620335316
81.13 47.8817378763
82.29 56.3728141338
83.45 67.8384712457
84.62 55.5255092843
85.79 47.5752659095
86.96 61.6369208581
88.13 60.5372273301
89.29 47.3769605192
90.45 57.0218135929
91.61 69.064359113
92.79 58.8426176312
93.95 54.6421489093
95.12 67.8745267712
96.29 60.9518658734
97.45 50.2974580855
98.62 59.3834505138
99.79 71.1375518298
100.96 58.9868397332
102.13 56.5170362358
103.29 67.892554534
104.47 60.0685054985
105.63 46.2412114657
106.78 59.1671173607
107.95 70.1279971156
109.12 80.1153776816
110.29 84.2076798269
111.46 88.9489814314
112.63 89.5258698396
113.78 93.4198665946
114.95 92.6627005589
116.12 94.0868938165
117.29 94.8080043267
118.46 95.150531819
119.62 96.2321975843
120.78 96.7730304669
121.94 97.0434469082
123.11 97.1876690103
124.28 97.2417522985
125.45 95.4750315486
126.61 96.3944474491
127.77 96.8631692807
128.94 97.9808905715
130.11 96.7550027042
131.28 98.8281954209
132.45 97.1696412475
133.61 99.044528574
134.77 97.277807824
135.94 100.0
137.11 99.5673336939
138.28 99.3329727781
139.45 98.3234180638
