8612.46 0.47
8613.54 0.23
8614.62 0.12
8615.70 0.06
8616.76 0.03
8617.83 0.01
8618.90 0.01
8619.97 0.00
8622.11 7.25
8623.20 6.63
8624.29 10.31
8625.42 15.16
8626.54 14.58
8627.68 12.79
8628.81 14.89
8629.94 17.45
8631.07 13.72
8632.18 15.86
8633.31 18.93
8634.44 18.97
8635.57 14.48
8636.70 17.74
8637.82 22.37
8638.95 18.19
8640.07 17.59
8641.19 19.80
8642.31 18.90
8643.44 16.95
8644.56 18.47
8645.69 24.24
8646.82 19.62
8647.95 15.31
8649.07 19.65
8650.19 23.33
8651.32 19.16
8652.45 18.08
8653.57 23.04
8654.69 22.52
8655.82 16.26
8656.94 18.13
8658.07 22.07
8659.19 21.03
8660.32 18.02
8661.44 21.51
8662.57 22.75
8663.70 19.38
8664.82 21.69
8665.94 23.34
8667.07 21.67
8668.20 16.34
8669.32 19.67
8670.45 25.33
8671.58 20.67
8672.70 19.83
8673.82 22.92
8674.95 22.96
8676.08 17.48
8677.20 19.24
8678.32 23.62
8679.45 19.31
8680.58 15.65
8681.70 19.33
8682.82 21.66
8683.96 16.83
8685.08 14.42
8686.20 21.21
8687.33 22.10
8688.46 18.55
8689.58 21.78
8690.71 24.89
8691.84 19.94
8692.97 16.47
8694.10 20.74
8695.22 22.37
8696.35 19.18
8697.48 19.59
8698.61 24.80
8699.73 23.90
8700.85 17.45
8701.98 21.22
8703.10 25.11
8704.23 20.56
8705.36 17.78
8706.49 22.89
8707.61 22.94
8708.74 17.47
8709.86 19.74
8710.99 25.87
8712.11 23.43
8713.24 17.22
8714.37 21.11
8715.50 23.05
8716.62 19.53
8717.74 21.26
8718.87 24.13
8720.00 29.07
8721.11 29.03
8722.24 32.52
8723.37 32.26
8724.50 34.63
8725.62 34.31
8726.75 33.66
8727.88 34.33
8729.01 34.16
8730.14 33.58
8731.26 33.79
8732.39 36.40
8733.51 35.20
8734.63 36.60
8735.75 36.80
8736.86 35.90
8737.98 36.45
8739.11 37.72
8740.24 35.86
8741.37 36.93
8742.50 35.97
8743.62 36.48
8744.75 36.24
8745.88 36.12
8747.02 36.06
8748.13 38.03
8749.25 37.52
8750.38 38.26
8751.51 36.13
8752.64 38.56
8753.77 37.28
8754.90 36.14
8756.02 35.07
8757.14 36.54
8758.27 37.27
8759.39 38.13
8760.52 36.57
8761.65 35.28
8762.78 35.64
8763.90 35.32
8765.02 36.16
8766.14 37.08
8767.26 37.04
8768.38 35.52
8769.51 35.76
8770.64 37.38
8771.77 36.19
8772.90 35.60
8774.02 34.80
8775.14 35.90
8776.26 36.95
8777.38 36.47
8778.51 38.24
8779.64 36.62
8780.77 37.81
8781.90 38.40
8783.02 37.20
8784.14 36.60
8785.26 38.30
8786.38 38.15
8787.50 37.08
8788.62 37.04
8789.75 36.52
8790.88 37.26
8792.01 36.13
8793.14 37.56
8794.26 36.28
8795.39 39.14
8796.52 38.07
8797.64 38.04
8798.77 38.52
8799.90 36.76
8801.02 38.88
8802.14 37.44
8803.26 37.72
8804.39 38.86
8805.52 36.93
8806.65 37.46
8807.78 37.73
8808.90 38.87
8810.02 38.43
8811.14 39.22
8812.27 36.61
8813.40 38.30
8814.52 38.65
8815.65 39.33
8816.78 39.16
8817.90 38.08
8819.02 38.54
8820.14 38.77
8821.26 38.39
8822.39 39.19
8823.52 39.60
8824.64 39.80
8825.76 38.40
8826.89 38.70
8828.00 38.35
8829.12 38.67
8830.25 37.84
8831.38 38.92
8832.50 39.96
8833.62 38.98
8834.75 39.49
8835.88 38.24
8837.01 36.62
8838.14 36.81
8839.26 35.91
8840.38 37.95
8841.50 38.48
8842.62 37.24
8843.75 37.62
8844.88 36.31
8846.01 37.65
8847.13 38.83
8848.26 36.91
8849.38 36.46
8850.51 36.73
8851.64 36.86
8852.77 39.43
8853.90 39.22
8855.02 38.11
8856.15 37.55
8857.28 37.78
8858.41 38.39
8859.54 39.69
8860.68 40.85
8861.80 39.92
8862.92 38.46
8864.05 37.73
8865.17 39.37
8866.30 37.18
8867.42 38.59
8868.55 37.80
8869.68 38.90
8870.80 40.45
8871.93 41.22
8873.05 41.61
8874.17 38.81
8875.30 38.90
8876.42 38.45
8877.54 37.73
8878.68 38.86
8879.80 38.93
8880.92 37.97
8882.05 37.48
8883.17 38.24
8884.30 39.12
8885.42 40.56
8886.55 39.78
8887.68 38.89
8888.81 38.95
8889.94 38.47
8891.06 37.24
8892.18 37.62
8893.31 39.31
8894.44 40.65
8895.57 38.33
8896.70 38.16
8897.82 38.58
8898.95 40.29
8900.08 37.65
8901.20 38.82
8902.32 40.41
8903.45 39.71
8904.58 40.85
8905.70 40.43
8906.82 39.71
8907.95 39.86
8909.08 40.93
8910.20 39.46
8911.32 39.23
8912.45 38.12
8913.58 37.06
8914.70 36.53
8915.82 39.26
8916.95 39.63
8918.08 39.32
8919.21 40.66
8920.34 38.33
8921.46 36.66
8922.59 39.33
8923.72 40.67
8924.85 40.33
8925.98 40.67
8927.10 40.83
8928.22 40.42
8929.35 39.21
8930.48 39.60
8931.60 38.80
8932.72 38.90
8933.84 39.45
8934.97 39.73
8936.10 38.36
8937.22 38.18
8938.35 37.09
8939.47 38.55
8940.60 39.27
8941.72 39.14
8942.85 38.57
8943.98 38.78
8945.10 39.39
8946.22 39.20
8947.35 39.10
8948.48 39.55
8949.61 39.77
8950.74 39.39
8951.86 39.69
8952.99 39.35
8954.12 39.17
8955.26 39.59
8956.38 39.79
8957.51 38.90
8958.63 38.95
8959.76 38.97
8960.89 38.49
8962.02 39.24
8963.14 39.12
8964.26 39.56
8965.39 39.28
8966.52 39.64
8967.66 39.82
8968.78 39.41
8969.91 39.71
8971.04 39.85
8972.16 39.43
8973.29 39.71
8974.42 39.36
8975.54 39.68
8976.68 39.34
8977.80 39.17
8978.92 37.58
8980.05 38.29
8981.17 37.65
8982.30 38.82
8983.42 39.91
8984.54 39.96
8985.68 39.98
8986.80 38.49
8987.92 38.24
8989.05 38.12
8990.17 38.56
8991.30 39.28
8992.42 39.14
8993.54 37.57
8994.68 37.79
8995.80 37.89
8996.92 37.95
8998.05 38.47
8999.17 39.24
9000.30 39.62
9001.42 39.81
9002.55 39.40
9003.68 39.20
9004.80 39.60
9005.91 39.80
9007.03 39.40
9008.15 39.20
9009.27 39.60
9010.39 39.30
9011.51 39.65
9012.64 38.33
9013.78 39.16
9014.91 39.58
9016.04 39.79
9017.16 38.90
9018.29 38.95
9019.42 38.97
9020.54 39.49
9021.68 38.74
9022.80 39.37
9023.92 39.19
9025.05 39.59
9026.17 39.80
9027.29 41.40
9028.41 39.70
9029.53 38.85
9030.67 39.42
9031.80 39.21
9032.92 39.11
9034.05 39.05
9035.17 38.53
9036.30 39.26
9037.42 37.63
9038.55 39.32
9039.68 39.16
9040.81 39.58
9041.94 39.79
9043.06 39.39
9044.18 39.20
9045.30 39.60
9046.42 40.30
9047.54 39.65
9048.67 39.32
9049.80 39.16
9050.92 39.08
9052.04 40.04
9053.15 40.02
9054.27 39.51
9055.40 39.26
9056.53 39.63
9057.67 38.31
9058.79 38.16
9059.92 38.58
9061.05 38.29
9062.17 37.64
9063.30 38.82
9064.42 38.91
9065.54 39.46
9066.67 38.73
9067.80 39.36
9068.92 38.68
9070.05 39.34
9071.17 39.17
9072.30 39.59
9073.42 39.79
9074.55 39.90
9075.67 39.45
9076.80 37.72
9077.92 36.86
9079.05 37.93
9080.17 38.47
9081.30 38.23
9082.42 39.12
9083.55 39.56
9084.68 39.28
9085.81 38.64
9086.94 38.82
9088.06 38.91
9089.18 38.95
9090.31 39.48
9091.44 39.74
9092.57 39.37
9093.70 39.68
9094.82 39.84
9095.94 39.92
9097.07 39.46
9098.19 39.23
9099.32 39.62
9100.46 39.81
9101.58 38.90
9102.70 39.45
9103.82 39.73
9104.95 39.86
9106.08 39.93
9107.20 37.97
9108.32 38.98
9109.45 38.49
9110.58 38.75
9111.70 37.37
9112.82 39.19
9113.95 39.09
9115.07 39.05
9116.19 39.02
9117.31 39.01
9118.44 39.51
9119.57 38.25
9120.70 34.13
9121.82 27.56
9122.96 21.28
9124.08 18.14
9125.20 16.57
9126.32 12.29
9127.45 10.14
9128.58 9.57
9129.67 6.79
9130.76 5.39
9131.84 4.70
9132.92 4.35
9134.01 4.17
9135.10 5.59
9136.19 4.79
9137.28 3.90
9138.36 3.95
9139.45 3.97
9140.54 3.99
9141.62 3.99
9145.97 3.44
9147.06 3.22
9149.24 3.05
