7604.82 0.00
7605.89 0.00
7606.95 0.00
7608.02 0.00
7609.09 0.00
7610.15 0.00
7611.22 0.00
7612.30 0.50
7614.47 8.63
7615.56 7.31
7616.65 12.66
7617.78 16.83
7618.90 12.41
7620.02 12.71
7621.14 14.85
7622.27 17.43
7623.40 14.21
7624.53 16.61
7625.66 21.30
7626.78 16.15
7627.90 12.58
7629.02 18.29
7630.14 20.64
7631.28 16.32
7632.40 17.16
7633.52 21.08
7634.64 19.04
7635.76 15.02
7636.88 18.51
7638.02 22.26
7639.14 18.13
7640.28 16.56
7641.40 20.78
7642.52 20.39
7643.65 16.70
7644.78 16.85
7645.90 21.92
7647.02 21.46
7648.15 17.73
7649.28 20.37
7650.40 24.18
7651.52 20.09
7652.64 17.55
7653.77 21.77
7654.90 21.39
7656.03 17.69
7657.14 19.35
7658.27 24.67
7659.40 21.34
7660.54 17.17
7661.66 21.08
7662.78 23.04
7663.90 19.02
7665.02 19.01
7666.14 23.51
7667.27 20.25
7668.40 17.63
7669.53 20.81
7670.66 24.91
7671.78 20.45
7672.91 18.73
7674.04 23.36
7675.16 22.18
7676.29 18.09
7677.41 19.05
7678.54 24.02
7679.66 21.51
7680.80 16.76
7681.92 20.88
7683.04 25.94
7684.16 21.47
7685.29 19.23
7686.42 23.12
7687.54 23.06
7688.67 19.03
7689.78 20.51
7690.91 24.76
7692.04 21.38
7693.16 16.69
7694.29 21.34
7695.42 23.17
7696.55 19.09
7697.66 21.04
7698.78 26.02
7699.90 23.01
7701.03 18.01
7702.14 21.50
7703.26 25.75
7704.39 20.88
7705.52 19.44
7706.65 22.72
7707.78 21.86
7708.91 17.93
7710.03 20.96
7711.15 24.98
7712.28 28.49
7713.41 30.25
7714.54 32.12
7715.66 32.56
7716.79 33.28
7717.92 33.64
7719.05 34.32
7720.17 34.66
7721.30 34.33
7722.42 34.67
7723.55 35.33
7724.68 35.67
7725.81 34.83
7726.94 36.92
7728.06 36.96
7729.18 36.48
7730.31 36.24
7731.44 36.12
7732.57 36.56
7733.70 36.78
7734.82 37.39
7735.94 36.69
7737.07 37.35
7738.19 36.17
7739.32 37.09
7740.44 36.54
7741.57 36.77
7742.71 36.89
7743.83 36.44
7744.96 36.72
7746.09 36.86
7747.21 37.93
7748.34 38.47
7749.46 37.73
7750.59 36.87
7751.72 36.93
7752.85 37.47
7753.98 37.23
7755.10 36.62
7756.23 36.81
7757.36 37.90
7758.48 37.95
7759.61 37.48
7760.74 37.74
7761.86 37.37
7762.99 37.18
7764.12 37.09
7765.24 37.05
7766.37 37.02
7767.50 36.51
7768.62 36.26
7769.75 36.63
7770.88 37.31
7772.01 38.16
7773.14 37.58
7774.26 37.79
7775.39 37.89
7776.52 37.45
7777.65 36.72
7778.78 37.86
7779.90 37.93
7781.02 36.97
7782.14 37.48
7783.27 37.74
7784.40 37.87
7785.52 37.94
7786.65 38.47
7787.78 38.73
7788.90 38.87
7790.02 38.43
7791.14 38.22
7792.27 37.61
7793.40 37.80
7794.52 37.40
7795.64 37.70
7796.76 38.35
7797.89 38.68
7799.02 37.84
7800.14 37.42
7801.26 37.71
7802.39 37.85
7803.52 37.43
7804.65 37.71
7805.78 38.36
7806.90 37.68
7808.02 37.84
7809.14 36.92
7810.27 35.96
7811.40 36.98
7812.52 37.99
7813.65 39.49
7814.78 38.25
7815.90 38.62
7817.02 39.81
7818.14 38.91
7819.27 38.95
7820.39 36.98
7821.52 37.49
7822.65 35.74
7823.78 37.37
7824.90 38.19
7826.02 39.59
7827.14 38.30
7828.27 38.65
7829.40 36.82
7830.53 37.41
7831.65 39.21
7832.78 39.10
7833.90 40.05
7835.02 38.53
7836.14 38.76
7837.27 38.88
7838.40 38.94
7839.52 38.97
7840.65 38.99
7841.78 37.49
7842.90 37.25
7844.02 37.12
7845.15 37.06
7846.27 37.53
7847.40 37.27
7848.53 38.63
7849.66 38.82
7850.78 38.91
7851.91 38.95
7853.05 38.48
7854.16 37.74
7855.29 38.37
7856.42 38.18
7857.54 37.09
7858.66 37.05
7859.79 38.02
7860.91 38.01
7862.04 38.01
7863.16 38.00
7864.28 38.00
7865.40 38.50
7866.52 38.75
7867.65 38.88
7868.78 38.94
7869.90 38.97
7871.02 38.48
7872.14 38.24
7873.27 37.62
7874.40 37.81
7875.52 37.91
7876.65 38.45
7877.78 39.73
7878.90 39.36
7880.02 39.18
7881.14 39.09
7882.26 38.55
7883.39 38.77
7884.52 38.39
7885.65 38.19
7886.78 37.60
7887.90 38.30
7889.02 38.15
7890.14 38.57
7891.27 38.79
7892.40 38.39
7893.52 38.20
7894.65 38.10
7895.78 38.05
7896.90 37.02
7898.02 36.51
7899.14 37.26
7900.27 38.13
7901.40 38.56
7902.52 38.28
7903.65 38.14
7904.78 38.57
7905.90 38.29
7907.03 38.64
7908.15 38.82
7909.28 38.91
7910.41 38.46
7911.54 38.23
7912.67 38.61
7913.80 39.31
7914.93 39.15
7916.06 38.58
7917.18 37.79
7918.31 38.89
7919.44 38.45
7920.57 38.72
7921.70 38.86
7922.82 37.93
7923.95 38.47
7925.08 38.73
7926.20 38.87
7927.32 38.43
7928.45 38.22
7929.58 38.11
7930.71 38.05
7931.84 38.03
7932.97 38.51
7934.10 38.26
7935.22 38.63
7936.35 38.81
7937.48 39.41
7938.61 37.70
7939.74 37.85
7940.86 38.43
7941.99 38.21
7943.12 38.11
7944.26 38.55
7945.38 38.28
7946.51 38.14
7947.64 39.57
7948.77 39.28
7949.90 38.64
7951.02 38.82
7952.14 38.41
7953.26 38.21
7954.40 37.60
7955.52 37.80
7956.64 38.40
7957.76 37.20
7958.88 38.10
7960.00 38.05
7961.11 38.03
7962.24 38.01
7963.37 38.01
7964.50 38.50
7965.62 38.75
7966.74 38.88
7967.87 37.44
7969.00 37.72
7970.12 37.86
7971.25 38.43
7972.38 38.21
7973.50 38.61
7974.62 38.80
7975.74 38.90
7976.86 38.95
7977.99 39.98
7979.11 39.49
7980.24 38.74
7981.37 38.37
7982.50 39.19
7983.62 39.09
7984.74 39.05
7985.87 38.52
7987.00 39.26
7988.12 37.63
7989.26 38.32
7990.38 38.66
7991.51 38.83
7992.64 38.91
7993.77 37.96
7994.90 38.48
7996.02 38.74
7997.14 38.37
7998.27 39.18
7999.40 39.59
8000.52 38.80
8001.64 38.90
8002.76 38.95
8003.89 38.97
8005.01 38.99
8006.13 38.99
8007.26 39.50
8008.38 40.25
8009.50 39.62
8010.62 39.31
8011.75 39.16
8012.88 38.58
8014.01 38.79
8015.13 38.39
8016.26 38.70
8017.38 39.35
8018.50 37.67
8019.62 37.84
8020.75 37.92
8021.88 38.46
8023.01 38.73
8024.13 38.86
8025.26 38.43
8026.38 38.72
8027.51 38.36
8028.64 38.18
8029.77 38.59
8030.90 38.29
8032.02 38.65
8033.14 38.32
8034.26 38.66
8035.39 38.83
8036.52 38.92
8037.65 37.96
8038.78 38.98
8039.90 38.49
8041.02 38.74
8042.14 38.87
8043.27 38.94
8044.40 38.97
8045.52 38.98
8046.65 39.99
8047.78 38.00
8048.90 39.50
8050.02 39.25
8051.14 39.62
8052.27 39.31
8053.40 39.16
8054.53 39.08
8055.65 39.04
8056.77 40.52
8057.90 40.26
8059.02 39.13
8060.14 38.56
8061.27 38.78
8062.40 38.89
8063.52 38.95
8064.65 38.97
8065.78 37.49
8066.90 36.74
8068.02 37.87
8069.14 37.94
8070.27 38.47
8071.40 38.73
8072.52 39.37
8073.65 39.18
8074.78 38.59
8075.90 38.30
8077.02 38.15
8078.14 38.57
8079.27 38.29
8080.40 38.64
8081.51 38.32
8082.64 38.16
8083.77 37.58
8084.90 38.79
8086.02 38.90
8087.14 39.95
8088.26 38.47
8089.39 38.74
8090.52 38.37
8091.66 38.68
8092.78 38.34
8093.90 38.67
8095.02 39.34
8096.15 38.67
8097.28 40.33
8098.41 38.67
8099.54 38.33
8100.66 38.17
8101.79 37.58
8102.92 36.79
8104.04 37.90
8105.16 39.45
8106.29 40.72
8107.42 38.36
8108.54 39.68
8109.67 37.84
8110.80 38.42
8111.92 36.71
8113.05 36.36
8114.18 38.68
8115.30 39.84
8116.42 37.42
8117.55 30.71
8118.69 24.35
8119.82 18.18
8120.95 16.59
8122.07 14.29
8123.19 11.15
8124.32 9.57
8125.41 9.79
8126.50 7.89
8127.57 7.95
8128.66 6.47
8129.74 7.24
8130.84 4.12
8131.93 4.56
8133.02 3.78
8134.10 3.89
8136.27 3.22
8137.36 4.61
