6602.76 0.09
6603.83 0.54
6604.90 0.27
6605.98 0.14
6607.06 2.07
6608.14 2.03
6609.22 3.52
6610.31 1.76
6612.48 8.69
6613.57 7.34
6614.66 5.67
6615.76 9.84
6616.83 13.42
6617.96 10.21
6619.09 10.60
6620.20 14.30
6621.32 13.65
6622.45 10.33
6623.58 14.16
6624.71 16.08
6625.83 14.04
6626.96 8.52
6628.05 14.76
6629.17 17.38
6630.30 13.69
6631.42 13.85
6632.54 17.42
6633.67 16.71
6634.80 12.36
6635.92 15.18
6637.05 18.09
6638.16 17.54
6639.29 12.27
6640.42 17.14
6641.54 17.57
6642.68 15.78
6643.80 16.39
6644.92 20.70
6646.04 16.85
6647.16 14.92
6648.29 19.96
6649.42 22.98
6650.54 19.49
6651.67 17.75
6652.80 18.37
6653.92 16.69
6655.05 12.84
6656.17 15.42
6657.30 19.71
6658.42 14.86
6659.55 11.93
6660.68 15.46
6661.81 16.73
6662.94 13.37
6664.06 14.18
6665.18 21.59
6666.31 20.80
6667.43 15.40
6668.55 20.20
6669.67 25.10
6670.80 18.55
6671.91 13.77
6673.04 15.89
6674.16 17.44
6675.29 14.22
6676.42 17.61
6677.54 23.31
6678.67 20.65
6679.80 18.33
6680.92 18.16
6682.05 24.08
6683.16 19.54
6684.29 17.77
6685.42 18.39
6686.54 19.69
6687.68 16.35
6688.80 18.67
6689.92 21.84
6691.05 21.42
6692.17 15.71
6693.30 19.85
6694.42 19.43
6695.54 18.71
6696.67 18.86
6697.80 23.43
6698.92 22.21
6700.05 17.61
6701.18 19.80
6702.30 22.40
6703.42 19.70
6704.54 19.85
6705.66 22.43
6706.79 26.21
6707.92 26.11
6709.05 28.55
6710.17 30.28
6711.30 30.14
6712.42 30.57
6713.55 32.28
6714.68 32.64
6715.81 33.82
6716.94 31.91
6718.06 34.46
6719.20 32.73
6720.32 32.86
6721.45 33.43
6722.58 31.72
6723.70 32.36
6724.82 33.18
6725.95 33.09
6727.07 31.54
6728.19 32.77
6729.32 33.39
6730.45 34.69
6731.58 34.35
6732.70 35.17
6733.83 35.09
6734.94 36.04
6736.06 34.02
6737.18 34.01
6738.30 34.01
6739.42 34.00
6740.55 32.00
6741.66 35.00
6742.78 36.00
6743.90 35.00
6745.01 34.00
6746.12 33.50
6747.24 35.25
6748.37 34.63
6749.50 35.81
6750.62 35.91
6751.75 34.95
6752.88 34.48
6754.01 33.74
6755.13 34.37
6756.26 35.68
6757.38 34.84
6758.50 34.42
6759.62 34.21
6760.75 35.11
6761.88 35.55
6763.01 34.28
6764.13 34.14
6765.26 36.07
6766.38 36.53
6767.50 35.27
6768.63 34.13
6769.75 34.57
6770.88 34.78
6772.00 35.39
6773.11 34.70
6774.24 37.35
6775.37 36.67
6776.50 36.84
6777.62 38.42
6778.75 36.21
6779.88 38.10
6781.00 39.05
6782.11 36.53
6783.25 37.26
6784.38 37.13
6785.50 35.57
6786.62 36.28
6787.75 35.14
6788.88 35.57
6790.01 36.29
6791.14 37.14
6792.26 38.57
6793.39 37.79
6794.52 37.39
6795.65 36.20
6796.77 36.60
6797.89 35.30
6799.01 36.15
6800.14 34.57
6801.26 36.29
6802.39 37.14
6803.52 37.07
6804.64 35.54
6805.77 35.27
6806.90 35.63
6808.02 36.82
6809.14 38.41
6810.26 36.70
6811.38 37.35
6812.51 37.18
6813.64 37.59
6814.77 37.79
6815.90 33.90
6817.02 36.95
6818.14 36.97
6819.26 37.49
6820.39 37.24
6821.52 37.12
6822.65 37.06
6823.77 37.03
6824.89 39.02
6826.01 36.51
6827.14 38.25
6828.26 37.63
6829.39 37.31
6830.52 38.66
6831.65 37.83
6832.78 35.41
6833.90 36.21
6835.02 36.60
6836.14 36.80
6837.26 35.40
6838.38 36.20
6839.50 37.60
6840.62 37.30
6841.75 36.15
6842.88 35.58
6844.01 36.79
6845.13 36.39
6846.26 36.70
6847.38 36.35
6848.52 37.67
6849.64 38.84
6850.77 37.42
6851.90 38.71
6853.02 39.35
6854.14 38.68
6855.26 37.34
6856.39 37.17
6857.52 37.58
6858.65 36.79
6859.78 35.90
6860.90 35.95
6862.02 37.47
6863.14 37.74
6864.26 36.87
6865.39 36.43
6866.52 36.22
6867.65 36.11
6868.78 36.55
6869.90 38.28
6871.03 37.64
6872.14 35.82
6873.27 36.41
6874.40 38.20
6875.52 37.60
6876.64 37.80
6877.76 36.90
6878.88 36.95
6880.01 36.98
6881.13 36.49
6882.26 37.74
6883.38 36.87
6884.51 37.44
6885.64 36.72
6886.77 36.36
6887.90 37.18
6889.02 36.59
6890.14 36.29
6891.26 36.15
6892.39 36.07
6893.51 36.54
6894.64 36.27
6895.77 35.63
6896.90 37.32
6898.02 38.16
6899.14 39.08
6900.26 39.04
6901.38 39.02
6902.50 39.01
6903.62 39.00
6904.75 37.50
6905.87 36.75
6907.00 37.88
6908.12 38.44
6909.25 38.72
6910.38 37.36
6911.50 38.18
6912.62 39.09
6913.75 38.54
6914.87 38.27
6916.00 37.14
6917.13 37.57
6918.25 37.28
6919.38 38.64
6920.50 36.82
6921.62 37.41
6922.75 36.71
6923.88 36.85
6925.00 37.43
6926.12 37.21
6927.25 38.11
6928.39 39.05
6929.50 38.03
6930.62 39.01
6931.75 39.51
6932.88 38.75
6934.01 39.38
6935.13 37.69
6936.26 38.34
6937.38 37.17
6938.51 38.09
6939.64 37.04
6940.75 38.02
6941.87 38.51
6943.00 37.76
6944.12 37.88
6945.25 38.44
6946.38 37.72
6947.50 36.86
6948.62 36.43
6949.75 36.21
6950.88 37.11
6952.01 37.55
6953.13 38.28
6954.26 37.14
6955.38 38.57
6956.51 37.28
6957.64 36.14
6958.77 38.07
6959.89 37.54
6961.02 37.27
6962.14 36.63
6963.27 35.82
6964.40 37.41
6965.52 36.70
6966.64 38.35
6967.77 38.18
6968.90 38.09
6970.02 37.04
6971.14 38.02
6972.26 38.01
6973.39 37.01
6974.52 36.00
6975.64 36.50
6976.76 37.75
6977.89 38.38
6979.02 38.19
6980.14 38.59
6981.27 39.30
6982.39 37.15
6983.52 38.57
6984.65 38.29
6985.78 39.14
6986.90 38.07
6988.02 37.04
6989.14 36.52
6990.27 36.76
6991.40 36.38
6992.52 38.19
6993.65 37.09
6994.77 37.05
6995.89 37.52
6997.02 38.26
6998.14 37.63
6999.26 38.32
7000.39 39.16
7001.52 39.08
7002.64 37.04
7003.76 37.52
7004.89 37.26
7006.02 36.63
7007.14 36.31
7008.27 37.16
7009.40 36.58
7010.52 36.29
7011.65 36.14
7012.78 37.57
7013.90 38.29
7015.02 38.64
7016.14 38.82
7017.27 37.41
7018.40 37.71
7019.53 38.35
7020.65 38.68
7021.78 37.34
7022.90 37.67
7024.02 36.83
7025.14 37.92
7026.27 36.96
7027.40 36.48
7028.52 36.74
7029.65 37.87
7030.78 38.43
7031.90 37.72
7033.03 37.36
7034.16 38.18
7035.29 39.09
7036.41 39.54
7037.54 39.27
7038.66 39.14
7039.79 39.07
7040.91 38.53
7042.05 37.27
7043.16 37.13
7044.29 36.07
7045.41 37.53
7046.54 38.77
7047.66 38.38
7048.79 39.19
7049.92 40.10
7051.04 38.05
7052.16 38.02
7053.28 39.01
7054.40 37.01
7055.52 35.50
7056.64 36.25
7057.77 38.13
7058.90 38.56
7060.02 38.28
7061.14 39.14
7062.26 37.07
7063.38 37.54
7064.51 38.27
7065.64 39.13
7066.77 37.57
7067.90 38.78
7069.02 39.39
7070.14 39.70
7071.26 39.85
7072.39 38.92
7073.52 38.96
7074.65 38.48
7075.78 38.24
7076.90 38.12
7078.02 38.56
7079.14 37.78
7080.27 37.39
7081.40 38.70
7082.52 38.85
7083.65 39.42
7084.78 38.71
7085.90 39.36
7087.02 38.18
7088.14 37.59
7089.27 37.79
7090.40 38.90
7091.52 38.45
7092.65 39.22
7093.78 38.61
7094.90 39.31
7096.03 39.15
7097.15 39.08
7098.27 39.04
7099.40 39.52
7100.51 39.76
7101.64 37.38
7102.77 37.19
7103.90 37.59
7105.02 37.30
7106.14 38.15
7107.26 37.07
7108.38 37.04
7109.50 37.52
7110.62 38.76
7111.75 31.88
7112.88 24.94
7114.01 18.47
7115.14 16.23
7116.27 14.12
7117.39 11.06
7118.52 8.53
7119.61 8.26
7120.71 6.63
7121.80 6.32
7122.88 4.66
7123.98 4.83
7125.06 4.41
7126.15 4.21
7127.24 3.10
7128.33 3.55
7129.42 3.28
7130.51 3.14
7132.69 4.28
7134.86 3.32
7135.95 3.66
