9613.78 0.25
9614.87 0.63
9615.96 0.31
9617.04 0.66
9618.12 0.33
9619.20 0.16
9620.28 0.58
9621.35 0.29
9623.53 6.82
9624.62 6.41
9625.70 7.71
9626.79 11.35
9627.92 13.18
9629.05 10.59
9630.17 13.29
9631.30 17.15
9632.42 14.07
9633.54 13.04
9634.66 18.52
9635.79 18.76
9636.92 14.38
9638.05 16.69
9639.17 21.34
9640.30 18.67
9641.42 14.84
9642.54 19.42
9643.67 21.21
9644.80 17.60
9645.92 17.80
9647.04 22.40
9648.15 19.20
9649.27 15.60
9650.39 19.30
9651.51 23.65
9652.65 19.83
9653.78 13.41
9654.90 19.21
9656.02 21.10
9657.15 18.05
9658.27 17.53
9659.40 22.76
9660.51 21.38
9661.65 17.19
9662.78 21.10
9663.90 24.05
9665.03 19.52
9666.15 17.26
9667.27 20.63
9668.40 21.32
9669.52 18.66
9670.66 19.33
9671.78 23.16
9672.91 20.08
9674.03 15.54
9675.15 21.77
9676.28 23.89
9677.41 19.94
9678.54 21.47
9679.66 24.74
9680.79 23.87
9681.93 17.93
9683.05 19.47
9684.17 22.73
9685.30 21.37
9686.42 15.68
9687.55 19.84
9688.68 23.92
9689.81 19.46
9690.94 20.23
9692.06 24.12
9693.19 22.06
9694.32 18.03
9695.44 20.51
9696.57 26.26
9697.70 21.63
9698.82 18.31
9699.94 22.66
9701.07 23.33
9702.19 19.66
9703.32 21.33
9704.46 25.17
9705.58 20.08
9706.70 16.04
9707.82 21.02
9708.94 24.01
9710.06 19.51
9711.18 21.75
9712.31 24.38
9713.44 20.69
9714.57 17.84
9715.70 20.92
9716.82 26.46
9717.94 21.23
9719.07 19.62
9720.20 23.81
9721.32 26.90
9722.44 28.95
9723.57 32.48
9724.70 32.74
9725.82 32.87
9726.94 32.43
9728.07 33.22
9729.19 35.11
9730.32 37.05
9731.44 35.03
9732.56 34.51
9733.69 35.76
9734.82 34.38
9735.94 33.69
9737.07 36.34
9738.19 36.17
9739.32 35.59
9740.45 35.29
9741.58 37.65
9742.70 36.82
9743.82 36.41
9744.95 36.71
9746.08 37.35
9747.20 37.68
9748.32 36.84
9749.45 37.42
9750.58 37.21
9751.70 37.10
9752.82 37.05
9753.94 37.03
9755.06 36.51
9756.18 36.76
9757.31 37.88
9758.44 38.94
9759.57 36.97
9760.70 37.48
9761.82 37.24
9762.94 36.62
9764.07 36.31
9765.19 38.16
9766.32 39.08
9767.44 37.04
9768.56 37.02
9769.68 38.51
9770.81 37.75
9771.94 38.88
9773.06 37.44
9774.18 36.22
9775.30 35.11
9776.43 37.55
9777.56 38.28
9778.69 38.14
9779.82 37.57
9780.94 38.28
9782.07 38.14
9783.19 39.07
9784.32 40.54
9785.44 39.77
9786.57 38.88
9787.70 38.94
9788.82 38.97
9789.94 38.49
9791.07 37.24
9792.19 37.12
9793.32 38.56
9794.45 37.78
9795.58 37.89
9796.70 38.45
9797.82 37.72
9798.95 38.36
9800.08 39.18
9801.20 39.59
9802.32 39.80
9803.45 38.40
9804.57 37.70
9805.69 38.85
9806.82 38.92
9807.94 37.96
9809.07 37.48
9810.19 37.74
9811.32 38.87
9812.45 38.44
9813.58 39.22
9814.70 39.11
9815.83 39.05
9816.95 38.03
9818.07 38.51
9819.19 39.26
9820.32 39.63
9821.45 39.31
9822.58 39.66
9823.70 39.33
9824.83 39.16
9825.96 37.58
9827.09 36.79
9828.21 37.90
9829.34 37.45
9830.46 38.22
9831.59 38.11
9832.72 39.56
9833.85 38.78
9834.98 38.39
9836.10 37.19
9837.22 38.10
9838.35 38.55
9839.48 39.27
9840.61 39.64
9841.74 39.32
9842.86 39.16
9843.99 37.08
9845.11 37.54
9846.24 38.77
9847.37 37.88
9848.50 37.94
9849.62 37.97
9850.74 38.49
9851.87 39.24
9853.00 39.12
9854.12 39.56
9855.25 39.78
9856.38 40.39
9857.50 38.70
9858.64 37.85
9859.76 38.42
9860.89 38.71
9862.02 38.36
9863.14 39.18
9864.27 37.09
9865.39 39.04
9866.51 38.52
9867.64 39.26
9868.77 37.63
9869.90 38.32
9871.02 38.66
9872.14 37.83
9873.27 37.41
9874.40 38.71
9875.53 38.85
9876.66 39.93
9877.78 38.96
9878.91 38.98
9880.04 39.49
9881.16 39.75
9882.29 39.37
9883.42 39.69
9884.54 39.34
9885.67 39.17
9886.80 37.59
9887.92 36.79
9889.05 38.40
9890.17 39.20
9891.29 38.10
9892.42 38.05
9893.54 39.02
9894.66 39.51
9895.79 37.76
9896.92 37.38
9898.05 38.19
9899.17 39.09
9900.29 39.05
9901.42 39.02
9902.54 39.01
9903.67 38.01
9904.80 38.00
9905.91 39.00
9907.03 38.50
9908.15 39.25
9909.28 38.13
9910.42 38.56
9911.54 38.78
9912.67 38.89
9913.80 39.45
9914.92 39.22
9916.05 39.61
9917.17 37.81
9918.30 38.40
9919.42 37.70
9920.54 38.85
9921.67 37.43
9922.80 38.71
9923.92 36.86
9925.05 36.93
9926.17 36.96
9927.30 38.48
9928.42 39.24
9929.54 39.12
9930.67 39.56
9931.80 39.78
9932.92 39.89
9934.05 39.45
9935.18 39.72
9936.30 38.36
9937.42 38.68
9938.55 38.84
9939.68 39.42
9940.81 39.71
9941.94 39.36
9943.07 39.68
9944.19 38.84
9945.32 38.42
9946.45 38.71
9947.58 39.35
9948.70 39.18
9949.82 39.09
9950.94 39.54
9952.07 37.77
9953.19 38.89
9954.32 38.44
9955.45 38.72
9956.58 37.86
9957.70 38.93
9958.82 39.47
9959.95 39.73
9961.08 39.87
9962.20 39.93
9963.32 39.47
9964.45 39.23
9965.58 40.12
9966.70 39.06
9967.82 39.03
9968.95 39.51
9970.08 39.76
9971.20 39.38
9972.32 39.69
9973.45 38.34
9974.58 39.17
9975.70 37.59
9976.83 36.79
9977.95 37.90
9979.07 37.95
9980.19 38.47
9981.32 40.24
9982.45 39.62
9983.58 40.81
9984.70 40.40
9985.82 40.70
9986.94 39.85
9988.07 37.43
9989.20 37.21
9990.33 38.61
9991.46 38.80
9992.58 39.90
9993.70 39.45
9994.82 39.73
9995.94 39.36
9997.07 39.68
9998.19 39.34
9999.32 39.67
10000.45 39.34
10001.62 39.67
10002.79 39.33
10003.96 39.67
10005.13 39.33
10006.30 38.67
10007.46 38.33
10008.64 37.67
10009.80 36.83
10010.96 39.92
10012.13 37.96
10013.30 38.48
10014.46 38.24
10015.63 38.62
10016.80 39.31
10017.96 38.65
10019.13 37.83
10020.30 39.91
10021.46 38.46
10022.63 39.73
10023.80 40.86
10024.97 40.43
10026.13 40.22
10027.30 39.61
10028.46 39.30
10029.64 39.15
10030.80 39.08
10031.95 39.04
10033.11 37.52
10034.28 38.26
10035.45 38.63
10036.62 38.81
10037.79 39.41
10038.96 39.70
10040.12 39.35
10041.29 39.68
10042.46 39.34
10043.63 39.67
10044.80 38.83
10045.96 38.42
10047.13 38.71
10048.30 38.35
10049.46 38.68
10050.63 38.84
10051.80 39.42
10052.96 38.21
10054.13 38.60
10055.29 38.80
10056.45 38.90
10057.61 38.45
10058.78 37.73
10059.95 38.36
10061.12 38.68
10062.29 39.34
10063.46 39.67
10064.63 39.84
10065.80 39.42
10066.96 38.71
10068.13 39.35
10069.30 39.68
10070.46 39.84
10071.63 39.92
10072.80 39.96
10073.96 39.98
10075.13 40.99
10076.30 40.99
10077.46 40.50
10078.63 39.75
10079.79 39.37
10080.96 39.69
10082.13 38.84
10083.30 39.42
10084.46 39.71
10085.64 39.36
10086.80 39.18
10087.96 39.09
10089.12 39.04
10090.28 39.52
10091.45 38.26
10092.63 37.63
10093.79 36.32
10094.96 38.16
10096.13 38.08
10097.29 38.54
10098.46 40.27
10099.64 39.63
10100.80 39.32
10101.96 38.66
10103.13 39.83
10104.30 39.41
10105.46 38.71
10106.64 39.35
10107.80 39.68
10108.96 39.34
10110.13 39.67
10111.30 39.83
10112.46 39.42
10113.63 39.71
10114.80 39.35
10115.96 39.68
10117.13 38.84
10118.30 38.92
10119.46 39.46
10120.63 39.73
10121.80 39.36
10122.96 39.68
10124.13 38.84
10125.30 40.42
10126.46 31.71
10127.64 25.36
10128.81 20.18
10129.98 16.09
10131.14 12.04
10132.30 9.02
10133.42 10.01
10134.58 8.51
10135.71 7.75
10136.84 6.38
10137.96 6.69
10139.09 6.34
10140.21 4.67
10141.34 3.84
10142.47 3.42
10143.60 4.21
10144.72 3.60
