10618.83 0.32
10619.95 0.16
10621.07 0.08
10622.18 0.04
10623.29 0.02
10624.40 0.01
10625.50 0.01
10626.62 2.00
10628.86 6.00
10629.97 5.00
10631.08 10.50
10632.23 13.25
10633.40 10.63
10634.57 13.31
10635.74 18.16
10636.91 15.08
10638.08 12.54
10639.23 17.27
10640.40 17.63
10641.56 14.82
10642.74 17.91
10643.90 21.45
10645.07 18.23
10646.23 16.11
10647.39 21.06
10648.55 19.03
10649.73 16.01
10650.89 19.01
10652.05 22.50
10653.20 19.25
10654.36 18.63
10655.53 22.81
10656.70 21.41
10657.86 18.20
10659.02 19.60
10660.17 22.80
10661.33 19.40
10662.49 15.20
10663.65 20.10
10664.81 22.55
10665.98 18.28
10667.15 20.64
10668.32 22.32
10669.49 19.66
10670.66 15.83
10671.82 20.41
10672.99 21.21
10674.17 17.60
10675.33 20.30
10676.49 24.65
10677.66 21.83
10678.83 17.41
10679.99 21.71
10681.16 21.35
10682.33 18.18
10683.50 21.09
10684.66 25.04
10685.82 20.52
10686.98 19.26
10688.15 24.63
10689.32 22.32
10690.49 18.16
10691.66 20.58
10692.82 25.79
10693.98 21.89
10695.15 17.45
10696.31 21.72
10697.48 21.86
10698.64 17.43
10699.81 20.72
10700.98 25.36
10702.14 21.18
10703.32 17.59
10704.48 21.29
10705.64 22.15
10706.81 18.07
10707.98 22.04
10709.14 25.52
10710.30 20.76
10711.46 19.88
10712.62 24.44
10713.79 22.22
10714.96 19.11
10716.13 23.05
10717.29 26.03
10718.45 21.01
10719.62 19.51
10720.78 23.75
10721.94 22.38
10723.12 18.69
10724.28 22.84
10725.44 26.92
10726.61 29.96
10727.78 31.48
10728.94 32.24
10730.10 33.12
10731.26 34.56
10732.43 35.78
10733.61 36.39
10734.78 35.20
10735.94 36.10
10737.10 35.55
10738.26 36.77
10739.43 36.89
10740.61 36.44
10741.78 36.72
10742.94 35.86
10744.11 35.93
10745.28 37.47
10746.45 37.73
10747.62 37.87
10748.78 37.43
10749.96 36.72
10751.13 37.86
10752.30 37.93
10753.46 36.96
10754.62 35.98
10755.79 36.99
10756.95 37.00
10758.10 37.00
10759.26 36.50
10760.42 37.25
10761.60 37.12
10762.76 36.56
10763.93 37.28
10765.10 37.14
10766.26 37.57
10767.43 38.79
10768.61 38.39
10769.78 38.20
10770.94 38.10
10772.10 38.05
10773.26 37.52
10774.42 37.76
10775.60 37.38
10776.76 37.19
10777.93 36.60
10779.09 37.30
10780.24 36.65
10781.41 37.82
10782.58 37.41
10783.75 37.71
10784.92 37.35
10786.09 37.18
10787.25 38.09
10788.41 36.04
10789.57 36.52
10790.74 37.76
10791.91 37.88
10793.08 37.44
10794.24 38.22
10795.41 38.61
10796.58 37.81
10797.76 36.90
10798.92 36.95
10800.09 37.98
10801.25 37.99
10802.42 37.49
10803.60 37.25
10804.76 38.62
10805.93 39.31
10807.10 38.66
10808.26 39.33
10809.43 39.16
10810.61 38.58
10811.78 38.29
10812.94 38.15
10814.11 38.57
10815.28 38.79
10816.45 37.89
10817.61 38.45
10818.78 39.72
10819.94 39.36
10821.11 38.18
10822.28 38.59
10823.44 37.80
10824.61 37.90
10825.77 38.45
10826.94 39.22
10828.10 39.61
10829.26 38.31
10830.43 38.65
10831.61 38.33
10832.78 37.66
10833.94 37.83
10835.10 38.42
10836.26 38.71
10837.43 38.35
10838.61 38.68
10839.78 38.34
10840.94 38.67
10842.12 38.83
10843.29 38.92
10844.46 38.96
10845.62 38.98
10846.79 37.99
10847.95 39.49
10849.11 39.25
10850.28 38.62
10851.45 38.81
10852.62 38.41
10853.78 38.70
10854.94 38.85
10856.10 38.43
10857.26 38.21
10858.43 38.11
10859.61 38.05
10860.77 39.03
10861.93 38.51
10863.10 39.26
10864.26 38.13
10865.43 39.06
10866.60 39.03
10867.76 37.52
10868.93 37.26
10870.10 38.13
10871.26 38.06
10872.42 38.53
10873.60 37.77
10874.76 39.38
10875.93 38.19
10877.10 38.60
10878.26 38.80
10879.42 37.90
10880.58 38.45
10881.75 38.72
10882.91 38.86
10884.07 38.43
10885.24 38.22
10886.41 39.11
10887.58 40.05
10888.74 38.53
10889.91 38.76
10891.08 38.38
10892.24 38.69
10893.40 38.85
10894.56 39.42
10895.74 39.21
10896.90 37.61
10898.06 37.30
10899.22 38.15
10900.38 38.58
10901.55 38.29
10902.73 38.14
10903.90 38.07
10905.05 39.04
10906.20 40.02
10907.35 39.01
10908.51 38.50
10909.67 38.25
10910.85 38.63
10912.02 38.31
10913.18 37.66
10914.35 38.83
10915.52 38.91
10916.69 37.96
10917.86 37.98
10919.02 37.49
10920.18 38.24
10921.34 38.12
10922.51 39.56
10923.68 37.78
10924.84 37.89
10926.00 38.95
10927.16 39.97
10928.33 39.99
10929.50 39.99
10930.66 39.00
10931.82 39.50
10932.98 39.25
10934.14 39.12
10935.31 38.56
10936.48 39.28
10937.64 38.14
10938.81 39.57
10939.98 40.29
10941.14 39.14
10942.31 39.57
10943.49 39.29
10944.66 38.64
10945.82 38.82
10946.99 37.41
10948.16 37.71
10949.33 37.85
10950.50 37.93
10951.66 38.46
10952.83 38.23
10954.00 39.12
10955.16 40.06
10956.32 39.53
10957.49 37.76
10958.66 38.38
10959.82 38.19
10960.99 39.10
10962.15 40.05
10963.31 39.02
10964.47 39.01
10965.63 39.01
10966.79 40.50
10967.95 38.25
10969.12 38.13
10970.29 38.56
10971.46 38.78
10972.62 38.39
10973.79 38.20
10974.95 38.10
10976.11 38.55
10977.29 39.77
10978.45 38.39
10979.62 38.19
10980.78 38.60
10981.94 39.80
10983.10 38.90
10984.26 38.45
10985.42 39.22
10986.60 40.11
10987.76 41.06
10988.92 40.03
10990.08 39.51
10991.24 39.26
10992.41 38.63
10993.59 38.81
10994.75 38.91
10995.92 38.45
10997.09 39.73
10998.25 38.36
10999.42 38.18
11000.60 38.09
11001.75 38.55
11002.92 39.27
11004.09 39.64
11005.25 38.82
11006.42 38.91
11007.59 38.95
11008.76 40.48
11009.93 40.24
11011.10 39.62
11012.26 39.31
11013.43 39.65
11014.60 38.83
11015.77 38.91
11016.94 37.96
11018.10 38.98
11019.27 38.49
11020.44 39.24
11021.61 38.62
11022.78 39.31
11023.94 39.66
11025.11 38.83
11026.28 38.91
11027.46 37.96
11028.62 38.48
11029.79 38.74
11030.96 37.87
11032.13 37.93
11033.30 38.97
11034.46 38.98
11035.62 38.99
11036.79 38.00
11037.94 37.50
11039.10 37.75
11040.26 37.87
11041.42 38.44
11042.60 38.72
11043.76 38.86
11044.93 39.93
11046.10 39.46
11047.26 38.73
11048.42 38.37
11049.60 38.68
11050.76 38.84
11051.92 39.92
11053.09 39.46
11054.25 39.73
11055.42 39.37
11056.60 39.18
11057.75 39.09
11058.91 38.05
11060.07 38.52
11061.24 39.26
11062.41 39.63
11063.59 39.32
11064.75 40.16
11065.92 39.08
11067.08 40.04
11068.23 38.02
11069.39 38.51
11070.56 39.25
11071.74 38.63
11072.90 38.31
11074.06 37.66
11075.22 37.83
11076.39 37.91
11077.56 37.46
11078.74 39.23
11079.90 38.11
11081.06 38.56
11082.22 38.78
11083.39 39.39
11084.56 39.19
11085.74 39.60
11086.90 40.30
11088.06 39.15
11089.22 38.57
11090.38 39.79
11091.55 39.39
11092.73 39.20
11093.90 39.10
11095.06 39.05
11096.22 39.52
11097.38 40.26
11098.55 40.13
11099.73 39.57
11100.90 38.78
11102.06 38.89
11103.22 38.45
11104.39 39.22
11105.56 39.61
11106.74 40.31
11107.90 39.65
11109.06 39.83
11110.22 38.91
11111.39 39.46
11112.56 39.23
11113.74 39.61
11114.90 39.31
11116.06 39.15
11117.22 38.08
11118.38 37.54
11119.55 39.27
11120.73 38.63
11121.90 38.32
11123.06 39.16
11124.22 39.58
11125.38 39.29
11126.55 36.64
11127.73 28.32
11128.90 23.16
11130.06 17.58
11131.22 14.79
11132.38 12.40
11133.54 10.20
11134.72 8.10
11135.84 7.05
11136.96 5.52
11138.09 4.76
11139.21 4.88
11140.34 4.94
11141.46 4.97
11142.60 4.49
11143.73 3.74
11144.86 3.37
11145.99 3.19
