364583.15 112.497086056
364584.06 89.248543028
364584.96 70.124271514
364585.81 56.062135757
364586.71 45.5310678785
364587.59 38.2655339392
364588.46 34.1327669696
364589.37 30.0663834848
364590.28 27.0331917424
364591.12 24.5165958712
364592.00 22.2582979356
364592.87 22.6291489678
364593.75 20.8145744839
364594.62 19.907287242
364595.53 17.453643621
364596.37 16.2268218105
364597.28 16.1134109052
364598.15 16.0567054526
364599.03 16.0283527263
364599.93 16.5141763632
364600.81 15.2570881816
364601.68 14.6285440908
364602.56 13.3142720454
364603.46 13.1571360227
364604.31 12.5785680113
364605.21 13.7892840057
364606.09 12.8946420028
364606.96 12.4473210014
364607.87 12.2236605007
364608.78 13.1118302504
364609.62 12.5559151252
364610.50 11.2779575626
364611.37 10.6389787813
364612.25 10.8194893906
364613.12 10.9097446953
364614.03 11.4548723477
364614.90 10.7274361738
364615.78 10.3637180869
364616.62 9.68185904346
364617.50 9.84092952173
364618.37 9.92046476086
364619.25 10.4602323804
364620.12 10.7301161902
364621.03 9.36505809511
364621.84 10.1825290476
364622.75 10.0912645238
364623.62 9.04563226189
364624.43 9.52281613094
364625.34 10.2614080655
364626.25 9.13070403274
364627.06 10.0653520164
364627.96 9.53267600818
364628.81 10.2663380041
364629.68 9.13316900205
364630.53 9.06658450102
364631.37 8.53329225051
364632.21 9.76664612526
364633.09 10.3833230626
364633.96 10.1916615313
364634.84 9.09583076566
364635.71 8.54791538283
364636.53 9.27395769141
364637.43 8.63697884571
364638.28 8.31848942285
364639.09 9.65924471143
364640.00 8.82962235571
364640.81 8.91481117786
364641.62 8.45740558893
364642.50 8.22870279446
364643.31 8.11435139723
364644.15 8.05717569862
364645.00 8.02858784931
364645.81 8.01429392465
364646.65 8.00714696233
364647.50 8.00357348116
364648.31 8.00178674058
364649.15 9.50089337029
364650.06 8.75044668515
364650.87 8.87522334257
364651.75 8.43761167129
364652.56 8.21880583564
364653.40 9.60940291782
364654.31 8.30470145891
364655.12 8.65235072946
364656.00 8.32617536473
364656.81 8.16308768236
364657.62 8.08154384118
364658.50 8.04077192059
364659.31 9.0203859603
364660.18 8.51019298015
364661.06 8.25509649007
364661.87 8.12754824504
364662.71 9.56377412252
364663.62 10.2818870613
364664.46 9.14094353063
364665.34 8.57047176531
364666.18 8.28523588266
364667.03 8.14261794133
364667.87 9.57130897066
364668.78 8.78565448533
364669.59 9.89282724267
364670.50 8.44641362133
364671.31 8.22320681067
364672.15 9.11160340533
364673.06 8.55580170267
364673.87 9.77790085133
364674.75 8.38895042567
364675.59 8.19447521283
364676.43 8.09723760642
364677.31 8.04861880321
364678.15 8.0243094016