367233.34 111.83059253
367234.25 91.915296265
367235.12 72.4576481325
367236.03 57.2288240663
367236.90 46.1144120331
367237.75 39.0572060166
367238.65 33.5286030083
367239.56 29.7643015041
367240.40 27.3821507521
367241.28 25.691075376
367242.18 23.345537688
367243.06 21.172768844
367243.93 20.586384422
367244.84 19.793192211
367245.68 19.3965961055
367246.59 17.1982980528
367247.46 17.0991490264
367248.34 16.5495745132
367249.21 16.2747872566
367250.12 16.6373936283
367251.00 15.8186968141
367251.87 14.9093484071
367252.75 13.4546742035
367253.62 13.2273371018
367254.50 13.6136685509
367255.37 12.8068342754
367256.25 12.9034171377
367257.15 12.4517085689
367258.03 12.2258542844
367258.90 12.1129271422
367259.78 12.5564635711
367260.68 12.2782317856
367261.53 12.1391158928
367262.40 11.5695579464
367263.28 12.7847789732
367264.18 11.3923894866
367265.09 12.1961947433
367265.93 11.5980973716
367266.81 11.7990486858
367267.71 11.3995243429
367268.59 10.6997621715
367269.46 10.3498810857
367270.37 10.6749405429
367271.21 10.3374702714
367272.12 10.1687351357
367273.03 10.0843675679
367273.87 10.5421837839
367274.78 10.771091892
367275.68 10.385545946
367276.53 9.19277297299
367277.37 10.0963864865
367278.28 10.5481932432
367279.15 10.7740966216
367280.03 9.38704831081
367280.90 9.19352415541
367281.71 10.0967620777
367282.59 9.04838103885
367283.46 8.52419051943
367284.28 7.76209525971
367285.12 7.88104762986