360496.15 7.4210759866
360497.00 30.7105379933
360497.84 52.3552689967
360498.71 68.1776344983
360499.59 77.5888172492
360500.46 84.7944086246
360501.37 89.8972043123
360502.25 92.9486021561
360503.12 95.4743010781
360504.00 97.237150539
360504.87 99.1185752695
360505.75 100.559287635
360506.68 101.279643817
360507.59 102.139821909
360508.50 103.069910954
360509.43 103.534955477
360510.34 103.267477739
360511.25 104.633738869
360512.18 105.316869435
360513.12 105.658434717
360514.06 106.329217359
360514.93 107.164608679
360515.87 106.08230434
360516.81 107.04115217
360517.68 107.020576085
360518.62 107.010288042
360519.56 107.505144021
360520.43 107.752572011
360521.37 107.876286005
360522.31 107.438143003
360523.21 108.219071501
360524.15 108.109535751
360525.09 108.554767875
360526.03 108.777383938
360526.90 108.388691969
360527.81 107.694345984
360528.75 108.347172992
360529.65 108.673586496
360530.56 109.336793248
360531.50 109.168396624
360532.40 109.084198312
360533.31 110.042099156
360534.25 109.521049578
360535.15 109.260524789
360536.09 109.630262395
360537.00 110.815131197
360537.87 110.907565599
360538.81 110.953782799
360539.71 110.4768914
360540.62 110.2384457
360541.56 110.61922285
360542.46 111.309611425
360543.40 110.654805712
360544.31 111.327402856
360545.21 111.663701428
360546.18 111.831850714
360547.06 110.415925357
360548.00 111.207962679
360548.90 111.103981339
360549.78 110.55199067
360550.71 111.275995335
360551.65 110.637997667
360552.56 111.318998834