366014.21 7.17399446417
366015.06 23.5869972321
366015.93 47.293498616
366016.84 64.646749308
366017.71 75.823374654
366018.59 83.411687327
366019.46 89.2058436635
366020.34 93.1029218318
366021.25 96.0514609159
366022.15 98.0257304579
366023.06 99.512865229
366024.00 100.256432614
366024.87 101.128216307
366025.78 102.064108154
366026.71 102.532054077
366027.65 103.266027038
366028.53 104.133013519
366029.46 104.56650676
366030.40 105.28325338
366031.28 105.64162669
366032.25 105.820813345
366033.15 106.910406672
366034.09 106.455203336
366035.00 107.227601668
366035.90 107.113800834
366036.81 107.556900417
366037.71 107.778450209
366038.65 107.889225104
366039.59 107.944612552
366040.46 107.972306276
366041.40 108.486153138
366042.34 108.743076569
366043.25 109.371538285
366044.15 108.685769142
366045.09 108.842884571
366046.03 109.421442286
366046.93 109.710721143
366047.87 109.355360571
366048.81 110.177680286
366049.71 110.588840143
366050.62 110.294420071
366051.56 110.647210036
366052.46 109.823605018
366053.40 108.911802509
366054.34 108.455901254
366055.21 109.727950627
366056.18 109.863975314
366057.09 110.931987657
366058.03 110.965993828
366058.93 111.482996914
366059.87 110.741498457
366060.81 110.370749229
366061.71 110.185374614
366062.65 110.092687307
366063.56 111.046343654
366064.46 110.523171827
366065.40 110.261585913
366066.34 110.630792957
366067.25 111.315396478
366068.15 112.157698239
366069.12 111.07884912