368557.18 7.84922643095
368558.03 34.4246132155
368558.87 56.2123066077
368559.78 69.6061533039
368560.68 79.8030766519
368561.53 85.401538326
368562.43 90.200769163
368563.31 93.1003845815
368564.18 96.0501922907
368565.09 98.0250961454
368566.03 100.012548073
368566.90 99.5062740363
368567.81 101.753137018
368568.75 102.376568509
368569.65 103.688284255
368570.56 104.344142127
368571.46 103.672071064
368572.37 104.836035532
368573.31 105.918017766
368574.25 105.459008883
368575.15 105.229504441
368576.09 106.614752221
368577.03 107.30737611
368577.90 107.653688055
368578.84 107.826844028
368579.78 107.913422014
368580.71 107.456711007
368581.62 107.728355503
368582.53 107.864177752
368583.46 107.932088876
368584.37 107.966044438
368585.31 108.483022219
368586.25 109.241511109
368587.15 109.120755555
368588.09 109.060377777
368589.00 109.030188889
368589.87 109.015094444
368590.81 110.007547222
368591.75 110.003773611
368592.68 110.001886806
368593.56 110.000943403
368594.50 109.500471701
368595.40 109.750235851
368596.31 110.875117925
368597.25 111.437558963
368598.18 111.218779481
368599.09 110.609389741
368600.00 110.30469487
368600.90 110.152347435
368601.78 110.576173718
368602.75 111.288086859
368603.65 110.644043429
368604.56 111.322021715
368605.50 111.161010857
368606.40 110.580505429
368607.28 111.290252714
368608.21 111.645126357
368609.15 110.822563179