371374.43 5.35534282197
371375.25 32.177671411
371376.15 54.0888357055
371377.03 69.0444178527
371377.90 78.5222089264
371378.78 85.2611044632
371379.68 90.1305522316
371380.56 94.5652761158
371381.43 96.2826380579
371382.34 98.1413190289
371383.21 99.5706595145
371384.15 100.785329757
371385.09 101.392664879
371386.03 102.196332439
371386.93 104.09816622
371387.84 104.04908311
371388.78 104.024541555
371389.68 105.512270777
371390.62 105.756135389
371391.56 105.878067694
371392.43 105.939033847
371393.34 106.469516924
371394.31 107.234758462
371395.18 107.617379231
371396.12 107.808689615
371397.06 107.904344808
371397.96 107.952172404
371398.90 108.476086202
371399.81 108.738043101
371400.75 108.86902155
371401.65 108.934510775
371402.56 109.467255388
371403.50 109.233627694
371404.37 108.616813847
371405.31 108.308406923
371406.25 108.154203462
371407.15 108.577101731
371408.09 108.788550865
371409.03 109.894275433
371409.90 109.947137716
371410.81 109.973568858
371411.78 110.486784429
371412.68 110.243392215
371413.59 110.121696107
371414.53 111.060848054
371415.46 111.530424027
371416.34 110.765212013
371417.28 111.382606007
371418.21 110.691303003
371419.12 110.345651502
371420.06 109.672825751
371421.00 110.836412875
371421.84 110.918206438
371422.78 111.459103219
371423.71 110.729551609
371424.62 110.364775805
371425.56 111.182387902