0.0 100.0
0.940000000002 76.8163250031
1.82000000001 57.0379222713
2.69 43.2962196189
3.57000000001 34.4991176496
4.46999999997 28.6558786826
5.34999999998 23.3264458951
6.25 20.6617295013
7.13 17.4031206612
7.96999999997 14.8106909196
8.88 13.5144760488
9.78999999998 11.421680631
10.63 10.8568455829
11.54 9.12974007644
12.41 7.7846246625
13.25 7.59362961622
14.16 7.97969475393
15.04 7.20960200124
15.88 6.82455562485
16.79 7.11359509745
17.66 6.77655217295
18.54 6.12646804986
19.41 6.76455130996
20.29 6.60203027926
21.16 5.07608178147
22.07 4.31310753253
22.94 3.93162040811
23.79 3.7408768459
24.69 4.12706772559
25.6 4.80172582628
26.44 4.17592955493
27.32 4.82615674095
28.22 3.70658235147
29.1 3.62835781763
29.97 2.62612022907
30.85 2.12500143478
31.72 1.87444203764
32.63 1.74916233903
33.47 1.20495982899
34.35 1.41442123475
35.25 1.03758927683
36.07 1.33073595867
36.94 0.995746638791
37.82 0.346689318051
38.63 0.985285979282
39.5 0.341458988297
40.38 1.4642334752
41.25 0.580932736264
42.1 1.58397034918
42.97 2.08548915567
43.85 2.33624855888
44.72 1.98006559965
45.63 0.838848798503
46.44 1.71292838026
47.35 0.705280188813
48.16 1.64614407542
49.07 1.15345069719
49.91 0.907104008044
50.72 0.302368002688
51.57 0.0
52.44 1.29350398105
