0.0 100.0
0.940000000002 82.7868916629
1.77999999997 62.718818654
2.65999999997 48.8642758694
3.52999999997 39.0716247671
4.40999999997 32.2650460759
5.27999999997 27.9066301602
6.15999999997 23.3396057774
7.06 20.1009670159
7.94 17.0489577803
8.81 16.0005164473
9.69 13.5660426409
10.56 12.3488057377
11.44 11.262624001
12.31 10.7195331327
13.22 9.49286112853
14.09 8.8795251265
14.97 8.09529384037
15.87 8.18074148237
16.72 8.70102858842
17.62 8.00604557134
18.53 7.65855406289
19.37 7.48480830862
20.28 7.39793543144
21.16 7.35449899294
22.03 6.37765420358
22.94 5.88923180894
23.81 4.68989404161
24.66 4.09022515799
25.56 4.74551728615
26.44 4.59560006517
27.31 4.52064145478
28.19 4.00559886448
29.09 4.22564085443
29.97 4.81322513437
30.87 4.15189070428
31.75 4.29878677433
32.59 3.89467152426
33.5 3.2150506143
34.41 3.35280344424
35.25 2.94411657425
36.12 2.73977313925
37.03 3.11516470676
37.91 3.30286049052
38.75 2.44158181238
39.59 2.48850575832
40.47 2.51196773129
41.37 3.00126200276
42.28 1.8132192835
43.09 2.65188777891
44.0 2.59365874153
44.84 1.6094176529
45.69 2.54998696358
46.56 2.06514504891
47.41 2.77785066161
48.28 1.70151361291
49.12 2.11847165858
50.0 1.3718241114
50.84 2.43119019284
51.75 2.00574666354
52.56 1.31546161388
53.44 0.970319089053
54.28 0.797747826636
55.09 0.711462195423
55.97 1.62344594984
56.81 1.12431125703
57.66 0.874743910621
58.5 0.749960237425
59.34 0.687568400823
60.19 1.61149905254
61.09 1.11833780837
61.91 2.30444704133
62.78 1.46481180277
63.62 1.5225574685
64.44 0.596303731353
65.31 2.04343000282
66.16 2.28942985353
67.06 1.45730320888
67.91 1.04123988655
68.69 0.833208225385
69.53 0.729192394798
70.41 0.677184479514
71.22 2.08387037689
72.12 1.35452347056
72.97 0.989850017385
73.81 0.329950005798
74.62 0.0
75.47 0.312588282105
