0.0 100.0
0.909999999974 80.8632806398
1.77999999997 62.166317925
2.69 47.5328558633
3.56 36.8529552933
4.40999999997 30.0716466344
5.31 24.7591811398
6.21999999997 21.1420428098
7.06 18.8530208536
7.94 17.2280570841
8.83999999997 14.9742168255
9.71999999997 12.8863911136
10.59 12.3229310489
11.5 11.5607482253
12.34 11.1796568135
13.25 9.06729994244
14.12 8.97202708947
15.0 8.44393787168
15.87 8.17989326278
16.78 8.52832374963
17.66 7.74163341041
18.53 6.8678354496
19.41 5.47003088649
20.28 5.25158139633
21.16 5.62280944251
22.03 4.84751788295
22.91 4.94032489451
23.81 4.50627560904
24.69 4.28925096621
25.56 4.18073864485
26.44 4.60693527546
27.34 4.33958079952
28.19 4.2059035615
29.06 3.65861215119
29.94 4.82632481994
30.84 3.48836998911
31.75 4.26075094759
32.59 3.68603584419
33.47 3.87913108383
34.37 3.49522591236
35.25 2.82282053536
36.12 2.48661784677
37.03 2.79896929387
37.87 2.47469222603
38.78 2.31255369215
39.69 2.23148442526
40.53 2.67140258302
41.44 2.891361662
42.34 2.52088841014
43.19 1.37474620159
44.03 2.24303347124
44.94 2.67717710601
45.81 2.89424892344
46.69 1.56142645827
47.56 1.37546801698
48.37 2.24339437892
49.25 1.235999186
50.12 0.732301589539
50.94 0.0
51.78 0.114301996541
