0.0 100.0
0.909999999974 77.7515896119
1.81 59.4500280686
2.65999999997 45.9928334875
3.56 35.914803234
4.44 28.9618264141
5.31 25.0068475809
6.21999999997 21.1153964712
7.13 18.2126900698
7.96999999997 15.8043560225
8.84999999998 13.6432081523
9.71999999997 13.9981054871
10.6 12.2615924613
11.47 11.3933359485
12.38 9.04524599895
13.22 7.87120102417
14.13 7.76266896
15.0 7.70840292797
15.88 7.68126991195
16.78 8.14619382727
17.66 6.94318451505
18.53 6.34167985894
19.41 5.08394668432
20.31 4.9335705203
21.16 4.37989201496
22.06 5.53852403222
22.94 4.68236877092
23.81 4.25429114031
24.72 4.04025232501
25.63 4.89021376397
26.47 4.35821363684
27.35 3.13523272672
28.22 2.52374227166
29.1 2.69648746736
29.97 2.78286006526
30.88 3.30453678753
31.75 2.60839430202
32.63 2.26032305931
33.47 1.60779701469
34.35 1.76002441564
35.22 1.83613811612
36.1 2.35268538961
36.97 2.61095902638
37.88 1.30462457494
38.69 2.08692861909
39.6 1.99959021785
40.47 0.998940170657
41.28 1.45559599362
42.19 2.16241432842
43.1 1.08035222594
43.91 1.97479244458
44.81 1.46503170729
45.66 2.16713218523
46.53 1.08271115436
47.38 1.0189910622
48.22 0.508640592842
49.06 1.688936628
49.94 2.27908464555
50.81 2.09566823108
51.69 1.04697917729
52.56 0.522634650389
53.38 1.21744323349
54.28 0.607866678493
55.13 0.303078400985
55.94 1.58615553208
56.85 0.792222827776
57.66 0.873746898915
58.47 0.436018511201
59.35 0.217154317339
60.16 0.107722220413
61.0 0.053006171955
61.85 0.0256481477211
62.66 0.0119691355993
63.5 0.00512962954804
64.35 0.00170987651282
65.16 0.0
66.0 1.43461633158
66.91 0.716453227537
67.72 0.835862098785
68.6 0.417076111141
69.41 0.207683117309
70.25 1.53845789023
71.16 0.289883583582
71.97 0.622577276817
72.85 0.310433700152
73.66 0.154361911815
74.47 0.076326017651
75.35 0.0373080705691
76.16 0.974779943589
77.03 0.486535033538
77.91 0.242412578508
78.72 0.120351351002
79.56 1.49479200708
80.47 2.18201233516
81.31 1.0901512293
82.19 0.54422067639
83.03 0.271255399943
83.88 0.134772761715
84.72 1.50200271243
85.63 0.750146417959
86.44 1.80968954056
87.35 0.425499408742
88.16 0.211894766119
89.0 1.06207329135
89.91 0.530181707426
90.72 1.69970718529
91.6 0.370508231113
92.44 0.184399177295
93.28 0.0913446503961
94.16 0.0448173869416
95.0 0.0215537552096
