0.0 100.0
0.940000000002 81.3673252525
1.81 63.4714900647
2.71999999997 48.8039072613
3.56 38.1336444875
4.46999999997 29.9386804959
5.38 24.8879209652
6.21999999997 21.8859024323
7.09999999998 18.9549768635
8.0 15.5829590094
8.88 14.3735888498
9.75 13.2922650024
10.63 11.7983255439
11.5 9.62143951229
12.41 10.4395515662
13.28 9.41869129093
14.13 8.90826115324
15.03 8.17640731694
15.94 8.28711916624
16.78 6.91255878853
17.69 6.22527859968
18.56 6.83491604016
19.44 5.70981845799
20.35 5.14726966696
21.22 6.7725503413
22.06 7.10855191092
22.97 7.27655269578
23.81 5.9306367859
24.72 5.25767883091
25.6 4.92119985342
26.47 5.22959913207
27.38 3.95388246909
28.25 3.7926629051
29.1 3.71205312301
30.0 3.19510946461
30.91 3.41327640281
31.75 3.04572110446
32.63 3.33858222269
33.53 2.05509647951
34.35 2.84326991028
35.22 3.23735662565
36.1 2.95776121588
36.97 2.34132474354
37.81 2.50974527482
38.72 3.54723307534
39.6 2.63606067329
40.44 2.18047447224
41.28 2.42932013918
42.16 2.07710420519
43.0 1.42435747074
43.81 1.57462287098
44.69 1.64975557109
45.53 1.68732192114
46.38 1.22946632872
47.22 1.95381606742
48.1 1.36271340186
48.94 2.49707837144
49.81 2.11098332132
50.69 1.44129702881
51.5 1.10645388255
52.35 0.939032309422
53.16 2.28523782522
54.06 1.52842428076
54.91 2.57993381088
55.78 1.6757722736
56.63 2.65360780731
57.53 3.14252557417
58.41 1.95706815523
59.25 1.36433944577
60.1 1.06797509103
60.91 0.919792913665
61.75 2.27561812734
62.66 1.04697566437
63.47 0.909293200333
64.31 1.31709073576
65.16 1.52098950348
66.0 1.14630011989
66.88 0.958955428094
67.69 0.865283082196
68.53 0.818446909252
69.41 0.318390055322
70.22 0.545000395805
71.06 0.181666798599
71.91 0.0
72.75 0.385805368144
73.6 0.578708052226
74.41 0.675159394262
75.25 1.20002383273
76.1 0.509178517065
76.91 0.640394626677
