0.0 0.0
0.849999999977 22.3056117221
1.69 43.0359731813
2.56 58.1899317099
3.44 67.2035443141
4.31 74.1047395156
5.21999999997 78.9919704561
6.09999999998 81.9144637063
6.96999999997 84.3334658912
7.84999999998 86.0218447635
8.71999999997 87.8237897595
9.59999999998 89.2036400377
10.53 89.8935651761
11.44 90.7174055261
12.35 91.6082034801
13.28 92.0536024575
14.19 91.7974241668
15.1 93.1059683603
16.03 93.7602404579
16.97 94.0873765058
17.91 94.7298223106
18.78 95.529922992
19.72 94.4933399939
20.66 95.4116818341
21.53 95.3919749743
22.47 95.3821215439
23.41 95.8560726091
24.28 96.0930481422
25.22 96.2115359077
26.16 95.7919020116
27.06 96.5398406224
28.0 96.4349321488
28.94 96.861355691
29.88 97.074567463
30.75 96.7022955686
31.66 96.0372818411
32.6 96.6625305376
33.5 96.9751548858
34.41 97.6103448399
35.35 97.449062037
36.25 97.3684206355
37.16 98.2858554946
38.1 97.7868173644
39.0 97.5372982992
39.94 97.891416547
40.85 99.0262312298
41.72 99.1147607923
42.66 99.1590255725
43.56 98.7022801837
44.47 98.4739074888
45.41 98.8385989213
46.31 99.4998224174
47.25 98.8726786052
48.16 99.5168622594
49.06 99.8389540865
50.03 100.0
50.91 98.643889617
51.85 99.4024677658
52.75 99.3028790593
53.63 98.7742069271
54.56 99.4676264203
55.5 98.8565806066
56.41 99.5088132606
