0.0 0.0
0.839999999967 17.0724462382
1.71999999997 39.5028401229
2.58999999997 55.030021096
3.5 66.6264862766
4.33999999997 73.8620468771
5.21999999997 78.4380458509
6.12 81.6842640112
7.0 84.2655917649
7.90999999997 86.5144743152
8.81 88.1180249272
9.71999999997 89.8780189067
10.66 90.7580158959
11.56 91.1980143915
12.44 92.8553416486
13.37 92.7257866041
14.31 93.1401184191
15.22 93.8263936623
16.16 94.1695312845
17.06 94.3411000955
17.94 95.385103175
18.91 95.4279953771
19.81 95.4494414791
20.75 95.9392738663
21.66 95.7050807227
22.56 96.0670934886
23.47 95.7689905344
24.37 96.099048394
25.31 96.74318666
26.22 96.5861464573
27.16 96.507626355
28.06 96.9474756415
29.0 96.2091816108
29.91 96.3191439322
30.81 96.3741250929
31.78 96.4016156728
32.69 97.3735796367
33.59 96.9013429451
34.53 97.1443339361
35.47 97.7449387688
36.37 97.5661318479
37.28 97.476728387
38.22 98.8693546673
39.12 98.6074491344
40.06 98.476496367
41.0 99.3692386573
41.91 98.3782817922
42.84 98.3619126969
43.75 98.3537281487
44.69 99.3078545481
45.59 98.8266990744
46.5 98.586121337
47.47 97.9867231325
48.34 99.1243520396
49.28 99.2140571573
50.22 99.7380190524
51.12 100.0
52.06 99.1727717998
52.97 98.7591577002
