0.0 0.0
0.849999999977 15.6338576158
1.71999999997 38.2149826204
2.63 54.7444534507
3.5 65.3905108331
4.38 72.618597098
5.25 78.1376978043
6.13 81.8497769444
7.03999999998 84.6583453012
7.94 86.5388938731
8.84999999998 87.9554325525
9.78999999998 88.6637018917
10.66 89.4941009553
11.57 90.385564881
12.5 90.8312968433
13.44 91.5304272175
14.32 92.3562567985
15.25 92.7691715894
16.19 93.4518933779
17.07 93.7932542721
18.04 93.9639347192
18.94 95.0018037292
19.88 94.5682094478
20.79 95.303941094
21.69 95.1955425236
22.6 95.6176076319
23.5 95.8286401865
24.44 95.9341564628
25.38 95.9869146015
26.25 96.0132936708
27.19 96.5027475989
28.13 96.747474563
29.04 97.3461024389
29.94 96.6928875891
30.88 96.842544558
31.82 97.3936374365
32.72 97.6691838752
33.66 97.3306927006
34.6 98.1139759012
35.5 98.505617501
36.41 98.225173907
37.35 98.5612165044
38.25 97.7767090157
39.19 96.9081908779
40.13 96.4739318086
41.0 97.6855954547
41.97 97.8151628848
42.88 98.8324753862
43.82 98.8648672431
44.72 99.3573275654
45.66 98.6510289397
46.6 98.2978796273
47.5 98.1213049701
48.44 98.033017642
49.35 98.9414027653
50.25 98.4430665396
51.19 98.1938984263
52.13 98.545578764
53.04 99.1976833254
53.94 100.0
54.91 98.9723651574
