0.0 0.0
0.850000000035 25.6035034173
1.69 46.5944032579
2.60000000003 59.4984261584
3.5 69.3224397806
4.35000000003 74.7161611878
5.25 79.3398802753
6.13 82.1334544151
7.0 84.975385273
7.91000000003 86.878065298
8.85000000003 88.7928345028
9.72000000003 88.3050753167
10.63 90.4697687037
11.57 91.0704008014
12.47 92.3341460427
13.38 92.9660186624
14.28 92.3185257812
15.19 93.4399231281
16.13 94.4823363976
17.07 94.0401138403
17.97 93.8190025612
18.91 95.1535907106
19.85 95.8208847844
20.72 96.1545318217
21.66 96.3213553409
22.6 96.4047671
23.53 95.9647583835
24.44 96.2264686208
25.35 96.3573237404
26.28 96.4227512998
27.19 96.4554650794
28.13 96.9535365653
29.07 97.6842869037
29.97 97.5679474779
30.91 97.509777764
31.82 97.480692908
32.69 97.4661504791
33.63 98.4223084571
34.57 98.4186728501
35.5 98.4168550471
36.38 98.4159461451
37.32 97.9337770976
38.22 98.1744071709
39.13 99.2581513985
40.07 99.8000235133
41.0 99.5892449737
41.91 99.0021411089
42.82 98.7085891755
43.72 98.5618132093
44.6 98.9701398227
45.57 99.6560177249
46.47 99.0355274835
47.38 99.6887115558
48.32 99.533588995
49.22 98.9743131195
50.1 99.6581043729
51.03 100.0
51.97 99.207518622
