0.0 0.0
0.820000000007 25.2623574992
1.72000000003 45.8991811736
2.60000000003 59.9849553284
3.47000000003 68.9115235647
4.35000000003 75.2584888416
5.25 79.8447323491
6.13 84.0215352617
7.0 85.6390164283
7.91000000003 87.3895975909
8.78000000003 88.7358084621
9.72000000003 89.879834187
10.66 90.4518470502
11.6 91.2087737706
12.5 92.9999980008
13.41 92.953769536
14.35 92.9306553037
15.25 94.3318590561
16.19 94.5615406436
17.13 94.6763814364
18.0 94.7338018332
18.91 95.2334323218
19.88 95.9541678554
20.75 96.3145356221
21.69 96.494719505
22.63 96.5848114474
23.53 96.6298574182
24.47 97.1233006932
25.38 97.3700223308
26.32 97.493383149
27.22 97.5550635587
28.13 98.0568240536
29.07 97.836784011
29.94 97.2558436999
30.88 96.9653735439
31.82 96.8201384669
32.72 97.2184412176
33.66 97.4175925925
34.6 98.4590088602
35.47 98.5087967035
36.38 98.5336906256
37.35 99.0170578763
38.25 98.7878212125
39.16 98.6732028796
40.1 99.5577342935
41.03 100.0
41.91 99.2792922734
42.85 99.8607789904
43.78 99.2096817686
44.69 98.8841331586
45.63 98.2504385634
46.57 99.3463521345
47.41 99.4233886313
48.35 99.9328271689
49.28 99.2457058578
50.19 98.9021452032
51.13 99.6722054544
