11577.41 0.00
11578.52 0.50
11579.64 1.75
11580.76 0.88
11581.89 2.44
11583.02 2.72
11584.15 2.86
11585.27 2.93
11587.52 6.48
11588.65 5.74
11589.78 7.37
11590.90 7.69
11592.03 5.84
11593.15 3.92
11594.28 4.96
11595.40 6.48
11596.52 6.74
11597.65 5.87
11598.78 6.94
11599.91 5.47
11601.04 5.23
11602.15 6.62
11603.28 8.81
11604.41 8.40
11605.53 6.70
11606.65 8.35
11607.78 9.18
11608.91 8.09
11610.03 6.54
11611.15 8.77
11612.26 9.39
11613.40 6.69
11614.51 7.85
11615.64 9.42
11616.77 7.71
11617.90 6.36
11619.02 7.18
11620.14 10.59
11621.32 8.79
11622.44 7.40
11623.56 10.20
11624.72 9.60
11625.84 7.80
11626.96 8.40
11628.08 9.70
11629.19 8.85
11630.32 9.92
11631.45 9.46
11632.58 8.73
11633.71 7.87
11634.84 8.43
11635.96 10.72
11637.13 9.86
11638.26 8.43
11639.38 10.71
11640.56 8.36
11641.69 6.18
11642.83 6.09
11643.94 7.04
11645.07 8.02
11646.19 6.01
11647.32 8.51
11648.45 9.25
11649.58 10.13
11650.74 9.06
11651.86 10.03
11653.02 9.52
11654.16 6.76
11655.28 8.88
11656.41 9.94
11657.54 9.97
11658.67 6.48
11659.79 8.24
11660.92 10.12
11662.09 8.56
11663.21 7.28
11664.34 11.14
11665.51 8.57
11666.64 6.29
11667.77 8.14
11668.90 9.57
11670.02 6.79
11671.14 8.39
11672.26 9.70
11673.38 9.35
11674.52 7.67
11675.65 8.84
11676.77 10.92
11677.94 12.46
11679.11 12.73
11680.28 13.36
11681.45 13.68
11682.62 13.84
11683.78 14.42
11684.96 15.71
11686.13 14.36
11687.30 15.18
11688.46 16.59
11689.62 17.79
11690.79 15.40
11691.96 16.70
11693.12 15.85
11694.29 15.92
11695.46 16.96
11696.62 15.48
11697.79 16.74
11698.97 18.37
11700.14 18.19
11701.30 17.09
11702.46 17.55
11703.62 18.27
11704.80 16.64
11705.96 17.82
11707.13 17.91
11708.30 16.45
11709.46 18.73
11710.62 19.36
11711.80 17.18
11712.97 16.59
11714.14 16.80
11715.30 17.90
11716.46 18.45
11717.63 18.72
11718.80 17.36
11719.96 17.68
11721.12 16.84
11722.29 17.92
11723.46 16.96
11724.62 17.98
11725.78 17.49
11726.96 17.75
11728.13 18.37
11729.30 17.19
11730.46 16.59
11731.63 16.30
11732.79 17.65
11733.97 17.32
11735.14 18.16
11736.30 18.58
11737.46 18.29
11738.63 19.15
11739.81 20.07
11740.97 19.54
11742.14 17.77
11743.30 18.38
11744.46 17.19
11745.63 17.10
11746.79 16.55
11747.97 17.77
11749.14 17.89
11750.30 18.44
11751.46 17.22
11752.63 17.11
11753.81 18.06
11754.98 17.03
11756.14 18.01
11757.30 18.01
11758.46 18.00
11759.62 17.00
11760.78 18.00
11761.94 17.50
11763.10 17.75
11764.26 18.38
11765.42 18.19
11766.59 17.09
11767.75 16.55
11768.92 16.77
11770.09 16.89
11771.25 17.44
11772.42 16.72
11773.58 16.36
11774.75 16.18
11775.92 16.09
11777.08 17.55
11778.24 18.27
11779.41 19.14
11780.58 18.07
11781.74 17.03
11782.90 17.02
11784.06 16.51
11785.22 16.25
11786.39 18.13
11787.56 18.56
11788.73 18.78
11789.90 18.39
11791.06 17.20
11792.22 18.10
11793.38 19.05
11794.54 19.02
11795.70 17.51
11796.86 16.76
11798.02 16.88
11799.18 17.44
11800.35 17.72
11801.52 17.36
11802.69 18.18
11803.86 19.09
11805.02 19.04
11806.18 19.02
11807.34 19.01
11808.50 18.51
11809.66 17.75
11810.83 16.88
11812.00 16.44
11813.15 16.22
11814.32 16.61
11815.49 16.30
11816.65 17.15
11817.82 18.08
11818.98 18.04
11820.15 17.52
11821.32 16.76
11822.49 16.38
11823.66 16.19
11824.82 16.09
11825.98 16.05
11827.14 16.52
11828.31 16.26
11829.48 17.13
11830.65 17.07
11831.82 16.53
11832.98 16.27
11834.15 16.63
11835.32 18.32
11836.49 18.66
11837.66 18.83
11838.82 17.91
11839.99 17.46
11841.16 17.23
11842.33 16.61
11843.50 16.31
11844.66 16.15
11845.83 16.08
11846.99 16.04
11848.15 16.02
11849.31 17.01
11850.47 17.50
11851.63 17.25
11852.82 16.63
11853.98 16.31
11855.15 16.66
11856.32 16.33
11857.49 16.16
11858.66 17.08
11859.82 17.04
11860.98 16.52
11862.14 16.76
11863.31 16.38
11864.48 17.69
11865.64 18.35
11866.82 19.17
11867.98 19.59
11869.14 18.79
11870.31 18.40
11871.47 17.20
11872.63 16.60
11873.80 16.30
11874.96 16.15
11876.13 16.57
11877.30 17.29
11878.46 16.64
11879.62 17.32
11880.80 18.16
11881.96 17.08
11883.12 17.54
11884.29 18.77
11885.46 18.39
11886.62 17.19
11887.80 16.60
11888.96 17.30
11890.12 17.15
11891.29 16.57
11892.46 16.29
11893.62 16.14
11894.80 17.57
11895.96 16.79
11897.13 17.89
11898.30 18.45
11899.46 18.72
11900.62 18.36
11901.80 18.68
11902.97 18.84
11904.13 17.92
11905.30 17.46
11906.46 16.73
11907.62 16.37
11908.80 17.68
11909.96 17.84
11911.12 16.92
11912.29 16.46
11913.46 16.23
11914.62 18.12
11915.80 19.06
11916.96 19.53
11918.13 19.26
11919.30 18.13
11920.46 17.57
11921.63 18.78
11922.80 19.89
11923.96 19.95
11925.13 19.47
11926.30 19.74
11927.46 19.87
11928.62 19.43
11929.80 19.22
11930.96 19.11
11932.13 17.55
11933.30 16.78
11934.46 16.89
11935.62 18.94
11936.80 18.97
11937.96 17.99
11939.13 17.49
11940.30 17.75
11941.46 18.37
11942.62 17.19
11943.80 16.59
11944.97 16.30
11946.13 17.65
11947.30 18.82
11948.46 19.41
11949.62 18.71
11950.80 17.35
11951.96 16.68
11953.13 17.84
11954.30 18.92
11955.46 17.96
11956.63 17.48
11957.81 16.74
11958.98 17.87
11960.14 17.93
11961.31 18.97
11962.49 17.98
11963.65 16.99
11964.82 16.50
11965.98 16.75
11967.14 16.37
11968.31 18.19
11969.48 18.09
11970.64 18.05
11971.81 17.02
11972.97 16.51
11974.14 18.26
11975.30 19.13
11976.46 17.56
11977.63 17.28
11978.81 17.64
11979.98 17.82
11981.14 18.91
11982.31 18.96
11983.48 17.48
11984.65 16.74
11985.82 16.37
11986.98 18.68
11988.14 18.84
11989.31 18.42
11990.48 18.21
11991.65 19.11
11992.82 17.55
11993.98 17.28
11995.15 16.64
11996.32 16.32
11997.49 16.16
11998.66 17.08
11999.82 17.54
12000.98 18.77
12002.14 19.38
12003.32 19.69
12004.48 19.85
12005.64 18.92
12006.82 17.46
12007.98 16.73
12009.14 17.37
12010.31 17.68
12011.48 16.84
12012.64 17.92
12013.82 18.96
12014.98 17.98
12016.14 16.99
12017.30 16.50
12018.46 17.75
12019.63 16.87
12020.81 17.44
12021.98 17.72
12023.14 17.86
12024.31 18.43
12025.48 18.71
12026.65 18.36
12027.82 18.18
12028.98 18.59
12030.14 18.79
12031.31 18.90
12032.47 18.45
12033.64 18.22
12034.82 18.61
12035.98 17.81
12037.14 17.40
12038.30 17.20
12039.46 18.10
12040.62 18.55
12041.80 18.28
12042.96 18.14
12044.13 18.07
12045.29 18.53
12046.46 18.77
12047.62 18.88
12048.80 18.94
12049.95 18.47
12051.12 18.24
12052.28 18.12
12053.45 17.06
12054.61 16.53
12055.78 16.26
12056.95 16.63
12058.12 18.32
12059.29 18.16
12060.46 18.08
12061.62 17.04
12062.78 18.02
12063.94 18.51
12065.11 19.75
12066.28 18.88
12067.45 17.44
12068.62 17.72
12069.80 17.36
12070.95 18.68
12072.11 19.34
12073.28 18.17
12074.45 17.08
12075.61 17.54
12076.78 18.77
12077.95 19.39
12079.12 18.19
12080.29 18.10
12081.45 16.55
12082.62 13.27
12083.80 9.64
12084.92 8.32
12086.04 6.16
12087.16 4.08
12088.29 5.04
12089.41 3.52
12090.54 3.26
12091.67 4.13
