10574.67 0.03
10575.78 0.01
10576.90 0.01
10578.00 2.00
10579.10 2.50
10580.23 2.25
10581.36 2.13
10582.49 2.06
10584.73 3.02
10585.86 5.51
10586.99 5.75
10588.12 4.38
10589.25 4.69
10590.38 5.84
10591.51 3.92
10592.64 4.46
10593.76 6.73
10594.89 7.37
10596.02 6.18
10597.14 7.09
10598.26 9.05
10599.39 7.02
10600.50 8.01
10601.62 8.51
10602.76 7.25
10603.88 7.13
10605.01 7.06
10606.13 8.03
10607.26 6.52
10608.39 6.26
10609.52 9.13
10610.64 9.06
10611.76 6.53
10612.89 6.27
10614.02 8.63
10615.14 9.82
10616.28 8.41
10617.40 7.70
10618.52 9.35
10619.65 6.68
10620.78 4.84
10621.90 8.42
10623.02 10.21
10624.19 8.10
10625.32 7.05
10626.43 9.53
10627.56 8.76
10628.69 5.88
10629.82 8.44
10630.94 10.72
10632.12 8.36
10633.24 8.18
10634.37 9.59
10635.50 9.30
10636.62 6.65
10637.74 7.82
10638.88 10.41
10640.04 9.21
10641.17 6.60
10642.29 7.30
10643.41 10.65
10644.58 9.33
10645.70 9.16
10646.82 9.08
10647.94 9.04
10649.07 7.02
10650.19 7.01
10651.31 11.01
10652.48 9.50
10653.60 6.75
10654.73 9.38
10655.86 9.69
10656.99 6.84
10658.11 7.42
10659.24 11.21
10660.41 10.61
10661.58 8.80
10662.70 9.40
10663.82 10.20
10664.99 8.60
10666.10 9.30
10667.22 10.65
10668.39 9.33
10669.52 6.66
10670.65 8.83
10671.78 9.42
10672.91 8.21
10674.04 7.60
10675.16 10.80
10676.31 11.90
10677.47 12.45
10678.64 14.23
10679.81 15.11
10680.99 15.06
10682.14 16.03
10683.30 16.51
10684.46 14.76
10685.63 16.38
10686.80 16.19
10687.97 15.59
10689.14 13.80
10690.30 13.40
10691.46 14.20
10692.62 15.10
10693.78 15.55
10694.94 15.27
10696.11 16.64
10697.28 17.32
10698.45 17.16
10699.62 16.08
10700.78 17.54
10701.94 17.77
10703.10 18.38
10704.26 17.69
10705.42 15.85
10706.60 14.92
10707.75 14.96
10708.91 16.98
10710.07 17.99
10711.23 18.50
10712.39 18.75
10713.56 17.37
10714.73 17.19
10715.90 17.59
10717.06 17.80
10718.22 17.40
10719.38 16.20
10720.54 17.10
10721.70 17.55
10722.86 16.77
10724.02 17.89
10725.18 18.44
10726.35 18.22
10727.52 16.61
10728.69 15.81
10729.86 16.90
10731.02 17.95
10732.18 17.98
10733.34 17.99
10734.50 17.99
10735.66 16.00
10736.82 16.00
10737.98 17.00
10739.14 16.50
10740.30 15.75
10741.46 17.37
10742.63 16.19
10743.80 17.09
10744.95 17.05
10746.11 16.52
10747.28 17.76
10748.45 16.88
10749.61 18.44
10750.78 18.22
10751.94 18.11
10753.11 17.06
10754.28 16.53
10755.45 16.26
10756.62 16.13
10757.78 17.57
10758.95 16.78
10760.11 16.39
10761.28 16.20
10762.44 17.10
10763.60 18.05
10764.75 19.02
10765.91 19.01
10767.07 19.51
10768.23 19.25
10769.41 18.63
10770.58 16.81
10771.74 17.91
10772.91 16.95
10774.08 15.48
10775.24 15.74
10776.41 15.87
10777.58 16.93
10778.74 16.47
10779.91 15.73
10781.08 16.87
10782.24 17.43
10783.41 18.22
10784.58 18.11
10785.74 18.55
10786.91 19.78
10788.08 18.89
10789.24 18.94
10790.40 17.47
10791.56 17.24
10792.73 17.12
10793.90 17.06
10795.05 17.53
10796.21 17.26
10797.38 17.63
10798.54 16.82
10799.71 15.41
10800.88 16.70
10802.04 16.35
10803.21 18.18
10804.38 17.09
10805.54 17.54
10806.70 18.27
10807.86 18.14
10809.04 16.07
10810.19 16.53
10811.36 17.77
10812.54 16.88
10813.70 17.44
10814.86 18.22
10816.03 17.61
10817.19 18.31
10818.36 17.15
10819.53 16.58
10820.70 15.79
10821.86 16.39
10823.02 16.20
10824.18 17.60
10825.34 18.30
10826.50 17.15
10827.66 17.07
10828.84 17.04
10829.99 16.52
10831.16 18.26
10832.33 19.13
10833.50 17.56
10834.66 16.78
10835.82 16.89
10837.00 16.95
10838.15 16.97
10839.32 15.99
10840.49 14.99
10841.65 15.50
10842.81 15.75
10843.98 17.37
10845.15 18.69
10846.33 19.34
10847.50 17.67
10848.66 18.34
10849.84 18.67
10851.00 17.83
10852.15 16.92
10853.32 16.96
10854.49 16.98
10855.65 17.49
10856.82 17.74
10857.99 17.87
10859.15 16.94
10860.32 16.47
10861.49 18.23
10862.66 17.12
10863.84 18.06
10864.99 17.03
10866.15 16.51
10867.32 16.26
10868.49 17.63
10869.66 16.31
10870.84 16.16
10872.00 16.58
10873.15 17.79
10874.32 16.89
10875.49 17.95
10876.66 16.97
10877.84 17.99
10879.00 19.49
10880.15 19.25
10881.32 18.62
10882.49 17.31
10883.66 18.66
10884.84 18.83
10886.00 17.91
10887.16 18.46
10888.32 17.73
10889.49 19.36
10890.65 19.18
10891.82 19.09
10892.98 18.05
10894.14 18.02
10895.30 18.01
10896.46 18.01
10897.62 18.00
10898.78 18.00
10899.93 17.50
10901.09 18.75
10902.25 19.38
10903.42 17.69
10904.58 16.84
10905.74 18.42
10906.91 18.71
10908.08 17.36
10909.24 15.68
10910.41 16.84
10911.58 16.42
10912.74 16.71
10913.92 17.35
10915.09 16.68
10916.25 16.34
10917.42 17.67
10918.58 16.83
10919.74 15.92
10920.91 16.96
10922.08 17.98
10923.24 16.99
10924.40 17.99
10925.56 17.00
10926.72 18.50
10927.88 18.25
10929.05 19.62
10930.21 19.81
10931.38 17.91
10932.54 18.45
10933.71 17.23
10934.87 16.61
10936.04 16.31
10937.20 18.15
10938.37 18.58
10939.54 18.29
10940.70 18.14
10941.86 17.57
10943.03 18.29
10944.19 17.64
10945.36 17.32
10946.53 18.16
10947.70 18.58
10948.86 17.79
10950.02 16.90
10951.18 18.45
10952.35 18.22
10953.52 18.61
10954.69 17.31
10955.86 18.15
10957.02 19.08
10958.18 18.04
10959.34 17.02
10960.50 16.01
10961.66 17.50
10962.82 16.75
10963.99 17.88
10965.15 16.94
10966.32 17.97
10967.49 18.98
10968.65 19.99
10969.81 17.50
10970.98 17.75
10972.15 16.87
10973.31 17.44
10974.48 16.72
10975.65 17.86
10976.82 18.43
10977.99 18.71
10979.16 19.86
10980.33 19.93
10981.50 17.96
10982.66 16.98
10983.84 17.99
10985.00 17.00
10986.14 18.50
10987.30 19.75
10988.46 17.87
10989.62 17.44
10990.79 18.22
10991.97 18.11
10993.14 19.55
10994.30 20.28
10995.46 19.64
10996.63 17.82
10997.80 16.91
10998.97 16.45
11000.14 17.73
11001.30 16.86
11002.46 17.93
11003.63 18.97
11004.80 18.98
11005.97 19.49
11007.13 19.25
11008.30 17.62
11009.46 15.81
11010.62 17.91
11011.79 18.45
11012.97 19.23
11014.14 17.61
11015.31 18.31
11016.48 19.15
11017.65 17.58
11018.82 18.29
11019.99 18.14
11021.16 19.57
11022.34 18.29
11023.50 18.14
11024.66 18.07
11025.84 19.04
11026.99 18.52
11028.16 17.76
11029.33 17.88
11030.50 17.94
11031.66 18.47
11032.84 19.23
11034.00 17.62
11035.16 18.31
11036.33 17.15
11037.50 18.08
11038.66 19.54
11039.84 19.27
11041.00 17.63
11042.15 17.82
11043.32 18.91
11044.49 18.95
11045.65 18.98
11046.81 19.49
11047.98 18.74
11049.14 17.37
11050.31 18.69
11051.48 18.84
11052.64 17.42
11053.81 16.71
11054.98 16.86
11056.15 18.43
11057.32 18.71
11058.49 17.36
11059.66 18.68
11060.84 18.34
11062.00 18.17
11063.16 18.08
11064.33 18.54
11065.50 19.27
11066.66 19.14
11067.84 17.57
11069.00 16.28
11070.15 17.14
11071.32 17.07
11072.48 16.54
11073.66 16.27
11074.84 16.63
11076.00 16.32
11077.16 14.16
11078.33 12.58
11079.50 9.79
11080.62 6.39
11081.74 6.70
11082.87 6.35
11084.00 5.17
11085.12 3.59
11086.24 4.29
11087.37 3.15
11088.50 3.07
11089.62 3.04
