13581.38 0.01
13582.50 0.00
13583.60 0.00
13584.70 0.00
13585.80 2.00
13586.90 3.50
13588.02 1.75
13589.14 1.88
13591.40 3.72
13592.52 4.86
13593.65 3.93
13594.78 4.96
13595.91 4.48
13597.04 3.74
13598.15 5.87
13599.28 4.94
13600.41 5.97
13601.54 6.98
13602.66 8.99
13603.80 6.00
13604.90 6.00
13606.02 6.50
13607.14 6.25
13608.26 7.62
13609.40 8.31
13610.52 7.66
13611.65 7.33
13612.78 7.16
13613.90 7.58
13615.02 10.29
13616.19 8.15
13617.31 4.07
13618.43 5.54
13619.56 6.77
13620.69 7.38
13621.82 6.19
13622.94 7.10
13624.06 8.05
13625.19 5.52
13626.31 6.26
13627.44 8.63
13628.57 8.82
13629.70 6.91
13630.82 7.45
13631.94 7.73
13633.07 8.36
13634.19 9.18
13635.32 12.09
13636.48 10.55
13637.65 8.77
13638.78 9.39
13639.91 8.19
13641.04 8.10
13642.15 9.55
13643.28 12.27
13644.45 11.64
13645.62 10.32
13646.78 9.16
13647.92 9.08
13649.03 8.54
13650.15 9.27
13651.28 11.13
13652.45 9.07
13653.58 8.53
13654.71 7.77
13655.83 9.88
13656.96 8.44
13658.09 8.22
13659.21 10.11
13660.38 12.06
13661.54 10.03
13662.70 11.51
13663.86 13.26
13665.04 10.63
13666.20 7.81
13667.33 8.91
13668.45 8.45
13669.58 5.73
13670.70 8.86
13671.82 11.93
13673.00 8.47
13674.12 6.73
13675.24 10.37
13676.41 12.18
13677.58 8.09
13678.69 6.55
13679.82 9.77
13680.94 10.39
13682.12 6.19
13683.24 6.60
13684.36 7.80
13685.48 10.90
13686.64 12.45
13687.82 13.72
13688.98 16.36
13690.15 16.18
13691.32 14.59
13692.49 14.30
13693.65 14.65
13694.82 14.82
13695.99 15.91
13697.15 16.46
13698.32 16.23
13699.49 17.11
13700.66 17.56
13701.82 16.78
13702.99 16.39
13704.16 16.19
13705.34 16.60
13706.50 16.80
13707.65 16.90
13708.81 17.45
13709.98 17.22
13711.14 17.61
13712.31 17.31
13713.48 16.65
13714.65 17.33
13715.82 16.66
13716.98 16.33
13718.15 16.67
13719.32 16.33
13720.49 15.17
13721.66 17.08
13722.82 16.04
13723.98 15.52
13725.14 16.26
13726.32 15.13
13727.48 15.57
13728.65 14.78
13729.82 15.39
13730.98 17.20
13732.14 17.10
13733.30 16.55
13734.46 16.27
13735.63 16.14
13736.80 16.07
13737.95 17.53
13739.12 16.77
13740.29 16.38
13741.46 16.19
13742.62 16.10
13743.79 16.55
13744.96 17.27
13746.13 16.64
13747.30 17.82
13748.46 18.41
13749.62 19.20
13750.78 19.60
13751.94 19.30
13753.10 19.65
13754.26 19.33
13755.43 19.16
13756.60 19.08
13757.76 17.54
13758.92 19.27
13760.09 19.14
13761.25 18.07
13762.41 18.53
13763.58 17.77
13764.75 19.38
13765.92 17.69
13767.09 16.85
13768.25 18.42
13769.42 18.71
13770.58 17.36
13771.76 17.68
13772.93 16.84
13774.10 16.42
13775.26 16.21
13776.42 16.10
13777.58 16.05
13778.76 16.03
13779.92 16.51
13781.09 16.26
13782.25 17.63
13783.42 16.81
13784.58 17.41
13785.76 17.20
13786.92 17.60
13788.08 17.80
13789.23 15.90
13790.39 16.95
13791.56 17.98
13792.74 18.49
13793.90 18.74
13795.06 17.37
13796.22 18.19
13797.39 17.09
13798.55 19.05
13799.71 19.52
13800.89 20.26
13802.05 20.13
13803.21 20.07
13804.38 19.53
13805.54 19.27
13806.72 18.63
13807.90 18.82
13809.06 16.91
13810.22 17.95
13811.38 18.48
13812.55 18.24
13813.72 17.12
13814.90 18.56
13816.06 19.78
13817.22 19.39
13818.40 17.19
13819.55 16.60
13820.71 18.80
13821.88 18.40
13823.04 17.20
13824.20 17.10
13825.36 17.55
13826.53 19.27
13827.70 19.14
13828.87 20.07
13830.03 19.03
13831.18 18.02
13832.34 18.51
13833.51 18.75
13834.68 17.88
13835.84 17.44
13837.01 16.72
13838.17 17.36
13839.34 16.68
13840.51 16.34
13841.68 16.67
13842.85 16.33
13844.02 17.67
13845.18 18.33
13846.34 17.67
13847.51 17.33
13848.68 18.67
13849.85 19.33
13851.02 20.17
13852.18 20.58
13853.34 18.29
13854.51 18.15
13855.68 17.07
13856.84 17.04
13858.00 16.52
13859.15 16.76
13860.32 17.88
13861.49 17.94
13862.65 18.47
13863.82 19.23
13864.98 17.62
13866.15 17.31
13867.32 16.65
13868.49 17.83
13869.66 16.91
13870.82 16.46
13871.99 16.73
13873.16 16.86
13874.33 16.43
13875.50 15.22
13876.66 15.11
13877.83 14.55
13879.00 16.28
13880.15 18.14
13881.32 17.57
13882.50 16.78
13883.66 16.39
13884.82 17.20
13885.98 19.60
13887.14 19.30
13888.30 20.15
13889.46 18.07
13890.62 18.54
13891.79 18.27
13892.96 18.13
13894.13 17.07
13895.29 19.03
13896.45 17.52
13897.62 18.76
13898.78 18.88
13899.94 17.44
13901.11 17.22
13902.28 18.11
13903.45 17.55
13904.62 17.78
13905.78 17.39
13906.95 16.69
13908.11 16.85
13909.28 17.92
13910.45 16.96
13911.62 17.48
13912.78 18.24
13913.95 17.62
13915.13 17.31
13916.30 18.16
13917.46 17.58
13918.63 18.29
13919.80 18.64
13920.96 18.82
13922.12 18.91
13923.29 18.46
13924.46 18.23
13925.62 18.61
13926.79 18.31
13927.96 17.65
13929.13 18.83
13930.30 18.41
13931.46 18.71
13932.62 18.85
13933.79 19.93
13934.96 19.96
13936.12 19.98
13937.29 17.99
13938.45 18.00
13939.61 17.00
13940.77 16.50
13941.93 17.75
13943.10 17.87
13944.26 18.44
13945.42 19.72
13946.59 19.86
13947.75 18.93
13948.93 18.96
13950.09 18.98
13951.25 17.99
13952.42 18.50
13953.58 18.25
13954.75 18.12
13955.92 17.06
13957.08 18.03
13958.23 17.02
13959.40 17.01
13960.56 18.00
13961.71 19.00
13962.88 18.00
13964.03 17.00
13965.18 18.00
13966.34 18.50
13967.50 18.25
13968.67 16.63
13969.83 15.81
13971.00 15.91
13972.15 16.95
13973.32 18.98
13974.49 17.99
13975.66 17.99
13976.82 17.00
13977.98 18.00
13979.14 20.00
13980.30 19.00
13981.45 19.00
13982.60 17.50
13983.76 18.75
13984.93 17.87
13986.10 18.44
13987.26 17.72
13988.42 17.36
13989.59 18.18
13990.76 17.59
13991.94 18.29
13993.10 18.65
13994.26 17.32
13995.43 16.66
13996.60 16.33
13997.76 18.67
13998.93 17.33
14000.10 18.17
14001.26 17.58
14002.43 16.79
14003.60 16.40
14004.76 15.70
14005.92 15.85
14007.09 16.42
14008.25 18.21
14009.42 17.61
14010.58 16.80
14011.75 17.40
14012.91 19.20
14014.07 18.10
14015.23 18.05
14016.39 18.53
14017.56 18.26
14018.74 19.63
14019.90 19.32
14021.06 17.66
14022.23 16.33
14023.39 17.16
14024.56 17.08
14025.74 17.04
14026.90 19.02
14028.05 18.51
14029.21 19.76
14030.38 20.38
14031.54 20.19
14032.71 19.59
14033.89 18.80
14035.05 17.90
14036.20 17.95
14037.36 17.47
14038.53 18.74
14039.70 18.87
14040.86 19.43
14042.03 19.22
14043.19 17.61
14044.36 18.30
14045.52 18.65
14046.69 17.33
14047.86 18.16
14049.03 19.08
14050.18 18.54
14051.35 19.27
14052.52 17.64
14053.69 17.32
14054.86 18.66
14056.03 17.33
14057.19 18.16
14058.36 17.08
14059.53 18.54
14060.70 18.27
14061.87 19.14
14063.04 20.07
14064.19 19.53
14065.36 18.77
14066.53 18.38
14067.70 17.69
14068.87 17.85
14070.04 18.42
14071.20 17.71
14072.36 17.36
14073.53 18.18
14074.70 17.09
14075.86 17.54
14077.03 18.27
14078.19 18.64
14079.36 18.32
14080.53 19.16
14081.70 17.58
14082.86 17.29
14084.02 17.64
14085.18 15.82
14086.35 12.91
14087.52 10.96
14088.69 8.48
14089.82 6.74
14090.95 5.87
14092.08 4.43
14093.20 3.72
14094.33 3.86
