9568.80 0.75
9569.88 0.88
9570.96 0.44
9572.04 0.22
9573.11 0.11
9574.20 0.05
9575.26 0.03
9576.34 2.01
9579.59 4.00
9580.67 3.50
9582.85 3.13
9583.94 5.56
9585.03 5.78
9586.12 3.89
9587.20 5.95
9588.29 7.97
9589.38 5.99
9590.46 6.99
9591.55 7.50
9592.64 8.75
9593.73 7.37
9594.82 6.69
9595.91 6.84
9596.98 7.92
9598.08 4.96
9599.16 6.48
9600.25 7.74
9601.34 6.87
9602.43 6.44
9603.52 8.72
9604.61 8.86
9605.70 6.43
9606.78 6.21
9607.86 7.11
9608.95 9.05
9610.04 6.53
9611.12 7.26
9612.21 9.63
9613.30 8.32
9614.38 8.16
9615.46 8.58
9616.55 11.79
9617.68 9.89
9618.77 6.95
9619.86 7.97
9620.95 8.99
9622.04 7.49
9623.12 6.75
9624.21 9.87
9625.30 9.94
9626.39 8.47
9627.47 9.73
9628.56 10.37
9629.70 8.68
9630.78 7.84
9631.88 8.92
9632.95 9.46
9634.04 8.73
9635.12 7.87
9636.22 9.43
9637.30 9.72
9638.39 8.86
9639.48 7.93
9640.57 9.46
9641.66 8.23
9642.75 7.12
9643.84 9.06
9644.92 11.03
9646.04 9.01
9647.12 7.51
9648.21 9.25
9649.30 9.63
9650.39 6.81
9651.48 5.91
9652.56 8.45
9653.65 8.73
9654.74 7.36
9655.82 7.68
9656.91 9.84
9658.00 8.92
9659.08 7.96
9660.15 7.98
9661.24 11.49
9662.37 9.75
9663.47 6.87
9664.55 8.94
9665.63 10.47
9666.76 8.73
9667.85 8.37
9668.94 8.18
9670.02 9.09
9671.11 7.55
9672.20 7.77
9673.28 9.89
9674.37 12.44
9675.50 13.72
9676.62 14.86
9677.75 13.93
9678.89 14.47
9680.02 15.23
9681.14 16.62
9682.26 18.31
9683.40 16.65
9684.51 16.33
9685.64 16.16
9686.77 16.08
9687.89 16.04
9689.01 16.02
9690.13 16.01
9691.26 17.51
9692.40 16.25
9693.52 15.63
9694.65 17.31
9695.78 15.66
9696.90 15.83
9698.02 16.41
9699.14 17.71
9700.27 17.35
9701.40 18.18
9702.52 16.59
9703.65 16.29
9704.78 16.15
9705.90 15.57
9707.02 15.29
9708.14 16.14
9709.27 16.07
9710.39 17.54
9711.52 16.77
9712.65 17.88
9713.77 18.44
9714.90 18.22
9716.02 17.11
9717.15 16.56
9718.28 15.78
9719.41 15.89
9720.54 17.44
9721.66 16.72
9722.79 17.36
9723.92 16.68
9725.05 15.84
9726.17 16.92
9727.30 17.96
9728.42 17.48
9729.55 16.24
9730.67 16.12
9731.80 18.06
9732.91 17.53
9734.04 17.77
9735.18 18.38
9736.30 17.69
9737.42 17.85
9738.55 16.42
9739.67 17.71
9740.80 16.86
9741.92 15.93
9743.05 15.96
9744.17 16.48
9745.30 17.74
9746.42 17.87
9747.54 16.94
9748.67 17.97
9749.80 16.98
9750.92 17.49
9752.05 16.25
9753.18 15.62
9754.30 15.81
9755.42 17.41
9756.55 16.70
9757.67 15.85
9758.80 15.93
9759.92 15.46
9761.05 15.73
9762.17 15.87
9763.30 17.43
9764.42 16.72
9765.54 15.86
9766.67 17.43
9767.80 16.71
9768.92 18.36
9770.05 16.68
9771.17 18.34
9772.30 16.67
9773.42 18.33
9774.55 19.17
9775.68 18.58
9776.81 18.29
9777.94 18.65
9779.06 18.82
9780.18 18.91
9781.31 17.96
9782.44 17.48
9783.57 16.24
9784.70 16.62
9785.82 17.31
9786.94 16.65
9788.08 16.33
9789.20 17.66
9790.32 18.33
9791.45 18.17
9792.58 18.58
9793.70 17.29
9794.82 16.65
9795.95 17.82
9797.08 17.41
9798.20 18.21
9799.33 17.60
9800.45 18.30
9801.57 17.15
9802.70 17.08
9803.82 17.54
9804.94 16.77
9806.07 16.38
9807.19 17.69
9808.32 16.85
9809.45 17.92
9810.58 17.46
9811.71 16.23
9812.83 17.62
9813.96 16.31
9815.09 16.65
9816.21 17.83
9817.34 16.91
9818.46 17.96
9819.59 16.98
9820.72 16.99
9821.85 17.99
9822.97 16.50
9824.09 16.75
9825.21 17.87
9826.34 18.44
9827.47 17.22
9828.59 16.61
9829.72 16.30
9830.84 18.15
9831.97 17.58
9833.10 16.79
9834.22 15.89
9835.36 15.45
9836.48 15.22
9837.61 15.61
9838.74 17.31
9839.88 18.15
9841.01 16.58
9842.13 15.79
9843.26 16.89
9844.38 16.45
9845.51 17.72
9846.64 16.36
9847.77 17.68
9848.90 17.34
9850.02 16.67
9851.14 17.84
9852.26 18.92
9853.39 17.46
9854.52 17.23
9855.65 16.61
9856.78 17.81
9857.90 17.40
9859.02 18.20
9860.14 17.60
9861.26 18.30
9862.38 17.15
9863.50 16.58
9864.62 18.29
9865.76 16.64
9866.88 18.32
9868.01 17.16
9869.13 17.58
9870.26 18.29
9871.39 16.65
9872.51 15.82
9873.64 16.91
9874.77 18.46
9875.90 18.23
9877.02 18.61
9878.15 16.81
9879.27 16.90
9880.39 18.45
9881.52 18.23
9882.65 18.61
9883.78 17.31
9884.91 16.15
9886.03 15.58
9887.15 15.79
9888.28 15.89
9889.40 15.95
9890.52 15.97
9891.65 16.99
9892.78 16.99
9893.90 18.00
9895.01 16.50
9896.13 17.75
9897.26 17.87
9898.38 18.44
9899.51 17.72
9900.64 16.86
9901.77 17.93
9902.90 18.46
9904.02 17.23
9905.15 18.12
9906.27 17.06
9907.40 16.03
9908.51 16.51
9909.64 16.76
9910.77 16.38
9911.90 17.69
9913.02 17.34
9914.14 17.67
9915.28 16.34
9916.41 17.17
9917.53 18.58
9918.66 20.29
9919.79 17.65
9920.91 17.32
9922.04 18.16
9923.16 17.58
9924.29 17.29
9925.42 16.15
9926.55 16.07
9927.68 16.04
9928.79 17.52
9929.92 16.76
9931.05 16.88
9932.17 16.44
9933.30 17.72
9934.42 18.36
9935.55 18.68
9936.68 17.84
9937.81 16.92
9938.94 16.46
9940.06 16.23
9941.18 16.11
9942.31 16.06
9943.44 16.03
9944.56 16.51
9945.69 16.26
9946.82 16.13
9947.94 16.06
9949.06 17.53
9950.19 16.27
9951.31 17.63
9952.44 17.32
9953.57 18.66
9954.70 17.33
9955.82 17.66
9956.95 19.33
9958.08 18.17
9959.21 17.58
9960.34 16.79
9961.47 17.40
9962.58 16.70
9963.70 16.35
9964.82 16.17
9965.95 17.59
9967.08 16.29
9968.20 17.65
9969.32 17.82
9970.45 16.41
9971.58 18.71
9972.71 16.85
9973.83 15.93
9974.96 16.96
9976.09 16.48
9977.21 16.74
9978.34 17.87
9979.46 16.94
9980.59 17.47
9981.72 18.73
9982.85 18.87
9983.98 17.43
9985.10 18.72
9986.22 18.36
9987.36 16.68
9988.48 15.34
9989.61 15.67
9990.74 16.83
9991.88 17.92
9993.00 16.96
9994.11 16.48
9995.24 16.74
9996.37 16.37
9997.50 16.18
9998.62 16.09
9999.74 16.05
10000.88 16.02
10002.04 16.01
10003.19 16.51
10004.36 16.75
10005.53 15.88
10006.70 15.94
10007.87 16.47
10009.03 16.23
10010.19 17.62
10011.36 18.31
10012.53 18.15
10013.70 17.08
10014.86 18.54
10016.03 18.77
10017.19 18.38
10018.36 19.69
10019.52 18.85
10020.69 16.92
10021.87 16.46
10023.03 18.23
10024.20 16.62
10025.36 18.81
10026.53 16.90
10027.69 16.45
10028.87 16.23
10030.03 16.61
10031.19 17.81
10032.36 16.40
10033.52 17.70
10034.68 17.35
10035.85 18.18
10037.02 18.09
10038.18 16.54
10039.34 18.27
10040.51 19.14
10041.68 18.57
10042.85 17.78
10044.02 18.89
10045.18 18.95
10046.35 17.47
10047.52 16.74
10048.69 16.37
10049.87 15.68
10051.03 17.34
10052.19 18.17
10053.36 17.09
10054.52 17.54
10055.69 18.27
10056.87 17.14
10058.03 18.07
10059.19 16.53
10060.35 16.27
10061.52 17.63
10062.69 16.82
10063.87 17.41
10065.04 18.20
10066.20 16.60
10067.35 17.80
10068.51 18.40
10069.67 18.70
10070.84 16.85
10072.01 17.43
10073.18 16.21
10074.34 17.11
10075.51 14.55
10076.68 13.28
10077.86 10.64
10079.03 8.82
10080.16 5.91
10081.29 4.45
10082.41 3.73
10084.66 3.43
10090.29 3.04
