12584.56 0.72
12585.68 0.36
12586.80 2.18
12587.92 3.09
12589.05 2.05
12590.16 1.52
12591.29 2.76
12592.42 2.38
12594.67 5.35
12595.80 3.17
12596.93 5.09
12598.05 7.04
12599.17 4.52
12600.30 3.76
12601.42 5.88
12602.54 6.44
12603.68 5.22
12604.80 6.61
12605.92 8.81
12607.06 7.40
12608.18 6.20
12609.30 9.60
12610.42 7.80
12611.54 6.90
12612.66 7.45
12613.80 8.73
12614.92 7.86
12616.05 6.43
12617.17 7.22
12618.30 8.61
12619.42 8.80
12620.55 6.90
12621.67 8.95
12622.80 8.98
12623.92 7.49
12625.05 7.74
12626.17 9.87
12627.30 8.44
12628.43 6.72
12629.55 7.86
12630.68 9.43
12631.81 8.21
12632.94 8.11
12634.07 9.05
12635.19 9.53
12636.32 8.26
12637.45 8.63
12638.58 11.32
12639.74 10.66
12640.92 9.33
12642.05 9.66
12643.17 8.83
12644.30 7.92
12645.42 9.46
12646.55 10.73
12647.72 8.86
12648.85 6.93
12649.98 7.97
12651.11 8.98
12652.24 7.49
12653.36 7.25
12654.49 10.12
12655.66 9.56
12656.80 7.78
12657.91 9.89
12659.04 11.95
12660.20 8.97
12661.32 7.99
12662.45 9.99
12663.58 10.00
12664.74 8.00
12665.86 8.00
12666.98 9.50
12668.10 8.25
12669.22 8.62
12670.35 11.31
12671.52 11.16
12672.69 9.08
12673.81 9.04
12674.93 10.52
12676.10 9.26
12677.23 7.13
12678.36 9.06
12679.48 11.03
12680.64 9.02
12681.78 9.01
12682.90 9.50
12684.02 10.75
12685.18 12.88
12686.34 13.94
12687.51 14.47
12688.68 14.23
12689.85 14.12
12691.02 15.56
12692.18 15.78
12693.34 15.89
12694.50 16.44
12695.67 16.22
12696.84 16.11
12698.01 16.06
12699.17 17.03
12700.33 17.51
12701.50 17.76
12702.66 16.88
12703.82 16.94
12704.99 16.47
12706.16 17.23
12707.33 16.62
12708.50 17.81
12709.66 17.90
12710.82 17.95
12711.98 16.98
12713.15 16.49
12714.32 16.24
12715.49 16.62
12716.66 17.31
12717.82 16.66
12718.99 17.83
12720.16 18.41
12721.33 17.71
12722.50 16.85
12723.66 17.43
12724.82 16.71
12725.99 17.36
12727.16 16.68
12728.33 17.34
12729.50 16.67
12730.66 17.33
12731.82 17.67
12732.99 16.83
12734.16 17.42
12735.33 16.71
12736.50 16.35
12737.66 16.68
12738.83 17.84
12740.00 15.92
12741.15 16.96
12742.32 16.48
12743.49 17.74
12744.66 16.87
12745.82 16.93
12746.99 16.97
12748.15 17.48
12749.32 17.74
12750.49 18.37
12751.66 18.19
12752.82 18.09
12753.98 17.05
12755.14 16.52
12756.31 17.26
12757.48 17.63
12758.65 17.82
12759.82 18.41
12760.98 17.70
12762.14 16.85
12763.31 17.43
12764.48 17.71
12765.65 16.86
12766.82 17.43
12767.98 17.21
12769.16 16.11
12770.33 17.55
12771.50 17.28
12772.66 18.14
12773.83 17.57
12775.00 18.28
12776.15 18.14
12777.32 18.07
12778.49 17.04
12779.65 16.02
12780.81 16.01
12781.97 17.00
12783.12 16.50
12784.28 17.25
12785.45 17.13
12786.62 17.56
12787.79 18.28
12788.95 17.14
12790.12 17.57
12791.29 15.79
12792.46 18.39
12793.62 19.20
12794.79 17.10
12795.96 16.05
12797.12 16.02
12798.29 16.01
12799.45 16.01
12800.62 15.50
12801.79 17.25
12802.95 16.63
12804.12 17.31
12805.29 16.66
12806.46 15.83
12807.62 15.91
12808.79 15.96
12809.95 17.48
12811.11 18.74
12812.29 19.37
12813.45 19.68
12814.61 17.84
12815.79 17.92
12816.94 17.96
12818.11 16.48
12819.27 18.24
12820.43 17.12
12821.60 16.06
12822.75 15.53
12823.93 16.27
12825.10 16.13
12826.26 16.07
12827.42 15.53
12828.58 16.77
12829.75 15.88
12830.92 17.44
12832.08 17.72
12833.24 17.86
12834.40 16.43
12835.56 17.22
12836.73 18.11
12837.90 18.05
12839.06 19.03
12840.22 17.01
12841.38 17.01
12842.54 16.00
12843.69 16.50
12844.85 16.75
12846.01 16.38
12847.17 16.19
12848.34 17.59
12849.50 17.30
12850.66 17.65
12851.83 16.32
12852.99 17.66
12854.16 16.33
12855.32 16.17
12856.49 16.08
12857.65 16.04
12858.81 16.02
12859.97 18.51
12861.14 18.76
12862.30 17.38
12863.46 18.19
12864.63 19.09
12865.79 18.05
12866.95 18.52
12868.11 17.26
12869.28 18.13
12870.45 16.57
12871.62 16.78
12872.79 17.89
12873.94 15.95
12875.11 18.47
12876.28 18.74
12877.45 17.37
12878.62 17.18
12879.79 17.59
12880.94 17.80
12882.10 18.90
12883.26 16.45
12884.42 19.22
12885.59 19.11
12886.77 19.06
12887.93 19.53
12889.10 19.26
12890.26 18.13
12891.42 18.07
12892.58 19.53
12893.74 19.77
12894.92 17.88
12896.08 17.94
12897.24 16.47
12898.40 16.24
12899.56 15.62
12900.73 18.31
12901.90 19.65
12903.06 18.83
12904.22 17.41
12905.40 16.21
12906.56 15.60
12907.72 17.30
12908.88 17.15
12910.05 16.58
12911.21 16.29
12912.38 15.14
12913.54 15.07
12914.70 15.54
12915.86 18.27
12917.03 17.13
12918.19 18.57
12919.36 16.78
12920.53 17.39
12921.70 18.70
12922.86 16.85
12924.02 18.42
12925.19 16.71
12926.35 17.36
12927.52 18.68
12928.69 18.34
12929.86 18.67
12931.02 18.33
12932.18 17.67
12933.35 17.83
12934.51 17.42
12935.68 17.21
12936.85 18.60
12938.01 18.80
12939.16 18.40
12940.32 16.70
12941.48 15.85
12942.64 16.43
12943.81 16.21
12944.98 17.11
12946.14 15.55
12947.31 17.28
12948.49 18.64
12949.65 16.82
12950.82 16.41
12951.98 17.70
12953.14 17.85
12954.31 17.93
12955.48 19.46
12956.64 18.23
12957.82 18.62
12958.99 16.81
12960.15 16.40
12961.31 17.20
12962.47 16.60
12963.63 17.30
12964.79 16.65
12965.95 16.33
12967.12 18.66
12968.29 16.83
12969.46 17.42
12970.62 19.71
12971.79 17.85
12972.95 19.43
12974.12 18.21
12975.29 19.61
12976.46 18.80
12977.62 18.40
12978.78 19.20
12979.94 17.10
12981.10 18.05
12982.26 18.03
12983.42 19.51
12984.59 19.26
12985.77 20.13
12986.94 20.56
12988.10 20.78
12989.27 18.39
12990.43 19.20
12991.59 20.10
12992.75 20.55
12993.93 20.77
12995.09 20.89
12996.25 20.94
12997.41 19.47
12998.58 18.24
12999.74 19.12
13000.92 18.06
13002.08 18.03
13003.23 18.01
13004.39 18.01
13005.55 18.00
13006.70 18.00
13007.86 19.00
13009.02 19.00
13010.17 19.00
13011.32 18.00
13012.48 18.50
13013.64 18.25
13014.81 18.13
13015.98 18.06
13017.14 17.53
13018.31 17.77
13019.48 17.88
13020.64 16.94
13021.80 17.47
13022.96 16.74
13024.13 16.37
13025.30 18.18
13026.46 19.59
13027.62 18.80
13028.79 16.90
13029.94 18.45
13031.10 18.22
13032.26 17.11
13033.43 16.56
13034.60 17.78
13035.77 16.89
13036.94 16.94
13038.10 18.97
13039.26 19.49
13040.43 20.24
13041.60 20.62
13042.77 20.81
13043.94 19.91
13045.11 17.45
13046.27 18.23
13047.44 17.61
13048.61 18.31
13049.78 19.15
13050.94 17.58
13052.11 17.79
13053.28 19.39
13054.45 17.70
13055.61 16.85
13056.78 17.42
13057.94 19.21
13059.11 20.11
13060.28 21.05
13061.44 18.53
13062.61 19.76
13063.78 17.88
13064.94 19.44
13066.10 20.22
13067.27 19.11
13068.44 17.56
13069.61 17.78
13070.78 17.89
13071.94 18.94
13073.10 18.97
13074.26 19.49
13075.43 18.24
13076.61 16.62
13077.78 18.81
13078.94 18.41
13080.11 17.20
13081.27 17.10
13082.43 19.05
13083.59 19.53
13084.77 17.26
13085.94 14.13
13087.11 10.57
13088.28 7.78
13089.40 5.89
13090.52 3.95
13091.65 3.47
13092.78 3.74
