10256.73 1.47
10257.86 1.74
10258.99 2.87
10260.12 2.43
10261.24 2.72
10262.37 1.86
10263.50 0.93
10264.61 1.96
10265.74 52.98
10266.90 95.99
10268.06 122.00
10269.26 110.50
10270.46 82.75
10271.62 61.37
10272.79 46.69
10273.95 94.34
10275.11 125.67
10276.31 146.34
10277.52 119.17
10278.74 88.08
10279.90 65.54
10281.06 76.27
10282.22 115.64
10283.42 139.32
10284.63 154.16
10285.84 119.58
10287.04 88.79
10288.20 67.89
10289.36 95.45
10290.54 127.22
10291.74 147.61
10292.95 159.81
10294.16 120.40
10295.36 88.20
10296.52 67.60
10297.69 105.30
10298.89 133.65
10300.09 153.83
10301.29 139.91
10302.50 108.46
10303.70 81.73
10304.86 64.36
10306.03 108.68
10307.22 138.34
10308.43 156.67
10309.64 131.34
10310.85 99.67
10312.02 75.83
10313.18 79.92
10314.34 118.96
10315.55 144.98
10316.75 160.99
10317.96 127.49
10319.16 95.75
10320.33 72.37
10321.50 98.69
10322.66 130.84
10323.86 152.92
10325.06 164.46
10326.26 125.23
10327.47 95.12
10328.64 73.06
10329.80 98.03
10330.95 129.01
10332.16 150.51
10333.37 163.25
10334.58 124.63
10335.78 93.31
10336.95 70.66
10338.12 105.33
10339.34 134.66
10340.54 154.33
10341.75 144.67
10342.96 111.83
10344.16 84.42
10345.33 65.71
10346.50 110.35
10347.71 140.68
10348.92 158.84
10350.12 133.42
10351.33 102.71
10352.55 78.85
10353.71 85.43
10354.88 124.21
10356.08 149.11
10357.28 162.55
10358.48 128.78
10359.70 96.89
10360.86 73.94
10362.02 101.47
10363.22 133.74
10364.43 152.87
10365.63 165.93
10366.83 124.97
10368.03 93.98
10369.19 71.99
10370.35 108.00
10371.55 139.50
10372.75 158.25
10373.95 143.12
10375.17 109.56
10376.37 83.28
10377.55 67.14
10378.71 112.57
10379.91 142.29
10381.12 159.14
10382.34 133.07
10383.55 102.54
10384.75 78.77
10385.92 90.38
10387.08 125.69
10388.27 148.85
10389.48 162.42
10390.70 129.21
10391.90 96.11
10393.06 73.05
10394.22 82.53
10395.38 121.76
10396.58 147.38
10397.78 163.19
10398.98 128.60
10400.18 99.80
10401.34 77.40
10402.50 104.20
10403.70 135.60
10404.90 155.80
10406.09 166.40
10407.28 127.20
10408.48 95.10
10409.64 73.05
10410.80 107.52
10412.00 137.76
10413.20 158.38
10414.40 147.19
10415.60 113.10
10416.80 84.55
10417.96 66.27
10419.13 110.64
10420.34 140.32
10421.55 159.66
10422.75 135.83
10423.96 104.91
10425.16 80.46
10426.33 83.73
10427.50 123.36
10428.70 148.18
10429.90 163.09
10431.10 132.55
10432.30 101.27
10433.51 78.14
10434.69 104.07
10435.89 135.53
10437.09 155.77
10438.29 166.88
10439.49 126.94
10440.70 94.97
10441.86 72.49
10443.03 108.74
10444.23 138.37
10445.44 157.19
10446.65 144.09
10447.85 112.55
10449.06 84.27
10450.22 65.64
10451.38 111.32
10452.58 143.16
10453.78 161.08
10454.98 136.04
10456.18 104.02
10457.38 80.01
10458.55 87.00
10459.70 125.00
10460.89 150.00
10462.08 163.00
10463.26 171.50
10464.46 177.75
10465.67 181.38
10466.88 184.19
10468.08 184.09
10469.27 185.55
10470.48 186.77
10471.69 188.39
10472.89 189.69
10474.09 189.85
10475.29 188.92
10476.49 189.46
10477.70 188.73
10478.90 189.87
10480.10 188.93
10481.30 188.97
10482.50 189.98
10483.72 188.99
10484.92 190.00
10486.11 190.50
10487.31 189.25
10488.53 190.62
10489.74 189.81
10490.94 189.41
10492.15 190.70
10493.35 190.85
10494.55 192.43
