6243.45 1.19
6244.54 1.60
6245.62 1.80
6246.71 1.40
6247.80 2.70
6248.87 3.35
6249.96 2.17
6251.05 1.59
6252.13 45.79
6253.26 87.90
6254.38 116.95
6255.54 137.47
6256.71 103.74
6257.88 73.37
6259.01 51.68
6260.13 87.84
6261.26 119.42
6262.42 140.21
6263.59 151.61
6264.76 113.30
6265.92 80.15
6267.05 58.58
6268.17 92.29
6269.30 124.64
6270.46 143.32
6271.62 154.16
6272.80 116.08
6273.95 83.54
6275.08 64.77
6276.20 100.39
6277.36 130.19
6278.53 148.60
6279.69 157.30
6280.85 117.65
6282.02 86.82
6283.14 67.41
6284.26 101.21
6285.44 132.60
6286.60 150.80
6287.75 155.40
6288.91 118.70
6290.07 89.35
6291.19 68.18
6292.32 102.59
6293.50 133.29
6294.66 153.15
6295.83 153.57
6297.00 115.79
6298.15 87.89
6299.28 68.45
6300.41 104.72
6301.58 136.36
6302.74 155.18
6303.91 149.09
6305.07 114.05
6306.23 87.52
6307.36 68.76
6308.49 107.38
6309.65 136.19
6310.82 154.60
6311.98 148.30
6313.14 114.65
6314.31 88.32
6315.45 67.16
6316.58 97.58
6317.70 129.79
6318.86 150.90
6320.02 163.45
6321.18 126.72
6322.35 96.36
6323.48 73.18
6324.61 102.09
6325.77 132.05
6326.94 152.52
6328.10 163.26
6329.26 126.13
6330.43 95.57
6331.56 74.28
6332.69 105.14
6333.86 134.07
6335.02 154.54
6336.18 167.27
6337.35 128.13
6338.52 94.57
6339.65 74.28
6340.78 106.14
6341.94 138.07
6343.10 156.04
6344.26 166.02
6345.42 124.01
6346.58 93.00
6347.70 69.50
6348.82 104.25
6349.99 136.13
6351.16 153.56
6352.33 161.78
6353.50 122.39
6354.67 93.20
6355.79 70.60
6356.91 104.30
6358.07 133.15
6359.23 153.57
6360.40 158.79
6361.56 123.89
6362.73 93.95
6363.86 69.97
6364.98 105.49
6366.14 137.74
6367.31 157.87
6368.48 155.94
6369.65 120.47
6370.83 89.23
6371.95 70.62
6373.08 107.81
6374.24 137.40
6375.40 157.20
6376.56 154.60
6377.72 119.80
6378.88 90.40
6380.00 68.20
6381.11 96.10
6382.24 129.05
6383.40 149.53
6384.57 164.76
6385.74 128.88
6386.90 98.94
6388.02 76.47
6389.14 102.24
6390.31 133.62
6391.48 155.31
6392.65 168.15
6393.82 130.08
6394.98 98.54
6396.12 75.77
6397.25 103.38
6398.42 133.19
6399.58 155.10
6400.74 167.05
6401.90 131.52
6403.07 99.76
6404.18 76.38
6405.31 103.19
6406.48 134.10
6407.64 155.05
6408.81 167.52
6409.98 127.76
6411.14 96.88
6412.26 76.44
6413.39 104.72
6414.55 134.86
6415.71 156.43
6416.88 167.22
6418.05 130.11
6419.21 96.55
6420.34 75.28
6421.46 105.14
6422.63 134.07
6423.80 154.53
6424.96 168.27
6426.13 127.13
6427.30 96.07
6428.42 74.53
6429.54 106.27
6430.72 134.63
6431.89 155.32
6433.06 162.16
6434.22 125.08
6435.38 92.04
6436.50 71.02
6437.62 106.51
6438.79 137.25
6439.96 155.63
6441.13 159.81
6442.30 122.91
6443.46 91.95
6444.58 72.48
6445.71 107.74
6446.88 138.87
6448.04 156.93
6449.20 167.47
6450.36 172.73
6451.53 176.87
6452.70 181.43
6453.86 183.72
6455.02 184.36
6456.18 187.18
6457.35 188.09
6458.51 188.54
6459.68 188.77
6460.84 187.39
6462.01 189.19
6463.17 187.60
6464.33 188.30
6465.49 188.65
6466.66 188.82
6467.82 189.41
6468.99 189.71
6470.16 189.35
6471.33 189.18
6472.50 189.59
6473.66 187.79