0.0 -1.34267367192
1.13 -1.19938438677
2.26 -0.599692193387
3.39 -0.833200658069
4.51 -0.679297351802
5.64 -1.13570026004
6.77 -1.62925224221
7.88 -1.08263015443
9.01 25.9937377275
10.17 48.8191901502
11.33 62.6227246192
12.53 56.5196624741
13.73 41.7927081675
14.89 30.4463195882
16.06 22.6556280847
17.22 47.9435334076
18.38 64.5703974951
19.58 75.5399883246
20.79 61.1208406305
22.01 44.6213447965
23.17 32.6593429921
24.33 38.353765324
25.49 59.2474659025
26.69 71.8144669108
27.9 79.6900705832
29.11 61.3384280635
30.31 44.9981425463
31.47 33.9064904739
32.63 48.5326115799
33.81 65.392984132
35.01 76.2139786658
36.22 82.6885315502
37.43 61.7736029295
38.63 44.6850289232
39.79 33.7525871676
40.96 53.7600169824
42.16 68.8053919227
43.36 79.5149392347
44.56 72.1275805339
45.77 55.4370323197
46.97 41.2513930903
48.13 32.0331157459
49.3 55.553786552
50.49 71.2943798758
51.7 81.022130234
52.91 67.5794724832
54.12 50.7721700366
55.29 38.1202568593
56.45 40.2908241787
57.61 61.0093934087
58.82 74.8182348883
60.02 83.3147587964
61.23 65.5362734172
62.43 48.6918218967
63.6 36.2840312052
64.77 50.2520830016
65.93 67.3141219551
67.13 79.0320012737
68.33 85.156291461
69.53 64.3368890304
70.74 48.3574802314
71.91 36.6502149339
73.07 49.9018203046
74.22 66.3429390224
75.43 77.7530117285
76.64 84.5141431831
77.85 64.0184683968
79.05 47.3969113199
80.22 35.3765323993
81.39 53.7759380141
82.61 69.3413999894
83.81 79.7802897628
85.02 74.6537175609
86.23 57.2254948787
87.43 42.6789789312
88.6 32.7495621716
89.77 56.4400573157
90.98 72.5362203471
92.19 82.1737515258
93.39 68.6833306798
94.6 52.3855012471
95.82 39.7229740487
96.98 43.2149869978
98.15 63.7955739532
99.35 77.01003025
100.55 84.1426524439
101.75 66.2208777795
102.97 49.2968211007
104.13 37.1172318633
105.29 51.7274319376
106.49 68.8531550178
107.7 79.0054662209
108.9 85.9364220135
110.1 64.1989067558
111.3 47.7524810274
112.46 36.0823648039
113.62 55.1929098339
114.82 71.9099931009
116.02 81.8606379027
117.22 73.831130924
118.44 56.0208034814
119.64 42.0739797272
120.82 33.5084646818
121.98 57.6182136602
123.18 73.3906490474
124.39 82.3329618426
125.61 68.4975853102
126.82 52.2952820676
128.02 39.6805179642
129.19 45.8419572255
130.35 64.5810115162
131.54 76.8720479754
132.75 84.0736613066
133.97 66.4490792337
135.17 48.8828742769
136.33 36.6449079234
137.49 41.6759539351
138.65 62.4953563658
139.85 76.0919174229
141.05 84.4823011198
142.25 66.1253515894
143.45 50.8411611739
144.61 38.9534575174
145.77 53.1762458207
146.97 69.8402589821
148.17 80.5604203152
149.36 86.1858515098
150.55 65.3823701109
151.75 48.3468662103
152.91 36.6449079234
154.07 54.938173327
155.27 70.9865732633
156.47 81.92962904
157.67 75.9910842223
158.87 57.89948522
160.07 42.7479700685
161.23 33.046754763
162.4 56.593960622
163.61 72.3451679669
164.82 82.6089263918
166.02 69.962320225
167.23 53.5530435706
168.43 40.577402749
169.6 42.3127952025
170.77 63.3444780555
171.97 76.5164782678
173.17 84.4292310142
174.37 68.221620761
175.57 51.6212917264
176.78 39.3461762989
177.96 53.1072546834
179.16 69.8031099082
180.36 80.5444992836
181.56 86.4405880168
182.76 65.2443878363
183.97 48.277875073
185.13 36.347715332
186.3 55.5856286154
187.5 71.3103009075
188.71 81.2980947832
189.92 74.3459109484
191.12 57.6075996391
192.33 42.5993737728
193.49 32.7124130977
194.65 56.9548373401
195.85 73.8523589662
197.05 83.3625218914
198.25 70.0737674468
199.45 53.0807196306
200.65 40.3385872738
201.82 44.0481876559
202.97 64.2148277875
204.16 77.4823541899
205.35 84.3814679191
206.53 88.8924268959
207.73 92.2093084965
208.94 94.1357533301
210.15 95.6270232978
211.35 95.5739531922
212.54 96.3487767341
213.75 96.9962320225
214.96 97.8559677334
216.16 98.5458791063
217.36 98.6307912753
218.56 98.1372392931
219.76 98.4238178634
220.97 98.0364060924
222.17 98.6414052964
223.37 98.1425463037
224.57 98.1637743459
225.77 98.6997824126
226.99 98.174388367
228.19 98.7103964337
229.38 98.9757469617
230.58 98.3123706416
231.8 99.0394310885
233.01 98.609563233
234.21 98.3972828106
235.42 99.081887173
236.62 99.1614923314
237.82 100.0
