0.0 -1.51311184104
1.09 -1.29233751548
2.17 -1.18464272252
3.26 -1.40003230844
4.35 -0.700016154219
5.42 -0.350008077109
6.51 -0.985407355554
7.6 -1.29772225513
8.68 22.5028269883
9.81 45.1779656454
10.93 60.8206343223
12.09 71.8701200797
13.26 53.7073932475
14.43 37.3539389371
15.56 25.6744386409
16.68 45.1456572075
17.81 62.1506650153
18.97 73.3455387432
20.14 79.4841419417
21.31 58.8552043509
22.47 41.0047924183
23.6 29.3899089979
24.72 47.5418663508
25.85 64.9614991115
27.01 75.0201927737
28.17 80.8572505519
29.35 60.352161973
30.5 42.8302191589
31.63 32.7230628399
32.75 51.9035054655
33.91 67.9500296161
35.08 77.8633353077
36.24 82.5480588014
37.4 61.1975660977
38.57 44.5964137634
39.69 34.1446341069
40.81 52.3450541166
41.99 69.2477518712
43.15 79.0479780303
44.3 81.5249582683
45.46 61.7629637607
46.62 45.9587528943
47.74 34.5592590598
48.87 53.088148188
50.05 69.6192989069
51.21 80.3133918475
52.38 80.5395509127
53.55 60.1960045232
54.7 45.1725809057
55.83 34.7046470303
56.96 54.235097733
58.13 71.2724139788
59.29 81.406493996
60.46 78.1271875505
61.62 59.2590598245
62.78 44.9733455387
63.91 34.8715739594
65.04 55.6674384793
66.2 71.1808734048
67.37 81.0941790964
68.53 77.7017931183
69.69 59.5821442033
70.86 45.4041247106
72.0 34.0100156157
73.13 50.3903936245
74.25 67.7346400302
75.41 79.1018254267
76.57 85.8596736848
77.73 66.0815249583
78.9 49.7334553874
80.03 37.2516288837
81.16 52.8189112056
82.32 68.9515911906
83.49 79.9741532497
84.65 85.7573636315
85.81 65.763825319
86.98 49.3080609553
88.11 37.843950245
89.24 54.4612567982
90.41 70.0393085994
91.57 81.0618706586
92.73 87.9166442303
93.9 66.8407732486
95.07 48.7695869905
96.2 37.843950245
97.33 54.999730763
98.49 72.1932044586
99.65 81.8695816057
100.81 87.2435517743
101.97 64.6222605137
103.13 47.9241828658
104.25 35.2700446933
105.37 53.9820149696
106.54 71.1485649669
107.71 80.5341661731
108.88 84.9604221636
110.05 63.7499326908
111.22 48.0318776587
112.34 35.8623660546
113.46 54.0089386678
114.62 69.5439125518
115.78 80.5395509127
116.95 83.3503850089
118.11 64.5576436379
119.28 48.4357331323
120.41 35.5231274568
121.53 54.6497226859
122.69 72.0155080502
123.86 82.8549889613
125.03 81.8157342093
126.2 62.7160626784
127.38 45.8941360185
128.5 35.8731355339
129.63 55.8989822842
130.79 71.8324269022
131.95 82.4942114049
133.11 81.0941790964
134.27 62.355285122
135.43 46.5241505573
136.55 34.5700285391
137.66 49.5934521566
138.79 67.3361692962
139.95 78.364116095
141.12 86.5650745786
142.29 67.2446287222
143.45 51.1227182166
144.57 39.0232082279
145.69 52.8996823004
146.86 69.7969953153
148.03 81.4764956114
149.2 88.3905013193
150.37 67.8907974799
151.53 50.9073286307
152.67 38.6462764525
153.8 53.5135426202
154.97 69.5654515104
156.13 81.3634160788
157.29 87.798179958
158.45 68.6661999892
159.62 51.5642668677
160.73 38.9747455711
161.86 53.4112325669
163.03 70.0554628184
164.19 81.3364923806
165.36 88.0512627214
166.53 66.6415378816
167.69 50.0134618491
168.81 39.0070540089
169.94 54.235097733
171.1 70.4647030316
172.26 82.079586452
173.43 87.889720532
174.6 67.9069516989
175.76 49.8357654407
176.89 38.3824242098
178.01 54.4612567982
179.18 70.0393085994
180.35 81.0564859189
181.51 88.455118195
182.68 66.3022992838
183.85 49.5772979376
184.97 37.9785687362
186.09 55.0697323784
187.27 70.3408540197
188.44 81.4818803511
189.61 85.1650422702
190.77 65.198427656
191.93 47.4072478596
193.05 36.0885251198
194.17 55.19896613
195.34 71.7516558074
196.51 81.6488072802
197.68 83.899628453
198.85 64.0299391524
200.01 47.3587852027
201.13 36.8746971084
202.26 55.8612891067
203.43 72.6239836304
204.59 82.3488234344
205.75 88.0243390232
206.91 90.856712078
208.08 93.0859942922
209.25 95.5414355716
210.41 96.7745409509
211.57 97.1191642884
212.73 98.6376608691
213.9 99.1276721771
215.06 99.3699854612
216.23 99.4938344731
217.39 98.7507404017
218.56 99.7199935383
219.72 98.8638199343
220.88 99.2407517097
222.04 99.4292175973
223.21 99.5207581713
224.37 99.8384578106
225.54 100.0
226.71 99.8061493727
227.88 99.7146087987
229.05 99.9353831242
230.21 98.9661299876
