0.0 -0.978609625668
1.12 -0.486631016043
2.24 -0.245989304813
3.37 -1.19251336898
4.5 -1.66310160428
5.63 -0.83422459893
6.75 -1.48663101604
7.88 -1.54545454545
9.01 19.8181818182
10.17 43.8663101604
11.34 60.4331550802
12.54 68.9893048128
13.74 51.0695187166
14.9 36.2299465241
16.06 25.871657754
17.22 46.6256684492
18.39 63.6844919786
19.59 74.6256684492
20.8 69.128342246
22.01 51.1443850267
23.18 37.871657754
24.35 28.8288770053
25.52 52.1122994652
26.72 68.5721925134
27.93 78.4010695187
29.13 65.9411764706
30.35 49.8128342246
31.52 36.6737967914
32.68 36.5187165775
33.85 58.6310160428
35.05 72.8983957219
36.26 81.6363636364
37.47 64.3475935829
38.68 47.4171122995
39.85 35.4705882353
41.01 49.0213903743
42.18 66.486631016
43.39 77.6310160428
44.6 84.5347593583
45.8 63.3903743316
47.0 46.1336898396
48.17 34.8342245989
49.35 54.0481283422
50.55 70.3368983957
51.75 80.3582887701
52.95 74.1336898396
54.15 56.5882352941
55.35 42.1978609626
56.52 32.0588235294
57.68 55.6042780749
58.88 71.9197860963
60.08 81.679144385
61.29 69.1818181818
62.51 52.5080213904
63.72 39.3529411765
64.88 42.6737967914
66.04 63.0481283422
67.24 76.4438502674
68.44 84.4759358289
69.64 66.5721925134
70.84 50.128342246
72.0 38.1657754011
73.17 38.0695187166
74.35 60.743315508
75.55 75.0267379679
76.75 83.5026737968
77.95 66.614973262
79.15 49.8877005348
80.32 38.0427807487
81.49 51.3743315508
82.69 68.7379679144
83.9 80.0909090909
85.1 86.2994652406
86.3 65.0748663102
87.51 48.0481283422
88.68 36.320855615
89.85 55.5935828877
91.05 71.9144385027
92.25 81.679144385
93.46 75.3315508021
94.66 57.7219251337
95.87 43.2994652406
97.03 33.1443850267
98.2 56.679144385
99.4 73.2620320856
100.6 82.6203208556
101.8 69.6524064171
103.0 53.0053475936
104.21 40.1390374332
105.37 43.5989304813
106.54 64.0481283422
107.75 77.2085561497
108.95 85.128342246
110.15 66.8983957219
111.35 50.8288770053
112.51 38.7807486631
113.68 52.8128342246
114.88 69.9893048128
116.08 80.7165775401
117.28 87.4171122995
118.5 65.6363636364
119.71 48.5935828877
120.88 36.8609625668
122.04 56.6684491979
123.24 72.7165775401
124.45 82.3475935829
125.65 74.3315508021
126.84 56.9518716578
128.04 43.449197861
129.21 33.7540106952
130.38 57.5187165775
131.58 73.679144385
132.79 83.0962566845
133.99 69.6256684492
135.2 52.9946524064
136.4 40.1336898396
137.56 31.5614973262
138.72 56.6898395722
139.92 73.2673796791
141.12 83.1550802139
142.34 69.6524064171
143.54 52.743315508
144.75 40.0053475936
145.92 46.743315508
147.08 65.8823529412
148.28 78.3957219251
149.48 85.9893048128
150.68 67.5935828877
151.88 50.6417112299
153.04 38.1550802139
154.2 53.0374331551
155.41 69.8342245989
156.61 81.1711229947
157.81 86.3101604278
159.01 65.0802139037
160.21 48.0481283422
161.38 36.320855615
162.55 56.6631016043
163.75 72.7165775401
164.95 82.614973262
166.15 75.0
167.36 57.8181818182
168.57 43.3475935829
169.72 33.7058823529
170.88 57.7647058824
172.08 74.0695187166
173.28 83.8235294118
174.5 69.9893048128
175.71 53.4438502674
176.91 40.8930481283
178.07 46.3796791444
179.24 65.7058823529
180.44 78.3048128342
181.64 85.9465240642
182.84 67.5721925134
184.05 50.3636363636
185.22 38.2834224599
186.39 53.6310160428
187.59 70.6684491979
188.8 81.320855615
190.0 83.9786096257
191.2 63.9144385027
192.41 47.7326203209
193.57 36.4331550802
194.74 57.2513368984
195.93 73.0106951872
197.13 83.0320855615
198.34 74.4010695187
199.55 57.256684492
200.75 43.5989304813
201.92 33.2994652406
203.08 58.0909090909
204.29 74.2352941176
205.51 83.9090909091
206.72 89.5454545455
207.92 92.6363636364
209.12 94.4438502674
210.34 95.8877005348
211.55 96.6042780749
212.75 97.5026737968
213.95 97.679144385
215.15 98.0374331551
216.36 98.486631016
217.56 98.4385026738
218.76 98.9518716578
219.95 99.2085561497
221.15 99.3368983957
222.35 99.1336898396
223.55 99.2994652406
224.75 99.6524064171
225.96 99.5561497326
227.16 99.7807486631
228.36 99.8877005348
229.56 99.679144385
230.76 99.8395721925
231.95 99.9197860963
233.15 99.9572192513
234.35 99.9786096257
235.55 99.9893048128
236.75 99.9946524064
237.95 100.0
