0.0 -1.03543979505
1.11 -0.784585824082
2.24 -0.923356105892
3.36 -1.53181041845
4.49 -1.03010247652
5.61 -1.3183176772
6.74 -1.72395388557
7.86 -1.93210930828
8.98 15.3127668659
10.15 40.4835610589
11.31 58.1340734415
12.51 69.6306575576
13.71 52.1616140051
14.92 37.2918445773
16.09 26.6492314261
17.25 45.6180614859
18.41 62.8362510675
19.63 73.8524765158
20.83 71.6161400512
22.04 53.688087105
23.25 38.8556789069
24.41 29.0350128096
25.57 51.3450042699
26.77 67.8373185312
27.97 77.9515371477
29.17 67.5277540564
30.39 50.3095644748
31.55 37.4306148591
32.71 28.0582835184
33.88 53.7894961571
35.08 70.3938941076
36.28 80.0330913749
37.49 64.8324081981
38.69 48.6976942784
39.86 36.0909479078
41.03 45.799530316
42.19 64.2613151153
43.39 76.4304013664
44.6 83.5824081981
45.8 63.9410760034
47.0 46.915029889
48.16 35.7333475662
49.33 52.2950469684
50.54 68.579205807
51.74 79.1204099061
52.95 77.9888983775
54.15 59.2762596072
55.35 44.0488898377
56.51 33.2354824936
57.68 55.043766012
58.89 71.0236976943
60.1 81.1432536294
61.29 71.2638770282
62.5 53.7788215201
63.71 41.0333048676
64.87 31.1912894962
66.04 56.4261315115
67.25 72.779675491
68.46 82.2907771136
69.67 66.7645175064
70.87 50.7258753202
72.03 38.706233988
73.19 29.4940222032
74.36 55.3106319385
75.57 71.9577284372
76.78 82.1466695132
77.99 66.9566609735
79.19 50.8272843723
80.36 38.2205380017
81.53 47.9344577284
82.7 66.3962425278
83.9 78.2984628523
85.1 85.5839026473
86.3 66.5456874466
87.51 49.2847993168
88.67 36.9182322801
89.84 53.9496157131
91.03 70.4739538856
92.23 80.8710503843
93.44 80.1985482494
94.66 60.9148163962
95.87 45.6714346712
97.03 35.108881298
98.19 56.5168659266
99.39 72.5608454313
100.61 82.1786934244
101.81 71.7815969257
103.02 54.5687446627
104.22 41.6951323655
105.39 32.5896669513
106.55 57.6590520922
107.74 73.6656703672
108.94 83.2675064048
110.14 67.7839453459
111.33 51.7719897523
112.52 39.2292912041
113.68 48.7030315969
114.85 67.0527327071
116.05 79.1577711358
117.24 86.0162254483
118.47 67.0260461144
119.67 49.7918445773
120.84 37.4359521776
122.01 54.4780102477
123.21 71.0076857387
124.41 81.4047822374
125.63 79.1310845431
126.84 60.6479504697
128.05 45.2657984629
129.2 34.6445345858
130.37 56.8157557643
131.59 72.7102903501
132.8 82.787147737
134.01 71.5520922289
135.21 54.7235269001
136.42 41.2361229718
137.59 32.0932963279
138.76 55.5454739539
139.97 72.3366780529
141.18 82.3388129804
142.39 70.7888556789
143.6 54.3445772844
144.8 40.7824508967
145.98 38.8023057216
147.14 61.565969257
148.34 76.1528608027
149.55 84.5111016225
150.75 67.8746797609
151.95 51.0140905209
153.11 38.5834756618
154.27 50.5177198975
155.43 68.488471392
156.65 80.145175064
157.85 86.7741246798
159.05 66.6043979505
160.24 49.316823228
161.4 37.2011101623
162.56 55.1611870196
163.77 71.6108027327
164.98 81.9758753202
166.18 78.346498719
167.39 59.7245943638
168.59 45.3405209223
169.76 34.4096925705
170.93 57.2374039283
172.13 73.1853116994
173.33 82.7604611443
174.53 71.5360802733
175.73 54.712852263
176.94 41.7698548249
178.11 37.6974807857
179.27 60.7440222032
180.47 76.0087532024
181.68 84.4363791631
182.88 68.1041844577
184.08 51.6652433817
185.28 39.1759180188
186.43 51.3450042699
187.64 68.9047822374
188.84 80.0864645602
190.04 86.7474380871
191.25 65.7877882152
192.46 49.1727156277
193.63 37.1317250213
194.79 56.4581554227
195.99 72.2619555935
197.19 82.5683176772
198.39 76.5104611443
199.61 58.8012382579
200.82 44.3477796755
201.98 34.1801878736
203.14 57.6537147737
204.34 73.6603330487
205.54 83.2675064048
206.74 89.1332194705
207.93 92.3356105892
209.12 94.4705380017
210.31 95.8048676345
211.51 96.7388983775
212.71 97.2085824082
213.92 97.7049530316
215.12 98.2226729291
216.31 98.2173356106
217.51 98.2119982921
218.71 98.4735269001
219.91 98.6069598634
221.11 98.9432109308
222.31 99.1086678053
223.51 99.1887275833
224.71 99.2314261315
225.91 99.5196413322
227.11 99.396883006
228.31 99.6050384287
229.52 99.7064474808
230.73 99.7544833476
231.93 99.5143040137
233.14 99.6637489325
234.34 100.0
235.55 99.6370623399
236.75 99.9893253629
237.95 99.6317250213
