0.0 0.219943443115
1.08 0.25422034334
2.16 0.268502385101
3.24 0.13425119255
4.32 0.211374218058
5.41 0.391327944243
6.5 0.194235767945
7.58 0.23993830158
8.66 34.3968693764
9.83 57.7594332886
10.99 44.0201091148
12.17 53.1434773915
13.33 68.8480105116
14.5 57.9879459568
15.66 42.4205204376
16.83 62.7695735382
18.0 75.9461852666
19.16 55.6828244166
20.33 63.8321574452
21.5 76.1889799766
22.66 62.3753891856
23.83 45.7539489845
25.0 65.865920192
26.16 75.0664114942
27.33 55.6713987832
28.49 66.5400325631
29.65 78.1141992059
30.82 62.7667171299
31.98 46.5223228313
33.14 34.5425462024
34.31 43.2660173098
35.48 65.1918078208
36.64 78.4426861664
37.82 85.4951583878
38.99 66.3115198949
40.16 48.7246136708
41.33 67.6368933703
42.5 80.0908337856
43.66 60.4701648148
44.82 66.0830072267
46.0 78.171327373
47.16 65.0804078951
48.33 48.9645519723
49.5 68.6137850267
50.67 80.2936387786
51.83 59.7132166014
53.0 68.705190094
54.16 80.053700477
55.33 64.8776029021
56.5 48.5789368448
57.66 36.5705961324
58.82 41.2808135051
59.99 64.9147362107
61.16 78.5883629924
62.34 86.5663115199
63.5 67.8482675883
64.66 50.4927304407
65.83 37.8131337656
67.0 50.7555200091
68.16 69.9391585021
69.33 61.818389557
70.5 47.4763632209
71.67 67.4426576023
72.84 79.850895484
74.01 86.9147933389
75.19 91.0165957325
76.35 66.6457196721
77.52 48.3190036848
78.69 35.8707760861
79.86 59.6389499843
81.03 75.8062212574
82.19 59.1847810563
83.35 57.1567311263
84.52 73.7096175269
85.68 83.6984775343
86.85 89.2656174127
88.02 69.7706304093
89.19 51.5953040647
90.36 38.6500614128
91.53 51.0325916193
92.7 70.6475477734
93.87 82.1674426576
95.04 88.7857408095
96.2 68.5309491845
97.36 50.8326430346
98.53 70.9760347339
99.7 68.1938929989
100.86 52.806421206
102.03 69.1050872633
103.2 81.2562483933
104.36 63.0495015567
105.53 46.9507840841
106.7 68.0339341312
107.87 74.577965666
109.03 56.9996286669
110.2 42.6376074724
111.37 32.6030449313
112.54 58.2907252421
113.71 74.8464680511
114.87 58.1336227827
116.04 62.7724299466
117.21 76.6602873547
118.38 85.1752406524
119.55 89.8597503499
120.72 69.3535947899
121.88 51.1011454197
123.04 71.1102859265
124.21 68.8308720615
125.38 53.4119797766
126.54 40.558142192
127.71 31.5633122911
128.88 59.3418835157
130.04 75.8005084407
131.21 84.8895998172
132.38 73.7210431603
133.54 55.4286040732
134.7 41.8520951755
135.86 32.2088605787
137.04 59.6646576595
138.2 76.3917849696
139.37 85.6122711303
140.54 81.2248279014
141.71 60.7500928333
142.88 44.9427290125
144.05 34.0398183324
145.22 59.8674626525
146.4 76.2061184267
147.56 58.5278071353
148.72 66.2543917278
149.89 79.1139421292
151.06 86.4034962438
152.23 90.9023393984
153.41 69.3021794396
154.57 51.2182581622
155.74 38.3215744523
156.91 56.5797366391
158.07 73.8495815362
159.23 61.6327230141
160.41 46.9536404924
161.57 68.4652517924
162.74 81.0791510754
163.92 87.954525979
165.08 73.8267302694
166.25 55.337199006
167.43 72.0871775829
168.6 83.3157188152
169.76 62.938101631
170.93 46.6080150818
172.1 68.5795081265
173.26 67.7083035791
174.42 52.563626496
175.58 40.2782141735
176.74 31.2805278643
177.92 58.7706018452
179.09 75.3749035962
180.26 57.3966694279
181.44 68.1167699734
182.6 79.9023108344
183.76 87.0833214316
184.93 91.38507241
186.1 68.8308720615
187.28 50.4098945985
188.44 37.7731440487
189.6 58.1621868662
190.76 74.6408066497
191.94 61.0300208518
193.1 46.3680767803
194.28 68.4566825673
195.44 81.0734382587
196.61 88.3829872319
197.78 72.1842954669
198.95 54.0860921477
200.12 71.747264989
201.29 82.7187294696
202.46 62.3525379188
203.62 46.1738410123
204.79 68.3595646834
205.95 65.1718129624
207.12 51.1525607701
208.28 39.2870404753
209.45 30.6406923934
210.61 58.7391813534
211.79 67.9311034305
212.95 53.1034876746
214.12 67.3969550687
215.29 79.9737210432
216.46 86.9747779143
217.63 91.4736210689
218.8 67.7311548459
219.96 49.7186437773
221.12 37.1418778029
222.28 58.9905452884
223.45 75.4834471136
224.62 60.7358107915
225.78 45.7910822931
226.96 68.1710417321
228.12 66.07729441
229.29 51.6038732897
230.45 68.5052415093
231.61 80.8135050987
232.78 63.1151989488
233.95 54.6945071267
235.12 72.90696678
236.3 83.7270416179
237.47 89.5655402896
238.63 75.7748007655
239.8 56.8825159245
240.96 72.7155874204
242.13 83.4871033163
243.3 63.7378959696
244.46 47.7220143392
245.62 36.144991288
246.79 57.4909309035
247.96 74.732211717
249.13 84.6410922906
250.31 89.8797452084
251.47 66.6485760804
252.64 71.1702705019
253.8 81.8589505556
254.96 68.2081750407
256.13 51.5296066726
257.3 70.6104144649
258.46 82.4359450427
259.62 61.7841126567
260.78 70.0248507527
261.95 81.4276328944
263.11 66.5657402382
264.28 50.2784998143
265.44 69.9848610357
266.6 75.8376417493
267.76 57.9136793396
268.93 56.6654288897
270.1 73.7496072439
271.27 66.0087406096
272.43 50.8583507098
273.59 38.8528664058
274.75 30.280784941
275.92 58.8448684624
277.08 64.2691879231
278.23 50.8440686681
279.4 66.5543146048
280.55 79.6937930247
281.7 63.9835470879
282.86 47.9876603159
284.02 68.8394412865
285.18 81.2648176183
286.34 88.1916078723
287.5 72.8041360793
288.67 54.6830814933
289.84 41.1951212545
291.01 31.8803736182
292.18 60.7843697335
293.34 62.3839584107
294.5 49.6158130766
295.66 67.3683909852
296.84 79.9594390014
298.01 62.686737696
299.18 53.0520723243
300.35 71.9443571653
301.52 82.9586677711
302.69 89.4684224057
303.86 75.5834214059
305.03 56.6425776229
306.19 42.6033305721
307.36 33.1571881516
308.52 60.9957439516
309.69 65.9173355423
310.86 52.0951755263
312.03 67.7511497044
313.2 80.2936387786
314.36 87.4203776172
315.52 91.8392413379
316.69 67.7711445628
317.86 49.7386386358
319.02 37.2961238539
320.2 59.9217344112
321.36 75.949041675
322.52 60.6843954412
323.69 47.3363992116
324.86 69.0850924048
326.02 65.1061155703
327.19 50.6926790254
328.36 69.0479590962
329.53 81.2276843097
330.7 62.6067582622
331.86 63.4379730926
333.03 77.2801279671
334.2 85.9121940073
335.36 90.6595446885
336.53 75.1778114199
337.7 56.156988203
338.86 42.2177154446
340.02 32.6773115485
341.18 60.6129852324
342.34 64.5833928418
343.5 51.0011711274
344.66 67.3455397184
345.83 80.0908337856
347.0 63.1808963409
348.16 47.5877631466
349.32 69.0679539547
350.48 81.6647147876
351.64 88.5343768745
352.81 71.8301008312
353.98 53.9118512383
355.15 72.2299980005
356.32 80.2450798366
357.48 60.5472878403
358.64 44.9827187295
359.81 34.2026336085
360.98 58.9476991631
362.15 75.3206318375
363.32 84.7896255249
364.49 80.0994030107
365.66 60.4730212231
366.82 63.943557371
368.0 77.9599531549
369.16 67.1141706418
370.33 51.4096375218
371.5 38.9871175983
372.66 30.2065183239
373.83 59.3761604159
374.99 62.3953840441
376.16 49.6215258933
377.33 67.2284269759
378.5 80.0308492102
379.67 87.288982833
380.84 89.3455968465
382.0 66.0972892685
383.16 48.1876089006
384.32 36.3763603645
385.49 60.0331343369
386.65 76.1489902596
387.82 59.9245908195
388.99 61.6698563227
390.16 76.3946413779
391.33 85.6122711303
392.5 90.6509754635
393.66 70.7475220658
394.83 52.5122111457
396.0 72.1014596247
397.16 70.8989117084
398.33 55.0172812705
399.5 64.2120597561
400.66 78.3798451827
401.82 66.6114427719
402.98 50.5869919164
404.14 38.432974378
405.31 29.7866262961
406.48 59.596103859
407.64 60.9329029678
408.81 48.3190036848
409.98 67.0056271245
411.15 80.0622697021
412.32 87.4460852924
413.49 84.855322917
414.65 63.1380502157
415.81 72.8441257962
416.98 82.981519038
418.14 66.6257248136
419.31 50.1670998886
420.48 38.0787797424
421.64 48.7474649376
422.82 69.5049844326
423.99 81.4533405696
425.16 88.1430489303
426.32 68.9222771287
427.49 51.4581964638
428.65 71.5730240795
429.82 69.207917964
430.99 53.7404667371
432.16 64.4320031992
433.33 78.3484246908
434.5 65.8802022337
435.66 50.2213716473
436.83 69.670656117
438.0 78.5398040504
439.17 59.693221743
440.34 70.1219686366
441.51 81.3333714188
442.68 65.8030792082
443.85 49.7557770859
445.02 70.1505327202
446.19 71.6387214716
447.34 55.2429375303
448.51 69.3250307064
449.68 80.9363306578
450.85 64.4605672827
452.02 48.6560598703
453.19 69.7449227342
454.35 68.2910108829
455.51 53.1406209832
456.67 40.5667114171
457.83 31.5661686995
459.0 58.7734582536
460.17 75.3749035962
461.34 57.2538490103
462.51 67.4740780942
463.68 79.5823930989
464.86 65.3546230969
466.02 49.2444799909
467.18 37.3332571624
468.34 42.0891770688
469.52 65.7488074495
470.69 79.291039447
471.86 87.2032905824
473.03 91.4479133937
474.2 93.7101888086
475.36 95.4154645948
476.53 96.552315119
477.7 97.2635607987
478.87 97.3321145991
480.04 97.6548887429
481.2 97.9576680282
482.36 97.9662372533
483.53 97.9690936616
484.7 98.2575909052
485.86 98.5460881488
487.02 98.5460881488
488.18 98.6889085664
489.35 98.47467794
490.52 98.5089548402
491.69 98.5289496986
492.86 98.6803393413
494.03 98.7546059585
495.2 98.6517752578
496.36 98.7403239167
497.54 98.7860264503
498.71 98.9516981348
499.88 99.034533977
501.05 98.9345596847
502.23 98.8831443343
503.41 98.8574366591
504.58 98.7003341998
505.75 99.0516724271
506.92 99.2287697449
508.09 99.0288211603
509.27 99.2173441115
510.44 99.3087491788
511.61 99.3573081208
512.78 99.23733897
513.96 99.1773543946
515.13 99.1459339027
516.3 99.131651861
517.46 98.9831186266
518.63 99.1916364363
519.8 99.2973235454
520.98 99.2087748865
522.16 99.0202519352
523.33 99.0688108772
524.5 99.2344825616
525.67 99.3201748122
526.84 99.3601645291
528.01 99.3830157959
529.19 99.5344054386
530.36 99.3258876289
531.53 99.3658773458
532.71 99.3830157959
533.88 99.2516210117
535.05 99.3258876289
536.22 99.2230569282
537.4 99.1687851695
538.56 99.285897912
539.73 99.2030620698
540.9 99.3030363621
542.07 99.2087748865
543.25 99.1630723528
544.42 99.2830415036
545.58 99.2002056614
546.75 99.3030363621
547.92 99.2087748865
549.09 99.448713188
550.27 99.4258619212
551.44 99.2716158702
552.6 99.3373132623
553.77 99.2287697449
554.95 99.1716415779
556.12 99.1459339027
557.28 99.2744722786
558.45 99.3373132623
559.61 99.3715901625
560.78 99.2430517867
561.95 99.4658516382
563.12 99.4344311463
564.29 99.4201491045
565.46 99.5544002971
566.63 99.334456854
567.8 99.2259133366
568.97 99.1716415779
570.14 99.2887543203
571.31 99.3458824874
572.48 99.2316261533
573.64 99.1744979862
574.8 99.2887543203
575.96 99.488702905
577.13 99.3030363621
578.31 99.3515953041
579.48 99.3773029792
580.64 99.391585021
581.81 99.3972978377
582.98 99.4001542461
584.15 99.2573338284
585.32 99.3316004456
586.5 99.3658773458
587.67 99.3858722043
588.84 99.537261847
590.0 99.4687080465
591.17 99.294467137
592.35 99.2059184781
593.52 99.3030363621
594.7 99.2116312948
595.88 99.3058927704
597.04 99.3544517124
598.21 99.3801593876
599.4 99.391585021
600.56 99.3972978377
601.72 99.2573338284
602.9 99.043103202
604.07 99.2230569282
605.24 99.4572824131
606.42 99.4287183296
607.58 99.4172926962
608.75 99.4087234711
609.92 99.5486874804
611.09 99.6200976892
612.27 99.5115541718
613.44 99.3144619955
614.6 99.5001285384
615.77 99.3087491788
616.94 99.2144877032
618.12 99.3087491788
619.29 99.3544517124
620.46 99.23733897
621.63 99.3201748122
622.8 99.2173441115
623.97 99.1687851695
625.15 99.285897912
626.32 99.343026079
627.48 99.5172669885
628.64 99.4601388214
629.81 99.2887543203
630.98 99.488702905
632.15 99.4458567797
633.32 99.2801850953
634.49 99.343026079
635.66 99.3715901625
636.84 99.3887286126
638.0 99.6800822646
639.16 99.6857950813
640.33 99.6857950813
641.5 99.545831072
642.66 99.3316004456
643.83 99.2230569282
645.0 99.3144619955
646.17 99.5001285384
647.34 99.3087491788
648.51 99.2144877032
649.68 99.3087491788
650.85 99.3544517124
652.02 99.3801593876
653.2 99.391585021
654.36 99.3972978377
655.53 99.4001542461
656.7 99.4001542461
657.86 99.4030106544
659.02 99.2601902368
660.19 99.188780028
661.36 99.4372875546
662.53 99.5629695221
663.7 99.3401696707
664.87 99.3715901625
666.04 99.3887286126
667.21 99.3944414293
668.39 99.5429746637
669.56 99.3287440372
670.73 99.2230569282
671.91 99.4572824131
673.08 99.4287183296
674.25 99.2744722786
675.42 99.1944928447
676.59 99.4430003713
677.76 99.4230055129
678.93 99.4115798795
680.1 99.2659030535
681.27 99.334456854
682.44 99.3687337542
683.6 99.3858722043
684.76 99.3944414293
685.93 99.2544774201
687.1 99.1859236196
688.27 99.4372875546
689.44 99.2773286869
690.61 99.3401696707
691.78 99.2287697449
692.95 99.4601388214
694.12 99.5743951555
695.28 99.6315233226
696.44 99.5172669885
697.6 99.3173184038
698.76 99.5029849467
699.93 99.3087491788
701.1 99.2144877032
702.27 99.3087491788
703.44 99.2116312948
704.6 99.3087491788
705.77 99.2116312948
706.95 99.4515695964
708.12 99.4258619212
709.29 99.4144362878
710.45 99.2659030535
711.62 99.4772772716
712.8 99.5829643806
713.96 99.6372361393
715.14 99.3773029792
716.32 99.5315490302
717.48 99.6115284641
718.65 99.3630209375
719.82 99.3830157959
720.99 99.3944414293
722.16 99.3972978377
723.32 99.2573338284
724.49 99.4744208632
725.66 99.294467137
726.83 99.3487388957
728.0 99.5201233968
729.16 99.3173184038
730.33 99.6458053643
731.5 99.6686566312
732.67 99.6772258562
733.84 99.3972978377
735.0 99.2573338284
736.16 99.188780028
737.34 99.1516467194
738.51 99.2773286869
739.68 99.197349253
740.85 99.1573595361
742.02 99.4230055129
743.19 99.2716158702
744.36 99.4801336799
745.53 99.2973235454
746.71 99.2087748865
747.88 99.1630723528
749.05 99.5686823388
750.22 99.6286669142
751.4 99.6572309977
752.56 99.5315490302
753.73 99.4658516382
754.91 99.4344311463
756.08 99.4201491045
757.26 99.6972207147
758.43 99.5486874804
759.6 99.6200976892
760.76 99.6543745894
761.93 99.3858722043
763.1 99.2516210117
764.27 99.4687080465
765.44 99.4372875546
766.6 99.5629695221
767.77 99.4829900883
768.94 99.4430003713
770.12 99.7086463481
771.28 99.5544002971
772.45 99.3373132623
773.62 99.083092919
774.79 99.3858722043
775.96 99.537261847
777.13 99.6143848725
778.31 99.651518181
779.48 99.5258362135
780.64 99.4658516382
781.82 99.4344311463
783.0 99.131651861
784.16 99.2687594619
785.33 99.334456854
786.5 99.5115541718
787.67 99.4572824131
788.84 99.4315747379
790.01 99.5601131138
791.19 99.4801336799
792.36 99.4430003713
793.53 99.2801850953
794.71 99.0545288354
795.88 99.2287697449
797.05 99.3173184038
798.22 99.5029849467
799.4 99.4515695964
800.56 99.4287183296
801.72 99.4144362878
802.89 99.5515438887
804.06 99.6200976892
805.23 99.6543745894
806.4 99.8143334571
807.56 99.7514924734
808.74 99.5772515639
809.92 99.4915593133
811.09 99.4458567797
812.26 99.5686823388
813.44 99.4858464966
814.6 99.4430003713
815.77 99.4230055129
816.94 99.5572567054
818.11 99.4801336799
819.28 99.5829643806
820.45 99.4944157217
821.62 99.448713188
822.8 99.4258619212
823.96 99.4144362878
825.12 99.4087234711
826.29 99.4058670628
827.46 99.4030106544
828.61 99.4030106544
829.77 99.4030106544
830.93 99.545831072
832.1 99.7600616984
833.27 99.5829643806
834.44 99.4915593133
835.61 99.5915336056
836.78 99.3544517124
837.95 99.5201233968
839.12 99.4629952298
840.29 99.5743951555
841.45 99.488702905
842.61 99.1602159445
843.79 99.4258619212
844.96 99.2716158702
846.13 99.3373132623
847.3 99.3687337542
848.46 99.3858722043
849.63 99.2516210117
850.8 99.3287440372
851.97 99.5086977634
853.14 99.4544260047
854.31 99.1430774944
855.48 99.2744722786
856.64 99.6229540975
857.81 99.5144105801
858.99 99.4572824131
860.16 99.5743951555
861.32 99.6315233226
862.48 99.8029078237
863.64 99.6029592391
864.81 99.5029849467
865.99 99.4515695964
867.16 99.5715387472
868.32 99.6286669142
869.49 99.5172669885
870.65 99.4601388214
871.82 99.5743951555
872.99 99.3458824874
874.16 99.6600874061
875.32 99.6743694479
876.49 99.537261847
877.65 99.6143848725
878.82 99.7943385986
879.99 99.74006684
881.16 99.5715387472
882.32 99.488702905
883.49 99.3030363621
884.66 99.6372361393
885.83 99.6629438144
887.0 99.6772258562
888.16 99.5401182553
889.33 99.4715644549
890.5 99.5801079722
891.67 99.7772001485
892.84 99.7314976149
894.01 99.5686823388
895.19 99.4858464966
896.36 99.4430003713
897.53 99.5658259305
898.7 99.4858464966
899.87 99.5858207889
901.04 99.6372361393
902.2 99.6629438144
903.38 99.6772258562
904.55 99.5401182553
905.72 99.7572052901
906.9 99.7229283898
908.07 99.5629695221
909.24 99.6258105059
910.41 99.8000514154
911.58 99.6001028307
912.75 99.7886257819
913.92 99.7372104316
915.1 99.7143591648
916.26 99.700077123
917.43 99.6943643063
918.59 99.5486874804
919.76 99.7629181068
920.94 99.5829643806
922.12 99.6343797309
923.29 99.5201233968
924.46 99.3173184038
925.62 99.5029849467
926.79 99.74006684
927.96 99.5715387472
929.13 99.4858464966
930.3 99.7314976149
931.47 99.8514667657
932.64 99.7714873318
933.81 99.3001799537
934.98 99.3515953041
936.15 99.6629438144
937.32 99.5344054386
938.49 99.4687080465
939.66 99.5772515639
940.83 99.6343797309
942.0 99.5172669885
943.16 99.4601388214
944.33 99.4315747379
945.5 99.5601131138
946.67 99.4829900883
947.84 99.5858207889
949.01 99.4944157217
950.19 99.448713188
951.37 99.4258619212
952.54 99.5572567054
953.72 99.4801336799
954.89 99.440143963
956.07 99.4230055129
957.24 99.4115798795
958.41 99.5515438887
959.58 99.4772772716
960.76 99.5829643806
961.93 99.7772001485
963.11 99.7343540233
964.28 99.4258619212
965.44 99.4144362878
966.6 99.4087234711
967.76 99.4058670628
968.93 99.4030106544
970.09 99.545831072
971.26 99.6172412808
972.43 99.5115541718
973.6 99.4572824131
974.76 99.7143591648
975.93 99.7029335314
977.1 99.5515438887
978.27 99.4772772716
979.44 99.440143963
980.6 99.4230055129
981.77 99.4115798795
982.94 99.6943643063
984.11 99.4058670628
985.28 99.545831072
986.44 99.6172412808
987.61 99.5115541718
988.79 99.4572824131
989.96 99.4287183296
991.12 99.4172926962
992.29 99.5515438887
993.46 99.4772772716
994.63 99.440143963
995.8 99.7086463481
996.96 99.6972207147
998.13 99.8371847239
999.31 99.7629181068
1000.48 99.5829643806
1001.65 99.4915593133
1002.83 99.448713188
1004.0 99.140221086
1005.16 99.2716158702
1006.34 99.4801336799
1007.51 99.440143963
1008.68 99.4230055129
1009.85 99.4115798795
1011.02 99.5515438887
1012.2 99.4772772716
1013.37 99.5829643806
1014.54 99.4915593133
1015.72 99.448713188
1016.9 99.4258619212
1018.06 99.4144362878
1019.24 99.5515438887
1020.41 99.4772772716
1021.58 99.5829643806
1022.76 99.6343797309
1023.93 99.5201233968
1025.11 99.4601388214
1026.28 99.7172155731
1027.44 99.5601131138
1028.61 99.6258105059
1029.79 99.8000514154
1030.96 99.7429232483
1032.13 99.7172155731
1033.3 99.5601131138
1034.47 99.6229540975
1035.64 99.5144105801
1036.81 99.4572824131
1037.99 99.4315747379
1039.16 99.4172926962
1040.32 99.4087234711
1041.49 99.4058670628
1042.65 99.1202262275
1043.82 99.4030106544
1044.98 99.4030106544
1046.14 99.4030106544
1047.3 99.4030106544
1048.46 99.545831072
1049.62 99.7600616984
1050.8 99.7257847982
1051.97 99.5629695221
1053.14 99.6258105059
1054.31 99.6572309977
1055.48 99.6743694479
1056.65 99.537261847
1057.82 99.4715644549
1059.0 99.8657488074
1060.16 99.6343797309
1061.33 99.6600874061
1062.49 99.5315490302
1063.65 99.4687080465
1064.83 99.4344311463
1066.0 99.5629695221
1067.17 99.4829900883
1068.34 99.5858207889
1069.51 99.6372361393
1070.68 99.5201233968
1071.85 99.7457796567
1073.02 99.7172155731
1074.19 99.5601131138
1075.36 99.4829900883
1076.53 99.5858207889
1077.71 99.4944157217
1078.88 99.5915336056
1080.05 99.49727213
1081.24 99.5915336056
1082.4 99.49727213
1083.56 99.3087491788
1084.74 99.3544517124
1085.91 99.3801593876
1087.08 99.391585021
1088.26 99.5401182553
1089.43 99.4715644549
1090.6 99.5801079722
1091.76 99.4915593133
1092.94 99.4458567797
1094.11 99.4258619212
1095.28 99.4144362878
1096.45 99.4087234711
1097.61 99.4058670628
1098.78 99.545831072
1099.95 99.4744208632
1101.12 99.7257847982
1102.29 99.5629695221
1103.46 99.6258105059
1104.63 99.3715901625
1105.8 99.5315490302
1106.97 99.4658516382
1108.15 99.4344311463
1109.32 99.5629695221
1110.49 99.4829900883
1111.66 99.5858207889
1112.83 99.4944157217
1114.0 99.5915336056
1115.17 99.6400925476
1116.34 99.5201233968
1117.51 99.6058156474
1118.68 99.6458053643
1119.85 99.5258362135
1121.02 99.4629952298
1122.2 99.5772515639
1123.37 99.6315233226
1124.53 99.5172669885
1125.7 99.4601388214
1126.86 99.4315747379
1128.03 99.4172926962
1129.2 99.4115798795
1130.38 99.4058670628
1131.55 99.4058670628
1132.72 99.4030106544
1133.88 99.4030106544
1135.04 99.545831072
1136.2 99.7600616984
1137.38 99.5829643806
1138.56 99.6343797309
1139.73 99.5201233968
1140.91 99.6029592391
1142.08 99.5029849467
1143.25 99.5972464223
1144.42 99.3573081208
1145.59 99.5229798052
1146.76 99.3201748122
1147.94 99.3601645291
1149.11 99.5258362135
1150.28 99.6058156474
1151.45 99.6486617727
1152.62 99.5258362135
1153.8 99.4629952298
1154.97 99.5772515639
1156.15 99.3458824874
1157.32 99.6600874061
1158.48 99.6743694479
1159.64 99.5401182553
1160.82 99.7572052901
1161.99 99.5801079722
1163.16 99.7772001485
1164.34 99.5886771973
1165.51 99.49727213
1166.68 99.5915336056
1167.85 99.6400925476
1169.02 99.6658002228
1170.2 99.5344054386
1171.37 99.4687080465
1172.54 99.4344311463
1173.72 99.5629695221
1174.89 99.3401696707
1176.06 99.3715901625
1177.24 99.5286926219
1178.4 99.7514924734
1179.56 99.8628923991
1180.74 99.9200205661
1181.92 99.9457282413
1183.08 99.3887286126
1184.25 99.3972978377
1185.42 99.4001542461
1186.58 99.5429746637
1187.75 99.4744208632
1188.92 99.4372875546
1190.1 99.4201491045
1191.26 99.5544002971
1192.43 99.4801336799
1193.6 99.2973235454
1194.77 99.0659544689
1195.94 99.2344825616
1197.11 99.3173184038
1198.28 99.3601645291
1199.44 99.5258362135
1200.61 99.6058156474
1201.79 99.5058413551
1202.96 99.4544260047
1204.13 99.4287183296
1205.3 99.4144362878
1206.46 99.5515438887
1207.63 99.4772772716
1208.8 99.5829643806
1209.97 99.4944157217
1211.15 99.3058927704
1212.32 99.49727213
1213.49 99.3058927704
1214.66 99.3544517124
1215.83 99.5229798052
1217.0 99.6058156474
1218.17 99.6458053643
1219.34 99.5258362135
1220.52 99.6058156474
1221.69 99.7914821903
1222.86 99.5972464223
1224.03 99.5001285384
1225.2 99.594390014
1226.38 99.3544517124
1227.55 99.5229798052
1228.72 99.4629952298
1229.9 99.4315747379
1231.06 99.2744722786
1232.24 99.4829900883
1233.41 99.3001799537
1234.58 99.4944157217
1235.76 99.448713188
1236.93 99.5686823388
1238.1 99.4858464966
1239.27 99.7286412065
1240.44 99.7086463481
1241.6 99.700077123
1242.76 99.2659030535
1243.94 99.334456854
1245.11 99.5115541718
1246.28 99.4572824131
1247.45 99.5715387472
1248.61 99.488702905
1249.78 99.7314976149
1250.95 99.5658259305
1252.12 99.6286669142
1253.29 99.6572309977
1254.46 99.5315490302
1255.63 99.7514924734
1256.8 99.7200719815
1257.97 99.5629695221
1259.15 99.197349253
1260.32 99.1573595361
1261.5 99.2801850953
1262.67 99.0545288354
1263.84 99.0859493273
1265.0 99.245908195
1266.17 99.3230312205
1267.34 99.5058413551
1268.51 99.4544260047
1269.68 99.4287183296
1270.85 99.2744722786
1272.03 99.4801336799
1273.2 99.3001799537
1274.38 99.2087748865
1275.55 99.0202519352
1276.72 99.0688108772
1277.89 98.9488417264
1279.06 98.8917135594
1280.24 99.0031134851
1281.41 99.0602416521
1282.57 99.0888057357
1283.74 98.9602673598
1284.91 99.0402467937
1286.08 98.9345596847
1287.25 99.0259647519
1288.42 99.2144877032
1289.59 99.1659287612
1290.76 99.4287183296
1291.93 99.5572567054
1293.1 99.4801336799
1294.27 99.4430003713
1295.44 99.2801850953
1296.61 99.3401696707
1297.78 99.3715901625
1298.95 99.3887286126
1300.12 99.2516210117
1301.29 99.043103202
1302.46 98.937416093
1303.63 99.3116055871
1304.8 99.0716672856
1305.96 99.23733897
1307.13 99.034533977
1308.31 99.2202005199
1309.48 99.4544260047
1310.65 99.4287183296
1311.82 99.2716158702
1312.99 99.4801336799
1314.16 99.4430003713
1315.33 99.4230055129
1316.5 99.5544002971
1317.67 99.7657745151
1318.84 99.7257847982
1320.02 99.7086463481
1321.19 99.5544002971
1322.37 99.4801336799
1323.54 99.1545031278
1324.72 99.4230055129
1325.88 99.4115798795
1327.05 99.4087234711
1328.23 99.4058670628
1329.4 99.545831072
1330.56 99.4744208632
1331.73 99.440143963
1332.91 99.4201491045
1334.08 99.5544002971
1335.24 99.4801336799
1336.42 99.5829643806
1337.59 99.3515953041
1338.76 99.3773029792
1339.94 99.245908195
1341.11 99.6115284641
1342.28 99.6486617727
1343.45 99.5258362135
1344.62 99.6086720558
1345.8 99.3630209375
1346.96 99.5258362135
1348.13 99.6058156474
1349.31 99.6486617727
1350.48 99.5258362135
1351.64 99.4629952298
1352.82 99.1487903111
1354.0 99.2744722786
1355.16 99.4829900883
1356.33 99.1573595361
1357.51 99.5658259305
1358.68 99.4829900883
1359.85 99.7286412065
1361.02 99.8514667657
1362.19 99.6286669142
1363.37 99.3715901625
1364.54 99.3887286126
1365.72 99.3944414293
1366.88 99.5429746637
1368.05 99.4715644549
1369.23 99.294467137
1370.4 99.3487388957
1371.56 99.5201233968
1372.74 99.7457796567
1373.91 99.7172155731
1375.08 99.5601131138
1376.24 99.4829900883
1377.42 99.5858207889
1378.59 99.4944157217
1379.76 99.7343540233
1380.94 99.5686823388
1382.11 99.6286669142
1383.28 99.5144105801
1384.45 99.4601388214
1385.61 99.4315747379
1386.78 99.5601131138
1387.95 99.4801336799
1389.12 99.4430003713
1390.29 99.4230055129
1391.46 99.4115798795
1392.62 99.5515438887
1393.8 99.6200976892
1394.96 99.6543745894
1396.13 99.5286926219
1397.31 99.3230312205
1398.48 99.5058413551
1399.65 99.5972464223
1400.82 99.5001285384
1402.0 99.594390014
1403.16 99.2116312948
1404.34 99.4515695964
1405.51 99.4258619212
1406.68 99.4144362878
1407.84 99.6943643063
1409.01 99.2630466451
1410.19 99.334456854
1411.37 99.2259133366
1412.54 99.1716415779
1413.72 99.1430774944
1414.88 99.4172926962
1416.05 99.4087234711
1417.23 99.4058670628
1418.4 99.5486874804
1419.56 99.6172412808
1420.73 99.6543745894
1421.9 99.3858722043
1423.07 99.3944414293
1424.24 99.3972978377
1425.41 99.4001542461
1426.58 99.4030106544
1427.74 99.545831072
1428.91 99.4744208632
1430.08 99.4372875546
1431.26 99.2773286869
1432.43 99.3401696707
1433.6 99.3715901625
1434.76 99.5315490302
1435.94 99.4658516382
1437.11 99.2916107287
1438.28 99.3487388957
1439.45 99.3744465709
1440.61 99.3887286126
1441.78 99.3972978377
1442.95 99.4001542461
1444.12 99.4001542461
1445.28 99.4030106544
1446.44 99.4030106544
1447.6 99.2601902368
1448.76 99.3316004456
1449.93 99.3658773458
1451.1 99.3858722043
1452.27 99.3944414293
1453.44 99.3972978377
1454.6 99.4001542461
1455.76 99.4030106544
1456.92 99.545831072
1458.09 99.4744208632
1459.26 99.7229283898
1460.43 99.8486103573
1461.6 99.7686309235
1462.76 99.5858207889
1463.93 99.3515953041
1465.1 99.5201233968
1466.28 99.6058156474
1467.45 99.5029849467
1468.62 99.4544260047
1469.8 99.5715387472
1470.96 99.4858464966
1472.13 99.4458567797
1473.31 99.4230055129
1474.48 99.5572567054
1475.64 99.4801336799
1476.81 99.5829643806
1477.98 99.4944157217
1479.16 99.448713188
1480.33 99.7115027564
1481.5 99.5572567054
1482.67 99.6229540975
1483.84 99.3687337542
1485.0 99.3858722043
1486.16 99.3944414293
1487.33 99.4001542461
1488.5 99.5429746637
1489.67 99.4744208632
1490.84 99.4372875546
1492.02 99.2773286869
1493.19 99.197349253
1494.36 99.3001799537
1495.53 99.4944157217
1496.71 99.448713188
1497.88 99.4258619212
1499.05 99.4144362878
1500.23 99.6943643063
1501.4 99.5486874804
1502.56 99.6200976892
1503.73 99.2259133366
1504.9 99.1716415779
1506.07 99.285897912
1507.24 99.6315233226
1508.4 99.5172669885
1509.56 99.4601388214
1510.72 99.4315747379
1511.89 99.4172926962
1513.06 99.5515438887
1514.24 99.6200976892
1515.41 99.5115541718
1516.58 99.6001028307
1517.75 99.6458053643
1518.92 99.6658002228
1520.09 99.6772258562
1521.26 99.5401182553
1522.43 99.4715644549
1523.6 99.1516467194
1524.76 99.4201491045
1525.93 99.4115798795
1527.1 99.4087234711
1528.27 99.2630466451
1529.44 99.3316004456
1530.61 99.5115541718
1531.79 99.6001028307
1532.96 99.5001285384
1534.13 99.4515695964
1535.31 99.4287183296
1536.48 99.2716158702
1537.64 99.3373132623
1538.82 99.6572309977
1539.99 99.2430517867
1541.16 99.4658516382
1542.33 99.2916107287
1543.5 99.2059184781
1544.67 99.1602159445
1545.84 99.4258619212
1547.02 99.4144362878
1548.19 99.4087234711
1549.36 99.4058670628
1550.53 99.6886514896
1551.69 99.545831072
1552.86 99.4744208632
1554.04 99.2973235454
1555.22 99.3487388957
1556.4 99.3773029792
1557.56 99.3887286126
1558.73 99.3972978377
1559.9 99.4001542461
1561.06 99.4001542461
1562.24 99.545831072
1563.41 99.188780028
1564.58 99.1516467194
1565.76 99.4201491045
1566.92 99.2687594619
1568.09 99.4801336799
1569.26 99.440143963
1570.43 99.2801850953
1571.6 99.197349253
1572.76 99.3001799537
1573.93 99.0659544689
1575.1 99.091662144
1576.27 99.1059441858
1577.44 99.2544774201
1578.6 99.3287440372
1579.78 99.3658773458
1580.95 99.3830157959
1582.12 99.1088005941
1583.29 99.1116570025
1584.46 99.1145134108
1585.62 98.9745494016
1586.79 99.188780028
1587.96 99.294467137
1589.13 99.3487388957
1590.3 99.3773029792
1591.47 99.5315490302
1592.64 99.4687080465
1593.81 99.4344311463
1594.99 99.7057899397
1596.16 99.6972207147
1597.32 99.5486874804
1598.49 99.6200976892
1599.65 99.5115541718
1600.82 99.4572824131
1601.99 99.4287183296
1603.15 99.4172926962
1604.32 99.2659030535
1605.48 99.4772772716
1606.65 99.440143963
1607.83 99.2801850953
1609.0 99.197349253
1610.17 99.3001799537
1611.35 99.3515953041
1612.52 99.5201233968
1613.7 99.4629952298
1614.87 99.5743951555
1616.04 99.488702905
1617.2 99.4458567797
1618.38 99.5686823388
1619.55 99.4858464966
1620.72 99.4430003713
1621.9 99.4230055129
1623.06 99.5572567054
1624.24 99.3373132623
1625.41 99.3687337542
1626.57 99.3858722043
1627.74 99.3944414293
1628.91 99.4001542461
1630.08 99.8286154989
1631.25 99.902882116
1632.42 99.7943385986
1633.59 99.7429232483
1634.76 99.5715387472
1635.93 99.6315233226
1637.1 99.6600874061
1638.26 99.8171898655
1639.43 99.7514924734
1640.6 99.7200719815
1641.76 99.7057899397
1642.93 99.2687594619
1644.11 99.334456854
1645.28 99.3687337542
1646.44 99.3858722043
1647.6 99.3944414293
1648.77 99.4001542461
1649.94 99.4001542461
1651.11 99.545831072
1652.28 99.7600616984
1653.44 99.7229283898
1654.61 99.5629695221
1655.79 99.4829900883
1656.96 99.4430003713
1658.13 99.5658259305
1659.3 99.4858464966
1660.47 99.4430003713
1661.64 99.4230055129
1662.8 99.2716158702
1663.97 99.1944928447
1665.14 99.440143963
1666.32 99.4230055129
1667.48 99.4115798795
1668.64 99.4087234711
1669.81 99.691507898
1670.98 99.6886514896
1672.14 99.4030106544
1673.3 99.1173698192
1674.45 99.1173698192
1675.6 99.2601902368
1676.76 99.4744208632
1677.93 99.5829643806
1679.11 99.4915593133
1680.29 99.448713188
1681.46 99.4258619212
1682.62 99.2716158702
1683.8 99.3373132623
1684.96 99.083092919
1686.13 99.3858722043
1687.3 99.2516210117
1688.47 99.3287440372
1689.64 99.3658773458
1690.81 99.3830157959
1691.98 99.3944414293
1693.15 99.1116570025
1694.32 99.1145134108
1695.49 99.4030106544
1696.64 99.545831072
1697.81 99.4744208632
1698.99 99.4372875546
1700.16 99.4201491045
1701.33 99.4115798795
1702.5 99.5515438887
1703.67 99.6200976892
1704.84 99.6543745894
1706.01 99.3858722043
1707.18 99.537261847
1708.36 99.6115284641
1709.52 99.5086977634
1710.7 99.5972464223
1711.87 99.3573081208
1713.04 99.23733897
1714.22 99.4629952298
1715.4 99.5772515639
1716.56 99.3458824874
1717.73 99.6600874061
1718.9 99.6743694479
1720.06 99.6829386729
1721.24 99.6857950813
1722.4 99.6857950813
1723.56 99.545831072
1724.73 99.3316004456
1725.91 99.3658773458
1727.08 99.3858722043
1728.24 99.537261847
1729.42 99.4687080465
1730.59 99.5801079722
1731.76 99.4915593133
1732.94 99.5886771973
1734.11 99.49727213
1735.28 99.448713188
1736.46 99.5686823388
1737.63 99.6286669142
1738.8 99.8029078237
1739.96 99.8886000743
1741.12 99.6458053643
1742.29 99.6658002228
1743.46 99.6772258562
1744.63 99.5401182553
1745.8 99.7572052901
1746.97 99.5801079722
1748.14 99.6343797309
1749.31 99.6629438144
1750.48 99.5315490302
1751.65 99.4687080465
1752.83 99.4344311463
1754.01 99.1345082693
1755.18 99.5544002971
1756.36 99.4772772716
1757.53 99.440143963
1758.71 99.7086463481
1759.88 99.6972207147
1761.04 99.2659030535
1762.22 99.0488160187
1763.4 98.9402725014
1764.56 99.0288211603
1765.73 98.9288468679
1766.91 99.1659287612
1768.08 99.1430774944
1769.25 99.4144362878
1770.41 99.4087234711
1771.57 99.2630466451
1772.75 99.334456854
1773.92 99.3687337542
1775.09 99.3858722043
1776.26 99.3944414293
1777.43 99.3972978377
1778.6 99.5429746637
1779.76 99.4744208632
1780.94 99.1516467194
1782.12 99.2773286869
1783.29 99.0545288354
1784.46 99.2287697449
1785.63 99.3173184038
1786.8 99.3601645291
1787.96 99.3801593876
1789.13 99.391585021
1790.3 99.3972978377
1791.46 99.4001542461
1792.62 99.4030106544
1793.79 99.4030106544
1794.96 99.4030106544
1796.12 99.545831072
1797.28 99.3316004456
1798.45 99.2230569282
1799.62 99.1716415779
1800.8 99.5715387472
1801.96 99.6315233226
1803.13 99.5172669885
1804.3 99.4601388214
1805.46 99.5743951555
1806.62 99.488702905
1807.79 99.4458567797
1808.96 99.5658259305
1810.13 99.6286669142
1811.3 99.3715901625
1812.46 99.5315490302
1813.63 99.6086720558
1814.8 99.5058413551
1815.97 99.4544260047
1817.14 99.5715387472
1818.31 99.488702905
1819.48 99.5886771973
1820.64 99.4944157217
1821.82 99.448713188
1823.0 99.4258619212
1824.16 99.5572567054
1825.32 99.4801336799
1826.49 99.5858207889
1827.66 99.6372361393
1828.83 99.6629438144
1830.0 99.5315490302
1831.17 99.4687080465
1832.36 99.4344311463
1833.53 99.4201491045
1834.7 99.6972207147
1835.86 99.5486874804
1837.07 99.4772772716
1838.28 99.440143963
1839.48 99.4201491045
1840.68 99.8400411323
1841.89 99.7657745151
1843.11 99.2973235454
1844.32 99.2087748865
1845.53 99.3058927704
1846.74 99.49727213
1847.95 99.448713188
1849.16 99.5686823388
1850.37 99.7714873318
1851.58 99.5886771973
1852.79 99.7800565569
1854.0 99.5915336056
1855.21 99.49727213
1856.43 99.4515695964
1857.64 99.4258619212
1858.84 99.4144362878
1860.04 99.5515438887
1861.25 99.4772772716
1862.46 99.440143963
1863.67 99.5658259305
1864.88 99.3401696707
1866.09 99.3715901625
1867.3 99.3887286126
1868.51 99.3944414293
1869.72 99.4001542461
1870.93 99.4001542461
1872.14 99.6886514896
1873.35 99.545831072
1874.56 99.188780028
1875.77 99.294467137
1876.98 99.3487388957
1878.19 99.5201233968
1879.41 99.4601388214
1880.61 99.4315747379
1881.82 99.4172926962
1883.03 99.5544002971
1884.24 99.4772772716
1885.45 99.440143963
1886.66 99.4230055129
1887.87 99.4115798795
1889.08 99.4087234711
1890.28 99.4058670628
1891.48 99.545831072
1892.68 99.4744208632
1893.89 99.5829643806
1895.1 99.4915593133
1896.31 99.448713188
1897.52 99.4258619212
1898.73 99.4144362878
1899.94 99.4087234711
1901.15 99.5486874804
1902.37 99.3316004456
1903.58 99.5115541718
1904.79 99.4572824131
1906.0 99.4287183296
1907.2 99.7029335314
1908.4 99.5515438887
1909.6 99.4772772716
1910.81 99.440143963
1912.03 99.4230055129
1913.24 99.5544002971
1914.44 99.3373132623
1915.66 99.2259133366
1916.87 99.3144619955
1918.08 99.3601645291
1919.28 99.3801593876
1920.49 99.391585021
1921.69 99.5401182553
1922.9 99.6143848725
1924.1 99.2230569282
1925.31 99.3144619955
1926.52 99.3573081208
1927.72 99.5229798052
1928.93 99.4629952298
1930.15 99.4344311463
1931.37 99.5601131138
1932.58 99.6258105059
1933.79 99.5144105801
1935.0 99.4572824131
1936.21 99.2887543203
1937.42 99.2030620698
1938.62 99.3030363621
1939.83 99.4944157217
1941.04 99.5915336056
1942.24 99.49727213
1943.46 99.7372104316
1944.67 99.4258619212
1945.88 99.5572567054
1947.08 99.6229540975
1948.29 99.5144105801
1949.5 99.6001028307
1950.71 99.6458053643
1951.92 99.6658002228
1953.12 99.5344054386
1954.34 99.4687080465
1955.55 99.4372875546
1956.77 99.7057899397
1957.98 99.5544002971
1959.19 99.4772772716
1960.4 99.7257847982
1961.6 99.5658259305
1962.81 99.6258105059
1964.02 99.6572309977
1965.23 99.5315490302
1966.44 99.4658516382
1967.64 99.4344311463
1968.86 99.4201491045
1970.08 99.4115798795
1971.28 99.5486874804
1972.49 99.6200976892
1973.69 99.6543745894
1974.9 99.2430517867
1976.11 99.3230312205
1977.32 99.3630209375
1978.53 99.5258362135
1979.74 99.3201748122
1980.95 99.6486617727
1982.16 99.3830157959
1983.38 99.2487646034
1984.59 99.3258876289
1985.8 99.3658773458
1987.0 99.5258362135
1988.22 99.6086720558
1989.43 99.5058413551
1990.64 99.4544260047
1991.85 99.4287183296
1993.06 99.1287954526
1994.27 99.4087234711
1995.48 99.4058670628
1996.68 99.4058670628
1997.89 99.4030106544
1999.09 99.4030106544
2000.29 99.4030106544
2001.49 99.6886514896
2002.69 99.6886514896
2003.89 99.545831072
2005.09 99.6172412808
2006.3 99.5115541718
2007.51 99.6001028307
2008.72 99.642948956
2009.93 99.5229798052
2011.14 99.4629952298
2012.36 99.4344311463
2013.58 99.5601131138
2014.79 99.4829900883
2016.0 99.4430003713
2017.22 99.7086463481
2018.43 99.8400411323
2019.64 99.9085949327
2020.84 99.6543745894
2022.05 99.6715130395
2023.26 99.3944414293
2024.47 99.4001542461
2025.68 99.4001542461
2026.88 99.2601902368
2028.09 99.6172412808
2029.3 99.651518181
2030.51 99.8143334571
2031.72 99.7514924734
2032.94 99.7200719815
2034.16 99.5601131138
2035.38 99.4829900883
2036.59 99.5858207889
2037.8 99.4944157217
2039.0 99.448713188
2040.22 99.4258619212
2041.43 99.4144362878
2042.63 99.1230826359
2043.84 99.2630466451
2045.05 99.334456854
2046.27 99.3687337542
2047.48 99.5286926219
2048.68 99.6086720558
2049.89 99.5058413551
2051.1 99.5972464223
2052.3 99.642948956
2053.5 99.5229798052
2054.71 99.4629952298
2055.92 99.5743951555
2057.13 99.488702905
2058.35 99.4458567797
2059.56 99.4258619212
2060.76 99.4144362878
2061.97 99.4087234711
2063.18 99.5486874804
2064.4 99.3316004456
2065.6 99.5115541718
2066.8 99.4572824131
2068.01 99.5715387472
2069.22 99.488702905
2070.44 99.5886771973
2071.64 99.6372361393
2072.85 99.5201233968
2074.06 99.3201748122
2075.28 99.5029849467
2076.48 99.5972464223
2077.68 99.642948956
2078.89 99.6658002228
2080.1 99.6772258562
2081.3 99.5401182553
2082.5 99.7572052901
2083.71 99.5801079722
2084.92 99.6343797309
2086.12 99.5172669885
2087.34 99.6029592391
2088.54 99.5029849467
2089.75 99.74006684
2090.96 100.0
2092.16 99.9857179582
2093.37 99.6943643063
2094.57 99.2630466451
2095.78 99.4772772716
2096.99 99.5829643806
2098.2 99.6343797309
2099.4 99.5201233968
2100.6 99.4601388214
2101.8 99.4315747379
2103.0 99.2744722786
2104.22 99.3401696707
2105.43 99.2287697449
2106.64 99.4572824131
2107.84 99.5743951555
2109.04 99.3458824874
2110.24 99.8029078237
2111.44 99.8886000743
2112.64 99.7886257819
2113.85 99.4515695964
2115.06 99.4287183296
2116.26 99.4144362878
2117.46 99.4087234711
2118.66 99.4058670628
2119.87 99.4058670628
2121.08 99.8314719072
2122.28 99.7600616984
2123.48 99.5829643806
2124.69 99.4915593133
2125.9 99.5915336056
2127.1 99.49727213
2128.31 99.448713188
2129.52 99.4258619212
2130.72 99.4144362878
2131.93 99.5515438887
2133.14 99.4772772716
2134.36 99.440143963
2135.56 99.4230055129
2136.77 99.4115798795
2137.98 99.4087234711
2139.19 99.4058670628
2140.4 99.545831072
2141.6 99.6172412808
2142.8 99.2259133366
2144.02 99.3144619955
2145.23 99.3573081208
2146.44 99.3801593876
2147.64 99.391585021
2148.84 99.5401182553
2150.05 99.6143848725
2151.26 99.5086977634
2152.47 99.6001028307
2153.68 99.5001285384
2154.88 99.7372104316
2156.09 99.5715387472
2157.3 99.4858464966
2158.51 99.3030363621
2159.72 99.6372361393
2160.93 99.5201233968
2162.14 99.4629952298
2163.36 99.4315747379
2164.56 99.4172926962
2165.77 99.4115798795
2166.98 99.4058670628
2168.2 99.4058670628
2169.4 99.4030106544
2170.59 99.4030106544
2171.8 99.545831072
2173.0 99.6172412808
2174.21 99.5115541718
2175.43 99.4572824131
2176.64 99.5715387472
2177.84 99.6315233226
2179.04 99.6600874061
2180.24 99.3887286126
2181.45 99.537261847
2182.65 99.4715644549
2183.86 99.7229283898
2185.07 99.7057899397
2186.28 99.6972207147
2187.48 99.5486874804
2188.68 99.4772772716
2189.89 99.440143963
2191.1 99.4201491045
2192.31 99.2687594619
2193.52 99.3373132623
2194.73 99.3687337542
2195.94 99.2430517867
2197.15 99.1802108029
2198.37 99.4344311463
2199.58 99.7057899397
2200.79 99.8400411323
2202.0 99.9057385244
2203.21 99.5115541718
2204.42 99.4572824131
2205.63 99.7172155731
2206.84 99.5601131138
2208.04 99.4801336799
2209.25 99.4430003713
