3015.74 100
3016.83 100
3017.92 100
3019.0 100
3020.08 100
3021.16 100
3022.25 100
3023.34 100
3024.44 100
3025.52 100
3026.61 100
3027.7 100
3028.79 100
3029.87 100
3030.96 100
3032.06 100
3033.12 100
3034.21 100
3035.3 100
3036.38 100
3037.47 100
3038.56 100
3039.64 100
3040.73 100
3041.81 100
3042.91 100
3044.0 100
3045.07 100
3046.15 100
3047.24 100
3048.33 100
3049.42 100
3050.51 100
3051.59 100
3052.68 100
3053.76 100
3054.85 100
3055.94 100
3057.03 100
3058.11 100
3059.2 100
3060.28 100
3061.36 100
3062.45 100
3063.54 100
3064.62 100
3065.71 100
3066.79 100
3067.88 100
3068.96 100
3070.06 100
3071.14 100
3072.23 100
3073.32 100
3074.4 100
3075.48 100
3076.56 100
3077.64 100
3078.73 100
3079.81 100
3080.9 100
3081.98 100
3083.06 100
3084.13 100
3085.22 100
3086.33 100
3087.41 100
3088.49 100
3089.57 100
3090.66 100
3091.75 100
3092.83 100
3093.92 100
3095.0 100
3096.08 100
3097.14 100
3098.24 100
3099.33 100
3100.42 100
3101.51 100
3102.6 100
3103.68 100
3104.77 100
3105.85 100
3106.94 100
3108.02 100
3109.1 100
3110.18 100
3111.26 100
3112.35 100
3113.44 100
3114.52 100
3115.61 100
3116.7 100
3117.78 100
3118.88 100
3119.96 100
3121.05 100
3122.12 100
3123.21 100
3124.29 100
3125.38 100
3126.46 100
3127.55 100
3128.64 100
3129.72 100
3130.81 100
3131.9 100
3132.98 100
3134.06 100
3135.14 100
3136.22 100
3137.3 100
3138.38 100
3139.47 100
3140.56 100
3141.64 100
3142.72 100
3143.8 100
3144.88 100
3145.96 100
3147.05 100
3148.12 100
3149.22 100
3150.31 100
3151.4 100
3152.49 100
3153.58 100
3154.66 100
3155.75 100
3156.83 100
3157.92 100
3159.0 100
3160.08 100
3161.14 100
3162.22 100
3163.3 100
3164.38 100
3165.46 100
3166.55 100
3167.63 100
3168.72 100
3169.81 100
3170.9 100
3171.98 100
3173.06 100
3174.13 100
3175.22 100
3176.31 100
3177.41 100
3178.5 100
3179.58 100
3180.65 100
3181.74 100
3182.83 100
3183.91 100
3185.0 100
3186.08 100
3187.15 100
3188.23 100
3189.32 100
3190.42 100
3191.5 100
3192.58 100
3193.66 100
3194.75 100
3195.83 100
3196.92 100
3198.0 100
3199.07 100
3200.15 100
3201.23 100
3202.31 100
3203.39 100
3204.47 100
3205.56 100
3206.64 100
3207.72 100
3208.8 100
3209.88 100
3210.96 100
3212.05 100
3213.12 100
3214.2 100
3215.28 100
3216.36 100
3217.44 100
3218.52 100
3219.61 100
3220.7 100
3221.79 100
3222.88 100
3223.96 100
3225.05 100
3226.12 100
3227.21 100
3228.3 100
3229.38 100
3230.47 100
3231.55 100
3232.64 100
3233.73 100
3234.82 100
3235.9 100
3236.99 100
3238.07 100
3239.14 100
3240.23 100
3241.32 100
3242.4 100
3243.48 100
3244.56 100
3245.64 100
3246.72 100
3247.81 100
3248.9 100
3249.98 100
3251.06 100
3252.13 100
3253.22 100
3254.3 100
3255.39 100
3256.48 100
3257.56 100
3258.65 100
3259.74 100
3260.82 100
3261.9 100
3262.98 100
3264.06 100
3265.14 100
3266.22 100
3267.31 100
3268.39 100
3269.48 100
3270.57 100
3271.66 100
3272.74 100
3273.83 100
3274.91 100
3275.99 100
3277.08 100
3278.15 100
3279.23 100
3280.32 100
3281.41 100
3282.48 100
3283.55 100
3284.63 100
3285.71 100
3286.8 100
3287.88 100
3288.97 100
3290.06 100
3291.14 100
3292.22 100
3293.3 100
3294.39 100
3295.48 100
3296.56 100
3297.65 100
3298.74 100
3299.83 100
3300.91 100
3302.0 100
3303.07 100
3304.14 100
3305.23 100
3306.32 100
3307.4 100
3308.48 100
3309.58 100
3310.66 100
3311.74 100
3312.83 100
3313.92 100
3315.01 100
3316.1 100
3317.19 100
3318.27 100
3319.36 100
3320.44 100
3321.52 100
3322.61 100
3323.7 100
3324.78 100
3325.86 100
3326.95 100
3328.04 100
3329.11 100
3330.19 100
3331.27 100
3332.36 100
3333.44 100
3334.53 100
3335.62 100
3336.7 100
3337.77 100
3338.86 100
3339.94 100
3341.02 100
3342.1 100
3343.18 100
3344.26 100
3345.36 100
3346.45 100
3347.53 100
3348.62 100
3349.7 100
3350.79 100
3351.88 100
3352.97 100
3354.06 100
3355.13 100
3356.22 100
3357.31 100
3358.4 100
3359.48 100
3360.56 100
3361.64 100
3362.73 100
3363.82 100
3364.9 100
3365.97 100
3367.06 100
3368.14 100
3369.22 100
3370.31 100
3371.39 100
3372.48 100
3373.57 100
3374.66 100
3375.74 100
3376.82 100
3377.9 100
3378.98 100
3380.07 100
3381.14 100
3382.23 100
3383.31 100
3384.4 100
3385.48 100
3386.56 100
3387.65 100
3388.74 100
3389.83 100
3390.92 100
3392.01 100
3393.09 100
3394.17 100
3395.26 100
3396.34 100
3397.43 100
3398.51 100
3399.6 100
3400.68 100
3401.77 100
3402.85 100
3403.94 100
3405.02 100
3406.11 100
3407.19 100
3408.28 100
3409.37 100
3410.46 100
3411.54 100
3412.64 100
3413.72 100
3414.81 100
3415.9 100
3416.98 100
3418.06 100
3419.14 100
3420.22 100
3421.32 100
3422.4 100
3423.47 100
3424.54 100
3425.63 100
3426.72 100
3427.81 100
3428.9 100
3429.98 100
3431.06 100
3432.14 100
3433.23 100
3434.32 100
3435.41 100
3436.5 100
3437.58 100
3438.66 100
3439.74 100
3440.82 100
3441.9 100
3442.98 100
3444.06 100
3445.12 100
3446.2 100
3447.29 100
3448.38 100
3449.46 100
3450.55 100
3451.64 100
3452.72 100
3453.81 100
3454.9 100
3455.98 100
3457.07 100
3458.13 100
3459.22 100
3460.3 100
3461.38 100
3462.45 100
3463.54 100
3464.63 100
3465.72 100
3466.8 100
3467.88 100
3468.97 100
3470.06 100
3471.13 100
3472.22 100
3473.3 100
3474.38 100
3475.47 100
3476.55 100
3477.64 100
3478.73 100
3479.82 100
3480.9 100
3481.98 100
3483.06 100
3484.14 100
3485.22 100
3486.3 100
3487.38 100
3488.47 100
3489.55 100
3490.63 100
3491.72 100
3492.8 100
3493.89 100
3494.96 100
3496.05 100
3497.11 100
3498.19 100
3499.28 100
3500.36 100
3501.44 100
3502.52 100
3503.6 100
3504.69 100
3505.78 100
3506.86 100
3507.94 100
3509.04 100
3510.11 100
3511.2 100
3512.29 100
3513.38 100
3514.46 100
3515.54 100
3516.62 100
3517.7 100
3518.79 100
3519.87 100
3520.96 100
3522.05 100
3523.12 100
3524.21 100
3525.3 100
3526.38 100
3527.48 100
3528.56 100
3529.65 100
3530.73 100
3531.82 100
3532.9 100
3533.98 100
3535.06 100
3536.13 100
3537.22 100
3538.31 100
3539.4 100
3540.48 100
3541.57 100
3542.65 100
3543.73 100
3544.82 100
3545.9 100
3546.99 100
3548.07 100
3549.14 100
3550.23 100
3551.31 100
3552.41 100
3553.5 100
3554.58 100
3555.66 100
3556.76 100
3557.84 100
3558.93 100
3560.02 100
3561.1 100
3562.19 100
3563.27 100
3564.36 100
3565.46 100
3566.54 100
3567.62 100
3568.7 100
3569.78 100
3570.87 100
3571.95 100
3573.04 100
3574.11 100
3575.2 100
3576.28 100
3577.36 100
3578.45 100
3579.54 100
3580.63 100
3581.72 100
3582.8 100
3583.88 100
3584.97 100
3586.06 100
3587.12 100
3588.2 100
3589.29 100
3590.38 100
3591.47 100
3592.56 100
3593.64 100
3594.73 100
3595.82 100
3596.91 100
3597.99 100
3599.08 100
3600.15 100
3601.23 100
3602.32 100
3603.42 100
3604.5 100
3605.58 100
3606.67 100
3607.76 100
3608.84 100
3609.93 100
3611.01 100
3612.08 100
3613.16 100
3614.25 100
3615.34 100
3616.42 100
3617.51 100
3618.6 100
3619.68 100
3620.76 100
3621.85 100
3622.93 100
3624.0 100
3625.08 100
3626.16 100
3627.24 100
3628.33 100
3629.43 100
3630.51 100
3631.6 100
3632.68 100
3633.76 100
3634.84 100
3635.92 100
3637.0 100
3638.08 100
3639.16 100
3640.25 100
3641.34 100
3642.42 100
3643.5 100
3644.58 100
3645.67 100
3646.75 100
3647.84 100
3648.92 100
3650.01 100
3651.1 100
3652.18 100
3653.26 100
3654.35 100
3655.44 100
3656.53 100
3657.62 100
3658.7 100
3659.78 100
3660.87 100
3661.95 100
3663.04 100
3664.12 100
3665.2 100
3666.28 100
3667.36 100
3668.45 100
3669.54 100
3670.62 100
3671.71 100
3672.8 100
3673.88 100
3674.97 100
3676.06 100
3677.14 100
3678.24 100
3679.31 100
3680.4 100
3681.48 100
3682.57 100
3683.65 100
3684.73 100
3685.82 100
3686.91 100
3687.99 100
3689.08 100
3690.16 100
3691.25 100
3692.34 100
3693.42 100
3694.52 100
3695.6 100
3696.68 100
3697.76 100
3698.84 100
3699.93 100
3701.01 100
3702.09 100
3703.17 100
3704.26 100
3705.34 100
3706.43 100
3707.51 100
3708.6 100
3709.68 100
3710.76 100
3711.84 100
3712.93 100
3714.03 100
3715.1 100
3716.18 100
3717.26 100
3718.34 100
3719.42 100
3720.5 100
3721.58 100
3722.66 100
3723.74 100
3724.83 100
3725.91 100
3727.0 100
3728.08 100
3729.16 100
3730.25 100
3731.34 100
3732.43 100
3733.51 100
3734.59 100
3735.68 100
3736.76 100
3737.85 100
3738.94 100
3740.04 100
3741.12 100
3742.21 100
3743.3 100
3744.38 100
3745.46 100
3746.55 100
3747.63 100
3748.71 100
3749.8 100
3750.88 100
3751.96 100
3753.04 100
3754.11 100
3755.2 100
3756.28 100
3757.37 100
3758.46 100
3759.56 100
3760.65 100
3761.74 100
3762.83 100
3763.92 100
3765.0 100
3766.07 100
3767.14 100
3768.22 100
3769.31 100
3770.4 100
3771.48 100
3772.56 100
3773.65 100
3774.74 100
3775.82 100
3776.91 100
3777.98 100
3779.06 100
3780.12 100
3781.21 100
3782.3 100
3783.38 100
3784.47 100
3785.55 100
3786.64 100
3787.73 100
3788.82 100
3789.9 100
3790.98 100
3792.08 100
3793.16 100
3794.25 100
3795.33 100
3796.42 100
3797.5 100
3798.58 100
3799.66 100
3800.74 100
3801.82 100
3802.9 100
3803.98 100
3805.06 100
3806.13 100
3807.21 100
3808.28 100
3809.36 100
3810.44 100
3811.53 100
3812.62 100
3813.7 100
3814.79 100
3815.88 100
3816.96 100
3818.05 100
3819.12 100
3820.21 100
3821.29 100
3822.38 100
3823.46 100
3824.55 100
3825.64 100
3826.73 100
3827.81 100
3828.91 100
3830.0 100
3831.08 100
3832.15 100
3833.24 100
3834.33 100
3835.42 100
3836.5 100
3837.59 100
3838.66 100
3839.76 100
3840.84 100
3841.93 100
3843.03 100
3844.1 100
3845.18 100
3846.26 100
3847.34 100
3848.43 100
3849.52 100
3850.61 100
3851.7 100
3852.78 100
3853.87 100
3854.96 100
3856.04 100
3857.1 100
3858.18 100
3859.26 100
3860.34 100
3861.42 100
3862.52 100
3863.6 100
3864.68 100
3865.77 100
3866.86 100
3867.95 100
3869.04 100
3870.12 100
3871.21 100
3872.3 100
3873.38 100
3874.48 100
3875.56 100
3876.64 100
3877.73 100
3878.82 100
3879.91 100
3881.0 100
3882.06 100
3883.14 100
3884.24 100
3885.32 100
3886.41 100
3887.49 100
3888.57 100
3889.65 100
3890.74 100
3891.83 100
3892.92 100
3894.0 100
3895.08 100
3896.16 100
3897.25 100
3898.34 100
3899.42 100
3900.5 100
3901.58 100
3902.66 100
3903.75 100
3904.84 100
3905.93 100
3907.02 100
3908.09 100
3909.18 100
3910.27 100
3911.36 100
3912.45 100
3913.54 100
3914.62 100
3915.7 100
3916.79 100
3917.87 100
3918.96 100
3920.05 100
3921.12 100
3922.21 100
3923.3 100
3924.38 100
3925.46 100
3926.55 100
3927.64 100
3928.73 100
3929.82 100
3930.9 100
3931.99 100
3933.08 100
3934.15 100
3935.24 100
3936.32 100
3937.4 100
3938.48 100
3939.57 100
3940.65 100
3941.73 100
3942.82 100
3943.91 100
3944.99 100
3946.07 100
3947.14 100
3948.22 100
3949.3 100
3950.38 100
3951.46 100
3952.56 100
3953.64 100
3954.73 100
3955.82 100
3956.91 100
3958.0 100
3959.08 100
3960.16 100
3961.24 100
3962.33 100
3963.42 100
3964.5 100
3965.59 100
3966.68 100
3967.76 100
3968.85 100
3969.94 100
3971.04 100
3972.1 100
3973.18 100
3974.25 100
3975.33 100
3976.42 100
3977.51 100
3978.6 100
3979.69 100
3980.77 100
3981.85 100
3982.94 100
3984.03 100
3985.1 100
3986.18 100
3987.26 100
3988.35 100
3989.44 100
3990.54 100
3991.62 100
3992.7 100
3993.8 100
3994.88 100
3995.97 100
3997.07 100
3998.14 100
3999.24 100
4000.32 100
4001.41 100
4002.5 100
4003.58 100
4004.66 100
4005.75 100
4006.84 100
4007.94 100
4009.02 100
4010.09 100
4011.17 100
4012.26 100
4013.34 100
4014.43 100
4015.52 100
4016.61 100
4017.7 100
4018.78 100
4019.86 100
4020.94 100
4022.03 100
4023.12 100
4024.21 100
4025.29 100
4026.37 100
4027.45 100
4028.52 100
4029.6 100
4030.68 100
4031.76 100
4032.85 100
4033.93 100
4035.02 100
4036.09 100
4037.17 100
4038.26 100
4039.35 100
4040.42 100
4041.51 100
4042.6 100
4043.67 100
4044.76 100
4045.85 100
4046.94 100
4048.03 100
4049.11 100
4050.19 100
4051.28 100
4052.36 100
4053.45 100
4054.54 100
4055.62 100
4056.7 100
4057.79 100
4058.88 100
4059.96 100
4061.04 100
4062.11 100
4063.2 100
4064.28 100
4065.36 100
4066.44 100
4067.53 100
4068.62 100
4069.7 100
4070.79 100
4071.88 100
4072.96 100
4074.04 100
4075.12 100
4076.22 100
4077.3 100
4078.38 100
4079.46 100
4080.54 100
4081.62 100
4082.7 100
4083.78 100
4084.86 100
4085.93 100
4087.03 100
4088.1 100
4089.19 100
4090.27 100
4091.36 100
4092.45 100
4093.54 100
4094.63 100
4095.71 100
4096.8 100
4097.89 100
4098.97 100
4100.05 100
4101.12 100
4102.21 100
4103.3 100
4104.39 100
4105.48 100
4106.56 100
4107.65 100
4108.74 100
4109.82 100
4110.91 100
4112.0 100
4113.08 100
4114.15 100
4115.23 100
4116.32 100
4117.41 100
4118.49 100
4119.57 100
4120.64 100
4121.72 100
4122.81 100
4123.9 100
4124.98 100
4126.07 100
4127.15 100
4128.24 100
4129.32 100
4130.41 100
4131.5 100
4132.58 100
4133.67 100
4134.76 100
4135.84 100
4136.93 100
4138.02 100
4139.08 100
4140.17 100
4141.26 100
4142.35 100
4143.44 100
4144.52 100
4145.61 100
4146.69 100
4147.77 100
4148.86 100
4149.94 100
4151.02 100
4152.09 100
4153.16 100
4154.25 100
4155.34 100
4156.42 100
4157.51 100
4158.6 100
4159.68 100
4160.77 100
4161.86 100
4162.95 100
4164.03 100
4165.11 100
4166.2 100
4167.28 100
4168.37 100
4169.46 100
4170.55 100
4171.63 100
4172.72 100
4173.81 100
4174.89 100
4175.96 100
4177.04 100
4178.12 100
4179.21 100
4180.3 100
4181.38 100
4182.47 100
4183.56 100
4184.65 100
4185.74 100
4186.83 100
4187.92 100
4189.01 100
4190.09 100
4191.18 100
4192.27 100
4193.35 100
4194.44 100
4195.53 100
4196.61 100
4197.69 100
4198.77 100
4199.86 100
4200.95 100
4202.04 100
4203.1 100
4204.18 100
4205.27 100
4206.35 100
4207.44 100
4208.52 100
4209.61 100
4210.7 100
4211.77 100
4212.85 100
4213.93 100
4215.02 100
4216.09 100
4217.16 100
4218.25 100
4219.34 100
4220.43 100
4221.51 100
4222.6 100
4223.68 100
4224.77 100
4225.86 100
4226.95 100
4228.03 100
4229.1 100
4230.18 100
4231.26 100
4232.35 100
4233.43 100
4234.51 100
4235.6 100
4236.68 100
4237.77 100
4238.86 100
4239.94 100
4241.03 100
4242.1 100
4243.18 100
4244.27 100
4245.35 100
4246.44 100
4247.53 100
4248.62 100
4249.7 100
4250.77 100
4251.86 100
4252.94 100
4254.02 100
4255.1 100
4256.18 100
4257.26 100
4258.34 100
4259.42 100
4260.52 100
4261.6 100
4262.68 100
4263.77 100
4264.86 100
4265.95 100
4267.03 100
4268.1 100
4269.18 100
4270.27 100
4271.35 100
4272.43 100
4273.51 100
4274.6 100
4275.68 100
4276.75 100
4277.83 100
4278.9 100
4279.98 100
4281.06 100
4282.14 100
4283.22 100
4284.31 100
4285.4 100
4286.49 100
4287.57 100
4288.66 100
4289.74 100
4290.83 100
4291.92 100
4293.01 100
4294.09 100
4295.17 100
4296.27 100
4297.34 100
4298.43 100
4299.51 100
4300.59 100
4301.67 100
4302.75 100
4303.84 100
4304.92 100
4306.01 100
4307.08 100
4308.16 100
4309.24 100
4310.33 100
4311.41 100
4312.49 100
4313.57 100
4314.64 100
4315.74 100
4316.82 100
4317.9 100
4318.98 100
4320.07 100
4321.15 100
4322.24 100
4323.33 100
4324.41 100
4325.48 100
4326.57 100
4327.66 100
4328.74 100
4329.83 100
4330.92 100
4332.02 100
4333.09 100
4334.17 100
4335.26 100
4336.34 100
4337.43 100
4338.52 100
4339.6 100
4340.68 100
4341.77 100
4342.86 100
4343.94 100
4345.03 100
4346.11 100
4347.2 100
4348.28 100
4349.36 100
4350.44 100
4351.53 100
4352.61 100
4353.69 100
4354.77 100
4355.84 100
4356.93 100
4358.02 100
4359.09 100
4360.17 100
4361.26 100
4362.34 100
4363.42 100
4364.51 100
4365.59 100
4366.68 100
4367.77 100
4368.86 100
4369.94 100
4371.02 100
4372.09 100
4373.16 100
4374.25 100
4375.33 100
4376.42 100
4377.5 100
4378.58 100
4379.67 100
4380.75 100
4381.84 100
4382.92 100
4384.02 100
4385.08 100
4386.16 100
4387.24 100
4388.34 100
4389.42 100
4390.5 100
4391.59 100
4392.67 100
4393.76 100
4394.84 100
4395.93 100
4397.02 100
4398.09 100
4399.16 100
4400.25 100
4401.34 100
4402.42 100
4403.51 100
4404.6 100
4405.68 100
4406.76 100
4407.84 100
4408.92 100
4410.01 100
4411.08 100
4412.16 100
4413.25 100
4414.34 100
4415.42 100
4416.51 100
4417.6 100
4418.68 100
4419.76 100
4420.84 100
4421.93 100
4423.02 100
4424.09 100
4425.17 100
4426.26 100
4427.34 100
4428.43 100
4429.52 100
4430.6 100
4431.68 100
4432.77 100
4433.86 100
4434.95 100
4436.02 100
4437.09 100
4438.16 100
4439.24 100
4440.33 100
4441.41 100
4442.49 100
4443.57 100
4444.65 100
4445.73 100
4446.81 100
4447.9 100
4448.98 100
4450.07 100
4451.16 100
4452.25 100
4453.34 100
4454.42 100
4455.5 100
4456.58 100
4457.66 100
4458.75 100
4459.84 100
4460.92 100
4462.01 100
4463.08 100
4464.16 100
4465.25 100
4466.34 100
4467.43 100
4468.52 100
4469.61 100
4470.7 100
4471.79 100
4472.87 100
4473.94 100
4475.03 100
4476.1 100
4477.19 100
4478.27 100
4479.36 100
4480.45 100
4481.54 100
4482.63 100
4483.71 100
4484.79 100
4485.87 100
4486.96 100
4488.04 100
4489.12 100
4490.21 100
4491.3 100
4492.37 100
4493.45 100
4494.54 100
4495.63 100
4496.72 100
4497.8 100
4498.89 100
4499.98 100
4501.06 100
4502.14 100
4503.22 100
4504.31 100
4505.4 100
4506.48 100
4507.56 100
4508.64 100
4509.73 100
4510.81 100
4511.89 100
4512.96 100
4514.04 100
4515.1 100
4516.19 100
4517.28 100
4518.36 100
4519.45 100
4520.54 100
4521.63 100
4522.72 100
4523.8 100
4524.88 100
4525.96 100
4527.04 100
4528.11 100
4529.2 100
4530.27 100
4531.36 100
4532.45 100
4533.53 100
4534.62 100
4535.7 100
4536.79 100
4537.87 100
4538.96 100
4540.04 100
4541.11 100
4542.2 100
4543.28 100
4544.37 100
4545.46 100
4546.54 100
4547.62 100
4548.71 100
4549.8 100
4550.89 100
4551.97 100
4553.05 100
4554.13 100
4555.22 100
4556.32 100
4557.4 100
4558.48 100
4559.57 100
4560.66 100
4561.74 100
4562.83 100
4563.91 100
4565.01 100
4566.08 100
4567.15 100
4568.23 100
4569.32 100
4570.41 100
4571.5 100
4572.6 100
4573.68 100
4574.77 100
4575.86 100
4576.95 100
4578.03 100
4579.11 100
4580.2 100
4581.28 100
4582.37 100
4583.46 100
4584.53 100
4585.61 100
4586.69 100
4587.78 100
4588.86 100
4589.94 100
4591.03 100
4592.1 100
4593.18 100
4594.27 100
4595.36 100
4596.45 100
4597.54 100
4598.63 100
4599.71 100
4600.8 100
4601.88 100
4602.96 100
4604.05 100
4605.13 100
4606.22 100
4607.32 100
4608.4 100
4609.48 100
4610.56 100
4611.64 100
4612.73 100
4613.82 100
4614.91 100
4616.0 100
4617.06 100
4618.15 100
4619.23 100
4620.32 100
4621.4 100
4622.49 100
4623.58 100
4624.66 100
4625.76 100
4626.84 100
4627.93 100
4629.01 100
4630.09 100
4631.18 100
4632.27 100
4633.36 100
4634.45 100
4635.54 100
4636.62 100
4637.7 100
4638.79 100
4639.87 100
4640.96 100
4642.04 100
4643.1 100
4644.18 100
4645.26 100
4646.35 100
4647.44 100
4648.52 100
4649.6 100
4650.68 100
4651.77 100
4652.86 100
4653.96 100
4655.04 100
4656.14 100
4657.22 100
4658.31 100
4659.4 100
4660.49 100
4661.58 100
4662.67 100
4663.75 100
4664.84 100
4665.91 100
4667.0 100
4668.08 100
4669.16 100
4670.25 100
4671.34 100
4672.42 100
4673.52 100
4674.6 100
4675.68 100
4676.76 100
4677.85 100
4678.94 100
4680.03 100
4681.1 100
4682.2 100
4683.28 100
4684.37 100
4685.46 100
4686.55 100
4687.63 100
4688.72 100
4689.81 100
4690.9 100
4691.98 100
4693.06 100
4694.15 100
4695.24 100
4696.32 100
4697.41 100
4698.5 100
4699.58 100
4700.67 100
4701.75 100
4702.84 100
4703.92 100
4705.01 100
4706.09 100
4707.18 100
4708.26 100
4709.35 100
4710.43 100
4711.52 100
4712.61 100
4713.7 100
4714.78 100
4715.86 100
4716.95 100
4718.04 100
4719.12 100
4720.22 100
4721.31 100
4722.39 100
4723.48 100
4724.56 100
4725.64 100
4726.72 100
4727.82 100
4728.9 100
4730.0 100
4731.07 100
4732.14 100
4733.24 100
4734.33 100
4735.42 100
4736.5 100
4737.58 100
4738.65 100
4739.74 100
4740.82 100
4741.91 100
4743.0 100
4744.07 100
4745.15 100
4746.24 100
4747.32 100
4748.41 100
4749.5 100
4750.58 100
4751.67 100
4752.76 100
4753.84 100
4754.93 100
4756.02 100
4757.09 100
4758.16 100
4759.25 100
4760.34 100
4761.42 100
4762.52 100
4763.6 100
4764.69 100
4765.77 100
4766.86 100
4767.94 100
4769.03 100
4770.1 100
4771.19 100
4772.27 100
4773.36 100
4774.45 100
4775.53 100
4776.62 100
4777.71 100
4778.79 100
4779.88 100
4780.97 100
4782.05 100
4783.12 100
4784.2 100
4785.29 100
4786.37 100
4787.46 100
4788.55 100
4789.62 100
4790.71 100
4791.8 100
4792.88 100
4793.96 100
4795.05 100
4796.12 100
4797.21 100
4798.3 100
4799.38 100
4800.47 100
4801.56 100
4802.63 100
4803.71 100
4804.8 100
4805.88 100
4806.96 100
4808.05 100
4809.12 100
4810.21 100
4811.3 100
4812.38 100
4813.46 100
4814.56 100
4815.64 100
4816.73 100
4817.82 100
4818.91 100
4820.0 100
4821.08 100
4822.15 100
4823.24 100
4824.33 100
4825.42 100
4826.5 100
4827.58 100
4828.66 100
4829.75 100
4830.83 100
4831.91 100
4833.0 100
4834.08 100
4835.16 100
4836.25 100
4837.33 100
4838.42 100
4839.5 100
4840.59 100
4841.67 100
4842.76 100
4843.84 100
4844.93 100
4846.02 100
4847.09 100
4848.16 100
4849.25 100
4850.34 100
4851.43 100
4852.51 100
4853.6 100
4854.68 100
4855.76 100
4856.84 100
4857.92 100
4859.02 100
4860.09 100
4861.17 100
4862.26 100
4863.35 100
4864.43 100
4865.52 100
4866.6 100
4867.68 100
4868.76 100
4869.84 100
4870.93 100
4872.02 100
4873.09 100
4874.17 100
4875.26 100
4876.34 100
4877.41 100
4878.49 100
4879.58 100
4880.67 100
4881.76 100
4882.83 100
4883.92 100
4885.01 100
4886.08 100
4887.16 100
4888.25 100
4889.34 100
4890.43 100
4891.51 100
4892.6 100
4893.69 100
4894.77 100
4895.85 100
4896.94 100
4898.02 100
4899.09 100
4900.17 100
4901.26 100
4902.34 100
4903.43 100
4904.51 100
4905.6 100
4906.69 100
4907.78 100
4908.87 100
4909.95 100
4911.04 100
4912.13 100
4913.21 100
4914.3 100
4915.38 100
4916.47 100
4917.56 100
4918.65 100
4919.73 100
4920.81 100
4921.9 100
4922.99 100
4924.06 100
4925.15 100
4926.24 100
4927.32 100
4928.41 100
4929.49 100
4930.58 100
4931.66 100
4932.74 100
4933.84 100
4934.92 100
4936.0 100
4937.06 100
4938.14 100
4939.23 100
4940.32 100
4941.4 100
4942.49 100
4943.58 100
4944.66 100
4945.74 100
4946.82 100
4947.91 100
4949.0 100
4950.06 100
4951.13 100
4952.22 100
4953.32 100
4954.4 100
4955.49 100
4956.58 100
4957.66 100
4958.76 100
4959.84 100
4960.93 100
4962.01 100
4963.08 100
4964.16 100
4965.25 100
4966.34 100
4967.43 100
4968.51 100
4969.6 100
4970.68 100
4971.77 100
4972.85 100
4973.94 100
4975.02 100
4976.11 100
4977.19 100
4978.28 100
4979.37 100
4980.46 100
4981.55 100
4982.64 100
4983.72 100
4984.81 100
4985.9 100
4986.99 100
4988.07 100
4989.14 100
4990.23 100
4991.31 100
4992.4 100
4993.48 100
4994.57 100
4995.66 100
4996.74 100
4997.82 100
4998.9 100
4999.99 100
5001.06 100
5002.14 100
5003.24 100
5004.32 100
5005.41 100
5006.5 100
5007.58 100
5008.66 100
5009.74 100
5010.82 100
5011.91 100
5013.0 100
5014.06 100
5015.14 100
5016.23 100
5017.32 100
5018.42 100
5019.51 100
5020.6 100
5021.67 100
5022.76 100
5023.84 100
5024.92 100
5026.01 100
5027.08 100
5028.16 100
5029.24 100
5030.33 100
5031.42 100
5032.51 100
5033.6 100
5034.68 100
5035.76 100
5036.84 100
5037.93 100
5039.01 100
5040.09 100
5041.17 100
5042.25 100
5043.34 100
5044.42 100
5045.5 100
5046.58 100
5047.66 100
5048.74 100
5049.82 100
5050.91 100
5052.0 100
5053.07 100
5054.16 100
5055.25 100
5056.34 100
5057.43 100
5058.51 100
5059.59 100
5060.67 100
5061.75 100
5062.83 100
5063.92 100
5065.0 100
5066.07 100
5067.15 100
5068.24 100
5069.33 100
5070.42 100
5071.51 100
5072.6 100
5073.68 100
5074.76 100
5075.84 100
5076.93 100
5078.02 100
5079.09 100
5080.17 100
5081.25 100
5082.34 100
5083.42 100
5084.51 100
5085.6 100
5086.68 100
5087.77 100
5088.86 100
5089.95 100
5091.03 100
5092.11 100
5093.2 100
5094.29 100
5095.38 100
5096.47 100
5097.54 100
5098.62 100
5099.72 100
5100.81 100
5101.9 100
5103.0 100
5104.06 100
5105.14 100
5106.22 100
5107.31 100
5108.4 100
5109.48 100
5110.56 100
5111.65 100
5112.73 100
5113.82 100
5114.92 100
5116.0 100
5117.08 100
5118.16 100
5119.25 100
5120.34 100
5121.43 100
5122.51 100
5123.6 100
5124.68 100
5125.76 100
5126.85 100
5127.94 100
5129.02 100
5130.1 100
5131.19 100
5132.28 100
5133.36 100
5134.44 100
5135.52 100
5136.6 100
5137.67 100
5138.76 100
5139.84 100
5140.93 100
5142.02 100
5143.09 100
5144.17 100
5145.25 100
5146.34 100
5147.43 100
5148.51 100
5149.6 100
5150.68 100
5151.77 100
5152.85 100
5153.93 100
5155.01 100
5156.09 100
5157.16 100
5158.25 100
5159.33 100
5160.42 100
5161.5 100
5162.58 100
5163.66 100
5164.74 100
5165.82 100
5166.9 100
5168.0 100
5169.06 100
5170.15 100
5171.24 100
5172.32 100
5173.4 100
5174.49 100
5175.58 100
5176.66 100
5177.74 100
5178.82 100
5179.9 100
5180.98 100
5182.04 100
5183.12 100
5184.2 100
5185.29 100
5186.38 100
5187.46 100
5188.55 100
5189.64 100
5190.72 100
5191.81 100
5192.89 100
5193.98 100
5195.06 100
5196.14 100
5197.23 100
5198.31 100
5199.41 100
5200.5 100
5201.58 100
5202.67 100
5203.75 100
5204.84 100
5205.93 100
5207.02 100
5208.1 100
5209.18 100
5210.26 100
5211.35 100
5212.43 100
5213.51 100
5214.6 100
5215.68 100
5216.76 100
5217.84 100
5218.92 100
5220.01 100
5221.08 100
5222.16 100
5223.24 100
5224.33 100
5225.42 100
5226.5 100
5227.57 100
5228.65 100
5229.74 100
5230.82 100
5231.91 100
5232.99 100
5234.06 100
5235.14 100
5236.22 100
5237.31 100
5238.4 100
5239.48 100
5240.57 100
5241.65 100
5242.73 100
5243.82 100
5244.91 100
5246.0 100
5247.06 100
5248.15 100
5249.23 100
5250.32 100
5251.41 100
5252.49 100
5253.58 100
5254.66 100
5255.75 100
5256.83 100
5257.92 100
5259.0 100
5260.08 100
5261.16 100
5262.24 100
5263.33 100
5264.42 100
5265.5 100
5266.58 100
5267.67 100
5268.76 100
5269.85 100
5270.94 100
5272.02 100
5273.11 100
5274.2 100
5275.28 100
5276.36 100
5277.45 100
5278.54 100
5279.63 100
5280.72 100
5281.8 100
5282.87 100
5283.94 100
5285.03 100
5286.11 100
5287.2 100
5288.28 100
5289.37 100
5290.46 100
5291.55 100
5292.64 100
5293.72 100
5294.8 100
5295.88 100
5296.97 100
5298.04 100
5299.12 100
5300.2 100
5301.28 100
5302.36 100
5303.45 100
5304.53 100
5305.62 100
5306.71 100
5307.8 100
5308.88 100
5309.98 100
5311.05 100
5312.13 100
5313.22 100
5314.31 100
5315.4 100
5316.49 100
5317.58 100
5318.66 100
5319.74 100
5320.81 100
5321.9 100
5322.98 100
5324.06 100
5325.14 100
5326.22 100
5327.3 100
5328.39 100
5329.47 100
5330.56 100
5331.65 100
5332.73 100
5333.81 100
5334.9 100
5335.99 100
5337.06 100
5338.14 100
5339.23 100
5340.31 100
5341.39 100
5342.48 100
5343.56 100
5344.64 100
5345.72 100
5346.8 100
5347.88 100
5348.97 100
5350.05 100
5351.13 100
5352.21 100
5353.31 100
5354.4 100
5355.48 100
5356.56 100
5357.64 100
5358.72 100
5359.81 100
5360.9 100
5361.99 100
5363.06 100
5364.14 100
5365.23 100
5366.32 100
5367.4 100
5368.48 100
5369.56 100
5370.64 100
5371.72 100
5372.82 100
5373.9 100
5374.99 100
5376.06 100
5377.13 100
5378.21 100
5379.3 100
5380.38 100
5381.46 100
5382.54 100
5383.63 100
5384.71 100
5385.8 100
5386.89 100
5387.99 100
5389.06 100
5390.14 100
5391.22 100
5392.31 100
5393.4 100
5394.48 100
5395.56 100
5396.65 100
5397.74 100
5398.82 100
5399.9 100
5400.99 100
5402.06 100
5403.14 100
5404.23 100
5405.32 100
5406.41 100
5407.5 100
5408.59 100
5409.67 100
5410.76 100
5411.85 100
5412.93 100
5414.02 100
5415.11 100
5416.2 100
5417.28 100
5418.36 100
5419.45 100
5420.53 100
5421.62 100
5422.7 100
5423.78 100
5424.87 100
5425.95 100
5427.04 100
5428.12 100
5429.2 100
5430.29 100
5431.38 100
5432.47 100
5433.55 100
5434.64 100
5435.73 100
5436.82 100
5437.9 100
5438.98 100
5440.06 100
5441.13 100
5442.21 100
5443.3 100
5444.38 100
5445.47 100
5446.56 100
5447.64 100
5448.73 100
5449.81 100
5450.9 100
5451.98 100
5453.06 100
5454.15 100
5455.24 100
5456.32 100
5457.4 100
5458.47 100
5459.55 100
5460.63 100
5461.71 100
5462.8 100
5463.88 100
5464.97 100
5466.05 100
5467.14 100
5468.22 100
5469.31 100
5470.4 100
5471.47 100
5472.56 100
5473.65 100
5474.74 100
5475.83 100
5476.92 100
5478.0 100
5479.08 100
5480.16 100
5481.25 100
5482.34 100
5483.43 100
5484.51 100
5485.6 100
5486.67 100
5487.76 100
5488.84 100
5489.92 100
5491.01 100
5492.09 100
5493.17 100
5494.26 100
5495.35 100
5496.44 100
5497.52 100
5498.6 100
5499.68 100
5500.76 100
5501.85 100
5502.93 100
5504.01 100
5505.07 100
5506.14 100
5507.23 100
5508.32 100
5509.4 100
5510.48 100
5511.57 100
5512.66 100
5513.75 100
5514.84 100
5515.91 100
5517.0 100
5518.08 100
5519.16 100
5520.25 100
5521.34 100
5522.42 100
5523.5 100
5524.57 100
5525.65 100
5526.74 100
5527.83 100
5528.91 100
5530.0 100
5531.07 100
5532.14 100
5533.23 100
5534.32 100
5535.4 100
5536.48 100
5537.57 100
5538.66 100
5539.74 100
5540.82 100
5541.92 100
5543.0 100
5544.07 100
5545.15 100
5546.24 100
5547.33 100
5548.42 100
5549.51 100
5550.6 100
5551.68 100
5552.76 100
5553.84 100
5554.93 100
5556.02 100
5557.1 100
5558.19 100
5559.27 100
5560.36 100
5561.44 100
5562.52 100
5563.6 100
5564.68 100
5565.76 100
5566.84 100
5567.92 100
5569.0 100
5570.07 100
5571.15 100
5572.24 100
5573.34 100
5574.42 100
5575.51 100
5576.6 100
5577.67 100
5578.76 100
5579.84 100
5580.93 100
5582.01 100
5583.09 100
5584.17 100
5585.26 100
5586.34 100
5587.42 100
5588.5 100
5589.59 100
5590.68 100
5591.76 100
5592.85 100
5593.94 100
5595.03 100
5596.12 100
5597.21 100
5598.29 100
5599.38 100
5600.46 100
5601.54 100
5602.62 100
5603.71 100
5604.8 100
5605.88 100
5606.97 100
5608.05 100
5609.13 100
5610.22 100
5611.32 100
5612.41 100
5613.5 100
5614.58 100
5615.67 100
5616.74 100
5617.83 100
5618.92 100
5620.01 100
5621.1 100
5622.18 100
5623.27 100
5624.36 100
5625.45 100
5626.54 100
5627.63 100
5628.71 100
5629.8 100
5630.89 100
5631.98 100
5633.05 100
5634.13 100
5635.22 100
5636.31 100
5637.39 100
5638.48 100
5639.57 100
5640.66 100
5641.75 100
5642.83 100
5643.92 100
5645.0 100
5646.06 100
5647.15 100
5648.24 100
5649.32 100
5650.41 100
5651.5 100
5652.57 100
5653.66 100
5654.74 100
5655.83 100
5656.92 100
5658.0 100
5659.08 100
5660.16 100
5661.24 100
5662.32 100
5663.4 100
5664.49 100
5665.57 100
5666.65 100
5667.73 100
5668.82 100
5669.91 100
5670.98 100
5672.06 100
5673.14 100
5674.23 100
5675.32 100
5676.4 100
5677.48 100
5678.57 100
5679.66 100
5680.74 100
5681.83 100
5682.91 100
5683.99 100
5685.06 100
5686.14 100
5687.23 100
5688.32 100
5689.4 100
5690.47 100
5691.55 100
5692.63 100
5693.71 100
5694.8 100
5695.87 100
5696.96 100
5698.04 100
5699.12 100
5700.21 100
5701.29 100
5702.38 100
5703.48 100
5704.56 100
5705.64 100
5706.73 100
5707.82 100
5708.9 100
5709.98 100
5711.06 100
5712.14 100
5713.23 100
5714.32 100
5715.41 100
5716.49 100
5717.58 100
5718.66 100
5719.75 100
5720.83 100
5721.92 100
5723.0 100
5724.07 100
5725.15 100
5726.23 100
5727.31 100
5728.4 100
5729.49 100
5730.58 100
5731.66 100
5732.76 100
5733.84 100
5734.93 100
5736.02 100
5737.1 100
5738.18 100
5739.26 100
5740.35 100
5741.44 100
5742.52 100
5743.62 100
5744.7 100
5745.78 100
5746.87 100
5747.96 100
5749.04 100
5750.12 100
5751.21 100
5752.3 100
5753.38 100
5754.46 100
5755.54 100
5756.62 100
5757.71 100
5758.8 100
5759.89 100
5760.97 100
5762.05 100
5763.12 100
5764.2 100
5765.28 100
5766.37 100
5767.46 100
5768.55 100
5769.62 100
5770.7 100
5771.78 100
5772.86 100
5773.96 100
5775.04 100
5776.12 100
5777.21 100
5778.3 100
5779.38 100
5780.47 100
5781.55 100
5782.62 100
5783.71 100
5784.8 100
5785.88 100
5786.96 100
5788.04 100
5789.12 100
5790.22 100
5791.31 100
5792.39 100
5793.48 100
5794.57 100
5795.66 100
5796.75 100
5797.83 100
5798.92 100
5800.01 100
5801.09 100
5802.17 100
5803.25 100
5804.33 100
5805.41 100
5806.5 100
5807.59 100
5808.67 100
5809.76 100
5810.85 100
5811.94 100
5813.02 100
5814.1 100
5815.18 100
5816.27 100
5817.36 100
5818.44 100
5819.53 100
5820.61 100
5821.7 100
5822.78 100
5823.87 100
5824.96 100
5826.02 100
5827.1 100
5828.18 100
5829.27 100
5830.35 100
5831.44 100
5832.53 100
5833.62 100
5834.71 100
5835.8 100
5836.87 100
5837.96 100
5839.04 100
5840.12 100
5841.21 100
5842.3 100
5843.38 100
5844.46 100
5845.54 100
5846.64 100
5847.73 100
5848.82 100
5849.91 100
5851.0 100
5852.08 100
5853.16 100
5854.25 100
5855.33 100
5856.41 100
5857.49 100
5858.58 100
5859.67 100
5860.75 100
5861.84 100
5862.92 100
5864.01 100
5865.09 100
5866.17 100
5867.26 100
5868.35 100
5869.43 100
5870.52 100
5871.61 100
5872.7 100
5873.77 100
5874.86 100
5875.95 100
5877.03 100
5878.1 100
5879.19 100
5880.27 100
5881.36 100
5882.44 100
5883.53 100
5884.62 100
5885.7 100
5886.79 100
5887.88 100
5888.97 100
5890.06 100
5891.13 100
5892.23 100
5893.32 100
5894.41 100
5895.5 100
5896.58 100
5897.66 100
5898.75 100
5899.84 100
5900.93 100
5902.02 100
5903.1 100
5904.18 100
5905.26 100
5906.35 100
5907.45 100
5908.53 100
5909.61 100
5910.7 100
5911.78 100
5912.88 100
5913.97 100
5915.05 100
5916.14 100
5917.22 100
5918.3 100
5919.39 100
5920.47 100
5921.56 100
5922.65 100
5923.74 100
5924.82 100
5925.91 100
5926.99 100
5928.06 100
5929.14 100
5930.23 100
5931.32 100
5932.41 100
5933.5 100
5934.58 100
5935.66 100
5936.74 100
5937.83 100
5938.91 100
5939.99 100
5941.07 100
5942.15 100
5943.24 100
5944.33 100
5945.42 100
5946.51 100
5947.59 100
5948.68 100
5949.77 100
5950.86 100
5951.95 100
5953.03 100
5954.11 100
5955.2 100
5956.28 100
5957.36 100
5958.44 100
5959.53 100
5960.62 100
5961.7 100
5962.78 100
5963.86 100
5964.96 100
5966.04 100
5967.12 100
5968.21 100
5969.3 100
5970.38 100
5971.47 100
5972.56 100
5973.64 100
5974.73 100
5975.83 100
5976.91 100
5978.0 100
5979.06 100
5980.14 100
5981.23 100
5982.31 100
5983.4 100
5984.49 100
5985.58 100
5986.66 100
5987.75 100
5988.84 100
5989.92 100
5991.01 100
5992.09 100
5993.16 100
5994.25 100
5995.34 100
5996.43 100
5997.51 100
5998.6 100
5999.67 100
6000.75 100
6001.83 100
6002.91 100
6004.0 100
6005.08 100
6006.17 100
6007.26 100
6008.34 100
6009.43 100
6010.52 100
6011.6 100
6012.68 100
6013.77 100
6014.86 100
6015.96 100
6017.03 100
6018.1 100
6019.18 100
6020.26 100
6021.34 100
6022.42 100
6023.52 100
6024.6 100
6025.67 100
6026.75 100
6027.84 100
6028.92 100
6030.0 100
6031.08 100
6032.16 100
6033.25 100
6034.34 100
6035.42 100
6036.51 100
6037.58 100
6038.66 100
6039.75 100
6040.84 100
6041.92 100
6043.0 100
6044.07 100
6045.16 100
6046.24 100
6047.33 100
6048.42 100
6049.51 100
6050.59 100
6051.68 100
6052.77 100
6053.86 100
6054.96 100
6056.03 100
6057.1 100
6058.19 100
6059.28 100
6060.37 100
6061.46 100
6062.55 100
6063.63 100
6064.72 100
6065.81 100
6066.9 100
6067.98 100
6069.07 100
6070.16 100
6071.24 100
6072.33 100
6073.42 100
6074.5 100
6075.58 100
6076.66 100
6077.75 100
6078.84 100
6079.93 100
6081.01 100
6082.09 100
6083.17 100
6084.26 100
6085.34 100
6086.44 100
6087.52 100
6088.61 100
6089.7 100
6090.78 100
6091.86 100
6092.96 100
6094.04 100
6095.12 100
6096.2 100
6097.28 100
6098.37 100
6099.46 100
6100.54 100
6101.62 100
6102.71 100
6103.79 100
6104.88 100
6105.96 100
6107.04 100
6108.12 100
6109.21 100
6110.3 100
6111.39 100
6112.47 100
6113.56 100
6114.65 100
6115.74 100
6116.84 100
6117.92 100
6119.01 100
6120.1 100
6121.18 100
6122.27 100
6123.36 100
6124.45 100
6125.54 100
6126.63 100
6127.7 100
6128.79 100
6129.87 100
6130.96 100
6132.04 100
6133.12 100
6134.22 100
6135.3 100
6136.38 100
6137.46 100
6138.55 100
6139.63 100
6140.72 100
6141.8 100
6142.88 100
6143.96 100
6145.03 100
6146.1 100
6147.16 100
6148.25 100
6149.33 100
6150.42 100
6151.51 100
6152.6 100
6153.69 100
6154.77 100
6155.85 100
6156.93 100
6158.02 100
6159.11 100
6160.2 100
6161.29 100
6162.37 100
6163.45 100
6164.53 100
6165.62 100
6166.7 100
6167.78 100
6168.86 100
6169.95 100
6171.03 100
6172.12 100
6173.21 100
6174.3 100
6175.38 100
6176.48 100
6177.56 100
6178.65 100
6179.74 100
6180.82 100
6181.91 100
6182.99 100
6184.06 100
6185.14 100
6186.23 100
6187.31 100
6188.4 100
6189.48 100
6190.57 100
6191.66 100
6192.74 100
6193.82 100
6194.91 100
6196.0 100
6197.08 100
6198.16 100
6199.25 100
6200.34 100
6201.41 100
6202.5 100
6203.58 100
6204.68 100
6205.76 100
6206.85 100
6207.94 100
6209.02 100
6210.1 100
6211.18 100
6212.27 100
6213.35 100
6214.44 100
6215.53 100
6216.61 100
6217.69 100
6218.78 100
6219.87 100
6220.96 100
6222.03 100
6223.1 100
6224.19 100
6225.27 100
6226.36 100
6227.45 100
6228.54 100
6229.63 100
6230.72 100
6231.81 100
6232.9 100
6233.98 100
6235.06 100
6236.15 100
6237.23 100
6238.32 100
6239.41 100
6240.49 100
6241.58 100
6242.66 100
6243.75 100
6244.84 100
6245.92 100
6246.99 100
6248.08 100
6249.16 100
6250.25 100
6251.34 100
6252.43 100
6253.51 100
6254.6 100
6255.68 100
6256.75 100
6257.84 100
6258.92 100
6260.01 100
6261.09 100
6262.18 100
6263.26 100
6264.36 100
6265.44 100
6266.53 100
6267.62 100
6268.7 100
6269.79 100
6270.87 100
6271.96 100
6273.04 100
6274.12 100
6275.22 100
6276.3 100
6277.39 100
6278.47 100
6279.56 100
6280.64 100
6281.73 100
6282.82 100
6283.9 100
6284.98 100
6286.05 100
6287.14 100
6288.22 100
6289.31 100
6290.39 100
6291.48 100
6292.56 100
6293.64 100
6294.73 100
6295.81 100
6296.89 100
6297.97 100
6299.04 100
6300.13 100
6301.21 100
6302.3 100
6303.38 100
6304.46 100
6305.54 100
6306.63 100
6307.72 100
6308.82 100
6309.9 100
6310.98 100
6312.07 100
6313.15 100
6314.24 100
6315.33 100
6316.41 100
6317.5 100
6318.58 100
6319.66 100
6320.75 100
6321.83 100
6322.91 100
6323.99 100
6325.08 100
6326.16 100
6327.25 100
6328.34 100
6329.42 100
6330.5 100
6331.59 100
6332.67 100
6333.76 100
6334.85 100
6335.95 100
6337.02 100
6338.1 100
6339.2 100
6340.28 100
6341.37 100
6342.45 100
6343.54 100
6344.63 100
6345.73 100
6346.81 100
6347.9 100
6348.98 100
6350.06 100
6351.15 100
6352.23 100
6353.32 100
6354.42 100
6355.5 100
6356.58 100
6357.67 100
6358.76 100
6359.84 100
6360.94 100
6362.02 100
6363.1 100
6364.18 100
6365.26 100
6366.35 100
6367.44 100
6368.53 100
6369.62 100
6370.71 100
6371.79 100
6372.88 100
6373.97 100
6375.06 100
6376.15 100
6377.23 100
6378.32 100
6379.42 100
6380.5 100
6381.58 100
6382.66 100
6383.76 100
6384.84 100
6385.94 100
6387.01 100
6388.09 100
6389.17 100
6390.26 100
6391.35 100
6392.44 100
6393.52 100
6394.61 100
6395.7 100
6396.78 100
6397.86 100
6398.95 100
6400.03 100
6401.1 100
6402.19 100
6403.28 100
6404.36 100
6405.45 100
6406.54 100
6407.62 100
6408.7 100
6409.78 100
6410.87 100
6411.96 100
6413.03 100
6414.1 100
6415.18 100
6416.27 100
6417.36 100
6418.44 100
6419.52 100
6420.6 100
6421.68 100
6422.77 100
6423.86 100
6424.94 100
6426.02 100
6427.1 100
6428.18 100
6429.28 100
6430.36 100
6431.45 100
6432.53 100
6433.61 100
6434.7 100
6435.79 100
6436.87 100
6437.95 100
6439.02 100
6440.1 100
6441.18 100
6442.27 100
6443.36 100
6444.44 100
6445.53 100
6446.62 100
6447.71 100
6448.79 100
6449.87 100
6450.95 100
6452.03 100
6453.12 100
6454.21 100
6455.3 100
6456.37 100
6457.45 100
6458.54 100
6459.62 100
6460.71 100
6461.8 100
6462.88 100
6463.96 100
6465.03 100
6466.1 100
6467.19 100
6468.27 100
6469.36 100
6470.45 100
6471.54 100
6472.63 100
6473.72 100
6474.8 100
6475.88 100
6476.97 100
6478.05 100
6479.14 100
6480.23 100
6481.31 100
6482.4 100
6483.48 100
6484.57 100
6485.66 100
6486.75 100
6487.84 100
6488.93 100
6490.01 100
6491.08 100
6492.17 100
6493.25 100
6494.34 100
6495.42 100
6496.52 100
6497.61 100
6498.7 100
6499.78 100
6500.86 100
6501.94 100
6503.02 100
6504.1 100
6505.19 100
6506.28 100
6507.36 100
6508.44 100
6509.53 100
6510.62 100
6511.7 100
6512.78 100
6513.87 100
6514.95 100
6516.04 100
6517.12 100
6518.2 100
6519.28 100
6520.37 100
6521.46 100
6522.54 100
6523.64 100
6524.72 100
6525.81 100
6526.9 100
6527.98 100
6529.06 100
6530.13 100
6531.21 100
6532.29 100
6533.37 100
6534.46 100
6535.55 100
6536.64 100
6537.72 100
6538.81 100
6539.9 100
6540.98 100
6542.07 100
6543.15 100
6544.24 100
6545.33 100
6546.41 100
6547.5 100
6548.58 100
6549.67 100
6550.76 100
6551.84 100
6552.93 100
6554.0 100
6555.07 100
6556.16 100
6557.24 100
6558.33 100
6559.43 100
6560.52 100
6561.6 100
6562.69 100
6563.78 100
6564.86 100
6565.94 100
6567.01 100
6568.09 100
6569.17 100
6570.26 100
6571.35 100
6572.44 100
6573.53 100
6574.61 100
6575.69 100
6576.77 100
6577.85 100
6578.95 100
6580.03 100
6581.11 100
6582.19 100
6583.29 100
6584.38 100
6585.47 100
6586.56 100
6587.64 100
6588.73 100
6589.82 100
6590.91 100
6592.0 100
6593.07 100
6594.15 100
6595.24 100
6596.32 100
6597.4 100
6598.49 100
6599.58 100
6600.66 100
6601.74 100
6602.81 100
6603.9 100
6605.0 100
6606.08 100
6607.16 100
6608.24 100
6609.33 100
6610.42 100
6611.51 100
6612.6 100
6613.69 100
6614.78 100
6615.86 100
6616.95 100
6618.03 100
6619.1 100
6620.18 100
6621.26 100
6622.34 100
6623.43 100
6624.51 100
6625.6 100
6626.68 100
6627.77 100
6628.86 100
6629.94 100
6631.02 100
6632.1 100
6633.18 100
6634.28 100
6635.36 100
6636.45 100
6637.53 100
6638.61 100
6639.69 100
6640.78 100
6641.87 100
6642.95 100
6644.03 100
6645.1 100
6646.19 100
6647.28 100
6648.36 100
6649.44 100
6650.52 100
6651.6 100
6652.69 100
6653.78 100
6654.87 100
6655.95 100
6657.03 100
6658.11 100
6659.2 100
6660.27 100
6661.36 100
6662.45 100
6663.54 100
6664.62 100
6665.71 100
6666.79 100
6667.88 100
6668.97 100
6670.06 100
6671.14 100
6672.23 100
6673.32 100
6674.41 100
6675.5 100
6676.57 100
6677.66 100
6678.74 100
6679.82 100
6680.91 100
6682.0 100
6683.07 100
6684.16 100
6685.24 100
6686.32 100
6687.41 100
6688.5 100
6689.58 100
6690.66 100
6691.75 100
6692.84 100
6693.93 100
6695.0 100
6696.08 100
6697.16 100
6698.25 100
6699.34 100
6700.42 100
6701.5 100
6702.58 100
6703.67 100
6704.76 100
6705.84 100
6706.93 100
6708.01 100
6709.09 100
6710.17 100
6711.26 100
6712.35 100
6713.44 100
6714.52 100
6715.61 100
6716.7 100
6717.79 100
6718.88 100
6719.95 100
6721.02 100
6722.1 100
6723.18 100
6724.25 100
6725.33 100
6726.41 100
6727.5 100
6728.58 100
6729.67 100
6730.76 100
6731.84 100
6732.94 100
6734.02 100
6735.1 100
6736.18 100
6737.27 100
6738.36 100
6739.44 100
6740.53 100
6741.62 100
6742.71 100
6743.8 100
6744.88 100
6745.96 100
6747.05 100
6748.14 100
6749.23 100
6750.32 100
6751.41 100
6752.5 100
6753.58 100
6754.66 100
6755.74 100
6756.83 100
6757.92 100
6759.0 100
6760.07 100
6761.15 100
6762.24 100
6763.32 100
6764.4 100
6765.48 100
6766.57 100
6767.66 100
6768.74 100
6769.83 100
6770.92 100
6772.0 100
6773.07 100
6774.15 100
6775.24 100
6776.34 100
6777.42 100
6778.5 100
6779.58 100
6780.66 100
6781.74 100
6782.83 100
6783.92 100
6785.0 100
6786.08 100
6787.15 100
6788.25 100
6789.34 100
6790.43 100
6791.52 100
6792.6 100
6793.69 100
6794.77 100
6795.86 100
6796.94 100
6798.03 100
6799.12 100
6800.21 100
6801.3 100
6802.38 100
6803.47 100
6804.55 100
6805.63 100
6806.72 100
6807.8 100
6808.88 100
6809.97 100
6811.06 100
6812.14 100
6813.23 100
6814.32 100
6815.41 100
6816.5 100
6817.58 100
6818.66 100
6819.75 100
6820.84 100
6821.94 100
6823.01 100
6824.09 100
6825.18 100
6826.26 100
6827.35 100
6828.44 100
6829.52 100
6830.61 100
6831.7 100
6832.78 100
6833.86 100
6834.94 100
6836.03 100
6837.11 100
6838.2 100
6839.3 100
6840.38 100
6841.47 100
6842.56 100
6843.65 100
6844.74 100
6845.82 100
6846.92 100
6848.0 100
6849.07 100
6850.14 100
6851.22 100
6852.3 100
6853.39 100
6854.48 100
6855.56 100
6856.64 100
6857.73 100
6858.8 100
6859.87 100
6860.96 100
6862.04 100
6863.13 100
6864.22 100
6865.31 100
6866.4 100
6867.48 100
6868.56 100
6869.65 100
6870.74 100
6871.83 100
6872.93 100
6874.0 100
6875.08 100
6876.16 100
6877.25 100
6878.34 100
6879.42 100
6880.5 100
6881.58 100
6882.66 100
6883.74 100
6884.83 100
6885.92 100
6887.0 100
6888.08 100
6889.16 100
6890.25 100
6891.34 100
6892.42 100
6893.51 100
6894.6 100
6895.68 100
6896.76 100
6897.85 100
6898.94 100
6900.01 100
6901.09 100
6902.17 100
6903.26 100
6904.35 100
6905.44 100
6906.52 100
6907.61 100
6908.7 100
6909.78 100
6910.86 100
6911.94 100
6913.02 100
6914.1 100
6915.18 100
6916.27 100
6917.35 100
6918.43 100
6919.52 100
6920.6 100
6921.68 100
6922.76 100
6923.84 100
6924.93 100
6926.01 100
6927.1 100
6928.19 100
6929.28 100
6930.36 100
6931.46 100
6932.54 100
6933.62 100
6934.71 100
6935.79 100
6936.88 100
6937.97 100
6939.06 100
6940.14 100
6941.23 100
6942.32 100
6943.4 100
6944.49 100
6945.57 100
6946.65 100
6947.73 100
6948.8 100
6949.86 100
6950.94 100
6952.01 100
6953.09 100
6954.17 100
6955.26 100
6956.34 100
6957.42 100
6958.51 100
6959.59 100
6960.68 100
6961.76 100
6962.85 100
6963.94 100
6965.02 100
6966.1 100
6967.19 100
6968.27 100
6969.35 100
6970.43 100
6971.5 100
6972.58 100
6973.66 100
6974.74 100
6975.83 100
6976.93 100
6978.01 100
6979.08 100
6980.16 100
6981.24 100
6982.32 100
6983.4 100
6984.48 100
6985.57 100
6986.65 100
6987.73 100
6988.81 100
6989.89 100
6990.98 100
6992.06 100
6993.14 100
6994.23 100
6995.32 100
6996.41 100
6997.5 100
6998.58 100
6999.67 100
7000.75 100
7001.84 100
7002.93 100
7004.0 100
7005.08 100
7006.15 100
7007.24 100
7008.32 100
7009.4 100
7010.48 100
7011.56 100
7012.64 100
7013.72 100
7014.81 100
7015.89 100
7016.97 100
7018.06 100
7019.15 100
7020.24 100
7021.32 100
7022.41 100
7023.5 100
7024.58 100
7025.67 100
7026.75 100
7027.84 100
7028.93 100
7030.0 100
7031.08 100
7032.17 100
7033.25 100
7034.34 100
7035.42 100
7036.5 100
7037.58 100
7038.66 100
7039.75 100
7040.84 100
7041.93 100
7043.0 100
7044.06 100
7045.14 100
7046.22 100
7047.3 100
7048.38 100
7049.47 100
7050.54 100
7051.62 100
7052.7 100
7053.78 100
7054.86 100
7055.94 100
7057.02 100
7058.1 100
7059.18 100
7060.26 100
7061.35 100
7062.43 100
7063.52 100
7064.62 100
7065.7 100
7066.79 100
7067.87 100
7068.96 100
7070.04 100
7071.12 100
7072.2 100
7073.27 100
7074.36 100
7075.45 100
7076.54 100
7077.63 100
7078.71 100
7079.8 100
7080.88 100
7081.96 100
7083.04 100
7084.11 100
7085.2 100
7086.28 100
7087.36 100
7088.44 100
7089.52 100
7090.6 100
7091.69 100
7092.77 100
7093.85 100
7094.93 100
7096.0 100
7097.08 100
7098.16 100
7099.24 100
7100.33 100
7101.42 100
7102.5 100
7103.58 100
7104.66 100
7105.74 100
7106.82 100
7107.91 100
7108.98 100
7110.06 100
7111.15 100
7112.24 100
7113.32 100
7114.4 100
7115.48 100
7116.57 100
7117.65 100
7118.74 100
7119.83 100
7120.92 100
7122.0 100
7123.08 100
7124.16 100
7125.25 100
7126.33 100
7127.42 100
7128.5 100
7129.58 100
7130.66 100
7131.74 100
7132.82 100
7133.91 100
7134.98 100
7136.07 100
7137.15 100
7138.24 100
7139.32 100
7140.4 100
7141.48 100
7142.56 100
7143.65 100
7144.74 100
7145.82 100
7146.91 100
7147.98 100
7149.07 100
7150.16 100
7151.25 100
7152.33 100
7153.42 100
7154.51 100
7155.59 100
7156.68 100
7157.76 100
7158.85 100
7159.93 100
7161.01 100
7162.1 100
7163.19 100
7164.27 100
7165.36 100
7166.45 100
7167.53 100
7168.62 100
7169.71 100
7170.8 100
7171.88 100
7172.96 100
7174.05 100
7175.13 100
7176.23 100
7177.31 100
7178.4 100
7179.48 100
7180.57 100
7181.66 100
7182.74 100
7183.82 100
7184.92 100
7185.99 100
7187.07 100
7188.14 100
7189.22 100
7190.3 100
7191.38 100
7192.45 100
7193.54 100
7194.63 100
7195.71 100
7196.8 100
7197.88 100
7198.96 100
7200.05 100
7201.12 100
7202.21 100
7203.3 100
7204.38 100
7205.45 100
7206.53 100
7207.62 100
7208.71 100
7209.8 100
7210.87 100
7211.96 100
7213.05 100
7214.12 100
7215.21 100
7216.3 100
7217.39 100
7218.47 100
7219.56 100
7220.64 100
7221.72 100
7222.8 100
7223.88 100
7224.96 100
7226.05 100
7227.12 100
7228.2 100
7229.27 100
7230.35 100
7231.42 100
7232.5 100
7233.56 100
7234.64 100
7235.72 100
7236.81 100
7237.89 100
7238.98 100
7240.06 100
7241.13 100
7242.22 100
7243.3 100
7244.38 100
7245.46 100
7246.55 100
7247.64 100
7248.73 100
7249.82 100
7250.9 100
7251.97 100
7253.05 100
7254.12 100
7255.2 100
7256.27 100
7257.36 100
7258.45 100
7259.54 100
7260.62 100
7261.71 100
7262.8 100
7263.88 100
7264.96 100
7266.05 100
7267.13 100
7268.21 100
7269.3 100
7270.38 100
7271.45 100
7272.52 100
7273.6 100
7274.67 100
7275.75 100
7276.84 100
7277.92 100
7279.0 100
7280.06 100
7281.14 100
7282.22 100
7283.31 100
7284.4 100
7285.47 100
7286.56 100
7287.64 100
7288.72 100
7289.81 100
7290.89 100
7291.96 100
7293.05 100
7294.14 100
7295.23 100
7296.31 100
7297.4 100
7298.48 100
7299.56 100
7300.65 100
7301.74 100
7302.82 100
7303.9 100
7304.97 100
7306.05 100
7307.12 100
7308.2 100
7309.28 100
7310.36 100
7311.44 100
7312.52 100
7313.61 100
7314.7 100
7315.78 100
7316.86 100
7317.94 100
7319.01 100
7320.1 100
7321.19 100
7322.28 100
7323.36 100
7324.45 100
7325.54 100
7326.63 100
7327.72 100
7328.81 100
7329.9 100
7330.97 100
7332.05 100
7333.13 100
7334.22 100
7335.3 100
7336.39 100
7337.47 100
7338.56 100
7339.64 100
7340.73 100
7341.82 100
7342.92 100
7344.0 100
7345.08 100
7346.17 100
7347.25 100
7348.33 100
7349.41 100
7350.5 100
7351.58 100
7352.66 100
7353.74 100
7354.82 100
7355.91 100
7356.99 100
7358.08 100
7359.16 100
7360.26 100
7361.34 100
7362.42 100
7363.51 100
7364.6 100
7365.67 100
7366.74 100
7367.83 100
7368.92 100
7370.0 100
7371.07 100
7372.14 100
7373.23 100
7374.32 100
7375.41 100
7376.5 100
7377.58 100
7378.67 100
7379.75 100
7380.83 100
7381.91 100
7382.98 100
7384.07 100
7385.16 100
7386.25 100
7387.34 100
7388.42 100
7389.51 100
7390.6 100
7391.68 100
7392.76 100
7393.84 100
7394.93 100
7396.01 100
7397.09 100
7398.16 100
7399.25 100
7400.34 100
7401.42 100
7402.5 100
7403.58 100
7404.68 100
7405.76 100
7406.85 100
7407.94 100
7409.01 100
7410.09 100
7411.17 100
7412.26 100
7413.34 100
7414.43 100
7415.52 100
7416.6 100
7417.67 100
7418.75 100
7419.83 100
7420.92 100
7422.0 100
7423.07 100
7424.16 100
7425.24 100
7426.33 100
7427.42 100
7428.5 100
7429.58 100
7430.66 100
7431.74 100
7432.81 100
7433.91 100
7434.99 100
7436.08 100
7437.16 100
7438.25 100
7439.34 100
7440.43 100
7441.51 100
7442.59 100
7443.67 100
7444.76 100
7445.84 100
7446.93 100
7448.01 100
7449.09 100
7450.16 100
7451.25 100
7452.33 100
7453.42 100
7454.51 100
7455.6 100
7456.68 100
7457.77 100
7458.86 100
7459.94 100
7461.01 100
7462.08 100
7463.16 100
7464.24 100
7465.33 100
7466.43 100
7467.52 100
7468.61 100
7469.7 100
7470.78 100
7471.87 100
7472.94 100
7474.02 100
7475.1 100
7476.18 100
7477.26 100
7478.34 100
7479.43 100
7480.51 100
7481.6 100
7482.68 100
7483.77 100
7484.86 100
7485.93 100
7487.0 100
7488.07 100
7489.14 100
7490.23 100
7491.32 100
7492.41 100
7493.5 100
7494.58 100
7495.66 100
7496.74 100
7497.83 100
7498.92 100
7500.0 100
7501.08 100
7502.16 100
7503.25 100
7504.34 100
7505.42 100
7506.5 100
7507.58 100
7508.66 100
7509.75 100
7510.83 100
7511.92 100
7512.99 100
7514.08 100
7515.16 100
7516.24 100
7517.33 100
7518.42 100
7519.51 100
7520.6 100
7521.67 100
7522.75 100
7523.84 100
7524.93 100
7526.02 100
7527.1 100
7528.18 100
7529.26 100
7530.34 100
7531.43 100
7532.52 100
7533.6 100
7534.67 100
7535.75 100
7536.83 100
7537.91 100
7538.98 100
7540.06 100
7541.14 100
7542.23 100
7543.32 100
7544.4 100
7545.48 100
7546.57 100
7547.65 100
7548.74 100
7549.82 100
7550.91 100
7551.99 100
7553.08 100
7554.15 100
7555.24 100
7556.33 100
7557.41 100
7558.49 100
7559.58 100
7560.66 100
7561.74 100
7562.83 100
7563.91 100
7564.99 100
7566.08 100
7567.16 100
7568.25 100
7569.34 100
7570.42 100
7571.49 100
7572.57 100
7573.66 100
7574.74 100
7575.83 100
7576.91 100
7578.0 100
7579.08 100
7580.15 100
7581.23 100
7582.32 100
7583.41 100
7584.5 100
7585.58 100
7586.67 100
7587.76 100
7588.84 100
7589.93 100
7590.99 100
7592.07 100
7593.14 100
7594.22 100
7595.29 100
7596.38 100
7597.47 100
7598.56 100
7599.65 100
7600.74 100
7601.82 100
7602.9 100
7603.97 100
7605.05 100
7606.13 100
7607.22 100
7608.31 100
7609.4 100
7610.47 100
7611.55 100
7612.64 100
7613.73 100
7614.83 100
7615.91 100
7616.99 100
7618.07 100
7619.15 100
7620.24 100
7621.32 100
7622.4 100
7623.48 100
7624.57 100
7625.66 100
7626.75 100
7627.82 100
7628.91 100
7629.99 100
7631.07 100
7632.15 100
7633.24 100
7634.33 100
7635.43 100
7636.52 100
7637.6 100
7638.68 100
7639.76 100
7640.84 100
7641.92 100
7643.0 100
7644.08 100
7645.16 100
7646.26 100
7647.34 100
7648.43 100
7649.51 100
7650.6 100
7651.69 100
7652.78 100
7653.86 100
7654.95 100
7656.03 100
7657.11 100
7658.2 100
7659.27 100
7660.35 100
7661.43 100
7662.5 100
7663.57 100
7664.66 100
7665.74 100
7666.82 100
7667.91 100
7668.99 100
7670.08 100
7671.17 100
7672.27 100
7673.36 100
7674.44 100
7675.52 100
7676.62 100
7677.71 100
7678.79 100
7679.86 100
7680.94 100
7682.02 100
7683.1 100
7684.17 100
7685.26 100
7686.35 100
7687.43 100
7688.51 100
7689.59 100
7690.67 100
7691.76 100
7692.84 100
7693.92 100
7695.0 100
7696.08 100
7697.16 100
7698.24 100
7699.33 100
7700.42 100
7701.51 100
7702.6 100
7703.68 100
7704.76 100
7705.85 100
7706.93 100
7708.02 100
7709.09 100
7710.17 100
7711.25 100
7712.33 100
7713.42 100
7714.5 100
7715.58 100
7716.66 100
7717.75 100
7718.83 100
7719.92 100
7721.0 100
7722.07 100
7723.14 100
7724.23 100
7725.32 100
7726.41 100
7727.5 100
7728.58 100
7729.66 100
7730.75 100
7731.84 100
7732.92 100
7734.0 100
7735.08 100
7736.16 100
7737.24 100
7738.33 100
7739.42 100
7740.5 100
7741.58 100
7742.66 100
7743.74 100
7744.82 100
7745.91 100
7746.98 100
7748.06 100
7749.14 100
7750.23 100
7751.32 100
7752.4 100
7753.48 100
7754.57 100
7755.66 100
7756.75 100
7757.84 100
7758.92 100
7760.0 100
7761.08 100
7762.16 100
7763.24 100
7764.33 100
7765.42 100
7766.51 100
7767.6 100
7768.68 100
7769.76 100
7770.83 100
7771.91 100
7772.99 100
7774.07 100
7775.15 100
7776.23 100
7777.3 100
7778.37 100
7779.43 100
7780.5 100
7781.56 100
7782.62 100
7783.69 100
7784.77 100
7785.85 100
7786.93 100
7788.02 100
7789.1 100
7790.18 100
7791.27 100
7792.35 100
7793.44 100
7794.52 100
7795.61 100
7796.7 100
7797.78 100
7798.85 100
7799.93 100
7801.01 100
7802.09 100
7803.18 100
7804.27 100
7805.35 100
7806.43 100
7807.52 100
7808.6 100
7809.68 100
7810.76 100
7811.84 100
7812.93 100
7814.01 100
7815.09 100
7816.17 100
7817.26 100
7818.34 100
7819.42 100
7820.5 100
7821.58 100
7822.65 100
7823.74 100
7824.82 100
7825.92 100
7826.99 100
7828.08 100
7829.16 100
7830.24 100
7831.32 100
7832.4 100
7833.49 100
7834.57 100
7835.65 100
7836.74 100
7837.82 100
7838.9 100
7839.96 100
7841.03 100
7842.1 100
7843.17 100
7844.25 100
7845.33 100
7846.41 100
7847.5 100
7848.58 100
7849.66 100
7850.74 100
7851.82 100
7852.9 100
7853.98 100
7855.06 100
7856.14 100
7857.24 100
7858.33 100
7859.42 100
7860.51 100
7861.6 100
7862.67 100
7863.76 100
7864.84 100
7865.92 100
7866.99 100
7868.08 100
7869.16 100
7870.24 100
7871.32 100
7872.4 100
7873.47 100
7874.56 100
7875.63 100
7876.72 100
7877.81 100
7878.9 100
7879.98 100
7881.06 100
7882.14 100
7883.22 100
7884.3 100
7885.39 100
7886.48 100
7887.56 100
7888.64 100
7889.72 100
7890.8 100
7891.89 100
7892.96 100
7894.05 100
7895.12 100
7896.21 100
7897.28 100
7898.37 100
7899.46 100
7900.55 100
7901.64 100
7902.72 100
7903.82 100
7904.91 100
7905.98 100
7907.06 100
7908.14 100
7909.22 100
7910.31 100
7911.39 100
7912.48 100
7913.56 100
7914.64 100
7915.72 100
7916.8 100
7917.89 100
7918.97 100
7920.06 100
7921.13 100
7922.21 100
7923.29 100
7924.38 100
7925.46 100
7926.55 100
7927.63 100
7928.72 100
7929.8 100
7930.9 100
7931.96 100
7933.03 100
7934.12 100
7935.21 100
7936.3 100
7937.38 100
7938.46 100
7939.54 100
7940.61 100
7941.68 100
7942.76 100
7943.84 100
7944.91 100
7945.99 100
7947.08 100
7948.16 100
7949.24 100
7950.34 100
7951.42 100
7952.5 100
7953.58 100
7954.66 100
7955.75 100
7956.83 100
7957.91 100
7958.98 100
7960.06 100
7961.14 100
7962.22 100
7963.3 100
7964.38 100
7965.47 100
7966.56 100
7967.63 100
7968.72 100
7969.8 100
7970.88 100
7971.95 100
7973.04 100
7974.12 100
7975.2 100
7976.28 100
7977.36 100
7978.44 100
7979.52 100
7980.6 100
7981.68 100
7982.77 100
7983.86 100
7984.95 100
7986.04 100
7987.12 100
7988.2 100
7989.28 100
7990.36 100
7991.44 100
7992.52 100
7993.6 100
7994.68 100
7995.76 100
7996.85 100
7997.94 100
7999.02 100
8000.12 100
8001.2 100
8002.28 100
8003.37 100
8004.46 100
8005.55 100
8006.63 100
8007.72 100
8008.8 100
8009.88 100
8010.96 100
8012.04 100
8013.12 100
8014.21 100
8015.3 100
8016.38 100
8017.46 100
8018.53 100
8019.62 100
8020.7 100
8021.79 100
8022.88 100
8023.96 100
8025.04 100
8026.12 100
8027.2 100
8028.27 100
8029.35 100
8030.42 100
8031.5 100
8032.58 100
8033.66 100
8034.75 100
8035.84 100
8036.92 100
8038.01 100
8039.09 100
8040.16 100
8041.24 100
8042.32 100
8043.4 100
8044.48 100
8045.57 100
8046.64 100
8047.71 100
8048.8 100
8049.88 100
8050.96 100
8052.04 100
8053.12 100
8054.21 100
8055.3 100
8056.38 100
8057.48 100
8058.56 100
8059.65 100
8060.74 100
8061.82 100
8062.91 100
8063.99 100
8065.07 100
8066.15 100
8067.24 100
8068.32 100
8069.41 100
8070.5 100
8071.58 100
8072.66 100
8073.74 100
8074.82 100
8075.9 100
8076.97 100
8078.05 100
8079.11 100
8080.19 100
8081.28 100
8082.36 100
8083.45 100
8084.53 100
8085.61 100
8086.69 100
8087.77 100
8088.86 100
8089.94 100
8091.02 100
8092.1 100
8093.18 100
8094.26 100
8095.34 100
8096.42 100
8097.49 100
8098.56 100
8099.65 100
8100.74 100
8101.82 100
8102.91 100
8103.98 100
8105.06 100
8106.14 100
8107.22 100
8108.31 100
8109.39 100
8110.48 100
8111.56 100
8112.65 100
8113.73 100
8114.82 100
8115.9 100
8116.97 100
8118.06 100
8119.14 100
8120.22 100
8121.31 100
8122.4 100
8123.46 100
8124.55 100
8125.64 100
8126.72 100
8127.81 100
8128.9 100
8129.97 100
8131.05 100
8132.13 100
8133.21 100
8134.29 100
8135.38 100
8136.47 100
8137.55 100
8138.64 100
8139.73 100
8140.81 100
8141.89 100
8142.96 100
8144.04 100
8145.12 100
8146.21 100
8147.29 100
8148.37 100
8149.46 100
8150.54 100
8151.62 100
8152.7 100
8153.78 100
8154.87 100
8155.95 100
8157.03 100
8158.11 100
8159.2 100
8160.28 100
8161.35 100
8162.43 100
8163.51 100
8164.6 100
8165.68 100
8166.76 100
8167.84 100
8168.92 100
8170.01 100
8171.1 100
8172.18 100
8173.26 350
8174.43 350
8175.59 100
8176.77 350
8177.93 350
8179.1 100
8180.26 100
8181.43 350
8182.6 350
8183.76 100
8184.93 350
8186.1 350
8187.26 100
8188.43 100
8189.6 350
8190.76 350
8191.93 100
8193.09 350
8194.25 350
8195.42 100
8196.58 100
8197.74 100
8198.91 350
8200.08 350
8201.24 350
8202.42 350
8203.59 100
8204.76 100
8205.93 350
8207.1 350
8208.26 100
8209.42 350
8210.6 350
8211.76 100
8212.93 100
8214.1 350
8215.27 350
8216.43 100
8217.6 350
8218.76 350
8219.93 100
8221.1 100
8222.26 100
8223.42 350
8224.59 350
8225.76 350
8226.94 350
8228.1 100
8229.26 100
8230.43 100
8231.6 350
8232.76 350
8233.93 100
8235.1 100
8236.27 350
8237.44 350
8238.61 350
8239.79 350
8240.95 100
8242.12 100
8243.29 100
8244.46 350
8245.63 350
8246.79 100
8247.95 100
8249.12 350
8250.28 350
8251.45 350
8252.62 100
8253.79 100
8254.96 100
8256.13 350
8257.3 350
8258.47 350
8259.64 350
8260.8 100
8261.96 100
8263.13 350
8264.3 100
8265.46 100
8266.63 350
8267.8 350
8268.96 100
8270.13 100
8271.3 350
8272.47 350
8273.63 100
8274.8 100
8275.97 100
8277.14 350
8278.31 350
8279.47 100
8280.64 350
8281.81 350
8282.98 350
8284.15 350
8285.32 100
8286.48 100
8287.64 350
8288.81 100
8289.98 100
8291.14 100
8292.31 100
8293.48 350
8294.64 350
8295.81 350
8296.98 100
8298.14 100
8299.3 100
8300.46 100
8301.64 350
8302.8 350
8303.97 350
8305.14 100
8306.31 100
8307.48 100
8308.65 100
8309.82 350
8311.0 350
8312.16 100
8313.32 350
8314.49 350
8315.66 350
8316.83 350
8318.01 100
8319.17 100
8320.34 100
8321.51 350
8322.67 350
8323.83 100
8325.01 100
8326.17 350
8327.34 350
8328.52 350
8329.68 100
8330.85 100
8332.03 350
8333.2 350
8334.36 100
8335.53 100
8336.7 350
8337.86 350
8339.02 100
8340.18 100
8341.34 100
8342.52 350
8343.69 350
8344.86 100
8346.04 350
8347.2 350
8348.36 350
8349.53 350
8350.7 100
8351.88 100
8353.04 100
8354.2 350
8355.36 350
8356.54 100
8357.7 100
8358.88 350
8360.04 350
8361.21 350
8362.38 100
8363.55 100
8364.72 350
8365.89 350
8367.06 100
8368.22 100
8369.39 350
8370.55 100
8371.72 100
8372.88 100
8374.05 100
8375.21 350
8376.39 350
8377.55 100
8378.72 350
8379.89 350
8381.06 350
8382.23 350
8383.4 100
8384.56 100
8385.72 100
8386.88 350
8388.05 350
8389.22 100
8390.38 100
8391.56 350
8392.72 100
8393.89 100
8395.05 350
8396.21 350
8397.38 100
8398.55 100
8399.72 350
8400.9 350
8402.07 350
8403.23 100
8404.4 100
8405.56 350
8406.73 350
8407.9 100
8409.06 100
8410.22 100
8411.39 350
8412.56 350
8413.73 350
8414.91 350
8416.07 100
8417.24 350
8418.4 350
8419.56 100
8420.73 100
8421.9 350
8423.06 350
8424.22 100
8425.38 350
8426.55 350
8427.71 100
8428.88 100
8430.04 350
8431.2 350
8432.36 100
8433.53 100
8434.7 350
8435.87 100
8437.03 100
8438.19 100
8439.35 100
8440.52 350
8441.68 350
8442.83 100
8444.0 350
8445.15 350
8446.3 100
8447.46 100
8448.62 350
8449.78 350
8450.94 350
8452.1 100
8453.27 100
8454.44 100
8455.61 100
8456.78 350
8457.94 350
8459.1 100
8460.26 350
8461.44 350
8462.61 100
8463.78 100
8464.95 350
8466.12 350
8467.29 350
8468.46 100
8469.63 100
8470.79 100
8471.96 100
8473.12 350
8474.29 350
8475.46 100
8476.63 350
8477.8 350
8478.96 350
8480.12 350
8481.29 100
8482.46 100
8483.62 100
8484.8 350
8485.96 350
8487.12 100
8488.29 100
8489.46 350
8490.62 100
8491.79 100
8492.96 350
8494.13 350
8495.3 100
8496.46 100
8497.63 350
8498.8 350
8499.96 350
8501.13 100
8502.3 100
8503.46 100
8504.62 100
8505.78 350
8506.94 350
8508.1 100
8509.26 350
8510.43 350
8511.6 100
8512.76 100
8513.92 350
8515.08 350
8516.24 350
8517.41 100
8518.58 100
8519.75 350
8520.92 350
8522.08 100
8523.24 100
8524.41 100
8525.58 350
8526.75 350
8527.92 350
8529.09 100
8530.26 100
8531.42 350
8532.6 350
8533.76 100
8534.93 100
8536.1 100
8537.26 100
8538.43 350
8539.59 350
8540.76 100
8541.93 350
8543.1 350
8544.27 350
8545.44 350
8546.6 100
8547.76 100
8548.92 100
8550.09 350
8551.25 350
8552.42 100
8553.59 350
8554.76 350
8555.93 350
8557.1 350
8558.26 100
8559.43 100
8560.6 350
8561.76 350
8562.93 100
8564.1 350
8565.26 350
8566.42 100
8567.58 100
8568.74 100
8569.91 100
8571.08 350
8572.24 350
8573.41 100
8574.58 350
8575.75 350
8576.92 350
8578.09 100
8579.25 100
8580.41 350
8581.58 350
8582.74 100
8583.91 100
8585.08 100
8586.24 350
8587.42 350
8588.59 350
8589.76 350
8590.92 100
8592.09 100
8593.25 350
8594.42 100
8595.59 100
8596.76 350
8597.93 350
8599.1 100
8600.26 100
8601.43 350
8602.6 350
8603.77 100
8604.94 350
8606.11 350
8607.28 100
8608.45 100
8609.62 350
8610.79 350
8611.94 100
8613.11 350
8614.28 350
8615.45 100
8616.62 100
8617.79 350
8618.95 350
8620.11 100
8621.27 100
8622.43 100
8623.6 350
8624.77 350
8625.94 100
8627.11 350
8628.28 350
8629.46 100
8630.62 100
8631.78 100
8632.94 350
8634.12 350
8635.29 350
8636.46 350
8637.63 350
8638.8 350
8639.96 350
8641.13 350
8642.3 350
8643.47 350
8644.64 350
8645.8 350
8646.96 350
8648.13 350
8649.3 350
8650.46 350
8651.62 350
8652.78 350
8653.95 350
8655.12 350
8656.29 350
8657.46 350
8658.63 350
8659.8 350
8660.96 350
8662.14 350
8663.31 350
8664.48 350
8665.65 350
8666.83 350
8668.01 350
8669.18 350
8670.35 350
8671.52 350
8672.69 350
8673.87 350
8675.04 350
8676.21 350
8677.38 350
8678.56 350
8679.73 350
8680.9 350
8682.06 350
8683.23 350
8684.4 350
8685.58 350
8686.76 350
8687.93 350
8689.1 350
8690.27 350
8691.44 350
8692.61 350
8693.79 350
8694.96 350
8696.13 350
8697.31 350
8698.48 350
8699.65 350
8700.82 350
8702.0 350
8703.16 350
8704.33 350
8705.5 350
8706.67 350
8707.85 350
8709.02 350
8710.18 350
8711.35 350
8712.52 350
8713.69 350
8714.87 350
8716.04 350
8717.2 350
8718.37 350
8719.55 350
8720.72 350
8721.88 350
8723.05 350
8724.21 350
8725.38 350
8726.55 350
8727.72 350
8728.89 350
8730.06 350
8731.23 350
8732.4 350
8733.57 350
8734.74 350
8735.91 350
8737.08 350
8738.24 350
8739.4 350
8740.56 350
8741.73 350
8742.91 350
8744.08 350
8745.24 350
8746.41 350
8747.58 350
8748.75 350
8749.92 350
8751.1 350
8752.27 350
8753.44 350
8754.6 350
8755.77 350
8756.95 350
8758.12 350
8759.3 350
8760.48 350
8761.64 350
8762.81 350
8764.0 350
8765.16 350
8766.32 350
8767.5 350
8768.67 350
8769.84 350
8771.02 350
8772.18 350
8773.35 350
8774.52 350
8775.69 350
8776.87 350
8778.04 350
8779.2 350
8780.37 350
8781.54 350
8782.72 350
8783.89 350
8785.06 350
8786.23 350
8787.4 350
8788.57 350
8789.75 350
8790.92 350
8792.08 350
8793.24 350
8794.41 350
8795.58 350
8796.75 350
8797.92 350
8799.09 350
8800.26 350
8801.44 350
8802.6 350
8803.76 350
8804.93 350
8806.1 350
8807.26 350
8808.43 350
8809.6 350
8810.77 350
8811.94 350
8813.11 350
8814.28 350
8815.45 350
8816.62 350
8817.8 350
8818.96 350
8820.13 350
8821.3 350
8822.46 350
8823.62 350
8824.79 350
8825.96 350
8827.13 350
8828.3 350
8829.47 350
8830.64 350
8831.81 350
8832.99 350
8834.16 350
8835.33 350
8836.51 350
8837.68 350
8838.85 350
8840.02 350
8841.19 350
8842.36 350
8843.53 350
8844.7 350
8845.87 350
8847.04 350
8848.2 350
8849.36 350
8850.53 350
8851.7 350
8852.87 350
8854.04 350
8855.21 350
8856.38 350
8857.55 350
8858.72 350
8859.88 350
8861.04 350
8862.2 350
8863.36 350
8864.53 350
8865.7 350
8866.87 350
8868.04 350
8869.2 350
8870.37 350
8871.55 350
8872.72 350
8873.89 350
8875.05 350
8876.22 350
8877.4 350
8878.56 350
8879.74 350
8880.92 350
8882.08 350
8883.25 350
8884.42 350
8885.59 350
8886.76 350
8887.92 350
8889.09 350
8890.26 350
8891.43 350
8892.6 350
8893.76 350
8894.93 350
8896.1 350
8897.27 350
8898.44 350
8899.6 350
8900.76 350
8901.94 350
8903.11 350
8904.28 350
8905.45 350
8906.62 350
8907.79 350
8908.96 350
8910.13 350
8911.31 350
8912.48 350
8913.65 350
8914.82 350
8916.0 350
8917.16 350
8918.33 350
8919.51 350
8920.68 350
8921.86 350
8923.03 350
8924.2 350
8925.36 350
8926.53 350
8927.7 350
8928.87 350
8930.04 350
8931.2 350
8932.37 350
8933.54 350
8934.72 350
8935.88 350
8937.05 350
8938.22 350
8939.39 350
8940.56 350
8941.73 350
8942.91 350
8944.08 350
8945.24 350
8946.42 350
8947.6 350
8948.76 350
8949.93 350
8951.1 350
8952.27 350
8953.44 350
8954.61 350
8955.79 350
8956.96 350
8958.13 350
8959.31 350
8960.48 350
8961.65 350
8962.82 350
8964.0 350
8965.16 350
8966.32 350
8967.49 350
8968.66 350
8969.83 350
8971.0 350
8972.16 350
8973.34 350
8974.52 350
8975.69 350
8976.86 350
8978.04 350
8979.2 350
8980.37 350
8981.54 350
8982.71 350
8983.88 350
8985.05 350
8986.22 350
8987.4 350
8988.56 350
8989.72 350
8990.89 350
8992.06 350
8993.21 350
8994.37 350
8995.53 350
8996.7 350
8997.87 350
8999.04 350
9000.21 350
9001.38 350
9002.55 350
9003.72 350
9004.89 350
9006.05 350
9007.21 350
9008.39 350
9009.56 350
9010.73 350
9011.9 350
9013.06 350
9014.23 350
9015.4 350
9016.57 350
9017.74 350
9018.91 350
9020.08 350
9021.24 350
9022.41 350
9023.59 350
9024.76 350
9025.92 350
9027.08 350
9028.24 350
9029.41 350
9030.59 350
9031.76 350
9032.92 350
9034.09 350
9035.25 350
9036.42 350
9037.59 350
9038.76 350
9039.92 350
9041.09 350
9042.25 350
9043.42 350
9044.59 350
9045.76 350
9046.92 350
9048.09 350
9049.26 350
9050.43 350
9051.6 350
9052.76 350
9053.93 350
9055.1 350
9056.27 350
9057.44 350
9058.61 350
9059.79 350
9060.96 350
9062.13 350
9063.3 350
9064.47 350
9065.64 350
9066.8 350
9067.98 350
9069.15 350
9070.32 350
9071.5 350
9072.67 350
9073.84 350
9075.01 350
9076.18 350
9077.35 350
9078.52 350
9079.7 350
9080.86 350
9082.03 350
9083.19 350
9084.36 350
9085.54 350
9086.72 350
9087.89 350
9089.06 350
9090.22 350
9091.39 350
9092.56 350
9093.73 350
9094.9 350
9096.07 350
9097.24 350
9098.41 350
9099.58 350
9100.75 350
9101.92 350
9103.09 350
9104.26 350
9105.43 350
9106.6 350
9107.76 350
9108.93 350
9110.1 350
9111.27 350
9112.44 350
9113.61 350
9114.79 350
9115.97 350
9117.14 350
9118.32 350
9119.49 350
9120.67 350
9121.84 350
9123.01 350
9124.18 350
9125.36 350
9126.53 350
9127.71 350
9128.88 350
9130.04 350
9131.2 350
9132.36 350
9133.53 350
9134.69 350
9135.86 350
9137.03 350
9138.2 350
9139.36 350
9140.53 350
9141.7 350
9142.87 350
9144.04 350
9145.2 350
9146.37 350
9147.54 350
9148.71 350
9149.88 350
9151.04 350
9152.21 350
9153.39 350
9154.56 350
9155.72 350
9156.89 350
9158.06 350
9159.23 350
9160.4 350
9161.56 350
9162.73 350
9163.91 350
9165.08 350
9166.25 350
9167.43 350
9168.6 350
9169.76 350
9170.94 350
9172.11 350
9173.28 350
9174.45 350
9175.62 350
9176.8 350
9177.97 350
9179.14 350
9180.32 350
9181.5 350
9182.66 350
9183.84 350
9185.01 350
9186.18 350
9187.36 350
9188.53 350
9189.71 350
9190.88 350
9192.04 350
9193.21 350
9194.39 350
9195.56 350
9196.73 350
9197.9 350
9199.07 350
9200.24 350
9201.41 350
9202.59 350
9203.76 350
9204.92 350
9206.09 350
9207.25 350
9208.42 350
9209.58 350
9210.74 350
9211.9 350
9213.06 350
9214.22 350
9215.4 350
9216.57 350
9217.74 350
9218.91 350
9220.08 350
9221.25 350
9222.42 350
9223.6 350
9224.76 350
9225.93 350
9227.09 350
9228.25 350
9229.43 350
9230.6 350
9231.77 350
9232.94 350
9234.11 350
9235.28 350
9236.45 350
9237.62 350
9238.79 350
9239.96 350
9241.13 350
9242.31 350
9243.48 350
9244.65 350
9245.84 350
9247.0 350
9248.16 350
9249.34 350
9250.51 350
9251.68 350
9252.86 350
9254.03 350
9255.2 350
9256.36 350
9257.54 350
9258.71 350
9259.88 350
9261.05 350
9262.21 350
9263.38 350
9264.55 350
9265.72 350
9266.89 350
9268.06 350
9269.23 350
9270.4 350
9271.57 350
9272.75 350
9273.92 350
9275.09 350
9276.26 350
9277.43 350
9278.6 350
9279.77 350
9280.94 350
9282.11 350
9283.28 350
9284.45 350
9285.62 350
9286.8 350
9287.97 350
9289.13 350
9290.3 350
9291.46 350
9292.63 350
9293.8 350
9294.98 350
9296.15 350
9297.32 350
9298.48 350
9299.64 350
9300.8 350
9301.98 350
9303.16 350
9304.33 350
9305.51 350
9306.68 350
9307.85 350
9309.02 350
9310.19 350
9311.36 350
9312.54 350
9313.71 350
9314.88 350
9316.05 350
9317.22 350
9318.4 350
9319.57 350
9320.75 350
9321.92 350
9323.08 350
9324.24 350
9325.42 350
9326.59 350
9327.76 350
9328.94 350
9330.11 350
9331.28 350
9332.45 350
9333.62 350
9334.8 350
9335.97 350
9337.14 350
9338.32 350
9339.49 350
9340.66 350
9341.84 350
9343.0 350
9344.16 350
9345.34 350
9346.52 350
9347.68 350
9348.85 350
9350.02 350
9351.18 350
9352.35 350
9353.52 350
9354.7 350
9355.86 350
9357.03 350
9358.2 350
9359.37 350
9360.54 350
9361.71 350
9362.88 350
9364.04 350
9365.21 350
9366.39 350
9367.56 350
9368.73 350
9369.9 350
9371.06 350
9372.23 350
9373.4 350
9374.57 350
9375.75 350
9376.92 350
9378.09 350
9379.26 350
9380.43 350
9381.6 350
9382.77 350
9383.94 350
9385.12 350
9386.29 350
9387.46 350
9388.63 350
9389.8 350
9390.98 350
9392.15 350
9393.32 350
9394.5 350
9395.66 350
9396.84 350
9398.01 350
9399.18 350
9400.36 350
9401.53 350
9402.7 350
9403.87 350
9405.04 350
9406.2 350
9407.36 350
9408.54 350
9409.71 350
9410.88 350
9412.05 350
9413.21 350
9414.38 350
9415.55 350
9416.72 350
9417.89 350
9419.06 350
9420.23 350
9421.4 350
9422.57 350
9423.75 350
9424.92 350
9426.1 350
9427.27 350
9428.44 350
9429.6 350
9430.77 350
9431.94 350
9433.11 350
9434.28 350
9435.45 350
9436.63 350
9437.8 350
9438.98 350
9440.15 350
9441.32 350
9442.49 350
9443.66 350
9444.84 350
9446.01 350
9447.17 350
9448.34 350
9449.51 350
9450.68 350
9451.85 350
9453.02 350
9454.19 350
9455.36 350
9456.53 350
9457.7 350
9458.87 350
9460.04 350
9461.21 350
9462.38 350
9463.55 350
9464.72 350
9465.89 350
9467.06 350
9468.23 350
9469.4 350
9470.56 350
9471.73 350
9472.91 350
9474.08 350
9475.25 350
9476.42 350
9477.59 350
9478.76 350
9479.93 350
9481.1 350
9482.27 350
9483.44 350
9484.62 350
9485.79 350
9486.97 350
9488.14 350
9489.32 350
9490.48 350
9491.65 350
9492.83 350
9494.0 350
9495.16 350
9496.33 350
9497.51 350
9498.68 350
9499.84 350
9501.02 350
9502.19 350
9503.36 350
9504.54 350
9505.71 350
9506.88 350
9508.05 350
9509.22 350
9510.4 350
9511.56 350
9512.73 350
9513.91 350
9515.08 350
9516.24 350
9517.42 350
9518.6 350
9519.76 350
9520.93 350
9522.11 350
9523.28 350
9524.45 350
9525.62 350
9526.79 350
9527.97 350
9529.14 350
9530.32 350
9531.48 350
9532.65 350
9533.83 350
9535.0 350
9536.16 350
9537.34 350
9538.51 350
9539.68 350
9540.84 350
9542.02 350
9543.19 350
9544.36 350
9545.54 350
9546.71 350
9547.88 350
9549.05 350
9550.21 350
9551.38 350
9552.55 350
9553.72 350
9554.89 350
9556.06 350
9557.22 350
9558.4 350
9559.56 350
9560.73 350
9561.91 350
9563.08 350
9564.25 350
9565.42 350
9566.6 350
9567.76 350
9568.94 350
9570.11 350
9571.28 350
9572.44 350
9573.61 350
9574.79 350
9575.97 350
9577.14 350
9578.32 350
9579.48 350
9580.65 350
9581.83 350
9583.0 350
9584.16 350
9585.33 350
9586.5 350
9587.67 350
9588.84 350
9590.01 350
9591.18 350
9592.34 350
9593.51 350
9594.68 350
9595.86 350
9597.03 350
9598.2 350
9599.36 350
9600.54 350
9601.71 350
9602.88 350
9604.05 350
9605.21 350
9606.38 350
9607.55 350
9608.72 350
9609.88 350
9611.04 350
9612.2 350
9613.36 350
9614.53 350
9615.7 350
9616.87 350
9618.04 350
9619.2 350
9620.36 350
9621.52 350
9622.69 350
9623.86 350
9625.03 350
9626.2 350
9627.36 350
9628.53 350
9629.7 350
9630.88 350
9632.05 350
9633.22 350
9634.4 350
9635.56 350
9636.73 350
9637.91 350
9639.08 350
9640.24 350
9641.41 350
9642.58 350
9643.76 350
9644.93 350
9646.1 350
9647.27 350
9648.44 350
9649.6 350
9650.76 350
9651.93 350
9653.1 350
9654.27 350
9655.44 350
9656.62 350
9657.79 350
9658.96 350
9660.13 350
9661.31 350
9662.48 350
9663.65 350
9664.83 350
9666.0 350
9667.16 350
9668.33 350
9669.5 350
9670.67 350
9671.84 350
9673.0 350
9674.16 350
9675.32 350
9676.49 350
9677.66 350
9678.84 350
9680.01 350
9681.18 350
9682.35 350
9683.52 350
9684.69 350
9685.86 350
9687.03 350
9688.2 350
9689.36 350
9690.53 350
9691.7 350
9692.87 350
9694.04 350
9695.21 350
9696.39 350
9697.56 350
9698.73 350
9699.91 350
9701.08 350
9702.24 350
9703.42 350
9704.59 350
9705.76 350
9706.93 350
9708.1 350
9709.27 350
9710.44 350
9711.62 350
9712.79 350
9713.96 350
9715.13 350
9716.29 350
9717.46 350
9718.64 350
9719.82 350
9721.0 350
9722.16 350
9723.33 350
9724.5 350
9725.66 350
9726.84 350
9728.01 350
9729.18 350
9730.36 350
9731.52 350
9732.69 350
9733.86 350
9735.03 350
9736.2 350
9737.36 350
9738.53 350
9739.7 350
9740.87 350
9742.04 350
9743.2 350
9744.38 350
9745.55 350
9746.72 350
9747.89 350
9749.06 350
9750.22 350
9751.39 350
9752.56 350
9753.73 350
9754.9 350
9756.07 350
9757.24 350
9758.41 350
9759.59 350
9760.76 350
9761.92 350
9763.09 350
9764.25 350
9765.42 350
9766.59 350
9767.75 350
9768.92 350
9770.08 350
9771.25 350
9772.43 350
9773.6 350
9774.77 350
9775.95 350
9777.12 350
9778.3 350
9779.47 350
9780.64 350
9781.8 350
9782.98 350
9784.15 350
9785.32 350
9786.5 350
9787.66 350
9788.84 350
9790.01 350
9791.17 350
9792.34 350
9793.51 350
9794.68 350
9795.85 350
9797.02 350
9798.19 350
9799.36 350
9800.53 350
9801.7 350
9802.86 350
9804.03 350
9805.2 350
9806.36 350
9807.53 350
9808.71 350
9809.88 350
9811.04 350
9812.2 350
9813.37 350
9814.54 350
9815.71 350
9816.88 350
9818.04 350
9819.21 350
9820.39 350
9821.56 350
9822.73 350
9823.9 350
9825.07 350
9826.24 350
9827.4 350
9828.57 350
9829.74 350
9830.92 350
9832.08 350
9833.24 350
9834.41 350
9835.58 350
9836.74 350
9837.9 350
9839.05 350
9840.2 350
9841.36 350
9842.53 350
9843.71 350
9844.89 350
9846.06 350
9847.22 350
9848.4 350
9849.56 350
9850.73 350
9851.9 350
9853.07 350
9854.24 350
9855.41 350
9856.58 350
9857.75 350
9858.92 350
9860.09 350
9861.24 350
9862.41 350
9863.59 350
9864.76 350
9865.93 350
9867.1 350
9868.27 350
9869.44 350
9870.61 350
9871.78 350
9872.96 350
9874.12 350
9875.3 350
9876.47 350
9877.64 350
9878.82 350
9880.0 350
9881.16 350
9882.33 350
9883.5 350
9884.66 350
9885.84 350
9887.0 350
9888.16 350
9889.33 350
9890.51 350
9891.68 350
9892.84 350
9894.02 350
9895.19 350
9896.36 350
9897.54 350
9898.71 350
9899.88 350
9901.06 350
9902.23 350
9903.4 350
9904.56 350
9905.72 350
9906.89 350
9908.06 350
9909.23 350
9910.4 350
9911.57 350
9912.74 350
9913.91 350
9915.08 350
9916.25 350
9917.43 350
9918.61 350
9919.78 350
9920.96 350
9922.13 350
9923.31 350
9924.48 350
9925.64 350
9926.82 350
9928.0 350
9929.16 350
9930.33 350
9931.51 350
9932.68 350
9933.85 350
9935.01 350
9936.17 350
9937.35 350
9938.52 350
9939.69 350
9940.86 350
9942.03 350
9943.2 350
9944.36 350
9945.54 350
9946.72 350
9947.89 350
9949.06 350
9950.23 350
9951.4 350
9952.56 350
9953.73 350
9954.9 350
9956.06 350
9957.22 350
9958.39 350
9959.56 350
9960.72 350
9961.88 350
9963.05 350
9964.22 350
9965.4 350
9966.56 350
9967.73 350
9968.9 350
9970.06 350
9971.22 350
9972.39 350
9973.56 350
9974.73 350
9975.9 350
9977.06 350
9978.23 350
9979.4 350
9980.57 350
9981.74 350
9982.91 350
9984.08 350
9985.24 350
9986.42 350
9987.6 350
9988.76 350
9989.92 350
9991.09 350
9992.26 350
9993.43 350
9994.6 350
9995.77 350
9996.96 350
9998.13 350
9999.3 350
10000.46 350
10001.67 350
10002.88 350
10004.08 350
10005.28 350
10006.49 350
10007.71 350
10008.92 350
10010.13 350
10011.34 350
10012.55 350
10013.76 350
10014.97 350
10016.18 350
10017.39 350
10018.6 350
10019.81 350
10021.03 350
10022.24 350
10023.44 350
10024.64 350
10025.85 350
10027.06 350
10028.27 350
10029.48 350
10030.69 350
10031.9 350
10033.11 350
10034.32 350
10035.53 350
10036.74 350
10037.95 350
10039.16 350
10040.37 350
10041.58 350
10042.79 350
10044.01 350
10045.21 350
10046.42 350
10047.63 350
10048.84 350
10050.05 350
10051.26 350
10052.47 350
10053.68 350
10054.88 350
10056.08 350
10057.28 350
10058.49 350
10059.7 350
10060.91 350
10062.12 350
10063.33 350
10064.54 350
10065.75 350
10066.97 350
10068.18 350
10069.39 350
10070.6 350
10071.8 350
10073.0 350
10074.2 350
10075.41 350
10076.63 350
10077.84 350
10079.04 350
10080.26 350
10081.47 350
10082.68 350
10083.88 350
10085.09 350
10086.29 350
10087.5 350
10088.7 350
10089.91 350
10091.12 350
10092.32 350
10093.53 350
10094.75 350
10095.97 350
10097.18 350
10098.39 350
10099.6 350
10100.81 350
10102.02 350
10103.22 350
10104.43 350
10105.64 350
10106.84 350
10108.06 350
10109.27 350
10110.48 350
10111.68 350
10112.89 350
10114.1 350
10115.31 350
10116.52 350
10117.72 350
10118.94 350
10120.15 350
10121.37 350
10122.58 350
10123.79 350
10125.0 350
10126.2 350
10127.41 350
10128.62 350
10129.83 350
10131.04 350
10132.24 350
10133.46 350
10134.68 350
10135.88 350
10137.09 350
10138.29 350
10139.5 350
10140.71 350
10141.92 350
10143.13 350
10144.34 350
10145.55 350
10146.76 350
10147.98 350
10149.19 350
10150.4 350
10151.6 350
10152.82 350
10154.03 350
10155.24 350
10156.45 350
10157.66 350
10158.87 350
10160.08 350
10161.28 350
10162.49 350
10163.69 350
10164.89 350
10166.09 350
10167.29 350
10168.49 350
10169.69 350
10170.9 350
10172.11 350
10173.32 350
10174.53 350
10175.74 350
10176.96 350
10178.18 350
10179.39 350
10180.6 350
10181.82 350
10183.03 350
10184.24 350
10185.44 350
10186.65 350
10187.86 350
10189.07 350
10190.28 350
10191.48 350
10192.69 350
10193.9 350
10195.11 350
10196.32 350
10197.54 350
10198.76 350
10199.98 350
10201.19 350
10202.4 350
10203.6 350
10204.82 350
10206.03 350
10207.23 350
10208.44 350
10209.65 350
10210.87 350
10212.08 350
10213.28 350
10214.49 350
10215.7 350
10216.9 350
10218.1 350
10219.31 350
10220.52 350
10221.73 350
10222.95 350
10224.16 350
10225.36 350
10226.57 350
10227.78 350
10229.0 350
10230.2 350
10231.4 350
10232.61 350
10233.82 350
10235.04 350
10236.24 350
10237.45 350
10238.66 350
10239.88 350
10241.08 350
10242.28 350
10243.49 350
10244.7 350
10245.9 350
10247.1 350
10248.31 350
10249.52 350
10250.72 350
10251.94 350
10253.14 350
10254.35 350
10255.56 350
10256.76 350
10257.97 350
10259.17 350
10260.38 350
10261.59 350
10262.8 350
10264.0 350
10265.2 350
10266.4 350
10267.6 350
10268.82 350
10270.03 350
10271.24 350
10272.44 350
10273.64 350
10274.84 350
10276.04 350
10277.24 350
10278.45 350
10279.66 350
10280.86 350
10282.06 350
10283.26 350
10284.47 350
10285.68 350
10286.88 350
10288.08 350
10289.29 350
10290.5 350
10291.7 350
10292.91 350
10294.12 350
10295.32 350
10296.53 350
10297.74 350
10298.96 350
10300.16 350
10301.37 350
10302.58 350
10303.79 350
10305.0 350
10306.2 350
10307.4 350
10308.62 350
10309.83 350
10311.04 350
10312.24 350
10313.44 350
10314.65 350
10315.86 350
10317.07 350
10318.28 350
10319.48 350
10320.69 350
10321.9 350
10323.11 350
10324.32 350
10325.53 350
10326.74 350
10327.96 350
10329.16 350
10330.37 350
10331.58 350
10332.8 350
10334.0 350
10335.19 350
10336.4 350
10337.6 350
10338.81 350
10340.03 350
10341.24 350
10342.44 350
10343.64 350
10344.84 350
10346.05 350
10347.25 350
10348.46 350
10349.67 350
10350.88 350
10352.08 350
10353.28 350
10354.49 350
10355.7 350
10356.91 350
10358.12 350
10359.33 350
10360.54 350
10361.75 350
10362.97 350
10364.18 350
10365.39 350
10366.6 350
10367.81 350
10369.02 350
10370.23 350
10371.44 350
10372.64 350
