3013.56 3.20
3014.66 2.10
3015.74 1.55
3016.83 1.27
3017.92 1.64
3019.00 1.32
3020.08 1.66
3021.16 1.83
3022.25 1.41
3023.34 1.21
3024.44 1.10
3025.52 1.55
3026.61 1.28
3027.70 0.64
3028.79 1.32
3029.87 0.66
3030.96 0.83
3032.06 0.91
3033.12 1.46
3034.21 0.73
3035.30 1.36
3036.38 0.68
3037.47 0.84
3038.56 0.92
3039.64 1.46
3040.73 0.73
3041.81 1.37
3042.91 1.18
3044.00 1.09
3045.07 1.55
3046.15 1.27
3047.24 1.14
3048.33 1.57
3049.42 1.78
3050.51 2.39
3051.59 1.20
3052.68 1.10
3053.76 1.05
3054.85 1.02
3055.94 3.01
3057.03 2.01
3058.11 3.00
3059.20 2.00
3060.28 1.50
3061.36 1.25
3062.45 0.63
3063.54 0.81
3064.62 0.41
3065.71 0.70
3066.79 1.35
3067.88 2.68
3068.96 2.34
3070.06 2.17
3071.14 3.08
3072.23 2.04
3073.32 2.52
3074.40 1.76
3075.48 0.88
3076.56 0.44
3077.64 0.72
3078.73 0.86
3079.81 1.43
3080.90 0.72
3081.98 0.86
3083.06 0.43
3084.13 2.21
3085.22 2.61
3086.33 1.80
3087.41 2.40
3088.49 1.70
3089.57 1.85
3090.66 1.93
3091.75 1.96
3092.83 1.98
3093.92 0.99
3095.00 1.00
3096.08 2.50
3097.14 3.25
3098.24 2.12
3099.33 2.06
3100.42 2.03
3101.51 2.02
3102.60 2.01
3103.68 1.50
3104.77 1.25
3105.85 1.13
3106.94 0.56
3108.02 0.78
3109.10 0.39
3110.18 0.70
3111.26 0.85
3112.35 1.42
3113.44 2.71
3114.52 3.36
3115.61 4.18
3116.70 4.59
3117.78 4.79
3118.88 3.40
3119.96 1.70
3121.05 1.85
3122.12 1.92
3123.21 2.96
3124.29 3.48
3125.38 3.74
3126.46 1.87
3127.55 0.94
3128.64 1.47
3129.72 2.73
3130.81 3.37
3131.90 3.68
3132.98 3.84
3134.06 1.92
3135.14 0.96
3136.22 0.48
3137.30 2.24
3138.38 1.12
3139.47 0.56
3140.56 1.78
3141.64 1.39
3142.72 0.70
3143.80 2.85
3144.88 1.42
3145.96 0.71
3147.05 0.36
3148.12 2.68
3149.22 3.34
3150.31 1.67
3151.40 2.83
3152.49 1.92
3153.58 1.96
3154.66 1.98
3155.75 0.99
3156.83 0.49
3157.92 0.75
3159.00 1.37
3160.08 1.69
3161.14 0.84
3162.22 0.42
3163.30 0.71
3164.38 0.36
3165.46 0.68
3166.55 2.34
3167.63 3.17
3168.72 1.58
3169.81 2.79
3170.90 3.40
3171.98 1.70
3173.06 0.85
3174.13 2.42
3175.22 1.21
3176.31 3.11
3177.41 1.55
3178.50 1.78
3179.58 0.89
3180.65 2.94
3181.74 1.47
3182.83 2.74
3183.91 1.37
3185.00 0.68
3186.08 0.84
3187.15 2.42
3188.23 1.21
3189.32 1.11
3190.42 1.05
3191.50 0.53
3192.58 0.26
3193.66 0.13
3194.75 2.07
3195.83 1.03
3196.92 0.52
3198.00 0.26
3199.07 1.13
3200.15 2.06
3201.23 1.53
3202.31 0.77
3203.39 0.38
3204.47 0.19
3205.56 2.10
3206.64 1.05
3207.72 0.52
3208.80 1.26
3209.88 0.63
3210.96 0.32
3212.05 0.66
3213.12 0.33
3214.20 0.16
3215.28 2.08
3216.36 1.04
3217.44 2.52
3218.52 1.26
3219.61 3.13
3220.70 1.57
3221.79 1.78
3222.88 1.39
3223.96 0.70
3225.05 0.35
3226.12 1.17
3227.21 2.59
3228.30 1.29
3229.38 1.15
3230.47 2.57
3231.55 3.29
3232.64 3.64
3233.73 2.82
3234.82 3.41
3235.90 1.71
3236.99 1.35
3238.07 1.68
3239.14 1.84
3240.23 0.92
3241.32 1.96
3242.40 0.98
3243.48 1.99
3244.56 0.99
3245.64 0.50
3246.72 2.25
3247.81 3.12
3248.90 2.06
3249.98 2.03
3251.06 3.02
3252.13 1.51
3253.22 2.75
3254.30 3.38
3255.39 2.69
3256.48 3.84
3257.56 4.42
3258.65 2.71
3259.74 1.86
3260.82 0.93
3261.90 0.46
3262.98 2.23
3264.06 3.62
3265.14 1.81
3266.22 2.90
3267.31 1.95
3268.39 2.98
3269.48 3.49
3270.57 3.74
3271.66 2.37
3272.74 1.19
3273.83 1.09
3274.91 3.05
3275.99 1.52
3277.08 0.76
3278.15 2.38
3279.23 1.19
3280.32 1.60
3281.41 0.80
3282.48 0.40
3283.55 0.20
3284.63 2.60
3285.71 1.30
3286.80 1.15
3287.88 1.57
3288.97 1.29
3290.06 1.64
3291.14 1.82
3292.22 1.41
3293.30 0.71
3294.39 2.35
3295.48 1.68
3296.56 3.34
3297.65 3.67
3298.74 4.33
3299.83 2.67
3300.91 1.33
3302.00 0.67
3303.07 0.33
3304.14 2.17
3305.23 1.08
3306.32 1.04
3307.40 1.52
3308.48 2.76
3309.58 1.88
3310.66 0.94
3311.74 1.47
3312.83 1.74
3313.92 2.87
3315.01 2.43
3316.10 1.72
3317.19 1.36
3318.27 0.68
3319.36 0.84
3320.44 0.42
3321.52 2.71
3322.61 3.85
3323.70 1.93
3324.78 1.46
3325.86 0.73
3326.95 2.37
3328.04 3.18
3329.11 2.09
3330.19 1.05
3331.27 0.52
3332.36 1.26
3333.44 2.63
3334.53 1.82
3335.62 0.91
3336.70 0.45
3337.77 2.23
3338.86 1.61
3339.94 0.81
3341.02 0.40
3342.10 1.70
3343.18 3.35
3344.26 3.68
3345.36 2.34
3346.45 1.17
3347.53 2.58
3348.62 3.29
3349.70 3.65
3350.79 3.82
3351.88 1.91
3352.97 2.96
3354.06 3.98
3355.13 4.49
3356.22 2.74
3357.31 1.87
3358.40 1.44
3359.48 0.72
3360.56 0.36
3361.64 2.68
3362.73 1.84
3363.82 0.92
3364.90 0.46
3365.97 2.23
3367.06 3.11
3368.14 2.06
3369.22 1.03
3370.31 1.01
3371.39 1.51
3372.48 2.75
3373.57 1.38
3374.66 0.69
3375.74 0.34
3376.82 2.67
3377.90 1.34
3378.98 0.67
3380.07 1.33
3381.14 2.17
3382.23 1.08
3383.31 0.54
3384.40 0.77
3385.48 2.89
3386.56 3.44
3387.65 2.22
3388.74 3.11
3389.83 1.56
3390.92 1.78
3392.01 2.89
3393.09 2.44
3394.17 1.22
3395.26 2.61
3396.34 1.31
3397.43 0.65
3398.51 0.33
3399.60 2.66
3400.68 1.33
3401.77 0.67
3402.85 2.83
3403.94 1.42
3405.02 0.71
3406.11 1.35
3407.19 1.68
3408.28 2.84
3409.37 2.42
3410.46 3.71
3411.54 3.85
3412.64 2.93
3413.72 1.46
3414.81 2.73
3415.90 1.37
3416.98 2.68
3418.06 1.34
3419.14 3.17
3420.22 1.59
3421.32 2.79
3422.40 1.40
3423.47 0.70
3424.54 0.35
3425.63 2.67
3426.72 2.34
3427.81 1.17
3428.90 1.58
3429.98 2.79
3431.06 3.40
3432.14 3.70
3433.23 2.35
3434.32 3.17
3435.41 1.59
3436.50 1.29
3437.58 1.65
3438.66 1.82
3439.74 0.91
3440.82 0.46
3441.90 0.23
3442.98 0.11
3444.06 0.06
3445.12 1.03
3446.20 2.51
3447.29 3.26
3448.38 1.63
3449.46 0.81
3450.55 0.91
3451.64 0.95
3452.72 2.48
3453.81 1.24
3454.90 0.62
3455.98 2.81
3457.07 2.40
3458.13 2.20
3459.22 3.60
3460.30 1.80
3461.38 0.90
3462.45 2.45
3463.54 1.23
3464.63 1.11
3465.72 1.56
3466.80 2.78
3467.88 3.39
3468.97 2.69
3470.06 1.85
3471.13 1.42
3472.22 1.71
3473.30 0.86
3474.38 0.43
3475.47 2.71
3476.55 1.36
3477.64 3.18
3478.73 2.09
3479.82 1.04
3480.90 0.52
3481.98 0.26
3483.06 1.13
3484.14 0.57
3485.22 0.28
3486.30 0.14
3487.38 2.07
3488.47 1.54
3489.55 0.77
3490.63 0.38
3491.72 0.69
3492.80 0.85
3493.89 0.92
3494.96 0.96
3496.05 0.48
3497.11 0.24
3498.19 0.12
3499.28 0.56
3500.36 0.28
3501.44 0.14
3502.52 0.07
3503.60 2.54
3504.69 3.77
3505.78 1.88
3506.86 0.94
3507.94 0.47
3509.04 2.24
3510.11 1.12
3511.20 1.56
3512.29 2.78
3513.38 1.39
3514.46 0.69
3515.54 0.35
3516.62 0.17
3517.70 2.59
3518.79 2.29
3519.87 1.15
3520.96 0.57
3522.05 1.29
3523.12 1.64
3524.21 3.32
3525.30 3.66
3526.38 3.83
3527.48 3.92
3528.56 3.96
3529.65 1.98
3530.73 1.99
3531.82 1.49
3532.90 0.75
3533.98 0.87
3535.06 2.94
3536.13 3.97
3537.22 1.98
3538.31 1.49
3539.40 3.25
3540.48 4.12
3541.57 2.06
3542.65 1.03
3543.73 1.02
3544.82 2.51
3545.90 1.25
3546.99 2.63
3548.07 1.31
3549.14 0.66
3550.23 2.33
3551.31 3.16
3552.41 2.08
3553.50 1.04
3554.58 2.52
3555.66 3.76
3556.76 3.38
3557.84 2.19
3558.93 1.10
3560.02 2.05
3561.10 1.52
3562.19 3.26
3563.27 1.63
3564.36 1.32
3565.46 0.66
3566.54 0.33
3567.62 0.66
3568.70 0.33
3569.78 2.17
3570.87 1.08
3571.95 0.54
3573.04 0.27
3574.11 1.14
3575.20 0.57
3576.28 0.78
3577.36 2.89
3578.45 3.95
3579.54 1.97
3580.63 1.49
3581.72 2.74
3582.80 3.87
3583.88 3.94
3584.97 1.97
3586.06 2.98
3587.12 1.49
3588.20 3.25
3589.29 2.12
3590.38 1.56
3591.47 2.78
3592.56 1.89
3593.64 2.95
3594.73 3.97
3595.82 1.99
3596.91 1.99
3597.99 1.00
3599.08 2.50
3600.15 2.25
3601.23 3.62
3602.32 2.31
3603.42 1.66
3604.50 0.83
3605.58 2.41
3606.67 1.71
3607.76 2.85
3608.84 1.93
3609.93 0.96
3611.01 0.48
3612.08 0.74
3613.16 1.37
3614.25 0.69
3615.34 0.84
3616.42 2.92
3617.51 1.96
3618.60 1.48
3619.68 1.24
3620.76 1.12
3621.85 0.56
3622.93 0.28
3624.00 2.64
3625.08 1.32
3626.16 0.66
3627.24 2.33
3628.33 1.67
3629.43 2.83
3630.51 3.42
3631.60 1.71
3632.68 0.85
3633.76 0.43
3634.84 0.21
3635.92 0.11
3637.00 2.55
3638.08 3.78
3639.16 4.39
3640.25 2.19
3641.34 1.10
3642.42 0.55
3643.50 0.27
3644.58 2.14
3645.67 2.07
3646.75 1.03
3647.84 1.02
3648.92 2.51
3650.01 3.25
3651.10 2.13
3652.18 1.06
3653.26 0.53
3654.35 2.27
3655.44 3.13
3656.53 1.57
3657.62 1.28
3658.70 0.64
3659.78 1.32
3660.87 3.16
3661.95 1.58
3663.04 1.79
3664.12 3.40
3665.20 1.70
3666.28 2.85
3667.36 1.42
3668.45 1.71
3669.54 0.86
3670.62 2.43
3671.71 1.71
3672.80 2.86
3673.88 3.43
3674.97 3.71
3676.06 3.36
3677.14 4.18
3678.24 3.09
3679.31 1.54
3680.40 3.27
3681.48 2.14
3682.57 1.07
3683.65 0.53
3684.73 2.77
3685.82 1.38
3686.91 2.69
3687.99 1.35
3689.08 0.67
3690.16 2.84
3691.25 2.42
3692.34 1.71
3693.42 1.85
3694.52 2.93
3695.60 1.46
3696.68 1.23
3697.76 0.62
3698.84 2.81
3699.93 1.40
3701.01 3.20
3702.09 2.10
3703.17 3.05
3704.26 1.53
3705.34 0.76
3706.43 2.38
3707.51 1.19
3708.60 1.10
3709.68 0.55
3710.76 0.27
3711.84 2.14
3712.93 1.57
3714.03 2.78
3715.10 2.39
3716.18 2.20
3717.26 3.60
3718.34 1.80
3719.42 0.90
3720.50 0.45
3721.58 0.22
3722.66 0.11
3723.74 0.56
3724.83 2.78
3725.91 1.39
3727.00 1.19
3728.08 2.60
3729.16 2.30
3730.25 2.65
3731.34 3.32
3732.43 2.66
3733.51 1.33
3734.59 0.67
3735.68 2.83
3736.76 3.92
3737.85 1.96
3738.94 3.48
3740.04 4.24
3741.12 3.12
3742.21 2.06
3743.30 1.03
3744.38 3.01
3745.46 1.51
3746.55 0.75
3747.63 0.38
3748.71 0.19
3749.80 1.09
3750.88 1.05
3751.96 2.52
3753.04 1.76
3754.11 0.88
3755.20 2.94
3756.28 3.97
3757.37 2.99
3758.46 1.49
3759.56 3.25
3760.65 2.12
3761.74 1.06
3762.83 1.03
3763.92 1.02
3765.00 3.01
3766.07 1.50
3767.14 0.75
3768.22 2.38
3769.31 3.19
3770.40 1.59
3771.48 1.30
3772.56 2.65
3773.65 1.32
3774.74 1.16
3775.82 0.58
3776.91 0.79
3777.98 0.40
3779.06 0.20
3780.12 1.10
3781.21 1.05
3782.30 3.02
3783.38 1.51
3784.47 3.26
3785.55 1.63
3786.64 2.81
3787.73 1.41
3788.82 2.70
3789.90 3.35
3790.98 1.68
3792.08 3.34
3793.16 1.67
3794.25 0.83
3795.33 0.42
3796.42 0.21
3797.50 2.60
3798.58 3.80
3799.66 4.40
3800.74 2.20
3801.82 1.10
3802.90 0.55
3803.98 0.28
3805.06 0.14
3806.13 0.07
3807.21 0.03
3808.28 1.02
3809.36 0.51
3810.44 2.25
3811.53 1.13
3812.62 2.56
3813.70 1.28
3814.79 1.14
3815.88 2.57
3816.96 3.79
3818.05 4.39
3819.12 3.20
3820.21 1.60
3821.29 3.30
3822.38 1.65
3823.46 0.82
3824.55 1.41
3825.64 2.71
3826.73 1.35
3827.81 1.18
3828.91 2.59
3830.00 1.79
3831.08 2.90
3832.15 2.95
3833.24 1.47
3834.33 0.74
3835.42 2.37
3836.50 1.18
3837.59 1.09
3838.66 0.55
3839.76 2.77
3840.84 1.39
3841.93 3.19
3843.03 4.10
3844.10 3.05
3845.18 4.02
3846.26 2.01
3847.34 3.51
3848.43 1.75
3849.52 2.88
3850.61 1.94
3851.70 2.97
3852.78 1.98
3853.87 2.99
3854.96 2.00
3856.04 2.00
3857.10 1.00
3858.18 3.00
3859.26 4.00
3860.34 4.50
3861.42 2.25
3862.52 3.62
3863.60 4.31
3864.68 2.66
3865.77 3.33
3866.86 2.66
3867.95 1.83
3869.04 1.42
3870.12 1.21
3871.21 1.10
3872.30 2.55
3873.38 1.28
3874.48 1.64
3875.56 0.82
3876.64 2.41
3877.73 3.70
3878.82 1.85
3879.91 1.93
3881.00 3.46
3882.06 1.73
3883.14 1.87
3884.24 1.43
3885.32 0.72
3886.41 0.36
3887.49 0.68
3888.57 0.34
3889.65 0.67
3890.74 2.33
3891.83 1.67
3892.92 1.33
3894.00 1.17
3895.08 2.58
3896.16 3.79
3897.25 4.40
3898.34 4.70
3899.42 2.35
3900.50 1.17
3901.58 0.59
3902.66 0.29
3903.75 2.65
3904.84 3.32
3905.93 1.66
3907.02 0.83
3908.09 1.42
3909.18 0.71
3910.27 0.85
3911.36 1.43
3912.45 2.71
3913.54 1.36
3914.62 0.68
3915.70 0.34
3916.79 2.67
3917.87 3.83
3918.96 4.42
3920.05 4.71
3921.12 2.35
3922.21 1.68
3923.30 0.84
3924.38 2.92
3925.46 3.46
3926.55 3.73
3927.64 1.86
3928.73 2.93
3929.82 3.47
3930.90 1.73
3931.99 1.37
3933.08 1.68
3934.15 0.84
3935.24 0.92
3936.32 0.46
3937.40 0.73
3938.48 0.87
3939.57 0.43
3940.65 0.22
3941.73 1.11
3942.82 0.55
3943.91 0.78
3944.99 0.39
3946.07 0.19
3947.14 0.10
3948.22 0.05
3949.30 2.02
3950.38 1.01
3951.46 2.51
3952.56 1.75
3953.64 2.88
3954.73 2.44
3955.82 1.22
3956.91 1.11
3958.00 0.55
3959.08 1.28
3960.16 0.64
3961.24 2.82
3962.33 1.41
3963.42 3.20
3964.50 4.10
3965.59 2.55
3966.68 3.28
3967.76 3.64
3968.85 3.82
3969.94 2.41
3971.04 3.20
3972.10 1.60
3973.18 0.80
3974.25 0.90
3975.33 0.95
3976.42 2.48
3977.51 3.24
3978.60 4.12
3979.69 2.06
3980.77 1.03
3981.85 1.01
3982.94 0.51
3984.03 0.25
3985.10 2.13
3986.18 1.06
3987.26 2.53
3988.35 3.27
3989.44 2.13
3990.54 1.07
3991.62 2.53
3992.70 3.27
3993.80 2.63
3994.88 3.82
3995.97 2.41
3997.07 2.20
3998.14 3.10
3999.24 2.55
4000.32 3.78
4001.41 1.89
4002.50 3.44
4003.58 4.22
4004.66 4.61
4005.75 2.31
4006.84 2.15
4007.94 1.58
4009.02 0.79
4010.09 1.39
4011.17 2.70
4012.26 3.35
4013.34 1.67
4014.43 1.84
4015.52 1.42
4016.61 1.21
4017.70 1.60
4018.78 0.80
4019.86 0.90
4020.94 1.45
4022.03 3.23
4023.12 4.11
4024.21 2.06
4025.29 1.03
4026.37 0.51
4027.45 0.26
4028.52 0.13
4029.60 2.06
4030.68 1.03
4031.76 1.02
4032.85 0.51
4033.93 0.25
4035.02 0.13
4036.09 1.06
4037.17 1.53
4038.26 0.77
4039.35 0.88
4040.42 0.44
4041.51 0.72
4042.60 0.86
4043.67 0.43
4044.76 2.22
4045.85 3.11
4046.94 1.55
4048.03 1.28
4049.11 1.64
4050.19 0.82
4051.28 2.41
4052.36 1.70
4053.45 2.85
4054.54 1.43
4055.62 0.71
4056.70 0.36
4057.79 2.68
4058.88 1.84
4059.96 0.92
4061.04 0.46
4062.11 2.73
4063.20 1.36
4064.28 0.68
4065.36 2.34
4066.44 3.17
4067.53 1.59
4068.62 1.29
4069.70 0.65
4070.79 1.32
4071.88 1.66
4072.96 0.83
4074.04 2.42
4075.12 3.21
4076.22 2.10
4077.30 1.05
4078.38 0.53
4079.46 2.76
4080.54 1.38
4081.62 0.69
4082.70 0.35
4083.78 0.17
4084.86 0.09
4085.93 2.04
4087.03 1.52
4088.10 0.76
4089.19 2.88
4090.27 3.44
4091.36 3.72
4092.45 2.36
4093.54 1.68
4094.63 1.34
4095.71 1.67
4096.80 3.34
4097.89 1.67
4098.97 0.83
4100.05 1.42
4101.12 0.71
4102.21 2.85
4103.30 1.93
4104.39 3.46
4105.48 2.23
4106.56 1.12
4107.65 2.56
4108.74 3.28
4109.82 1.64
4110.91 1.82
4112.00 0.91
4113.08 0.95
4114.15 0.48
4115.23 0.24
4116.32 2.12
4117.41 1.06
4118.49 0.53
4119.57 0.26
4120.64 0.13
4121.72 1.07
4122.81 3.03
4123.90 4.02
4124.98 2.51
4126.07 2.25
4127.15 1.13
4128.24 3.06
4129.32 3.53
4130.41 3.77
4131.50 3.88
4132.58 2.44
4133.67 3.22
4134.76 2.61
4135.84 1.81
4136.93 2.90
4138.02 1.45
4139.08 3.23
4140.17 3.61
4141.26 2.31
4142.35 1.15
4143.44 3.08
4144.52 2.04
4145.61 1.02
4146.69 0.51
4147.77 1.75
4148.86 0.88
4149.94 0.44
4151.02 0.22
4152.09 0.11
4153.16 1.05
4154.25 0.53
4155.34 2.76
4156.42 1.38
4157.51 3.19
4158.60 2.10
4159.68 3.55
4160.77 1.77
4161.86 3.39
4162.95 4.19
4164.03 4.60
4165.11 4.30
4166.20 4.15
4167.28 2.57
4168.37 3.29
4169.46 2.64
4170.55 2.32
4171.63 3.16
4172.72 2.08
4173.81 1.04
4174.89 0.52
4175.96 0.26
4177.04 1.13
4178.12 3.07
4179.21 2.03
4180.30 3.52
4181.38 1.76
4182.47 3.38
4183.56 4.19
4184.65 4.59
4185.74 3.30
4186.83 2.15
4187.92 3.07
4189.01 3.54
4190.09 2.27
4191.18 3.13
4192.27 3.57
4193.35 3.78
4194.44 3.39
4195.53 1.70
4196.61 0.85
4197.69 0.92
4198.77 2.96
4199.86 3.98
4200.95 2.99
4202.04 2.00
4203.10 2.50
4204.18 1.25
4205.27 1.12
4206.35 1.56
4207.44 0.78
4208.52 2.39
4209.61 3.20
4210.70 3.60
4211.77 2.80
4212.85 1.90
4213.93 0.95
4215.02 1.47
4216.09 0.74
4217.16 2.87
4218.25 3.93
4219.34 2.47
4220.43 2.23
4221.51 1.12
4222.60 3.06
4223.68 4.03
4224.77 4.51
4225.86 4.26
4226.95 4.13
4228.03 2.06
4229.10 2.03
4230.18 1.52
4231.26 0.76
4232.35 1.38
4233.43 0.69
4234.51 0.34
4235.60 2.67
4236.68 1.84
4237.77 1.42
4238.86 0.71
4239.94 0.35
4241.03 0.68
4242.10 2.84
4243.18 3.92
4244.27 4.46
4245.35 2.23
4246.44 1.11
4247.53 1.06
4248.62 0.53
4249.70 0.26
4250.77 2.13
4251.86 1.07
4252.94 0.53
4254.02 0.77
4255.10 1.88
4256.18 0.94
4257.26 0.47
4258.34 2.74
4259.42 1.37
4260.52 1.18
4261.60 3.09
4262.68 3.55
4263.77 4.27
4264.86 4.64
4265.95 4.32
4267.03 2.16
4268.10 1.58
4269.18 1.79
4270.27 1.39
4271.35 0.70
4272.43 0.35
4273.51 0.17
4274.60 0.59
4275.68 0.79
4276.75 0.40
4277.83 0.70
4278.90 0.35
4279.98 0.67
4281.06 1.34
4282.14 0.67
4283.22 0.33
4284.31 2.67
4285.40 3.33
4286.49 3.67
4287.57 1.83
4288.66 2.92
4289.74 3.46
4290.83 1.73
4291.92 0.86
4293.01 2.43
4294.09 1.22
4295.17 1.11
4296.27 3.05
4297.34 1.53
4298.43 0.76
4299.51 0.38
4300.59 0.19
4301.67 0.10
4302.75 0.55
4303.84 2.77
4304.92 1.89
4306.01 2.94
4307.08 1.47
4308.16 0.74
4309.24 0.87
4310.33 0.43
4311.41 0.22
4312.49 0.11
4313.57 0.05
4314.64 2.53
4315.74 3.76
4316.82 1.88
4317.90 0.94
4318.98 2.47
4320.07 2.24
4321.15 1.12
4322.24 1.06
4323.33 0.53
4324.41 0.26
4325.48 2.63
4326.57 3.32
4327.66 3.66
4328.74 3.83
4329.83 1.91
4330.92 2.96
4332.02 1.98
4333.09 3.49
4334.17 1.74
4335.26 1.37
4336.34 1.69
4337.43 0.84
4338.52 1.92
4339.60 1.46
4340.68 3.23
4341.77 4.12
4342.86 4.56
4343.94 4.78
4345.03 2.39
4346.11 4.19
4347.20 2.60
4348.28 1.80
4349.36 2.90
4350.44 1.45
4351.53 0.72
4352.61 0.36
4353.69 0.18
4354.77 0.09
4355.84 2.55
4356.93 1.27
4358.02 0.64
4359.09 2.32
4360.17 3.66
4361.26 1.83
4362.34 0.91
4363.42 1.46
4364.51 1.23
4365.59 0.61
4366.68 2.31
4367.77 3.15
4368.86 3.58
4369.94 1.79
4371.02 0.89
4372.09 0.45
4373.16 0.72
4374.25 0.86
4375.33 1.43
4376.42 1.72
4377.50 0.86
4378.58 2.93
4379.67 2.46
4380.75 2.73
4381.84 2.37
4382.92 2.18
4384.02 1.09
4385.08 0.55
4386.16 0.27
4387.24 2.14
4388.34 1.07
4389.42 2.53
4390.50 3.27
4391.59 2.13
4392.67 1.07
4393.76 2.53
4394.84 3.77
4395.93 1.88
4397.02 1.94
4398.09 0.97
4399.16 2.99
4400.25 1.99
4401.34 3.50
4402.42 1.75
4403.51 0.87
4404.60 2.94
4405.68 1.47
4406.76 0.73
4407.84 0.37
4408.92 0.68
4410.01 0.84
4411.08 0.42
4412.16 2.21
4413.25 1.11
4414.34 0.55
4415.42 1.28
4416.51 1.64
4417.60 1.82
4418.68 1.91
4419.76 0.95
4420.84 1.48
4421.93 1.74
4423.02 1.87
4424.09 1.93
4425.17 3.47
4426.26 4.23
4427.34 2.12
4428.43 1.06
4429.52 2.53
4430.60 3.26
4431.68 1.63
4432.77 2.82
4433.86 1.41
4434.95 0.70
4436.02 1.35
4437.09 0.68
4438.16 0.34
4439.24 1.17
4440.33 0.58
4441.41 0.29
4442.49 0.15
4443.57 1.07
4444.65 0.54
4445.73 0.27
4446.81 2.63
4447.90 3.32
4448.98 3.66
4450.07 3.83
4451.16 2.41
4452.25 1.71
4453.34 0.85
4454.42 0.93
4455.50 2.96
4456.58 1.48
4457.66 0.74
4458.75 1.37
4459.84 1.19
4460.92 2.09
4462.01 2.05
4463.08 3.02
4464.16 1.51
4465.25 3.26
4466.34 1.63
4467.43 0.81
4468.52 2.41
4469.61 1.70
4470.70 1.35
4471.79 1.18
4472.87 0.59
4473.94 0.29
4475.03 1.65
4476.10 0.82
4477.19 2.91
4478.27 2.96
4479.36 2.48
4480.45 2.24
4481.54 1.12
4482.63 3.06
4483.71 2.03
4484.79 1.01
4485.87 0.51
4486.96 2.75
4488.04 1.38
4489.12 2.19
4490.21 2.59
4491.30 1.80
4492.37 2.90
4493.45 3.45
4494.54 3.72
4495.63 2.86
4496.72 2.43
4497.80 2.22
4498.89 1.11
4499.98 0.55
4501.06 0.78
4502.14 0.39
4503.22 1.19
4504.31 1.60
4505.40 1.30
4506.48 3.15
4507.56 4.07
4508.64 4.04
4509.73 4.02
4510.81 2.01
4511.89 1.00
4512.96 3.00
4514.04 1.50
4515.10 0.75
4516.19 2.88
4517.28 1.94
4518.36 2.47
4519.45 2.23
4520.54 1.12
4521.63 1.56
4522.72 1.78
4523.80 1.89
4524.88 0.94
4525.96 0.47
4527.04 0.24
4528.11 1.12
4529.20 0.56
4530.27 0.28
4531.36 2.14
4532.45 1.07
4533.53 3.03
4534.62 1.52
4535.70 0.76
4536.79 1.38
4537.87 0.69
4538.96 1.34
4540.04 0.67
4541.11 0.84
4542.20 1.42
4543.28 1.71
4544.37 1.85
4545.46 0.93
4546.54 0.46
4547.62 2.23
4548.71 1.62
4549.80 1.31
4550.89 0.65
4551.97 0.33
4553.05 2.66
4554.13 2.33
4555.22 1.17
4556.32 3.08
4557.40 3.54
4558.48 1.77
4559.57 3.39
4560.66 4.19
4561.74 4.60
4562.83 2.30
4563.91 3.15
4565.01 4.07
4566.08 4.04
4567.15 3.02
4568.23 3.51
4569.32 4.25
4570.41 2.63
4571.50 3.31
4572.60 2.66
4573.68 3.83
4574.77 4.41
4575.86 4.71
4576.95 2.85
4578.03 3.93
4579.11 3.46
4580.20 4.23
4581.28 2.12
4582.37 1.56
4583.46 0.78
4584.53 0.39
4585.61 0.19
4586.69 2.10
4587.78 2.05
4588.86 1.52
4589.94 0.76
4591.03 2.38
4592.10 1.69
4593.18 2.85
4594.27 1.42
4595.36 1.21
4596.45 2.61
4597.54 2.30
4598.63 2.15
4599.71 1.08
4600.80 2.54
4601.88 1.27
4602.96 3.13
4604.05 4.07
4605.13 4.53
4606.22 4.77
4607.32 3.38
4608.40 1.69
4609.48 0.85
4610.56 0.92
4611.64 2.46
4612.73 1.73
4613.82 3.37
4614.91 2.18
4616.00 3.59
4617.06 3.80
4618.15 2.90
4619.23 2.95
4620.32 1.47
4621.40 2.24
4622.49 2.62
4623.58 2.31
4624.66 3.65
4625.76 4.33
4626.84 2.16
4627.93 3.08
4629.01 3.54
4630.09 2.27
4631.18 3.14
4632.27 1.57
4633.36 3.28
4634.45 1.64
4635.54 0.82
4636.62 2.91
4637.70 1.46
4638.79 2.23
4639.87 1.11
4640.96 0.56
4642.04 0.28
4643.10 0.14
4644.18 0.07
4645.26 0.53
4646.35 0.77
4647.44 0.88
4648.52 2.44
4649.60 1.22
4650.68 2.61
4651.77 3.31
4652.86 3.65
4653.96 4.33
4655.04 3.16
4656.14 3.08
4657.22 2.54
4658.31 2.27
4659.40 3.64
4660.49 2.82
4661.58 2.41
4662.67 2.20
4663.75 3.60
4664.84 2.80
4665.91 3.90
4667.00 4.45
4668.08 2.73
4669.16 3.36
4670.25 3.68
4671.34 4.34
4672.42 2.17
4673.52 1.59
4674.60 1.29
4675.68 0.65
4676.76 2.82
4677.85 3.91
4678.94 4.46
4680.03 3.23
4681.10 3.61
4682.20 4.31
4683.28 2.65
4684.37 1.33
4685.46 3.16
4686.55 2.58
4687.63 3.29
4688.72 3.65
4689.81 3.82
4690.90 1.91
4691.98 1.46
4693.06 3.23
4694.15 4.11
4695.24 2.06
4696.32 3.53
4697.41 4.26
4698.50 3.63
4699.58 2.82
4700.67 2.41
4701.75 3.70
4702.84 4.35
4703.92 4.68
4705.01 3.34
4706.09 4.17
4707.18 2.08
4708.26 1.54
4709.35 2.77
4710.43 3.39
4711.52 3.69
4712.61 3.85
4713.70 1.92
4714.78 3.46
4715.86 1.73
4716.95 0.87
4718.04 1.43
4719.12 1.22
4720.22 0.61
4721.31 1.30
4722.39 1.65
4723.48 0.83
4724.56 0.91
4725.64 0.46
4726.72 1.23
4727.82 2.61
4728.90 3.31
4730.00 4.15
4731.07 3.08
4732.14 1.54
4733.24 3.27
4734.33 1.63
4735.42 0.82
4736.50 0.41
4737.58 0.20
4738.65 2.60
4739.74 2.30
4740.82 1.15
4741.91 0.58
4743.00 1.29
4744.07 0.64
4745.15 1.32
4746.24 1.16
4747.32 2.58
4748.41 1.29
4749.50 2.65
4750.58 3.32
4751.67 1.66
4752.76 0.83
4753.84 2.92
4754.93 1.46
4756.02 1.73
4757.09 0.86
4758.16 2.93
4759.25 3.97
4760.34 2.98
4761.42 3.99
4762.52 4.50
4763.60 3.75
4764.69 4.37
4765.77 2.19
4766.86 3.09
4767.94 2.05
4769.03 1.52
4770.10 1.26
4771.19 2.63
4772.27 3.82
4773.36 1.91
4774.45 0.95
4775.53 2.98
4776.62 3.99
4777.71 4.49
4778.79 2.25
4779.88 1.12
4780.97 2.06
4782.05 1.03
4783.12 0.52
4784.20 1.26
4785.29 0.63
4786.37 0.81
4787.46 0.91
4788.55 0.95
4789.62 0.48
4790.71 2.24
4791.80 1.12
4792.88 1.06
4793.96 1.53
4795.05 0.76
4796.12 1.38
4797.21 3.19
4798.30 1.60
4799.38 1.30
4800.47 3.15
4801.56 2.07
4802.63 1.04
4803.71 1.52
4804.80 0.76
4805.88 2.38
4806.96 1.69
4808.05 0.84
4809.12 0.92
4810.21 2.96
4811.30 2.48
4812.38 2.24
4813.46 1.12
4814.56 2.56
4815.64 3.28
4816.73 3.64
4817.82 3.82
4818.91 2.41
4820.00 1.71
4821.08 2.85
4822.15 3.43
4823.24 3.71
4824.33 1.86
4825.42 0.93
4826.50 2.96
4827.58 3.98
4828.66 1.99
4829.75 3.00
4830.83 2.50
4831.91 3.25
4833.00 3.62
4834.08 2.81
4835.16 1.41
4836.25 3.20
4837.33 4.10
4838.42 2.55
4839.50 3.28
4840.59 4.14
4841.67 2.07
4842.76 1.53
4843.84 1.27
4844.93 1.63
4846.02 0.82
4847.09 0.41
4848.16 2.70
4849.25 1.85
4850.34 1.43
4851.43 3.21
4852.51 1.61
4853.60 1.80
4854.68 1.40
4855.76 2.70
4856.84 1.35
4857.92 1.18
4859.02 1.09
4860.09 3.04
4861.17 2.02
4862.26 3.01
4863.35 2.01
4864.43 3.00
4865.52 2.00
4866.60 1.50
4867.68 1.25
4868.76 0.63
4869.84 2.31
4870.93 1.16
4872.02 3.08
4873.09 2.04
4874.17 1.02
4875.26 1.01
4876.34 0.50
4877.41 0.25
4878.49 2.63
4879.58 1.31
4880.67 1.16
4881.76 3.08
4882.83 3.54
4883.92 3.77
4885.01 4.38
4886.08 2.69
4887.16 3.85
4888.25 2.42
4889.34 3.71
4890.43 2.86
4891.51 3.43
4892.60 1.71
4893.69 2.86
4894.77 3.43
4895.85 1.71
4896.94 0.86
4898.02 2.93
4899.09 1.46
4900.17 3.23
4901.26 1.62
4902.34 0.81
4903.43 2.90
4904.51 3.45
4905.60 2.23
4906.69 3.11
4907.78 1.56
4908.87 2.78
4909.95 3.39
4911.04 2.69
4912.13 3.85
4913.21 3.92
4914.30 3.96
4915.38 1.98
4916.47 1.49
4917.56 1.25
4918.65 0.62
4919.73 0.31
4920.81 0.66
4921.90 0.33
4922.99 2.66
4924.06 1.33
4925.15 3.17
4926.24 3.08
4927.32 4.04
4928.41 2.02
4929.49 1.51
4930.58 0.76
4931.66 2.88
4932.74 1.44
4933.84 1.22
4934.92 0.61
4936.00 2.30
4937.06 1.15
4938.14 2.58
4939.23 1.29
4940.32 0.64
4941.40 2.32
4942.49 3.16
4943.58 2.08
4944.66 1.04
4945.74 0.52
4946.82 2.76
4947.91 1.88
4949.00 0.94
4950.06 0.47
4951.13 0.24
4952.22 1.12
4953.32 3.06
4954.40 3.53
4955.49 2.26
4956.58 3.13
4957.66 3.57
4958.76 2.78
4959.84 1.39
4960.93 0.70
4962.01 0.85
4963.08 2.42
4964.16 3.21
4965.25 1.61
4966.34 2.30
4967.43 2.15
4968.51 1.08
4969.60 1.54
4970.68 3.77
4971.77 1.88
4972.85 2.94
4973.94 3.47
4975.02 1.74
4976.11 1.87
4977.19 3.43
4978.28 4.22
4979.37 2.61
4980.46 1.30
4981.55 3.15
4982.64 2.58
4983.72 1.29
4984.81 1.14
4985.90 2.57
4986.99 3.29
4988.07 2.64
4989.14 1.32
4990.23 0.66
4991.31 0.33
4992.40 0.67
4993.48 2.83
4994.57 3.92
4995.66 1.96
4996.74 0.98
4997.82 0.49
4998.90 0.24
4999.99 2.62
5001.06 3.81
5002.14 3.91
5003.24 2.45
5004.32 3.23
5005.41 1.61
5006.50 1.81
5007.58 1.90
5008.66 0.95
5009.74 0.98
5010.82 2.49
5011.91 2.74
5013.00 1.87
5014.06 0.94
5015.14 2.47
5016.23 2.23
5017.32 1.62
5018.42 0.81
5019.51 2.40
5020.60 1.70
5021.67 0.85
5022.76 1.43
5023.84 0.71
5024.92 2.36
5026.01 3.18
5027.08 4.09
5028.16 2.04
5029.24 3.52
5030.33 3.76
5031.42 2.88
5032.51 1.94
5033.60 1.47
5034.68 0.74
5035.76 0.37
5036.84 1.18
5037.93 3.09
5039.01 3.55
5040.09 2.77
5041.17 1.39
5042.25 1.19
5043.34 1.60
5044.42 0.80
5045.50 2.40
5046.58 1.20
5047.66 0.60
5048.74 1.80
5049.82 3.40
5050.91 2.20
5052.00 1.10
5053.07 2.55
5054.16 1.77
5055.25 2.89
5056.34 1.94
5057.43 1.47
5058.51 0.74
5059.59 0.37
5060.67 1.18
5061.75 0.59
5062.83 0.30
5063.92 0.65
5065.00 2.82
5066.07 3.41
5067.15 1.71
5068.24 1.35
5069.33 1.18
5070.42 0.59
5071.51 1.29
5072.60 1.15
5073.68 0.57
5074.76 0.29
5075.84 1.14
5076.93 2.57
5078.02 3.79
5079.09 4.39
5080.17 2.20
5081.25 1.60
5082.34 2.80
5083.42 3.40
5084.51 1.70
5085.60 2.85
5086.68 1.42
5087.77 2.71
5088.86 3.86
5089.95 3.93
5091.03 3.96
5092.11 5.98
5093.20 4.49
5094.29 4.25
5095.38 4.12
5096.47 4.06
5097.54 2.03
5098.62 3.52
5099.72 1.76
5100.81 1.38
5101.90 1.19
5103.00 3.09
5104.06 1.55
5105.14 0.77
5106.22 0.39
5107.31 1.19
5108.40 2.10
5109.48 1.05
5110.56 1.02
5111.65 0.51
5112.73 2.26
5113.82 3.13
5114.92 1.56
5116.00 2.78
5117.08 2.39
5118.16 3.70
5119.25 4.35
5120.34 4.17
5121.43 4.09
5122.51 2.04
5123.60 1.52
5124.68 0.76
5125.76 2.38
5126.85 3.69
5127.94 2.85
5129.02 1.42
5130.10 0.71
5131.19 1.86
5132.28 1.43
5133.36 1.21
5134.44 0.61
5135.52 0.30
5136.60 0.65
5137.67 0.33
5138.76 2.66
5139.84 3.83
5140.93 1.92
5142.02 1.46
5143.09 1.73
5144.17 0.86
5145.25 2.43
5146.34 1.22
5147.43 2.61
5148.51 3.30
5149.60 4.15
5150.68 2.58
5151.77 1.29
5152.85 0.64
5153.93 0.32
5155.01 2.16
5156.09 2.08
5157.16 2.04
5158.25 1.02
5159.33 1.51
5160.42 0.76
5161.50 0.38
5162.58 0.19
5163.66 2.09
5164.74 1.05
5165.82 2.52
5166.90 2.76
5168.00 1.88
5169.06 1.94
5170.15 1.47
5171.24 1.24
5172.32 0.62
5173.40 1.31
5174.49 1.65
5175.58 1.33
5176.66 0.66
5177.74 0.33
5178.82 0.17
5179.90 0.08
5180.98 0.04
5182.04 0.52
5183.12 0.26
5184.20 1.13
5185.29 2.57
5186.38 2.28
5187.46 1.14
5188.55 2.57
5189.64 3.29
5190.72 2.14
5191.81 1.07
5192.89 0.54
5193.98 2.27
5195.06 1.13
5196.14 1.07
5197.23 3.03
5198.31 3.52
5199.41 1.76
5200.50 3.38
5201.58 2.69
5202.67 1.84
5203.75 2.92
5204.84 1.96
5205.93 2.98
5207.02 3.49
5208.10 1.75
5209.18 1.37
5210.26 0.69
5211.35 0.84
5212.43 2.42
5213.51 1.21
5214.60 0.61
5215.68 0.30
5216.76 2.15
5217.84 3.08
5218.92 1.54
5220.01 1.27
5221.08 1.63
5222.16 0.82
5223.24 2.41
5224.33 2.20
5225.42 1.10
5226.50 0.55
5227.57 2.78
5228.65 1.39
5229.74 1.19
5230.82 0.60
5231.91 0.80
5232.99 0.90
5234.06 1.45
5235.14 0.72
5236.22 0.36
5237.31 2.18
5238.40 2.59
5239.48 3.80
5240.57 1.90
5241.65 0.95
5242.73 2.47
5243.82 2.74
5244.91 2.37
5246.00 1.68
5247.06 1.34
5248.15 2.67
5249.23 3.84
5250.32 1.92
5251.41 0.96
5252.49 1.48
5253.58 1.74
5254.66 0.87
5255.75 0.93
5256.83 0.47
5257.92 2.73
5259.00 3.37
5260.08 4.18
5261.16 2.09
5262.24 3.05
5263.33 3.52
5264.42 3.76
5265.50 1.88
5266.58 2.94
5267.67 2.47
5268.76 2.24
5269.85 3.12
5270.94 3.56
5272.02 1.78
5273.11 1.89
5274.20 1.94
5275.28 2.97
5276.36 2.49
5277.45 1.24
5278.54 3.12
5279.63 2.06
5280.72 1.53
5281.80 0.77
5282.87 0.38
5283.94 0.19
5285.03 2.10
5286.11 1.55
5287.20 1.27
5288.28 3.14
5289.37 1.57
5290.46 1.28
5291.55 2.14
5292.64 2.07
5293.72 1.04
5294.80 1.02
5295.88 1.01
5296.97 0.50
5298.04 0.75
5299.12 2.88
5300.20 3.44
5301.28 3.72
5302.36 1.86
5303.45 0.93
5304.53 2.46
5305.62 1.23
5306.71 1.62
5307.80 3.31
5308.88 4.15
5309.98 3.08
5311.05 4.04
5312.13 3.02
5313.22 2.51
5314.31 2.25
5315.40 2.13
5316.49 1.56
5317.58 0.78
5318.66 0.39
5319.74 0.70
5320.81 2.85
5321.90 1.42
5322.98 0.71
5324.06 0.36
5325.14 2.18
5326.22 3.09
5327.30 3.54
5328.39 2.77
5329.47 1.39
5330.56 1.69
5331.65 0.85
5332.73 0.42
5333.81 1.21
5334.90 1.61
5335.99 2.30
5337.06 1.15
5338.14 2.58
5339.23 1.79
5340.31 0.89
5341.39 0.45
5342.48 0.72
5343.56 0.36
5344.64 0.18
5345.72 0.09
5346.80 0.55
5347.88 3.27
5348.97 2.64
5350.05 1.32
5351.13 0.66
5352.21 1.33
5353.31 1.66
5354.40 1.33
5355.48 0.67
5356.56 0.33
5357.64 0.67
5358.72 2.83
5359.81 3.42
5360.90 2.21
5361.99 3.10
5363.06 2.55
5364.14 1.28
5365.23 0.64
5366.32 0.82
5367.40 0.41
5368.48 0.20
5369.56 2.10
5370.64 1.05
5371.72 2.53
5372.82 2.26
5373.90 1.13
5374.99 3.07
5376.06 1.53
5377.13 0.77
5378.21 2.88
5379.30 1.94
5380.38 0.97
5381.46 2.99
5382.54 3.99
5383.63 4.00
5384.71 4.50
5385.80 2.75
5386.89 2.37
5387.99 2.19
5389.06 1.09
5390.14 2.05
5391.22 1.02
5392.31 3.01
5393.40 3.51
5394.48 1.75
5395.56 2.88
5396.65 1.44
5397.74 0.72
5398.82 0.36
5399.90 1.18
5400.99 3.09
5402.06 2.54
5403.14 1.27
5404.23 2.64
5405.32 2.32
5406.41 1.66
5407.50 1.33
5408.59 2.66
5409.67 1.33
5410.76 2.67
5411.85 3.33
5412.93 2.67
5414.02 1.83
5415.11 1.42
5416.20 0.71
5417.28 0.35
5418.36 0.68
5419.45 0.34
5420.53 2.17
5421.62 1.08
5422.70 1.54
5423.78 1.27
5424.87 2.64
5425.95 1.32
5427.04 1.66
5428.12 0.83
5429.20 2.41
5430.29 3.21
5431.38 2.10
5432.47 2.05
5433.55 3.03
5434.64 3.51
5435.73 3.76
5436.82 1.88
5437.90 0.94
5438.98 0.97
5440.06 0.48
5441.13 0.24
5442.21 2.62
5443.30 2.31
5444.38 1.16
5445.47 0.58
5446.56 2.29
5447.64 3.14
5448.73 3.57
5449.81 4.79
5450.90 3.39
5451.98 3.70
5453.06 2.35
5454.15 2.17
5455.24 1.59
5456.32 0.79
5457.40 0.40
5458.47 0.20
5459.55 2.10
5460.63 1.05
5461.71 0.52
5462.80 0.76
5463.88 2.38
5464.97 1.19
5466.05 3.10
5467.14 2.05
5468.22 2.52
5469.31 1.76
5470.40 2.88
5471.47 3.44
5472.56 3.72
5473.65 4.36
5474.74 3.18
5475.83 2.59
5476.92 2.30
5478.00 2.15
5479.08 2.57
5480.16 3.79
5481.25 2.89
5482.34 1.45
5483.43 2.72
5484.51 1.36
5485.60 0.68
5486.67 0.34
5487.76 1.17
5488.84 3.09
5489.92 1.54
5491.01 1.77
5492.09 2.89
5493.17 3.44
5494.26 1.72
5495.35 1.36
5496.44 1.18
5497.52 0.59
5498.60 2.80
5499.68 1.90
5500.76 1.45
5501.85 0.72
5502.93 0.36
5504.01 0.18
5505.07 0.59
5506.14 3.30
5507.23 2.65
5508.32 1.82
5509.40 1.91
5510.48 3.46
5511.57 3.73
5512.66 2.36
5513.75 3.18
5514.84 3.09
5515.91 1.55
5517.00 3.27
5518.08 2.64
5519.16 3.82
5520.25 2.41
5521.34 1.20
5522.42 2.60
5523.50 1.30
5524.57 0.65
5525.65 0.33
5526.74 2.66
5527.83 2.33
5528.91 1.17
5530.00 2.58
5531.07 1.79
5532.14 0.90
5533.23 0.95
5534.32 2.47
5535.40 1.24
5536.48 2.62
5537.57 3.81
5538.66 3.90
5539.74 4.45
5540.82 4.73
5541.92 2.86
5543.00 1.93
5544.07 2.97
5545.15 3.48
5546.24 1.74
5547.33 3.37
5548.42 4.19
5549.51 4.59
5550.60 2.80
5551.68 1.40
5552.76 1.70
5553.84 1.85
5554.93 1.42
5556.02 2.71
5557.10 1.36
5558.19 1.18
5559.27 0.59
5560.36 0.79
5561.44 1.40
5562.52 0.70
5563.60 0.85
5564.68 0.42
5565.76 0.21
5566.84 0.11
5567.92 0.05
5569.00 2.03
5570.07 2.51
5571.15 1.26
5572.24 1.13
5573.34 0.56
5574.42 2.28
5575.51 2.14
5576.60 1.07
5577.67 0.54
5578.76 0.27
5579.84 2.13
5580.93 1.07
5582.01 1.03
5583.09 1.52
5584.17 1.76
5585.26 0.88
5586.34 0.44
5587.42 2.72
5588.50 3.36
5589.59 4.18
5590.68 2.59
5591.76 1.29
5592.85 3.15
5593.94 1.57
5595.03 3.29
5596.12 3.14
5597.21 1.57
5598.29 1.29
5599.38 0.64
5600.46 0.32
5601.54 0.16
5602.62 2.08
5603.71 2.54
5604.80 1.77
5605.88 0.89
5606.97 2.44
5608.05 3.22
5609.13 2.61
5610.22 3.31
5611.32 2.15
5612.41 3.08
5613.50 2.04
5614.58 1.52
5615.67 2.76
5616.74 3.38
5617.83 1.69
5618.92 1.84
5620.01 3.42
5621.10 2.71
5622.18 3.36
5623.27 1.68
5624.36 2.84
5625.45 3.42
5626.54 1.71
5627.63 2.85
5628.71 3.43
5629.80 2.21
5630.89 1.11
5631.98 0.55
5633.05 1.28
5634.13 2.64
5635.22 1.82
5636.31 2.91
5637.39 1.45
5638.48 1.23
5639.57 2.61
5640.66 1.81
5641.75 2.90
5642.83 1.95
5643.92 3.48
5645.00 1.74
5646.06 1.87
5647.15 1.93
5648.24 2.97
5649.32 1.48
5650.41 2.74
5651.50 1.87
5652.57 3.44
5653.66 1.72
5654.74 0.86
5655.83 1.93
5656.92 1.46
5658.00 1.23
5659.08 2.12
5660.16 1.06
5661.24 0.53
5662.32 0.26
5663.40 2.13
5664.49 1.07
5665.57 1.03
5666.65 0.52
5667.73 0.76
5668.82 1.88
5669.91 2.94
5670.98 3.47
5672.06 3.73
5673.14 1.87
5674.23 0.93
5675.32 0.97
5676.40 2.98
5677.48 2.49
5678.57 1.75
5679.66 3.37
5680.74 3.69
5681.83 1.84
5682.91 0.92
5683.99 0.46
5685.06 0.23
5686.14 1.12
5687.23 0.56
5688.32 0.28
5689.40 0.64
5690.47 1.32
5691.55 0.66
5692.63 0.33
5693.71 0.16
5694.80 2.08
5695.87 1.04
5696.96 0.52
5698.04 2.76
5699.12 1.38
5700.21 0.69
5701.29 2.35
5702.38 1.17
5703.48 1.09
5704.56 3.04
5705.64 2.52
5706.73 3.76
5707.82 4.38
5708.90 2.19
5709.98 3.10
5711.06 4.05
5712.14 4.02
5713.23 2.51
5714.32 1.26
5715.41 0.63
5716.49 1.31
5717.58 3.16
5718.66 1.58
5719.75 0.79
5720.83 0.39
5721.92 2.20
5723.00 1.10
5724.07 1.05
5725.15 2.52
5726.23 1.26
5727.31 0.63
5728.40 2.32
5729.49 1.66
5730.58 1.83
5731.66 1.91
5732.76 2.96
5733.84 3.48
5734.93 1.74
5736.02 0.87
5737.10 0.93
5738.18 0.47
5739.26 2.73
5740.35 1.87
5741.44 2.93
5742.52 3.47
5743.62 2.73
5744.70 1.37
5745.78 0.68
5746.87 2.34
5747.96 3.17
5749.04 1.59
5750.12 2.79
5751.21 2.40
5752.30 3.20
5753.38 1.60
5754.46 2.80
5755.54 1.40
5756.62 0.70
5757.71 2.35
5758.80 1.67
5759.89 0.84
5760.97 1.42
5762.05 0.71
5763.12 0.35
5764.20 2.18
5765.28 1.59
5766.37 2.79
5767.46 4.40
5768.55 4.20
5769.62 2.10
5770.70 1.05
5771.78 1.52
5772.86 1.76
5773.96 2.88
5775.04 3.44
5776.12 3.72
5777.21 3.86
5778.30 1.93
5779.38 0.97
5780.47 0.48
5781.55 0.74
5782.62 0.37
5783.71 0.69
5784.80 0.84
5785.88 0.92
5786.96 2.46
5788.04 1.73
5789.12 1.37
5790.22 1.18
5791.31 2.59
5792.39 3.30
5793.48 3.65
5794.57 3.82
5795.66 2.91
5796.75 2.46
5797.83 1.23
5798.92 3.11
5800.01 1.56
5801.09 1.78
5802.17 0.89
5803.25 0.44
5804.33 0.22
5805.41 0.61
5806.50 2.31
5807.59 3.15
5808.67 3.58
5809.76 2.29
5810.85 1.64
5811.94 0.82
5813.02 0.41
5814.10 0.21
5815.18 2.10
5816.27 3.55
5817.36 4.28
5818.44 2.14
5819.53 1.07
5820.61 1.53
5821.70 1.77
5822.78 0.88
5823.87 0.94
5824.96 0.97
5826.02 0.49
5827.10 0.24
5828.18 1.12
5829.27 2.56
5830.35 3.28
5831.44 3.64
5832.53 1.82
5833.62 0.91
5834.71 2.46
5835.80 1.23
5836.87 0.61
5837.96 0.31
5839.04 1.15
5840.12 3.08
5841.21 3.54
5842.30 1.77
5843.38 0.88
5844.46 2.94
5845.54 3.47
5846.64 2.24
5847.73 3.12
5848.82 4.06
5849.91 2.53
5851.00 3.76
5852.08 2.88
5853.16 1.44
5854.25 0.72
5855.33 0.36
5856.41 0.18
5857.49 1.59
5858.58 3.30
5859.67 2.15
5860.75 1.07
5861.84 2.54
5862.92 1.77
5864.01 2.88
5865.09 2.94
5866.17 1.47
5867.26 1.74
5868.35 2.87
5869.43 3.93
5870.52 3.97
5871.61 1.98
5872.70 2.99
5873.77 3.50
5874.86 4.25
5875.95 2.12
5877.03 1.06
5878.10 0.53
5879.19 2.77
5880.27 1.38
5881.36 0.69
5882.44 1.35
5883.53 1.17
5884.62 2.09
5885.70 3.54
5886.79 2.77
5887.88 1.89
5888.97 2.94
5890.06 3.47
5891.13 2.24
5892.23 2.12
5893.32 3.06
5894.41 3.53
5895.50 2.76
5896.58 1.38
5897.66 0.69
5898.75 2.35
5899.84 3.17
5900.93 4.09
5902.02 3.04
5903.10 3.02
5904.18 3.51
5905.26 3.76
5906.35 1.88
5907.45 1.94
5908.53 2.97
5909.61 3.48
5910.70 3.74
5911.78 3.87
5912.88 4.44
5913.97 4.22
5915.05 2.61
5916.14 1.30
5917.22 1.65
5918.30 0.83
5919.39 2.91
5920.47 1.46
5921.56 1.73
5922.65 1.86
5923.74 1.43
5924.82 0.72
5925.91 1.36
5926.99 0.68
5928.06 0.34
5929.14 0.67
5930.23 1.33
5931.32 2.67
5932.41 3.33
5933.50 1.67
5934.58 0.83
5935.66 0.42
5936.74 1.21
5937.83 1.60
5938.91 1.30
5939.99 0.65
5941.07 1.33
5942.15 0.66
5943.24 2.33
5944.33 2.17
5945.42 3.08
5946.51 2.54
5947.59 3.27
5948.68 1.64
5949.77 2.82
5950.86 3.41
5951.95 1.70
5953.03 2.85
5954.11 1.43
5955.20 0.71
5956.28 0.36
5957.36 0.18
5958.44 2.59
5959.53 1.29
5960.62 2.65
5961.70 1.32
5962.78 0.66
5963.86 2.83
5964.96 3.42
5966.04 4.21
5967.12 2.10
5968.21 3.05
5969.30 2.53
5970.38 3.76
5971.47 1.88
5972.56 1.44
5973.64 1.22
5974.73 1.11
5975.83 1.06
5976.91 0.53
5978.00 0.76
5979.06 2.88
5980.14 3.44
5981.23 2.22
5982.31 1.11
5983.40 2.56
5984.49 3.28
5985.58 2.14
5986.66 1.07
5987.75 1.53
5988.84 2.77
5989.92 3.38
5991.01 1.69
5992.09 0.85
5993.16 1.42
5994.25 1.71
5995.34 1.86
5996.43 2.93
5997.51 1.46
5998.60 0.73
5999.67 0.37
6000.75 0.18
6001.83 0.09
6002.91 2.55
6004.00 3.27
6005.08 4.14
6006.17 4.07
6007.26 3.53
6008.34 1.77
6009.43 0.88
6010.52 0.94
6011.60 0.47
6012.68 2.74
6013.77 1.87
6014.86 2.93
6015.96 3.97
6017.03 3.98
6018.10 1.99
6019.18 1.00
6020.26 0.50
6021.34 0.25
6022.42 2.12
6023.52 1.56
6024.60 0.78
6025.67 0.39
6026.75 0.20
6027.84 2.10
6028.92 3.05
6030.00 2.52
6031.08 1.76
6032.16 1.88
6033.25 2.94
6034.34 1.47
6035.42 1.74
6036.51 0.87
6037.58 0.43
6038.66 0.22
6039.75 2.61
6040.84 1.80
6041.92 0.90
6043.00 2.95
6044.07 3.98
6045.16 4.49
6046.24 2.24
6047.33 1.62
6048.42 1.31
6049.51 2.66
6050.59 3.33
6051.68 1.66
6052.77 1.33
6053.86 1.17
6054.96 3.08
6056.03 4.04
6057.10 2.02
6058.19 3.51
6059.28 2.26
6060.37 1.13
6061.46 1.06
6062.55 1.03
6063.63 0.52
6064.72 1.26
6065.81 0.63
6066.90 2.31
6067.98 1.16
6069.07 1.58
6070.16 1.79
6071.24 2.89
6072.33 3.45
6073.42 2.72
6074.50 1.36
6075.58 0.68
6076.66 0.34
6077.75 2.67
6078.84 1.84
6079.93 0.92
6081.01 0.96
6082.09 1.48
6083.17 3.24
6084.26 3.62
6085.34 1.81
6086.44 2.90
6087.52 1.45
6088.61 2.73
6089.70 3.86
6090.78 2.93
6091.86 1.97
6092.96 1.48
6094.04 1.74
6095.12 0.87
6096.20 0.44
6097.28 0.72
6098.37 0.86
6099.46 0.43
6100.54 1.21
6101.62 0.61
6102.71 0.30
6103.79 0.15
6104.88 2.08
6105.96 3.04
6107.04 2.52
6108.12 1.76
6109.21 2.38
6110.30 1.69
6111.39 2.84
6112.47 1.42
6113.56 2.21
6114.65 3.11
6115.74 3.55
6116.84 2.28
6117.92 1.64
6119.01 3.32
6120.10 3.66
6121.18 1.83
6122.27 1.91
6123.36 2.96
6124.45 3.48
6125.54 1.74
6126.63 1.87
6127.70 0.93
6128.79 2.97
6129.87 1.48
6130.96 0.74
6132.04 2.37
6133.12 1.69
6134.22 0.84
6135.30 0.42
6136.38 0.21
6137.46 2.61
6138.55 3.80
6139.63 1.90
6140.72 1.45
6141.80 0.73
6142.88 0.36
6143.96 0.18
6145.03 0.09
6146.10 0.05
6147.16 1.02
6148.25 0.51
6149.33 2.26
6150.42 3.63
6151.51 3.81
6152.60 2.41
6153.69 3.20
6154.77 2.60
6155.85 3.30
6156.93 1.65
6158.02 2.83
6159.11 1.91
6160.20 1.46
6161.29 0.73
6162.37 0.86
6163.45 0.43
6164.53 2.72
6165.62 1.86
6166.70 0.93
6167.78 0.46
6168.86 1.23
6169.95 0.62
6171.03 2.31
6172.12 1.65
6173.21 2.83
6174.30 3.41
6175.38 1.71
6176.48 3.35
6177.56 3.68
6178.65 2.34
6179.74 1.17
6180.82 0.58
6181.91 0.79
6182.99 1.40
6184.06 0.70
6185.14 2.35
6186.23 2.17
6187.31 1.09
6188.40 3.54
6189.48 2.27
6190.57 2.14
6191.66 1.07
6192.74 1.53
6193.82 0.77
6194.91 1.38
6196.00 2.69
6197.08 2.35
6198.16 1.17
6199.25 1.09
6200.34 0.54
6201.41 2.27
6202.50 3.64
6203.58 3.82
6204.68 3.91
6205.76 1.95
6206.85 0.98
6207.94 1.99
6209.02 3.49
6210.10 1.75
6211.18 1.37
6212.27 2.69
6213.35 3.34
6214.44 2.17
6215.53 1.09
6216.61 0.54
6217.69 2.77
6218.78 2.39
6219.87 2.19
6220.96 3.60
6222.03 1.80
6223.10 1.90
6224.19 1.45
6225.27 0.72
6226.36 2.36
6227.45 1.68
6228.54 2.84
6229.63 2.42
6230.72 1.71
6231.81 0.86
6232.90 2.93
6233.98 1.46
6235.06 1.73
6236.15 0.87
6237.23 1.43
6238.32 1.72
6239.41 0.86
6240.49 2.93
6241.58 3.96
6242.66 1.98
6243.75 2.99
6244.84 2.00
6245.92 3.00
6246.99 3.50
6248.08 2.75
6249.16 3.37
6250.25 3.69
6251.34 3.84
6252.43 2.42
6253.51 1.21
6254.60 0.61
6255.68 2.80
6256.75 3.90
6257.84 2.95
6258.92 2.48
6260.01 1.24
6261.09 3.12
6262.18 3.56
6263.26 1.78
6264.36 3.39
6265.44 2.69
6266.53 3.35
6267.62 4.17
6268.70 4.59
6269.79 3.29
6270.87 1.65
6271.96 2.82
6273.04 3.41
6274.12 3.71
6275.22 1.85
6276.30 0.93
6277.39 2.96
6278.47 1.48
6279.56 3.24
6280.64 4.12
6281.73 2.56
6282.82 1.78
6283.90 0.89
6284.98 0.45
6286.05 2.72
6287.14 2.36
6288.22 1.18
6289.31 0.59
6290.39 0.30
6291.48 2.15
6292.56 3.07
6293.64 4.04
6294.73 2.02
6295.81 1.01
6296.89 1.50
6297.97 0.75
6299.04 1.38
6300.13 0.69
6301.21 2.84
6302.30 1.42
6303.38 1.71
6304.46 0.86
6305.54 0.43
6306.63 2.21
6307.72 3.11
6308.82 2.05
6309.90 1.03
6310.98 3.51
6312.07 4.26
6313.15 2.13
6314.24 2.06
6315.33 1.03
6316.41 0.52
6317.50 0.76
6318.58 2.88
6319.66 3.94
6320.75 1.97
6321.83 0.98
6322.91 0.49
6323.99 0.25
6325.08 0.62
6326.16 2.31
6327.25 1.16
6328.34 1.08
6329.42 0.54
6330.50 2.27
6331.59 2.13
6332.67 3.07
6333.76 2.53
6334.85 1.27
6335.95 2.63
6337.02 3.82
6338.10 3.91
6339.20 2.45
6340.28 1.73
6341.37 0.86
6342.45 2.43
6343.54 3.22
6344.63 3.61
6345.73 2.30
6346.81 1.65
6347.90 0.83
6348.98 2.41
6350.06 1.21
6351.15 2.60
6352.23 3.30
6353.32 2.15
6354.42 1.08
6355.50 0.54
6356.58 0.27
6357.67 1.63
6358.76 2.82
6359.84 3.91
6360.94 2.45
6362.02 1.73
6363.10 1.86
6364.18 0.93
6365.26 3.47
6366.35 2.23
6367.44 1.12
6368.53 2.56
6369.62 1.28
6370.71 2.64
6371.79 3.32
6372.88 1.66
6373.97 1.33
6375.06 1.16
6376.15 2.58
6377.23 3.29
6378.32 2.15
6379.42 1.07
6380.50 0.54
6381.58 1.27
6382.66 2.13
6383.76 2.07
6384.84 2.03
6385.94 1.02
6387.01 0.51
6388.09 1.75
6389.17 2.38
6390.26 1.19
6391.35 1.09
6392.44 1.55
6393.52 2.77
6394.61 1.39
6395.70 1.19
6396.78 0.60
6397.86 0.30
6398.95 0.15
6400.03 2.07
6401.10 1.54
6402.19 1.27
6403.28 2.63
6404.36 3.32
6405.45 2.16
6406.54 1.08
6407.62 1.54
6408.70 0.77
6409.78 1.38
6410.87 1.19
6411.96 1.10
6413.03 0.55
6414.10 0.27
6415.18 2.64
6416.27 1.82
6417.36 3.41
6418.44 1.70
6419.52 1.35
6420.60 2.68
6421.68 3.84
6422.77 1.92
6423.86 0.96
6424.94 0.48
6426.02 0.74
6427.10 2.87
6428.18 1.43
6429.28 3.22
6430.36 1.61
6431.45 1.30
6432.53 0.65
6433.61 2.33
6434.70 1.16
6435.79 1.08
6436.87 1.04
6437.95 3.02
6439.02 3.51
6440.10 1.76
6441.18 0.88
6442.27 2.44
6443.36 1.72
6444.44 1.36
6445.53 1.18
6446.62 1.59
6447.71 1.79
6448.79 0.90
6449.87 2.45
6450.95 3.22
6452.03 3.61
6453.12 2.31
6454.21 2.15
6455.30 1.08
6456.37 2.54
6457.45 3.27
6458.54 3.13
6459.62 1.57
6460.71 0.78
6461.80 2.39
6462.88 3.20
6463.96 4.10
6465.03 2.05
6466.10 3.02
6467.19 2.51
6468.27 3.76
6469.36 3.38
6470.45 1.69
6471.54 1.84
6472.63 2.42
6473.72 1.71
6474.80 2.86
6475.88 2.43
6476.97 1.21
6478.05 1.11
6479.14 1.05
6480.23 1.03
6481.31 0.51
6482.40 0.76
6483.48 2.88
6484.57 2.94
6485.66 1.97
6486.75 3.48
6487.84 2.24
6488.93 1.12
6490.01 0.56
6491.08 1.28
6492.17 2.64
6493.25 3.32
6494.34 3.66
6495.42 1.83
6496.52 2.92
6497.61 2.46
6498.70 1.23
6499.78 0.61
6500.86 0.31
6501.94 0.15
6503.02 1.08
6504.10 2.54
6505.19 1.77
6506.28 1.38
6507.36 0.69
6508.44 2.35
6509.53 1.17
6510.62 2.59
6511.70 3.29
6512.78 2.65
6513.87 2.32
6514.95 1.16
6516.04 1.08
6517.12 1.04
6518.20 1.52
6519.28 1.26
6520.37 1.63
6521.46 1.82
6522.54 2.91
6523.64 1.95
6524.72 2.98
6525.81 1.49
6526.90 0.74
6527.98 0.87
6529.06 0.44
6530.13 0.22
6531.21 0.11
6532.29 2.05
6533.37 3.03
6534.46 3.51
6535.55 2.76
6536.64 2.38
6537.72 1.19
6538.81 2.59
6539.90 1.30
6540.98 3.15
6542.07 4.07
6543.15 2.54
6544.24 1.77
6545.33 0.88
6546.41 2.94
6547.50 2.47
6548.58 1.24
6549.67 2.62
6550.76 1.81
6551.84 1.40
6552.93 0.70
6554.00 1.35
6555.07 0.68
6556.16 0.84
6557.24 1.42
6558.33 3.21
6559.43 2.10
6560.52 2.05
6561.60 1.53
6562.69 1.26
6563.78 0.63
6564.86 0.82
6565.94 0.91
6567.01 0.95
6568.09 2.48
6569.17 3.24
6570.26 4.62
6571.35 4.31
6572.44 2.15
6573.53 1.08
6574.61 0.54
6575.69 0.77
6576.77 0.38
6577.85 2.69
6578.95 1.85
6580.03 2.92
6581.11 2.46
6582.19 3.23
6583.29 3.12
6584.38 4.56
6585.47 2.78
6586.56 2.39
6587.64 3.69
6588.73 2.85
6589.82 2.42
6590.91 1.71
6592.00 1.36
6593.07 0.68
6594.15 0.84
6595.24 0.92
6596.32 0.46
6597.40 1.23
6598.49 2.61
6599.58 1.81
6600.66 0.90
6601.74 0.45
6602.81 2.23
6603.90 3.11
6605.00 2.06
6606.08 1.53
6607.16 0.76
6608.24 1.88
6609.33 2.94
6610.42 3.47
6611.51 3.24
6612.60 3.12
6613.69 1.56
6614.78 0.78
6615.86 1.39
6616.95 1.19
6618.03 2.60
6619.10 1.30
6620.18 0.65
6621.26 0.32
6622.34 2.16
6623.43 2.08
6624.51 3.54
6625.60 1.77
6626.68 1.39
6627.77 2.69
6628.86 1.35
6629.94 0.67
6631.02 0.84
6632.10 0.42
6633.18 2.71
6634.28 2.35
6635.36 1.18
6636.45 1.09
6637.53 0.54
6638.61 0.27
6639.69 0.64
6640.78 1.32
6641.87 2.66
6642.95 1.33
6644.03 0.66
6645.10 0.33
6646.19 2.17
6647.28 1.08
6648.36 0.54
6649.44 0.77
6650.52 0.39
6651.60 2.19
6652.69 3.10
6653.78 1.55
6654.87 1.27
6655.95 0.64
6657.03 2.82
6658.11 1.91
6659.20 3.45
6660.27 3.73
6661.36 2.86
6662.45 1.43
6663.54 0.72
6664.62 1.86
6665.71 3.43
6666.79 3.71
6667.88 2.36
6668.97 1.18
6670.06 1.59
6671.14 1.29
6672.23 2.65
6673.32 2.32
6674.41 1.66
6675.50 1.83
6676.57 1.42
6677.66 0.71
6678.74 0.35
6679.82 2.68
6680.91 2.34
6682.00 2.17
6683.07 3.08
6684.16 2.04
6685.24 1.02
6686.32 1.01
6687.41 1.01
6688.50 1.50
6689.58 1.25
6690.66 0.63
6691.75 1.81
6692.84 1.91
6693.93 1.45
6695.00 2.73
6696.08 3.86
6697.16 2.43
6698.25 1.22
6699.34 2.61
6700.42 3.30
6701.50 1.65
6702.58 0.83
6703.67 0.91
6704.76 1.46
6705.84 0.73
6706.93 1.86
6708.01 1.93
6709.09 1.97
6710.17 3.48
6711.26 2.74
6712.35 2.37
6713.44 1.69
6714.52 2.84
6715.61 1.42
6716.70 2.21
6717.79 1.61
6718.88 0.80
6719.95 0.40
6721.02 1.20
6722.10 1.60
6723.18 0.80
6724.25 1.40
6725.33 0.70
6726.41 1.85
6727.50 0.93
6728.58 1.46
6729.67 2.73
6730.76 1.87
6731.84 1.43
6732.94 2.72
6734.02 1.36
6735.10 1.68
6736.18 1.84
6737.27 0.92
6738.36 2.96
6739.44 3.48
6740.53 3.74
6741.62 2.37
6742.71 1.18
6743.80 1.09
6744.88 0.55
6745.96 1.27
6747.05 3.14
6748.14 1.57
6749.23 1.28
6750.32 1.14
6751.41 1.07
6752.50 0.54
6753.58 0.27
6754.66 1.13
6755.74 0.57
6756.83 2.28
6757.92 1.14
6759.00 3.07
6760.07 1.54
6761.15 0.77
6762.24 0.88
6763.32 2.94
6764.40 3.47
6765.48 2.74
6766.57 3.37
6767.66 1.68
6768.74 1.34
6769.83 1.67
6770.92 1.84
6772.00 0.92
6773.07 0.46
6774.15 2.23
6775.24 2.11
6776.34 1.56
6777.42 0.78
6778.50 0.39
6779.58 0.19
6780.66 0.10
6781.74 2.05
6782.83 1.52
6783.92 0.76
6785.00 1.38
6786.08 2.69
6787.15 3.35
6788.25 2.67
6789.34 1.84
6790.43 1.92
6791.52 1.46
6792.60 1.23
6793.69 0.61
6794.77 2.31
6795.86 3.15
6796.94 3.58
6798.03 4.29
6799.12 2.64
6800.21 3.82
6801.30 2.91
6802.38 1.46
6803.47 0.73
6804.55 2.36
6805.63 1.18
6806.72 1.09
6807.80 0.55
6808.88 2.77
6809.97 3.39
6811.06 2.69
6812.14 1.35
6813.23 2.67
6814.32 2.34
6815.41 1.67
6816.50 1.83
6817.58 2.92
6818.66 3.46
6819.75 3.73
6820.84 4.36
6821.94 4.18
6823.01 3.09
6824.09 2.55
6825.18 1.27
6826.26 0.64
6827.35 1.32
6828.44 1.66
6829.52 1.83
6830.61 1.91
6831.70 1.96
6832.78 0.98
6833.86 2.49
6834.94 3.24
6836.03 2.62
6837.11 1.31
6838.20 1.66
6839.30 3.33
6840.38 1.66
6841.47 2.83
6842.56 2.42
6843.65 1.21
6844.74 2.10
6845.82 2.55
6846.92 1.78
6848.00 0.89
6849.07 0.94
6850.14 0.47
6851.22 0.24
6852.30 0.12
6853.39 0.56
6854.48 0.78
6855.56 0.39
6856.64 0.19
6857.73 0.60
6858.80 1.30
6859.87 0.65
6860.96 1.32
6862.04 2.16
6863.13 1.58
6864.22 2.29
6865.31 1.65
6866.40 0.82
6867.48 1.91
6868.56 1.96
6869.65 1.48
6870.74 1.24
6871.83 1.12
6872.93 0.56
6874.00 1.78
6875.08 2.39
6876.16 1.19
6877.25 1.10
6878.34 1.05
6879.42 0.52
6880.50 0.26
6881.58 0.13
6882.66 0.07
6883.74 1.53
6884.83 2.27
6885.92 2.13
6887.00 1.07
6888.08 2.53
6889.16 3.27
6890.25 2.13
6891.34 2.57
6892.42 1.28
6893.51 0.64
6894.60 0.32
6895.68 1.66
6896.76 2.33
6897.85 1.17
6898.94 2.08
6900.01 2.54
6901.09 1.27
6902.17 2.64
6903.26 3.32
6904.35 1.66
6905.44 0.83
6906.52 1.41
6907.61 1.21
6908.70 0.60
6909.78 1.80
6910.86 1.90
6911.94 0.95
6913.02 1.98
6914.10 1.49
6915.18 2.24
6916.27 1.62
6917.35 0.81
6918.43 0.41
6919.52 2.20
6920.60 1.60
6921.68 2.80
6922.76 1.90
6923.84 0.95
6924.93 2.48
6926.01 2.74
6927.10 1.87
6928.19 1.43
6929.28 2.72
6930.36 1.36
6931.46 2.68
6932.54 1.34
6933.62 0.67
6934.71 1.33
6935.79 2.67
6936.88 1.33
6937.97 2.17
6939.06 3.08
6940.14 2.04
6941.23 1.52
6942.32 1.26
6943.40 1.13
6944.49 0.57
6945.57 0.28
6946.65 0.14
6947.73 0.07
6948.80 0.04
6949.86 0.02
6950.94 0.51
6952.01 0.25
6953.09 0.13
6954.17 1.06
6955.26 0.53
6956.34 1.27
6957.42 0.63
6958.51 1.82
6959.59 0.91
6960.68 2.45
6961.76 1.23
6962.85 3.11
6963.94 1.56
6965.02 1.28
6966.10 0.64
6967.19 0.82
6968.27 0.41
6969.35 0.20
6970.43 0.60
6971.50 1.80
6972.58 1.40
6973.66 0.70
6974.74 1.35
6975.83 2.18
6976.93 1.59
6978.01 0.79
6979.08 0.40
6980.16 1.70
6981.24 0.85
6982.32 0.42
6983.40 0.21
6984.48 0.61
6985.57 0.80
6986.65 1.90
6987.73 0.95
6988.81 0.98
6989.89 1.49
6990.98 1.74
6992.06 0.87
6993.14 1.94
6994.23 1.47
6995.32 2.73
6996.41 1.87
6997.50 0.93
6998.58 1.97
6999.67 1.48
7000.75 0.74
7001.84 1.87
7002.93 0.94
7004.00 0.97
7005.08 1.98
7006.15 0.99
7007.24 1.00
7008.32 1.00
7009.40 1.00
7010.48 0.50
7011.56 0.25
7012.64 0.12
7013.72 0.56
7014.81 0.28
7015.89 0.14
7016.97 2.07
7018.06 1.54
7019.15 1.27
7020.24 0.63
7021.32 0.32
7022.41 0.66
7023.50 0.33
7024.58 1.66
7025.67 1.83
7026.75 0.92
7027.84 0.96
7028.93 0.48
7030.00 1.24
7031.08 2.12
7032.17 1.06
7033.25 0.53
7034.34 0.26
7035.42 0.13
7036.50 1.07
7037.58 0.53
7038.66 0.77
7039.75 1.38
7040.84 2.19
7041.93 1.60
7043.00 0.80
7044.06 0.40
7045.14 1.70
7046.22 2.35
7047.30 1.17
7048.38 0.59
7049.47 0.79
7050.54 0.40
7051.62 1.20
7052.70 0.60
7053.78 0.30
7054.86 1.15
7055.94 0.57
7057.02 0.29
7058.10 0.64
7059.18 0.32
7060.26 2.16
7061.35 2.58
7062.43 1.29
7063.52 2.65
7064.62 1.82
7065.70 2.91
7066.79 1.96
7067.87 0.98
7068.96 0.99
7070.04 0.99
7071.12 1.00
7072.20 0.50
7073.27 0.25
7074.36 2.12
7075.45 2.56
7076.54 1.78
7077.63 1.89
7078.71 0.95
7079.80 1.97
7080.88 0.99
7081.96 0.99
7083.04 0.50
7084.11 2.25
7085.20 1.12
7086.28 2.06
7087.36 1.03
7088.44 0.52
7089.52 0.26
7090.60 1.13
7091.69 0.56
7092.77 0.28
7093.85 0.64
7094.93 0.32
7096.00 0.16
7097.08 1.08
7098.16 1.04
7099.24 1.02
7100.33 2.01
7101.42 1.01
7102.50 1.50
7103.58 0.75
7104.66 0.88
7105.74 0.44
7106.82 0.22
7107.91 0.61
7108.98 0.30
7110.06 1.65
7111.15 1.33
7112.24 0.66
7113.32 0.33
7114.40 0.67
7115.48 1.83
7116.57 0.92
7117.65 2.46
7118.74 2.23
7119.83 1.11
7120.92 0.56
7122.00 1.28
7123.08 1.14
7124.16 1.07
7125.25 0.53
7126.33 0.77
7127.42 0.38
7128.50 0.19
7129.58 0.60
7130.66 0.80
7131.74 1.40
7132.82 0.70
7133.91 0.35
7134.98 0.17
7136.07 0.59
7137.15 0.79
7138.24 0.90
7139.32 0.95
7140.40 0.47
7141.48 0.74
7142.56 2.37
7143.65 2.18
7144.74 1.09
7145.82 2.05
7146.91 1.02
7147.98 0.51
7149.07 1.76
7150.16 1.38
7151.25 0.69
7152.33 1.34
7153.42 1.17
7154.51 2.09
7155.59 3.04
7156.68 3.02
7157.76 1.51
7158.85 0.76
7159.93 1.88
7161.01 2.94
7162.10 3.47
7163.19 2.73
7164.27 1.37
7165.36 2.18
7166.45 1.09
7167.53 2.05
7168.62 2.02
7169.71 1.51
7170.80 0.76
7171.88 0.88
7172.96 2.44
7174.05 1.22
7175.13 2.11
7176.23 2.05
7177.31 1.53
7178.40 1.26
7179.48 1.13
7180.57 1.57
7181.66 0.78
7182.74 0.39
7183.82 1.70
7184.92 1.85
7185.99 0.92
7187.07 0.46
7188.14 0.23
7189.22 0.12
7190.30 0.06
7191.38 0.03
7192.45 1.51
7193.54 0.76
7194.63 0.38
7195.71 2.19
7196.80 1.59
7197.88 1.30
7198.96 2.15
7200.05 1.07
7201.12 1.04
7202.21 1.02
7203.30 1.01
7204.38 0.50
7205.45 0.25
7206.53 0.63
7207.62 0.31
7208.71 1.16
7209.80 0.58
7210.87 0.29
7211.96 0.64
7213.05 1.82
7214.12 2.91
7215.21 2.96
7216.30 1.48
7217.39 1.24
7218.47 0.62
7219.56 0.81
7220.64 1.90
7221.72 0.95
7222.80 0.98
7223.88 0.49
7224.96 1.74
7226.05 0.87
7227.12 0.44
7228.20 0.22
7229.27 0.11
7230.35 0.05
7231.42 0.03
7232.50 0.01
7233.56 1.51
7234.64 0.75
7235.72 0.88
7236.81 0.94
7237.89 1.97
7238.98 0.98
7240.06 0.49
7241.13 0.75
7242.22 1.87
7243.30 0.94
7244.38 0.47
7245.46 0.23
7246.55 1.62
7247.64 1.31
7248.73 1.15
7249.82 1.08
7250.90 0.54
7251.97 0.27
7253.05 0.13
7254.12 0.07
7255.20 0.03
7256.27 2.52
7257.36 2.26
7258.45 1.13
7259.54 1.06
7260.62 2.53
7261.71 2.27
7262.80 1.13
7263.88 0.57
7264.96 2.28
7266.05 1.14
7267.13 0.57
7268.21 0.79
7269.30 0.39
7270.38 0.20
7271.45 0.10
7272.52 0.05
7273.60 2.02
7274.67 1.01
7275.75 0.51
7276.84 0.75
7277.92 0.88
7279.00 0.94
7280.06 0.47
7281.14 1.73
7282.22 0.87
7283.31 0.93
7284.40 0.97
7285.47 0.48
7286.56 0.74
7287.64 0.37
7288.72 1.69
7289.81 0.84
7290.89 0.42
7291.96 0.71
7293.05 1.86
7294.14 0.93
7295.23 2.46
7296.31 1.23
7297.40 0.62
7298.48 0.31
7299.56 2.15
7300.65 1.58
7301.74 0.79
7302.82 0.39
7303.90 0.20
7304.97 0.60
7306.05 0.30
7307.12 0.15
7308.20 0.57
7309.28 0.29
7310.36 0.64
7311.44 0.32
7312.52 0.66
7313.61 1.33
7314.70 0.67
7315.78 0.33
7316.86 0.17
7317.94 2.08
7319.01 2.54
7320.10 1.77
7321.19 1.89
7322.28 1.44
7323.36 2.72
7324.45 3.36
7325.54 3.68
7326.63 3.34
7327.72 2.17
7328.81 1.09
7329.90 1.04
7330.97 1.02
7332.05 0.51
7333.13 0.76
7334.22 1.88
7335.30 0.94
7336.39 0.97
7337.47 1.98
7338.56 2.49
7339.64 1.25
7340.73 1.62
7341.82 2.31
7342.92 1.66
7344.00 1.33
7345.08 1.16
7346.17 1.08
7347.25 1.54
7348.33 0.77
7349.41 1.89
7350.50 0.94
7351.58 0.47
7352.66 1.24
7353.74 0.62
7354.82 0.31
7355.91 0.15
7356.99 1.58
7358.08 1.29
7359.16 1.14
7360.26 0.57
7361.34 0.29
7362.42 2.14
7363.51 2.07
7364.60 1.04
7365.67 0.52
7366.74 0.26
7367.83 0.63
7368.92 0.31
7370.00 1.16
7371.07 0.58
7372.14 0.29
7373.23 1.14
7374.32 1.07
7375.41 0.54
7376.50 0.27
7377.58 0.63
7378.67 0.82
7379.75 0.41
7380.83 0.20
7381.91 0.10
7382.98 2.05
7384.07 2.53
7385.16 1.76
7386.25 1.38
7387.34 0.69
7388.42 0.35
7389.51 2.17
7390.60 1.09
7391.68 0.54
7392.76 0.27
7393.84 0.64
7394.93 1.32
7396.01 0.66
7397.09 0.33
7398.16 1.66
7399.25 1.33
7400.34 1.67
7401.42 0.83
7402.50 0.42
7403.58 2.21
7404.68 1.60
7405.76 1.30
7406.85 1.15
7407.94 2.08
7409.01 1.04
7410.09 1.02
7411.17 0.51
7412.26 0.25
7413.34 1.13
7414.43 1.56
7415.52 0.78
7416.60 0.39
7417.67 0.20
7418.75 0.10
7419.83 2.05
7420.92 1.52
7422.00 1.26
7423.07 0.63
7424.16 0.82
7425.24 1.41
7426.33 1.20
7427.42 1.10
7428.50 0.55
7429.58 0.28
7430.66 0.14
7431.74 0.07
7432.81 2.03
7433.91 1.52
7434.99 1.26
7436.08 2.63
7437.16 1.81
7438.25 0.91
7439.34 1.95
7440.43 1.48
7441.51 1.74
7442.59 0.87
7443.67 0.43
7444.76 1.72
7445.84 1.36
7446.93 1.18
7448.01 2.09
7449.09 1.04
7450.16 2.02
7451.25 1.01
7452.33 1.51
7453.42 0.75
7454.51 1.88
7455.60 1.44
7456.68 2.22
7457.77 1.11
7458.86 1.55
7459.94 0.78
7461.01 0.39
7462.08 1.69
7463.16 0.85
7464.24 2.42
7465.33 2.71
7466.43 1.86
7467.52 2.43
7468.61 1.71
7469.70 1.86
7470.78 0.93
7471.87 0.96
7472.94 0.48
7474.02 0.24
7475.10 0.12
7476.18 2.06
7477.26 1.03
7478.34 0.52
7479.43 1.76
7480.51 0.88
7481.60 2.44
7482.68 3.22
7483.77 1.61
7484.86 0.80
7485.93 2.40
7487.00 1.20
7488.07 0.60
7489.14 0.30
7490.23 0.65
7491.32 2.33
7492.41 2.66
7493.50 1.83
7494.58 0.92
7495.66 1.46
7496.74 0.73
7497.83 0.86
7498.92 0.93
7500.00 0.97
7501.08 1.48
7502.16 1.24
7503.25 1.12
7504.34 0.56
7505.42 0.28
7506.50 0.14
7507.58 1.07
7508.66 0.54
7509.75 0.27
7510.83 0.13
7511.92 0.57
7512.99 0.28
7514.08 0.64
7515.16 1.32
7516.24 1.16
7517.33 1.08
7518.42 0.54
7519.51 0.77
7520.60 0.89
7521.67 0.44
7522.75 0.22
7523.84 2.11
7524.93 1.56
7526.02 0.78
7527.10 0.89
7528.18 0.44
7529.26 0.22
7530.34 1.11
7531.43 0.56
7532.52 0.78
7533.60 0.39
7534.67 0.19
7535.75 0.10
7536.83 1.05
7537.91 0.52
7538.98 0.26
7540.06 0.13
7541.14 1.57
7542.23 0.78
7543.32 0.89
7544.40 0.45
7545.48 1.22
7546.57 0.61
7547.65 0.81
7548.74 0.40
7549.82 0.20
7550.91 1.60
7551.99 2.30
7553.08 2.65
7554.15 1.33
7555.24 1.66
7556.33 0.83
7557.41 0.42
7558.49 0.71
7559.58 0.35
7560.66 1.68
7561.74 0.84
7562.83 1.92
7563.91 0.96
7564.99 1.48
7566.08 1.24
7567.16 0.62
7568.25 0.31
7569.34 0.15
7570.42 0.08
7571.49 1.04
7572.57 1.02
7573.66 1.51
7574.74 0.75
7575.83 2.38
7576.91 1.19
7578.00 1.59
7579.08 1.30
7580.15 0.65
7581.23 0.32
7582.32 2.16
7583.41 2.58
7584.50 1.29
7585.58 1.15
7586.67 0.57
7587.76 0.79
7588.84 1.39
7589.93 0.70
7590.99 0.35
7592.07 0.17
7593.14 0.09
7594.22 0.04
7595.29 1.52
7596.38 1.26
7597.47 2.13
7598.56 1.07
7599.65 1.53
7600.74 0.77
7601.82 0.38
7602.90 0.19
7603.97 0.10
7605.05 0.55
7606.13 0.77
7607.22 0.89
7608.31 2.44
7609.40 1.72
7610.47 0.86
7611.55 0.43
7612.64 1.72
7613.73 2.36
7614.83 2.68
7615.91 1.34
7616.99 0.67
7618.07 0.33
7619.15 1.17
7620.24 2.08
7621.32 1.04
7622.40 2.02
7623.48 2.51
7624.57 1.26
7625.66 0.63
7626.75 0.31
7627.82 0.16
7628.91 0.58
7629.99 0.79
7631.07 1.89
7632.15 2.45
7633.24 2.22
7634.33 2.11
7635.43 1.56
7636.52 0.78
7637.60 0.39
7638.68 0.19
7639.76 0.10
7640.84 0.05
7641.92 1.02
7643.00 1.51
7644.08 1.26
7645.16 1.13
7646.26 1.06
7647.34 1.03
7648.43 1.02
7649.51 1.51
7650.60 1.25
7651.69 1.13
7652.78 0.56
7653.86 1.28
7654.95 1.14
7656.03 1.57
7657.11 0.79
7658.20 0.39
7659.27 0.20
7660.35 0.10
7661.43 0.05
7662.50 0.02
7663.57 1.01
7664.66 0.51
7665.74 0.25
7666.82 0.63
7667.91 1.31
7668.99 1.66
7670.08 1.33
7671.17 1.16
7672.27 1.08
7673.36 1.54
7674.44 0.77
7675.52 1.39
7676.62 1.19
7677.71 1.60
7678.79 0.80
7679.86 0.40
7680.94 0.70
7682.02 0.85
7683.10 0.42
7684.17 1.21
7685.26 0.61
7686.35 0.80
7687.43 0.90
7688.51 0.95
7689.59 0.98
7690.67 1.49
7691.76 1.74
7692.84 0.87
7693.92 0.44
7695.00 0.72
7696.08 0.86
7697.16 0.93
7698.24 1.46
7699.33 1.23
7700.42 1.62
7701.51 1.81
7702.60 1.90
7703.68 1.45
7704.76 1.23
7705.85 0.61
7706.93 0.81
7708.02 0.90
7709.09 0.95
7710.17 0.48
7711.25 0.24
7712.33 1.12
7713.42 0.56
7714.50 0.28
7715.58 0.14
7716.66 0.57
7717.75 0.78
7718.83 1.39
7719.92 2.20
7721.00 1.60
7722.07 1.30
7723.14 0.65
7724.23 0.82
7725.32 1.41
7726.41 1.21
7727.50 0.60
7728.58 1.30
7729.66 2.15
7730.75 1.58
7731.84 1.29
7732.92 1.14
7734.00 0.57
7735.08 0.79
7736.16 0.89
7737.24 0.95
7738.33 1.97
7739.42 1.99
7740.50 0.99
7741.58 0.50
7742.66 0.75
7743.74 0.37
7744.82 0.19
7745.91 1.09
7746.98 0.55
7748.06 0.27
7749.14 0.64
7750.23 0.82
7751.32 0.91
7752.40 0.45
7753.48 1.23
7754.57 1.61
7755.66 1.31
7756.75 0.65
7757.84 1.33
7758.92 1.66
7760.00 1.33
7761.08 0.67
7762.16 0.33
7763.24 0.67
7764.33 0.83
7765.42 0.92
7766.51 0.96
7767.60 0.98
7768.68 0.99
7769.76 0.99
7770.83 0.50
7771.91 0.25
7772.99 0.62
7774.07 0.31
7775.15 0.16
7776.23 0.08
7777.30 0.04
7778.37 0.02
7779.43 0.01
7780.50 0.00
7781.56 0.00
7782.62 0.00
7783.69 1.00
7784.77 1.00
7785.85 1.50
7786.93 1.25
7788.02 0.63
7789.10 0.81
7790.18 0.91
7791.27 1.45
7792.35 0.73
7793.44 1.36
7794.52 1.18
7795.61 1.59
7796.70 1.80
7797.78 0.90
7798.85 0.45
7799.93 0.22
7801.01 0.61
7802.09 1.31
7803.18 1.15
7804.27 1.08
7805.35 0.54
7806.43 0.27
7807.52 0.63
7808.60 0.82
7809.68 0.91
7810.76 0.45
7811.84 1.23
7812.93 0.61
7814.01 0.31
7815.09 1.65
7816.17 1.83
7817.26 0.91
7818.34 0.46
7819.42 0.23
7820.50 0.11
7821.58 0.06
7822.65 0.53
7823.74 1.26
7824.82 1.63
7825.92 1.82
7826.99 1.91
7828.08 1.95
7829.16 0.98
7830.24 0.49
7831.32 0.24
7832.40 1.12
7833.49 1.06
7834.57 0.53
7835.65 0.27
7836.74 0.13
7837.82 0.07
7838.90 0.03
7839.96 0.02
7841.03 0.01
7842.10 1.00
7843.17 1.00
7844.25 1.00
7845.33 0.50
7846.41 0.75
7847.50 0.88
7848.58 0.94
7849.66 0.97
7850.74 0.98
7851.82 0.49
7852.90 1.25
7853.98 0.62
7855.06 1.31
7856.14 1.66
7857.24 1.33
7858.33 1.16
7859.42 1.58
7860.51 1.79
7861.60 1.90
7862.67 0.95
7863.76 0.97
7864.84 0.49
7865.92 0.24
7866.99 0.12
7868.08 0.56
7869.16 0.78
7870.24 0.39
7871.32 0.20
7872.40 0.10
7873.47 0.05
7874.56 1.02
7875.63 1.51
7876.72 1.76
7877.81 2.38
7878.90 2.19
7879.98 1.09
7881.06 0.55
7882.14 0.27
7883.22 0.64
7884.30 0.32
7885.39 0.66
7886.48 0.83
7887.56 0.91
7888.64 0.96
7889.72 0.98
7890.80 0.99
7891.89 0.49
7892.96 0.75
7894.05 0.37
7895.12 0.19
7896.21 0.09
7897.28 0.55
7898.37 1.27
7899.46 1.64
7900.55 1.32
7901.64 1.66
7902.72 1.33
7903.82 1.16
7904.91 1.08
7905.98 0.54
7907.06 0.77
7908.14 0.39
7909.22 0.19
7910.31 0.60
7911.39 0.30
7912.48 1.15
7913.56 0.57
7914.64 0.29
7915.72 0.14
7916.80 0.57
7917.89 1.79
7918.97 1.39
7920.06 0.70
7921.13 0.35
7922.21 0.17
7923.29 0.59
7924.38 0.29
7925.46 0.65
7926.55 0.82
7927.63 0.91
7928.72 0.96
7929.80 0.98
7930.90 1.49
7931.96 0.74
7933.03 0.37
7934.12 1.19
7935.21 1.09
7936.30 0.55
7937.38 0.27
7938.46 0.14
7939.54 0.07
7940.61 0.03
7941.68 0.02
7942.76 1.01
7943.84 0.50
7944.91 0.25
7945.99 0.63
7947.08 0.81
7948.16 0.91
7949.24 0.95
7950.34 0.98
7951.42 0.49
7952.50 0.74
7953.58 0.37
7954.66 1.19
7955.75 1.59
7956.83 1.80
7957.91 0.90
7958.98 0.45
7960.06 0.22
7961.14 0.11
7962.22 0.06
7963.30 1.03
7964.38 1.01
7965.47 1.01
7966.56 1.00
7967.63 0.50
7968.72 0.75
7969.80 0.88
7970.88 0.94
7971.95 0.97
7973.04 1.48
7974.12 0.74
7975.20 0.37
7976.28 0.19
7977.36 0.09
7978.44 1.05
7979.52 0.52
7980.60 0.26
7981.68 0.63
7982.77 0.32
7983.86 0.66
7984.95 0.83
7986.04 0.91
7987.12 0.96
7988.20 0.98
7989.28 0.99
7990.36 0.99
7991.44 1.00
7992.52 0.50
7993.60 0.75
7994.68 0.87
7995.76 1.44
7996.85 1.72
7997.94 1.86
7999.02 1.93
8000.12 1.96
8001.20 1.48
8002.28 1.74
8003.37 1.87
8004.46 1.94
8005.55 1.47
8006.63 0.73
8007.72 0.87
8008.80 0.93
8009.88 1.47
8010.96 0.73
8012.04 0.87
8013.12 1.43
8014.21 0.72
8015.30 0.36
8016.38 0.18
8017.46 0.09
8018.53 0.54
8019.62 1.27
8020.70 0.64
8021.79 1.32
8022.88 1.66
8023.96 0.83
8025.04 0.41
8026.12 0.71
8027.20 0.35
8028.27 0.18
8029.35 0.09
8030.42 0.04
8031.50 1.02
8032.58 0.51
8033.66 1.26
8034.75 1.63
8035.84 2.31
8036.92 1.16
8038.01 1.08
8039.09 0.54
8040.16 0.27
8041.24 0.13
8042.32 0.07
8043.40 0.53
8044.48 0.77
8045.57 0.88
8046.64 0.44
8047.71 0.22
8048.80 0.61
8049.88 0.31
8050.96 0.65
8052.04 0.33
8053.12 0.66
8054.21 1.33
8055.30 1.67
8056.38 1.83
8057.48 1.42
8058.56 1.71
8059.65 1.85
8060.74 1.93
8061.82 1.96
8062.91 0.98
8063.99 0.49
8065.07 1.25
8066.15 1.12
8067.24 1.06
8068.32 1.03
8069.41 1.02
8070.50 1.01
8071.58 1.00
8072.66 0.50
8073.74 1.25
8074.82 0.63
8075.90 0.31
8076.97 0.16
8078.05 0.08
8079.11 0.04
8080.19 0.52
8081.28 0.76
8082.36 1.38
8083.45 0.69
8084.53 0.84
8085.61 0.42
8086.69 0.71
8087.77 0.86
8088.86 0.93
8089.94 0.46
8091.02 0.73
8092.10 0.87
8093.18 0.43
8094.26 0.22
8095.34 0.11
8096.42 0.05
8097.49 0.03
8098.56 1.01
8099.65 1.51
8100.74 1.25
8101.82 0.63
8102.91 0.31
8103.98 1.66
8105.06 0.83
8106.14 0.41
8107.22 0.71
8108.31 0.85
8109.39 0.43
8110.48 0.71
8111.56 1.36
8112.65 0.68
8113.73 1.34
8114.82 0.67
8115.90 0.33
8116.97 0.67
8118.06 0.83
8119.14 1.42
8120.22 0.71
8121.31 0.35
8122.40 0.68
8123.46 0.34
8124.55 0.67
8125.64 0.83
8126.72 0.92
8127.81 1.46
8128.90 1.23
8129.97 0.61
8131.05 0.81
8132.13 0.40
8133.21 0.70
8134.29 1.35
8135.38 1.68
8136.47 1.84
8137.55 1.92
8138.64 1.96
8139.73 0.98
8140.81 0.49
8141.89 0.24
8142.96 0.62
8144.04 0.81
8145.12 0.91
8146.21 0.45
8147.29 0.23
8148.37 0.61
8149.46 0.81
8150.54 0.40
8151.62 0.20
8152.70 1.10
8153.78 1.55
8154.87 0.78
8155.95 0.89
8157.03 0.94
8158.11 1.47
8159.20 0.74
8160.28 0.37
8161.35 0.18
8162.43 0.09
8163.51 0.55
8164.60 0.77
8165.68 0.89
8166.76 0.94
8167.84 0.47
8168.92 0.74
8170.01 1.37
8171.10 0.68
8172.18 0.84
8173.26 120.42
8174.43 202.21
8175.59 154.11
8176.77 186.05
8177.93 241.03
8179.10 203.01
8180.26 148.51
8181.43 219.75
8182.60 265.88
8183.76 194.94
8184.93 223.47
8186.10 266.73
8187.26 218.37
8188.43 160.18
8189.60 230.59
8190.76 262.80
8191.93 194.90
8193.09 232.95
8194.25 273.47
8195.42 219.74
8196.58 162.87
8197.74 120.93
8198.91 151.47
8200.08 228.23
8201.24 274.62
8202.42 299.31
8203.59 232.15
8204.76 170.58
8205.93 236.79
8207.10 280.39
8208.26 211.70
8209.42 231.35
8210.60 273.67
8211.76 227.84
8212.93 171.42
8214.10 240.21
8215.27 281.10
8216.43 209.05
8217.60 240.53
8218.76 280.26
8219.93 227.13
8221.10 170.07
8222.26 128.03
8223.42 144.52
8224.59 227.26
8225.76 275.13
8226.94 303.06
8228.10 237.53
8229.26 176.77
8230.43 132.38
8231.60 177.69
8232.76 244.85
8233.93 216.42
8235.10 166.21
8236.27 236.11
8237.44 279.55
8238.61 304.28
8239.79 318.64
8240.95 233.32
8242.12 169.16
8243.29 125.58
8244.46 208.79
8245.63 265.39
8246.79 207.20
8247.95 200.10
8249.12 258.05
8250.28 293.02
8251.45 312.51
8252.62 244.26
8253.79 180.63
8254.96 135.31
8256.13 178.66
8257.30 247.33
8258.47 287.66
8259.64 310.83
8260.80 239.92
8261.96 177.96
8263.13 248.48
8264.30 238.74
8265.46 184.87
8266.63 241.93
8267.80 284.47
8268.96 220.73
8270.13 164.37
8271.30 238.18
8272.47 261.09
8273.63 199.55
8274.80 149.27
8275.97 114.14
8277.14 204.07
8278.31 262.03
8279.47 203.52
8280.64 219.76
8281.81 268.38
8282.98 298.19
8284.15 314.59
8285.32 242.80
8286.48 178.90
8287.64 248.95
8288.81 240.97
8289.98 186.99
8291.14 141.99
8292.31 110.50
8293.48 207.75
8294.64 265.37
8295.81 297.19
8296.98 258.09
8298.14 194.05
8299.30 146.52
8300.46 112.76
8301.64 208.88
8302.80 267.44
8303.97 299.72
8305.14 284.36
8306.31 212.68
8307.48 157.34
8308.65 119.17
8309.82 209.59
8311.00 266.79
8312.16 204.90
8313.32 231.95
8314.49 276.97
8315.66 302.49
8316.83 318.24
8318.01 242.62
8319.17 179.31
8320.34 134.16
8321.51 198.08
8322.67 258.54
8323.83 215.77
8325.01 164.38
8326.17 239.69
8327.34 283.85
8328.52 307.92
8329.68 258.46
8330.85 193.73
8332.03 252.37
8333.20 291.68
8334.36 220.34
8335.53 163.17
8336.70 240.09
8337.86 237.04
8339.02 184.02
8340.18 141.01
8341.34 109.51
8342.52 205.75
8343.69 263.88
8344.86 200.94
8346.04 238.47
8347.20 279.73
8348.36 304.87
8349.53 319.93
8350.70 240.97
8351.88 176.48
8353.04 132.24
8354.20 203.62
8355.36 261.31
8356.54 213.66
8357.70 162.33
8358.88 239.66
8360.04 283.83
8361.21 309.42
8362.38 252.71
8363.55 189.35
8364.72 251.18
8365.89 289.59
8367.06 218.29
8368.22 161.65
8369.39 239.32
8370.55 228.16
8371.72 179.08
8372.88 137.54
8374.05 107.27
8375.21 205.64
8376.39 237.82
8377.55 185.91
8378.72 235.95
8379.89 279.98
8381.06 304.49
8382.23 320.24
8383.40 237.12
8384.56 174.06
8385.72 130.03
8386.88 206.52
8388.05 264.26
8389.22 212.63
8390.38 160.31
8391.56 238.66
8392.72 231.33
8393.89 180.66
8395.05 239.83
8396.21 282.92
8397.38 220.96
8398.55 191.48
8399.72 255.24
8400.90 293.12
8402.07 313.56
8403.23 265.28
8404.40 199.14
8405.56 254.57
8406.73 292.28
8407.90 223.14
8409.06 167.07
8410.22 126.54
8411.39 201.27
8412.56 261.63
8413.73 296.32
8414.91 314.66
8416.07 233.33
8417.24 249.16
8418.40 286.58
8419.56 238.79
8420.73 180.40
8421.90 247.20
8423.06 288.60
8424.22 216.30
8425.38 245.15
8426.55 285.07
8427.71 233.04
8428.88 176.02
8430.04 245.01
8431.20 265.50
8432.36 202.75
8433.53 198.38
8434.70 258.19
8435.87 231.09
8437.03 178.05
8438.19 136.02
8439.35 106.01
8440.52 206.01
8441.68 225.00
8442.83 178.00
8444.00 233.00
8445.15 279.00
8446.30 224.00
8447.46 168.00
8448.62 241.00
8449.78 284.50
8450.94 308.75
8452.10 254.88
8453.27 191.44
8454.44 144.22
8455.61 111.61
8456.78 212.80
8457.94 218.40
8459.10 173.70
8460.26 235.85
8461.44 279.93
8462.61 219.46
8463.78 185.73
8464.95 251.87
8466.12 290.43
8467.29 313.22
8468.46 264.61
8469.63 198.30
8470.79 149.15
8471.96 116.08
8473.12 213.54
8474.29 230.77
8475.46 182.38
8476.63 237.19
8477.80 281.10
8478.96 306.05
8480.12 321.52
8481.29 237.26
8482.46 174.13
8483.62 130.57
8484.80 209.78
8485.96 265.89
8487.12 212.45
8488.29 165.72
8489.46 241.86
8490.62 227.93
8491.79 177.47
8492.96 241.73
8494.13 284.37
8495.30 219.18
8496.46 222.09
8497.63 270.55
8498.80 300.77
8499.96 317.39
8501.13 263.19
8502.30 196.60
8503.46 147.80
8504.62 114.40
8505.78 212.20
8506.94 226.10
8508.10 178.55
8509.26 235.77
8510.43 280.39
8511.60 221.19
8512.76 166.60
8513.92 241.80
8515.08 285.90
8516.24 309.95
8517.41 251.47
8518.58 188.74
8519.75 252.87
8520.92 280.93
8522.08 211.97
8523.24 157.48
8524.41 119.74
8525.58 206.37
8526.75 263.69
8527.92 296.84
8529.09 280.42
8530.26 211.71
8531.42 223.86
8532.60 272.93
8533.76 234.96
8534.93 179.98
8536.10 136.49
8537.26 105.75
8538.43 207.87
8539.59 218.44
8540.76 173.72
8541.93 235.36
8543.10 280.18
8544.27 305.59
8545.44 312.79
8546.60 231.40
8547.76 168.70
8548.92 127.35
8550.09 210.17
8551.25 266.59
8552.42 209.79
8553.59 215.90
8554.76 267.45
8555.93 299.72
8557.10 317.36
8558.26 247.68
8559.43 183.84
8560.60 252.42
8561.76 248.21
8562.93 192.61
8564.10 224.80
8565.26 274.40
8566.42 233.20
8567.58 177.10
8568.74 134.55
8569.91 104.28
8571.08 208.64
8572.24 213.32
8573.41 169.16
8574.58 234.58
8575.75 280.29
8576.92 306.14
8578.09 297.07
8579.25 221.04
8580.41 255.02
8581.58 290.51
8582.74 233.25
8583.91 175.63
8585.08 133.31
8586.24 170.66
8587.42 243.33
8588.59 285.16
8589.76 308.58
8590.92 241.29
8592.09 180.15
8593.25 250.57
8594.42 242.29
8595.59 188.14
8596.76 225.57
8597.93 274.29
8599.10 230.64
8600.26 175.82
8601.43 243.91
8602.60 274.96
8603.77 208.98
8604.94 245.49
8606.11 284.74
8607.28 230.37
8608.45 174.19
8609.62 245.59
8610.79 250.80
8611.94 193.40
8613.11 242.70
8614.28 283.35
8615.45 225.67
8616.62 170.34
8617.79 244.17
8618.95 239.08
8620.11 186.04
8621.27 142.02
8622.43 110.51
8623.60 205.76
8624.77 263.88
8625.94 200.44
8627.11 236.22
8628.28 278.61
8629.46 228.80
8630.62 172.40
8631.78 130.70
8632.94 147.35
8634.12 230.18
8635.29 277.59
8636.46 305.29
8637.63 320.15
8638.80 328.07
8639.96 334.04
8641.13 338.02
8642.30 340.51
8643.47 340.75
8644.64 341.88
8645.80 342.94
8646.96 342.97
8648.13 342.98
8649.30 343.99
8650.46 345.00
8651.62 345.00
8652.78 345.50
8653.95 344.75
8655.12 344.87
8656.29 344.94
8657.46 345.47
8658.63 345.73
8659.80 345.37
8660.96 345.68
8662.14 345.84
8663.31 346.42
8664.48 346.71
8665.65 346.36
8666.83 346.18
8668.01 346.09
8669.18 345.54
8670.35 346.77
8671.52 347.39
8672.69 346.69
8673.87 347.35
8675.04 347.67
8676.21 347.84
8677.38 347.42
8678.56 347.21
8679.73 347.10
8680.90 347.05
8682.06 346.53
8683.23 347.26
8684.40 347.63
8685.58 347.32
8686.76 346.66
8687.93 346.83
8689.10 347.41
8690.27 347.71
8691.44 347.85
8692.61 347.93
8693.79 348.46
8694.96 347.73
8696.13 347.87
8697.31 347.93
8698.48 347.47
8699.65 347.73
8700.82 347.37
8702.00 347.18
8703.16 347.59
8704.33 347.30
8705.50 347.65
8706.67 347.32
8707.85 347.16
8709.02 347.58
8710.18 347.29
8711.35 347.65
8712.52 347.32
8713.69 348.16
8714.87 348.08
8716.04 347.54
8717.20 347.77
8718.37 347.39
8719.55 347.19
8720.72 347.10
8721.88 347.55
8723.05 347.77
8724.21 347.89
8725.38 347.44
8726.55 348.22
8727.72 348.11
8728.89 348.06
8730.06 348.53
8731.23 347.76
8732.40 347.38
8733.57 347.19
8734.74 347.60
8735.91 347.80
8737.08 347.40
8738.24 347.20
8739.40 347.60
8740.56 348.30
8741.73 347.65
8742.91 347.82
8744.08 347.91
8745.24 347.96
8746.41 347.98
8747.58 347.99
8748.75 347.49
8749.92 347.75
8751.10 347.87
8752.27 347.94
8753.44 348.47
8754.60 348.23
8755.77 347.62
8756.95 347.31
8758.12 347.65
8759.30 347.33
8760.48 347.66
8761.64 347.83
8762.81 347.92
8764.00 347.96
8765.16 347.98
8766.32 347.49
8767.50 346.74
8768.67 347.37
8769.84 348.19
8771.02 348.09
8772.18 348.05
8773.35 348.02
8774.52 348.51
8775.69 348.76
8776.87 348.38
8778.04 347.69
8779.20 348.34
8780.37 347.67
8781.54 347.34
8782.72 347.67
8783.89 347.83
8785.06 347.42
8786.23 347.71
8787.40 347.35
8788.57 347.18
8789.75 347.59
8790.92 347.79
8792.08 348.40
8793.24 348.20
8794.41 347.60
8795.58 348.30
8796.75 348.15
8797.92 347.57
8799.09 347.79
8800.26 347.89
8801.44 347.95
8802.60 348.97
8803.76 348.99
8804.93 348.99
8806.10 348.50
8807.26 347.75
8808.43 347.37
8809.60 347.69
8810.77 348.34
8811.94 347.67
8813.11 347.34
8814.28 347.67
8815.45 347.83
8816.62 347.92
8817.80 347.96
8818.96 347.98
8820.13 347.99
8821.30 347.99
8822.46 348.00
8823.62 347.50
8824.79 347.25
8825.96 348.12
8827.13 348.56
8828.30 347.78
8829.47 347.89
8830.64 347.95
8831.81 347.97
8832.99 348.49
8834.16 347.74
8835.33 347.37
8836.51 348.19
8837.68 348.09
8838.85 347.55
8840.02 347.27
8841.19 348.14
8842.36 348.07
8843.53 348.03
8844.70 347.52
8845.87 347.76
8847.04 347.88
8848.20 347.94
8849.36 347.97
8850.53 347.48
8851.70 347.24
8852.87 348.12
8854.04 347.56
8855.21 347.78
8856.38 347.39
8857.55 348.20
8858.72 348.60
8859.88 348.80
8861.04 348.40
8862.20 347.70
8863.36 348.35
8864.53 347.67
8865.70 347.34
8866.87 347.67
8868.04 347.33
8869.20 347.67
8870.37 347.33
8871.55 348.17
8872.72 348.08
8873.89 348.04
8875.05 347.52
8876.22 348.26
8877.40 348.63
8878.56 348.82
8879.74 347.91
8880.92 348.45
8882.08 348.73
8883.25 347.86
8884.42 347.93
8885.59 347.97
8886.76 347.98
8887.92 347.49
8889.09 348.25
8890.26 347.62
8891.43 347.81
8892.60 348.41
8893.76 347.70
8894.93 348.85
8896.10 348.93
8897.27 348.96
8898.44 347.98
8899.60 347.49
8900.76 347.25
8901.94 347.12
8903.11 347.56
8904.28 347.28
8905.45 347.14
8906.62 348.07
8907.79 347.54
8908.96 348.27
8910.13 347.63
8911.31 347.32
8912.48 347.16
8913.65 348.58
8914.82 348.79
8916.00 348.89
8917.16 348.45
8918.33 348.22
8919.51 348.11
8920.68 348.06
8921.86 349.03
8923.03 348.51
8924.20 348.76
8925.36 348.88
8926.53 347.94
8927.70 347.47
8928.87 348.23
8930.04 348.12
8931.20 348.56
8932.37 348.28
8933.54 348.14
8934.72 349.07
8935.88 348.53
8937.05 347.77
8938.22 346.88
8939.39 347.94
8940.56 348.47
8941.73 348.74
8942.91 348.87
8944.08 348.43
8945.24 348.22
8946.42 348.11
8947.60 347.05
8948.76 347.53
8949.93 347.76
8951.10 348.38
8952.27 348.19
8953.44 348.10
8954.61 348.55
8955.79 348.27
8956.96 348.14
8958.13 347.57
8959.31 346.78
8960.48 347.39
8961.65 347.70
8962.82 348.35
8964.00 348.17
8965.16 348.09
8966.32 348.04
8967.49 348.52
8968.66 348.76
8969.83 348.88
8971.00 349.44
8972.16 349.22
8973.34 348.61
8974.52 348.31
8975.69 348.15
8976.86 348.58
8978.04 348.29
8979.20 348.14
8980.37 348.07
8981.54 348.54
8982.71 348.27
8983.88 348.63
8985.05 348.32
8986.22 348.16
8987.40 348.08
8988.56 348.04
8989.72 348.02
8990.89 348.01
8992.06 348.00
8993.21 348.00
8994.37 348.00
8995.53 348.50
8996.70 349.25
8997.87 348.63
8999.04 348.31
9000.21 348.66
9001.38 347.83
9002.55 348.41
9003.72 348.21
9004.89 348.60
9006.05 348.30
9007.21 347.15
9008.39 348.08
9009.56 347.54
9010.73 347.77
9011.90 347.88
9013.06 347.94
9014.23 347.47
9015.40 347.74
9016.57 348.37
9017.74 348.18
9018.91 347.09
9020.08 347.55
9021.24 348.77
9022.41 348.39
9023.59 348.19
9024.76 348.60
9025.92 348.80
9027.08 349.40
9028.24 348.70
9029.41 348.35
9030.59 348.17
9031.76 348.59
9032.92 348.79
9034.09 348.40
9035.25 348.20
9036.42 348.60
9037.59 347.80
9038.76 348.90
9039.92 348.95
9041.09 348.47
9042.25 348.74
9043.42 349.37
9044.59 349.18
9045.76 348.59
9046.92 348.30
9048.09 347.65
9049.26 348.82
9050.43 348.91
9051.60 348.96
9052.76 348.48
9053.93 348.24
9055.10 348.62
9056.27 349.31
9057.44 349.15
9058.61 348.58
9059.79 348.29
9060.96 348.14
9062.13 348.57
9063.30 348.29
9064.47 348.64
9065.64 348.82
9066.80 348.91
9067.98 348.96
9069.15 348.48
9070.32 349.24
9071.50 349.12
9072.67 348.56
9073.84 348.78
9075.01 349.39
9076.18 348.69
9077.35 349.35
9078.52 349.17
9079.70 349.09
9080.86 349.04
9082.03 349.02
9083.19 348.51
9084.36 349.26
9085.54 348.63
9086.72 348.81
9087.89 348.41
9089.06 347.70
9090.22 348.35
9091.39 349.18
9092.56 348.59
9093.73 348.29
9094.90 349.15
9096.07 349.57
9097.24 349.29
9098.41 347.64
9099.58 347.82
9100.75 348.91
9101.92 348.46
9103.09 348.23
9104.26 348.61
9105.43 348.81
9106.60 348.40
9107.76 348.20
9108.93 348.10
9110.10 348.55
9111.27 348.28
9112.44 348.64
9113.61 348.32
9114.79 348.16
9115.97 348.08
9117.14 348.54
9118.32 348.27
9119.49 348.13
9120.67 348.07
9121.84 348.03
9123.01 348.52
9124.18 348.26
9125.36 348.63
9126.53 349.31
9127.71 349.16
9128.88 348.08
9130.04 348.04
9131.20 348.02
9132.36 348.01
9133.53 348.00
9134.69 348.50
9135.86 348.75
9137.03 348.38
9138.20 348.19
9139.36 349.09
9140.53 349.05
9141.70 348.52
9142.87 348.26
9144.04 348.13
9145.20 348.07
9146.37 348.03
9147.54 349.02
9148.71 348.01
9149.88 348.50
9151.04 348.75
9152.21 348.38
9153.39 348.19
9154.56 348.09
9155.72 348.05
9156.89 348.52
9158.06 348.26
9159.23 348.13
9160.40 349.07
9161.56 349.03
9162.73 349.52
9163.91 349.26
9165.08 348.63
9166.25 348.31
9167.43 348.16
9168.60 347.08
9169.76 347.54
9170.94 348.27
9172.11 348.13
9173.28 348.07
9174.45 348.03
9175.62 348.52
9176.80 348.26
9177.97 348.63
9179.14 348.31
9180.32 348.16
9181.50 348.08
9182.66 348.04
9183.84 348.52
9185.01 348.26
9186.18 348.63
9187.36 348.81
9188.53 348.41
9189.71 348.20
9190.88 349.10
9192.04 348.55
9193.21 348.78
9194.39 349.39
9195.56 349.19
9196.73 349.10
9197.90 348.55
9199.07 348.77
9200.24 348.39
9201.41 348.19
9202.59 348.10
9203.76 348.05
9204.92 348.02
9206.09 348.01
9207.25 347.01
9208.42 348.00
9209.58 348.00
9210.74 348.00
9211.90 348.00
9213.06 348.50
9214.22 349.25
9215.40 349.13
9216.57 348.56
9217.74 348.78
9218.91 348.89
9220.08 348.95
9221.25 348.47
9222.42 348.24
9223.60 349.62
9224.76 348.81
9225.93 348.90
9227.09 348.45
9228.25 348.23
9229.43 348.11
9230.60 348.56
9231.77 348.28
9232.94 348.64
9234.11 348.82
9235.28 348.41
9236.45 349.20
9237.62 349.10
9238.79 348.55
9239.96 348.28
9241.13 348.64
9242.31 348.32
9243.48 348.66
9244.65 348.33
9245.84 348.66
9247.00 348.33
9248.16 347.67
9249.34 347.83
9250.51 347.92
9251.68 347.96
9252.86 348.48
9254.03 348.24
9255.20 348.62
9256.36 348.31
9257.54 348.15
9258.71 348.08
9259.88 348.04
9261.05 348.02
9262.21 348.01
9263.38 348.50
9264.55 348.25
9265.72 349.13
9266.89 348.56
9268.06 348.78
9269.23 347.89
9270.40 348.45
9271.57 348.22
9272.75 348.11
9273.92 348.56
9275.09 348.28
9276.26 348.64
9277.43 348.32
9278.60 348.66
9279.77 348.83
9280.94 348.41
9282.11 348.71
9283.28 348.85
9284.45 348.43
9285.62 348.21
9286.80 348.61
9287.97 348.80
9289.13 348.40
9290.30 348.20
9291.46 348.10
9292.63 348.05
9293.80 348.03
9294.98 348.01
9296.15 348.01
9297.32 348.00
9298.48 348.00
9299.64 348.50
9300.80 349.25
9301.98 348.63
9303.16 348.81
9304.33 348.41
9305.51 348.70
9306.68 348.35
9307.85 348.68
9309.02 347.84
9310.19 348.42
9311.36 347.71
9312.54 347.85
9313.71 348.43
9314.88 348.71
9316.05 348.86
9317.22 348.43
9318.40 348.21
9319.57 348.61
9320.75 347.80
9321.92 348.90
9323.08 348.95
9324.24 348.48
9325.42 349.24
9326.59 348.62
9327.76 349.31
9328.94 348.65
9330.11 348.33
9331.28 348.66
9332.45 348.83
9333.62 348.92
9334.80 348.46
9335.97 348.23
9337.14 348.11
9338.32 348.56
9339.49 347.78
9340.66 347.89
9341.84 348.44
9343.00 349.22
9344.16 349.61
9345.34 349.81
9346.52 349.90
9347.68 347.95
9348.85 347.98
9350.02 347.99
9351.18 348.49
9352.35 348.25
9353.52 348.12
9354.70 348.06
9355.86 348.53
9357.03 348.27
9358.20 347.63
9359.37 346.82
9360.54 347.41
9361.71 347.70
9362.88 347.85
9364.04 348.43
9365.21 348.71
9366.39 348.36
9367.56 348.18
9368.73 348.09
9369.90 348.04
9371.06 348.52
9372.23 348.26
9373.40 348.63
9374.57 348.32
9375.75 347.66
9376.92 348.33
9378.09 347.66
9379.26 347.83
9380.43 348.42
9381.60 348.71
9382.77 348.85
9383.94 348.43
9385.12 348.71
9386.29 349.36
9387.46 348.68
9388.63 348.34
9389.80 348.67
9390.98 347.83
9392.15 348.42
9393.32 348.21
9394.50 348.10
9395.66 347.55
9396.84 348.28
9398.01 347.64
9399.18 348.32
9400.36 348.16
9401.53 348.58
9402.70 348.29
9403.87 349.14
9405.04 349.07
9406.20 349.04
9407.36 347.52
9408.54 347.76
9409.71 348.38
9410.88 348.19
9412.05 348.59
9413.21 348.30
9414.38 349.15
9415.55 348.57
9416.72 348.79
9417.89 348.89
9419.06 348.45
9420.23 349.22
9421.40 349.11
9422.57 348.56
9423.75 347.28
9424.92 347.14
9426.10 347.57
9427.27 346.78
9428.44 346.89
9429.60 347.45
9430.77 347.72
9431.94 348.36
9433.11 348.18
9434.28 348.09
9435.45 347.55
9436.63 348.27
9437.80 347.64
9438.98 347.32
9440.15 346.66
9441.32 346.83
9442.49 346.41
9443.66 346.21
9444.84 346.60
9446.01 346.80
9447.17 346.90
9448.34 346.45
9449.51 346.73
9450.68 346.36
9451.85 346.68
9453.02 347.34
9454.19 347.17
9455.36 348.09
9456.53 348.54
9457.70 348.27
9458.87 348.14
9460.04 347.57
9461.21 347.78
9462.38 347.89
9463.55 347.95
9464.72 347.47
9465.89 346.74
9467.06 346.37
9468.23 347.68
9469.40 346.84
9470.56 347.42
9471.73 346.71
9472.91 347.36
9474.08 348.18
9475.25 348.09
9476.42 347.54
9477.59 348.27
9478.76 348.14
9479.93 348.07
9481.10 348.53
9482.27 349.27
9483.44 349.13
9484.62 349.07
9485.79 348.53
9486.97 348.27
9488.14 347.13
9489.32 348.07
9490.48 348.03
9491.65 348.02
9492.83 348.01
9494.00 348.50
9495.16 348.25
9496.33 348.13
9497.51 348.06
9498.68 348.53
9499.84 348.27
9501.02 348.63
9502.19 347.82
9503.36 347.91
9504.54 347.45
9505.71 348.73
9506.88 348.86
9508.05 348.43
9509.22 348.72
9510.40 347.86
9511.56 348.43
9512.73 348.71
9513.91 348.86
9515.08 348.43
9516.24 348.21
9517.42 347.11
9518.60 347.55
9519.76 348.28
9520.93 347.14
9522.11 348.57
9523.28 348.28
9524.45 349.14
9525.62 349.57
9526.79 348.79
9527.97 347.89
9529.14 347.95
9530.32 347.97
9531.48 348.49
9532.65 348.24
9533.83 347.62
9535.00 347.81
9536.16 348.41
9537.34 349.20
9538.51 349.10
9539.68 348.55
9540.84 348.28
9542.02 348.64
9543.19 348.32
9544.36 349.16
9545.54 348.58
9546.71 348.79
9547.88 348.39
9549.05 348.20
9550.21 348.10
9551.38 348.55
9552.55 348.27
9553.72 348.14
9554.89 348.07
9556.06 348.03
9557.22 348.52
9558.40 348.76
9559.56 348.88
9560.73 348.44
9561.91 347.72
9563.08 348.36
9564.25 348.68
9565.42 348.34
9566.60 348.67
9567.76 347.33
9568.94 348.17
9570.11 348.08
9571.28 348.04
9572.44 349.02
9573.61 347.51
9574.79 347.76
9575.97 347.38
9577.14 347.19
9578.32 347.09
9579.48 348.05
9580.65 348.02
9581.83 348.01
9583.00 348.51
9584.16 348.75
9585.33 348.88
9586.50 347.94
9587.67 347.97
9588.84 347.98
9590.01 347.99
9591.18 348.00
9592.34 348.50
9593.51 348.25
9594.68 348.12
9595.86 347.56
9597.03 347.78
9598.20 347.89
9599.36 348.45
9600.54 348.22
9601.71 347.61
9602.88 347.81
9604.05 347.90
9605.21 347.95
9606.38 347.98
9607.55 347.99
9608.72 347.99
9609.88 348.00
9611.04 348.00
9612.20 347.50
9613.36 347.75
9614.53 347.87
9615.70 347.94
9616.87 347.97
9618.04 347.98
9619.20 347.99
9620.36 348.00
9621.52 348.50
9622.69 348.25
9623.86 349.12
9625.03 349.56
9626.20 349.28
9627.36 348.64
9628.53 347.82
9629.70 348.41
9630.88 348.71
9632.05 348.35
9633.22 348.18
9634.40 348.59
9635.56 348.29
9636.73 348.15
9637.91 348.07
9639.08 348.54
9640.24 348.27
9641.41 348.63
9642.58 348.32
9643.76 348.16
9644.93 349.08
9646.10 348.54
9647.27 348.77
9648.44 347.88
9649.60 347.94
9650.76 347.97
9651.93 347.99
9653.10 348.49
9654.27 348.25
9655.44 348.12
9656.62 347.56
9657.79 347.28
9658.96 347.64
9660.13 348.32
9661.31 348.16
9662.48 348.08
9663.65 348.04
9664.83 349.02
9666.00 348.51
9667.16 348.76
9668.33 347.38
9669.50 347.19
9670.67 347.59
9671.84 348.80
9673.00 348.40
9674.16 348.20
9675.32 348.10
9676.49 348.05
9677.66 348.52
9678.84 348.76
9680.01 348.38
9681.18 348.69
9682.35 348.85
9683.52 348.92
9684.69 348.96
9685.86 348.48
9687.03 348.24
9688.20 347.12
9689.36 348.06
9690.53 348.03
9691.70 348.02
9692.87 347.51
9694.04 347.75
9695.21 348.38
9696.39 348.69
9697.56 348.34
9698.73 348.17
9699.91 348.09
9701.08 347.54
9702.24 347.77
9703.42 348.89
9704.59 347.44
9705.76 348.22
9706.93 347.61
9708.10 347.31
9709.27 347.15
9710.44 348.08
9711.62 348.04
9712.79 348.02
9713.96 348.01
9715.13 349.00
9716.29 348.50
9717.46 348.25
9718.64 347.63
9719.82 347.81
9721.00 347.91
9722.16 347.95
9723.33 347.98
9724.50 347.99
9725.66 347.99
9726.84 348.50
9728.01 347.25
9729.18 347.12
9730.36 348.06
9731.52 347.53
9732.69 348.27
9733.86 348.13
9735.03 347.57
9736.20 347.28
9737.36 347.64
9738.53 346.82
9739.70 346.91
9740.87 346.96
9742.04 347.48
9743.20 347.74
9744.38 347.87
9745.55 347.93
9746.72 346.97
9747.89 346.98
9749.06 346.99
9750.22 346.50
9751.39 347.25
9752.56 347.62
9753.73 347.81
9754.90 347.91
9756.07 348.45
9757.24 348.23
9758.41 348.11
9759.59 349.06
9760.76 349.03
9761.92 348.51
9763.09 348.76
9764.25 348.38
9765.42 348.19
9766.59 348.09
9767.75 348.05
9768.92 347.52
9770.08 348.26
9771.25 348.13
9772.43 347.57
9773.60 347.28
9774.77 347.64
9775.95 347.82
9777.12 348.41
9778.30 348.21
9779.47 348.60
9780.64 348.30
9781.80 348.15
9782.98 348.58
9784.15 348.29
9785.32 348.14
9786.50 348.07
9787.66 348.54
9788.84 347.77
9790.01 347.88
9791.17 347.94
9792.34 347.97
9793.51 347.99
9794.68 349.49
9795.85 349.75
9797.02 349.37
9798.19 349.19
9799.36 348.59
9800.53 348.80
9801.70 348.90
9802.86 349.45
9804.03 349.22
9805.20 349.11
9806.36 349.06
9807.53 347.53
9808.71 347.76
9809.88 347.88
9811.04 347.94
9812.20 347.97
9813.37 347.99
9814.54 347.99
9815.71 348.50
9816.88 349.25
9818.04 349.12
9819.21 348.56
9820.39 348.28
9821.56 348.14
9822.73 348.57
9823.90 348.29
9825.07 348.14
9826.24 348.07
9827.40 347.54
9828.57 347.27
9829.74 348.13
9830.92 348.07
9832.08 348.03
9833.24 348.02
9834.41 349.01
9835.58 349.00
9836.74 348.00
9837.90 347.00
9839.05 347.00
9840.20 347.50
9841.36 348.25
9842.53 348.63
9843.71 348.31
9844.89 348.16
9846.06 348.08
9847.22 347.54
9848.40 347.77
9849.56 346.88
9850.73 347.94
9851.90 347.47
9853.07 347.74
9854.24 347.87
9855.41 347.93
9856.58 347.97
9857.75 346.98
9858.92 346.99
9860.09 348.00
9861.24 348.50
9862.41 348.25
9863.59 348.12
9864.76 348.06
9865.93 348.03
9867.10 348.52
9868.27 348.76
9869.44 348.88
9870.61 347.94
9871.78 348.47
9872.96 348.73
9874.12 348.37
9875.30 348.68
9876.47 347.84
9877.64 347.42
9878.82 348.21
9880.00 348.61
9881.16 347.80
9882.33 348.90
9883.50 348.95
9884.66 348.98
9885.84 348.99
9887.00 348.99
9888.16 348.50
9889.33 347.75
9890.51 347.87
9891.68 347.94
9892.84 348.47
9894.02 348.23
9895.19 348.62
9896.36 348.31
9897.54 348.65
9898.71 348.33
9899.88 348.16
9901.06 348.58
9902.23 348.79
9903.40 349.40
9904.56 349.70
9905.72 348.85
9906.89 348.92
9908.06 348.96
9909.23 348.48
9910.40 349.24
9911.57 348.62
9912.74 348.81
9913.91 348.91
9915.08 348.45
9916.25 348.23
9917.43 348.11
9918.61 347.06
9919.78 348.53
9920.96 348.26
9922.13 348.13
9923.31 349.07
9924.48 349.03
9925.64 347.52
9926.82 346.76
9928.00 346.38
9929.16 346.69
9930.33 346.34
9931.51 347.17
9932.68 347.09
9933.85 348.04
9935.01 348.02
9936.17 347.51
9937.35 347.76
9938.52 347.88
9939.69 347.94
9940.86 347.97
9942.03 347.98
9943.20 348.49
9944.36 348.25
9945.54 347.12
9946.72 347.56
9947.89 346.78
9949.06 347.39
9950.23 347.70
9951.40 347.85
9952.56 347.92
9953.73 347.96
9954.90 347.98
9956.06 347.99
9957.22 348.00
9958.39 348.00
9959.56 348.00
9960.72 348.50
9961.88 347.75
9963.05 347.37
9964.22 347.19
9965.40 348.59
9966.56 348.80
9967.73 348.40
9968.90 348.20
9970.06 348.60
9971.22 348.30
9972.39 348.15
9973.56 348.57
9974.73 348.79
9975.90 347.89
9977.06 348.45
9978.23 348.72
9979.40 348.36
9980.57 348.18
9981.74 348.59
9982.91 348.30
9984.08 348.65
9985.24 348.32
9986.42 348.16
9987.60 348.08
9988.76 348.54
9989.92 348.27
9991.09 348.64
9992.26 348.82
9993.43 348.91
9994.60 348.45
9995.77 348.23
9996.96 348.11
9998.13 348.06
9999.30 349.03
10000.46 348.51
10001.67 348.26
10002.88 348.13
10004.08 348.06
10005.28 349.53
10006.49 349.27
10007.71 347.63
10008.92 347.32
10010.13 347.66
10011.34 348.33
10012.55 348.16
10013.76 348.58
10014.97 349.29
10016.18 348.65
10017.39 349.32
10018.60 348.66
10019.81 348.33
10021.03 348.17
10022.24 348.08
10023.44 348.04
10024.64 348.52
10025.85 348.26
10027.06 348.13
10028.27 348.57
10029.48 347.78
10030.69 347.89
10031.90 347.95
10033.11 347.97
10034.32 347.99
10035.53 347.99
10036.74 349.00
10037.95 348.50
10039.16 347.25
10040.37 347.62
10041.58 347.81
10042.79 348.41
10044.01 348.20
10045.21 348.10
10046.42 348.05
10047.63 348.53
10048.84 348.26
10050.05 348.13
10051.26 348.07
10052.47 348.03
10053.68 348.02
10054.88 348.01
10056.08 348.50
10057.28 348.25
10058.49 348.63
10059.70 348.31
10060.91 348.16
10062.12 348.08
10063.33 348.04
10064.54 348.02
10065.75 348.51
10066.97 347.75
10068.18 348.38
10069.39 348.19
10070.60 348.09
10071.80 349.05
10073.00 348.52
10074.20 348.26
10075.41 348.13
10076.63 348.07
10077.84 348.53
10079.04 347.77
10080.26 347.38
10081.47 347.69
10082.68 347.85
10083.88 347.92
10085.09 347.96
10086.29 348.48
10087.50 348.74
10088.70 347.37
10089.91 347.69
10091.12 347.84
10092.32 348.42
10093.53 348.21
10094.75 348.11
10095.97 348.55
10097.18 348.78
10098.39 348.39
10099.60 348.19
10100.81 347.60
10102.02 347.30
10103.22 347.65
10104.43 348.32
10105.64 348.66
10106.84 348.33
10108.06 349.17
10109.27 348.08
10110.48 348.54
10111.68 348.77
10112.89 348.39
10114.10 348.69
10115.31 348.85
10116.52 348.92
10117.72 348.46
10118.94 348.23
10120.15 348.12
10121.37 349.06
10122.58 348.53
10123.79 348.26
10125.00 349.13
10126.20 348.57
10127.41 348.78
10128.62 348.89
10129.83 348.45
10131.04 348.22
10132.24 348.11
10133.46 348.06
10134.68 348.03
10135.88 348.51
10137.09 348.76
10138.29 348.88
10139.50 347.44
10140.71 347.72
10141.92 347.86
10143.13 348.43
10144.34 347.71
10145.55 348.86
10146.76 347.93
10147.98 347.46
10149.19 347.73
10150.40 347.87
10151.60 348.43
10152.82 348.72
10154.03 348.36
10155.24 348.18
10156.45 348.09
10157.66 347.04
10158.87 348.02
10160.08 348.01
10161.28 348.01
10162.49 348.00
10163.69 348.00
10164.89 348.00
10166.09 349.00
10167.29 349.00
10168.49 348.50
10169.69 348.75
10170.90 348.38
10172.11 348.69
10173.32 348.84
10174.53 348.42
10175.74 348.21
10176.96 348.11
10178.18 348.55
10179.39 348.28
10180.60 348.14
10181.82 349.07
10183.03 349.53
10184.24 349.77
10185.44 348.88
10186.65 348.94
10187.86 347.97
10189.07 347.99
10190.28 347.99
10191.48 347.50
10192.69 348.75
10193.90 348.87
10195.11 349.44
10196.32 349.22
10197.54 349.11
10198.76 348.55
10199.98 348.28
10201.19 348.64
10202.40 348.32
10203.60 348.16
10204.82 348.08
10206.03 348.04
10207.23 347.02
10208.44 347.51
10209.65 347.76
10210.87 347.88
10212.08 348.44
10213.28 348.72
10214.49 348.36
10215.70 348.68
10216.90 348.84
10218.10 348.42
10219.31 348.21
10220.52 348.60
10221.73 348.30
10222.95 348.15
10224.16 348.08
10225.36 348.04
10226.57 348.02
10227.78 348.51
10229.00 347.75
10230.20 348.38
10231.40 348.19
10232.61 348.59
10233.82 348.30
10235.04 348.65
10236.24 348.82
10237.45 348.41
10238.66 347.71
10239.88 348.35
10241.08 348.68
10242.28 348.84
10243.49 348.92
10244.70 348.96
10245.90 348.48
10247.10 349.24
10248.31 348.62
10249.52 348.81
10250.72 348.40
10251.94 348.70
10253.14 348.35
10254.35 349.18
10255.56 350.09
10256.76 350.04
10257.97 349.02
10259.17 347.51
10260.38 348.26
10261.59 348.63
10262.80 348.81
10264.00 348.41
10265.20 348.20
10266.40 348.10
10267.60 347.55
10268.82 347.78
10270.03 347.39
10271.24 348.19
10272.44 348.60
10273.64 347.80
10274.84 349.40
10276.04 349.70
10277.24 349.35
10278.45 348.17
10279.66 348.09
10280.86 348.04
10282.06 348.02
10283.26 348.01
10284.47 348.01
10285.68 349.50
10286.88 349.25
10288.08 348.63
10289.29 348.31
10290.50 348.66
10291.70 348.33
10292.91 348.16
10294.12 348.08
10295.32 348.04
10296.53 348.52
10297.74 348.26
10298.96 348.13
10300.16 348.07
10301.37 348.03
10302.58 348.02
10303.79 348.01
10305.00 348.50
10306.20 348.75
10307.40 347.38
10308.62 347.69
10309.83 347.84
10311.04 347.92
10312.24 347.96
10313.44 348.48
10314.65 348.74
10315.86 348.37
10317.07 348.69
10318.28 348.34
10319.48 349.17
10320.69 348.59
10321.90 348.29
10323.11 347.65
10324.32 348.82
10325.53 348.41
10326.74 348.21
10327.96 348.10
10329.16 348.05
10330.37 348.03
10331.58 348.01
10332.80 348.01
10334.00 348.00
10335.19 348.00
10336.40 348.50
10337.60 348.75
10338.81 348.38
10340.03 348.19
10341.24 348.59
10342.44 348.80
10343.64 348.90
10344.84 347.95
10346.05 348.47
10347.25 348.24
10348.46 349.12
10349.67 349.06
10350.88 349.03
10352.08 348.51
10353.28 348.26
10354.49 348.13
10355.70 348.06
10356.91 347.53
10358.12 347.77
10359.33 347.88
10360.54 347.44
10361.75 347.22
10362.97 348.11
10364.18 349.06
10365.39 349.53
10366.60 349.76
10367.81 348.38
10369.02 348.19
10370.23 349.10
10371.44 348.55
10372.64 348.27
10373.85 348.14
