9254.42 76.94
9255.55 77.97
9256.68 77.98
9257.80 77.49
9258.92 78.25
9260.05 77.62
9261.16 76.31
9262.29 76.16
9263.42 76.08
9264.54 78.04
9265.66 78.02
9266.78 78.51
9267.91 78.25
9269.04 78.63
9270.16 78.31
9271.30 76.66
9272.42 76.83
9273.54 77.41
9274.67 77.71
9275.80 76.35
9276.92 76.68
9278.05 76.34
9279.17 77.67
9280.30 77.33
9281.42 78.17
9282.56 78.58
9283.68 78.79
9284.80 77.40
9285.92 76.70
9287.04 76.35
9288.16 76.17
9289.29 77.09
9290.41 77.04
9291.53 77.52
9292.66 78.26
9293.78 77.13
9294.91 76.57
9296.04 77.78
9297.16 76.89
9298.29 77.95
9299.42 76.97
9300.54 77.99
9301.67 76.49
9302.80 78.25
9303.92 77.62
9305.05 76.31
9306.17 77.66
9307.30 77.83
9308.42 78.41
9309.54 77.21
9310.67 76.10
9311.79 78.05
9312.91 77.03
9314.04 75.51
9315.16 75.26
9316.29 77.13
9317.42 76.56
9318.54 77.28
9319.67 76.64
9320.80 76.32
9321.92 76.16
9323.05 76.58
9324.17 76.79
9325.30 77.90
9326.42 76.95
9327.54 76.47
9328.67 77.74
9329.80 78.87
9330.92 77.43
9332.05 78.22
9333.17 77.11
9334.30 76.55
9335.42 76.28
9336.55 76.64
9337.68 77.82
9338.81 76.91
9339.94 76.95
9341.06 76.48
9342.18 77.74
9343.31 77.87
9344.44 76.93
9345.57 76.47
9346.70 77.73
9347.82 76.87
9348.94 75.93
9350.07 77.47
9351.19 78.23
9352.32 77.12
9353.45 76.56
9354.58 76.78
9355.70 77.89
9356.82 76.94
9357.95 75.97
9359.08 76.49
9360.20 77.74
9361.32 77.87
9362.45 77.44
9363.58 75.22
9364.70 75.61
9365.82 77.30
9366.94 130.15
9368.12 216.08
9369.28 285.54
9370.45 318.27
9371.64 316.13
9372.82 296.07
9373.98 268.03
9375.14 241.52
9376.32 267.26
9377.49 315.63
9378.66 355.81
9379.83 377.41
9381.00 370.70
9382.16 346.85
9383.33 314.43
9384.50 281.71
9385.66 267.86
9386.84 305.93
9388.00 348.46
9389.16 378.73
9390.34 386.37
9391.52 369.18
9392.69 340.09
9393.85 305.55
9395.02 273.27
9396.19 286.64
9397.36 329.32
9398.53 366.16
9399.71 386.58
9400.88 381.29
9402.05 358.14
9403.22 326.57
9404.39 292.29
9405.56 273.14
9406.73 307.07
9407.90 349.04
9409.06 380.52
9410.23 390.76
9411.40 375.38
9412.57 347.19
9413.74 314.09
9414.90 280.05
9416.07 287.02
9417.23 328.51
9418.40 366.76
9419.57 389.38
9420.74 386.69
9421.91 364.84
9423.08 332.42
9424.24 298.21
9425.42 274.61
9426.60 304.30
9427.77 347.15
9428.94 380.08
9430.11 392.54
9431.28 378.77
9432.45 351.38
9433.63 317.69
9434.80 283.85
9435.97 284.92
9437.14 325.46
9438.32 363.73
9439.49 388.87
9440.66 389.93
9441.83 367.97
9443.00 336.98
9444.16 303.99
9445.33 274.50
9446.50 301.25
9447.67 343.62
9448.84 377.31
9450.01 393.16
9451.18 381.58
9452.35 354.79
9453.52 320.89
9454.68 288.45
9455.85 283.72
9457.02 322.36
9458.19 361.68
9459.36 387.84
9460.52 390.92
9461.69 371.96
9462.86 341.48
9464.03 306.74
9465.19 275.87
9466.36 297.44
9467.54 340.72
9468.71 375.36
9469.88 392.68
9471.05 384.34
9472.22 359.17
9473.40 326.08
9474.56 292.04
9475.72 279.02
9476.89 316.01
9478.06 357.51
9479.23 385.75
9480.40 391.88
9481.57 374.44
9482.74 345.22
9483.92 310.61
9485.09 277.80
9486.25 292.40
9487.42 335.70
9488.59 371.35
9489.76 392.18
9490.94 386.59
9492.11 362.29
9493.28 329.65
9494.45 295.82
9495.63 277.41
9496.80 312.21
9497.97 353.60
9499.14 384.80
9500.31 393.90
9501.48 377.45
9502.65 348.23
9503.83 313.61
9505.00 280.31
9506.16 290.15
9507.34 332.08
9508.51 369.54
9509.68 391.77
9510.84 387.88
9512.01 364.94
9513.18 332.97
9514.35 299.99
9515.52 275.99
9516.69 307.50
9517.86 350.75
9519.03 382.37
9520.20 393.19
9521.36 379.59
9522.53 351.80
9523.70 317.90
9524.86 285.95
9526.03 287.47
9527.20 328.24
9528.36 366.12
9529.54 391.06
9530.71 390.53
9531.88 368.26
9533.05 337.13
9534.22 304.07
9535.38 276.03
9536.56 302.52
9537.73 345.76
9538.90 378.88
9540.06 393.44
9541.23 382.72
9542.40 355.86
9543.57 322.43
9544.75 288.21
9545.92 283.61
9547.10 323.30
9548.26 362.65
9549.43 388.83
9550.60 391.41
9551.78 371.71
9552.96 341.35
9554.13 308.18
9555.30 276.59
9556.48 299.29
9557.64 342.65
9558.81 376.82
9559.98 393.91
9561.15 380.96
9562.32 348.48
9563.49 311.24
9564.66 277.62
9565.83 249.31
9567.00 225.65
9568.16 204.83
9569.33 189.91
9570.50 176.46
9571.66 164.23
9572.83 155.11
9574.00 146.06
9575.15 139.03
9576.32 133.51
9577.49 128.26
9578.66 124.13
9579.82 120.56
9580.99 117.28
9582.16 114.14
9583.33 111.57
9584.50 109.29
9585.67 107.14
9586.84 104.07
9588.00 101.54
9589.16 100.27
9590.33 100.13
9591.50 99.07
9592.62 98.03
9593.75 96.52
9594.89 96.26
9596.01 94.13
9597.14 94.06
9598.26 94.53
9599.39 94.77
9600.52 93.88
9601.65 91.94
9602.78 89.97
9603.90 90.49
9605.02 90.24
9606.15 89.12
9607.27 88.56
9608.40 88.28
9609.52 88.14
9610.65 88.07
9611.77 87.54
9612.90 86.27
9614.02 87.13
9615.14 86.57
9616.27 85.78
9617.41 86.89
9618.53 86.95
9619.66 85.47
9620.78 85.24
9621.91 86.12
9623.04 86.06
9624.16 85.03
9625.28 86.01
9626.40 85.01
9627.52 85.00
9628.64 84.50
9629.76 85.25
9630.89 84.63
9632.02 83.81
9633.14 84.41
9634.26 83.70
9635.38 83.35
9636.51 83.18
9637.64 83.09
9638.76 83.54
9639.89 83.77
9641.02 82.89
9642.14 81.44
9643.26 83.22
9644.39 83.11
9645.52 82.56
9646.65 82.78
9647.78 82.89
9648.90 83.44
9650.02 82.72
9651.14 82.86
9652.27 81.43
9653.40 81.72
9654.52 82.36
9655.65 82.68
9656.78 81.84
9657.90 82.42
9659.02 81.21
9660.15 80.60
9661.27 80.30
9662.39 81.65
9663.52 81.33
9664.65 80.66
9665.78 81.83
9666.90 80.92
9668.02 81.46
9669.14 80.23
9670.27 80.11
9671.40 81.06
9672.52 80.53
9673.65 79.76
9674.78 79.38
9675.90 81.19
9677.02 82.10
9678.14 81.05
9679.26 80.02
9680.38 79.51
9681.51 79.26
9682.64 79.63
9683.77 79.31
9684.90 79.16
9686.02 79.08
9687.14 80.04
9688.26 81.02
9689.38 81.51
9690.50 80.25
9691.63 81.63
9692.76 80.81
9693.89 79.91
9695.02 80.45
9696.14 80.23
9697.27 79.61
9698.39 79.31
9699.52 79.65
9700.65 79.83
9701.78 78.91
9702.90 79.96
9704.02 79.98
9705.14 81.49
9706.27 80.74
9707.40 80.87
9708.52 80.44
9709.65 80.22
9710.78 80.11
9711.90 81.55
9713.02 80.78
9714.14 80.39
9715.27 79.69
9716.40 79.35
9717.52 80.67
9718.65 80.34
9719.78 79.67
9720.90 79.33
9722.02 79.17
9723.15 79.08
9724.27 79.04
9725.39 79.02
9726.51 79.01
9727.64 79.51
9728.77 79.75
9729.90 79.88
9731.02 79.44
9732.14 79.22
9733.26 80.61
9734.39 78.30
9735.51 80.15
9736.64 80.08
9737.76 81.04
9738.88 81.02
9740.00 80.51
9741.12 80.25
9742.25 80.13
9743.38 80.06
9744.50 79.03
9745.62 79.02
9746.75 80.01
9747.87 79.50
9748.99 79.25
9750.12 77.63
9751.25 78.31
9752.38 78.16
9753.50 80.58
9754.64 79.79
9755.77 79.39
9756.90 79.20
9758.02 78.60
9759.14 78.80
9760.26 79.40
9761.38 79.70
9762.50 78.85
9763.62 78.92
9764.75 78.96
9765.88 78.98
9766.99 79.49
9768.11 81.25
9769.24 143.12
9770.41 210.06
9771.57 240.53
9772.74 243.27
9773.91 230.63
9775.08 213.32
9776.25 232.16
9777.42 287.08
9778.59 336.04
9779.76 367.02
9780.93 369.51
9782.10 350.25
9783.27 319.63
9784.45 285.81
9785.63 261.91
9786.80 293.95
9787.96 339.48
9789.13 373.74
9790.31 387.37
9791.49 374.68
9792.66 347.34
9793.83 313.67
9794.99 279.84
9796.16 281.42
9797.33 323.21
9798.51 362.10
9799.68 387.05
9800.84 387.03
9802.01 366.51
9803.18 335.26
9804.36 300.63
9805.53 272.31
9806.71 299.16
9807.88 343.08
9809.04 377.54
9810.21 391.77
9811.39 380.38
9812.56 354.19
9813.73 320.10
9814.90 287.55
9816.07 283.27
9817.24 321.64
9818.41 360.82
9819.58 387.41
9820.76 389.70
9821.93 370.35
9823.10 340.18
9824.27 307.09
9825.43 275.54
9826.61 297.27
9827.79 341.64
9828.96 375.82
9830.12 393.41
9831.30 384.20
9832.46 358.10
9833.63 325.05
9834.80 291.53
9835.96 280.26
9837.13 317.63
9838.31 357.82
9839.48 386.41
9840.66 391.70
9841.83 373.85
9843.00 344.43
9844.16 310.71
9845.34 278.36
9846.52 294.68
9847.68 338.84
9848.85 374.42
9850.02 392.71
9851.19 386.35
9852.36 360.68
9853.54 327.84
9854.71 295.42
9855.88 279.21
9857.05 314.60
9858.21 355.30
9859.38 385.15
9860.55 394.08
9861.72 377.04
9862.88 347.52
9864.05 313.26
9865.22 280.13
9866.40 291.06
9867.56 333.53
9868.73 370.27
9869.91 392.13
9871.08 387.57
9872.25 364.28
9873.42 332.14
9874.60 298.57
9875.77 276.29
9876.94 309.14
9878.11 351.07
9879.28 383.54
9880.45 393.77
9881.63 378.88
9882.80 350.94
9883.96 316.97
9885.13 283.49
9886.31 289.24
9887.48 330.62
9888.65 368.81
9889.82 391.41
9891.00 389.20
9892.16 366.60
9893.32 335.80
9894.49 301.90
9895.66 275.95
9896.83 304.48
9898.00 347.24
9899.16 381.12
9900.34 394.56
9901.52 381.78
9902.69 353.89
9903.86 320.44
9905.02 286.72
9906.20 285.36
9907.36 325.68
9908.53 364.34
9909.70 390.17
9910.87 392.09
9912.04 370.54
9913.20 339.77
9914.38 305.89
9915.54 275.94
9916.72 299.97
9917.89 343.49
9919.06 378.24
9920.23 393.12
9921.40 383.06
9922.57 358.03
9923.75 324.02
9924.92 290.51
9926.09 283.25
9927.26 322.13
9928.44 362.06
9929.61 388.53
9930.79 392.77
9931.96 372.88
9933.12 341.44
9934.30 306.72
9935.46 276.36
9936.64 297.68
9937.80 341.34
9938.97 376.17
9940.14 393.59
9941.32 384.79
9942.49 359.90
9943.66 327.45
9944.83 293.72
9946.00 281.36
9947.16 318.18
9948.34 359.09
9949.51 387.05
9950.68 393.52
9951.85 375.76
9953.02 345.88
9954.19 310.94
9955.35 278.47
9956.52 293.74
9957.70 337.37
9958.87 372.68
9960.04 392.34
9961.20 383.67
9962.37 354.34
9963.55 317.67
9964.72 282.83
9965.89 252.92
9967.06 229.46
9968.22 208.73
9969.38 190.86
9970.55 177.43
9971.72 165.22
9972.89 156.61
9974.06 148.30
9975.22 141.65
9976.38 134.83
9977.55 130.41
9978.72 126.71
9979.90 122.85
9981.06 116.93
9982.22 113.96
9983.38 111.98
9984.54 109.49
9985.70 107.25
9986.86 105.12
9988.03 103.56
9989.19 101.78
9990.36 99.89
9991.49 99.95
9992.62 99.47
9993.75 97.74
9994.88 96.87
9996.01 95.43
9997.13 93.72
9998.26 93.36
9999.38 92.18
10000.51 92.09
10001.67 91.54
10002.83 91.27
10004.00 89.14
10005.16 88.57
10006.33 88.28
10007.50 89.64
10008.66 89.32
10009.82 88.66
10010.99 88.33
10012.16 88.17
10013.33 87.58
10014.50 87.79
10015.66 87.40
10016.82 85.70
10017.98 85.35
10019.14 87.17
10020.31 87.59
10021.48 87.29
10022.65 86.65
10023.82 85.82
10024.98 85.41
10026.15 85.71
10027.32 84.85
10028.49 84.43
10029.66 84.71
10030.82 85.86
10031.99 84.93
10033.16 84.46
10034.33 85.73
10035.50 86.37
10036.66 85.68
10037.83 84.84
10039.00 83.92
10040.15 82.96
10041.32 82.98
10042.49 84.49
10043.65 84.25
10044.82 83.12
10045.98 82.06
10047.14 80.53
10048.31 80.27
10049.48 80.63
10050.64 80.32
10051.81 81.66
10052.98 82.33
10054.14 82.66
10055.31 82.83
10056.48 82.42
10057.65 82.21
10058.82 82.10
10059.98 81.05
10061.14 80.53
10062.30 81.26
10063.46 82.13
10064.63 81.57
10065.80 82.28
10066.96 82.64
10068.13 81.32
10069.30 80.66
10070.46 79.83
10071.62 81.42
10072.79 80.21
10073.96 81.60
10075.13 80.30
10076.29 80.65
10077.46 79.83
10078.62 79.91
10079.79 80.46
10080.96 79.73
10082.13 81.36
10083.30 80.68
10084.46 79.84
10085.62 79.92
10086.79 79.46
10087.96 79.73
10089.13 80.37
10090.30 80.68
10091.46 81.34
10092.62 80.67
10093.79 82.34
10094.96 80.67
10096.13 80.83
10097.30 79.92
10098.46 80.46
10099.62 79.73
10100.79 80.36
10101.96 80.68
10103.13 80.34
10104.30 79.67
10105.46 79.34
10106.62 81.17
10107.79 80.58
10108.95 80.29
10110.12 80.65
10111.29 79.32
10112.46 78.66
10113.62 78.83
10114.79 79.92
10115.96 80.46
10117.13 80.23
10118.30 79.61
10119.46 80.31
10120.63 80.15
10121.80 79.08
10122.95 80.04
10124.11 80.02
10125.27 80.01
10126.43 79.50
10127.60 79.75
10128.76 79.88
10129.93 80.94
10131.10 80.47
10132.26 79.73
10133.42 79.37
10134.60 79.68
10135.76 79.84
10136.93 79.92
10138.10 79.46
10139.26 79.73
10140.42 79.87
10141.60 79.93
10142.76 79.97
10143.93 80.48
10145.10 79.24
10146.26 79.62
10147.42 79.81
10148.60 80.41
10149.77 80.20
10150.93 80.60
10152.09 80.30
10153.24 79.65
10154.41 78.83
10155.58 79.91
10156.75 78.96
10157.92 78.98
10159.10 79.99
10160.26 79.99
10161.42 79.50
10162.58 79.75
10163.76 79.87
10164.93 78.94
10166.10 78.97
10167.26 78.48
10168.42 81.24
10169.60 148.62
10170.80 214.81
10172.00 240.91
10173.20 240.45
10174.40 226.73
10175.62 209.36
10176.83 245.68
10178.04 303.34
10179.24 347.67
10180.45 369.84
10181.66 361.92
10182.87 336.46
10184.08 303.73
10185.28 271.86
10186.49 278.43
10187.70 322.22
10188.91 360.61
10190.12 383.80
10191.32 379.90
10192.53 356.45
10193.75 322.73
10194.96 287.86
10196.17 277.43
10197.38 315.22
10198.60 356.11
10199.81 384.55
10201.02 387.28
10202.23 367.14
10203.44 335.07
10204.65 300.53
10205.86 274.27
10207.07 304.63
10208.28 348.32
10209.48 380.66
10210.69 391.33
10211.90 374.66
10213.10 345.83
10214.31 311.42
10215.52 277.71
10216.74 294.35
10217.95 338.18
10219.16 374.59
10220.37 391.29
10221.58 381.65
10222.80 354.32
10224.01 320.66
10225.22 286.33
10226.44 287.17
10227.65 328.58
10228.87 367.29
10230.08 390.15
10231.28 387.07
10232.49 363.04
10233.70 330.02
10234.90 295.01
10236.10 278.50
10237.30 315.25
10238.51 357.63
10239.73 386.81
10240.94 390.91
10242.15 370.95
10243.36 339.98
10244.56 304.99
10245.78 274.99
10246.99 302.00
10248.19 346.00
10249.39 380.00
10250.59 393.50
10251.80 379.25
10253.00 350.62
10254.20 316.31
10255.41 282.16
10256.62 292.58
10257.83 334.79
10259.04 371.89
10260.24 391.45
10261.44 385.72
10262.66 359.86
10263.87 327.43
10265.08 291.72
10266.28 282.86
10267.49 322.43
10268.70 362.71
10269.90 388.86
10271.10 390.43
10272.31 368.71
10273.52 335.86
10274.73 301.43
10275.94 276.71
10277.15 308.36
10278.36 351.18
10279.56 383.09
10280.77 392.04
10281.98 375.52
10283.19 347.26
10284.40 312.13
10285.61 279.57
10286.82 297.78
10288.03 341.39
10289.23 376.20
10290.44 393.10
10291.64 382.55
10292.85 355.27
10294.06 321.64
10295.26 288.82
10296.48 288.41
10297.68 329.70
10298.88 367.35
10300.09 391.18
10301.30 388.09
10302.50 364.04
10303.70 331.52
10304.91 297.26
10306.12 278.63
10307.33 315.32
10308.55 357.16
10309.77 387.08
10310.97 392.04
10312.17 373.52
10313.38 341.76
10314.60 307.38
10315.80 277.19
10317.00 303.09
10318.20 346.05
10319.40 379.52
10320.61 392.76
10321.82 380.38
10323.03 351.69
10324.23 317.35
10325.44 283.17
10326.65 291.59
10327.86 334.79
10329.07 371.90
10330.28 391.95
10331.48 384.97
10332.69 359.49
10333.90 325.74
10335.10 292.37
10336.31 283.19
10337.52 322.09
10338.73 362.05
10339.94 388.52
10341.15 389.26
10342.36 368.63
10343.57 336.82
10344.79 302.41
10345.99 277.20
10347.20 310.10
10348.40 352.05
10349.60 384.53
10350.81 393.26
10352.02 376.63
10353.23 346.32
10354.44 311.16
10355.65 279.58
10356.87 297.79
10358.08 341.39
10359.28 376.20
10360.48 392.10
10361.69 378.05
10362.89 345.52
10364.10 308.26
10365.30 274.13
10366.51 246.57
10367.73 221.28
10368.94 201.64
10370.14 186.32
10371.35 172.66
10372.55 160.33
10373.77 152.17
10374.98 144.58
10376.18 137.29
10377.38 130.65
10378.60 125.32
10379.80 122.66
10381.00 118.33
10382.19 114.67
10383.40 113.33
10384.61 110.17
10385.82 107.08
10387.02 105.54
10388.22 104.27
10389.42 102.14
10390.63 100.07
10391.83 98.03
10392.99 98.52
10394.16 98.76
10395.33 97.38
10396.50 95.69
10397.66 94.84
10398.82 95.42
10399.99 95.21
10401.16 94.61
10402.33 92.30
10403.49 91.15
10404.66 89.58
10405.82 90.29
10406.98 90.14
10408.15 89.07
10409.31 88.54
10410.48 88.27
10411.65 88.13
10412.82 87.07
10413.98 85.53
10415.14 86.27
10416.31 87.13
10417.48 86.07
10418.64 85.53
10419.81 85.77
10420.98 84.88
10422.14 84.44
10423.30 84.22
10424.46 84.11
10425.63 84.06
10426.79 84.03
10427.95 84.01
10429.11 84.01
10430.28 84.00
10431.43 85.50
10432.60 85.25
10433.76 84.13
10434.93 84.56
10436.09 83.78
10437.25 83.89
10438.41 82.95
10439.58 83.47
10440.75 83.24
10441.92 82.62
10443.09 83.81
10444.25 82.90
10445.41 82.95
10446.57 83.48
10447.74 81.74
10448.91 81.87
10450.07 82.43
10451.23 82.72
10452.40 82.86
10453.56 82.43
10454.74 81.71
10455.90 81.86
10457.06 80.43
10458.23 81.71
10459.40 81.36
10460.56 81.18
10461.74 82.09
10462.90 82.54
10464.06 81.27
10465.22 81.64
10466.38 80.82
10467.54 81.91
10468.72 80.95
10469.88 80.48
10471.04 79.74
10472.20 79.87
10473.36 79.93
10474.53 79.97
10475.70 81.48
10476.86 80.24
10478.02 79.62
10479.18 79.31
10480.35 79.66
10481.52 80.33
10482.70 80.16
10483.86 81.08
10485.02 80.04
10486.18 80.52
10487.34 79.76
10488.51 79.88
10489.67 80.44
10490.83 79.72
10492.00 79.86
10493.15 79.93
10494.32 81.47
10495.50 80.23
10496.66 80.62
10497.82 80.31
10498.99 80.15
10500.16 80.58
10501.33 80.29
10502.50 79.64
10503.66 80.32
10504.82 80.66
10505.98 80.83
10507.14 80.42
10508.31 80.71
10509.48 79.35
10510.65 81.18
10511.82 80.59
10512.98 79.79
10514.14 79.40
10515.30 79.70
10516.46 81.35
10517.63 79.67
10518.80 79.84
10519.96 78.92
10521.13 79.46
10522.30 78.23
10523.46 79.11
10524.62 79.06
10525.78 78.53
10526.95 78.26
10528.12 78.63
10529.29 79.82
10530.46 79.91
10531.62 79.95
10532.79 79.98
10533.95 80.49
10535.11 80.74
10536.28 79.37
10537.45 79.69
10538.62 78.84
10539.78 79.42
10540.94 79.71
10542.11 79.86
10543.28 78.93
10544.45 77.96
10545.62 79.48
10546.78 80.24
10547.94 79.12
10549.11 79.06
10550.28 77.53
10551.44 79.27
10552.61 78.13
10553.78 80.07
10554.94 81.03
10556.10 80.52
10557.26 81.26
10558.43 79.63
10559.61 80.31
10560.78 79.16
10561.94 80.58
10563.10 80.79
10564.26 80.39
10565.42 80.70
10566.59 78.35
10567.76 79.67
10568.92 92.84
10570.08 165.92
10571.28 222.46
10572.49 242.23
10573.70 238.61
10574.90 221.81
10576.10 209.40
10577.29 255.20
10578.49 311.60
10579.69 353.80
10580.89 370.90
10582.09 359.45
10583.29 332.23
10584.51 298.61
10585.73 265.81
10586.94 282.90
10588.14 328.45
10589.36 366.23
10590.57 385.11
10591.79 376.56
10593.00 349.78
10594.20 316.89
10595.40 283.94
10596.61 280.97
10597.82 321.99
10599.03 361.99
10600.23 387.00
10601.43 386.00
10602.64 363.00
10603.84 331.50
10605.04 296.25
10606.25 275.62
10607.46 310.31
10608.67 352.16
10609.88 383.08
10611.08 390.04
10612.28 372.52
10613.48 342.26
10614.69 306.63
10615.90 275.31
10617.11 297.66
10618.32 341.83
10619.53 376.41
10620.75 390.71
10621.96 378.35
10623.17 351.18
10624.38 317.09
10625.59 283.04
10626.79 289.02
10627.99 332.51
10629.20 369.26
10630.40 391.13
10631.61 386.06
10632.82 360.53
10634.03 328.27
10635.24 294.13
10636.45 282.57
10637.66 320.28
10638.87 361.14
10640.08 388.07
10641.28 391.04
10642.48 370.02
10643.68 338.51
10644.89 302.75
10646.10 276.38
10647.31 306.19
10648.52 349.09
10649.73 381.55
10650.94 393.27
10652.15 377.14
10653.36 347.57
10654.57 313.28
10655.78 279.14
10657.00 295.07
10658.19 338.54
10659.40 374.27
10660.60 392.13
10661.81 384.07
10663.02 358.03
10664.22 324.52
10665.42 289.76
10666.64 287.38
10667.84 328.19
10669.06 365.59
10670.26 390.30
10671.47 388.65
10672.68 365.82
10673.88 332.91
10675.09 298.96
10676.29 277.98
10677.50 312.99
10678.70 354.49
10679.90 384.75
10681.10 392.87
10682.30 374.44
10683.51 344.22
10684.73 309.11
10685.94 278.55
10687.16 300.78
10688.37 344.39
10689.59 378.19
10690.80 392.10
10692.00 379.55
10693.20 352.77
10694.40 318.89
10695.60 285.44
10696.80 290.72
10698.00 332.36
10699.20 369.68
10700.40 391.84
10701.60 388.42
10702.81 363.71
10704.03 330.86
10705.24 295.93
10706.44 281.46
10707.65 318.73
10708.86 359.37
10710.07 388.18
10711.28 391.09
10712.48 371.55
10713.69 340.27
10714.90 305.64
10716.10 276.32
10717.32 305.16
10718.53 348.08
10719.75 381.54
10720.96 392.77
10722.16 377.88
10723.37 348.94
10724.59 315.47
10725.79 281.24
10727.00 295.12
10728.20 338.56
10729.40 374.28
10730.60 392.64
10731.80 384.32
10733.01 357.66
10734.22 323.83
10735.43 289.91
10736.64 284.46
10737.85 324.73
10739.06 364.36
10740.27 390.18
10741.48 390.09
10742.68 367.05
10743.89 335.02
10745.09 300.51
10746.30 278.76
10747.51 311.88
10748.72 354.44
10749.93 384.72
10751.15 391.86
10752.36 373.93
10753.56 343.96
10754.78 308.48
10755.98 276.24
10757.20 300.12
10758.40 343.56
10759.60 377.78
10760.80 392.39
10762.00 380.70
10763.20 353.85
10764.40 319.92
10765.60 285.46
10766.80 255.23
10768.00 230.62
10769.19 209.31
10770.40 192.15
10771.61 177.08
10772.81 166.04
10774.01 155.02
10775.20 146.01
10776.39 140.50
10777.60 135.25
10778.80 128.63
10780.00 124.31
10781.19 121.66
10782.40 116.83
10783.60 112.91
10784.80 111.96
10786.00 108.48
10787.19 108.24
10788.40 106.62
10789.60 104.81
10790.80 101.40
10791.99 100.70
10793.19 100.85
10794.39 97.93
10795.56 96.96
10796.74 94.98
10797.90 92.99
10799.06 93.50
10800.22 93.75
10801.39 94.37
10802.56 94.19
10803.74 93.09
10804.90 90.55
10806.06 91.27
10807.22 91.64
10808.38 89.82
10809.55 88.41
10810.73 89.20
10811.89 89.10
10813.05 88.55
10814.21 88.78
10815.38 86.39
10816.54 85.69
10817.71 84.85
10818.88 86.42
10820.04 84.71
10821.20 85.86
10822.36 84.43
10823.53 85.21
10824.70 86.11
10825.86 85.55
10827.02 84.28
10828.18 85.14
10829.35 84.57
10830.52 83.28
10831.69 84.14
10832.86 84.07
10834.02 83.54
10835.18 82.77
10836.34 83.38
10837.50 83.69
10838.66 84.35
10839.83 83.17
10841.00 83.59
10842.15 83.29
10843.32 84.15
10844.49 84.07
10845.65 82.54
10846.82 82.77
10847.98 83.38
10849.14 82.69
10850.31 81.85
10851.48 80.92
10852.64 80.46
10853.81 81.73
10854.98 82.37
10856.14 82.18
10857.31 81.59
10858.49 81.80
10859.65 82.40
10860.81 81.20
10861.97 80.60
10863.13 79.80
10864.29 79.90
10865.45 81.95
10866.62 81.97
10867.78 81.99
10868.94 81.99
10870.10 83.00
10871.26 81.00
10872.42 80.00
10873.58 79.50
10874.74 78.75
10875.91 80.37
10877.08 79.69
10878.24 80.34
10879.41 79.67
10880.58 80.34
10881.75 80.17
10882.92 81.58
10884.09 81.79
10885.24 80.90
10886.40 81.45
10887.56 80.72
10888.74 81.86
10889.90 81.93
10891.06 80.97
10892.22 79.98
10893.38 81.99
10894.54 81.50
10895.71 81.75
10896.88 81.87
10898.04 80.94
10899.20 78.97
10900.36 79.48
10901.52 80.74
10902.68 79.87
10903.84 79.94
10905.01 80.47
10906.17 80.23
10907.34 79.12
10908.50 80.56
10909.66 79.78
10910.83 78.39
10912.00 78.69
10913.15 78.85
10914.32 77.92
10915.49 80.46
10916.65 80.73
10917.82 80.37
10918.98 78.18
10920.15 79.09
10921.31 79.05
10922.47 79.52
10923.64 79.76
10924.81 77.88
10925.98 77.44
10927.14 78.72
10928.31 79.36
10929.48 78.18
10930.65 79.09
10931.81 80.05
10932.98 79.52
10934.14 78.26
10935.31 78.63
10936.48 79.32
10937.65 79.66
10938.82 79.33
10939.98 79.66
10941.14 80.33
10942.31 81.17
10943.49 80.58
10944.65 79.79
10945.82 80.40
10946.98 80.20
10948.14 80.10
10949.30 78.05
10950.46 80.02
10951.62 78.51
10952.78 79.76
10953.95 77.88
10955.11 78.44
10956.28 78.22
10957.45 78.11
10958.62 78.05
10959.78 78.03
10960.94 80.01
10962.10 80.01
10963.26 80.50
10964.42 80.75
10965.59 78.38
10966.76 77.69
10967.93 76.84
10969.10 86.92
10970.26 161.46
10971.47 220.73
10972.68 241.87
10973.88 238.43
10975.08 223.72
10976.28 210.86
10977.48 253.93
10978.69 310.96
10979.90 352.98
10981.10 370.99
10982.30 361.00
10983.50 334.00
10984.69 302.00
10985.89 270.00
10987.09 281.00
10988.28 325.00
10989.48 363.50
10990.68 385.25
10991.89 379.63
10993.11 354.81
10994.32 320.91
10995.53 287.45
10996.75 278.23
10997.96 318.11
10999.17 358.56
11000.38 384.78
11001.59 385.89
11002.80 364.44
11004.00 333.22
11005.20 298.61
11006.41 273.81
11007.63 306.40
11008.84 350.20
11010.04 381.60
11011.24 390.30
11012.45 373.65
11013.66 343.83
11014.88 308.91
11016.08 275.96
11017.28 294.98
11018.49 339.49
11019.71 374.74
11020.92 391.37
11022.12 380.69
11023.34 353.34
11024.56 319.67
11025.78 285.84
11026.99 288.92
11028.20 329.96
11029.40 368.48
11030.60 390.74
11031.81 386.87
11033.02 362.43
11034.23 329.22
11035.44 294.11
11036.66 279.55
11037.88 317.28
11039.08 359.14
11040.29 387.57
11041.50 390.78
11042.71 369.89
11043.92 338.95
11045.12 303.97
11046.33 275.49
11047.54 303.74
11048.76 347.87
11049.96 381.94
11051.18 393.47
11052.39 377.73
11053.60 348.87
11054.80 313.93
11056.00 280.97
11057.20 294.48
11058.40 337.24
11059.60 373.62
11060.80 392.31
11062.01 384.16
11063.22 358.58
11064.43 324.79
11065.64 291.39
11066.84 284.70
11068.04 323.85
11069.24 363.92
11070.46 390.46
11071.67 389.73
11072.88 367.37
11074.08 334.68
11075.28 299.84
11076.49 276.42
11077.71 309.71
11078.92 352.86
11080.13 384.43
11081.34 392.71
11082.55 374.86
11083.77 344.43
11084.98 309.71
11086.18 277.86
11087.40 298.93
11088.60 343.46
11089.80 377.73
11091.00 392.87
11092.20 381.93
11093.41 354.47
11094.62 321.23
11095.82 286.12
11097.04 289.56
11098.24 330.78
11099.45 368.89
11100.66 390.44
11101.87 386.22
11103.08 363.11
11104.28 330.06
11105.49 295.03
11106.71 282.01
11107.92 319.01
11109.12 359.50
11110.33 388.25
11111.55 391.63
11112.77 370.81
11113.98 338.91
11115.19 304.45
11116.39 277.23
11117.60 306.61
11118.81 349.81
11120.02 382.40
11121.22 393.20
11122.43 378.60
11123.64 349.30
11124.84 314.65
11126.05 280.83
11127.26 294.41
11128.47 337.71
11129.68 373.85
11130.89 392.43
11132.10 383.21
11133.31 357.61
11134.52 323.30
11135.74 289.15
11136.95 286.08
11138.16 327.04
11139.36 365.52
11140.58 389.76
11141.79 388.88
11143.00 366.44
11144.20 333.72
11145.40 299.36
11146.61 279.68
11147.82 313.84
11149.03 355.42
11150.24 385.71
11151.45 392.35
11152.66 374.18
11153.87 342.59
11155.08 306.79
11156.28 276.90
11157.48 301.45
11158.71 344.72
11159.92 379.36
11161.12 393.18
11162.34 379.59
11163.55 351.30
11164.76 316.65
11165.97 282.82
11167.18 252.91
11168.38 228.46
11169.59 209.23
11170.81 192.11
11172.02 177.56
11173.22 164.78
11174.42 153.89
11175.62 145.44
11176.83 140.22
11178.04 133.61
11179.24 128.81
11180.45 123.40
11181.65 119.20
11182.85 117.60
11184.05 112.80
11185.24 109.40
11186.44 107.20
11187.64 105.60
11188.84 105.30
11190.04 104.15
11191.24 101.08
11192.46 101.54
11193.66 99.77
11194.83 99.38
11196.00 95.69
11197.15 95.85
11198.32 93.92
11199.50 93.96
11200.66 92.98
11201.82 92.49
11202.98 91.75
11204.15 89.87
11205.32 90.94
11206.49 90.47
11207.66 88.73
11208.83 89.37
11210.00 89.18
11211.15 87.59
11212.32 88.80
11213.48 86.90
11214.64 88.95
11215.81 87.97
11216.98 88.49
11218.14 86.24
11219.31 88.12
11220.48 85.56
11221.64 86.28
11222.81 86.14
11223.98 86.57
11225.14 85.29
11226.31 84.64
11227.48 84.32
11228.65 84.16
11229.82 85.58
11230.98 86.29
11232.14 84.15
11233.31 84.57
11234.48 85.29
11235.65 85.14
11236.82 83.07
11237.98 83.04
11239.14 83.52
11240.30 84.26
11241.47 83.63
11242.63 83.81
11243.80 82.41
11244.96 82.20
11246.12 83.10
11247.28 81.55
11248.45 81.28
11249.62 80.64
11250.78 80.32
11251.95 80.66
11253.12 80.33
11254.29 82.66
11255.46 83.83
11256.62 82.42
11257.79 83.71
11258.96 83.85
11260.12 81.93
11261.29 80.96
11262.46 80.98
11263.62 80.49
11264.79 82.75
11265.96 80.87
11267.12 81.44
11268.29 80.72
11269.46 82.36
11270.62 81.18
11271.79 82.09
11272.95 82.54
11274.11 82.27
11275.28 82.14
11276.45 82.57
11277.62 80.28
11278.78 79.64
11279.94 78.82
11281.11 80.91
11282.28 82.46
11283.46 80.23
11284.62 80.61
11285.79 79.81
11286.96 81.40
11288.12 82.20
11289.28 80.10
11290.44 81.05
11291.60 80.53
11292.76 79.76
11293.93 81.38
11295.10 79.19
11296.26 78.60
11297.42 77.80
11298.58 78.90
11299.74 80.45
11300.90 81.22
11302.06 80.61
11303.22 79.81
11304.39 80.90
11305.56 79.95
11306.73 81.48
11307.90 79.24
11309.06 79.62
11310.22 79.81
11311.39 80.40
11312.56 79.20
11313.72 80.60
11314.88 79.80
11316.04 78.90
11317.19 79.45
11318.36 79.23
11319.53 80.11
11320.70 78.56
11321.86 78.28
11323.03 79.64
11324.19 79.82
11325.36 80.91
11326.53 80.45
11327.70 78.23
11328.86 77.61
11330.03 80.31
11331.19 80.15
11332.36 80.08
11333.52 80.04
11334.69 80.02
11335.85 81.01
11337.01 80.00
11338.16 81.00
11339.31 80.50
11340.47 78.75
11341.64 77.88
11342.81 78.44
11343.98 78.72
11345.14 77.86
11346.31 78.43
11347.48 79.21
11348.65 79.61
11349.82 79.30
11350.98 78.65
11352.14 79.33
11353.31 79.66
11354.48 78.33
11355.65 77.67
11356.82 76.83
11357.98 79.42
11359.15 80.71
11360.32 80.35
11361.49 79.68
11362.66 79.34
11363.82 78.67
11364.99 78.83
11366.15 78.92
11367.32 78.96
11368.49 78.98
11369.65 104.49
11370.85 180.74
11372.06 229.37
11373.26 242.69
11374.46 236.34
11375.67 219.67
11376.87 217.84
11378.08 269.42
11379.28 322.71
11380.49 359.35
11381.71 369.18
11382.92 352.59
11384.13 324.29
11385.34 290.15
11386.56 262.07
11387.76 293.04
11388.97 338.02
11390.17 372.01
11391.38 385.00
11392.58 371.00
11393.78 342.50
11394.98 308.75
11396.18 276.38
11397.40 287.19
11398.60 330.59
11399.80 367.80
11401.00 388.90
11402.20 382.95
11403.40 357.47
11404.60 323.24
11405.81 289.62
11407.02 279.81
11408.23 318.90
11409.44 360.45
11410.64 386.73
11411.85 388.86
11413.06 367.93
11414.27 334.47
11415.48 300.23
11416.70 276.62
11417.91 307.31
11419.12 351.15
11420.34 382.58
11421.55 391.79
11422.76 373.39
11423.97 343.70
11425.18 308.35
11426.38 277.17
11427.60 297.09
11428.80 340.54
11430.00 376.27
11431.20 392.14
11432.40 381.07
11433.60 353.53
11434.81 320.27
11436.03 286.63
11437.24 288.32
11438.45 330.16
11439.66 368.08
11440.86 390.54
11442.07 387.27
11443.28 363.13
11444.49 330.57
11445.71 295.78
11446.92 279.89
11448.12 315.95
11449.34 358.47
11450.55 387.24
11451.76 390.62
11452.97 371.31
11454.18 340.15
11455.39 305.58
11456.59 276.79
11457.80 303.89
11459.00 347.95
11460.20 380.97
11461.40 392.49
11462.60 378.74
11463.81 350.37
11465.02 315.69
11466.22 281.84
11467.44 292.42
11468.64 336.21
11469.85 373.11
11471.07 392.55
11472.28 384.28
11473.48 359.64
11474.70 325.82
11475.91 290.91
11477.12 284.45
11478.33 324.73
11479.54 363.86
11480.76 389.93
11481.96 388.97
11483.17 366.98
11484.38 334.49
11485.59 299.75
11486.80 277.87
11488.00 310.94
11489.20 353.47
11490.41 384.23
11491.62 392.62
11492.84 374.81
11494.04 343.90
11495.24 309.45
11496.46 276.73
11497.67 298.86
11498.88 341.93
11500.08 376.47
11501.28 392.73
11502.49 381.37
11503.72 353.18
11504.93 319.09
11506.13 286.55
11507.34 290.27
11508.56 332.14
11509.77 369.57
11510.98 390.78
11512.19 385.89
11513.40 361.95
11514.60 328.47
11515.81 294.24
11517.03 282.12
11518.24 320.06
11519.44 360.53
11520.65 387.76
11521.86 390.38
11523.07 369.69
11524.28 337.85
11525.48 303.42
11526.70 277.21
11527.91 306.11
11529.12 349.05
11530.33 382.53
11531.54 393.26
11532.76 377.13
11533.97 347.07
11535.18 313.53
11536.39 279.27
11537.60 296.13
11538.81 339.07
11540.02 375.53
11541.23 392.77
11542.44 382.38
11543.64 355.19
11544.85 322.10
11546.06 287.55
11547.26 286.27
11548.47 327.64
11549.69 366.82
11550.90 390.91
11552.10 387.45
11553.31 364.23
11554.52 331.61
11555.74 297.81
11556.95 280.90
11558.15 315.95
11559.36 356.98
11560.57 386.49
11561.78 391.24
11562.99 372.12
11564.20 341.06
11565.40 307.03
11566.60 277.52
11567.81 302.76
11569.02 345.88
11570.22 379.94
11571.43 393.47
11572.64 375.73
11573.84 341.87
11575.05 305.93
11576.25 272.47
11577.46 242.73
11578.67 218.37
11579.88 198.68
11581.08 183.34
11582.28 171.67
11583.50 159.84
11584.70 151.92
11585.90 144.46
11587.10 138.23
11588.30 132.61
11589.50 126.31
11590.71 122.15
11591.92 119.58
11593.13 116.29
11594.34 113.64
11595.55 111.82
11596.76 107.91
11597.97 106.96
11599.18 104.48
11600.38 103.74
11601.58 102.87
11602.78 101.93
11603.98 98.47
11605.15 97.73
11606.32 97.37
11607.49 96.18
11608.66 94.59
11609.82 93.30
11610.98 94.15
11612.16 92.07
11613.32 92.54
11614.49 91.77
11615.66 91.38
11616.82 89.69
11617.98 89.35
11619.15 88.67
11620.32 87.84
11621.50 87.42
11622.66 87.71
11623.82 87.85
11624.98 87.93
11626.14 87.46
11627.31 87.73
11628.48 87.87
11629.65 87.43
11630.82 87.72
11631.98 87.86
11633.14 85.43
11634.31 84.71
11635.48 84.86
11636.65 84.93
11637.82 83.46
11638.98 84.23
11640.15 82.62
11641.32 81.81
11642.49 83.40
11643.65 84.20
11644.81 84.60
11645.97 82.30
11647.13 83.15
11648.30 82.08
11649.46 83.54
11650.62 81.77
11651.79 83.88
11652.95 84.94
11654.11 84.47
11655.29 82.74
11656.46 83.87
11657.62 83.93
11658.79 81.97
11659.95 83.48
11661.11 82.74
11662.28 82.87
11663.44 82.94
11664.61 81.47
11665.78 82.23
11666.94 81.62
11668.11 82.31
11669.28 83.65
11670.45 81.83
11671.62 80.41
11672.78 81.21
11673.95 80.60
11675.11 80.30
11676.27 81.15
11677.44 81.58
11678.61 81.79
11679.78 81.89
11680.94 81.95
11682.10 80.97
11683.26 80.99
11684.42 80.49
11685.58 82.25
11686.75 82.12
11687.93 80.06
11689.09 79.03
11690.24 78.52
11691.41 78.76
11692.58 79.88
11693.74 79.94
11694.90 79.47
11696.06 79.23
11697.22 79.62
11698.39 79.31
11699.57 79.15
11700.74 80.58
11701.90 79.79
11703.06 79.89
11704.22 79.45
11705.39 79.72
11706.57 80.36
11707.74 80.18
11708.90 79.59
11710.06 79.30
11711.22 80.15
11712.39 80.07
11713.56 79.54
11714.73 80.77
11715.90 80.38
11717.06 81.19
11718.22 80.10
11719.38 81.05
11720.56 80.02
11721.72 79.51
11722.89 80.76
11724.06 79.88
11725.22 79.94
11726.38 79.97
11727.55 79.48
11728.72 78.74
11729.89 79.37
11731.05 79.69
11732.21 79.84
11733.38 79.92
11734.55 79.46
11735.72 80.73
11736.89 80.37
11738.06 80.18
11739.22 79.59
11740.38 79.80
11741.56 79.40
11742.72 78.20
11743.88 78.10
11745.04 77.55
11746.20 78.27
11747.36 79.14
11748.53 78.07
11749.70 78.53
11750.86 78.77
11752.02 78.88
11753.18 79.44
11754.35 79.72
11755.53 78.36
11756.70 77.68
11757.86 78.84
11759.02 79.42
11760.18 78.21
11761.35 78.61
11762.53 79.30
11763.70 79.15
11764.86 79.08
11766.02 79.04
11767.18 79.52
11768.34 79.26
11769.51 79.13
11770.69 127.06
11771.90 188.03
11773.09 218.02
11774.28 221.51
11775.49 210.75
11776.70 196.88
11777.91 236.94
11779.12 297.47
11780.33 343.23
11781.55 365.62
11782.76 359.31
11783.97 333.65
11785.18 301.83
11786.39 269.41
11787.60 277.71
11788.81 322.35
11790.02 361.18
11791.23 383.09
11792.44 378.54
11793.64 354.27
11794.85 320.64
11796.06 287.32
11797.27 277.16
11798.48 316.58
11799.71 356.79
11800.92 383.89
11802.12 385.45
11803.34 364.72
11804.56 332.36
11805.77 297.18
11806.98 273.59
11808.19 306.80
11809.40 350.40
11810.60 381.20
11811.80 390.60
11813.00 374.80
11814.20 344.40
11815.40 309.20
11816.59 276.10
11817.80 293.05
11819.00 336.52
11820.20 372.26
11821.41 391.13
11822.63 382.57
11823.84 356.28
11825.05 322.14
11826.26 287.57
11827.47 286.29
11828.69 326.64
11829.90 365.32
11831.11 388.66
11832.33 385.83
11833.55 361.92
11834.76 329.96
11835.97 295.98
11837.18 279.99
11838.39 316.99
11839.60 358.00
11840.80 387.00
11841.99 391.00
11843.19 372.50
11844.40 342.25
11845.60 308.12
11846.82 277.56
11848.03 303.28
11849.23 346.14
11850.44 379.07
11851.64 392.04
11852.85 378.52
11854.06 350.26
11855.27 316.63
11856.48 283.31
11857.70 293.16
11858.91 334.58
11860.12 371.29
11861.33 392.14
11862.55 385.07
11863.76 358.54
11864.97 325.77
11866.18 290.88
11867.39 284.44
11868.60 324.22
11869.80 363.11
11871.01 389.56
11872.22 389.78
11873.44 367.39
11874.64 335.69
11875.85 301.35
11877.06 277.67
11878.27 310.34
11879.48 353.67
11880.69 384.83
11881.90 392.42
11883.11 375.21
11884.32 344.60
11885.53 309.30
11886.75 277.65
11887.96 300.33
11889.18 343.16
11890.39 377.08
11891.59 392.54
11892.80 380.77
11894.00 352.89
11895.20 319.94
11896.41 286.47
11897.62 290.74
11898.83 332.37
11900.04 369.68
11901.24 391.84
11902.45 386.92
11903.66 362.46
11904.87 329.23
11906.08 294.62
11907.28 280.31
11908.49 318.65
11909.71 358.83
11910.92 386.91
11912.13 389.96
11913.35 370.48
11914.56 337.74
11915.77 302.87
11916.98 276.43
11918.19 306.22
11919.40 349.11
11920.60 381.05
11921.80 392.03
11923.00 376.51
11924.20 348.26
11925.41 313.13
11926.62 280.56
11927.84 294.78
11929.04 338.89
11930.24 373.95
11931.45 392.47
11932.66 383.24
11933.88 357.62
11935.08 324.31
11936.29 290.15
11937.50 287.08
11938.71 327.04
11939.92 365.52
11941.12 389.76
11942.34 387.88
11943.56 366.44
11944.77 333.22
11945.98 298.11
11947.20 279.05
11948.40 313.53
11949.60 355.76
11950.80 385.88
11952.00 392.44
11953.20 374.22
11954.41 344.11
11955.63 309.56
11956.84 277.78
11958.05 300.39
11959.26 344.69
11960.48 379.35
11961.70 392.67
11962.91 380.84
11964.12 351.92
11965.33 317.96
11966.55 284.48
11967.76 291.74
11968.96 334.37
11970.17 370.68
11971.38 392.34
11972.59 383.17
11973.80 351.59
11975.01 315.29
11976.22 281.15
11977.43 251.57
11978.64 225.79
11979.85 204.89
11981.05 187.95
11982.25 173.97
11983.46 162.99
11984.67 153.99
11985.87 146.00
11987.07 139.00
11988.26 133.00
11989.46 128.00
11990.67 124.00
11991.86 120.00
11993.06 116.50
11994.26 113.75
11995.46 111.37
11996.68 108.19
11997.89 106.09
11999.09 104.05
12000.28 102.52
12001.48 101.26
12002.70 99.63
12003.86 98.82
12005.02 97.91
12006.18 96.45
12007.35 95.73
12008.52 94.86
12009.70 93.93
12010.86 93.47
12012.02 92.23
12013.18 92.12
12014.35 91.56
12015.52 90.78
12016.70 90.39
12017.86 90.19
12019.02 89.60
12020.18 89.30
12021.34 88.65
12022.51 88.32
12023.69 88.16
12024.86 87.58
12026.02 87.79
12027.18 87.40
12028.34 86.70
12029.50 86.35
12030.67 86.17
12031.84 86.59
12033.02 86.29
12034.18 85.65
12035.34 85.82
12036.50 85.91
12037.67 84.96
12038.84 84.98
12040.00 84.99
12041.15 84.49
12042.32 83.75
12043.49 83.37
12044.66 83.69
12045.82 84.34
12046.99 83.67
12048.15 83.34
12049.32 83.17
12050.49 83.58
12051.65 82.79
12052.82 82.90
12053.98 82.95
12055.14 82.97
12056.31 82.99
12057.48 82.99
12058.64 83.50
12059.80 82.75
12060.96 82.87
12062.12 82.44
12063.29 82.22
12064.46 82.61
12065.62 82.80
12066.78 82.90
12067.94 81.95
12069.10 81.98
12070.26 81.49
12071.43 81.74
12072.60 81.37
12073.76 81.19
12074.93 81.59
12076.09 81.80
12077.24 81.90
12078.40 81.45
12079.56 81.22
12080.73 81.61
12081.90 80.81
12083.06 80.90
12084.22 81.45
12085.38 80.73
12086.56 80.86
12087.72 80.43
12088.89 80.72
12090.06 80.86
12091.22 80.93
12092.38 80.96
12093.55 80.98
12094.71 80.99
12095.88 80.50
12097.04 80.75
12098.20 80.87
12099.36 80.44
12100.54 80.72
12101.70 80.36
12102.86 80.18
12104.03 80.59
12105.19 80.29
12106.36 80.65
12107.54 80.82
12108.70 80.41
12109.86 80.21
12111.03 80.10
12112.19 80.05
12113.35 80.03
12114.51 80.01
12115.68 80.51
12116.85 80.25
12118.02 80.13
12119.18 80.06
12120.34 80.53
12121.51 80.27
12122.69 80.63
12123.86 80.82
12125.02 79.91
12126.18 79.95
12127.35 79.98
12128.52 79.99
12129.70 79.99
12130.86 80.00
12132.02 80.50
12133.18 80.25
12134.34 79.62
12135.51 79.81
12136.69 79.91
12137.86 79.95
12139.02 79.48
12140.18 79.74
12141.35 79.87
12142.52 79.43
12143.70 79.72
12144.86 79.36
12146.02 79.68
12147.18 79.84
12148.35 79.42
12149.52 79.71
12150.70 79.35
12151.86 78.68
12153.02 79.34
12154.18 79.67
12155.35 79.83
12156.52 79.42
12157.70 79.71
12158.86 79.85
12160.03 79.43
12161.19 79.71
12162.36 79.36
12163.54 79.18
12164.70 78.59
12165.86 79.29
12167.02 79.15
12168.19 79.07
12169.35 79.04
12170.51 96.52
12171.69 163.76
12172.89 206.38
12174.09 220.19
12175.29 215.09
12176.49 201.55
12177.70 215.77
12178.91 274.39
12180.12 327.19
12181.33 361.60
12182.55 365.30
12183.76 346.15
12184.97 316.57
12186.18 282.29
12187.38 264.14
12188.60 301.57
12189.80 345.29
12191.00 377.14
12192.20 384.57
12193.40 367.29
12194.61 337.14
12195.83 302.57
12197.04 271.79
12198.24 296.39
12199.45 339.70
12200.67 374.35
12201.88 389.17
12203.08 376.59
12204.28 348.79
12205.49 315.40
12206.70 281.20
12207.91 288.60
12209.12 330.80
12210.33 367.90
12211.55 390.45
12212.76 384.22
12213.96 358.11
12215.18 325.56
12216.39 290.78
12217.60 281.39
12218.80 320.69
12220.00 360.85
12221.20 386.92
12222.41 389.46
12223.63 367.73
12224.84 336.87
12226.04 301.93
12227.24 274.97
12228.45 306.48
12229.67 349.24
12230.88 381.12
12232.08 391.56
12233.28 375.28
12234.49 346.14
12235.71 312.07
12236.92 278.54
12238.13 295.27
12239.34 339.63
12240.55 375.32
12241.76 391.66
12242.97 382.33
12244.18 355.16
12245.39 321.58
12246.59 286.79
12247.80 286.40
12249.00 328.20
12250.20 365.60
12251.40 389.80
12252.60 388.40
12253.80 364.70
12255.00 332.35
12256.20 298.67
12257.41 277.34
12258.63 312.17
12259.84 354.58
12261.05 385.29
12262.25 391.65
12263.46 373.82
12264.68 343.91
12265.88 309.46
12267.09 277.73
12268.29 300.86
12269.50 344.93
12270.72 378.47
12271.93 392.23
12273.14 379.12
12274.36 352.06
12275.56 317.53
12276.77 284.26
12277.98 292.13
12279.19 333.57
12280.40 369.78
12281.60 391.39
12282.80 385.20
12284.00 360.10
12285.20 328.05
12286.40 294.52
12287.60 281.26
12288.81 318.63
12290.02 360.32
12291.24 388.16
12292.45 390.58
12293.67 369.79
12294.88 337.39
12296.08 302.20
12297.28 275.60
12298.48 305.30
12299.70 349.15
12300.91 381.07
12302.12 391.54
12303.33 377.27
12304.55 347.13
12305.76 312.07
12306.97 279.53
12308.18 296.27
12309.39 339.13
12310.60 375.57
12311.80 393.28
12313.00 382.64
12314.20 355.82
12315.41 323.41
12316.62 287.71
12317.84 286.35
12319.05 327.18
12320.26 365.09
12321.46 389.54
12322.68 387.27
12323.88 365.14
12325.09 331.57
12326.29 296.78
12327.50 277.89
12328.71 313.45
12329.92 356.22
12331.13 385.61
12332.34 391.81
12333.55 373.40
12334.76 342.70
12335.96 307.85
12337.17 277.43
12338.38 301.71
12339.59 345.86
12340.80 378.93
12342.00 392.96
12343.20 380.98
12344.40 351.99
12345.60 318.00
12346.79 284.00
12348.00 290.50
12349.20 332.25
12350.40 370.12
12351.62 391.56
12352.83 387.28
12354.04 361.64
12355.24 328.32
12356.45 294.66
12357.67 281.83
12358.88 319.42
12360.09 360.71
12361.29 387.85
12362.50 389.93
12363.72 370.46
12364.93 338.23
12366.14 303.12
12367.35 277.06
12368.56 307.03
12369.76 350.51
12370.97 383.26
12372.18 392.63
12373.39 373.31
12374.60 337.16
12375.80 300.58
12377.00 268.79
12378.20 240.89
12379.40 217.95
12380.60 198.47
12381.80 182.24
12383.00 169.62
12384.19 159.31
12385.41 150.65
12386.62 142.33
12387.82 136.16
12389.03 131.08
12390.22 126.54
12391.43 121.77
12392.64 117.39
12393.85 114.69
12395.05 111.85
12396.25 109.42
12397.46 107.71
12398.67 105.86
12399.88 103.93
12401.08 101.96
12402.28 100.98
12403.48 99.49
12404.66 98.25
12405.82 97.62
12406.99 96.31
12408.16 95.66
12409.33 94.83
12410.50 93.91
12411.67 92.96
12412.84 92.48
12414.01 91.74
12415.17 91.37
12416.34 90.68
12417.50 90.84
12418.67 90.42
12419.84 89.71
12421.01 88.86
12422.17 88.93
12423.34 88.46
12424.50 88.23
12425.67 88.12
12426.84 87.56
12428.01 86.78
12429.17 86.89
12430.34 86.44
12431.50 85.72
12432.67 85.86
12433.83 85.43
12435.00 85.22
12436.16 85.11
12437.33 85.05
12438.49 84.53
12439.67 84.76
12440.83 84.88
12441.99 84.44
12443.15 84.22
12444.32 84.61
12445.49 84.31
12446.66 84.15
12447.83 84.08
12448.99 83.54
12450.15 83.77
12451.32 83.88
12452.49 83.44
12453.66 83.72
12454.83 83.36
12456.00 83.18
12457.15 83.09
12458.31 82.55
12459.48 82.27
12460.66 82.14
12461.82 82.07
12462.98 82.03
12464.14 82.52
12465.31 81.76
12466.48 81.88
12467.65 81.94
12468.82 81.97
12469.98 81.98
12471.14 81.99
12472.31 82.50
12473.47 82.25
12474.64 81.12
12475.81 81.56
12476.98 81.28
12478.14 81.14
12479.31 81.57
12480.48 81.29
12481.66 81.64
12482.82 81.32
12483.99 81.66
12485.15 81.83
12486.32 81.42
12487.49 81.21
12488.66 81.60
12489.82 81.30
12490.98 81.15
12492.15 81.08
12493.31 81.04
12494.47 81.02
12495.63 81.01
12496.79 81.00
12497.94 81.00
12499.10 81.00
12500.25 80.50
12501.41 80.75
12502.58 80.88
12503.74 80.44
12504.91 80.72
12506.08 79.86
12507.24 79.93
12508.41 80.46
12509.58 80.73
12510.74 80.37
12511.91 80.68
12513.08 80.34
12514.24 80.17
12515.41 80.09
12516.57 80.04
12517.73 80.02
12518.89 79.51
12520.06 79.76
12521.22 80.38
12522.38 80.19
12523.55 79.59
12524.72 80.30
12525.88 80.15
12527.05 80.07
12528.20 80.04
12529.36 80.02
12530.53 80.01
12531.69 80.50
12532.86 80.25
12534.02 80.13
12535.19 80.06
12536.35 80.03
12537.52 80.02
12538.69 80.01
12539.85 80.00
12541.00 80.00
12542.14 79.50
12543.30 79.75
12544.46 79.88
12545.63 79.94
12546.80 79.47
12547.96 79.73
12549.13 79.37
12550.30 79.68
12551.46 80.34
12552.62 80.17
12553.79 79.59
12554.96 79.79
12556.12 79.40
12557.28 79.20
12558.44 79.10
12559.60 79.05
12560.76 79.02
12561.92 79.01
12563.08 78.51
12564.24 79.25
12565.41 79.13
12566.58 79.06
12567.74 79.03
12568.90 79.02
12570.06 79.01
12571.22 79.00
12572.38 79.00
12573.54 79.00
12574.70 79.00
12575.85 79.00
12577.00 79.00
12578.14 79.00
12579.30 79.50
12580.46 79.25
12581.62 80.13
12582.80 79.56
12583.96 78.78
12585.13 78.39
12586.30 78.70
12587.46 78.85
12588.62 78.42
12589.79 78.71
12590.96 78.86
12592.14 78.93
12593.30 78.96
12594.46 78.98
12595.62 78.49
12596.79 78.75
12597.96 78.87
12599.12 78.94
12600.29 78.97
12601.46 78.48
12602.62 79.24
12603.79 79.12
12604.96 78.56
12606.13 78.78
12607.30 78.39
12608.46 78.70
12609.62 79.35
12610.79 79.17
12611.96 79.09
12613.12 79.04
12614.28 79.02
12615.44 79.01
12616.60 79.01
12617.76 79.00
12618.91 79.00
12620.07 79.00
12621.22 79.00
12622.38 78.50
12623.54 78.75
12624.71 78.88
12625.88 78.44
12627.05 78.22
12628.21 78.61
12629.38 78.30
12630.54 78.65
12631.70 79.33
12632.86 79.16
12634.03 78.58
12635.19 78.79
12636.36 78.90
12637.53 78.45
12638.70 78.72
12639.86 78.86
12641.02 78.43
12642.18 78.22
12643.35 78.11
12644.53 77.55
12645.70 78.28
12646.86 78.14
12648.02 78.07
12649.18 78.53
12650.34 78.27
12651.53 78.63
12652.70 78.82
12653.86 78.41
12655.02 78.70
12656.18 78.35
12657.34 78.18
12658.52 78.09
12659.68 78.54
12660.84 78.27
12662.01 78.14
12663.18 78.57
12664.34 77.78
12665.52 78.39
12666.69 78.20
12667.85 78.10
12669.01 78.55
12670.17 78.77
12671.34 77.89
12672.50 77.94
12673.67 77.97
12674.83 77.99
12676.00 77.99
12677.15 78.50
12678.31 78.75
12679.48 78.37
12680.66 78.19
12681.82 78.09
12682.98 78.05
12684.14 78.52
12685.32 78.26
12686.49 78.63
12687.66 78.32
12688.83 78.66
12690.00 78.33
12691.16 78.16
12692.33 78.58
12693.50 78.29
12694.67 78.15
12695.84 78.07
12697.00 78.04
12698.15 78.02
12699.31 78.01
12700.48 78.00
12701.65 78.50
12702.81 78.75
12703.98 77.88
12705.14 78.44
12706.31 78.22
12707.48 78.61
12708.66 78.30
12709.82 78.65
12710.98 78.33
12712.15 78.16
12713.32 78.08
12714.48 78.04
12715.65 78.52
12716.82 78.26
12717.98 78.13
12719.15 78.07
12720.32 78.03
12721.48 78.52
12722.66 78.26
12723.82 78.13
12724.99 78.56
12726.16 78.28
12727.33 78.64
12728.50 78.32
12729.67 78.16
12730.84 78.58
12732.00 78.79
12733.15 78.40
12734.32 78.20
12735.49 78.10
12736.66 77.55
12737.82 77.77
12738.99 78.39
12740.16 77.69
12741.33 78.35
12742.50 77.67
12743.68 78.34
12744.85 78.67
12746.02 77.83
12747.18 78.42
12748.34 78.21
12749.52 78.60
12750.68 78.30
12751.84 77.65
12753.01 77.83
12754.17 77.91
12755.34 77.96
12756.51 77.98
12757.68 77.99
12758.84 78.49
12760.01 78.25
12761.17 77.62
12762.34 77.81
12763.51 78.41
12764.68 77.70
12765.84 77.85
12767.00 77.93
12768.16 78.46
12769.33 78.23
12770.50 78.12
12771.67 78.06
12772.83 78.03
12773.99 78.01
12775.15 78.01
12776.32 78.00
12777.48 78.00
12778.65 78.00
12779.81 78.00
12780.97 78.50
12782.13 77.75
12783.30 77.88
12784.46 78.44
12785.63 78.22
12786.81 78.11
12787.98 78.05
12789.14 78.03
12790.30 78.01
12791.46 79.01
12792.62 77.00
12793.78 76.50
12794.94 75.75
12796.11 77.88
12797.28 78.94
12798.45 78.97
12799.62 77.48
12800.78 78.24
12801.94 79.12
12803.10 79.56
12804.26 79.28
12805.42 79.14
12806.59 78.07
12807.75 79.04
12808.91 77.52
12810.08 78.26
12811.24 76.63
12812.42 76.81
12813.58 78.41
12814.75 79.20
12815.91 79.10
12817.07 79.05
12818.22 78.03
12819.38 77.01
12820.54 79.01
12821.70 78.50
12822.86 78.75
12824.02 78.88
12825.18 76.94
12826.34 77.97
12827.51 76.48
12828.68 76.74
12829.84 78.37
12831.00 79.19
12832.16 77.59
12833.33 78.80
12834.49 78.90
12835.66 78.45
12836.82 78.22
12837.99 78.61
12839.15 77.31
12840.32 77.15
12841.49 77.08
12842.66 77.54
12843.82 77.77
12844.98 77.88
12846.14 77.94
12847.30 77.47
12848.46 77.24
12849.64 78.12
12850.81 78.56
12851.98 79.28
12853.14 77.14
12854.31 78.57
12855.48 77.78
12856.66 79.39
12857.82 78.70
12858.98 79.35
12860.14 78.17
12861.31 78.09
12862.47 79.04
12863.64 79.52
12864.81 76.76
12865.98 78.88
12867.14 77.94
12868.30 76.97
12869.46 76.49
12870.65 78.24
12871.81 77.62
12872.98 75.81
12874.14 76.91
12875.31 76.45
12876.48 77.23
12877.66 77.11
12878.82 77.56
12879.99 77.28
12881.15 77.14
12882.32 76.57
12883.49 77.28
12884.66 78.14
12885.83 79.07
12886.99 79.04
12888.15 77.02
12889.31 78.51
12890.48 79.25
12891.66 77.13
12892.82 76.56
12893.99 75.78
12895.15 75.89
12896.31 77.95
12897.48 76.47
12898.66 77.24
12899.82 76.62
12900.99 77.81
12902.15 78.40
12903.31 76.70
12904.47 75.85
12905.65 75.43
12906.82 77.71
12907.98 77.86
12909.14 76.43
12910.31 77.71
12911.48 78.86
12912.66 76.43
12913.82 76.71
12914.99 77.86
12916.15 78.43
12917.32 77.71
12918.49 77.86
12919.66 76.43
12920.84 77.71
12922.00 76.36
12923.15 77.18
12924.32 77.09
12925.48 77.54
12926.66 76.77
12927.82 77.39
12928.99 78.69
12930.15 76.85
12931.32 77.92
12932.49 77.46
12933.66 76.23
12934.83 75.62
12936.00 76.81
12937.15 78.90
12938.31 78.95
12939.48 76.48
12940.66 75.74
12941.82 77.37
12942.99 77.68
12944.15 77.84
12945.32 79.42
12946.49 79.71
12947.66 79.36
12948.83 77.68
12950.00 78.84
12951.15 76.92
12952.32 77.96
12953.49 77.48
12954.66 76.24
12955.83 77.62
12957.00 76.81
12958.15 76.90
12959.31 76.95
12960.48 76.48
12961.66 76.74
12962.82 77.37
12963.99 75.68
12965.15 76.84
12966.32 77.92
12967.49 77.96
12968.66 78.48
12969.82 77.74
12971.00 77.37
12972.15 76.19
12973.32 76.09
12974.48 78.55
12975.66 78.77
12976.82 77.39
12977.99 76.69
12979.15 76.35
12980.32 77.17
12981.49 76.09
12982.66 77.04
12983.82 77.52
12984.98 77.76
12986.14 78.38
12987.31 76.69
12988.48 76.35
12989.66 75.67
12990.82 77.84
12991.99 78.92
12993.15 78.96
12994.32 77.98
12995.49 76.49
12996.66 75.74
12997.83 76.37
12999.00 76.69
13000.15 76.84
13001.32 76.92
13002.49 77.46
13003.66 77.73
13004.83 77.37
13006.00 77.68
13007.15 76.84
13008.32 77.42
13009.49 77.71
13010.66 77.36
13011.83 77.18
13013.00 77.09
13014.15 77.54
13015.32 77.27
13016.49 77.14
13017.66 77.07
13018.82 77.03
13019.98 77.02
13021.14 77.51
13022.31 77.75
13023.48 76.88
13024.66 76.94
13025.82 77.47
13026.99 77.23
13028.16 77.62
13029.33 77.81
13030.50 77.90
13031.66 77.45
13032.82 77.73
13033.99 77.86
13035.15 77.43
13036.32 77.72
13037.49 77.36
13038.66 77.68
13039.83 77.84
13041.00 77.42
13042.15 77.71
13043.32 77.85
13044.49 77.43
13045.66 77.21
13046.83 77.61
13048.00 77.80
13049.14 77.40
13050.30 77.70
13051.46 78.35
13052.63 77.68
13053.80 77.34
13054.97 77.67
13056.13 77.33
13057.30 77.67
13058.46 77.83
13059.63 77.42
13060.80 77.21
13061.96 77.10
13063.12 77.55
13064.29 77.28
13065.46 76.64
13066.63 76.82
13067.80 76.91
13068.96 76.95
13070.12 77.48
13071.29 77.74
13072.46 77.37
13073.63 77.18
13074.80 77.09
13075.95 77.55
13077.12 77.27
13078.29 77.64
13079.46 77.82
13080.63 77.91
13081.80 77.45
13082.96 77.23
13084.13 77.11
13085.30 77.56
13086.46 77.78
13087.63 77.89
13088.79 77.44
13089.95 77.22
13091.12 77.11
13092.29 78.06
13093.45 78.03
13094.61 78.51
13095.78 78.26
13096.95 78.13
13098.12 77.56
13099.29 77.28
13100.46 78.14
13101.63 77.07
13102.79 76.54
13103.96 77.27
13105.13 77.63
13106.30 77.32
13107.46 76.66
13108.64 76.83
13109.81 77.41
13110.98 77.71
13112.14 78.35
13113.31 78.18
13114.49 78.09
13115.66 78.04
13116.82 77.52
13117.98 77.26
13119.15 77.13
13120.32 77.57
13121.49 77.78
13122.66 77.89
13123.82 77.95
13124.99 78.47
13126.15 77.74
13127.32 77.87
13128.49 77.43
13129.66 77.72
13130.83 77.36
13132.00 76.68
13133.15 77.34
13134.32 77.17
13135.49 77.58
13136.66 77.79
13137.82 77.90
13138.98 77.95
13140.14 77.97
13141.31 77.99
13142.48 78.49
13143.65 77.75
13144.82 77.87
13145.98 77.94
13147.14 77.47
13148.31 77.23
13149.48 77.12
13150.66 77.06
13151.82 78.03
13152.98 77.51
13154.14 77.76
13155.32 77.88
13156.48 77.94
13157.66 77.47
13158.82 77.23
13159.99 77.12
13161.16 77.56
13162.33 77.28
13163.51 77.64
13164.68 76.82
13165.85 77.41
13167.02 77.20
13168.18 77.60
13169.34 77.30
13170.50 77.65
13171.66 76.83
13172.83 77.41
13174.00 77.21
13175.16 77.60
13176.32 77.30
13177.48 77.15
13178.66 77.58
13179.82 77.29
13180.99 77.64
13182.15 77.32
13183.32 77.66
13184.49 77.83
13185.66 77.92
13186.83 77.46
13188.00 77.23
13189.16 77.61
13190.33 77.31
13191.50 76.65
13192.66 76.83
13193.83 77.41
13195.00 77.21
13196.16 77.60
13197.32 77.30
13198.48 77.15
13199.66 77.08
13200.82 77.54
13201.98 77.77
13203.14 77.88
13204.30 77.94
13205.46 76.97
13206.64 76.99
13207.81 77.49
13208.98 77.75
13210.14 77.37
13211.31 77.69
13212.48 77.84
13213.65 77.42
13214.82 77.71
13215.98 76.86
13217.15 76.93
13218.32 76.96
13219.49 76.98
13220.66 77.49
13221.82 77.75
13222.99 77.37
13224.16 77.69
13225.33 77.84
13226.51 77.42
13227.67 77.71
13228.84 77.86
13230.01 77.93
13231.17 77.46
13232.34 76.73
13233.51 77.37
13234.68 77.18
13235.85 77.09
13237.01 77.55
13238.17 77.27
13239.34 77.14
13240.52 76.57
13241.68 76.78
13242.84 76.89
13244.00 77.45
13245.15 77.72
13246.32 77.36
13247.50 77.68
13248.66 77.84
13249.82 77.92
13250.99 77.46
13252.16 78.23
13253.33 78.12
13254.52 78.06
13255.68 77.53
13256.85 77.76
13258.01 77.88
13259.17 77.94
13260.34 77.97
13261.51 77.49
13262.68 77.24
13263.85 78.12
13265.02 78.06
13266.18 77.03
13267.34 77.52
13268.51 77.26
13269.68 77.13
13270.85 77.06
13272.01 77.53
13273.17 77.77
13274.34 77.88
13275.51 77.94
13276.68 77.47
13277.85 77.24
13279.02 77.12
13280.18 77.56
13281.35 77.28
13282.52 77.64
13283.69 77.82
13284.85 77.41
13286.02 77.20
13287.18 77.60
13288.34 77.30
13289.50 77.15
13290.66 77.08
13291.82 77.54
13292.99 77.27
13294.16 77.13
13295.33 77.07
13296.50 77.53
13297.66 77.27
13298.83 77.13
13300.00 77.57
13301.15 76.78
13302.32 76.89
13303.50 77.45
13304.66 77.22
13305.83 77.61
13307.01 76.81
13308.17 77.40
13309.33 77.70
13310.50 77.85
13311.66 76.93
13312.82 76.96
13313.98 77.48
13315.14 77.24
13316.31 77.12
13317.48 77.56
13318.66 77.78
13319.82 77.39
13320.99 77.70
13322.15 78.35
13323.32 78.17
13324.50 78.09
13325.66 77.54
13326.82 77.77
13327.98 77.89
13329.14 77.94
13330.30 77.97
13331.46 77.99
13332.64 77.49
13333.80 77.25
13334.96 77.12
13336.13 77.06
13337.29 77.53
13338.46 77.27
13339.64 77.13
13340.81 77.57
13341.98 77.78
13343.14 77.39
13344.31 77.20
13345.47 77.60
13346.64 77.30
13347.80 77.65
13348.96 77.82
13350.12 77.41
13351.29 77.21
13352.46 77.10
13353.63 77.55
13354.80 77.78
13355.96 77.39
13357.13 77.19
13358.30 77.10
13359.46 77.05
13360.62 77.02
13361.78 77.51
13362.95 77.26
13364.12 77.63
13365.29 77.81
13366.46 76.91
13367.63 76.95
13368.80 76.98
13369.96 77.49
13371.12 77.74
13372.29 78.37
13373.46 78.19
13374.63 78.09
13375.79 77.55
13376.96 77.27
13378.13 77.64
13379.30 77.32
13380.46 77.66
13381.64 77.83
13382.81 77.41
13383.98 77.71
13385.14 77.85
13386.31 77.43
13387.48 77.71
13388.66 77.86
13389.83 77.43
13391.00 77.21
13392.16 76.61
13393.33 76.80
13394.50 76.90
13395.66 76.95
13396.82 76.98
13397.99 76.99
13399.16 76.99
13400.33 77.50
13401.50 77.25
13402.66 77.62
13403.82 77.31
13404.99 77.66
13406.16 77.33
13407.33 77.66
13408.50 77.83
13409.66 77.42
13410.83 77.71
13412.00 77.35
13413.15 77.18
13414.32 77.09
13415.48 77.54
13416.66 77.27
13417.82 77.14
13418.99 77.07
13420.15 77.03
13421.31 77.02
13422.48 76.51
13423.66 76.75
13424.82 77.38
13425.99 77.69
13427.15 77.34
13428.32 77.17
13429.50 77.59
13430.66 77.29
13431.83 77.15
13433.00 77.57
13434.15 77.29
13435.32 77.64
13436.50 77.32
13437.66 77.66
13438.82 77.83
13440.00 77.42
13441.15 77.71
13442.32 77.85
13443.50 77.93
13444.66 77.46
13445.82 77.23
13446.99 77.12
13448.16 77.56
13449.33 77.78
13450.50 77.89
13451.66 78.44
13452.82 78.22
13453.99 78.11
13455.16 77.56
13456.33 77.78
13457.51 77.39
13458.67 77.19
13459.84 77.10
13461.00 78.05
13462.15 77.52
13463.32 76.76
13464.50 76.88
13465.66 77.44
13466.82 77.22
13467.99 77.61
13469.16 76.81
13470.33 76.90
13471.50 76.95
13472.66 76.98
13473.82 77.49
13474.98 77.24
13476.15 77.62
13477.32 77.81
13478.50 77.91
13479.66 77.45
13480.83 77.73
13482.00 77.36
13483.15 77.68
13484.32 77.84
13485.50 77.42
13486.66 77.71
13487.82 77.36
13488.99 77.18
13490.17 76.59
13491.34 76.29
13492.51 77.15
13493.67 77.57
13494.84 77.79
13496.01 77.39
13497.17 77.70
13498.33 77.85
13499.50 77.92
13500.66 77.46
13501.83 77.23
13503.00 77.62
13504.16 76.81
13505.33 76.90
13506.50 77.45
13507.66 77.23
13508.82 77.61
13509.99 77.81
13511.16 77.90
13512.32 78.45
13513.50 77.73
13514.66 77.86
13515.82 77.93
13516.99 77.47
13518.16 77.23
13519.33 77.62
13520.51 77.31
13521.67 77.15
13522.84 77.08
13524.00 77.04
13525.15 77.52
13526.32 77.26
13527.50 77.13
13528.66 77.06
13529.82 77.03
13530.98 77.52
13532.16 76.76
13533.33 76.88
13534.50 76.94
13535.66 76.97
13536.83 77.48
13537.99 77.74
13539.15 77.37
13540.32 77.19
13541.50 77.59
13542.66 77.80
13543.82 77.90
13544.98 77.95
13546.14 77.47
13547.31 77.74
13548.49 77.37
13549.66 77.18
13550.82 77.09
13551.98 76.55
13553.15 76.77
13554.32 76.89
13555.50 76.44
13556.66 76.72
13557.82 77.36
13558.99 77.68
13560.15 77.34
13561.32 77.67
13562.50 77.84
13563.66 77.92
13564.83 77.46
13566.00 77.23
13567.16 77.61
13568.33 77.31
13569.50 77.15
13570.66 77.08
13571.82 76.54
13572.99 76.77
13574.15 77.38
13575.32 77.69
13576.50 77.35
13577.66 77.67
13578.82 77.84
13579.99 77.92
13581.16 77.46
13582.34 77.23
13583.50 78.11
13584.66 77.06
13585.82 77.53
13586.99 77.26
13588.16 77.63
13589.33 77.32
13590.50 77.16
13591.67 76.58
13592.84 77.29
13594.01 77.14
13595.17 77.57
13596.34 77.29
13597.50 77.14
13598.66 77.07
13599.82 77.04
13600.98 77.52
13602.14 77.26
13603.31 77.13
13604.49 77.06
13605.65 77.53
13606.82 77.77
13607.98 77.38
13609.14 77.69
13610.30 77.35
13611.46 77.17
13612.64 77.09
13613.80 77.04
13614.95 77.02
13616.12 77.01
13617.28 77.51
13618.45 77.75
13619.62 77.88
13620.79 77.44
13621.96 77.22
13623.13 77.61
13624.30 77.80
13625.45 76.90
13626.62 77.45
13627.78 77.23
13628.95 77.61
13630.12 77.81
13631.29 77.90
13632.45 77.45
13633.62 77.23
13634.79 77.61
13635.96 77.81
13637.13 77.40
13638.29 77.70
13639.45 77.85
13640.62 77.43
13641.79 77.71
13642.96 77.86
13644.13 77.43
13645.30 77.71
13646.46 77.36
13647.63 77.68
13648.80 77.84
13649.96 77.42
13651.13 77.21
13652.30 77.60
13653.46 77.30
13654.62 76.65
13655.79 76.83
13656.96 76.91
13658.13 76.96
13659.30 76.98
13660.46 76.99
13661.63 77.49
13662.79 77.75
13663.96 77.87
13665.13 77.94
13666.30 77.47
13667.46 77.73
13668.64 77.87
13669.81 77.93
13670.98 77.97
13672.14 77.48
13673.31 77.24
13674.50 77.62
13675.66 77.81
13676.82 77.41
13677.99 77.20
13679.15 77.10
13680.31 77.05
13681.47 77.53
13682.65 77.76
13683.82 77.38
13684.98 77.69
13686.14 77.35
13687.31 77.17
13688.49 77.09
13689.65 77.54
13690.82 77.27
13691.98 78.14
13693.15 78.07
13694.31 78.03
13695.48 78.02
13696.64 77.01
13697.80 77.00
13698.95 76.50
13700.11 77.75
13701.28 77.88
13702.45 76.94
13703.62 77.47
13704.79 77.23
13705.96 76.62
13707.13 76.31
13708.30 77.15
13709.46 77.08
13710.62 75.54
13711.79 75.77
13712.96 77.38
13714.13 76.69
13715.30 76.35
13716.47 75.67
13717.65 74.84
13718.82 76.92
13719.98 76.46
13721.15 76.73
13722.32 75.36
13723.50 75.68
13724.66 75.34
13725.83 75.67
13727.00 75.34
13728.16 77.17
13729.33 77.58
13730.50 78.29
13731.66 79.65
13732.82 79.32
13733.99 76.66
13735.16 77.83
13736.33 76.92
13737.50 77.96
13738.66 78.48
13739.82 78.24
13740.99 77.12
13742.16 78.06
13743.32 78.53
13744.50 78.76
13745.66 77.38
13746.82 76.19
13747.99 76.10
13749.15 77.55
13750.32 76.27
13751.50 77.64
13752.66 78.32
13753.83 76.66
13755.00 77.83
13756.15 77.91
13757.32 76.96
13758.50 76.98
13759.66 76.99
13760.82 76.99
13761.98 77.00
13763.14 76.50
13764.30 77.25
13765.46 77.12
13766.63 77.56
13767.80 77.28
13768.96 77.14
13770.13 77.57
13771.30 77.29
13772.46 77.14
13773.64 77.57
13774.81 77.29
13775.98 77.14
13777.14 77.07
13778.30 77.54
13779.46 77.27
13780.64 77.13
13781.81 78.07
13782.97 78.03
13784.13 77.52
13785.30 77.76
13786.46 77.38
13787.63 77.19
13788.80 77.59
13789.96 77.30
13791.12 77.65
13792.29 77.32
13793.46 77.16
13794.63 77.08
13795.79 77.04
13796.95 77.52
13798.12 77.26
13799.29 77.13
13800.46 77.07
13801.63 77.03
13802.79 77.52
13803.96 76.76
13805.13 76.88
13806.30 77.44
13807.46 77.22
13808.64 77.61
13809.81 77.30
13810.97 77.15
13812.14 76.58
13813.30 76.79
13814.46 77.39
13815.64 77.20
13816.80 77.10
13817.96 77.05
13819.12 77.52
13820.29 77.76
13821.46 77.88
13822.63 77.44
13823.80 77.22
13824.96 77.11
13826.13 77.56
13827.30 76.78
13828.46 76.89
13829.63 77.44
13830.80 77.22
13831.96 78.11
13833.13 77.56
13834.30 77.78
13835.46 77.89
13836.63 77.44
13837.80 77.22
13838.96 77.11
13840.13 77.56
13841.30 77.28
13842.46 77.14
13843.63 77.57
13844.80 77.78
13845.96 77.39
13847.13 77.20
13848.30 77.10
13849.46 77.05
13850.63 77.02
13851.79 77.51
13852.96 77.76
13854.13 77.38
13855.30 77.19
13856.46 77.59
13857.63 77.30
13858.79 77.15
13859.96 77.07
13861.12 77.54
13862.29 77.27
13863.46 77.63
13864.63 77.32
13865.80 77.66
13866.96 76.83
13868.13 77.41
13869.30 77.71
13870.46 77.35
13871.64 76.68
13872.81 76.84
13873.98 76.92
13875.14 76.96
13876.31 76.98
13877.49 77.49
13878.66 77.74
13879.82 77.87
13880.99 77.94
13882.16 77.97
13883.33 77.48
13884.50 77.24
13885.66 77.12
13886.82 77.06
13887.98 76.53
13889.15 77.27
13890.32 77.13
13891.50 76.57
13892.66 77.28
13893.82 77.14
13894.99 77.07
13896.15 76.54
13897.32 76.77
13898.50 76.88
13899.66 77.44
13900.82 77.72
13901.99 77.36
13903.16 77.18
13904.33 77.59
13905.50 78.30
13906.66 77.65
13907.82 77.82
13909.00 76.91
13910.15 76.96
13911.32 76.48
13912.49 76.74
13913.66 77.37
13914.82 77.18
13915.99 77.09
13917.15 77.05
13918.31 77.52
13919.49 77.76
13920.66 77.38
13921.82 77.19
13922.99 77.10
13924.15 77.55
13925.32 77.27
13926.50 76.64
13927.66 77.32
13928.82 77.16
13929.99 77.08
13931.15 77.04
13932.31 77.02
13933.48 77.01
13934.64 77.00
13935.79 77.00
13936.94 77.00
13938.10 77.00
13939.25 77.50
13940.41 77.75
13941.58 78.38
13942.74 77.19
13943.91 77.59
13945.08 77.80
13946.23 77.40
13947.39 77.70
13948.55 77.85
13949.72 77.42
13950.89 77.21
13952.06 76.61
13953.22 77.30
13954.38 77.15
13955.55 77.58
13956.72 77.29
13957.89 77.14
13959.06 77.07
13960.22 77.54
13961.38 77.27
13962.55 77.13
13963.72 77.07
13964.88 77.53
13966.04 77.77
13967.20 77.38
13968.36 77.19
13969.54 77.10
13970.70 77.05
13971.86 78.02
13973.02 77.51
13974.18 77.26
13975.34 77.13
13976.51 77.56
13977.68 77.28
13978.85 77.14
13980.02 77.57
13981.18 77.79
13982.34 77.89
13983.50 77.95
13984.66 76.97
13985.83 76.99
13987.00 77.49
13988.15 77.75
13989.32 77.37
13990.49 77.19
13991.66 76.59
13992.82 76.80
13993.99 76.90
13995.15 76.95
13996.32 77.97
13997.49 76.49
13998.66 77.74
13999.82 76.87
14000.99 77.94
14002.17 76.47
14003.34 78.23
14004.50 78.62
14005.66 76.31
14006.83 75.15
14008.00 75.08
14009.15 77.04
14010.31 77.52
14011.49 78.26
14012.66 76.63
14013.82 77.31
14014.99 78.16
14016.16 76.58
14017.33 75.79
14018.50 76.89
14019.66 76.45
14020.82 76.22
14021.99 75.61
14023.16 77.31
14024.33 77.65
14025.50 76.83
14026.66 77.41
14027.82 78.21
14028.99 77.60
14030.15 77.80
14031.31 78.40
14032.48 77.70
14033.64 77.85
14034.81 77.43
14035.98 77.21
14037.14 77.11
14038.31 77.05
14039.48 77.03
14040.64 76.51
14041.81 77.26
14042.98 77.63
14044.15 77.81
14045.32 76.91
14046.49 77.45
14047.66 77.23
14048.82 77.61
14049.99 77.31
14051.16 77.15
14052.33 77.08
14053.50 77.54
14054.66 77.27
14055.82 77.13
14056.99 77.07
14058.15 77.03
14059.31 77.02
14060.49 76.51
14061.66 76.75
14062.82 76.88
14063.99 77.44
14065.16 76.72
14066.33 77.36
14067.50 76.68
14068.66 76.84
14069.82 76.92
14070.99 76.96
14072.15 76.48
14073.32 76.74
14074.49 77.37
14075.66 77.18
14076.82 77.09
14077.98 77.05
14079.14 77.02
14080.30 77.01
14081.47 77.01
14082.63 77.00
14083.78 76.50
14084.94 77.25
14086.10 76.63
14087.26 77.31
14088.43 77.16
14089.61 77.08
14090.77 77.04
14091.93 76.52
14093.10 76.76
14094.26 76.88
14095.42 76.94
14096.60 76.47
14097.76 76.73
14098.93 76.87
14100.10 76.93
14101.26 76.97
14102.42 77.48
14103.60 77.24
14104.76 77.12
14105.93 77.56
14107.10 77.28
14108.26 77.64
14109.42 77.32
14110.60 77.66
14111.76 76.83
14112.93 76.92
14114.10 76.96
14115.26 76.98
14116.42 76.99
14117.60 76.49
14118.76 76.75
14119.94 76.37
14121.10 76.69
14122.26 76.84
14123.42 76.92
14124.60 76.96
14125.76 76.98
14126.92 77.49
14128.08 77.25
14129.24 77.62
14130.41 77.31
14131.58 78.16
14132.74 77.58
14133.91 77.29
14135.08 77.64
14136.24 77.32
14137.41 77.16
14138.58 77.58
14139.74 77.29
14140.91 77.15
14142.08 77.07
14143.23 77.04
14144.39 76.52
14145.56 76.26
14146.73 76.63
14147.90 76.31
14149.06 76.66
14150.22 76.83
14151.38 76.41
14152.55 77.71
14153.73 77.35
14154.90 77.18
14156.06 77.09
14157.22 77.04
14158.38 77.02
14159.54 77.51
14160.70 76.76
14161.86 76.38
14163.03 76.69
14164.19 77.34
14165.36 77.17
14166.53 76.59
14167.70 77.29
14168.86 77.15
14170.02 77.07
14171.18 77.04
14172.34 76.52
14173.50 76.76
14174.66 77.38
14175.83 77.19
14177.00 77.09
14178.15 77.05
14179.32 77.02
14180.48 77.01
14181.65 77.01
14182.82 77.50
14183.98 77.25
14185.14 77.63
14186.31 76.81
14187.48 77.41
14188.65 77.20
14189.81 77.60
14190.97 77.30
14192.13 77.65
14193.30 77.33
14194.48 77.16
14195.64 77.08
14196.80 77.04
14197.95 77.02
14199.11 77.51
14200.28 76.76
14201.45 77.38
14202.62 77.69
14203.79 77.34
14204.96 76.67
14206.13 77.34
14207.30 77.17
14208.47 77.58
14209.64 77.79
14210.80 77.40
14211.96 76.70
14213.13 76.35
14214.30 76.67
14215.46 76.84
14216.63 76.92
14217.80 76.96
14218.96 76.98
14220.12 76.99
14221.29 76.99
14222.46 76.50
14223.62 77.25
14224.79 77.12
14225.96 77.56
14227.13 76.78
14228.30 77.39
14229.46 77.20
14230.63 77.10
14231.79 77.05
14232.95 77.02
14234.11 77.01
14235.28 77.01
14236.44 77.00
14237.61 76.50
14238.77 76.75
14239.94 76.38
14241.10 77.19
14242.26 77.59
14243.42 77.80
14244.59 76.90
14245.75 76.45
14246.92 76.22
14248.09 77.11
14249.25 77.06
14250.41 77.03
14251.57 78.01
14252.73 77.51
14253.90 77.25
14255.06 77.13
14256.22 77.06
14257.38 77.03
14258.54 77.52
14259.71 76.76
14260.88 77.38
14262.04 76.69
14263.20 77.34
14264.36 77.17
14265.53 77.09
14266.69 77.04
14267.85 76.52
14269.02 76.76
14270.18 76.88
14271.34 76.44
14272.52 76.72
14273.69 76.86
14274.85 76.93
14276.01 77.47
14277.18 77.23
14278.34 77.12
14279.51 77.06
14280.67 77.03
14281.83 77.01
14282.99 77.51
14284.16 77.25
14285.33 76.63
14286.50 77.31
14287.66 76.66
14288.83 76.83
14290.00 76.91
14291.15 76.96
14292.32 76.98
14293.49 76.99
14294.65 76.99
14295.81 77.00
14296.97 77.00
14298.12 77.00
14299.28 77.00
14300.43 76.50
14301.60 76.75
14302.76 76.37
14303.93 76.69
14305.10 77.34
14306.26 76.67
14307.42 76.84
14308.60 76.92
14309.76 76.96
14310.93 76.48
14312.10 77.24
14313.26 77.12
14314.43 77.06
14315.60 77.53
14316.76 77.26
14317.93 77.13
14319.10 76.57
14320.26 77.28
14321.43 76.64
14322.61 76.82
14323.78 77.41
14324.94 77.21
14326.11 76.60
14327.27 76.80
14328.43 76.90
14329.60 77.45
14330.76 76.73
14331.93 76.36
14333.10 76.68
14334.26 77.34
14335.42 77.17
14336.60 77.59
14337.76 77.79
14338.92 77.40
14340.09 77.20
14341.24 77.10
14342.40 77.05
14343.55 77.02
14344.71 77.01
14345.87 76.51
14347.04 77.25
14348.20 76.63
14349.36 76.31
14350.53 76.66
14351.70 77.33
14352.86 77.16
14354.02 77.08
14355.18 77.04
14356.34 77.02
14357.50 76.51
14358.66 76.76
14359.83 77.38
14361.00 76.69
14362.15 76.84
14363.32 76.92
14364.49 76.46
14365.66 76.73
14366.82 76.87
14367.99 76.93
14369.16 76.97
14370.33 76.98
14371.50 76.99
14372.66 77.00
14373.82 77.00
14374.97 77.00
14376.12 77.00
14377.28 77.00
14378.43 77.50
14379.60 77.25
14380.76 77.62
14381.93 76.81
14383.10 76.41
14384.26 77.20
14385.42 77.10
14386.59 77.05
14387.75 77.03
14388.91 77.01
14390.07 77.01
14391.23 77.00
14392.39 77.00
14393.54 78.00
14394.70 77.50
14395.86 77.25
14397.02 77.13
14398.19 77.06
14399.35 78.03
14400.52 78.02
14401.68 77.51
14402.85 77.25
14404.02 76.63
14405.18 77.31
14406.34 76.66
14407.51 77.33
14408.68 76.66
14409.85 76.83
14411.01 76.92
14412.17 76.46
14413.34 76.73
14414.50 76.86
14415.66 76.93
14416.83 77.47
14418.00 77.23
14419.15 77.12
14420.32 77.56
14421.49 77.78
14422.65 77.89
14423.81 76.94
14424.98 77.47
14426.14 76.74
14427.31 76.87
14428.48 76.43
14429.65 77.22
14430.82 77.11
14431.98 76.55
14433.15 76.78
14434.32 76.89
14435.49 77.44
14436.65 77.22
14437.82 77.11
14438.98 77.06
14440.14 77.03
14441.30 77.51
14442.47 77.76
14443.65 76.88
14444.82 76.44
14445.98 77.22
14447.15 77.61
14448.32 77.30
14449.48 77.15
14450.65 77.08
14451.81 76.54
14452.98 76.77
14454.14 76.88
14455.30 76.94
14456.47 76.97
14457.64 77.49
14458.81 77.24
14459.98 77.12
14461.14 77.56
14462.31 77.78
14463.48 77.89
14464.64 76.95
14465.81 77.47
14466.98 76.74
14468.14 76.87
14469.31 76.93
14470.48 76.97
14471.64 77.98
14472.80 77.49
14473.96 77.25
14475.13 77.12
14476.30 77.06
14477.47 77.03
14478.62 77.02
14479.79 77.01
14480.95 76.50
14482.11 76.75
14483.28 76.88
14484.44 76.94
14485.61 76.97
14486.78 77.48
14487.94 77.24
14489.10 77.62
14490.26 77.31
14491.43 77.66
14492.61 77.33
14493.78 77.16
14494.94 77.08
14496.10 77.04
14497.26 77.02
14498.42 77.01
14499.59 77.01
14500.75 77.50
14501.91 76.75
14503.08 76.88
14504.24 77.44
14505.41 77.22
14506.58 77.61
14507.75 77.80
14508.91 77.40
14510.08 76.70
14511.23 76.85
14512.40 76.93
14513.56 77.96
14514.73 77.98
14515.90 77.49
14517.06 77.25
14518.22 77.12
14519.39 77.56
14520.56 77.28
14521.73 77.64
14522.90 77.82
14524.06 76.91
14525.22 76.96
14526.38 77.48
14527.55 77.74
14528.72 77.37
14529.89 77.18
14531.05 77.09
14532.20 76.55
14533.36 76.77
14534.53 77.89
14535.70 77.44
14536.86 77.22
14538.02 77.11
14539.18 77.06
14540.34 77.03
14541.50 77.01
14542.66 77.01
14543.82 77.00
14544.98 77.50
14546.14 76.75
14547.30 77.38
14548.47 77.19
14549.64 77.09
14550.80 77.05
14551.95 77.52
14553.12 77.26
14554.29 77.13
14555.47 77.07
14556.63 77.03
14557.79 77.02
14558.95 77.01
14560.11 77.00
14561.28 77.00
14562.43 77.50
14563.60 77.25
14564.76 77.63
14565.93 77.31
14567.10 77.66
14568.26 77.33
14569.42 77.16
14570.60 77.58
14571.76 77.79
14572.93 77.90
14574.09 77.45
14575.25 77.22
14576.42 77.11
14577.59 77.56
14578.76 77.28
14579.93 77.14
14581.10 77.07
14582.26 77.03
14583.42 77.52
14584.59 77.26
14585.76 77.13
14586.93 76.56
14588.10 76.78
14589.26 76.89
14590.42 76.95
14591.60 76.97
14592.76 76.99
14593.92 76.99
14595.08 77.00
14596.23 77.00
14597.39 77.00
14598.54 78.00
14599.70 78.00
14600.85 78.00
14602.00 78.00
14603.14 77.00
14604.30 77.50
14605.47 77.25
14606.63 77.62
14607.80 77.31
14608.96 77.66
14610.13 77.83
14611.30 76.91
14612.47 76.96
14613.63 76.98
14614.79 76.99
14615.95 76.99
14617.11 77.00
14618.27 77.00
14619.42 77.00
14620.59 77.50
14621.75 77.25
14622.92 77.62
14624.09 77.31
14625.25 77.16
14626.42 77.58
14627.59 77.29
14628.76 77.14
14629.93 77.07
14631.09 77.04
14632.25 77.52
14633.42 77.26
14634.59 77.13
14635.76 77.06
14636.92 77.03
14638.09 77.02
14639.24 77.01
14640.40 77.00
14641.55 76.00
14642.70 77.00
14643.86 77.00
14645.01 77.50
14646.16 77.25
14647.33 77.63
14648.50 76.81
14649.66 76.91
14650.82 76.95
14651.98 77.98
14653.14 77.49
14654.31 77.24
14655.49 77.12
14656.66 77.06
14657.82 77.03
14658.98 77.02
14660.14 77.51
14661.30 77.25
14662.47 77.63
14663.63 77.31
14664.80 77.16
14665.96 77.08
14667.12 77.54
14668.29 77.77
14669.47 76.88
14670.63 76.94
14671.80 76.47
14672.96 76.74
14674.13 76.87
14675.30 77.43
14676.46 77.72
14677.63 77.36
14678.80 77.18
14679.96 77.59
14681.13 77.29
14682.30 77.15
14683.47 77.57
14684.63 77.79
14685.80 77.89
14686.96 77.45
14688.13 77.72
14689.30 77.36
14690.46 77.68
14691.63 76.84
14692.80 76.92
14693.96 76.96
14695.12 76.98
14696.29 76.99
14697.46 77.50
14698.63 77.25
14699.80 77.12
14700.96 77.06
14702.12 77.53
14703.29 77.27
14704.46 78.13
14705.63 77.57
14706.81 78.28
14707.98 77.14
14709.14 77.57
14710.31 77.79
14711.48 77.39
14712.65 77.70
14713.81 77.85
14714.98 77.42
14716.14 77.21
14717.31 77.11
14718.49 77.05
14719.65 77.53
14720.82 77.76
14721.98 77.88
14723.14 77.94
14724.30 77.47
14725.47 78.24
14726.63 77.12
14727.80 77.06
14728.95 77.03
14730.11 77.01
14731.28 77.01
14732.45 77.00
14733.61 77.00
14734.77 77.00
14735.92 77.00
14737.07 77.00
14738.22 77.50
14739.38 77.75
14740.55 77.88
14741.72 78.44
14742.89 77.72
14744.06 77.86
14745.22 77.93
14746.38 76.96
14747.54 77.48
14748.70 77.74
14749.86 77.87
14751.02 77.94
14752.18 77.47
14753.35 77.23
14754.52 76.62
14755.69 77.31
14756.86 77.15
14758.03 77.08
14759.18 77.04
14760.34 77.02
14761.50 77.01
14762.66 77.50
14763.82 77.25
14764.99 77.63
14766.16 77.31
14767.33 77.66
14768.50 77.33
14769.66 77.16
14770.83 77.08
14771.99 78.04
14773.15 77.02
14774.31 77.01
14775.48 78.01
14776.65 78.00
14777.80 78.50
14778.95 78.75
14780.12 77.38
14781.29 76.19
14782.47 76.09
14783.63 77.05
14784.79 77.52
14785.96 78.26
14787.13 78.63
14788.30 77.32
14789.46 76.66
14790.63 76.83
14791.80 78.41
14792.96 76.71
14794.13 77.85
14795.30 76.43
14796.46 77.71
14797.63 77.36
14798.80 76.18
14799.96 77.59
14801.13 77.29
14802.30 78.65
14803.46 78.82
14804.62 78.91
14805.79 78.46
14806.96 78.23
14808.13 77.61
14809.30 76.81
14810.46 76.40
14811.62 77.20
14812.78 76.10
14813.94 77.05
14815.10 76.03
14816.26 76.51
14817.43 75.76
14818.61 77.38
14819.78 76.19
14820.94 75.09
14822.10 77.05
14823.26 77.52
14824.45 78.76
14825.62 77.88
14826.78 78.44
14827.94 76.72
14829.11 75.86
14830.28 75.93
14831.46 77.47
14832.64 77.23
14833.81 76.62
14834.98 76.81
14836.14 76.90
14837.30 75.95
14838.46 76.98
14839.63 77.99
14840.80 77.99
14841.96 78.00
14843.11 76.50
14844.28 76.25
14845.46 76.12
14846.62 75.56
14847.79 74.78
14848.96 76.89
14850.12 75.45
14851.29 75.72
14852.46 77.36
14853.62 78.18
14854.79 77.59
14855.95 76.80
14857.11 77.90
14858.27 76.45
14859.45 76.22
14860.62 76.11
14861.78 76.56
14862.95 77.28
14864.12 78.14
14865.29 78.57
14866.46 78.78
14867.62 77.39
14868.79 76.70
14869.95 76.85
14871.12 78.42
14872.29 78.71
14873.46 76.36
14874.63 76.68
14875.80 77.84
14876.96 77.42
14878.13 77.21
14879.30 78.10
14880.46 77.55
14881.62 77.28
14882.79 77.14
14883.96 76.57
14885.13 77.28
14886.30 78.14
14887.46 77.07
14888.62 79.04
14889.78 79.02
14890.94 79.01
14892.10 77.50
14893.26 78.25
14894.42 76.13
14895.60 77.56
14896.76 78.28
14897.93 78.64
14899.10 78.82
14900.26 78.91
14901.42 76.46
14902.60 76.23
14903.76 76.11
14904.93 76.06
14906.09 75.53
14907.25 77.26
14908.42 78.13
14909.60 78.07
14910.76 78.53
14911.93 78.77
14913.10 76.88
14914.26 77.94
14915.42 76.47
14916.61 77.74
14917.78 78.37
14918.94 78.68
14920.10 76.84
14921.26 76.42
14922.44 76.71
14923.61 76.36
14924.78 77.18
14925.95 78.09
14927.11 77.04
14928.27 76.52
14929.45 76.76
14930.62 76.88
14931.78 78.94
14932.94 77.97
14934.10 76.49
14935.27 76.74
14936.45 77.87
14937.62 76.44
14938.78 76.22
14939.95 76.61
14941.12 77.80
14942.28 75.90
14943.45 77.45
14944.62 77.23
14945.78 78.11
14946.95 77.06
14948.11 75.53
14949.28 75.26
14950.46 76.13
14951.62 78.07
14952.78 76.53
14953.95 78.27
14955.12 78.63
14956.29 79.32
14957.46 78.66
14958.62 78.33
14959.79 77.16
14960.96 75.58
14962.13 77.79
14963.30 76.90
14964.46 75.95
14965.62 77.47
14966.79 76.24
14967.96 75.62
