20191.12 416.00
20192.33 415.00
20193.53 416.00
20194.73 416.50
20195.94 418.75
20197.15 419.38
20198.36 419.19
20199.58 417.59
20200.79 415.30
20202.00 415.15
20203.20 415.07
20204.41 416.54
20205.62 418.27
20206.83 420.13
20208.05 419.57
20209.26 417.78
20210.47 416.89
20211.68 414.95
20212.90 414.47
20214.11 416.24
20215.33 417.62
20216.54 418.81
20217.75 419.40
20218.96 418.20
20220.16 416.10
20221.37 415.05
20222.58 414.53
20223.80 415.26
20225.00 417.13
20226.21 418.57
20227.43 419.28
20228.64 418.64
20229.84 417.32
20231.06 415.66
20232.27 414.83
20233.48 414.92
20234.69 416.46
20235.91 418.73
20237.12 419.86
20238.34 418.93
20239.55 416.97
20240.76 415.98
20241.97 414.49
20243.17 414.25
20244.39 415.12
20245.60 418.06
20246.80 419.03
20248.00 419.52
20249.20 417.76
20250.41 415.88
20251.62 414.94
20252.84 414.47
20254.06 414.73
20255.27 417.37
20256.49 418.68
20257.69 419.34
20258.91 418.17
20260.12 417.09
20261.33 415.04
20262.54 414.52
20263.75 415.26
20264.96 416.63
20266.17 418.82
20267.39 418.91
20268.60 418.95
20269.81 417.48
20271.02 415.74
20272.23 414.37
20273.44 415.18
20274.65 416.59
20275.86 417.80
20277.08 418.90
20278.28 418.45
20279.49 416.72
20280.70 415.86
20281.92 413.93
20283.13 413.97
20284.35 415.48
20285.57 417.24
20286.78 419.12
20287.99 418.56
20289.20 417.78
20290.41 416.39
20291.62 415.20
20292.83 414.60
20294.05 415.80
20295.25 416.90
20296.44 418.45
20297.65 419.22
20298.86 418.11
20300.08 417.06
20301.28 415.03
20302.49 414.51
20303.71 415.26
20304.92 416.63
20306.13 417.81
20307.35 418.41
20308.57 418.70
20309.77 416.85
20310.98 415.93
20312.20 423.46
20313.41 433.73
20314.62 442.87
20315.83 450.43
20317.05 455.72
20318.26 459.86
20319.47 461.43
20320.68 462.71
20321.90 462.86
20323.11 464.43
20324.33 466.71
20325.55 469.36
20326.76 470.68
20327.97 471.34
20329.18 470.67
20330.39 469.83
20331.60 469.92
20332.81 469.96
20334.02 470.48
20335.23 472.74
20336.44 474.37
20337.66 475.68
20338.87 474.84
20340.08 473.92
20341.29 472.96
20342.50 472.48
20343.70 472.24
20344.92 474.12
20346.13 475.06
20347.34 475.53
20348.55 475.77
20349.76 474.88
20350.98 473.94
20352.19 472.47
20353.40 473.24
20354.60 474.12
20355.81 476.06
20357.03 477.53
20358.24 476.76
20359.45 475.88
20360.66 473.94
20361.87 473.47
20363.08 473.24
20364.30 474.62
20365.51 476.31
20366.73 477.65
20367.94 476.83
20369.15 476.41
20370.36 475.21
20371.59 473.60
20372.80 473.30
20374.00 474.65
20375.20 475.83
20376.41 476.91
20377.62 476.96
20378.83 476.98
20380.05 475.49
20381.25 474.74
20382.46 474.37
20383.68 474.19
20384.90 476.59
20386.11 477.30
20387.32 478.15
20388.53 477.07
20389.74 476.04
20390.95 474.52
20392.16 474.76
20393.38 474.88
20394.59 475.44
20395.80 477.22
20397.00 478.11
20398.21 478.55
20399.43 477.78
20400.65 475.89
20401.85 474.44
20403.07 474.72
20404.28 475.86
20405.49 476.93
20406.70 478.47
20407.91 478.73
20409.12 477.37
20410.34 475.68
20411.56 474.84
20412.76 474.42
20413.97 475.71
20415.18 476.36
20416.40 478.18
20417.60 478.09
20418.81 477.54
20420.03 476.77
20421.24 474.89
20422.45 473.94
20423.66 474.97
20424.88 476.99
20426.09 477.99
20427.29 478.00
20428.49 477.50
20429.70 476.75
20430.92 475.37
20432.13 474.19
20433.35 474.59
20434.56 475.80
20435.76 477.90
20436.97 478.95
20438.19 477.97
20439.40 477.49
20440.60 476.24
20441.81 474.62
20443.04 474.31
20444.25 475.66
20445.45 477.83
20446.66 478.91
20447.87 478.46
20449.09 477.73
20450.31 476.36
20451.52 474.68
20452.73 475.34
20453.95 476.17
20455.16 477.09
20456.36 478.04
20457.57 478.02
20458.78 477.51
20459.99 476.76
20461.20 474.88
20462.41 474.94
20463.63 475.47
20464.84 476.23
20466.06 478.12
20467.27 479.06
20468.48 478.03
20469.68 477.51
20470.91 475.26
20472.12 474.13
20473.34 474.06
20474.55 476.03
20475.76 478.02
20476.97 479.01
20478.17 479.00
20479.37 478.00
20480.57 476.00
20481.77 475.00
20482.97 475.50
20484.17 475.75
20485.38 477.88
20486.59 478.94
20487.80 478.47
20489.00 478.23
20490.20 477.12
20491.42 475.56
20492.63 475.28
20493.84 476.14
20495.05 477.57
20496.25 478.78
20497.46 479.39
20498.67 478.70
20499.88 476.85
20501.09 475.92
20502.29 474.96
20503.50 474.98
20504.71 476.99
20505.92 478.00
20507.12 478.50
20508.33 478.25
20509.54 476.62
20510.75 475.81
20511.96 471.91
20513.17 464.45
20514.38 457.23
20515.59 452.11
20516.80 447.56
20518.00 443.78
20519.20 438.89
20520.41 434.94
20521.61 430.97
20522.82 428.49
20524.04 428.24
20525.25 428.62
20526.45 428.81
20527.66 428.91
20528.87 427.95
20530.08 425.98
20531.28 424.49
20532.49 422.74
20533.70 422.87
20534.91 423.44
20536.12 424.22
20537.34 425.11
20538.56 424.55
20539.76 423.28
20540.97 421.14
20542.18 419.57
20543.39 419.78
20544.60 421.39
20545.80 422.20
20547.00 423.60
20548.19 423.80
20549.39 421.90
20550.60 420.45
20551.81 418.72
20553.03 418.36
20554.24 420.18
20555.44 421.09
20556.65 422.05
20557.85 422.52
20559.07 421.26
20560.28 419.13
20561.49 417.57
20562.70 416.78
20563.91 418.39
20565.12 419.70
20566.33 421.85
20567.54 421.92
20568.75 420.96
20569.96 419.48
20571.16 417.74
20572.37 416.87
20573.58 417.44
20574.79 419.22
20576.00 420.61
20577.20 421.30
20578.40 421.15
20579.60 419.08
20580.81 417.54
20582.03 416.77
20583.24 416.88
20584.45 417.94
20585.66 419.47
20586.87 420.74
20588.08 420.87
20589.28 420.43
20590.49 418.22
20591.70 417.11
20592.91 416.05
20594.12 417.53
20595.33 419.26
20596.54 421.13
20597.75 421.07
20598.96 420.03
20600.16 418.02
20601.37 417.51
20602.59 416.75
20603.80 417.88
20605.00 418.94
20606.20 420.47
20607.41 421.23
20608.62 420.12
20609.84 418.56
20611.05 417.78
20612.26 416.89
20613.47 416.44
20614.68 418.22
20615.89 420.11
20617.10 420.56
20618.31 420.28
20619.52 418.64
20620.73 417.32
20621.95 415.66
20623.16 415.83
20624.38 417.41
20625.59 418.71
20626.80 420.35
20628.00 420.18
20629.20 419.59
20630.41 417.29
20631.62 417.15
20632.84 416.57
20634.05 417.29
20635.26 418.64
20636.47 419.82
20637.68 419.91
20638.90 418.96
20640.11 417.98
20641.32 416.49
20642.52 416.24
20643.73 416.62
20644.94 418.31
20646.15 420.66
20647.36 420.83
20648.57 420.41
20649.78 418.71
20650.99 417.35
20652.20 415.68
20653.41 416.34
20654.62 417.67
20655.83 419.33
20657.05 420.67
20658.26 420.33
20659.47 419.17
20660.68 417.58
20661.90 416.29
20663.11 416.65
20664.33 417.82
20665.54 418.91
20666.75 419.96
20667.96 420.48
20669.16 419.24
20670.38 417.62
20671.59 416.81
20672.80 416.90
20674.00 417.45
20675.20 419.23
20676.41 420.61
20677.62 420.31
20678.84 419.15
20680.06 417.08
20681.26 416.54
20682.47 415.27
20683.68 416.13
20684.89 417.57
20686.10 419.28
20687.31 419.64
20688.52 419.32
20689.73 417.66
20690.94 416.33
20692.16 415.67
20693.37 415.83
20694.58 417.42
20695.79 418.71
20697.00 419.35
20698.20 419.68
20699.41 417.34
20700.62 416.67
20701.83 415.33
20703.05 415.67
20704.26 416.33
20705.48 417.67
20706.68 418.83
20707.90 419.42
20709.11 418.21
20710.33 416.10
20711.53 415.55
20712.74 421.78
20713.95 432.89
20715.16 442.44
20716.37 451.22
20717.58 456.61
20718.79 459.31
20720.00 461.15
20721.20 462.08
20722.41 463.54
20723.62 465.77
20724.83 467.38
20726.05 470.19
20727.25 471.60
20728.46 471.30
20729.67 471.15
20730.90 470.57
20732.10 470.29
20733.31 470.64
20734.52 472.32
20735.73 474.16
20736.95 475.08
20738.15 475.54
20739.36 473.77
20740.57 473.39
20741.78 472.69
20742.99 471.85
20744.20 473.42
20745.41 474.71
20746.62 475.86
20747.83 476.43
20749.05 476.21
20750.26 474.11
20751.49 473.55
20752.70 472.78
20753.91 473.89
20755.12 474.94
20756.33 476.47
20757.54 477.24
20758.75 476.12
20759.97 475.06
20761.17 474.53
20762.39 473.76
20763.60 473.88
20764.81 475.44
20766.03 476.72
20767.24 477.86
20768.44 477.43
20769.65 476.72
20770.87 474.36
20772.08 474.68
20773.28 474.34
20774.49 475.67
20775.70 477.33
20776.91 478.67
20778.12 477.83
20779.34 476.92
20780.55 475.46
20781.76 473.73
20782.97 474.36
20784.18 475.68
20785.39 476.34
20786.60 477.17
20787.81 477.59
20789.03 477.29
20790.24 475.65
20791.45 474.82
20792.66 473.91
20793.87 474.96
20795.08 476.98
20796.28 478.49
20797.49 478.74
20798.70 477.37
20799.91 476.19
20801.12 475.09
20802.33 474.55
20803.54 474.27
20804.76 476.14
20805.97 477.07
20807.17 477.53
20808.38 477.27
20809.59 476.13
20810.80 475.57
20812.01 474.78
20813.21 474.39
20814.42 476.20
20815.63 477.10
20816.84 477.55
20818.06 477.77
20819.26 476.39
20820.47 476.19
20821.68 474.60
20822.89 474.80
20824.09 475.40
20825.29 477.20
20826.50 478.60
20827.70 478.80
20828.90 478.40
20830.10 476.20
20831.30 475.60
20832.50 474.80
20833.70 474.90
20834.90 475.95
20836.10 477.98
20837.31 478.99
20838.52 478.99
20839.73 478.00
20840.93 475.50
20842.14 475.25
20843.36 475.62
20844.57 476.31
20845.78 478.16
20846.99 479.08
20848.19 478.54
20849.40 477.27
20850.60 476.13
20851.81 475.07
20853.03 475.53
20854.24 475.77
20855.44 477.88
20856.65 478.94
20857.86 478.47
20859.08 478.24
20860.29 477.12
20861.50 475.06
20862.70 475.53
20863.91 475.76
20865.12 477.88
20866.33 479.44
20867.54 478.72
20868.75 478.86
20869.96 476.93
20871.17 475.47
20872.39 475.73
20873.60 475.87
20874.81 477.93
20876.03 478.97
20877.24 479.48
20878.44 478.24
20879.65 477.62
20880.86 475.81
20882.08 475.41
20883.28 475.20
20884.49 476.60
20885.69 478.30
20886.90 479.15
20888.11 478.58
20889.33 477.79
20890.54 476.89
20891.75 475.45
20892.96 474.72
20894.16 476.36
20895.37 478.68
20896.58 479.84
20897.79 478.92
20899.01 478.96
20900.21 476.48
20901.42 475.74
20902.63 474.87
20903.84 475.94
20905.06 477.47
20906.27 478.73
20907.48 479.37
20908.68 478.18
20909.90 477.59
20911.10 475.80
20912.31 475.40
20913.52 469.70
20914.73 461.85
20915.94 456.42
20917.15 451.21
20918.36 445.61
20919.58 439.80
20920.78 434.90
20921.98 431.95
20923.19 429.98
20924.40 429.99
20925.60 429.99
20926.81 430.00
20928.02 429.00
20929.21 427.50
20930.42 425.75
20931.63 423.37
20932.84 422.69
20934.05 423.84
20935.25 424.92
20936.46 425.96
20937.67 425.98
20938.89 423.99
20940.10 422.50
20941.30 420.25
20942.51 419.12
20943.73 420.56
20944.94 421.28
20946.15 423.14
20947.36 423.07
20948.57 422.04
20949.78 420.52
20950.99 418.76
20952.20 417.88
20953.41 417.94
20954.62 420.47
20955.83 422.23
20957.05 422.62
20958.26 421.81
20959.47 420.90
20960.68 418.45
20961.89 417.23
20963.10 416.61
20964.31 417.81
20965.52 420.40
20966.73 421.70
20967.93 421.35
20969.14 420.18
20970.36 418.09
20971.57 417.04
20972.77 416.52
20973.98 417.76
20975.19 419.38
20976.40 420.69
20977.60 421.35
20978.81 420.17
20980.04 418.59
20981.25 416.79
20982.45 416.90
20983.65 417.95
20984.86 419.47
20986.08 420.74
20987.28 421.37
20988.49 420.68
20989.70 419.34
20990.91 417.67
20992.12 416.84
20993.34 416.42
20994.55 418.21
20995.76 420.60
20996.97 421.30
20998.17 420.65
20999.38 419.83
21000.59 417.41
21001.80 417.21
21003.01 416.60
21004.21 417.80
21005.42 418.90
21006.62 419.95
21007.83 419.98
21009.05 419.99
21010.25 417.49
21011.47 416.75
21012.68 415.87
21013.89 417.44
21015.10 419.22
21016.31 420.11
21017.52 420.55
21018.73 419.78
21019.94 418.39
21021.15 416.69
21022.36 416.35
21023.57 416.67
21024.78 417.84
21025.99 419.42
21027.20 421.21
21028.41 420.10
21029.61 418.55
21030.82 416.78
21032.04 415.89
21033.25 416.44
21034.45 417.22
21035.66 419.11
21036.89 420.56
21038.10 420.78
21039.31 418.89
21040.52 416.94
21041.73 415.47
21042.94 415.74
21044.15 416.87
21045.36 418.43
21046.57 419.22
21047.78 420.11
21048.99 419.05
21050.19 417.53
21051.41 415.76
21052.62 415.38
21053.83 415.69
21055.05 417.85
21056.25 419.42
21057.46 419.71
21058.67 419.36
21059.89 417.18
21061.10 415.59
21062.31 415.79
21063.52 415.90
21064.73 417.45
21065.94 418.72
21067.15 419.36
21068.36 419.18
21069.57 418.09
21070.77 416.05
21071.98 416.02
21073.19 416.01
21074.40 417.01
21075.60 419.50
21076.80 420.25
21078.02 420.63
21079.23 418.81
21080.44 416.91
21081.65 415.95
21082.86 415.48
21084.08 416.74
21085.28 418.87
21086.49 420.93
21087.70 420.47
21088.91 419.73
21090.12 417.37
21091.34 416.68
21092.55 415.34
21093.76 416.17
21094.97 418.09
21096.17 419.54
21097.38 419.77
21098.59 418.89
21099.80 417.44
21101.01 415.72
21102.22 414.86
21103.43 415.93
21104.64 417.47
21105.85 419.23
21107.07 420.12
21108.28 419.56
21109.49 418.28
21110.70 416.14
21111.91 415.07
21113.12 416.53
21114.33 428.27
21115.55 440.13
21116.76 449.07
21117.97 455.03
21119.18 458.02
21120.39 460.01
21121.60 461.50
21122.80 462.75
21124.01 464.88
21125.22 468.44
21126.43 470.72
21127.64 471.86
21128.84 471.43
21130.06 470.21
21131.27 470.11
21132.49 470.55
21133.70 470.78
21134.90 472.89
21136.10 474.94
21137.30 475.97
21138.50 475.49
21139.71 474.74
21140.92 473.37
21142.12 472.19
21143.34 472.59
21144.55 474.30
21145.76 476.15
21146.97 476.57
21148.18 476.79
21149.39 475.89
21150.60 473.95
21151.81 473.97
21153.03 473.99
21154.24 475.49
21155.44 477.25
21156.65 478.12
21157.89 478.06
21159.09 477.03
21160.29 475.02
21161.50 474.01
21162.70 474.00
21163.89 474.50
21165.09 476.75
21166.29 477.88
21167.50 477.94
21168.70 477.97
21169.90 475.98
21171.10 475.49
21172.31 474.75
21173.52 475.87
21174.73 476.94
21175.94 477.97
21177.15 478.48
21178.36 478.74
21179.57 477.87
21180.78 476.44
21182.00 475.22
21183.20 474.61
21184.41 476.30
21185.62 478.15
21186.83 479.08
21188.05 479.04
21189.25 478.02
21190.45 476.51
21191.67 475.75
21192.89 474.88
21194.10 475.44
21195.31 476.72
21196.52 477.86
21197.73 478.43
21198.94 477.71
21200.15 475.86
21201.36 475.43
21202.57 475.21
21203.78 475.61
21205.00 477.30
21206.20 478.65
21207.41 479.33
21208.62 478.66
21209.83 476.83
21211.05 475.92
21212.25 475.46
21213.46 475.23
21214.68 477.11
21215.89 478.56
21217.10 479.28
21218.31 479.14
21219.53 478.07
21220.74 476.53
21221.95 474.77
21223.16 475.38
21224.37 476.69
21225.58 477.85
21226.79 478.92
21228.00 478.96
21229.20 477.98
21230.41 476.99
21231.62 475.00
21232.83 474.50
21234.05 475.25
21235.25 477.62
21236.46 478.31
21237.67 479.16
21238.89 477.58
21240.10 476.29
21241.31 475.64
21242.52 475.32
21243.74 475.16
21244.96 477.08
21246.16 478.54
21247.37 478.77
21248.58 478.89
21249.79 477.44
21251.00 475.72
21252.20 474.86
21253.41 475.43
21254.62 476.72
21255.84 477.86
21257.05 479.43
21258.26 478.71
21259.47 477.36
21260.68 476.18
21261.89 475.59
21263.10 475.79
21264.31 476.90
21265.52 478.45
21266.73 479.22
21267.94 479.61
21269.15 478.31
21270.36 477.15
21271.58 476.08
21272.79 475.04
21274.00 475.52
21275.20 477.26
21276.41 478.63
21277.63 478.81
21278.84 477.91
21280.06 476.95
21281.26 475.98
21282.47 475.99
21283.68 476.49
21284.89 477.25
21286.10 478.62
21287.31 479.31
21288.52 479.16
21289.74 478.08
21290.95 476.54
21292.16 475.77
21293.38 475.88
21294.59 476.44
21295.80 477.72
21297.01 478.36
21298.22 478.18
21299.43 477.09
21300.64 476.05
21301.84 475.52
21303.06 475.76
21304.27 476.38
21305.49 477.69
21306.69 478.85
21307.90 478.42
21309.11 477.21
21310.33 475.61
21311.54 474.80
21312.75 475.40
21313.96 472.70
21315.16 466.35
21316.38 459.68
21317.59 452.84
21318.81 445.92
21320.03 439.96
21321.24 435.48
21322.44 432.24
21323.65 430.62
21324.87 431.31
21326.08 431.65
21327.28 431.33
21328.50 430.16
21329.71 427.58
21330.92 425.29
21332.13 424.15
21333.35 423.07
21334.56 424.04
21335.76 425.52
21336.97 426.26
21338.18 425.13
21339.40 423.06
21340.60 421.03
21341.80 420.02
21343.00 420.01
21344.20 420.50
21345.41 421.75
21346.62 423.38
21347.83 423.69
21349.05 422.34
21350.25 420.17
21351.46 418.59
21352.67 418.29
21353.89 419.15
21355.09 420.57
21356.29 422.29
21357.50 423.14
21358.71 422.07
21359.92 420.04
21361.12 418.52
21362.34 418.26
21363.56 418.13
21364.77 419.56
21365.98 421.78
21367.19 422.39
21368.40 421.70
21369.60 420.35
21370.81 418.67
21372.04 417.34
21373.25 417.67
21374.45 418.83
21375.66 420.92
21376.88 421.46
21378.08 421.73
21379.28 420.36
21380.49 418.18
21381.70 416.59
21382.90 416.80
21384.10 417.90
21385.30 420.45
21386.51 421.72
21387.72 421.86
21388.92 419.93
21390.13 418.47
21391.35 416.73
21392.57 416.87
21393.77 416.93
21394.98 418.47
21396.19 420.23
21397.40 421.62
21398.60 420.31
21399.81 418.65
21401.04 416.83
21402.25 416.41
21403.45 417.71
21404.67 418.85
21405.89 420.93
21407.09 421.46
21408.29 420.73
21409.50 419.37
21410.71 417.18
21411.92 416.59
21413.13 416.30
21414.34 417.65
21415.55 419.82
21416.76 420.91
21417.97 420.46
21419.18 419.73
21420.39 417.36
21421.60 416.68
21422.81 416.34
21424.03 417.17
21425.24 419.09
21426.44 420.54
21427.65 420.77
21428.87 419.39
21430.08 417.69
21431.29 416.85
21432.50 416.42
21433.71 416.71
21434.92 418.36
21436.14 420.18
21437.36 421.59
21438.57 420.79
21439.78 418.40
21441.00 417.20
21442.20 415.60
21443.40 416.30
21444.60 417.15
21445.81 420.07
21447.03 421.04
21448.23 420.52
21449.44 419.26
21450.65 417.13
21451.88 416.56
21453.08 416.28
21454.28 417.14
21455.49 419.07
21456.70 420.54
21457.91 420.27
21459.12 419.13
21460.34 417.57
21461.55 416.28
21462.76 415.64
21463.97 417.32
21465.18 419.16
21466.39 420.58
21467.60 420.79
21468.81 419.90
21470.03 417.95
21471.24 415.97
21472.45 415.99
21473.66 416.49
21474.88 418.25
21476.08 420.12
21477.29 420.56
21478.50 420.28
21479.71 419.14
21480.92 417.57
21482.13 416.29
21483.35 416.64
21484.56 418.32
21485.76 420.16
21486.97 421.08
21488.17 420.04
21489.38 418.52
21490.59 417.26
21491.80 416.13
21493.01 415.57
21494.22 416.78
21495.43 418.89
21496.64 419.95
21497.86 419.97
21499.07 418.49
21500.28 416.74
21501.49 415.37
21502.70 415.19
21503.91 416.09
21505.12 417.55
21506.33 419.77
21507.54 420.39
21508.75 419.19
21509.96 417.60
21511.17 416.30
21512.38 415.15
21513.59 416.07
21514.79 425.54
21516.00 437.27
21517.20 446.63
21518.41 452.32
21519.63 455.16
21520.84 457.58
21522.06 460.29
21523.27 463.14
21524.48 465.07
21525.68 468.54
21526.89 469.77
21528.10 470.88
21529.30 470.94
21530.50 470.47
21531.71 469.24
21532.92 470.12
21534.13 471.06
21535.34 473.53
21536.56 475.26
21537.76 476.13
21538.99 474.57
21540.20 473.28
21541.41 473.14
21542.62 472.07
21543.83 473.54
21545.05 474.27
21546.26 475.63
21547.47 476.82
21548.68 476.91
21549.89 475.95
21551.10 473.98
21552.31 473.99
21553.52 474.49
21554.73 476.25
21555.94 478.12
21557.15 478.06
21558.36 478.03
21559.57 476.02
21560.77 475.01
21561.99 474.00
21563.19 474.00
21564.39 475.50
21565.60 477.75
21566.81 477.88
21568.03 478.44
21569.24 477.22
21570.45 476.11
21571.67 474.55
21572.88 474.28
21574.08 475.14
21575.29 477.57
21576.50 478.28
21577.70 479.14
21578.91 477.57
21580.12 476.79
21581.33 474.89
21582.54 474.45
21583.75 475.72
21584.97 477.36
21586.17 478.18
21587.38 479.09
21588.58 478.05
21589.79 477.02
21591.00 475.51
21592.21 475.26
21593.43 476.13
21594.65 477.56
21595.87 479.28
21597.08 480.14
21598.28 478.57
21599.49 477.29
21600.71 475.64
21601.92 475.32
21603.13 475.16
21604.35 476.58
21605.57 477.79
21606.77 478.90
21607.99 478.45
21609.20 477.72
21610.41 475.86
21611.62 475.43
21612.83 475.72
21614.05 476.86
21615.25 478.43
21616.46 478.71
21617.67 479.36
21618.89 478.68
21620.09 476.34
21621.30 475.67
21622.51 474.83
21623.72 475.92
21624.93 477.96
21626.14 479.48
21627.35 480.24
21628.56 478.62
21629.76 477.81
21630.99 475.90
21632.19 475.45
21633.40 476.23
21634.60 477.61
21635.81 478.81
21637.04 479.90
21638.24 478.95
21639.44 477.98
21640.65 476.99
21641.87 475.99
21643.08 475.50
21644.28 476.75
21645.49 477.87
21646.70 478.44
21647.91 479.22
21649.12 477.61
21650.34 476.80
21651.55 475.40
21652.76 475.70
21653.97 476.85
21655.17 477.93
21656.39 478.46
21657.60 479.23
21658.81 478.62
21660.03 477.31
21661.24 476.15
21662.45 476.08
21663.66 477.04
21664.87 477.52
21666.08 479.26
21667.29 479.13
21668.51 479.06
21669.72 478.03
21670.92 476.02
21672.13 475.01
21673.34 475.00
21674.54 476.00
21675.74 477.50
21676.95 478.25
21678.16 478.63
21679.37 477.81
21680.59 476.91
21681.80 474.95
21683.01 475.48
21684.23 476.74
21685.44 477.87
21686.65 479.43
21687.87 478.72
21689.08 478.36
21690.29 477.68
21691.50 476.34
21692.71 476.67
21693.92 477.33
21695.13 478.67
21696.35 478.83
21697.56 479.92
21698.76 478.46
21699.98 477.73
21701.19 475.86
21702.40 474.93
21703.60 475.47
21704.81 477.73
21706.04 479.37
21707.25 479.18
21708.45 479.59
21709.66 477.80
21710.87 476.90
21712.08 475.45
21713.28 475.72
21714.49 476.86
21715.70 471.43
21716.91 464.22
21718.12 456.61
21719.34 448.30
21720.55 442.15
21721.76 437.58
21722.99 435.29
21724.20 433.64
21725.41 433.82
21726.62 433.41
21727.84 431.71
21729.06 429.35
21730.27 426.18
21731.49 424.59
21732.70 423.29
21733.91 423.65
21735.12 425.32
21736.34 425.66
21737.55 426.33
21738.76 425.17
21739.98 423.08
21741.18 421.04
21742.39 420.52
21743.61 421.76
21744.82 422.88
21746.04 423.44
21747.25 423.72
21748.45 423.36
21749.66 421.18
21750.88 419.09
21752.08 418.54
21753.28 419.77
21754.49 420.39
21755.70 422.19
21756.91 423.10
21758.12 422.05
21759.33 420.52
21760.55 419.26
21761.76 417.63
21762.97 417.82
21764.17 418.41
21765.38 420.70
21766.58 421.35
21767.79 422.18
21769.00 421.09
21770.20 418.54
21771.41 418.27
21772.62 417.64
21773.83 418.32
21775.05 420.16
21776.26 421.58
21777.47 421.79
21778.68 420.89
21779.89 418.95
21781.09 417.97
21782.29 416.49
21783.50 417.74
21784.71 418.87
21785.92 420.44
21787.12 421.22
21788.34 421.11
21789.56 419.55
21790.76 417.28
21791.99 417.14
21793.20 417.07
21794.40 418.03
21795.60 420.02
21796.80 421.51
21798.02 421.25
21799.23 420.13
21800.44 418.06
21801.65 417.53
21802.87 416.77
21804.08 417.38
21805.28 419.19
21806.49 420.60
21807.69 420.80
21808.89 420.40
21810.09 417.70
21811.29 416.85
21812.50 415.92
21813.70 416.46
21814.90 419.23
21816.11 420.12
21817.33 420.06
21818.54 420.03
21819.75 417.51
21820.97 415.76
21822.18 416.38
21823.39 416.69
21824.60 418.34
21825.81 419.67
21827.03 420.34
21828.24 420.67
21829.44 418.83
21830.66 416.42
21831.87 416.21
21833.08 415.60
21834.28 416.80
21835.49 418.90
21836.69 419.95
21837.90 420.48
21839.11 419.24
21840.33 417.62
21841.54 415.81
21842.75 415.90
21843.96 416.95
21845.17 418.48
21846.38 420.24
21847.59 420.12
21848.80 419.06
21850.00 418.03
21851.20 416.51
21852.41 415.26
21853.62 416.13
21854.84 418.06
21856.05 419.53
21857.26 420.27
21858.48 420.63
21859.68 418.82
21860.89 416.91
21862.10 415.45
21863.31 415.73
21864.52 417.36
21865.73 418.68
21866.94 419.84
21868.15 419.92
21869.36 418.46
21870.57 417.23
21871.78 415.62
21873.00 415.81
21874.20 416.90
21875.41 418.45
21876.62 419.73
21877.84 419.86
21879.05 419.43
21880.26 417.22
21881.48 415.61
21882.69 416.30
21883.91 416.65
21885.12 418.33
21886.33 419.66
21887.54 420.33
21888.75 418.67
21889.97 416.83
21891.17 416.42
21892.39 416.21
21893.60 416.10
21894.81 418.05
21896.02 419.53
21897.23 420.26
21898.44 419.13
21899.65 417.07
21900.86 416.53
21902.08 415.27
21903.28 416.13
21904.49 418.07
21905.70 419.53
21906.91 420.77
21908.12 419.38
21909.33 418.19
21910.55 416.10
21911.76 415.05
21912.97 415.52
21914.17 416.76
21915.38 419.88
21916.59 431.44
21917.80 442.22
21919.01 448.61
21920.22 452.31
21921.44 455.65
21922.65 458.83
21923.86 462.41
21925.08 465.21
21926.28 468.60
21927.49 469.80
21928.69 470.40
21929.89 470.70
21931.09 469.35
21932.30 469.68
21933.51 470.84
21934.72 472.42
21935.93 474.71
21937.15 474.85
21938.36 475.43
21939.58 474.71
21940.79 473.36
21942.01 473.18
21943.22 473.09
21944.43 474.54
21945.64 476.77
21946.85 477.39
21948.07 477.19
21949.28 475.60
21950.49 474.30
21951.69 474.15
21952.91 474.07
21954.12 475.04
21955.33 477.02
21956.53 477.51
21957.75 477.25
21958.97 476.63
21960.18 475.31
21961.40 475.16
21962.60 475.08
21963.81 475.04
21965.02 477.02
21966.22 479.01
21967.43 478.50
21968.64 478.25
21969.85 477.13
21971.08 475.06
21972.28 474.53
21973.49 474.77
21974.70 476.38
21975.91 477.19
21977.12 478.60
21978.33 478.30
21979.54 477.65
21980.75 475.82
21981.96 475.41
21983.17 475.21
21984.40 476.60
21985.60 478.30
21986.80 478.65
21988.01 478.83
21989.22 477.91
21990.44 476.96
21991.65 475.98
21992.86 475.49
21994.07 476.24
21995.28 478.12
21996.49 479.06
21997.70 478.53
21998.91 477.77
22000.12 476.88
22001.33 475.44
22002.54 474.72
22003.75 475.36
22004.96 476.68
22006.16 477.84
22007.37 478.92
22008.58 477.46
22009.79 476.23
22011.01 475.11
22012.22 475.06
22013.43 475.53
22014.65 476.76
22015.86 477.88
22017.07 478.94
22018.27 477.97
22019.48 476.99
22020.68 475.49
22021.89 474.75
22023.10 475.37
22024.32 476.69
22025.52 477.34
22026.73 478.17
22027.95 478.59
22029.16 477.79
22030.37 475.90
22031.58 475.45
22032.79 474.72
22034.00 475.36
22035.20 477.18
22036.41 478.09
22037.62 479.05
22038.83 477.52
22040.05 475.76
22041.26 475.38
22042.47 475.19
22043.68 475.10
22044.89 477.05
22046.09 478.52
22047.30 479.26
22048.51 478.13
22049.73 477.07
22050.94 475.03
22052.15 474.52
22053.36 475.26
22054.57 477.13
22055.79 477.56
22057.00 478.78
22058.20 478.39
22059.41 477.20
22060.62 476.10
22061.83 475.05
22063.05 475.52
22064.26 475.76
22065.47 477.88
22066.68 478.44
22067.89 478.22
22069.09 477.61
22070.30 476.81
22071.51 475.90
22072.72 475.45
22073.92 475.73
22075.14 477.36
22076.36 478.68
22077.57 478.84
22078.78 478.42
22080.00 476.21
22081.20 475.11
22082.41 475.05
22083.62 476.03
22084.83 477.01
22086.05 478.01
22087.25 478.00
22088.44 478.00
22089.65 476.50
22090.86 475.75
22092.07 474.38
22093.28 475.19
22094.49 476.59
22095.69 478.30
22096.91 479.15
22098.12 479.07
22099.33 478.04
22100.54 476.52
22101.75 475.26
22102.97 475.63
22104.19 476.31
22105.41 478.16
22106.62 479.08
22107.84 479.04
22109.05 478.02
22110.25 476.51
22111.45 474.75
22112.66 475.38
22113.87 475.69
22115.08 477.34
22116.28 473.17
22117.50 465.09
22118.70 457.04
22119.90 449.02
22121.10 442.51
22122.31 437.76
22123.53 434.88
22124.74 433.94
22125.95 433.97
22127.16 432.48
22128.37 431.24
22129.58 428.12
22130.79 426.06
22132.00 424.53
22133.20 424.27
22134.41 424.63
22135.62 425.82
22136.84 425.91
22138.05 425.45
22139.26 423.23
22140.48 421.61
22141.69 420.31
22142.91 420.15
22144.12 420.58
22145.33 422.29
22146.54 423.64
22147.75 423.82
22148.97 422.41
22150.18 420.21
22151.40 419.10
22152.60 418.05
22153.80 419.03
22155.00 421.01
22156.20 422.51
22157.41 422.25
22158.62 421.63
22159.84 419.81
22161.05 418.41
22162.26 416.70
22163.47 417.85
22164.68 419.43
22165.89 421.21
22167.09 422.11
22168.30 421.55
22169.51 419.28
22170.73 417.14
22171.94 416.57
22173.15 417.28
22174.36 419.14
22175.57 420.57
22176.78 421.29
22178.00 421.14
22179.20 419.57
22180.41 418.29
22181.62 416.64
22182.84 416.32
22184.05 417.16
22185.26 419.58
22186.47 420.79
22187.68 421.40
22188.89 420.20
22190.09 418.60
22191.29 417.30
22192.50 417.15
22193.71 417.07
22194.92 419.04
22196.12 420.52
22197.34 420.76
22198.55 420.38
22199.76 418.19
22200.98 416.59
22202.19 416.30
22203.40 416.65
22204.60 418.32
22205.81 420.16
22207.04 420.58
22208.25 420.79
22209.45 418.90
22210.66 416.95
22211.87 415.47
22213.08 416.24
22214.28 417.62
22215.49 419.31
22216.71 420.15
22217.92 420.58
22219.13 419.29
22220.35 417.64
22221.56 416.82
22222.76 416.41
22223.99 416.71
22225.20 418.35
22226.41 420.18
22227.63 420.59
22228.84 419.79
22230.05 417.90
22231.25 415.95
22232.46 415.47
22233.67 416.24
22234.89 418.62
22236.09 419.81
22237.30 419.90
22238.50 419.45
22239.71 417.23
22240.92 416.11
22242.14 415.56
22243.36 416.28
22244.57 417.14
22245.78 419.57
22247.00 420.28
22248.20 420.14
22249.41 418.07
22250.62 416.04
22251.84 415.52
22253.05 415.26
22254.26 417.13
22255.48 418.56
22256.68 420.28
22257.89 420.64
22259.10 419.32
22260.31 417.16
22261.52 416.58
22262.73 415.79
22263.95 416.40
22265.16 418.20
22266.36 420.10
22267.57 419.55
22268.78 419.27
22270.00 417.64
22271.20 416.32
22272.41 415.66
22273.62 416.33
22274.84 418.16
22276.05 419.08
22277.26 419.54
22278.47 419.27
22279.68 417.14
22280.89 415.57
22282.10 414.78
22283.31 415.39
22284.52 416.70
22285.73 418.85
22286.94 419.92
22288.15 419.46
22289.36 418.23
22290.57 416.12
22291.79 415.06
22293.00 415.03
22294.20 416.51
22295.41 418.76
22296.62 419.38
22297.84 419.19
22299.05 418.09
22300.25 416.55
22301.46 415.77
22302.67 415.89
22303.89 416.44
22305.09 418.22
22306.30 419.61
22307.51 419.81
22308.73 418.40
22309.93 417.20
22311.14 415.10
22312.35 414.55
22313.56 414.78
22314.77 417.39
22315.99 419.19
22317.20 429.60
22318.41 438.80
22319.61 446.40
22320.82 451.20
22322.04 455.10
22323.24 458.05
22324.44 462.02
22325.65 465.51
22326.86 468.26
22328.07 469.13
22329.28 468.56
22330.49 468.28
22331.70 468.14
22332.91 468.57
22334.12 470.29
22335.33 472.14
22336.55 473.07
22337.76 474.04
22338.97 473.52
22340.18 472.26
22341.40 472.13
22342.60 472.06
22343.81 473.03
22345.03 475.02
22346.23 476.51
22347.44 476.75
22348.65 475.88
22349.86 473.94
22351.07 473.47
22352.28 472.23
22353.49 473.62
22354.70 475.31
22355.91 476.15
22357.12 477.08
22358.33 476.04
22359.54 474.52
22360.76 473.76
22361.98 473.88
22363.19 474.44
22364.40 475.22
22365.60 477.11
22366.81 477.55
22368.04 476.78
22369.25 476.39
22370.46 475.19
22371.68 474.10
22372.89 474.05
22374.09 475.52
22375.30 477.26
22376.51 477.63
22377.73 477.32
22378.94 477.16
22380.16 475.08
22381.36 474.54
22382.58 473.77
22383.80 475.38
22385.01 477.19
22386.22 478.60
22387.43 478.80
22388.64 478.40
22389.85 476.20
22391.05 475.60
22392.25 474.30
22393.46 475.15
22394.68 476.57
22395.89 477.29
22397.10 477.64
22398.31 477.82
22399.52 476.91
22400.74 474.96
22401.97 474.98
22403.17 474.49
22404.38 476.24
22405.59 478.12
22406.80 478.56
22408.01 478.78
22409.22 477.89
22410.43 475.95
22411.65 474.47
22412.86 474.74
22414.07 475.37
22415.28 477.68
22416.49 478.84
22417.69 479.42
22418.90 477.71
22420.11 476.36
22421.33 475.68
22422.54 475.34
22423.75 475.67
22424.97 477.33
22426.18 478.67
22427.39 479.33
22428.60 478.67
22429.81 476.83
22431.03 475.92
22432.24 475.46
22433.45 475.23
22434.66 477.11
22435.88 478.06
22437.08 479.03
22438.28 478.01
22439.49 477.51
22440.71 475.75
22441.92 475.38
22443.14 475.19
22444.36 476.59
22445.57 477.30
22446.77 478.15
22448.00 478.07
22449.20 477.54
22450.41 476.77
22451.62 475.88
22452.84 475.94
22454.05 475.97
22455.25 477.99
22456.47 478.99
22457.68 478.50
22458.89 477.25
22460.09 476.62
22461.30 475.81
22462.51 474.91
22463.73 475.95
22464.94 476.48
22466.15 477.74
22467.36 478.37
22468.57 478.18
22469.79 477.09
22471.00 475.55
22472.20 474.77
22473.41 475.89
22474.62 476.44
22475.84 477.72
22477.05 478.86
22478.25 478.43
22479.46 476.72
22480.68 475.86
22481.89 474.43
22483.10 475.21
22484.31 476.61
22485.52 478.30
22486.73 478.65
22487.94 478.83
22489.15 477.91
22490.36 475.96
22491.57 475.48
22492.78 475.74
22494.00 476.37
22495.20 477.18
22496.41 478.59
22497.62 479.30
22498.84 477.65
22500.05 476.32
22501.25 475.66
22502.46 475.33
22503.68 476.17
22504.89 477.58
22506.10 478.79
22507.31 478.40
22508.52 478.20
22509.73 477.10
22510.94 476.05
22512.15 475.02
22513.36 475.51
22514.57 476.26
22515.79 478.13
22517.01 474.06
22518.21 465.03
22519.42 456.52
22520.64 448.26
22521.85 442.63
22523.06 438.31
22524.27 436.66
22525.49 435.83
22526.70 434.91
22527.91 432.96
22529.12 430.48
22530.33 427.74
22531.54 425.87
22532.75 424.93
22533.97 425.47
22535.18 426.73
22536.39 427.37
22537.60 427.18
22538.81 425.59
22540.03 423.80
22541.23 421.90
22542.44 420.95
22543.65 420.97
22544.85 422.99
22546.06 423.99
22547.26 424.50
22548.47 423.25
22549.68 421.62
22550.89 420.31
22552.10 418.66
22553.31 419.33
22554.52 420.66
22555.73 421.83
22556.95 422.92
22558.16 422.46
22559.37 420.73
22560.59 418.86
22561.80 418.43
22563.01 418.72
22564.22 420.36
22565.43 422.18
22566.64 423.09
22567.84 422.04
22569.05 421.02
22570.25 419.01
22571.45 417.51
22572.67 417.75
22573.88 418.88
22575.08 420.44
22576.29 421.22
22577.50 422.11
22578.71 421.05
22579.92 419.53
22581.13 417.76
22582.34 416.88
22583.55 416.94
22584.76 418.97
22585.97 420.49
22587.18 421.24
22588.39 420.62
22589.60 419.31
22590.82 417.66
22592.04 416.33
22593.25 417.16
22594.45 419.08
22595.65 421.04
22596.86 421.02
22598.06 421.01
22599.26 420.01
22600.47 417.50
22601.68 416.25
22602.89 417.13
22604.10 418.06
22605.30 419.53
22606.51 420.27
22607.73 420.13
22608.94 419.57
22610.15 417.28
22611.36 416.14
22612.57 416.57
22613.78 417.29
22615.00 419.14
22616.20 420.57
22617.41 420.79
22618.62 420.39
22619.84 418.70
22621.05 417.85
22622.25 416.42
22623.46 417.21
22624.68 419.11
22625.89 420.05
22627.09 421.53
22628.30 420.26
22629.52 419.63
22630.73 417.32
22631.95 416.16
22633.16 416.58
22634.37 418.79
22635.58 419.89
22636.79 420.95
22638.00 420.47
22639.20 418.74
22640.41 417.37
22641.63 416.68
22642.84 415.84
22644.05 416.92
22645.25 418.96
22646.46 419.98
22647.67 419.99
22648.88 419.00
22650.08 417.50
22651.28 416.75
22652.49 415.87
22653.69 416.44
22654.90 418.72
22656.11 420.36
22657.33 420.68
22658.54 420.84
22659.75 417.92
22660.97 415.96
22662.18 415.48
22663.39 416.24
22664.60 417.62
22665.81 419.31
22667.03 420.16
22668.25 420.08
22669.45 418.04
22670.66 416.52
22671.87 416.26
22673.08 416.63
22674.28 417.31
22675.49 418.66
22676.70 419.83
22677.91 420.41
22679.12 418.71
22680.33 417.35
22681.55 415.68
22682.76 415.34
22683.99 416.67
22685.20 418.83
22686.41 419.92
22687.62 419.96
22688.84 419.48
22690.05 417.24
22691.25 415.62
22692.46 415.81
22693.67 417.40
22694.88 418.20
22696.08 419.60
22697.28 420.30
22698.49 419.15
22699.70 418.08
22700.90 417.04
22702.10 415.52
22703.31 415.26
22704.52 417.63
22705.73 419.31
22706.96 420.16
22708.17 419.08
22709.38 418.04
22710.59 417.02
22711.80 416.51
22713.01 415.75
22714.22 417.38
22715.44 418.69
22716.65 419.84
22717.85 430.42
22719.06 438.71
22720.27 445.36
22721.49 450.18
22722.70 455.09
22723.90 459.54
22725.10 463.27
22726.31 466.64
22727.52 468.32
22728.73 469.16
22729.96 469.08
22731.16 468.54
22732.38 468.77
22733.59 469.88
22734.80 471.94
22736.01 473.97
22737.22 473.99
22738.43 473.49
22739.64 472.75
22740.84 472.37
22742.05 472.19
22743.26 472.59
22744.47 474.30
22745.68 475.15
22746.89 476.07
22748.09 476.04
22749.29 475.02
22750.50 474.01
22751.70 473.50
22752.90 473.75
22754.10 474.38
22755.31 476.69
22756.52 477.34
22757.73 477.17
22758.96 476.59
22760.17 474.79
22761.38 473.40
22762.59 473.20
22763.80 474.60
22765.00 476.80
22766.20 478.40
22767.40 478.70
22768.60 477.85
22769.81 476.92
22771.03 475.46
22772.24 475.23
22773.45 475.62
22774.67 476.31
22775.89 477.15
22777.09 478.58
22778.30 477.79
22779.51 475.89
22780.72 475.45
22781.93 474.72
22783.15 474.86
22784.36 475.93
22785.57 477.97
22786.78 478.98
22788.00 478.99
22789.20 478.00
22790.40 476.50
22791.60 475.75
22792.81 475.37
22794.03 476.19
22795.24 477.09
22796.44 478.55
22797.65 478.77
22798.86 477.89
22800.07 475.94
22801.27 474.47
22802.48 474.24
22803.69 475.12
22804.90 477.06
22806.10 478.03
22807.30 479.01
22808.50 478.01
22809.70 477.00
22810.89 476.00
22812.09 476.00
22813.28 476.50
22814.49 476.75
22815.70 478.38
22816.92 479.69
22818.12 478.84
22819.33 477.42
22820.55 476.21
22821.76 475.11
22822.99 475.05
22824.20 476.53
22825.41 478.26
22826.62 479.13
22827.84 478.57
22829.05 477.78
22830.25 476.39
22831.46 474.70
22832.67 475.35
22833.88 475.67
22835.08 477.84
22836.28 478.92
22837.49 478.96
22838.70 477.48
22839.91 476.74
22841.12 475.87
22842.34 475.43
22843.56 475.22
22844.77 477.11
22846.00 478.05
22847.20 479.03
22848.40 478.51
22849.60 477.26
22850.82 475.63
22852.04 474.81
22853.25 475.91
22854.45 477.45
22855.66 478.73
22856.88 479.36
22858.08 478.68
22859.28 477.34
22860.49 476.17
22861.70 475.09
22862.90 475.54
22864.11 476.27
22865.33 478.14
22866.54 479.57
22867.75 478.78
22868.97 477.39
22870.19 475.70
22871.40 474.85
22872.60 475.42
22873.82 476.71
22875.04 478.36
22876.25 478.68
22877.45 478.34
22878.67 478.17
22879.89 477.08
22881.09 475.54
22882.31 475.77
22883.52 475.89
22884.73 477.44
22885.95 478.22
22887.16 478.61
22888.37 478.81
22889.59 477.40
22890.80 475.70
22892.00 475.85
22893.20 475.43
22894.41 477.21
22895.63 478.61
22896.84 478.80
22898.05 478.90
22899.25 477.95
22900.45 475.98
22901.66 475.49
22902.87 475.74
22904.08 476.87
22905.28 478.44
22906.49 479.72
22907.70 478.86
22908.91 477.43
22910.12 477.21
22911.34 476.11
22912.56 475.55
22913.76 475.78
22914.98 477.39
22916.19 478.19
22917.40 474.60
22918.60 465.80
22919.80 456.90
22921.00 449.45
22922.20 443.22
22923.42 439.11
22924.64 438.06
22925.84 436.53
22927.05 435.76
22928.26 432.88
22929.47 430.44
22930.68 426.72
22931.89 425.36
22933.09 425.18
22934.30 425.59
22935.51 426.80
22936.73 426.90
22937.94 426.45
22939.15 424.22
22940.36 422.11
22941.58 420.56
22942.79 420.28
22944.00 421.14
22945.20 422.57
22946.41 424.28
22947.62 424.64
22948.83 422.82
22950.05 420.91
22951.25 418.96
22952.47 418.98
22953.68 419.49
22954.89 421.74
22956.09 422.37
22957.30 422.69
22958.51 422.34
22959.73 420.17
22960.95 418.09
22962.16 417.54
22963.37 417.77
22964.58 420.39
22965.79 422.19
22967.00 422.60
22968.20 422.80
22969.40 420.90
22970.60 418.45
22971.81 417.22
22973.03 417.11
22974.24 419.06
22975.44 420.53
22976.66 421.26
22977.87 421.63
22979.08 419.82
22980.28 418.41
22981.49 417.20
22982.70 417.60
22983.90 418.80
22985.10 420.40
22986.30 421.70
22987.50 422.35
22988.71 421.18
22989.92 419.09
22991.13 418.04
22992.34 417.02
22993.55 417.51
22994.76 419.26
22995.99 420.63
22997.20 421.31
22998.41 420.66
22999.62 419.83
23000.84 417.91
23002.05 416.46
23003.26 416.73
23004.48 418.36
23005.68 419.68
23006.89 420.84
23008.10 420.42
23009.31 418.71
23010.52 417.36
23011.74 416.18
23012.97 417.09
23014.17 418.54
23015.38 419.77
23016.60 420.89
23017.81 420.44
23019.03 418.72
23020.24 416.86
23021.44 416.43
23022.65 415.72
23023.87 417.36
23025.08 419.68
23026.28 420.84
23027.49 421.42
23028.70 419.71
23029.92 417.85
23031.12 416.93
23032.34 416.46
23033.55 417.23
23034.76 418.62
23035.99 419.81
23037.20 420.40
23038.40 419.70
23039.60 418.35
23040.81 417.18
23042.03 416.09
23043.24 417.04
23044.44 418.02
23045.65 420.01
23046.85 421.01
23048.06 420.50
23049.26 418.75
23050.47 416.88
23051.68 416.44
23052.89 416.22
23054.09 417.11
23055.30 419.05
23056.51 420.53
23057.72 419.76
23058.94 418.88
23060.15 417.44
23061.36 415.72
23062.57 415.36
23063.78 416.18
23065.00 418.59
23066.20 419.80
23067.40 419.90
23068.60 418.95
23069.81 417.97
23071.02 415.99
23072.23 415.99
23073.44 417.00
23074.64 418.50
23075.85 420.25
23077.06 420.62
23078.27 419.81
23079.48 418.41
23080.69 416.70
23081.89 415.35
23083.10 415.68
23084.31 417.34
23085.52 419.17
23086.73 420.58
23087.95 419.79
23089.16 418.40
23090.37 417.20
23091.58 416.60
23092.79 415.80
23094.00 417.40
23095.20 419.20
23096.40 420.10
23097.60 420.05
23098.81 419.02
23100.01 417.51
23101.22 416.76
23102.44 415.88
23103.65 417.44
23104.86 418.22
23106.07 419.61
23107.28 419.80
23108.49 418.90
23109.69 416.95
23110.90 415.98
23112.11 415.49
23113.33 416.24
23114.54 417.62
23115.75 419.31
23116.98 420.66
23118.19 425.83
23119.40 433.91
23120.60 441.46
23121.82 447.73
23123.04 453.36
23124.25 458.68
23125.45 462.34
23126.66 466.17
23127.87 467.59
23129.08 468.29
23130.28 468.15
23131.50 467.57
23132.71 467.79
23133.92 469.89
23135.12 472.45
23136.34 474.22
23137.55 475.11
23138.76 474.06
23139.98 473.03
23141.19 472.51
23142.41 471.76
23143.62 472.38
23144.83 473.69
23146.04 475.34
23147.25 475.67
23148.45 475.84
23149.66 474.92
23150.87 472.96
23152.08 472.98
23153.28 473.49
23154.49 475.24
23155.70 476.62
23156.91 477.81
23158.12 476.91
23159.33 475.95
23160.55 474.98
23161.76 474.49
23162.98 474.24
23164.19 475.62
23165.40 477.31
23166.60 477.66
23167.82 477.83
23169.04 476.41
23170.25 475.71
23171.45 474.85
23172.66 474.93
23173.87 475.96
23175.08 477.48
23176.28 478.74
23177.49 479.37
23178.70 478.19
23179.91 477.09
23181.12 475.05
23182.33 475.02
23183.54 475.01
23184.75 476.01
23185.97 477.00
23187.16 478.50
23188.37 477.75
23189.58 475.88
23190.79 475.44
23192.00 474.22
23193.20 475.11
23194.41 476.55
23195.62 478.28
23196.84 479.14
23198.05 479.07
23199.25 478.03
23200.45 476.02
23201.66 474.51
23202.88 474.25
23204.08 475.63
23205.29 477.81
23206.50 478.91
23207.71 478.45
23208.93 477.23
23210.15 476.11
23211.36 475.56
23212.58 475.78
23213.79 476.89
23215.00 477.44
23216.20 479.22
23217.41 479.61
23218.63 478.31
23219.84 476.15
23221.05 475.58
23222.26 475.29
23223.48 476.14
23224.68 477.57
23225.89 478.79
23227.10 479.39
23228.31 478.20
23229.52 477.10
23230.73 476.05
23231.94 475.02
23233.15 475.51
23234.36 477.26
23235.58 478.63
23236.81 478.81
23238.02 478.91
23239.23 477.95
23240.44 475.98
23241.65 474.99
23242.85 475.49
23244.06 476.75
23245.27 478.87
23246.48 478.94
23247.68 478.47
23248.90 477.23
23250.11 475.62
23251.33 475.31
23252.54 475.15
23253.75 476.58
23254.97 478.29
23256.19 479.14
23257.40 479.07
23258.60 478.04
23259.81 476.52
23261.02 476.26
23262.23 475.13
23263.44 476.06
23264.65 477.53
23265.86 478.77
23267.07 478.88
23268.27 477.94
23269.48 476.47
23270.68 475.74
23271.90 475.87
23273.11 476.43
23274.33 477.22
23275.54 479.11
23276.76 479.55
23277.98 478.78
23279.19 477.89
23280.40 476.44
23281.60 475.72
23282.82 476.36
23284.03 476.68
23285.24 478.34
23286.45 478.67
23287.66 478.34
23288.88 477.17
23290.08 476.58
23291.28 476.29
23292.49 476.65
23293.70 476.82
23294.91 478.41
23296.12 479.21
23297.34 479.10
23298.55 478.05
23299.76 477.03
23300.97 476.51
23302.18 475.26
23303.40 476.13
23304.60 477.06
23305.81 478.03
23307.02 479.02
23308.22 479.51
23309.44 477.75
23310.65 476.38
23311.86 475.69
23313.07 476.34
23314.28 477.67
23315.49 479.34
23316.70 479.17
23317.91 479.58
23319.12 470.29
23320.33 459.65
23321.55 451.32
23322.76 445.66
23323.98 442.33
23325.19 439.67
23326.41 437.83
23327.62 435.92
23328.84 433.46
23330.05 429.73
23331.25 426.86
23332.46 425.93
23333.67 426.47
23334.88 426.73
23336.09 427.37
23337.30 427.18
23338.51 425.59
23339.72 423.30
23340.93 421.65
23342.14 421.32
23343.36 422.16
23344.57 423.08
23345.77 424.04
23346.99 424.52
23348.20 424.26
23349.41 422.63
23350.63 420.32
23351.84 419.16
23353.05 419.08
23354.25 420.54
23355.46 422.27
23356.67 422.63
23357.88 422.32
23359.08 420.66
23360.29 419.33
23361.50 418.16
23362.71 418.08
23363.92 419.04
23365.12 420.52
23366.34 422.76
23367.55 422.38
23368.76 421.19
23369.98 419.60
23371.19 417.30
23372.40 417.15
23373.60 417.57
23374.81 419.79
23376.04 421.39
23377.25 421.70
23378.45 420.85
23379.66 419.42
23380.87 417.71
23382.08 416.36
23383.28 416.68
23384.49 418.84
23385.70 420.92
23386.91 421.46
23388.12 421.73
23389.34 419.36
23390.55 417.68
23391.76 416.84
23392.98 416.92
23394.19 418.96
23395.40 419.98
23396.60 420.99
23397.81 421.00
23399.01 420.00
23400.21 418.50
23401.42 416.75
23402.64 416.37
23403.84 417.19
23405.05 418.59
23406.25 420.30
23407.46 420.65
23408.67 419.82
23409.88 417.41
23411.08 416.21
23412.29 416.10
23413.50 417.05
23414.70 419.03
23415.90 421.01
23417.10 421.51
23418.31 421.25
23419.52 418.63
23420.74 417.31
23421.97 415.66
23423.18 416.83
23424.39 417.91
23425.60 419.96
23426.81 420.48
23428.02 420.74
23429.23 419.37
23430.44 417.68
23431.65 416.34
23432.86 415.67
23434.07 416.84
23435.28 418.92
23436.49 420.46
23437.70 420.23
23438.91 418.61
23440.12 416.81
23441.34 416.40
23442.55 416.20
23443.76 416.60
23444.97 418.30
23446.18 419.65
23447.39 420.33
23448.60 419.66
23449.81 417.83
23451.02 416.42
23452.23 415.71
23453.44 416.85
23454.65 417.93
23455.87 419.96
23457.08 419.98
23458.28 419.49
23459.49 418.25
23460.70 416.12
23461.91 416.06
23463.12 416.53
23464.33 417.77
23465.55 419.88
23466.76 421.44
23467.97 420.22
23469.19 419.11
23470.41 417.56
23471.62 416.28
23472.84 416.14
23474.05 417.57
23475.26 418.78
23476.47 420.39
23477.68 420.20
23478.89 419.60
23480.09 417.30
23481.29 416.65
23482.51 416.32
23483.73 416.66
23484.95 418.83
23486.16 419.92
23487.37 419.96
23488.58 419.48
23489.80 417.74
23491.00 415.87
23492.20 415.93
23493.41 416.47
23494.63 417.73
23495.84 419.87
23497.05 421.43
23498.26 420.22
23499.48 419.11
23500.69 417.55
23501.90 416.28
23503.11 416.14
23504.33 417.57
23505.54 420.28
23506.75 421.14
23507.98 420.57
23509.19 418.79
23510.41 417.39
23511.62 416.20
23512.83 416.60
23514.04 417.30
23515.24 419.65
23516.45 421.32
23517.66 421.16
23518.88 419.58
23520.08 417.79
23521.29 416.90
23522.50 416.45
23523.71 417.22
23524.93 419.11
23526.15 420.56
23527.36 420.78
23528.58 420.89
23529.80 418.94
23531.00 416.97
23532.20 416.49
23533.41 417.24
23534.63 419.12
23535.84 420.06
23537.05 421.03
23538.25 421.02
23539.46 418.51
23540.68 416.75
23541.89 416.88
23543.10 416.44
23544.31 418.72
23545.52 420.36
23546.73 421.68
23547.96 421.34
23549.17 419.67
23550.39 418.33
23551.60 417.17
23552.81 417.08
23554.02 418.04
23555.23 420.02
23556.44 421.51
23557.65 421.76
23558.86 420.38
23560.07 418.19
23561.28 417.09
23562.49 417.55
23563.70 418.27
23564.91 419.64
23566.12 420.82
23567.33 421.91
23568.55 420.95
23569.76 418.98
23570.97 417.49
23572.18 416.74
23573.39 417.37
23574.60 419.19
23575.81 420.59
23577.02 421.30
23578.22 420.65
23579.44 419.32
23580.65 418.16
23581.87 417.08
23583.08 417.54
23584.28 418.77
23585.49 420.89
23586.70 421.94
23587.90 421.47
23589.11 420.24
23590.33 418.62
23591.54 417.31
23592.76 417.15
23593.99 418.58
23595.20 419.79
23596.41 420.89
23597.62 421.45
23598.83 420.22
23600.05 418.11
23601.25 417.06
23602.46 416.53
23603.67 417.26
23604.88 419.63
23606.08 421.32
23607.30 422.16
23608.51 420.58
23609.72 418.79
23610.94 417.39
23612.15 416.70
23613.36 417.35
23614.57 418.67
23615.79 420.84
23617.00 421.42
23618.20 421.21
23619.41 419.60
23620.62 417.30
23621.83 416.15
23623.05 416.58
23624.25 418.79
23625.46 420.39
23626.67 421.20
23627.88 421.10
23629.08 419.55
23630.29 417.27
23631.50 416.64
23632.71 416.32
23633.93 418.16
23635.14 420.08
23636.35 421.54
23637.56 421.27
23638.77 420.13
23640.00 418.07
23641.20 416.53
23642.41 416.27
23643.62 417.13
23644.84 418.57
23646.05 420.28
23647.25 421.14
23648.46 420.57
23649.67 418.29
23650.89 416.14
23652.09 416.07
23653.29 416.54
23654.50 418.27
23655.71 419.63
23656.93 420.32
23658.15 420.16
23659.36 419.08
23660.57 417.54
23661.79 415.77
23663.00 415.88
23664.20 417.44
23665.41 419.22
23666.63 420.11
23667.85 419.56
23669.07 418.28
23670.28 416.64
23671.49 415.32
23672.71 415.66
23673.93 416.83
23675.14 418.91
23676.36 419.96
23677.57 420.48
23678.79 418.74
23680.01 417.87
23681.21 415.93
23682.42 415.97
23683.63 416.48
23684.84 418.74
23686.05 419.87
23687.25 419.94
23688.46 418.97
23689.67 417.98
23690.88 415.99
23692.08 416.00
23693.28 416.00
23694.49 418.50
23695.69 419.25
23696.90 419.62
23698.10 419.31
23699.31 417.16
23700.52 415.58
23701.73 414.79
23702.96 414.89
23704.16 416.95
23705.37 419.47
23706.58 420.24
23707.80 420.62
23709.01 418.81
23710.22 417.40
23711.43 415.70
23712.64 416.35
23713.84 416.68
23715.05 418.84
23716.26 419.92
23717.47 419.46
23718.68 419.23
23719.89 418.11
23721.11 416.06
23722.32 416.03
23723.52 416.51
23724.73 418.26
23725.96 419.13
23727.17 419.56
23728.38 418.78
23729.59 417.39
23730.81 416.20
23732.01 416.10
23733.21 416.05
23734.43 418.02
23735.64 420.01
23736.84 420.51
23738.05 419.75
23739.26 418.38
23740.47 417.19
23741.68 416.59
23742.89 416.80
23744.09 417.40
23745.29 418.70
23746.50 419.85
23747.71 419.92
23748.93 418.96
23750.14 416.98
23751.35 415.49
23752.56 416.25
23753.78 417.12
23755.00 418.56
23756.20 419.78
23757.41 420.39
23758.62 419.20
23759.83 417.10
23761.05 416.05
23762.25 415.52
23763.45 416.26
23764.66 418.13
23765.87 420.07
23767.08 420.53
23768.28 419.27
23769.49 417.63
23770.70 415.82
23771.92 415.91
23773.13 416.45
23774.35 417.73
23775.57 419.36
23776.79 420.68
23778.00 419.84
23779.20 418.42
23780.41 416.71
23781.62 416.36
23782.84 416.68
23784.05 417.34
23785.25 419.67
23786.46 421.33
23787.68 420.67
23788.89 418.83
23790.10 416.92
23791.31 416.46
23792.52 416.23
23793.74 416.61
23794.97 419.31
23796.18 420.65
23797.39 420.33
23798.60 419.66
23799.82 417.33
23801.04 415.67
23802.25 415.83
23803.45 416.42
23804.66 418.21
23805.88 420.10
23807.08 420.55
23808.29 420.78
23809.50 418.39
23810.71 417.19
23811.93 416.60
23813.14 416.80
23814.35 417.90
23815.56 419.95
23816.76 420.47
23817.98 419.74
23819.19 419.37
23820.41 417.68
23821.62 415.84
23822.83 416.42
23824.04 417.71
23825.25 419.86
23826.45 421.43
23827.66 420.71
23828.88 418.86
23830.08 417.43
23831.29 415.71
23832.51 416.36
23833.73 417.68
23834.95 418.84
23836.16 420.42
23837.37 420.21
23838.59 419.10
23839.80 418.05
23841.00 416.03
23842.20 416.01
23843.40 416.51
23844.60 418.25
23845.81 420.63
23847.03 421.31
23848.24 420.66
23849.45 417.83
23850.66 416.91
23851.87 415.46
23853.08 416.23
23854.28 418.11
23855.50 419.06
23856.70 420.03
23857.91 420.51
23859.12 419.26
23860.35 416.63
23861.57 415.31
23862.79 415.66
23864.00 416.83
23865.20 418.91
23866.41 420.46
23867.62 420.23
23868.84 419.61
23870.05 417.81
23871.25 415.90
23872.46 416.45
23873.68 416.73
23874.89 419.36
23876.10 420.18
23877.31 420.09
23878.52 419.55
23879.73 417.27
23880.96 416.64
23882.17 415.32
23883.39 416.16
23884.60 418.58
23885.82 419.79
23887.03 420.39
23888.24 419.20
23889.44 418.60
23890.65 416.80
23891.86 416.90
23893.06 416.45
23894.27 418.22
23895.49 420.11
23896.70 420.56
23897.92 419.78
23899.13 418.89
23900.34 417.44
23901.55 415.72
23902.76 415.86
23903.98 416.93
23905.19 418.97
23906.41 420.48
23907.62 420.24
23908.84 419.62
23910.05 418.31
23911.25 417.16
23912.47 416.08
23913.68 417.54
23914.89 419.27
23916.10 420.13
23917.31 420.07
23918.52 419.03
23919.73 417.52
23920.95 416.26
23922.16 415.63
23923.37 416.31
23924.59 418.16
23925.81 420.08
23927.01 420.54
23928.22 419.77
23929.44 417.88
23930.65 416.94
23931.86 416.47
23933.08 416.74
23934.28 418.37
23935.49 419.68
23936.70 420.84
23937.92 420.42
23939.13 419.21
23940.35 417.61
23941.57 416.80
23942.78 415.90
23943.99 417.95
23945.20 419.48
23946.41 421.24
23947.63 420.62
23948.84 419.81
23950.05 417.40
23951.25 415.70
23952.46 415.85
23953.67 417.43
23954.89 419.21
23956.10 421.11
23957.31 420.55
23958.53 419.78
23959.74 418.39
23960.97 416.19
23962.18 415.60
23963.39 416.80
23964.60 418.40
23965.80 420.20
23967.00 421.10
23968.20 419.55
23969.41 418.27
23970.62 416.64
23971.84 415.82
23973.05 416.41
23974.26 418.20
23975.47 420.60
23976.68 420.80
23977.89 420.90
23979.09 418.95
23980.30 417.98
23981.51 415.99
23982.72 415.99
23983.93 418.50
23985.15 419.75
23986.36 420.87
23987.57 420.44
23988.79 419.72
23990.00 417.86
23991.20 416.93
23992.41 416.96
23993.62 417.48
23994.83 419.24
23996.05 420.12
23997.25 420.56
23998.47 419.78
23999.68 418.39
24000.89 416.70
24002.09 416.35
24003.30 416.67
24004.51 418.84
24005.72 420.42
24006.94 420.71
24008.15 420.35
24009.36 418.68
24010.57 417.34
24011.80 416.17
24013.00 416.08
24014.20 418.04
24015.40 419.52
24016.60 420.26
24017.81 420.63
24019.02 418.82
24020.23 416.91
24021.44 415.95
24022.65 416.98
24023.86 417.99
24025.07 419.49
24026.28 420.75
24027.49 420.87
24028.69 419.44
24029.91 418.22
24031.12 416.11
24032.34 416.55
24033.55 417.78
24034.76 419.89
24035.97 420.94
24037.18 421.47
24038.39 419.74
24039.60 417.87
24040.81 416.93
24042.02 415.97
24043.23 416.48
24044.44 418.74
24045.65 420.37
24046.86 420.69
24048.07 420.34
24049.28 418.67
24050.49 416.84
24051.70 415.92
24052.92 416.46
24054.13 417.73
24055.35 419.86
24056.56 420.93
24057.77 420.47
24058.99 419.73
24060.20 417.37
24061.41 417.18
24062.62 416.59
24063.83 417.80
24065.04 419.40
24066.24 420.70
24067.44 420.85
24068.65 419.92
24069.86 417.96
24071.07 417.48
24072.28 416.74
24073.49 417.87
24074.69 418.94
24075.91 420.47
24077.12 421.73
24078.34 420.87
24079.55 417.93
24080.76 416.97
24081.98 415.98
24083.19 416.49
24084.40 418.25
24085.60 420.62
24086.81 421.31
24088.03 421.16
24089.24 418.58
24090.44 417.29
24091.66 416.64
24092.87 415.82
24094.08 417.41
24095.28 419.71
24096.50 421.35
24097.70 420.68
24098.92 419.34
24100.12 417.17
24101.34 416.08
24102.55 416.04
24103.76 417.52
24104.98 418.76
24106.19 420.38
24107.40 420.69
24108.60 419.35
24109.81 418.17
24111.03 417.09
24112.23 416.04
24113.44 417.02
24114.65 418.51
24115.86 420.26
24117.07 420.63
24118.28 419.81
24119.49 418.41
24120.71 416.70
24121.92 415.35
24123.13 416.18
24124.35 418.09
24125.56 419.54
24126.77 420.77
24127.98 419.89
24129.19 418.44
24130.40 417.72
24131.60 416.36
24132.81 415.68
24134.02 417.34
24135.23 419.17
24136.44 420.59
24137.65 420.79
24138.86 419.40
24140.07 418.20
24141.27 416.60
24142.48 416.30
24143.68 417.15
24144.91 419.07
24146.12 420.54
24147.33 420.77
24148.55 419.38
24149.76 418.69
24150.98 417.35
24152.20 416.67
24153.41 417.34
24154.62 418.67
24155.83 420.83
24157.04 421.92
24158.25 420.46
24159.45 418.73
24160.67 417.36
24161.88 416.18
24163.08 416.59
24164.28 418.80
24165.49 420.40
24166.69 421.20
24167.91 420.10
24169.12 418.55
24170.33 417.27
24171.55 416.64
24172.77 417.32
24173.99 419.16
24175.20 420.58
24176.41 421.29
24177.62 421.64
24178.84 420.32
24180.05 417.66
24181.25 416.83
24182.46 416.42
24183.68 417.21
24184.90 419.10
24186.10 421.05
24187.30 422.03
24188.50 420.51
24189.71 418.26
24190.93 416.13
24192.15 416.56
24193.36 417.28
24194.57 418.64
24195.78 420.82
24196.99 420.91
24198.20 420.96
24199.41 418.98
24200.62 416.49
24201.83 416.24
24203.04 417.12
24204.25 418.56
24205.46 419.78
24206.67 420.39
24207.88 420.70
24209.08 419.35
24210.29 417.17
24211.50 417.09
24212.70 417.04
24213.91 418.02
24215.12 419.51
24216.33 420.76
24217.55 421.38
24218.77 420.19
24219.99 418.09
24221.19 417.05
24222.40 416.02
24223.60 417.51
24224.81 419.76
24226.02 420.88
24227.22 421.94
24228.43 420.47
24229.64 417.73
24230.84 416.37
24232.06 416.18
24233.27 417.59
24234.48 418.80
24235.68 419.90
24236.90 421.45
24238.11 420.72
24239.33 418.86
24240.54 417.43
24241.75 417.22
24242.97 416.61
24244.18 417.80
24245.39 420.40
24246.60 421.70
24247.80 420.85
24249.00 419.43
24250.20 417.21
24251.41 417.11
24252.63 417.55
24253.84 418.28
24255.05 420.14
24256.25 421.57
24257.46 421.28
24258.67 419.64
24259.88 417.32
24261.08 416.66
24262.29 417.33
24263.50 417.67
24264.71 419.33
24265.94 421.17
24267.15 421.08
24268.36 420.04
24269.57 418.02
24270.78 417.51
24272.00 416.76
24273.20 417.38
24274.41 418.69
24275.62 420.34
24276.83 421.67
24278.04 420.84
24279.25 419.92
24280.45 417.96
24281.66 416.48
24282.87 416.74
24284.08 417.87
24285.28 420.43
24286.49 421.22
24287.70 421.11
24288.92 419.55
24290.12 418.28
24291.34 417.14
24292.56 416.57
24293.77 417.78
24294.98 419.39
24296.19 420.70
24297.40 420.85
24298.60 419.42
24299.81 418.71
24301.03 416.86
24302.24 416.43
24303.45 417.21
24304.67 419.61
24305.89 420.80
24307.09 421.40
24308.29 421.20
24309.50 419.10
24310.70 417.05
24311.91 416.03
24313.12 416.51
24314.33 418.26
24315.55 420.13
24316.77 421.06
24317.98 420.53
24319.19 419.27
24320.41 417.13
24321.62 417.07
24322.83 416.53
24324.04 418.77
24325.25 420.38
24326.45 421.19
24327.66 420.60
24328.87 419.30
24330.08 417.65
24331.28 416.82
24332.49 416.41
24333.70 417.71
24334.92 419.85
24336.12 421.43
24337.34 421.21
24338.56 420.61
24339.78 418.30
24340.99 416.65
24342.20 416.83
24343.41 416.91
24344.62 418.96
24345.83 419.98
24347.04 420.49
24348.25 420.74
24349.45 418.87
24350.66 416.94
24351.88 416.47
24353.08 416.23
24354.29 418.62
24355.50 419.81
24356.71 420.90
24357.92 420.95
24359.13 418.98
24360.35 417.99
24361.56 416.49
24362.77 416.75
24363.98 417.87
24365.20 419.94
24366.41 420.97
24367.62 420.98
24368.83 419.99
24370.04 418.00
24371.24 417.00
24372.44 417.00
24373.64 418.00
24374.84 419.50
24376.05 421.25
24377.25 421.12
24378.47 421.06
24379.68 419.03
24380.89 417.02
24382.10 416.51
24383.31 417.75
24384.52 419.38
24385.73 421.19
24386.96 421.09
24388.16 420.55
24389.38 418.27
24390.59 416.64
24391.81 415.82
24393.02 416.91
24394.23 418.95
24395.44 420.48
24396.65 421.74
24397.86 421.37
24399.07 419.18
24400.28 417.59
24401.49 415.80
24402.69 416.90
24403.90 417.95
24405.10 419.47
24406.31 421.24
24407.52 421.12
24408.74 419.56
24409.97 418.28
24411.17 416.64
24412.38 417.32
24413.59 418.16
24414.80 419.58
24416.00 420.79
24417.20 420.89
24418.41 420.45
24419.62 418.22
24420.84 417.11
24422.05 416.56
24423.26 417.78
24424.47 419.39
24425.68 420.69
24426.89 421.35
24428.10 421.17
24429.31 419.09
24430.52 417.54
24431.73 416.27
24432.95 416.14
24434.16 417.57
24435.37 420.28
24436.58 421.14
24437.79 420.57
24439.00 418.79
24440.20 417.39
24441.41 416.20
24442.61 416.60
24443.82 418.30
24445.03 420.65
24446.24 421.32
24447.45 420.66
24448.66 419.83
24449.87 417.92
24451.08 416.46
24452.28 416.73
24453.49 417.36
24454.70 418.68
24455.92 420.84
24457.12 420.92
24458.33 419.96
24459.54 417.48
24460.76 416.74
24461.97 416.37
24463.18 416.69
24464.40 419.34
24465.60 420.67
24466.81 421.84
24468.02 420.42
24469.23 419.71
24470.44 417.85
24471.65 416.43
24472.87 416.71
24474.08 417.86
24475.28 420.43
24476.49 421.71
24477.70 420.86
24478.92 419.93
24480.13 417.96
24481.34 417.48
24482.55 416.24
24483.76 418.12
24484.98 420.06
24486.18 421.03
24487.39 421.02
24488.60 420.01
24489.80 417.50
24491.00 417.25
24492.20 416.13
24493.41 417.06
24494.62 420.03
24495.83 421.02
24497.04 421.01
24498.24 421.00
24499.44 419.00
24500.64 417.50
24501.84 416.25
24503.05 416.63
24504.26 418.31
24505.48 420.16
24506.69 420.58
24507.91 420.79
24509.12 419.39
24510.33 417.20
24511.54 417.10
24512.76 416.55
24513.97 418.27
24515.18 420.14
24516.40 421.57
24517.60 422.28
24518.81 420.64
24520.02 417.82
24521.23 416.91
24522.44 416.46
24523.66 418.73
24524.87 420.36
24526.08 421.68
24527.28 421.34
24528.49 420.67
24529.70 418.34
24530.92 417.17
24532.14 416.58
24533.35 417.79
24534.56 418.90
24535.77 420.95
24536.98 421.97
24538.19 420.49
24539.40 418.24
24540.60 417.62
24541.81 416.81
24543.03 417.91
24544.24 418.95
24545.45 420.48
24546.66 421.24
24547.87 421.12
24549.08 419.56
24550.29 417.28
24551.50 416.64
24552.71 417.32
24553.93 418.66
24555.14 420.33
24556.36 421.66
24557.58 421.33
24558.79 419.67
24560.00 417.33
24561.20 416.67
24562.41 415.83
24563.62 417.42
24564.84 419.21
24566.05 421.10
24567.25 421.55
24568.46 420.28
24569.68 418.64
24570.90 417.82
24572.11 416.91
24573.33 417.95
24574.54 419.48
24575.76 420.74
24576.97 420.87
24578.19 420.93
24579.40 418.47
24580.60 417.23
24581.81 416.12
24583.03 417.56
24584.24 419.28
24585.44 420.64
24586.65 420.82
24587.86 420.41
24589.07 419.70
24590.27 418.35
24591.49 417.18
24592.70 416.59
24593.92 417.79
24595.12 419.90
24596.33 421.45
24597.54 422.22
24598.76 420.11
24599.97 418.06
24601.18 416.53
24602.39 416.76
24603.60 417.88
24604.81 419.44
24606.01 420.72
24607.22 421.36
24608.43 421.18
24609.64 418.59
24610.84 417.30
24612.05 416.15
24613.26 417.07
24614.47 419.54
24615.68 420.77
24616.89 421.38
24618.11 420.19
24619.33 418.60
24620.53 417.30
24621.74 416.15
24622.97 417.57
24624.17 418.79
24625.38 419.89
24626.59 421.45
24627.80 420.72
24629.00 418.86
24630.20 417.93
24631.41 416.47
24632.63 416.23
24633.84 417.62
24635.05 419.81
24636.26 420.90
24637.46 421.45
24638.67 419.73
24639.89 418.36
24641.10 416.68
24642.31 415.84
24643.52 416.92
24644.73 418.96
24645.95 420.98
24647.16 420.99
24648.36 420.00
24649.57 418.50
24650.78 417.25
24651.99 416.12
24653.20 416.56
24654.41 418.78
24655.62 420.39
24656.83 421.20
24658.05 421.10
24659.25 419.05
24660.44 417.02
24661.65 417.01
24662.86 417.51
24664.07 419.25
24665.28 421.13
24666.49 421.56
24667.70 421.28
24668.92 419.64
24670.12 417.32
24671.34 416.66
24672.55 416.33
24673.76 417.17
24674.98 420.08
24676.18 421.04
24677.39 421.02
24678.60 420.51
24679.81 417.76
24681.02 417.38
24682.23 416.19
24683.44 417.59
24684.65 419.30
24685.86 420.65
24687.07 421.82
24688.28 420.41
24689.49 418.71
24690.70 417.35
24691.92 417.18
24693.13 417.09
24694.34 419.04
24695.55 420.52
24696.76 421.26
24697.98 420.63
24699.19 419.82
24700.41 417.91
24701.62 416.45
24702.83 416.23
24704.05 418.11
24705.25 419.56
24706.46 420.78
24707.67 421.39
24708.89 419.69
24710.09 418.35
24711.31 417.17
24712.52 416.59
24713.73 418.79
24714.95 420.40
24716.16 421.70
24717.36 421.35
24718.58 420.67
24719.79 418.84
24721.00 416.92
24722.20 416.46
24723.41 417.73
24724.63 419.36
24725.84 421.18
24727.05 422.09
24728.25 420.55
24729.45 418.77
24730.66 417.89
24731.88 416.44
24733.08 417.22
24734.29 419.11
24735.51 420.56
24736.73 421.28
24737.95 420.64
24739.16 419.82
24740.37 417.41
24741.59 417.20
24742.80 416.60
24744.00 418.30
24745.20 420.15
24746.41 421.08
24747.61 421.04
24748.82 419.52
24750.03 417.76
24751.25 416.38
24752.45 416.19
24753.66 417.09
24754.86 419.55
24756.07 421.27
24757.28 421.14
24758.49 420.57
24759.70 418.78
24760.92 416.89
24762.12 416.45
24763.34 417.72
24764.56 420.36
24765.76 421.18
24766.98 421.59
24768.19 420.80
24769.40 418.90
24770.60 417.45
24771.81 416.22
24773.02 416.61
24774.23 418.31
24775.44 420.15
24776.65 421.08
24777.86 420.54
24779.07 419.77
24780.28 417.38
24781.49 417.19
24782.70 417.10
24783.92 418.05
24785.12 420.52
24786.34 421.76
24787.55 421.38
24788.76 419.69
24789.97 417.85
24791.19 416.42
24792.41 417.21
24793.62 418.11
24794.84 420.55
24796.05 421.28
24797.25 422.14
24798.46 421.07
24799.67 418.03
24800.89 416.52
24802.09 416.26
24803.30 417.13
24804.52 419.06
24805.73 420.53
24806.95 421.27
24808.16 420.63
24809.37 418.32
24810.59 417.66
24811.80 416.33
24813.00 417.16
24814.20 419.08
24815.41 421.04
24816.61 421.52
24817.83 420.76
24819.04 419.38
24820.25 417.69
24821.45 416.35
24822.67 416.67
24823.89 418.34
24825.09 420.67
24826.29 421.83
24827.50 420.92
24828.71 419.96
24829.93 417.98
24831.15 416.49
24832.36 417.24
24833.57 418.12
24834.78 419.56
24835.99 420.78
24837.20 421.39
24838.41 419.70
24839.61 418.35
24840.83 417.17
24842.04 417.09
24843.24 417.54
24844.45 419.27
24845.66 421.14
24846.89 421.57
24848.09 420.78
24849.29 418.39
24850.50 417.70
24851.70 416.35
24852.92 416.67
24854.12 418.84
24855.33 419.92
24856.54 420.96
24857.76 420.48
24858.97 419.24
24860.18 418.12
24861.40 416.56
24862.60 416.78
24863.81 418.39
24865.02 419.70
24866.23 420.85
24867.44 420.92
24868.65 419.96
24869.85 418.98
24871.07 417.99
24872.27 417.00
24873.47 417.50
24874.68 420.25
24875.90 421.12
24877.11 422.06
24878.32 421.03
24879.52 419.02
24880.73 417.51
24881.96 416.75
24883.16 417.38
24884.38 419.69
24885.59 420.84
24886.80 421.92
24888.00 421.46
24889.20 419.23
24890.41 417.62
24891.62 416.31
24892.84 416.65
24894.05 418.33
24895.25 419.66
24896.46 421.33
24897.68 420.67
24898.90 419.83
24900.11 417.42
24901.33 416.21
24902.54 416.60
24903.76 418.30
24904.97 420.15
24906.18 421.58
24907.39 421.29
24908.60 420.64
24909.81 418.32
24911.03 416.66
24912.24 415.83
24913.44 417.42
24914.66 418.71
24915.89 420.35
24917.09 420.68
24918.29 419.84
24919.50 418.92
24920.71 416.96
24921.93 417.48
24923.15 417.74
24924.36 418.87
24925.57 420.93
24926.77 421.97
24927.98 420.98
24929.19 419.49
24930.40 418.25
24931.60 416.62
24932.81 417.81
24934.02 418.91
24935.23 420.45
24936.44 421.73
24937.65 421.86
24938.87 419.93
24940.08 418.97
24941.28 416.98
24942.49 416.99
24943.70 418.00
24944.91 420.00
24946.11 421.50
24947.32 421.25
24948.53 420.12
24949.76 417.56
24950.97 416.28
24952.18 416.14
24953.40 417.57
24954.60 418.79
24955.81 421.39
24957.02 422.20
24958.22 420.60
24959.43 419.80
24960.64 417.90
24961.84 417.45
24963.05 418.22
24964.26 419.61
24965.47 421.31
24966.68 422.15
24967.90 421.58
24969.11 419.29
24970.33 417.14
24971.54 416.57
24972.76 417.29
24973.97 419.14
24975.18 420.57
24976.39 421.79
24977.60 420.89
24978.81 419.95
24980.02 417.97
24981.22 416.99
24982.43 416.49
24983.64 417.75
24984.84 419.37
24986.05 420.69
24987.26 420.84
24988.47 419.92
24989.68 418.46
24990.90 417.23
24992.11 416.62
24993.33 417.31
24994.54 419.15
24995.76 421.08
24996.97 421.54
24998.17 420.77
24999.38 419.38
25000.59 417.19
25001.80 416.10
25003.00 417.05
25004.20 418.52
25005.41 420.76
25006.62 421.38
25007.83 421.19
25009.05 419.10
25010.25 417.55
25011.46 416.77
25012.67 416.39
25013.89 417.69
25015.10 419.35
25016.31 421.17
25017.53 421.09
25018.75 420.54
25019.97 418.77
25021.18 416.89
25022.39 416.94
25023.60 417.97
25024.81 419.99
25026.02 421.49
25027.22 421.25
25028.44 420.12
25029.65 418.56
25030.87 416.78
25032.08 416.89
25033.28 417.95
25034.49 418.97
25035.70 420.99
25036.92 420.99
25038.12 420.50
25039.33 418.75
25040.55 417.37
25041.76 416.19
25042.97 417.09
25044.17 418.55
25045.38 419.77
25046.59 421.39
25047.80 421.19
25049.00 419.60
25050.20 417.30
25051.40 416.65
25052.60 417.82
25053.81 418.41
25055.03 420.21
25056.24 421.60
25057.45 420.80
25058.66 419.90
25059.88 417.95
25061.08 416.48
25062.29 416.74
25063.50 418.37
25064.71 420.18
25065.93 421.09
25067.13 421.05
25068.34 420.52
25069.55 418.76
25070.76 417.38
25071.97 416.69
25073.18 417.85
25074.40 419.42
25075.60 420.71
25076.81 421.36
25078.03 421.18
25079.24 419.09
25080.44 418.04
25081.65 417.02
25082.87 417.01
25084.08 419.01
25085.28 420.50
25086.49 421.25
25087.70 421.63
25088.92 419.81
25090.12 418.41
25091.34 416.70
25092.55 416.85
25093.76 417.43
25094.97 419.21
25096.18 421.11
25097.40 421.05
25098.60 420.53
25099.81 417.76
25101.02 416.38
25102.23 416.69
25103.44 417.35
25104.65 419.17
25105.88 420.59
25107.08 421.29
25108.28 421.15
25109.50 419.07
25110.71 417.54
25111.93 416.27
25113.15 417.63
25114.36 418.82
25115.57 420.91
25116.78 421.45
25117.99 420.73
25119.20 419.36
25120.41 417.18
25121.62 416.59
25122.83 417.30
25124.04 418.15
25125.25 420.07
25126.44 421.04
25127.65 421.02
25128.87 419.51
25130.08 417.75
25131.28 416.88
25132.49 416.44
25133.70 417.72
25134.92 419.36
25136.14 421.18
25137.35 421.09
25138.56 420.54
25139.76 419.27
25140.97 417.14
25142.19 416.57
25143.40 417.78
25144.60 419.89
25145.81 421.45
25147.02 421.72
25148.23 420.86
25149.44 418.93
25150.65 417.47
25151.88 416.23
25153.08 417.12
25154.29 418.56
25155.50 420.28
25156.70 420.64
25157.92 420.82
25159.12 419.41
25160.34 417.20
25161.55 417.10
25162.76 417.05
25163.97 419.03
25165.17 420.01
25166.38 421.51
25167.59 421.75
25168.80 419.88
25170.00 418.44
25171.20 416.72
25172.41 416.36
25173.63 417.68
25174.84 419.34
25176.05 421.17
25177.26 421.08
25178.47 420.04
25179.68 418.02
25180.89 417.01
25182.10 416.51
25183.31 417.75
25184.52 418.88
25185.74 420.94
25186.95 420.97
25188.16 419.98
25189.37 418.49
25190.58 416.75
25191.79 416.37
25193.00 417.19
25194.20 419.09
25195.40 420.55
25196.60 420.77
25197.81 420.89
25199.02 419.44
25200.23 417.72
25201.44 417.36
25202.65 416.68
25203.88 417.84
25205.08 419.92
25206.28 421.46
25207.49 420.73
25208.70 419.87
25209.92 417.93
25211.12 416.47
25212.34 416.73
25213.55 417.87
25214.76 419.43
25215.97 420.72
25217.18 420.86
25218.39 419.93
25219.60 418.46
25220.81 416.73
25222.02 416.87
25223.23 417.43
25224.44 419.22
25225.65 420.61
25226.88 421.30
25228.08 420.65
25229.28 418.83
25230.50 416.91
25231.71 416.46
25232.93 417.73
25234.14 418.86
25235.35 420.43
25236.56 421.22
25237.77 421.11
25238.99 419.05
25240.20 417.53
25241.41 416.26
25242.62 416.63
25243.84 417.82
25245.05 419.91
25246.25 421.45
25247.46 421.23
25248.68 420.11
25249.90 418.06
25251.10 417.53
25252.31 417.26
25253.52 417.63
25254.74 420.32
25255.96 421.16
25257.17 421.58
25258.38 420.29
25259.59 419.14
25260.80 417.57
25262.00 416.29
25263.20 417.14
25264.41 419.07
25265.62 421.04
25266.83 421.52
25268.04 420.76
25269.25 419.38
25270.46 417.69
25271.67 416.34
25272.89 417.17
25274.10 418.59
25275.31 420.29
25276.52 421.15
25277.75 421.07
25278.96 419.54
25280.17 417.27
25281.38 416.63
25282.59 416.82
25283.80 418.41
25285.00 420.70
25286.20 421.85
25287.41 421.43
25288.62 420.21
25289.84 418.11
25291.05 417.55
25292.26 416.78
25293.47 417.89
25294.68 419.44
25295.89 421.22
25297.10 421.11
25298.31 420.56
25299.52 418.78
25300.74 417.89
25301.95 416.94
25303.16 417.47
25304.37 419.24
25305.59 420.62
25306.80 421.81
25308.00 420.40
25309.20 419.70
25310.40 417.35
25311.60 416.68
25312.81 417.84
25314.02 418.42
25315.23 420.71
25316.44 421.35
25317.65 420.68
25318.88 419.34
25320.08 418.17
25321.29 416.58
25322.50 416.79
25323.71 417.40
25324.92 419.70
25326.13 420.85
25327.35 420.92
25328.56 420.46
25329.76 418.23
25330.97 416.62
25332.19 416.31
25333.41 417.15
25334.62 419.58
25335.83 420.79
25337.04 420.39
25338.25 419.70
25339.45 418.85
25340.66 416.92
25341.89 415.96
25343.10 416.48
25344.31 418.24
25345.52 420.62
25346.74 420.81
25347.95 420.41
25349.16 418.70
25350.37 417.85
25351.58 416.93
25352.79 417.46
25354.00 418.73
25355.20 420.87
25356.41 421.93
25357.62 421.47
25358.84 419.73
25360.05 418.37
25361.25 417.18
25362.46 416.59
25363.67 418.30
25364.89 419.15
25366.09 420.57
25367.30 421.29
25368.51 419.64
25369.73 417.82
25370.95 417.41
25372.16 416.71
25373.37 417.35
25374.58 419.68
25375.79 420.34
25377.00 420.67
25378.20 420.33
25379.41 418.17
25380.62 417.08
25381.83 416.04
25383.05 417.52
25384.25 418.76
25385.46 420.88
25386.67 421.94
25387.89 420.97
25389.09 418.99
25390.30 417.49
25391.51 416.25
25392.73 417.62
25393.95 418.81
25395.16 420.91
25396.38 421.95
25397.59 420.98
25398.80 419.49
25400.00 417.24
25401.20 416.62
25402.41 415.81
25403.63 417.41
25404.84 419.70
25406.05 421.35
25407.25 421.68
25408.46 420.34
25409.68 418.17
25410.90 417.58
25412.11 416.79
25413.33 417.90
25414.53 419.45
25415.75 420.72
25416.96 420.86
25418.16 420.43
25419.38 418.22
25420.60 417.61
25421.81 416.80
25423.02 417.40
25424.22 418.70
25425.43 420.85
25426.64 421.43
25427.86 420.71
25429.07 419.36
25430.28 417.68
25431.49 417.34
25432.70 417.17
25433.92 419.08
25435.13 420.54
25436.34 421.77
25437.55 420.89
25438.76 419.94
25439.97 418.47
25441.18 416.74
25442.40 416.37
25443.60 418.18
25444.81 419.59
25446.02 420.80
25447.22 420.90
25448.43 419.95
25449.65 418.47
25450.87 417.74
25452.08 416.37
25453.28 417.18
25454.49 418.59
25455.70 420.80
25456.91 421.90
25458.12 420.95
25459.33 418.47
25460.55 417.24
25461.77 417.12
25462.98 418.06
25464.19 419.53
25465.40 421.26
25466.60 421.63
25467.81 421.32
25469.03 419.66
25470.24 418.33
25471.45 417.16
25472.67 417.08
25473.89 418.54
25475.09 419.77
25476.29 420.89
25477.50 420.94
25478.70 419.97
25479.92 417.99
25481.12 416.99
25482.33 416.00
25483.53 417.50
25484.74 418.75
25485.96 420.87
25487.16 420.44
25488.39 420.22
25489.60 418.11
25490.81 416.55
25492.02 416.28
