32073.61 303.20
32074.82 303.60
32076.03 305.30
32077.23 304.65
32078.44 304.33
32079.66 303.16
32080.89 301.58
32082.10 302.29
32083.31 303.15
32084.52 304.07
32085.74 304.04
32086.95 304.52
32088.16 304.76
32089.37 303.38
32090.58 302.69
32091.79 301.84
32093.00 301.92
32094.20 302.96
32095.41 304.98
32096.62 304.99
32097.83 304.50
32099.04 303.75
32100.25 303.37
32101.45 301.69
32102.66 301.84
32103.88 303.42
32105.08 304.71
32106.29 304.36
32107.51 304.18
32108.73 304.59
32109.94 303.29
32111.15 301.65
32112.36 301.32
32113.58 302.66
32114.79 303.83
32116.00 304.42
32117.20 304.71
32118.41 303.85
32119.62 303.43
32120.84 302.21
32122.05 301.61
32123.26 303.30
32124.47 303.15
32125.68 305.08
32126.90 304.54
32128.11 303.77
32129.33 302.88
32130.54 302.94
32131.75 301.47
32132.97 302.24
32134.18 302.62
32135.39 303.81
32136.60 304.90
32137.80 304.45
32139.00 303.73
32140.20 303.36
32141.41 301.68
32142.62 302.34
32143.83 302.67
32145.04 303.34
32146.25 304.17
32147.46 304.08
32148.67 303.54
32149.89 303.27
32151.09 301.64
32152.30 302.32
32153.51 302.66
32154.72 303.33
32155.94 303.66
32157.15 304.83
32158.36 304.42
32159.58 303.21
32160.80 302.10
32162.00 301.55
32163.20 303.28
32164.41 304.14
32165.62 304.07
32166.83 305.53
32168.04 304.77
32169.25 303.38
32170.45 303.19
32171.66 301.60
32172.88 301.80
32174.08 302.90
32175.28 303.45
32176.49 305.22
32177.70 304.61
32178.92 303.81
32180.13 302.40
32181.34 302.20
32182.55 302.10
32183.76 302.55
32184.97 303.28
32186.18 304.14
32187.39 304.57
32188.60 304.78
32189.81 303.39
32191.02 303.20
32192.22 302.10
32193.43 302.55
32194.64 583.77
32195.84 743.89
32197.05 828.94
32198.25 870.47
32199.46 891.24
32200.68 904.62
32201.90 912.81
32203.10 913.90
32204.31 913.95
32205.52 918.48
32206.74 917.74
32207.95 918.87
32209.16 920.43
32210.37 918.72
32211.58 920.86
32212.80 920.43
32214.01 921.71
32215.22 922.86
32216.42 923.93
32217.64 921.46
32218.84 922.73
32220.05 922.87
32221.26 919.43
32222.47 921.72
32223.68 921.36
32224.91 922.18
32226.12 919.59
32227.34 920.79
32228.55 922.90
32229.76 921.45
32230.97 922.72
32232.18 922.86
32233.39 921.43
32234.60 921.72
32235.81 920.36
32237.02 920.18
32238.23 921.59
32239.44 921.29
32240.65 922.65
32241.88 919.82
32243.08 922.41
32244.29 922.71
32245.51 919.35
32246.73 921.68
32247.94 923.34
32249.16 921.17
32250.37 920.58
32251.58 921.79
32252.79 919.40
32253.99 921.20
32255.20 922.60
32256.41 920.80
32257.61 922.40
32258.82 923.70
32260.03 924.35
32261.25 920.17
32262.45 922.59
32263.66 923.29
32264.89 922.15
32266.10 923.07
32267.30 921.04
32268.50 920.52
32269.71 923.26
32270.93 923.13
32272.15 919.56
32273.36 921.78
32274.58 919.89
32275.78 922.45
32277.00 919.72
32278.19 922.86
32279.41 921.43
32280.62 922.72
32281.83 922.86
32283.05 920.93
32284.25 921.96
32285.46 922.98
32286.67 920.99
32287.89 919.00
32289.09 921.00
32290.28 919.00
32291.48 922.00
32292.68 919.50
32293.90 922.25
32295.10 922.62
32296.32 922.31
32297.53 923.66
32298.75 921.33
32299.96 920.66
32301.16 921.83
32302.37 922.42
32303.59 919.71
32304.80 920.35
32306.01 922.18
32307.22 921.59
32308.42 922.29
32309.64 921.65
32310.86 922.32
32312.08 919.66
32313.28 921.83
32314.50 920.42
32315.70 922.21
32316.92 922.60
32318.13 922.30
32319.34 923.65
32320.55 922.33
32321.76 923.16
32322.97 924.58
32324.18 924.29
32325.39 922.65
32326.60 921.32
32327.82 920.16
32329.03 918.58
32330.23 921.29
32331.44 922.65
32332.66 924.32
32333.89 922.66
32335.09 922.83
32336.29 919.92
32337.50 919.96
32338.70 920.48
32339.92 919.74
32341.14 921.87
32342.35 920.43
32343.57 920.22
32344.78 920.11
32346.00 922.55
32347.20 920.78
32348.41 920.39
32349.62 922.69
32350.83 921.35
32352.05 920.67
32353.25 919.84
32354.47 922.42
32355.68 923.21
32356.91 924.60
32358.12 921.30
32359.33 923.15
32360.54 924.58
32361.75 923.79
32362.96 919.89
32364.16 919.95
32365.37 921.47
32366.58 919.24
32367.80 920.12
32369.00 919.56
32370.20 921.78
32371.41 923.39
32372.63 923.19
32373.84 921.60
32375.05 920.30
32376.25 921.15
32377.47 920.07
32378.67 922.04
32379.90 924.02
32381.10 921.51
32382.31 921.75
32383.52 923.88
32384.74 924.94
32385.95 924.97
32387.16 922.48
32388.37 924.24
32389.58 924.12
32390.79 924.56
32392.00 920.28
32393.19 921.64
32394.41 918.82
32395.62 881.91
32396.83 842.46
32398.05 802.73
32399.25 767.36
32400.46 736.68
32401.67 707.84
32402.89 683.42
32404.09 661.71
32405.30 641.86
32406.51 622.93
32407.73 604.46
32408.95 587.23
32410.16 572.62
32411.37 558.81
32412.59 546.40
32413.80 535.20
32415.00 525.60
32416.20 516.30
32417.40 506.15
32418.60 497.08
32419.81 488.04
32421.02 479.02
32422.22 472.01
32423.43 465.50
32424.64 460.25
32425.86 455.13
32427.08 450.56
32428.28 444.28
32429.49 439.14
32430.70 433.57
32431.92 428.79
32433.13 424.39
32434.35 421.20
32435.56 419.10
32436.76 416.05
32437.97 412.52
32439.18 408.26
32440.39 404.63
32441.60 400.82
32442.81 398.91
32444.02 396.45
32445.23 395.23
32446.44 393.61
32447.66 390.81
32448.89 387.40
32450.09 385.20
32451.29 382.10
32452.50 380.55
32453.71 379.28
32454.93 379.14
32456.15 378.57
32457.36 376.78
32458.57 373.89
32459.78 371.45
32461.00 369.22
32462.20 367.61
32463.41 366.81
32464.62 366.40
32465.83 366.70
32467.04 365.85
32468.25 363.93
32469.45 361.96
32470.66 359.48
32471.88 358.24
32473.09 357.62
32474.30 357.31
32475.51 357.66
32476.73 357.33
32477.95 357.16
32479.16 354.58
32480.38 352.29
32481.59 351.65
32482.80 350.82
32484.00 351.41
32485.20 352.21
32486.41 352.10
32487.62 350.55
32488.83 349.28
32490.05 346.64
32491.25 345.82
32492.46 344.91
32493.67 345.95
32494.89 345.98
32496.09 347.49
32497.29 345.74
32498.50 344.37
32499.73 342.69
32500.94 341.34
32502.15 341.67
32503.36 341.34
32504.58 341.67
32505.79 341.83
32507.00 341.42
32508.20 340.71
32509.41 338.85
32510.62 337.93
32511.84 337.46
32513.05 337.23
32514.25 338.12
32515.47 338.56
32516.68 338.78
32517.89 338.89
32519.10 337.44
32520.32 335.72
32521.53 333.86
32522.74 334.43
32523.95 335.22
32525.16 337.11
32526.38 337.55
32527.59 336.78
32528.80 334.39
32530.00 333.19
32531.20 332.10
32532.41 331.55
32533.63 332.27
32534.85 333.14
32536.06 334.07
32537.26 333.53
32538.47 333.27
32539.68 331.13
32540.91 329.57
32542.12 330.28
32543.33 330.14
32544.55 331.07
32545.76 333.04
32546.97 332.52
32548.18 331.76
32549.39 329.88
32550.60 328.44
32551.81 327.22
32553.02 327.61
32554.23 328.30
32555.44 330.65
32556.65 330.83
32557.87 329.91
32559.08 327.96
32560.29 326.98
32561.50 325.99
32562.70 326.49
32563.92 327.25
32565.13 328.12
32566.35 328.56
32567.56 328.28
32568.76 327.14
32569.97 326.07
32571.18 325.04
32572.39 324.52
32573.60 324.76
32574.81 325.88
32576.02 326.94
32577.22 327.97
32578.43 326.48
32579.64 324.74
32580.85 323.87
32582.06 323.44
32583.27 323.72
32584.48 324.86
32585.68 325.93
32586.91 326.46
32588.12 325.23
32589.33 324.12
32590.55 323.56
32591.76 323.28
32592.97 322.64
32594.18 323.32
32595.39 605.16
32596.60 758.08
32597.80 835.04
32599.00 877.02
32600.20 897.51
32601.41 907.26
32602.62 913.63
32603.85 917.31
32605.07 920.16
32606.27 921.08
32607.49 921.04
32608.69 920.52
32609.91 921.76
32611.12 920.38
32612.34 920.19
32613.56 920.09
32614.76 919.55
32615.98 917.77
32617.19 917.39
32618.40 918.69
32619.61 921.35
32620.83 922.17
32622.05 919.09
32623.24 922.04
32624.45 923.52
32625.66 923.76
32626.89 923.38
32628.09 921.69
32629.30 922.85
32630.51 919.92
32631.73 921.96
32632.94 921.98
32634.16 920.99
32635.37 920.00
32636.58 923.00
32637.78 921.50
32638.99 920.25
32640.20 918.62
32641.41 921.81
32642.62 919.41
32643.84 919.70
32645.04 921.85
32646.24 923.43
32647.46 920.71
32648.68 920.36
32649.90 923.18
32651.11 920.09
32652.31 922.04
32653.52 921.52
32654.73 920.26
32655.95 918.13
32657.16 922.07
32658.37 919.53
32659.59 918.27
32660.80 921.63
32662.01 919.32
32663.22 918.16
32664.43 919.08
32665.65 921.54
32666.86 922.27
32668.08 921.13
32669.28 923.07
32670.49 923.03
32671.70 921.52
32672.92 923.76
32674.13 921.38
32675.34 923.69
32676.56 923.34
32677.76 920.17
32678.98 922.09
32680.18 924.04
32681.40 923.52
32682.60 920.26
32683.81 920.13
32685.03 918.57
32686.24 921.28
32687.45 923.64
32688.66 922.32
32689.89 919.16
32691.10 923.08
32692.30 923.54
32693.51 924.27
32694.73 924.14
32695.94 924.57
32697.16 921.78
32698.38 920.89
32699.59 920.45
32700.80 921.72
32702.01 921.36
32703.22 922.68
32704.43 919.84
32705.63 921.42
32706.86 923.71
32708.07 920.36
32709.28 923.68
32710.49 921.34
32711.70 919.17
32712.92 921.58
32714.12 920.79
32715.34 919.90
32716.55 918.45
32717.76 921.72
32718.98 919.36
32720.18 921.68
32721.40 921.34
32722.60 922.67
32723.81 922.84
32725.03 923.42
32726.24 921.21
32727.45 920.60
32728.66 923.30
32729.88 922.15
32731.08 921.08
32732.29 923.54
32733.50 921.27
32734.72 922.13
32735.93 922.57
32737.15 922.28
32738.36 923.64
32739.57 920.32
32740.78 922.16
32742.00 920.58
32743.20 918.79
32744.41 919.40
32745.62 922.20
32746.84 921.10
32748.05 922.55
32749.26 923.27
32750.47 924.14
32751.68 920.57
32752.91 920.28
32754.12 920.14
32755.34 922.57
32756.55 921.29
32757.77 923.64
32758.98 924.32
32760.19 922.16
32761.41 924.08
32762.61 924.54
32763.83 924.27
32765.05 924.14
32766.26 925.07
32767.47 922.03
32768.67 919.52
32769.89 919.76
32771.10 921.88
32772.32 922.44
32773.53 919.72
32774.74 918.36
32775.95 920.18
32777.16 919.59
32778.37 919.79
32779.59 921.40
32780.79 922.20
32782.00 923.10
32783.19 923.55
32784.40 921.77
32785.61 923.39
32786.83 921.69
32788.03 922.85
32789.24 922.92
32790.45 919.46
32791.66 922.73
32792.88 923.87
32794.09 921.93
32795.30 921.47
32796.50 922.73
32797.72 923.87
32798.93 888.93
32800.14 844.97
32801.35 805.48
32802.55 770.74
32803.76 740.37
32804.97 712.69
32806.18 686.34
32807.39 663.17
32808.60 642.59
32809.81 623.79
32811.02 604.90
32812.22 588.45
32813.43 575.22
32814.64 562.11
32815.87 550.06
32817.07 538.53
32818.28 527.26
32819.49 516.63
32820.71 505.82
32821.92 496.41
32823.13 488.70
32824.34 482.85
32825.55 475.93
32826.76 469.46
32827.97 462.23
32829.18 456.12
32830.39 449.56
32831.61 443.78
32832.82 439.39
32834.03 435.69
32835.23 431.85
32836.44 427.92
32837.65 423.96
32838.87 420.48
32840.07 415.74
32841.28 411.37
32842.48 408.19
32843.71 405.59
32844.92 403.30
32846.13 401.65
32847.34 398.82
32848.55 395.91
32849.76 391.96
32850.96 389.48
32852.17 387.24
32853.38 385.62
32854.59 384.81
32855.80 383.40
32857.00 382.20
32858.17 380.10
32859.38 377.55
32860.59 375.28
32861.80 373.64
32863.01 371.82
32864.22 371.91
32865.44 371.45
32866.64 370.23
32867.87 369.11
32869.08 366.56
32870.29 364.28
32871.50 362.14
32872.71 361.57
32873.93 361.28
32875.14 361.64
32876.35 360.82
32877.56 359.91
32878.77 357.96
32879.99 355.98
32881.19 354.49
32882.40 353.74
32883.61 354.37
32884.82 354.69
32886.03 354.34
32887.23 353.67
32888.44 352.84
32889.65 350.42
32890.88 348.71
32892.09 348.35
32893.30 348.18
32894.51 348.59
32895.72 348.79
32896.93 348.40
32898.14 347.20
32899.35 345.60
32900.55 343.80
32901.76 343.40
32902.96 342.70
32904.17 343.35
32905.39 345.17
32906.60 344.59
32907.80 343.29
32909.01 342.15
32910.22 340.57
32911.43 339.79
32912.64 338.89
32913.85 339.45
32915.06 340.22
32916.27 340.61
32917.48 340.81
32918.69 339.90
32919.90 337.95
32921.11 336.48
32922.32 336.74
32923.53 336.87
32924.74 337.93
32925.95 337.47
32927.16 338.23
32928.37 337.62
32929.59 335.31
32930.81 333.65
32932.02 332.83
32933.23 333.91
32934.44 334.46
32935.65 335.23
32936.87 334.61
32938.08 334.81
32939.29 332.90
32940.50 331.45
32941.71 330.73
32942.93 330.36
32944.14 331.68
32945.35 332.34
32946.55 332.67
32947.76 332.34
32948.98 331.17
32950.19 330.08
32951.39 329.04
32952.60 330.02
32953.80 330.01
32955.00 331.01
32956.20 331.50
32957.40 331.25
32958.62 329.63
32959.84 328.81
32961.05 327.91
32962.26 326.95
32963.47 328.48
32964.67 329.24
32965.89 330.12
32967.10 329.56
32968.31 329.78
32969.51 328.39
32970.72 326.19
32971.94 325.10
32973.15 326.05
32974.35 327.52
32975.56 327.76
32976.77 328.38
32977.98 328.19
32979.19 326.60
32980.39 325.30
32981.60 325.15
32982.81 324.57
32984.02 325.79
32985.23 326.39
32986.44 327.20
32987.65 326.60
32988.87 325.80
32990.07 323.90
32991.28 322.95
32992.48 322.97
32993.70 323.99
32994.91 325.49
32996.12 325.75
32997.33 325.37
32998.54 467.19
32999.76 687.09
33000.96 797.55
33002.17 855.27
33003.37 883.64
33004.59 899.82
33005.79 909.41
33007.00 912.70
33008.19 913.85
33009.40 917.93
33010.61 916.46
33011.83 917.73
33013.04 918.87
33014.25 919.93
33015.46 920.97
33016.66 921.98
33017.88 920.49
33019.09 922.25
33020.30 921.62
33021.51 920.81
33022.72 920.41
33023.94 921.70
33025.15 922.85
33026.36 923.93
33027.57 920.46
33028.78 922.73
33029.99 919.87
33031.19 922.43
33032.40 920.72
33033.61 922.36
33034.83 919.18
33036.04 921.09
33037.24 920.54
33038.46 922.77
33039.67 920.89
33040.89 920.44
33042.10 921.22
33043.30 923.11
33044.51 924.06
33045.72 920.53
33046.94 921.26
33048.15 921.63
33049.36 922.82
33050.57 920.91
33051.79 918.45
33052.99 920.23
33054.20 920.11
33055.41 920.56
33056.62 922.28
33057.85 922.14
33059.06 921.57
33060.27 920.78
33061.47 922.89
33062.68 919.95
33063.89 922.47
33065.12 921.74
33066.33 919.87
33067.53 921.93
33068.75 923.47
33069.96 920.23
33071.17 922.12
33072.39 922.56
33073.59 923.28
33074.80 923.64
33076.01 924.32
33077.22 923.66
33078.44 920.33
33079.65 918.66
33080.87 921.33
33082.08 922.17
33083.29 919.58
33084.50 921.79
33085.71 920.40
33086.91 919.70
33088.12 921.85
33089.33 922.42
33090.54 920.71
33091.76 921.86
33092.97 922.43
33094.18 923.71
33095.39 921.86
33096.60 923.43
33097.81 924.21
33099.03 922.61
33100.23 920.80
33101.44 923.40
33102.65 922.20
33103.87 923.10
33105.07 921.55
33106.28 923.28
33107.50 923.64
33108.71 922.82
33109.92 921.41
33111.14 922.70
33112.34 923.85
33113.55 923.43
33114.77 921.71
33115.99 922.36
33117.20 922.68
33118.41 922.84
33119.62 921.42
33120.84 920.71
33122.05 921.85
33123.25 920.93
33124.46 921.96
33125.67 920.98
33126.88 919.49
33128.09 919.75
33129.30 922.37
33130.51 921.69
33131.72 920.84
33132.93 922.92
33134.14 922.46
33135.35 921.23
33136.57 922.62
33137.79 922.81
33139.00 921.40
33140.19 921.20
33141.40 922.60
33142.60 923.80
33143.81 923.90
33145.01 923.95
33146.23 924.48
33147.44 923.74
33148.65 921.37
33149.87 919.18
33151.08 921.09
33152.28 920.55
33153.49 922.27
33154.71 923.14
33155.92 923.57
33157.13 924.28
33158.35 924.64
33159.55 924.32
33160.77 923.66
33161.98 921.33
33163.19 922.67
33164.41 920.83
33165.63 920.42
33166.85 922.21
33168.06 922.60
33169.27 921.30
33170.47 922.15
33171.68 919.08
33172.90 920.54
33174.11 920.27
33175.32 919.63
33176.54 919.32
33177.76 918.16
33178.97 920.08
33180.18 919.54
33181.39 921.77
33182.60 923.38
33183.81 921.69
33185.02 919.35
33186.22 920.67
33187.44 918.84
33188.65 919.92
33189.88 919.46
33191.09 921.73
33192.30 923.36
33193.51 921.68
33194.72 922.84
33195.93 921.92
33197.14 922.96
33198.35 920.98
33199.55 894.49
33200.76 854.75
33201.98 813.37
33203.19 779.19
33204.40 748.09
33205.60 719.05
33206.80 693.02
33208.00 669.51
33209.20 646.76
33210.41 626.88
33211.62 608.44
33212.84 592.72
33214.05 579.36
33215.26 565.18
33216.48 552.09
33217.70 539.54
33218.91 528.77
33220.12 517.89
33221.34 507.44
33222.55 499.22
33223.76 491.61
33224.98 484.81
33226.19 477.40
33227.39 470.20
33228.60 463.60
33229.80 456.80
33231.01 450.40
33232.21 445.70
33233.42 440.85
33234.63 436.43
33235.85 433.21
33237.07 429.11
33238.28 424.55
33239.48 420.28
33240.70 416.14
33241.91 412.57
33243.13 409.78
33244.34 407.39
33245.55 405.20
33246.76 403.10
33247.96 399.55
33249.17 395.77
33250.39 393.39
33251.60 390.19
33252.81 388.10
33254.02 386.55
33255.23 385.77
33256.45 383.89
33257.66 382.94
33258.87 379.97
33260.08 377.49
33261.29 374.74
33262.50 373.37
33263.71 372.69
33264.92 372.84
33266.13 371.42
33267.35 369.71
33268.56 367.86
33269.77 365.93
33270.98 363.96
33272.19 362.98
33273.39 361.99
33274.60 362.00
33275.80 362.50
33277.00 361.25
33278.20 359.62
33279.41 358.31
33280.63 356.16
33281.85 354.58
33283.06 354.29
33284.27 354.14
33285.48 355.57
33286.69 354.79
33287.90 352.89
33289.10 351.95
33290.31 349.97
33291.51 347.99
33292.72 348.49
33293.93 348.75
33295.14 348.87
33296.35 349.44
33297.56 348.72
33298.77 346.36
33299.98 344.68
33301.19 343.84
33302.39 343.42
33303.60 343.21
33304.82 343.60
33306.02 343.80
33307.22 344.40
33308.43 342.70
33309.64 341.35
33310.86 339.68
33312.07 339.34
33313.28 339.17
33314.49 340.08
33315.70 341.54
33316.91 341.77
33318.12 340.39
33319.34 338.19
33320.55 337.60
33321.76 336.80
33322.96 336.90
33324.17 336.95
33325.38 337.47
33326.59 337.74
33327.80 336.87
33329.00 335.93
33330.20 333.97
33331.41 332.98
33332.62 333.49
33333.83 334.25
33335.05 334.62
33336.26 335.81
33337.48 334.91
33338.70 333.45
33339.91 332.23
33341.12 331.61
33342.34 330.81
33343.55 331.40
33344.76 333.20
33345.97 333.10
33347.18 333.05
33348.39 331.53
33349.60 329.76
33350.83 328.88
33352.03 329.44
33353.23 329.72
33354.44 329.86
33355.65 331.43
33356.87 331.22
33358.08 330.11
33359.29 328.55
33360.50 328.78
33361.71 327.39
33362.92 327.69
33364.14 328.85
33365.35 329.42
33366.55 330.21
33367.76 329.11
33368.98 327.55
33370.19 327.28
33371.40 326.14
33372.61 325.57
33373.83 326.28
33375.04 327.64
33376.25 328.32
33377.46 328.16
33378.67 326.58
33379.89 325.29
33381.10 325.15
33382.31 324.57
33383.52 325.79
33384.73 326.39
33385.94 327.70
33387.15 326.85
33388.36 325.42
33389.57 325.21
33390.79 324.11
33392.00 323.55
33393.20 323.78
33394.41 324.89
33395.62 325.94
33396.83 325.47
33398.04 324.74
33399.25 324.87
33400.46 613.93
33401.67 764.47
33402.89 838.73
33404.10 877.87
33405.31 897.93
33406.52 908.97
33407.73 912.98
33408.94 912.99
33410.14 916.00
33411.34 918.00
33412.54 918.50
33413.76 916.25
33414.97 916.62
33416.18 919.31
33417.39 921.16
33418.61 922.08
33419.82 922.54
33421.03 922.27
33422.24 922.63
33423.46 919.32
33424.67 919.16
33425.90 918.08
33427.10 921.04
33428.30 919.02
33429.50 921.01
33430.70 922.00
33431.90 922.00
33433.09 921.00
33434.28 923.00
33435.48 920.00
33436.69 922.50
33437.90 919.25
33439.11 921.13
33440.33 922.56
33441.54 921.28
33442.75 920.14
33443.96 921.07
33445.17 920.54
33446.38 922.27
33447.60 920.63
33448.80 922.32
33450.01 922.66
33451.22 919.33
33452.43 921.66
33453.64 922.33
33454.87 919.67
33456.08 921.83
33457.29 919.42
33458.51 918.21
33459.72 920.10
33460.93 921.55
33462.14 921.78
33463.35 922.89
33464.56 922.94
33465.77 919.97
33466.98 922.49
33468.18 923.74
33469.39 923.87
33470.61 920.94
33471.83 922.47
33473.04 920.73
33474.25 920.87
33475.46 922.43
33476.68 923.22
33477.90 923.11
33479.11 919.55
33480.32 920.78
33481.53 922.89
33482.74 924.44
33483.96 924.72
33485.17 924.86
33486.38 920.93
33487.58 922.97
33488.80 921.48
33490.00 922.74
33491.20 921.87
33492.41 919.44
33493.62 919.72
33494.85 919.36
33496.06 921.68
33497.26 922.34
33498.47 923.17
33499.70 923.58
33500.90 924.29
33502.12 923.65
33503.33 920.32
33504.54 921.66
33505.76 922.83
33506.96 923.92
33508.18 923.46
33509.39 921.23
33510.61 920.11
33511.83 919.06
33513.04 920.53
33514.25 922.26
33515.46 919.63
33516.68 920.82
33517.89 921.91
33519.11 922.45
33520.32 922.73
33521.54 923.36
33522.74 924.18
33523.96 924.09
33525.16 920.55
33526.37 923.27
33527.59 921.14
33528.80 920.57
33530.01 921.78
33531.22 918.89
33532.43 920.45
33533.64 921.72
33534.86 922.36
33536.07 922.68
33537.27 923.34
33538.48 923.17
33539.70 920.59
33540.90 921.79
33542.11 921.40
33543.32 919.20
33544.53 920.10
33545.74 922.05
33546.94 922.52
33548.16 919.76
33549.37 919.88
33550.57 921.94
33551.79 919.47
33552.99 921.74
33554.20 920.87
33555.41 920.93
33556.64 918.97
33557.85 920.48
33559.07 921.74
33560.28 920.87
33561.48 920.94
33562.70 918.97
33563.91 920.98
33565.12 922.49
33566.33 921.75
33567.54 923.37
33568.76 920.19
33569.97 922.09
33571.17 922.55
33572.39 920.27
33573.60 922.14
33574.82 921.07
33576.02 923.03
33577.23 919.52
33578.44 920.76
33579.65 921.88
33580.86 922.94
33582.08 923.97
33583.28 923.98
33584.49 924.49
33585.70 924.25
33586.90 925.12
33588.12 924.06
33589.32 924.03
33590.53 921.52
33591.74 921.76
33592.95 923.88
33594.16 920.44
33595.38 922.72
33596.59 922.86
33597.81 923.93
33599.03 923.46
33600.23 905.73
33601.44 868.37
33602.66 826.18
33603.87 790.59
33605.08 757.30
33606.28 727.15
33607.49 698.57
33608.70 673.29
33609.91 652.14
33611.12 632.57
33612.34 614.79
33613.55 597.39
33614.76 582.20
33615.97 569.10
33617.18 556.55
33618.39 543.27
33619.60 530.64
33620.82 519.82
33622.03 509.91
33623.23 501.95
33624.44 493.98
33625.65 486.99
33626.87 479.99
33628.07 472.00
33629.28 465.00
33630.48 457.50
33631.69 452.25
33632.91 446.62
33634.12 443.31
33635.34 439.16
33636.55 434.58
33637.76 429.79
33638.97 424.89
33640.18 420.95
33641.39 416.97
33642.60 413.49
33643.81 410.24
33645.02 408.12
33646.23 406.06
33647.44 403.03
33648.65 400.02
33649.87 397.01
33651.07 393.00
33652.27 391.00
33653.47 389.00
33654.67 388.00
33655.87 387.50
33657.08 385.25
33658.29 382.63
33659.51 379.81
33660.72 376.91
33661.94 374.95
33663.16 373.48
33664.37 373.74
33665.58 373.87
33666.79 373.43
33668.00 370.72
33669.18 368.36
33670.39 366.18
33671.60 364.09
33672.81 363.04
33674.02 364.02
33675.22 363.01
33676.44 362.51
33677.65 361.25
33678.87 360.13
33680.09 358.06
33681.29 356.03
33682.50 355.52
33683.71 354.76
33684.92 355.38
33686.13 355.19
33687.35 354.59
33688.55 353.80
33689.76 351.40
33690.97 350.20
33692.18 349.60
33693.39 349.30
33694.60 350.15
33695.81 349.57
33697.02 350.29
33698.23 348.14
33699.44 346.07
33700.65 344.54
33701.88 344.77
33703.09 344.88
33704.29 344.94
33705.50 345.47
33706.71 344.74
33707.92 343.87
33709.13 342.43
33710.35 341.22
33711.56 340.11
33712.78 340.05
33713.99 340.53
33715.20 341.76
33716.41 341.38
33717.62 340.69
33718.84 339.85
33720.05 337.42
33721.26 337.21
33722.48 336.61
33723.69 337.80
33724.90 338.40
33726.10 338.20
33727.30 338.10
33728.50 336.55
33729.71 335.78
33730.92 334.39
33732.13 333.69
33733.34 333.85
33734.55 334.92
33735.76 335.96
33736.96 336.48
33738.17 335.74
33739.38 333.87
33740.59 331.94
33741.82 330.97
33743.03 331.48
33744.23 332.24
33745.44 333.62
33746.65 333.81
33747.87 332.91
33749.09 331.95
33750.30 329.98
33751.51 330.49
33752.71 329.74
33753.92 331.37
33755.14 332.69
33756.35 333.34
33757.56 331.67
33758.77 330.34
33759.99 329.17
33761.20 328.08
33762.40 328.04
33763.60 328.52
33764.82 329.26
33766.03 330.13
33767.23 329.07
33768.45 329.03
33769.66 327.52
33770.88 325.76
33772.09 326.38
33773.30 326.19
33774.51 328.09
33775.71 328.05
33776.92 329.52
33778.13 328.76
33779.35 326.88
33780.55 325.44
33781.77 325.22
33782.98 325.11
33784.19 326.06
33785.40 326.53
33786.61 327.26
33787.83 326.63
33789.05 325.82
33790.26 323.91
33791.48 323.45
33792.69 324.73
33793.90 324.86
33795.10 325.43
33796.31 325.72
33797.52 326.36
33798.73 325.18
33799.95 323.59
33801.16 608.29
33802.37 759.65
33803.58 835.82
33804.80 877.41
33806.01 895.71
33807.21 906.85
33808.43 912.93
33809.64 913.46
33810.85 916.73
33812.07 919.87
33813.28 919.43
33814.49 921.22
33815.71 918.61
33816.92 919.30
33818.13 921.15
33819.35 919.08
33820.55 917.54
33821.76 919.77
33822.97 921.38
33824.17 922.19
33825.39 919.60
33826.60 921.30
33827.80 919.15
33829.01 920.57
33830.23 918.79
33831.44 920.39
33832.65 919.70
33833.86 921.35
33835.07 922.67
33836.28 922.84
33837.49 919.92
33838.69 921.46
33839.91 919.23
33841.12 921.61
33842.34 921.31
33843.55 918.65
33844.76 918.33
33845.98 921.16
33847.19 921.08
33848.39 922.54
33849.60 919.77
33850.82 921.89
33852.02 922.44
33853.23 921.72
33854.46 922.36
33855.67 920.68
33856.88 921.34
33858.09 923.17
33859.30 920.59
33860.51 922.29
33861.71 920.65
33862.93 922.32
33864.14 923.16
33865.36 920.08
33866.57 921.54
33867.78 918.77
33869.00 920.39
33870.18 920.19
33871.39 922.60
33872.60 919.80
33873.81 918.40
33875.02 917.70
33876.22 920.35
33877.43 922.67
33878.64 919.84
33879.87 917.92
33881.09 921.96
33882.29 922.48
33883.50 919.24
33884.70 921.62
33885.91 922.31
33887.13 921.15
33888.35 923.08
33889.55 920.04
33890.76 922.52
33891.97 922.76
33893.18 919.88
33894.39 918.44
33895.60 921.22
33896.82 922.11
33898.03 922.55
33899.24 921.78
33900.45 921.39
33901.66 922.19
33902.88 922.60
33904.09 922.80
33905.29 921.40
33906.50 921.70
33907.69 920.35
33908.91 920.17
33910.12 922.59
33911.33 923.29
33912.55 924.15
33913.77 924.07
33914.98 924.04
33916.19 923.52
33917.40 924.26
33918.61 922.63
33919.83 921.31
33921.05 922.66
33922.26 921.33
33923.47 922.66
33924.69 921.33
33925.89 922.67
33927.10 923.83
33928.32 921.92
33929.53 922.46
33930.75 920.23
33931.95 921.11
33933.17 922.06
33934.37 922.53
33935.59 922.26
33936.81 924.13
33938.03 923.57
33939.23 923.78
33940.44 922.89
33941.67 921.95
33942.88 921.47
33944.09 923.24
33945.30 924.62
33946.51 921.81
33947.72 919.40
33948.93 921.70
33950.14 921.35
33951.35 922.68
33952.57 921.34
33953.78 922.17
33955.00 922.58
33956.17 923.29
33957.37 924.15
33958.60 921.57
33959.81 921.79
33961.01 922.39
33962.23 920.70
33963.43 923.35
33964.65 919.67
33965.87 922.34
33967.08 923.67
33968.29 921.83
33969.50 923.42
33970.71 920.21
33971.92 920.10
33973.13 919.55
33974.34 921.28
33975.55 923.64
33976.76 921.32
33977.98 921.16
33979.19 922.58
33980.41 922.79
33981.63 921.89
33982.84 920.95
33984.05 920.47
33985.26 921.74
33986.48 920.37
33987.69 920.18
33988.89 923.09
33990.10 921.55
33991.31 920.77
33992.52 922.89
33993.73 919.94
33994.95 919.47
33996.16 921.74
33997.37 923.37
33998.59 921.18
33999.81 922.09
34001.03 907.55
34002.23 870.77
34003.44 831.89
34004.65 795.44
34005.87 761.22
34007.08 729.11
34008.29 701.06
34009.50 677.53
34010.71 654.26
34011.92 635.13
34013.14 617.07
34014.35 599.53
34015.57 585.27
34016.79 571.13
34018.00 557.57
34019.20 543.78
34020.41 531.89
34021.62 520.45
34022.84 511.72
34024.05 502.86
34025.26 495.93
34026.47 487.97
34027.68 479.48
34028.89 472.24
34030.10 465.12
34031.31 458.56
34032.52 452.78
34033.73 448.89
34034.94 443.95
34036.16 440.47
34037.37 435.74
34038.59 430.37
34039.82 425.18
34041.03 420.59
34042.23 416.80
34043.44 413.40
34044.65 410.70
34045.87 409.85
34047.07 406.42
34048.28 403.71
34049.49 399.36
34050.71 395.68
34051.92 392.84
34053.13 391.42
34054.35 390.21
34055.56 388.60
34056.77 387.80
34057.98 384.90
34059.18 381.45
34060.39 379.73
34061.60 377.86
34062.82 375.93
34064.03 374.97
34065.23 374.98
34066.44 373.49
34067.65 372.25
34068.87 370.12
34070.08 367.06
34071.28 365.53
34072.49 363.77
34073.71 364.38
34074.92 364.19
34076.13 364.60
34077.34 362.80
34078.55 361.90
34079.76 358.95
34080.96 356.97
34082.17 355.99
34083.38 356.49
34084.59 357.25
34085.81 357.62
34087.02 356.31
34088.23 354.66
34089.44 353.33
34090.67 350.66
34091.88 349.33
34093.09 350.17
34094.30 351.08
34095.50 350.54
34096.71 350.27
34097.92 349.64
34099.14 347.32
34100.36 345.66
34101.57 344.83
34102.80 344.41
34104.00 345.71
34105.20 345.35
34106.41 346.18
34107.63 345.09
34108.84 344.04
34110.05 342.02
34111.25 341.51
34112.47 341.26
34113.69 340.63
34114.90 341.31
34116.11 341.66
34117.32 340.83
34118.54 339.91
34119.75 338.46
34120.96 337.23
34122.17 336.11
34123.39 337.06
34124.60 338.03
34125.80 338.51
34127.02 337.76
34128.23 337.88
34129.44 336.44
34130.65 334.72
34131.87 333.36
34133.08 334.18
34134.29 334.59
34135.50 335.29
34136.71 335.65
34137.92 334.82
34139.14 334.41
34140.35 332.71
34141.57 331.35
34142.80 331.68
34144.00 332.84
34145.20 333.92
34146.41 334.46
34147.62 333.23
34148.84 332.11
34150.05 330.06
34151.25 329.53
34152.47 328.76
34153.68 329.88
34154.89 330.94
34156.10 331.47
34157.31 331.24
34158.52 331.12
34159.74 329.06
34160.95 328.53
34162.16 327.76
34163.37 327.88
34164.58 328.94
34165.80 329.97
34167.00 329.99
34168.20 329.99
34169.40 328.00
34170.60 326.50
34171.81 326.75
34173.02 326.37
34174.23 327.19
34175.44 327.59
34176.66 328.30
34177.87 328.15
34179.08 327.07
34180.28 325.54
34181.49 324.77
34182.70 325.88
34183.90 325.94
34185.10 326.97
34186.31 327.99
34187.52 327.49
34188.73 325.75
34189.95 323.87
34191.16 323.44
34192.37 323.22
34193.59 324.11
34194.81 325.05
34196.02 325.53
34197.23 325.76
34198.44 324.88
34199.66 323.44
34200.87 322.22
34202.08 608.11
34203.29 759.56
34204.51 837.78
34205.72 876.39
34206.93 896.69
34208.14 907.85
34209.35 913.42
34210.56 917.21
34211.78 916.61
34213.00 916.30
34214.17 918.65
34215.38 919.33
34216.60 920.66
34217.82 918.33
34219.03 917.67
34220.24 916.83
34221.45 918.92
34222.67 920.96
34223.88 919.98
34225.09 921.49
34226.30 919.24
34227.50 919.62
34228.71 921.31
34229.93 921.16
34231.15 920.58
34232.36 921.79
34233.57 922.39
34234.80 919.70
34236.00 920.85
34237.18 920.42
34238.39 921.71
34239.61 922.86
34240.83 922.93
34242.04 921.46
34243.25 919.23
34244.47 918.62
34245.68 920.81
34246.89 922.40
34248.10 922.70
34249.30 921.85
34250.51 919.43
34251.72 918.21
34252.94 920.61
34254.16 919.30
34255.36 921.15
34256.57 922.08
34257.80 921.04
34259.00 920.52
34260.17 921.76
34261.39 922.38
34262.60 920.19
34263.82 921.59
34265.02 922.30
34266.23 921.15
34267.45 919.57
34268.67 921.29
34269.88 920.64
34271.09 921.32
34272.30 922.16
34273.51 921.58
34274.71 922.79
34275.92 922.90
34277.13 921.45
34278.35 922.72
34279.56 922.86
34280.77 920.43
34281.98 918.22
34283.19 920.61
34284.41 920.80
34285.62 922.40
34286.83 923.20
34288.04 923.10
34289.24 921.55
34290.45 921.78
34291.67 922.39
34292.89 923.69
34294.10 923.35
34295.31 923.17
34296.52 921.59
34297.73 922.29
34298.94 922.65
34300.16 919.32
34301.37 917.66
34302.59 916.83
34303.81 919.92
34305.03 921.46
34306.23 922.23
34307.45 921.11
34308.67 918.56
34309.89 918.78
34311.10 919.39
34312.31 921.69
34313.52 922.35
34314.74 921.17
34315.96 921.59
34317.17 922.29
34318.39 922.65
34319.60 922.82
34320.82 921.41
34322.03 922.21
34323.24 921.10
34324.45 922.05
34325.67 922.03
34326.87 922.51
34328.08 919.26
34329.29 921.13
34330.51 920.56
34331.72 918.78
34332.93 920.89
34334.14 921.95
34335.35 919.47
34336.57 920.74
34337.80 918.37
34339.01 920.18
34340.21 921.59
34341.42 922.30
34342.64 921.65
34343.86 921.82
34345.06 922.41
34346.28 921.21
34347.49 920.60
34348.70 918.30
34349.89 920.65
34351.11 920.33
34352.33 918.16
34353.54 920.58
34354.76 920.29
34355.97 920.15
34357.19 922.07
34358.40 923.54
34359.61 922.77
34360.83 921.88
34362.04 922.44
34363.25 922.72
34364.46 921.36
34365.67 922.18
34366.88 922.59
34368.09 919.30
34369.30 921.15
34370.50 922.07
34371.71 919.54
34372.93 919.77
34374.14 919.88
34375.35 921.44
34376.56 922.22
34377.78 922.61
34379.00 923.81
34380.18 923.40
34381.39 921.70
34382.59 922.35
34383.82 921.18
34385.04 920.59
34386.25 921.79
34387.46 920.90
34388.67 920.45
34389.88 922.22
34391.09 922.61
34392.30 920.31
34393.51 919.15
34394.72 921.08
34395.93 920.54
34397.15 920.27
34398.37 920.13
34399.59 921.57
34400.81 921.28
34402.02 910.64
34403.23 873.82
34404.44 831.41
34405.66 792.71
34406.87 759.85
34408.08 729.43
34409.29 701.21
34410.51 676.11
34411.72 653.05
34412.93 634.03
34414.14 617.01
34415.35 601.01
34416.55 585.50
34417.76 570.75
34418.97 556.88
34420.18 543.94
34421.39 532.47
34422.60 521.23
34423.82 511.62
34425.03 503.81
34426.24 495.90
34427.45 487.95
34428.67 479.98
34429.88 471.49
34431.10 463.74
34432.31 457.87
34433.52 452.44
34434.74 447.72
34435.96 443.86
34437.16 438.93
34438.38 433.96
34439.59 428.98
34440.80 423.99
34442.00 420.00
34443.19 417.00
34444.39 414.50
34445.60 412.25
34446.82 409.62
34448.03 405.81
34449.23 401.91
34450.45 398.45
34451.67 395.23
34452.88 393.11
34454.09 392.06
34455.29 390.53
34456.51 389.26
34457.72 386.63
34458.94 383.82
34460.15 380.91
34461.36 378.95
34462.57 377.48
34463.80 376.74
34465.00 375.87
34466.20 374.93
34467.41 372.97
34468.63 370.98
34469.84 368.99
34471.06 366.50
34472.26 365.75
34473.47 365.37
34474.68 365.19
34475.89 364.59
34477.10 363.80
34478.30 361.40
34479.50 359.70
34480.70 357.85
34481.91 356.92
34483.12 356.96
34484.33 356.98
34485.54 356.99
34486.75 356.50
34487.96 355.25
34489.17 353.62
34490.39 351.31
34491.60 350.16
34492.82 349.58
34494.03 349.79
34495.23 349.89
34496.44 350.45
34497.67 349.22
34498.88 347.61
34500.09 346.31
34501.30 345.15
34502.51 345.08
34503.71 346.04
34504.92 346.02
34506.13 346.01
34507.34 345.50
34508.55 343.75
34509.76 341.88
34510.98 340.94
34512.19 340.47
34513.40 340.73
34514.61 341.37
34515.83 341.68
34517.04 341.84
34518.25 340.42
34519.47 338.71
34520.68 337.86
34521.90 336.43
34523.11 336.71
34524.33 337.36
34525.55 338.68
34526.76 338.34
34527.97 337.67
34529.18 336.83
34530.39 334.92
34531.60 334.46
34532.82 334.23
34534.03 334.61
34535.24 335.31
34536.46 336.15
34537.67 335.08
34538.88 334.04
34540.09 332.52
34541.30 331.76
34542.51 331.88
34543.71 332.44
34544.93 333.72
34546.15 333.86
34547.36 332.93
34548.58 332.47
34549.80 330.73
34551.01 329.87
34552.22 330.43
34553.44 330.22
34554.66 331.61
34555.87 331.80
34557.08 331.90
34558.28 330.45
34559.49 329.73
34560.71 328.86
34561.91 327.93
34563.12 328.47
34564.34 329.23
34565.55 330.12
34566.76 330.56
34567.97 329.28
34569.18 327.64
34570.39 326.82
34571.60 326.91
34572.82 326.45
34574.03 327.23
34575.23 328.11
34576.45 328.06
34577.67 328.03
34578.87 326.51
34580.08 325.26
34581.29 324.63
34582.50 324.31
34583.71 325.66
34584.93 326.83
34586.14 326.91
34587.35 326.96
34588.55 325.98
34589.76 324.99
34590.97 323.99
34592.18 323.50
34593.39 324.25
34594.60 325.12
34595.82 325.56
34597.03 325.78
34598.23 324.39
34599.44 323.20
34600.66 322.10
34601.87 321.55
34603.08 608.77
34604.29 759.89
34605.50 837.94
34606.69 876.97
34607.90 894.49
34609.12 903.74
34610.33 912.37
34611.55 916.19
34612.78 917.59
34613.99 916.80
34615.19 916.40
34616.40 918.20
34617.60 919.10
34618.81 919.55
34620.03 919.27
34621.23 919.14
34622.46 920.07
34623.66 920.53
34624.87 920.77
34626.08 920.88
34627.28 921.94
34628.49 922.47
34629.70 922.74
34630.91 921.87
34632.12 921.43
34633.33 922.22
34634.55 920.11
34635.78 920.05
34636.99 919.03
34638.19 921.01
34639.40 921.51
34640.61 922.25
34641.83 922.13
34643.05 922.56
34644.26 921.78
34645.47 921.89
34646.67 920.95
34647.89 920.47
34649.10 921.74
34650.30 922.37
34651.51 922.68
34652.72 922.84
34653.93 921.42
34655.14 922.71
34656.36 922.86
34657.57 923.43
34658.80 923.21
34660.01 923.11
34661.22 921.55
34662.43 923.28
34663.66 922.64
34664.87 922.82
34666.08 923.91
34667.29 924.45
34668.50 924.23
34669.71 922.61
34670.93 922.81
34672.14 923.40
34673.35 920.20
34674.56 920.60
34675.78 921.80
34676.99 920.90
34678.19 920.95
34679.40 922.98
34680.61 919.49
34681.83 921.24
34683.05 923.12
34684.26 921.56
34685.48 920.28
34686.69 921.64
34687.89 923.32
34689.10 923.66
34690.32 921.83
34691.53 922.92
34692.74 922.96
34693.96 921.48
34695.17 918.74
34696.38 921.87
34697.60 920.93
34698.81 922.97
34700.03 920.48
34701.23 918.24
34702.45 920.62
34703.67 921.81
34704.88 921.91
34706.10 920.95
34707.30 921.98
34708.51 921.99
34709.72 920.99
34710.93 923.00
34712.13 923.00
34713.33 923.50
34714.54 921.75
34715.75 922.37
34716.96 922.19
34718.18 919.59
34719.39 921.30
34720.60 923.15
34721.82 921.57
34723.03 921.29
34724.23 918.64
34725.45 918.82
34726.66 920.91
34727.87 920.96
34729.09 921.98
34730.29 919.99
34731.50 921.49
34732.70 922.25
34733.90 922.62
34735.12 920.31
34736.33 920.66
34737.55 919.33
34738.77 921.16
34739.99 918.58
34741.19 918.29
34742.41 920.65
34743.62 921.82
34744.85 922.41
34746.05 922.71
34747.27 920.35
34748.48 921.68
34749.69 922.34
34750.90 922.67
34752.11 920.33
34753.32 920.67
34754.54 920.33
34755.75 921.67
34756.96 922.33
34758.18 921.17
34759.39 922.08
34760.60 921.04
34761.81 920.52
34763.02 921.76
34764.23 921.88
34765.44 922.44
34766.66 921.22
34767.88 920.11
34769.09 919.06
34770.30 919.03
34771.51 921.01
34772.71 921.51
34773.93 921.75
34775.15 921.38
34776.36 922.19
34777.57 922.59
34778.80 922.30
34780.00 922.65
34781.20 922.82
34782.41 921.41
34783.63 920.71
34784.85 920.85
34786.05 921.93
34787.26 922.46
34788.48 921.23
34789.70 922.62
34790.90 922.81
34792.12 919.90
34793.32 921.95
34794.54 923.48
34795.75 922.24
34796.96 919.62
34798.17 921.31
34799.39 922.15
34800.60 919.58
34801.82 919.79
34803.03 901.89
34804.24 861.95
34805.45 824.47
34806.66 787.74
34807.87 754.37
34809.08 723.18
34810.29 697.09
34811.50 672.05
34812.70 651.52
34813.91 631.26
34815.13 613.13
34816.35 597.07
34817.55 582.03
34818.77 568.02
34819.98 554.01
34821.19 540.50
34822.39 530.25
34823.60 519.63
34824.82 510.31
34826.03 501.66
34827.24 493.83
34828.46 484.91
34829.67 477.46
34830.88 469.73
34832.09 462.86
34833.29 457.93
34834.50 452.47
34835.71 448.73
34836.92 443.37
34838.14 437.18
34839.35 432.09
34840.57 427.05
34841.79 422.52
34843.00 419.26
34844.18 417.13
34845.39 415.07
34846.60 411.53
34847.82 408.77
34849.03 404.88
34850.23 400.44
34851.44 397.22
34852.66 395.61
34853.88 393.31
34855.10 391.65
34856.31 390.33
34857.52 388.16
34858.74 385.08
34859.95 382.04
34861.16 379.02
34862.36 378.01
34863.57 377.01
34864.80 376.50
34866.00 375.75
34867.18 373.88
34868.39 372.44
34869.60 370.22
34870.82 367.11
34872.03 366.05
34873.23 365.53
34874.45 364.76
34875.66 364.88
34876.87 363.94
34878.07 361.97
34879.28 360.49
34880.50 358.24
34881.71 356.62
34882.92 356.81
34884.13 356.41
34885.35 356.70
34886.55 356.85
34887.77 354.93
34888.98 353.96
34890.19 351.98
34891.39 349.99
34892.60 350.50
34893.82 350.25
34895.03 350.62
34896.23 350.31
34897.45 349.16
34898.67 347.58
34899.87 347.29
34901.08 345.64
34902.29 345.82
34903.50 344.91
34904.71 345.96
34905.92 345.48
34907.14 345.24
34908.35 344.12
34909.57 343.56
34910.80 341.78
34912.00 340.89
34913.20 340.94
34914.41 341.47
34915.62 341.74
34916.84 340.87
34918.05 340.93
34919.26 339.97
34920.48 338.48
34921.68 336.74
34922.89 337.87
34924.10 338.44
34925.31 338.22
34926.52 338.11
34927.75 336.55
34928.96 335.78
34930.16 334.39
34931.38 334.19
34932.59 334.60
34933.80 335.30
34935.00 336.65
34936.20 336.82
34937.41 335.41
34938.64 333.71
34939.85 331.85
34941.07 331.43
34942.28 330.71
34943.49 331.36
34944.71 332.68
34945.92 333.84
34947.13 332.92
34948.35 331.46
34949.56 330.23
34950.79 329.11
34952.00 329.56
34953.21 330.28
34954.43 330.64
34955.65 331.82
34956.87 331.91
34958.08 330.45
34959.29 329.23
34960.51 327.61
34961.72 327.31
34962.94 328.15
34964.15 328.58
34965.36 329.29
34966.57 330.14
34967.80 329.57
34969.00 327.79
34970.20 327.39
34971.41 325.70
34972.62 325.85
34973.84 326.42
34975.05 327.21
34976.26 328.11
34977.48 328.55
34978.68 326.78
34979.89 326.39
34981.10 325.19
34982.31 324.60
34983.51 325.80
34984.72 326.40
34985.93 327.20
34987.15 327.10
34988.35 325.55
34989.57 325.27
34990.80 323.64
34992.00 323.32
34993.20 323.66
34994.41 324.83
34995.64 325.41
34996.85 324.71
34998.07 324.35
34999.28 323.68
35000.49 323.34
35001.70 321.67
35002.91 394.83
35004.12 649.42
35005.33 782.21
35006.55 847.60
35007.77 880.80
35008.98 899.40
35010.19 909.20
35011.39 911.10
35012.61 915.55
35013.83 917.78
35015.05 920.39
35016.26 919.69
35017.47 919.85
35018.68 920.92
35019.89 921.96
35021.11 918.98
35022.32 920.49
35023.53 920.75
35024.75 918.37
35025.96 919.19
35027.17 919.59
35028.38 921.80
35029.60 920.40
35030.81 919.70
35032.02 917.85
35033.23 917.42
35034.45 919.71
35035.66 920.86
35036.88 919.93
35038.09 917.96
35039.30 919.98
35040.50 921.49
35041.71 919.25
35042.92 919.62
35044.13 921.31
35045.35 920.16
35046.57 919.58
35047.80 918.29
35049.00 920.14
35050.20 921.57
35051.41 919.29
35052.64 921.64
35053.85 923.32
35055.06 923.66
35056.27 924.33
35057.49 924.67
35058.71 920.83
35059.92 922.42
35061.14 923.71
35062.35 921.35
35063.57 922.68
35064.79 923.84
35066.01 924.42
35067.22 920.71
35068.44 919.35
35069.65 918.18
35070.87 917.59
35072.08 916.79
35073.29 919.90
35074.50 920.95
35075.70 922.97
35076.91 919.99
35078.12 917.99
35079.34 921.00
35080.54 920.00
35081.74 918.50
35082.95 921.25
35084.16 923.12
35085.38 922.06
35086.59 919.03
35087.80 921.52
35089.01 922.76
35090.21 922.88
35091.43 921.44
35092.65 922.72
35093.86 922.36
35095.07 923.68
35096.28 921.84
35097.49 921.92
35098.70 920.46
35099.91 918.73
35101.12 921.36
35102.33 923.18
35103.55 923.09
35104.78 921.05
35105.99 919.02
35107.19 922.01
35108.40 923.01
35109.60 921.00
35110.81 923.50
35112.01 924.25
35113.23 920.63
35114.44 922.31
35115.66 922.66
35116.87 919.83
35118.09 920.91
35119.30 922.46
35120.50 923.73
35121.71 923.86
35122.92 924.43
35124.13 923.72
35125.34 923.86
35126.55 923.43
35127.78 924.21
35129.00 920.61
35130.17 922.80
35131.39 920.90
35132.60 920.45
35133.82 922.23
35135.03 922.61
35136.24 923.31
35137.46 922.65
35138.67 922.83
35139.88 923.41
35141.09 919.71
35142.30 921.85
35143.51 923.43
35144.72 920.21
35145.94 922.11
35147.15 923.55
35148.37 924.28
35149.59 924.64
35150.81 924.32
35152.03 924.16
35153.24 921.58
35154.45 922.79
35155.66 922.89
35156.87 919.95
35158.08 917.97
35159.29 920.99
35160.50 922.99
35161.71 921.00
35162.91 922.50
35164.12 922.75
35165.35 921.87
35166.56 920.44
35167.79 920.22
35169.00 922.61
35170.20 919.80
35171.40 921.90
35172.60 920.45
35173.82 918.23
35175.03 921.11
35176.24 922.56
35177.46 922.78
35178.67 920.89
35179.88 918.44
35181.09 922.22
35182.30 923.61
35183.51 921.31
35184.72 921.65
35185.94 922.83
35187.15 921.41
35188.36 922.21
35189.58 922.60
35190.80 919.80
35191.99 922.40
35193.20 920.70
35194.40 921.85
35195.61 923.43
35196.83 921.21
35198.05 920.11
35199.26 922.05
35200.46 923.53
35201.67 923.26
35202.88 921.13
35204.10 892.57
35205.31 853.78
35206.52 813.89
35207.73 775.95
35208.95 744.47
35210.16 715.74
35211.37 690.37
35212.59 666.68
35213.80 644.84
35215.00 626.92
35216.20 608.46
35217.41 593.23
35218.64 577.62
35219.85 563.31
35221.07 550.15
35222.28 537.58
35223.48 526.79
35224.70 517.89
35225.91 509.45
35227.12 499.72
35228.34 490.36
35229.55 482.18
35230.78 474.09
35231.99 467.05
35233.19 461.52
35234.40 456.26
35235.61 452.13
35236.83 447.57
35238.05 440.78
35239.26 435.39
35240.47 429.70
35241.67 426.35
35242.88 422.67
35244.09 418.84
35245.30 416.92
35246.51 413.46
35247.72 409.73
35248.94 406.36
35250.15 402.18
35251.36 398.59
35252.57 396.80
35253.79 394.90
35255.00 393.45
35256.18 392.22
35257.39 390.61
35258.61 386.81
35259.83 383.40
35261.04 380.70
35262.24 378.85
35263.45 377.93
35264.67 378.46
35265.87 377.23
35267.08 375.12
35268.29 372.56
35269.50 370.28
35270.71 368.14
35271.92 367.57
35273.13 366.28
35274.35 366.14
35275.56 366.57
35276.78 365.79
35278.00 363.39
35279.18 361.20
35280.39 360.10
35281.60 358.05
35282.80 357.02
35284.00 357.01
35285.20 358.01
35286.40 357.00
35287.60 355.50
35288.80 353.25
35290.01 351.63
35291.22 351.31
35292.44 350.66
35293.65 350.33
35294.87 350.16
35296.08 351.08
35297.29 350.04
35298.50 348.52
35299.71 346.76
35300.92 345.38
35302.13 344.69
35303.34 345.85
35304.55 345.92
35305.77 346.46
35306.98 345.23
35308.19 343.62
35309.40 342.31
35310.62 341.15
35311.83 340.58
35313.04 341.29
35314.25 341.64
35315.46 341.82
35316.67 341.91
35317.88 341.46
35319.09 339.73
35320.30 337.36
35321.51 337.18
35322.72 338.09
35323.93 338.05
35325.14 338.52
35326.35 338.76
35327.56 337.38
35328.78 336.19
35329.99 335.10
35331.20 334.05
35332.40 334.52
35333.62 334.26
35334.83 334.63
35336.04 335.82
35337.25 335.91
35338.46 333.95
35339.67 332.98
35340.87 331.49
35342.08 332.24
35343.29 332.12
35344.51 332.06
35345.71 333.53
35346.93 333.27
35348.15 332.13
35349.36 330.57
35350.58 329.28
35351.80 328.64
35353.00 328.82
35354.20 330.41
35355.41 331.21
35356.64 331.10
35357.85 331.05
35359.06 329.53
35360.27 328.26
35361.48 327.13
35362.69 327.57
35363.90 328.28
35365.11 329.14
35366.32 330.07
35367.53 329.54
35368.76 329.27
35369.98 327.13
35371.19 327.07
35372.40 326.03
35373.60 327.52
35374.82 328.26
35376.03 328.63
35377.23 327.81
35378.45 326.91
35379.67 325.45
35380.87 324.73
35382.08 325.36
35383.30 325.18
35384.51 326.09
35385.71 327.55
35386.93 327.27
35388.14 326.14
35389.35 324.57
35390.57 323.28
35391.80 322.64
35393.00 322.82
35394.20 324.91
35395.41 325.96
35396.64 325.48
35397.85 324.74
35399.06 323.37
35400.27 322.68
35401.48 321.34
35402.69 322.17
35403.91 323.59
35405.12 324.29
35406.34 324.15
35407.55 324.57
35408.77 322.79
35409.98 321.39
35411.19 321.20
35412.39 321.10
35413.60 321.55
35414.82 322.77
35416.03 323.89
35417.23 322.94
35418.44 321.47
35419.65 321.24
35420.87 320.62
35422.08 320.81
35423.29 320.90
35424.50 321.45
35425.71 321.73
35426.92 322.36
35428.13 321.18
35429.35 320.09
35430.56 319.55
35431.79 319.77
35433.00 319.89
35434.17 320.44
35435.38 321.72
35436.59 322.36
35437.81 321.68
35439.02 319.84
35440.23 319.42
35441.44 318.71
35442.66 319.86
35443.88 320.43
35445.09 320.71
35446.30 320.36
35447.51 320.68
35448.71 319.34
35449.93 317.67
35451.15 318.33
35452.36 319.17
35453.58 318.58
35454.80 318.79
35456.01 319.90
35457.21 319.95
35458.43 318.97
35459.64 317.49
35460.85 316.74
35462.06 316.37
35463.27 317.69
35464.48 318.84
35465.69 319.42
35466.90 319.21
35468.11 319.61
35469.32 317.80
35470.53 316.90
35471.75 316.45
35472.96 316.23
35474.17 317.61
35475.39 318.81
35476.60 319.40
35477.81 318.20
35479.02 317.10
35480.22 317.05
35481.43 316.03
35482.64 316.01
35483.85 316.51
35485.07 318.75
35486.28 318.38
35487.49 318.19
35488.71 317.09
35489.92 316.05
35491.13 315.02
35492.34 315.51
35493.55 316.76
35494.78 317.38
35495.99 318.69
35497.19 317.84
35498.40 316.92
35499.62 315.96
35500.83 315.48
35502.04 315.24
35503.26 316.12
35504.48 316.56
35505.69 317.28
35506.90 317.64
35508.11 317.82
35509.32 317.41
35510.54 316.21
35511.77 315.60
35512.98 314.80
35514.19 315.90
35515.40 317.95
35516.62 317.48
35517.83 316.74
35519.05 315.37
35520.26 313.68
35521.47 314.34
35522.68 314.67
35523.89 315.84
35525.10 315.92
35526.31 316.96
35527.52 316.98
35528.74 315.99
35529.95 313.99
35531.16 313.00
35532.36 313.00
35533.56 313.50
35534.78 315.25
35536.00 316.62
35537.18 316.31
35538.39 315.16
35539.62 314.58
35540.83 313.79
35542.04 314.39
35543.25 314.20
35544.46 315.60
35545.67 315.80
35546.87 315.90
35548.08 314.95
35549.29 314.97
35550.50 313.49
35551.71 312.74
35552.92 313.87
35554.13 314.44
35555.35 315.22
35556.56 316.11
35557.79 315.55
35559.00 313.78
35560.20 312.89
35561.41 311.94
35562.63 312.97
35563.84 313.49
35565.05 314.74
35566.26 315.87
35567.47 314.94
35568.68 313.97
35569.89 312.98
35571.10 311.49
35572.31 312.25
35573.52 312.62
35574.75 313.81
35575.96 314.91
35577.18 314.95
35578.39 313.48
35579.61 312.24
35580.83 311.62
35582.04 311.31
35583.25 312.65
35584.47 313.83
35585.68 313.91
35586.89 313.96
35588.10 313.98
35589.31 313.49
35590.52 311.74
35591.75 310.87
35592.96 311.94
35594.17 312.97
35595.39 313.48
35596.60 314.24
35597.81 313.62
35599.03 312.81
35600.23 311.91
35601.45 311.45
35602.66 311.73
35603.87 312.36
35605.08 313.68
35606.28 314.34
35607.49 313.17
35608.71 312.59
35609.92 311.79
35611.13 310.40
35612.34 311.70
35613.55 311.85
35614.77 313.42
35615.98 314.21
35617.19 313.61
35618.41 312.80
35619.63 311.40
35620.83 310.70
35622.05 310.35
35623.26 311.68
35624.48 312.34
35625.69 313.17
35626.90 314.08
35628.10 313.04
35629.30 311.52
35630.51 310.26
35631.72 309.63
35632.94 310.32
35634.16 311.66
35635.38 312.83
35636.60 312.91
35637.81 312.96
35639.03 311.98
35640.23 310.49
35641.45 309.74
35642.66 309.87
35643.87 311.94
35645.08 312.47
35646.29 312.73
35647.50 312.37
35648.71 311.68
35649.92 311.34
35651.14 311.17
35652.35 311.09
35653.56 311.54
35654.79 311.77
35656.00 312.89
35657.18 312.44
35658.39 311.72
35659.62 310.36
35660.83 309.18
35662.04 309.59
35663.25 310.30
35664.46 311.65
35665.67 312.82
35666.88 312.41
35668.10 311.21
35669.31 311.10
35670.51 310.05
35671.72 309.53
35672.94 310.26
35674.15 311.13
35675.36 312.57
35676.58 312.28
35677.80 311.14
35679.01 311.07
35680.21 309.54
35681.44 308.77
35682.65 308.88
35683.86 310.94
35685.07 311.97
35686.28 311.99
35687.49 311.99
35688.70 311.50
35689.90 309.75
35691.11 308.87
35692.32 309.44
35693.54 309.72
35694.76 310.86
35695.97 312.43
35697.18 312.71
35698.39 311.86
35699.61 309.93
35700.83 309.46
35702.04 308.73
35703.25 309.37
35704.47 311.68
35705.67 311.84
35706.89 311.92
35708.10 311.46
35709.31 310.23
35710.52 309.12
35711.75 309.06
35712.96 309.03
35714.17 310.01
35715.38 311.51
35716.60 312.25
35717.81 311.13
35719.03 311.06
35720.23 309.53
35721.44 308.77
35722.66 308.38
35723.87 309.69
35725.07 310.85
35726.28 311.42
35727.50 312.21
35728.71 310.61
35729.92 309.30
35731.13 309.15
35732.35 308.58
35733.56 309.29
35734.79 311.14
35736.00 311.57
35737.20 311.29
35738.41 311.14
35739.63 310.07
35740.84 308.54
35742.06 308.27
35743.27 308.63
35744.48 309.82
35745.69 311.41
35746.90 311.70
35748.10 310.85
35749.31 309.43
35750.52 308.21
35751.75 308.11
35752.97 309.55
35754.18 309.78
35755.39 310.89
35756.61 310.94
35757.83 310.47
35759.04 309.24
35760.26 308.12
35761.48 308.56
35762.69 308.78
35763.90 309.89
35765.11 310.94
35766.32 311.47
35767.54 310.74
35768.76 309.37
35769.98 308.18
35771.19 307.09
35772.39 308.55
35773.62 309.77
35774.83 310.89
35776.04 310.94
35777.25 310.97
35778.46 309.49
35779.67 307.74
35780.88 307.37
35782.09 308.19
35783.30 309.09
35784.50 309.55
35785.71 309.77
35786.93 309.89
35788.14 310.44
35789.35 309.22
35790.57 308.11
35791.80 307.56
35793.00 308.28
35794.20 309.14
35795.41 310.07
35796.62 310.03
35797.83 309.52
35799.05 308.26
35800.26 307.13
35801.48 306.56
35802.69 307.28
35803.90 308.64
35805.11 309.82
35806.33 309.91
35807.55 309.46
35808.77 308.73
35809.99 307.86
35811.19 306.93
35812.41 307.47
35813.63 308.23
35814.84 309.62
35816.05 309.81
35817.26 309.90
35818.47 308.95
35819.68 307.48
35820.90 307.24
35822.11 307.12
35823.32 308.06
35824.53 309.03
35825.75 309.51
35826.96 310.26
35828.17 309.63
35829.39 308.31
35830.61 307.16
35831.83 306.58
35833.04 307.79
35834.25 308.89
35835.46 309.45
35836.67 310.22
35837.89 309.11
35839.12 309.06
35840.33 308.03
35841.54 307.01
35842.76 306.51
35843.97 308.75
35845.18 309.38
35846.39 310.19
35847.61 309.59
35848.83 307.80
35850.03 307.40
35851.23 306.70
35852.45 306.35
35853.66 307.67
35854.87 308.34
35856.08 309.17
35857.29 310.08
35858.49 309.04
35859.70 307.52
35860.91 306.26
35862.12 306.13
35863.34 307.07
35864.55 308.53
35865.77 309.77
35866.98 310.38
35868.19 309.19
35869.40 308.60
35870.61 306.80
35871.82 306.40
35873.03 307.70
35874.23 307.85
35875.44 309.42
35876.65 309.21
35877.87 308.61
35879.09 307.30
35880.29 306.65
35881.50 306.83
35882.71 306.41
35883.92 307.71
35885.14 309.35
35886.35 310.18
35887.57 309.09
35888.79 307.54
35890.00 306.27
35891.18 305.64
35892.39 305.82
35893.61 307.41
35894.83 308.20
35896.03 309.60
35897.23 309.80
35898.44 308.40
35899.65 306.70
35900.86 306.35
35902.07 306.18
35903.28 306.09
35904.48 308.54
35905.70 309.27
35906.91 308.64
35908.12 309.32
35909.34 307.66
35910.55 306.33
35911.78 305.66
35912.99 305.83
35914.19 307.42
35915.41 309.21
35916.63 309.10
35917.83 308.55
35919.04 307.78
35920.25 306.39
35921.46 305.69
35922.67 305.85
35923.87 307.42
35925.08 308.21
35926.29 308.61
35927.51 309.80
35928.71 308.40
35929.92 306.20
35931.14 305.10
35932.35 305.55
35933.56 307.28
35934.79 308.14
35936.00 309.57
35937.20 308.78
35938.41 308.89
35939.62 307.95
35940.83 305.97
35942.04 306.49
35943.25 306.24
35944.46 307.62
35945.67 309.31
35946.89 309.16
35948.11 308.58
35949.32 306.79
35950.54 306.39
35951.76 305.70
35952.97 306.35
35954.18 307.17
35955.39 308.59
35956.61 309.79
35957.83 309.90
35959.03 307.95
35960.24 306.47
35961.45 305.74
35962.67 305.87
35963.87 306.93
35965.09 307.97
35966.30 308.48
35967.51 308.24
35968.73 307.12
35969.95 307.06
35971.16 306.03
35972.36 306.02
35973.57 307.51
35974.80 308.25
35976.00 308.13
35977.21 308.56
35978.43 307.28
35979.64 306.14
35980.86 306.57
35982.07 305.79
35983.28 306.89
35984.48 307.95
35985.69 308.47
35986.90 308.74
35988.11 308.87
35989.32 307.93
35990.54 306.47
35991.76 305.23
35992.98 307.12
35994.19 308.56
35995.40 308.28
35996.62 308.64
35997.83 308.32
35999.05 307.66
36000.26 306.33
36001.48 305.16
36002.69 305.58
36003.90 306.79
36005.11 308.90
36006.32 308.95
36007.53 308.47
36008.75 307.74
36009.96 307.37
36011.17 306.18
36012.39 305.59
36013.60 306.30
36014.80 307.15
36016.01 308.57
36017.22 308.79
36018.43 307.39
36019.64 306.70
36020.84 305.85
36022.05 305.42
36023.26 307.21
36024.48 307.61
36025.69 307.80
36026.89 308.40
36028.09 307.20
36029.29 306.60
36030.50 305.80
36031.70 306.40
36032.90 306.20
36034.10 307.60
36035.30 307.80
36036.50 308.90
36037.70 308.45
36038.91 306.73
36040.12 305.36
36041.34 304.18
36042.55 305.59
36043.78 306.30
36044.99 307.15
36046.19 307.57
36047.40 308.29
36048.62 307.64
36049.83 306.32
36051.04 306.66
36052.25 306.33
36053.47 306.67
36054.68 307.33
36055.89 308.67
36057.10 308.83
36058.31 307.42
36059.52 307.21
36060.75 306.60
36061.96 305.30
36063.16 307.15
36064.38 308.58
36065.60 308.29
36066.80 308.64
36068.01 307.82
36069.22 306.91
36070.44 305.96
36071.65 304.98
36072.86 305.99
36074.07 306.99
36075.28 307.50
36076.48 309.25
36077.70 309.12
36078.91 307.06
36080.12 307.03
36081.32 305.52
36082.54 305.26
36083.76 305.63
36084.97 307.31
36086.19 307.66
36087.40 308.33
36088.62 306.66
36089.83 305.33
36091.04 304.67
36092.25 304.33
36093.47 305.67
36094.68 307.33
36095.89 307.67
36097.10 308.33
36098.31 307.17
36099.52 306.08
36100.74 306.54
36101.95 305.27
36103.16 306.14
36104.38 307.57
36105.60 308.28
36106.80 308.14
36108.01 307.57
36109.22 306.29
36110.44 305.14
36111.65 304.57
36112.86 305.79
36114.07 305.89
36115.28 307.45
36116.49 308.22
36117.70 307.61
36118.91 306.81
36120.12 305.90
36121.33 305.45
36122.55 306.23
36123.78 306.61
36124.99 307.31
36126.20 307.65
36127.41 307.83
36128.63 306.41
36129.84 305.71
36131.06 305.85
36132.27 305.43
36133.48 305.71
36134.69 306.86
36135.90 308.93
36137.12 308.46
36138.33 306.73
36139.55 304.87
36140.77 303.93
36141.98 303.97
36143.19 304.98
36144.39 307.49
36145.61 307.75
36146.83 307.87
36148.03 307.94
36149.25 307.47
36150.46 305.73
36151.67 304.37
36152.89 304.68
36154.10 305.34
36155.31 306.67
36156.52 307.34
36157.75 306.67
36158.96 306.33
36160.17 304.67
36161.39 304.83
36162.60 304.92
36163.81 305.46
36165.02 307.73
36166.23 307.86
36167.44 308.43
36168.65 306.72
36169.87 304.86
36171.07 304.93
36172.28 304.46
36173.49 305.23
36174.70 307.12
36175.91 308.06
36177.12 308.03
36178.32 307.01
36179.53 305.51
36180.76 304.75
36181.96 305.38
36183.18 306.19
36184.39 307.59
36185.61 307.80
36186.82 307.90
36188.03 307.45
36189.23 306.72
36190.45 305.36
36191.67 304.18
36192.88 305.09
36194.08 306.05
36195.28 307.52
36196.50 307.76
36197.71 307.38
36198.92 307.19
36200.13 306.10
36201.34 305.05
36202.55 306.02
36203.76 306.51
36204.98 307.26
36206.19 307.63
36207.41 307.31
36208.63 306.16
36209.85 305.08
36211.06 304.04
36212.26 305.52
36213.48 305.76
36214.69 307.38
36215.90 307.69
36217.11 307.34
36218.32 306.17
36219.54 305.09
36220.76 304.04
36221.96 304.52
36223.17 304.76
36224.38 306.88
36225.60 307.94
36226.80 307.97
36228.00 307.49
36229.20 305.74
36230.41 304.37
36231.63 304.19
36232.84 305.09
36234.04 306.05
36235.24 307.52
36236.46 308.26
36237.67 307.13
36238.88 307.07
36240.09 305.53
36241.30 304.27
36242.51 304.63
36243.73 305.82
36244.95 306.91
36246.16 307.45
36247.37 308.23
36248.60 306.61
36249.80 305.31
36251.01 305.15
36252.22 304.58
36253.44 305.79
36254.64 306.89
36255.85 308.95
36257.06 308.47
36258.27 307.24
36259.48 306.12
36260.70 305.06
36261.90 305.03
36263.10 305.01
36264.30 305.51
36265.51 307.75
36266.73 308.38
36267.95 307.19
36269.16 305.09
36270.37 305.05
36271.59 304.02
36272.80 305.01
36274.00 306.01
36275.17 307.50
36276.39 307.75
36277.60 308.38
36278.81 307.69
36280.03 305.84
36281.23 304.92
36282.45 304.46
36283.66 305.73
36284.87 306.37
36286.09 307.18
36287.30 307.09
36288.50 307.05
36289.71 306.02
36290.91 305.01
36292.12 305.51
36293.34 306.25
36294.55 306.63
36295.78 307.31
36297.00 306.66
36298.18 305.83
36299.39 304.91
36300.61 303.46
36301.82 303.23
36303.03 305.11
36304.24 306.06
36305.45 306.53
36306.67 307.26
36307.88 306.63
36309.09 305.32
36310.30 304.16
36311.51 303.58
36312.73 304.29
36313.95 305.14
36315.16 306.57
36316.38 306.29
36317.60 306.64
36318.81 306.82
36320.03 305.41
36321.23 304.71
36322.46 304.35
36323.67 305.68
36324.88 306.84
36326.09 307.92
36327.30 306.96
36328.51 305.48
36329.73 304.24
36330.95 304.62
36332.16 304.31
36333.37 304.65
36334.60 306.33
36335.81 307.16
36337.03 308.08
36338.23 306.04
36339.44 304.52
36340.65 304.76
36341.86 304.88
36343.07 304.44
36344.28 305.72
36345.49 306.86
36346.70 306.93
36347.91 306.97
36349.13 305.98
36350.35 304.99
36351.55 304.50
36352.77 305.25
36353.98 305.62
36355.19 305.81
36356.40 307.91
36357.61 307.45
36358.83 305.73
36360.04 304.86
36361.25 304.43
36362.47 304.22
36363.68 305.11
36364.90 307.05
36366.10 307.03
36367.30 306.51
36368.51 306.26
36369.74 305.63
36370.96 304.81
36372.17 304.41
36373.39 305.20
36374.60 306.10
36375.80 307.05
36377.00 306.53
36378.20 306.26
36379.41 306.13
36380.63 304.57
36381.85 304.78
36383.06 304.39
36384.27 305.20
36385.48 306.60
36386.68 307.30
36387.89 307.15
36389.11 305.07
36390.32 304.54
36391.53 304.27
36392.76 304.13
36393.98 305.07
36395.19 306.53
36396.40 307.77
36397.61 306.88
36398.82 304.94
36400.03 304.47
36401.23 303.74
36402.45 303.37
36403.67 304.68
36404.87 306.34
36406.08 307.67
36407.30 306.84
36408.51 305.42
36409.73 303.71
36410.95 303.35
36412.16 303.18
36413.38 305.09
36414.60 305.54
36415.80 306.77
36417.01 306.89
36418.22 306.94
36419.43 305.47
36420.64 304.74
36421.86 303.87
36423.07 304.43
36424.28 305.22
36425.49 306.61
36426.71 306.80
36427.93 306.40
36429.14 305.70
36430.35 303.85
36431.56 303.43
36432.79 304.21
36434.00 305.61
36435.20 305.80
36436.40 307.40
36437.60 306.70
36438.80 306.35
36440.01 305.68
36441.23 303.84
36442.44 303.42
36443.66 305.21
36444.87 305.60
36446.08 306.30
36447.28 306.65
36448.49 305.83
36449.71 305.41
36450.93 303.71
36452.15 303.85
36453.37 304.43
36454.60 305.71
36455.80 306.86
36457.01 306.43
36458.22 306.71
36459.44 305.36
36460.65 304.18
36461.87 304.59
36463.07 304.29
36464.28 305.15
36465.50 305.57
36466.71 307.29
36467.93 306.14
36469.15 305.07
36470.35 304.04
36471.56 304.52
36472.79 305.76
36474.00 306.38
36475.20 307.19
36476.41 308.09
36477.62 307.05
36478.83 306.02
36480.03 304.01
36481.23 304.51
36482.45 304.75
36483.66 304.88
36484.87 306.44
36486.07 306.72
36487.28 306.86
36488.49 305.43
36489.71 304.71
36490.93 303.36
36492.15 302.68
36493.36 303.34
36494.59 306.17
36495.80 307.58
36497.00 306.79
36498.20 306.90
36499.40 305.45
36500.62 304.22
36501.83 303.61
36503.05 304.31
36504.26 306.65
36505.47 307.33
36506.68 308.16
36507.89 306.58
36509.10 304.79
36510.31 303.90
36511.51 304.45
36512.74 304.22
36513.96 304.61
36515.17 306.31
36516.39 306.65
36517.60 305.83
36518.81 304.41
36520.03 304.21
36521.23 304.10
36522.44 303.55
36523.65 305.28
36524.87 306.14
36526.09 306.07
36527.29 306.53
36528.50 305.27
36529.71 304.13
36530.93 303.57
36532.15 303.78
36533.36 303.89
36534.58 306.45
36535.80 307.72
36537.00 306.86
36538.20 305.93
36539.41 304.97
36540.63 304.48
36541.83 303.24
36543.04 303.62
36544.25 305.31
36545.47 305.66
36546.69 305.83
36547.90 304.91
36549.11 304.96
36550.32 304.48
36551.54 303.24
36552.76 303.62
36553.98 304.81
36555.19 305.90
36556.39 306.45
36557.60 305.73
36558.81 305.86
36560.03 304.93
36561.23 303.47
36562.45 303.73
36563.66 304.37
36564.87 305.68
36566.08 306.34
36567.29 306.17
36568.51 305.09
36569.72 304.04
36570.93 304.52
36572.15 303.76
36573.36 304.38
36574.58 305.69
36575.79 305.85
36577.00 305.92
36578.20 305.46
36579.41 304.73
36580.63 303.37
36581.84 302.68
36583.05 302.84
36584.26 304.92
36585.47 305.46
36586.68 305.73
36587.89 306.37
36589.11 305.68
36590.32 304.84
36591.54 304.42
36592.77 304.71
36593.99 304.86
36595.20 305.43
36596.41 305.71
36597.63 306.36
36598.84 305.18
36600.06 303.59
36601.27 303.29
36602.48 303.65
36603.69 304.82
36604.90 305.91
36606.12 306.96
36607.33 306.48
36608.55 305.74
36609.77 305.37
36610.99 304.18
36612.19 303.09
36613.40 305.05
36614.60 305.52
36615.81 307.26
36617.03 306.63
36618.24 305.32
36619.46 304.66
36620.67 303.33
36621.89 303.66
36623.10 303.83
36624.31 305.42
36625.53 307.21
36626.76 307.10
36627.96 306.05
36629.17 304.53
36630.39 303.26
36631.60 303.13
36632.81 303.57
36634.03 304.28
36635.23 306.14
36636.45 306.57
36637.66 306.79
36638.87 305.89
36640.08 303.95
36641.29 304.47
36642.50 304.74
36643.71 305.37
36644.93 305.68
36646.14 306.34
36647.35 305.67
36648.58 304.84
36649.80 303.42
36651.01 303.21
36652.22 303.60
36653.43 304.30
36654.64 305.65
36655.85 305.83
36657.07 305.91
36658.28 305.96
36659.48 304.98
36660.69 303.49
36661.90 303.74
36663.11 303.87
36664.33 304.94
36665.55 306.47
36666.77 306.73
36667.98 306.37
36669.19 305.18
36670.41 304.59
36671.63 304.30
36672.83 303.65
36674.04 304.82
36675.25 305.41
36676.47 306.21
36677.68 306.10
36678.89 305.05
36680.10 304.53
36681.31 303.26
36682.52 303.13
36683.75 304.57
36684.96 306.78
36686.17 306.89
36687.38 306.45
36688.60 305.22
36689.80 304.11
36691.01 304.06
36692.22 304.03
36693.43 304.01
36694.64 305.01
36695.84 306.00
36697.04 306.50
36698.25 306.75
36699.46 304.38
36700.67 303.19
36701.89 302.59
36703.10 303.80
36704.30 305.40
36705.50 305.70
36706.71 306.35
36707.92 305.67
36709.14 304.84
36710.35 303.42
36711.58 302.71
36712.80 302.85
36714.00 303.93
36715.20 306.46
36716.41 306.73
36717.63 305.87
36718.84 304.43
36720.05 303.72
36721.26 303.86
36722.47 302.93
36723.68 304.46
36724.90 305.73
36726.11 305.87
36727.32 305.43
36728.54 304.22
36729.76 304.11
36730.98 304.05
36732.19 304.03
36733.39 304.51
36734.61 305.76
36735.83 305.88
36737.03 305.94
36738.24 305.97
36739.45 304.98
36740.66 303.49
36741.87 303.75
36743.08 303.37
36744.29 305.19
36745.51 306.09
36746.72 306.05
36747.93 305.02
36749.14 304.01
36750.35 303.51
36751.57 303.25
36752.79 304.63
36754.00 304.81
36755.20 305.91
36756.41 305.95
36757.63 305.98
36758.83 305.49
36760.04 303.74
36761.25 304.37
36762.47 304.19
36763.68 304.59
36764.89 305.30
36766.10 305.65
36767.31 306.32
36768.52 305.66
36769.75 304.33
36770.96 304.17
36772.18 303.08
36773.39 305.04
36774.60 305.52
36775.80 306.26
36777.01 306.13
36778.22 305.07
36779.43 304.03
36780.64 303.52
36781.85 303.76
36783.06 304.38
36784.28 305.19
36785.49 305.59
36786.71 306.30
36787.91 305.15
36789.13 304.07
36790.34 303.54
36791.55 302.77
36792.78 302.88
36793.99 303.94
36795.19 305.47
36796.41 305.74
36797.63 304.87
36798.84 304.43
36800.06 303.22
36801.27 304.11
36802.48 304.55
36803.71 305.28
36804.92 305.64
36806.13 306.32
36807.35 306.16
36808.57 305.08
36809.78 304.54
36810.99 303.27
36812.20 303.13
36813.41 303.57
36814.63 304.78
36815.83 306.39
36817.05 306.70
36818.25 305.35
36819.47 305.17
36820.68 304.59
36821.89 303.79
36823.10 304.40
36824.30 304.70
36825.50 306.85
36826.71 306.42
36827.93 305.21
36829.15 304.61
36830.37 303.30
36831.59 302.65
36832.80 303.83
36834.01 304.41
36835.22 305.21
36836.44 306.10
36837.64 305.55
36838.85 304.78
36840.06 303.89
36841.27 303.94
36842.48 303.97
36843.70 303.99
36844.91 305.49
36846.12 306.25
36847.34 306.62
36848.55 305.81
36849.78 304.91
36851.00 303.45
36852.18 303.73
36853.39 303.86
36854.60 305.43
36855.82 305.72
36857.03 305.36
36858.24 305.18
36859.46 303.59
36860.67 302.79
36861.88 303.40
36863.09 303.70
36864.29 305.35
36865.50 305.67
36866.71 306.34
36867.93 305.67
36869.14 304.33
36870.35 303.67
36871.58 303.83
36872.79 303.42
36874.00 304.71
36875.18 305.35
36876.39 307.18
36877.60 307.09
36878.80 305.54
36880.01 304.27
36881.22 304.14
36882.44 304.07
36883.64 304.53
36884.85 305.27
36886.06 306.63
36887.27 306.32
36888.48 304.66
36889.70 303.83
36890.91 303.41
36892.12 303.71
36893.34 303.85
36894.55 304.93
36895.77 305.96
36896.98 306.48
36898.19 305.24
36899.39 303.62
36900.60 302.81
36901.81 302.91
36903.03 302.95
36904.24 304.98
36905.45 305.49
36906.66 305.74
36907.87 305.87
36909.07 304.94
36910.28 303.97
36911.49 304.48
36912.71 305.24
36913.92 305.12
36915.14 306.06
36916.35 306.53
36917.57 305.77
36918.79 304.88
36920.00 303.94
36921.17 302.97
36922.38 303.99
36923.59 303.99
36924.80 306.50
36926.00 306.25
36927.18 305.62
36928.39 304.81
36929.60 304.41
36930.81 303.70
36932.02 304.35
36933.23 304.18
36934.44 305.09
36935.65 306.04
36936.86 306.02
36938.07 306.51
36939.28 305.26
36940.49 303.63
36941.71 302.81
36942.93 302.91
36944.15 304.95
36945.35 305.48
36946.57 305.74
36947.78 304.87
36948.99 303.93
36950.20 303.47
36951.41 302.73
36952.63 302.37
36953.84 304.68
36955.05 305.34
36956.26 305.67
36957.47 305.84
36958.68 304.42
36959.90 303.21
36961.11 304.10
36962.32 304.05
36963.52 304.03
36964.74 306.51
36965.96 306.76
36967.17 305.88
36968.38 304.44
36969.60 303.72
36970.80 302.86
36972.01 302.93
36973.22 303.96
36974.43 304.98
36975.64 305.49
36976.84 307.25
36978.06 306.12
36979.27 305.06
36980.48 303.53
36981.70 303.27
36982.91 303.63
36984.13 304.32
36985.35 305.66
36986.57 307.33
36987.79 307.16
36989.00 306.08
36990.19 303.54
36991.40 303.27
36992.61 302.64
36993.83 304.82
36995.03 305.41
36996.25 305.70
36997.46 306.35
36998.67 305.18
36999.88 303.59
37001.09 303.29
37002.30 303.65
37003.51 303.82
37004.73 304.91
37005.95 305.96
37007.16 305.48
37008.37 304.74
37009.59 303.37
37010.80 303.18
37012.01 303.09
37013.21 303.05
37014.42 304.52
37015.64 306.76
37016.85 306.88
37018.06 305.44
37019.27 304.22
37020.48 303.61
37021.71 302.81
37022.92 302.90
37024.13 304.95
37025.34 305.48
37026.56 305.74
37027.77 305.87
37028.99 305.43
37030.19 304.22
37031.41 303.11
37032.63 303.55
37033.84 303.78
37035.05 304.89
37036.26 306.44
37037.47 305.72
37038.68 304.36
37039.90 303.68
37041.11 302.84
37042.32 303.92
37043.53 304.46
37044.76 304.73
37045.97 305.87
37047.19 306.43
37048.40 305.22
37049.61 303.61
37050.83 303.30
37052.03 303.65
37053.24 303.83
37054.46 304.91
37055.67 305.96
37056.88 305.98
37058.09 304.99
37059.29 304.49
37060.50 303.25
37061.71 302.62
37062.93 302.81
37064.14 303.91
37065.35 304.95
37066.57 305.98
37067.78 306.49
37069.00 304.74
37070.18 303.87
37071.39 302.94
37072.60 302.97
37073.81 304.98
37075.02 305.49
37076.23 305.75
37077.44 305.37
37078.66 304.19
37079.87 303.59
37081.09 303.30
37082.29 303.65
37083.50 303.82
37084.71 304.91
37085.93 306.96
37087.15 306.98
37088.36 305.49
37089.58 303.74
37090.80 302.87
37092.00 303.44
37093.20 303.22
37094.41 305.11
37095.63 305.55
37096.84 305.28
37098.05 305.14
37099.26 304.57
37100.48 303.28
37101.71 302.64
37102.92 303.82
37104.13 303.91
37105.35 305.46
37106.57 305.23
37107.79 305.11
37109.00 304.56
37110.20 303.28
37111.41 302.64
37112.63 302.32
37113.85 303.66
37115.06 305.33
37116.27 306.16
37117.48 305.58
37118.71 304.79
37119.92 303.40
37121.13 303.20
37122.34 303.60
37123.55 303.80
37124.76 305.40
37125.97 306.20
37127.18 305.60
37128.39 304.30
37129.60 304.65
37130.80 303.32
37132.01 303.16
37133.22 303.58
37134.43 304.79
37135.64 306.90
37136.84 306.45
37138.05 306.72
37139.26 305.36
37140.48 303.68
37141.70 302.84
37142.91 303.92
37144.12 305.46
37145.34 306.23
37146.56 306.62
37147.79 306.81
37149.00 305.40
37150.17 304.20
37151.38 303.10
37152.59 302.55
37153.80 304.78
37155.01 305.39
37156.22 305.69
37157.43 304.85
37158.64 304.92
37159.85 303.96
37161.06 302.98
37162.27 303.49
37163.48 303.75
37164.70 304.87
37165.91 305.94
37167.12 305.47
37168.34 304.23
37169.56 303.62
37170.78 302.81
37172.00 302.40
37173.17 302.70
37174.38 303.85
37175.59 304.93
37176.80 305.46
37178.01 305.73
37179.22 304.87
37180.44 302.93
37181.65 302.47
37182.87 303.23
37184.08 304.62
37185.29 305.31
37186.51 305.15
37187.74 305.08
37188.95 305.04
37190.16 303.52
37191.37 302.76
37192.59 303.88
37193.80 303.94
37195.00 305.47
37196.20 305.73
37197.41 306.37
37198.63 305.68
37199.83 303.84
37201.05 302.92
37202.26 302.96
37203.47 303.98
37204.68 304.99
37205.89 306.00
37207.09 305.50
37208.29 305.25
37209.51 303.62
37210.73 302.31
37211.95 302.16
37213.16 304.08
37214.38 304.54
37215.59 305.27
37216.80 306.13
37218.01 305.07
37219.21 304.03
37220.42 303.52
37221.64 302.76
37222.85 302.38
37224.06 304.19
37225.27 305.09
37226.48 305.55
37227.71 304.77
37228.92 303.89
37230.13 303.44
37231.35 302.72
37232.57 302.36
37233.79 303.18
37235.00 305.09
37236.17 306.05
37237.38 305.02
37238.59 304.51
37239.81 302.76
37241.03 302.38
37242.23 302.19
37243.45 304.59
37244.66 304.80
37245.87 305.90
37247.07 306.45
37248.28 305.72
37249.49 303.86
37250.71 302.43
37251.92 302.72
37253.14 303.86
37254.35 303.93
37255.57 304.96
37256.78 305.98
37257.99 305.49
37259.19 303.75
37260.42 302.37
37261.64 302.19
37262.85 303.59
37264.06 304.30
37265.26 305.15
37266.48 306.07
37267.69 305.54
37268.90 304.27
37270.11 302.63
37271.32 302.32
37272.54 302.16
37273.77 303.08
37274.98 305.04
37276.19 305.02
37277.39 304.51
37278.61 304.75
37279.83 302.88
37281.04 301.94
37282.25 301.97
37283.46 303.48
37284.67 304.24
37285.88 305.12
37287.09 305.06
37288.29 305.03
37289.50 303.02
37290.71 302.51
37291.93 303.75
37293.14 303.88
37294.35 303.94
37295.56 304.97
37296.77 304.98
37297.98 304.99
37299.19 304.00
37300.39 302.50
37301.60 302.25
37302.81 303.12
37304.03 304.06
37305.23 305.53
37306.44 305.77
37307.66 304.88
37308.87 303.94
37310.07 303.47
37311.28 302.74
37312.50 302.37
37313.72 302.68
37314.93 304.84
37316.14 304.92
37317.35 304.46
37318.57 304.23
37319.79 303.12
37321.00 303.06
37322.19 302.53
37323.41 302.76
37324.63 304.88
37325.83 304.94
37327.04 304.97
37328.25 304.99
37329.47 303.49
37330.69 302.75
37331.90 302.37
37333.12 304.19
37334.33 305.59
37335.54 306.30
37336.76 305.65
37337.97 304.82
37339.18 303.41
37340.39 302.71
37341.61 302.85
37342.82 303.43
37344.03 303.71
37345.24 305.36
37346.46 305.68
37347.67 304.84
37348.88 303.92
37350.09 303.46
37351.30 303.23
37352.51 302.61
37353.73 303.31
37354.95 305.15
37356.16 305.58
37357.38 304.79
37358.59 303.89
37359.80 302.95
37361.01 301.97
37362.22 301.99
37363.43 303.49
37364.64 304.25
37365.85 305.62
37367.06 304.81
37368.27 304.91
37369.48 303.45
37370.71 302.23
37371.92 302.11
37373.14 302.56
37374.35 304.78
37375.57 305.39
37376.78 305.19
37377.99 305.10
37379.20 303.55
37380.41 302.77
37381.63 302.89
37382.83 303.44
37384.04 303.72
37385.25 304.86
37386.46 304.93
37387.68 304.97
37388.89 303.48
37390.10 303.24
37391.31 303.12
37392.53 304.06
37393.75 304.53
37394.96 304.77
37396.17 306.38
37397.38 305.69
37398.59 304.35
37399.80 303.17
37401.01 302.59
37402.22 302.79
37403.43 303.40
37404.64 305.20
37405.85 306.10
37407.06 305.05
37408.26 304.52
37409.48 303.26
37410.70 302.63
37411.91 302.32
37413.12 302.16
37414.34 304.08
37415.55 305.04
37416.76 305.02
37417.98 304.01
37419.19 303.50
37420.39 303.25
37421.60 303.13
37422.81 303.56
37424.02 303.78
37425.23 305.39
37426.44 306.20
37427.65 305.10
37428.86 304.05
37430.07 302.52
37431.28 302.26
37432.49 303.63
37433.71 305.32
37434.93 306.16
37436.15 305.58
37437.36 304.79
37438.58 304.39
37439.79 303.20
37441.00 302.10
37442.17 302.55
37443.38 303.27
37444.59 305.14
37445.80 305.57
37447.01 304.78
37448.22 303.89
37449.43 302.95
37450.64 301.47
37451.85 302.24
37453.06 303.12
37454.27 303.56
37455.48 304.78
37456.70 305.89
37457.91 304.94
37459.12 303.97
37460.34 303.49
37461.56 303.24
37462.78 303.12
37464.00 303.56
37465.18 305.28
37466.39 306.14
37467.60 306.57
37468.81 305.29
37470.03 303.64
37471.24 302.32
37472.46 302.16
37473.68 302.58
37474.89 303.79
37476.10 304.40
37477.31 305.70
37478.52 304.85
37479.75 303.42
37480.96 303.21
37482.17 303.11
37483.39 303.55
37484.60 303.78
37485.81 304.89
37487.02 305.94
37488.23 304.97
37489.44 302.99
37490.65 301.49
37491.87 301.25
37493.08 302.12
37494.29 303.06
37495.50 304.03
37496.71 304.52
37497.92 305.26
37499.14 304.13
37500.35 302.06
37501.56 302.53
37502.78 302.77
37504.00 303.38
37505.20 305.19
37506.41 304.60
37507.62 304.80
37508.83 303.40
37510.03 303.20
37511.23 302.10
37512.44 301.55
37513.65 302.27
37514.86 303.64
37516.07 304.32
37517.28 304.16
37518.50 304.08
37519.71 302.54
37520.92 301.77
37522.13 301.38
37523.35 302.69
37524.56 303.35
37525.78 304.67
37526.99 304.34
37528.20 304.17
37529.41 302.58
37530.63 302.79
37531.84 301.40
37533.05 301.70
37534.25 302.85
37535.46 303.42
37536.68 304.71
37537.89 304.86
37539.10 302.93
37540.31 301.46
37541.52 300.73
37542.75 301.87
37543.96 302.93
37545.16 303.97
37546.38 304.48
37547.59 304.74
37548.80 303.37
37550.00 302.19
37551.21 302.59
37552.43 302.80
37553.64 302.90
37554.84 304.95
37556.05 304.97
37557.26 304.49
37558.48 303.24
37559.70 302.12
37560.91 302.56
37562.12 301.78
37563.34 301.89
37564.56 303.45
37565.78 304.22
37567.00 304.11
37568.18 304.06
37569.39 302.03
37570.60 302.51
37571.80 301.76
37573.01 301.88
37574.22 302.44
37575.44 304.72
37576.65 304.86
37577.87 304.43
37579.08 302.71
37580.29 301.86
37581.50 301.93
37582.71 302.46
37583.93 303.23
37585.15 303.62
37586.36 303.81
37587.58 303.40
37588.79 303.20
37590.00 301.60
37591.18 300.80
37592.39 301.40
37593.60 302.70
37594.80 304.85
37596.00 304.43
37597.21 303.71
37598.43 304.36
37599.64 303.68
37600.86 303.34
37602.07 301.67
37603.28 302.33
37604.49 302.67
37605.71 304.33
37606.93 303.67
37608.15 302.83
37609.36 302.92
37610.58 301.46
37611.80 300.73
37613.00 301.86
37614.20 302.43
37615.41 304.72
37616.63 304.36
37617.84 303.68
37619.05 303.34
37620.26 302.67
37621.48 301.83
37622.70 301.92
37623.91 302.96
37625.12 303.48
37626.34 303.74
37627.56 303.87
37628.77 303.43
37629.99 303.22
37631.20 302.11
37632.41 302.05
37633.62 302.53
37634.83 303.26
37636.04 304.63
37637.25 305.32
37638.47 305.16
37639.69 303.08
37640.90 301.54
37642.11 301.27
37643.32 302.13
37644.55 303.57
37645.76 304.28
37646.97 304.14
37648.19 303.07
37649.40 302.54
37650.61 301.77
37651.83 302.38
37653.04 302.19
37654.25 303.10
37655.46 304.55
37656.68 304.77
37657.89 303.89
37659.10 303.44
37660.31 302.22
37661.52 301.11
37662.75 301.56
37663.96 303.78
37665.16 303.89
37666.37 304.44
37667.58 304.72
37668.79 303.36
37670.00 301.68
37671.18 301.34
37672.39 301.17
37673.61 302.59
37674.83 303.29
37676.04 304.15
37677.25 305.57
37678.46 304.79
37679.68 303.39
37680.89 302.70
37682.10 302.85
37683.31 302.42
37684.52 304.21
37685.75 304.61
37686.96 304.30
37688.16 303.15
37689.38 302.58
37690.60 302.79
37691.80 301.39
37693.01 303.20
37694.21 303.60
37695.42 305.30
37696.64 304.65
37697.85 303.82
37699.06 303.41
37700.27 301.71
37701.48 301.85
37702.70 303.43
37703.91 303.71
37705.12 303.86
37706.34 305.43
37707.56 305.21
37708.77 303.61
37710.00 301.80
37711.17 300.90
37712.38 301.95
37713.59 302.48
37714.80 303.24
37716.00 305.12
37717.20 304.56
37718.41 304.28
37719.63 303.14
37720.84 301.57
37722.05 301.78
37723.26 302.89
37724.47 303.95
37725.69 304.47
37726.90 305.74
37728.11 305.37
37729.32 303.18
37730.55 301.59
37731.76 300.80
37732.97 301.40
37734.18 302.70
37735.39 304.85
37736.60 304.92
37737.81 304.46
37739.03 303.23
37740.23 302.12
37741.45 301.06
37742.67 301.53
37743.88 303.26
37745.09 304.13
37746.30 304.07
37747.51 304.03
37748.73 304.02
37749.94 302.51
37751.16 301.75
37752.37 301.88
37753.58 303.94
37754.79 303.97
37756.00 303.98
37757.18 303.99
37758.39 304.00
37759.60 302.50
37760.80 302.25
37762.01 302.62
37763.23 303.81
37764.44 303.91
37765.66 303.95
37766.87 304.48
37768.07 304.24
37769.28 302.62
37770.49 301.81
37771.71 300.90
37772.92 301.95
37774.13 303.48
37775.35 304.24
37776.56 304.12
37777.78 303.56
37778.99 302.78
37780.19 302.89
37781.40 301.94
37782.61 302.47
37783.83 303.24
37785.04 304.62
37786.25 304.31
37787.47 303.65
37788.69 302.83
37789.90 302.41
37791.11 301.71
37792.32 301.35
37793.55 302.18
37794.76 304.09
37795.97 304.04
37797.18 305.52
37798.39 305.26
37799.61 303.13
37800.83 301.57
37802.04 301.28
37803.25 302.14
37804.47 304.07
37805.68 304.54
37806.90 304.27
37808.11 303.13
37809.33 302.07
37810.55 301.03
37811.76 301.52
37812.97 302.76
37814.18 303.38
37815.39 304.69
37816.60 304.34
37817.81 303.67
37819.03 303.34
37820.23 302.17
37821.45 301.08
37822.67 301.54
37823.88 302.77
37825.09 303.89
37826.30 305.44
37827.51 304.72
37828.74 304.36
37829.96 302.18
37831.17 302.59
37832.38 301.80
37833.59 302.40
37834.80 304.70
37836.00 304.85
37837.18 305.92
37838.39 303.96
37839.60 302.48
37840.81 302.74
37842.03 301.87
37843.23 302.94
37844.45 303.47
37845.67 304.73
37846.88 304.87
37848.09 305.43
37849.30 304.22
37850.51 302.11
37851.73 302.05
37852.94 303.03
37854.15 303.51
37855.37 304.76
37856.59 305.38
37857.80 304.69
37859.00 303.84
37860.20 302.42
37861.41 301.71
37862.63 301.86
37863.84 302.43
37865.05 304.71
37866.26 304.36
37867.48 304.68
37868.70 303.84
37869.91 302.42
37871.12 301.71
37872.34 301.35
37873.55 302.68
37874.76 303.84
37875.97 304.42
37877.19 304.21
37878.40 303.60
37879.60 303.30
37880.80 301.65
37882.02 301.33
37883.23 302.16
37884.44 304.08
37885.65 304.54
37886.86 305.27
37888.07 304.64
37889.28 303.32
37890.49 302.16
37891.71 302.58
37892.92 303.29
37894.14 303.14
37895.35 304.57
37896.56 305.79
37897.77 304.89
37898.98 303.95
37900.19 302.47
37901.40 302.24
37902.61 302.12
37903.83 303.06
37905.03 303.53
37906.24 304.26
37907.46 304.13
37908.69 303.07
37909.90 303.03
37911.10 301.52
37912.31 302.26
37913.53 303.13
37914.76 303.56
37915.97 304.28
37917.18 304.14
37918.39 304.57
37919.60 302.79
37920.81 301.89
37922.02 302.45
37923.23 303.22
37924.44 303.61
37925.67 304.31
37926.88 305.15
37928.10 304.08
37929.30 303.54
37930.51 301.77
37931.73 300.88
37932.94 302.94
37934.15 303.47
37935.36 304.24
37936.58 304.12
37937.80 304.56
37939.00 303.78
37940.20 301.89
37941.41 300.94
37942.63 301.47
37943.84 302.24
37945.06 303.12
37946.27 305.06
37947.48 304.53
37948.70 303.76
37949.91 302.38
37951.12 301.19
37952.34 301.10
37953.55 303.05
37954.76 305.02
37955.97 305.01
37957.18 304.51
37958.39 304.75
37959.60 302.88
37960.81 302.94
37962.02 301.97
37963.23 301.98
37964.44 304.49
37965.66 304.75
37966.87 305.37
37968.08 304.69
37969.29 302.84
37970.50 302.92
37971.71 301.96
37972.93 302.98
37974.15 303.49
37975.36 304.75
37976.58 304.87
37977.79 304.94
37979.00 303.47
37980.18 302.23
37981.39 301.12
37982.61 302.06
37983.82 303.03
37985.03 304.01
37986.23 305.51
37987.46 304.25
37988.68 303.63
37989.90 302.31
37991.11 301.16
37992.32 301.58
37993.55 303.79
37994.76 304.89
37995.97 304.45
37997.19 304.22
37998.40 304.11
37999.62 302.56
38000.83 301.28
38002.04 302.14
38003.25 303.07
38004.46 303.03
38005.67 305.02
38006.88 305.01
38008.09 303.50
38009.29 303.25
38010.51 302.13
38011.73 301.06
38012.94 302.03
38014.15 303.02
38015.35 303.51
38016.57 303.75
38017.78 303.38
38018.99 303.19
38020.20 301.59
38021.41 301.30
38022.62 301.65
38023.83 302.82
38025.04 304.41
38026.25 305.71
38027.47 305.35
38028.69 303.68
38029.90 302.84
38031.11 301.92
