15725.20 317.91
15726.40 316.95
15727.62 315.48
15728.83 314.74
15730.04 315.37
15731.24 316.18
15732.45 317.59
15733.66 318.30
15734.87 318.15
15736.08 316.57
15737.28 315.29
15738.49 314.64
15739.70 314.32
15740.91 315.66
15742.13 316.83
15743.34 318.42
15744.56 318.21
15745.77 317.60
15746.98 316.30
15748.20 315.15
15749.40 315.08
15750.60 315.54
15751.81 316.27
15753.02 317.63
15754.23 317.82
15755.44 317.91
15756.65 316.45
15757.86 315.73
15759.07 314.86
15760.28 314.93
15761.48 315.97
15762.69 316.98
15763.90 317.99
15765.10 317.50
15766.30 316.75
15767.51 315.87
15768.72 314.94
15769.93 314.97
15771.15 315.48
15772.36 316.24
15773.56 317.12
15774.77 317.56
15775.98 316.78
15777.20 315.89
15778.40 314.45
15779.61 314.22
15780.83 314.61
15782.04 316.31
15783.25 317.65
15784.46 317.83
15785.67 317.41
15786.88 316.21
15788.09 315.10
15789.29 314.55
15790.50 314.78
15791.71 315.89
15792.92 317.44
15794.14 317.72
15795.36 317.36
15796.57 316.18
15797.78 315.09
15798.98 314.55
15800.20 314.77
15801.41 315.89
15802.62 317.44
15803.83 318.22
15805.04 317.61
15806.25 316.81
15807.47 315.90
15808.68 314.95
15809.88 314.98
15811.09 315.49
15812.29 316.24
15813.50 317.12
15814.71 317.56
15815.92 317.28
15817.14 315.64
15818.35 314.32
15819.56 314.66
15820.77 315.33
15822.00 316.67
15823.20 317.33
15824.41 318.17
15825.63 317.08
15826.84 316.04
15828.04 315.02
15829.24 314.51
15830.46 314.76
15831.68 315.88
15832.88 317.44
15834.09 317.72
15835.30 317.36
15836.51 316.68
15837.72 315.34
15838.93 314.67
15840.16 314.33
15841.37 315.67
15842.58 317.33
15843.79 317.67
15845.00 318.33
15846.20 420.17
15847.42 510.58
15848.63 571.29
15849.84 612.15
15851.05 636.07
15852.25 652.04
15853.46 663.02
15854.67 672.01
15855.87 676.50
15857.08 679.75
15858.28 683.38
15859.49 686.19
15860.70 689.09
15861.91 689.05
15863.12 690.52
15864.34 691.76
15865.54 691.88
15866.75 691.94
15867.96 692.47
15869.18 694.74
15870.39 695.87
15871.60 696.93
15872.81 696.47
15874.02 696.23
15875.23 698.12
15876.45 699.06
15877.66 699.03
15878.86 699.51
15880.08 699.76
15881.28 700.38
15882.49 699.19
15883.70 700.59
15884.91 700.80
15886.12 701.40
15887.33 701.20
15888.54 701.60
15889.75 701.80
15890.95 701.90
15892.17 701.95
15893.38 700.97
15894.58 701.99
15895.80 701.99
15897.00 700.50
15898.20 701.25
15899.41 702.12
15900.63 702.56
15901.84 702.78
15903.05 703.39
15904.26 704.20
15905.47 704.60
15906.68 703.80
15907.88 702.90
15909.08 703.45
15910.29 703.72
15911.50 704.36
15912.70 704.68
15913.91 704.34
15915.13 703.67
15916.34 703.84
15917.56 703.42
15918.77 703.71
15920.00 703.35
15921.20 703.68
15922.41 702.84
15923.62 703.92
15924.83 703.96
15926.04 704.48
15927.24 704.74
15928.46 704.37
15929.66 704.69
15930.88 704.84
15932.09 704.42
15933.30 705.21
15934.51 705.61
15935.72 704.80
15936.93 703.40
15938.15 702.20
15939.35 703.60
15940.56 704.80
15941.77 704.90
15942.97 705.45
15944.19 704.73
15945.40 703.86
15946.61 702.93
15947.82 702.47
15949.03 702.23
15950.23 703.62
15951.45 704.81
15952.66 705.40
15953.87 705.70
15955.07 705.85
15956.28 704.43
15957.49 703.21
15958.70 703.11
15959.91 702.55
15961.13 702.28
15962.34 702.64
15963.55 704.32
15964.76 705.16
15965.97 705.08
15967.19 703.54
15968.40 702.77
15969.61 703.39
15970.82 704.19
15972.04 703.60
15973.24 703.80
15974.44 703.40
15975.65 703.20
15976.86 704.60
15978.07 703.80
15979.27 702.90
15980.47 704.45
15981.69 704.22
15982.90 703.61
15984.11 703.31
15985.32 705.15
15986.54 705.08
15987.74 705.54
15988.96 704.27
15990.18 703.63
15991.40 703.82
15992.60 704.91
15993.81 705.45
15995.03 705.23
15996.24 704.11
15997.45 705.06
15998.66 705.03
15999.87 705.51
16001.08 704.76
16002.28 704.38
16003.49 705.69
16004.70 705.34
16005.90 704.17
16007.10 703.59
16008.31 705.29
16009.52 705.15
16010.73 706.07
16011.94 705.04
16013.16 704.52
16014.37 703.76
16015.58 705.38
16016.79 705.69
16018.00 705.34
16019.20 705.67
16020.40 704.84
16021.61 705.92
16022.82 705.46
16024.03 704.73
16025.24 703.86
16026.44 704.43
16027.66 703.22
16028.87 703.11
16030.08 704.55
16031.28 705.78
16032.49 704.89
16033.70 705.44
16034.91 706.22
16036.13 706.61
16037.34 705.31
16038.56 703.65
16039.76 704.83
16040.97 705.41
16042.18 705.71
16043.40 704.85
16044.60 704.43
16045.80 702.21
16047.01 650.61
16048.22 600.80
16049.42 557.40
16050.63 524.20
16051.84 498.60
16053.04 477.80
16054.24 459.40
16055.44 445.20
16056.64 432.60
16057.84 421.30
16059.04 411.15
16060.25 403.08
16061.46 398.54
16062.67 393.77
16063.88 388.88
16065.08 383.94
16066.28 379.97
16067.49 374.99
16068.70 369.99
16069.90 368.00
16071.09 366.50
16072.29 365.25
16073.50 363.12
16074.71 360.56
16075.92 357.78
16077.14 354.89
16078.35 353.45
16079.56 351.72
16080.77 350.86
16081.99 350.93
16083.20 349.97
16084.40 348.98
16085.60 347.99
16086.80 346.50
16088.00 344.25
16089.21 342.62
16090.42 341.31
16091.63 341.16
16092.84 342.58
16094.05 342.29
16095.25 341.64
16096.46 340.32
16097.67 338.66
16098.88 336.83
16100.08 335.92
16101.29 336.46
16102.50 336.73
16103.70 337.86
16104.90 337.43
16106.10 335.72
16107.31 334.36
16108.52 333.18
16109.74 331.59
16110.95 331.29
16112.16 333.65
16113.37 333.82
16114.58 333.91
16115.79 332.96
16117.00 331.48
16118.20 329.74
16119.41 328.87
16120.62 329.43
16121.83 330.22
16123.04 331.11
16124.25 331.05
16125.45 332.03
16126.66 329.51
16127.87 328.76
16129.08 327.88
16130.28 327.94
16131.48 327.97
16132.69 328.98
16133.90 329.49
16135.10 329.25
16136.32 328.62
16137.52 327.81
16138.73 325.91
16139.94 324.95
16141.16 325.98
16142.36 328.49
16143.57 328.74
16144.78 328.37
16146.00 327.19
16147.20 325.59
16148.40 325.30
16149.60 325.65
16150.80 326.32
16152.00 326.66
16153.20 327.33
16154.41 328.17
16155.63 327.58
16156.84 326.79
16158.05 324.90
16159.25 324.45
16160.46 324.72
16161.67 325.86
16162.88 325.93
16164.08 327.47
16165.28 327.23
16166.49 326.62
16167.70 324.81
16168.91 324.40
16170.12 324.20
16171.33 325.10
16172.54 326.55
16173.75 327.28
16174.96 326.14
16176.18 326.07
16177.39 325.53
16178.60 324.77
16179.80 323.38
16181.00 324.19
16182.20 325.10
16183.40 326.05
16184.60 325.52
16185.81 325.76
16187.02 324.88
16188.22 323.94
16189.43 321.97
16190.64 321.49
16191.85 323.74
16193.06 325.37
16194.26 325.69
16195.47 325.84
16196.68 323.92
16197.88 321.96
16199.09 321.98
16200.29 321.49
16201.50 322.25
16202.71 323.12
16203.92 324.06
16205.13 324.53
16206.34 323.27
16207.56 321.63
16208.76 320.82
16209.98 320.91
16211.19 321.45
16212.40 323.23
16213.60 324.61
16214.81 324.81
16216.02 323.40
16217.23 321.70
16218.44 321.35
16219.64 321.18
16220.85 322.09
16222.05 322.54
16223.25 323.27
16224.46 324.14
16225.67 324.07
16226.88 322.53
16228.08 321.27
16229.29 321.13
16230.50 321.57
16231.70 322.28
16232.90 323.14
16234.12 324.07
16235.32 324.04
16236.54 323.52
16237.75 321.76
16238.96 320.38
16240.17 319.69
16241.38 320.84
16242.59 321.92
16243.80 322.96
16245.00 322.48
16246.20 322.24
16247.40 418.62
16248.60 511.81
16249.80 575.91
16251.02 616.95
16252.22 642.98
16253.44 659.49
16254.64 670.24
16255.85 677.62
16257.06 682.31
16258.26 686.16
16259.47 689.58
16260.68 691.29
16261.89 694.14
16263.10 696.07
16264.32 696.04
16265.52 696.52
16266.73 698.26
16267.94 698.63
16269.16 699.31
16270.38 699.16
16271.60 699.08
16272.80 700.54
16274.00 701.77
16275.20 702.38
16276.40 700.69
16277.60 699.85
16278.81 700.92
16280.02 700.96
16281.22 701.98
16282.44 701.99
16283.65 703.00
16284.85 704.00
16286.05 703.50
16287.25 702.75
16288.46 702.87
16289.67 702.94
16290.87 703.47
16292.08 703.23
16293.29 703.12
16294.51 703.06
16295.71 704.03
16296.92 703.51
16298.14 703.76
16299.35 704.38
16300.56 703.69
16301.77 704.34
16302.99 704.17
16304.20 703.59
16305.41 705.29
16306.62 703.65
16307.82 704.82
16309.04 703.91
16310.24 703.46
16311.46 704.23
16312.68 703.11
16313.89 703.56
16315.10 705.28
16316.32 704.14
16317.53 704.57
16318.74 703.78
16319.94 703.89
16321.16 702.95
16322.37 703.47
16323.58 705.24
16324.80 704.62
16326.00 704.81
16327.20 704.40
16328.40 704.70
16329.60 704.85
16330.80 705.93
16332.01 704.96
16333.21 704.48
16334.42 704.74
16335.63 704.37
16336.83 704.69
16338.05 704.84
16339.25 703.42
16340.46 704.21
16341.68 704.11
16342.89 704.55
16344.11 705.28
16345.32 706.14
16346.54 705.07
16347.75 704.53
16348.95 704.77
16350.17 705.38
16351.39 704.69
16352.60 706.35
16353.80 705.67
16355.00 706.34
16356.20 706.67
16357.41 706.83
16358.62 705.92
16359.83 705.46
16361.03 705.73
16362.24 706.36
16363.45 705.68
16364.67 705.84
16365.88 704.92
16367.08 703.96
16368.28 703.98
16369.49 704.99
16370.70 704.50
16371.90 706.25
16373.11 706.62
16374.33 705.81
16375.54 704.91
16376.76 704.45
16377.96 704.23
16379.19 705.61
16380.40 705.31
16381.61 704.65
16382.82 705.33
16384.03 706.16
16385.25 705.08
16386.44 704.54
16387.65 704.27
16388.86 704.14
16390.07 704.07
16391.26 705.53
16392.48 704.77
16393.68 704.88
16394.89 704.44
16396.11 705.22
16397.32 706.11
16398.54 706.06
16399.75 706.53
16400.96 706.26
16402.17 706.13
16403.39 705.07
16404.60 706.03
16405.80 706.52
16407.01 706.76
16408.22 706.88
16409.43 705.44
16410.64 705.22
16411.84 705.61
16413.05 705.30
16414.25 706.15
16415.46 705.08
16416.67 706.04
16417.88 705.52
16419.08 705.76
16420.28 706.38
16421.49 706.69
16422.70 706.84
16423.90 706.92
16425.11 706.96
16426.32 706.98
16427.53 706.49
16428.74 705.75
16429.96 704.87
16431.17 705.44
16432.38 706.72
16433.59 705.36
16434.80 705.68
16436.00 705.34
16437.20 704.67
16438.41 705.33
16439.63 705.17
16440.84 705.08
16442.04 706.04
16443.24 706.52
16444.45 706.26
16445.66 706.13
16446.87 706.07
16448.08 663.03
16449.28 614.02
16450.49 570.51
16451.71 534.75
16452.92 506.88
16454.14 483.44
16455.35 464.22
16456.56 447.61
16457.76 433.80
16458.97 422.40
16460.18 413.20
16461.39 407.10
16462.60 402.05
16463.80 396.03
16465.00 390.51
16466.20 386.26
16467.41 381.13
16468.62 375.06
16469.83 372.03
16471.04 370.02
16472.25 367.51
16473.45 365.75
16474.66 364.88
16475.87 362.94
16477.08 359.47
16478.28 356.23
16479.49 354.12
16480.71 352.06
16481.92 351.53
16483.14 350.76
16484.35 350.88
16485.57 349.44
16486.77 347.22
16487.99 344.61
16489.20 342.31
16490.41 342.65
16491.62 343.33
16492.83 342.66
16494.04 343.33
16495.25 343.17
16496.45 341.08
16497.66 339.04
16498.86 337.02
16500.06 336.51
16501.27 336.26
16502.49 338.13
16503.70 338.56
16504.90 338.28
16506.12 337.64
16507.33 335.82
16508.54 334.91
16509.75 333.96
16510.98 334.48
16512.19 334.74
16513.40 334.37
16514.60 334.18
16515.81 334.09
16517.02 333.05
16518.22 330.52
16519.43 330.76
16520.64 331.38
16521.84 331.19
16523.05 332.10
16524.25 332.05
16525.46 332.02
16526.67 330.51
16527.88 329.26
16529.08 328.63
16530.29 329.31
16531.50 329.66
16532.70 329.83
16533.90 330.41
16535.12 330.21
16536.33 330.10
16537.54 327.55
16538.76 326.78
16539.97 326.89
16541.18 326.94
16542.39 327.97
16543.60 329.99
16544.81 330.49
16546.01 328.75
16547.22 327.37
16548.43 325.69
16549.64 326.34
16550.84 326.67
16552.06 326.84
16553.27 327.42
16554.48 327.71
16555.68 328.35
16556.89 327.18
16558.11 325.59
16559.33 324.79
16560.54 324.90
16561.74 324.95
16562.95 326.97
16564.16 326.49
16565.38 325.74
16566.59 325.87
16567.80 324.94
16569.00 324.47
16570.20 324.23
16571.41 324.12
16572.63 326.06
16573.84 326.03
16575.05 327.01
16576.25 325.01
16577.45 323.50
16578.65 323.25
16579.86 322.13
16581.08 323.56
16582.28 324.78
16583.49 326.89
16584.70 325.45
16585.91 325.22
16587.13 325.11
16588.35 324.06
16589.56 323.03
16590.76 323.01
16591.98 324.51
16593.19 325.75
16594.40 325.88
16595.60 325.94
16596.81 324.97
16598.02 322.48
16599.22 321.74
16600.43 320.87
16601.64 321.94
16602.84 324.47
16604.05 325.23
16605.26 325.62
16606.47 325.31
16607.68 324.15
16608.89 322.58
16610.11 322.29
16611.33 322.64
16612.54 324.32
16613.75 325.16
16614.96 324.58
16616.17 322.79
16617.38 321.40
16618.59 321.20
16619.80 320.60
16621.00 320.80
16622.19 321.40
16623.40 323.20
16624.60 324.10
16625.81 323.55
16627.02 323.27
16628.23 322.64
16629.44 321.32
16630.65 320.66
16631.86 321.33
16633.07 322.66
16634.28 323.33
16635.49 322.67
16636.70 322.83
16637.90 321.42
16639.12 319.71
16640.34 319.85
16641.55 321.43
16642.76 323.21
16643.97 323.11
16645.19 323.05
16646.39 323.03
16647.60 322.01
16648.80 439.01
16650.00 530.00
16651.18 589.50
16652.39 626.75
16653.59 649.38
16654.81 664.19
16656.02 673.09
16657.22 679.05
16658.43 684.52
16659.64 686.76
16660.85 688.88
16662.06 690.94
16663.26 693.97
16664.47 695.99
16665.67 697.49
16666.88 698.25
16668.10 698.12
16669.31 698.06
16670.52 698.03
16671.72 700.02
16672.94 700.01
16674.15 701.00
16675.36 702.00
16676.55 702.50
16677.75 702.75
16678.97 701.38
16680.18 702.19
16681.39 703.59
16682.60 702.30
16683.81 702.15
16685.02 701.57
16686.23 701.79
16687.44 702.89
16688.65 703.45
16689.86 703.72
16691.07 703.36
16692.28 702.68
16693.49 703.84
16694.69 704.42
16695.90 704.21
16697.12 703.11
16698.33 702.55
16699.55 702.78
16700.75 704.39
16701.97 704.69
16703.18 704.35
16704.40 703.17
16705.60 703.59
16706.80 703.79
16708.00 703.40
16709.20 703.20
16710.39 704.10
16711.60 704.55
16712.81 704.27
16714.02 704.14
16715.23 705.07
16716.44 705.03
16717.65 704.02
16718.86 703.51
16720.07 703.25
16721.27 704.13
16722.49 705.06
16723.69 704.53
16724.90 704.27
16726.12 704.13
16727.33 704.07
16728.54 704.53
16729.75 704.77
16730.97 705.38
16732.17 705.69
16733.38 705.85
16734.59 705.42
16735.80 703.71
16737.00 704.86
16738.20 704.43
16739.41 704.71
16740.63 705.36
16741.84 706.18
16743.05 706.09
16744.25 705.54
16745.47 706.77
16746.67 706.89
16747.89 705.44
16749.10 704.22
16750.31 705.61
16751.52 706.31
16752.74 705.65
16753.95 704.83
16755.16 705.91
16756.37 705.46
16757.58 704.73
16758.79 704.86
16760.00 704.43
16761.20 705.72
16762.41 705.36
16763.62 705.68
16764.84 705.84
16766.05 705.42
16767.25 706.21
16768.47 705.10
16769.68 706.05
16770.88 706.03
16772.10 704.51
16773.31 704.26
16774.52 704.13
16775.74 705.06
16776.95 706.03
16778.16 706.02
16779.37 706.51
16780.59 706.25
16781.80 706.13
16783.00 706.06
16784.19 706.53
16785.41 705.27
16786.63 705.13
16787.84 705.57
16789.05 703.78
16790.25 703.39
16791.46 704.70
16792.66 705.85
16793.87 705.92
16795.09 705.96
16796.29 705.98
16797.50 705.99
16798.71 705.50
16799.92 705.75
16801.14 705.37
16802.35 704.69
16803.56 704.34
16804.76 704.67
16805.98 704.34
16807.19 705.17
16808.39 706.08
16809.60 705.54
16810.81 705.27
16812.02 705.64
16813.23 704.82
16814.43 706.41
16815.65 705.20
16816.85 705.60
16818.05 705.80
16819.25 705.90
16820.46 706.45
16821.66 707.23
16822.89 707.11
16824.10 707.56
16825.32 707.28
16826.53 706.64
16827.74 706.32
16828.95 706.16
16830.17 705.58
16831.38 705.29
16832.58 705.64
16833.80 705.82
16834.99 706.41
16836.20 706.21
16837.41 706.10
16838.62 706.55
16839.84 705.28
16841.05 705.64
16842.25 705.82
16843.46 704.91
16844.66 705.95
16845.87 706.48
16847.09 706.74
16848.29 687.37
16849.50 637.68
16850.70 590.84
16851.90 551.42
16853.12 520.71
16854.34 494.86
16855.55 473.43
16856.76 455.71
16857.97 441.36
16859.18 429.18
16860.39 418.59
16861.60 410.79
16862.81 404.40
16864.01 398.70
16865.21 394.35
16866.43 387.67
16867.64 381.84
16868.84 376.92
16870.05 372.96
16871.26 371.48
16872.47 369.24
16873.68 367.62
16874.89 366.31
16876.11 362.65
16877.33 358.83
16878.54 356.91
16879.76 354.46
16880.97 353.73
16882.18 352.36
16883.39 351.68
16884.60 351.84
16885.80 349.42
16887.00 347.21
16888.20 345.11
16889.41 344.05
16890.62 344.03
16891.83 343.51
16893.05 343.26
16894.25 344.13
16895.47 343.56
16896.68 342.28
16897.89 339.64
16899.10 338.32
16900.31 337.16
16901.52 338.08
16902.73 339.04
16903.93 338.52
16905.15 337.76
16906.36 336.38
16907.57 335.19
16908.78 334.60
16909.99 334.30
16911.20 334.65
16912.41 335.32
16913.62 335.66
16914.83 334.83
16916.04 334.92
16917.25 333.96
16918.45 331.48
16919.66 331.24
16920.87 331.62
16922.08 331.81
16923.28 333.40
16924.49 334.20
16925.70 332.60
16926.90 331.80
16928.11 330.40
16929.32 328.70
16930.52 328.85
16931.73 328.93
16932.96 330.46
16934.16 331.73
16935.37 331.37
16936.59 330.18
16937.80 329.09
16939.00 328.05
16940.20 327.52
16941.41 327.76
16942.62 329.88
16943.83 329.94
16945.04 329.47
16946.25 329.24
16947.46 327.12
16948.68 327.06
16949.89 325.53
16951.10 326.26
16952.31 327.63
16953.52 328.32
16954.74 327.66
16955.96 326.83
16957.16 325.91
16958.37 325.46
16959.58 324.23
16960.79 324.61
16962.00 326.31
16963.20 328.15
16964.41 327.58
16965.62 327.79
16966.84 326.89
16968.05 325.45
16969.25 324.72
16970.46 324.36
16971.67 325.18
16972.88 325.59
16974.09 327.30
16975.29 327.15
16976.50 325.57
16977.70 324.79
16978.90 323.89
16980.12 322.45
16981.33 323.22
16982.54 324.61
16983.75 325.31
16984.97 326.65
16986.18 325.33
16987.40 324.16
16988.60 322.58
16989.81 321.79
16991.01 321.90
16992.21 324.45
16993.43 324.72
16994.64 326.36
16995.84 325.18
16997.05 324.59
16998.25 322.30
16999.46 321.15
17000.67 322.07
17001.87 322.54
17003.08 324.27
17004.28 325.63
17005.49 325.82
17006.70 324.41
17007.91 322.70
17009.12 321.35
17010.34 321.18
17011.56 322.09
17012.76 323.54
17013.97 325.27
17015.18 325.14
17016.40 323.57
17017.60 323.28
17018.81 321.64
17020.03 320.82
17021.24 321.91
17022.44 323.96
17023.65 323.98
17024.86 324.49
17026.07 323.74
17027.27 323.37
17028.48 322.19
17029.68 322.09
17030.89 321.05
17032.10 323.02
17033.30 324.51
17034.51 325.26
17035.73 324.13
17036.94 323.06
17038.16 322.03
17039.37 321.52
17040.58 321.26
17041.79 322.13
17043.00 322.06
17044.19 323.03
17045.40 323.52
17046.60 322.76
17047.81 321.38
17049.02 431.69
17050.22 523.34
17051.42 585.17
17052.63 624.09
17053.84 648.04
17055.04 663.02
17056.24 672.51
17057.45 678.26
17058.66 683.13
17059.87 687.56
17061.09 690.28
17062.29 692.64
17063.50 694.82
17064.71 695.91
17065.91 697.46
17067.15 697.73
17068.36 698.86
17069.57 697.93
17070.78 699.47
17071.99 699.73
17073.20 700.37
17074.41 699.68
17075.62 700.84
17076.83 701.42
17078.04 700.71
17079.25 700.36
17080.46 700.18
17081.66 702.59
17082.88 702.79
17084.09 701.40
17085.29 703.20
17086.50 702.10
17087.70 701.55
17088.91 702.77
17090.13 701.89
17091.34 702.94
17092.55 703.97
17093.76 704.49
17094.97 704.74
17096.18 705.37
17097.39 703.69
17098.60 702.84
17099.81 702.42
17101.02 702.21
17102.23 703.61
17103.44 703.30
17104.65 703.65
17105.86 703.33
17107.08 703.16
17108.29 702.58
17109.50 703.79
17110.71 704.40
17111.92 704.20
17113.13 704.60
17114.34 704.30
17115.55 704.65
17116.76 705.32
17117.97 705.16
17119.18 705.08
17120.39 705.04
17121.60 704.52
17122.80 705.26
17124.01 705.63
17125.22 705.82
17126.44 704.41
17127.65 703.20
17128.86 702.60
17130.06 702.80
17131.26 704.40
17132.47 705.70
17133.68 705.35
17134.88 706.18
17136.10 706.59
17137.32 706.29
17138.53 705.15
17139.75 705.07
17140.97 705.54
17142.18 705.27
17143.40 705.63
17144.60 705.82
17145.81 704.91
17147.03 703.95
17148.24 704.98
17149.44 704.99
17150.65 704.49
17151.86 705.75
17153.08 705.87
17154.28 705.44
17155.49 706.22
17156.70 706.11
17157.91 704.55
17159.13 703.78
17160.35 704.39
17161.55 705.19
17162.76 706.10
17163.97 706.55
17165.18 706.77
17166.39 705.39
17167.60 704.19
17168.81 704.10
17170.01 705.05
17171.21 705.52
17172.42 705.76
17173.64 706.38
17174.85 706.69
17176.06 705.85
17177.27 704.92
17178.47 704.96
17179.68 705.98
17180.89 705.99
17182.10 706.50
17183.31 706.75
17184.52 706.87
17185.73 705.94
17186.96 705.97
17188.16 705.98
17189.37 706.49
17190.58 706.75
17191.79 705.87
17192.99 706.44
17194.20 707.22
17195.41 706.11
17196.63 706.05
17197.84 706.03
17199.05 705.01
17200.25 705.01
17201.46 705.50
17202.67 704.75
17203.87 705.88
17205.09 705.44
17206.29 705.22
17207.51 704.61
17208.73 704.30
17209.93 705.65
17211.15 705.33
17212.36 706.16
17213.58 706.58
17214.79 705.79
17215.99 706.40
17217.20 706.70
17218.41 706.85
17219.62 705.92
17220.83 705.96
17222.04 705.98
17223.23 706.49
17224.44 706.75
17225.65 705.37
17226.86 706.19
17228.07 706.59
17229.28 705.80
17230.49 704.90
17231.69 705.95
17232.91 706.47
17234.13 706.74
17235.35 706.37
17236.57 706.18
17237.78 706.09
17238.98 705.05
17240.19 704.52
17241.39 705.26
17242.60 706.13
17243.81 706.07
17245.02 705.03
17246.22 705.02
17247.42 705.51
17248.64 706.75
17249.85 655.88
17251.06 604.44
17252.27 562.22
17253.49 528.11
17254.70 501.55
17255.91 479.28
17257.13 460.64
17258.35 444.82
17259.56 432.41
17260.77 421.70
17261.98 413.35
17263.19 407.18
17264.41 401.59
17265.62 395.79
17266.84 388.90
17268.05 382.95
17269.25 377.97
17270.46 375.49
17271.67 372.24
17272.88 371.12
17274.10 368.56
17275.31 366.28
17276.52 363.64
17277.73 360.32
17278.96 356.66
17280.17 355.33
17281.38 354.17
17282.60 353.58
17283.81 352.79
17285.01 351.40
17286.21 349.70
17287.42 347.85
17288.63 346.42
17289.84 343.71
17291.05 342.36
17292.25 343.18
17293.47 343.09
17294.68 344.04
17295.88 342.52
17297.09 341.76
17298.29 339.88
17299.50 338.94
17300.70 338.47
17301.91 338.74
17303.13 339.37
17304.35 339.68
17305.56 339.34
17306.77 337.67
17307.98 336.34
17309.19 334.17
17310.41 334.08
17311.61 334.04
17312.82 335.02
17314.03 336.01
17315.23 335.01
17316.44 334.00
17317.64 333.50
17318.84 330.75
17320.06 331.38
17321.27 331.69
17322.48 332.84
17323.68 332.92
17324.89 332.46
17326.11 331.23
17327.33 330.12
17328.54 329.06
17329.75 328.03
17330.96 329.01
17332.16 330.01
17333.38 330.50
17334.58 330.25
17335.79 329.63
17337.00 329.31
17338.20 328.66
17339.41 326.83
17340.62 327.91
17341.83 327.46
17343.04 328.73
17344.25 330.36
17345.45 330.18
17346.66 329.09
17347.86 327.55
17349.08 325.77
17350.28 324.89
17351.49 325.44
17352.70 327.22
17353.91 328.61
17355.13 329.31
17356.35 328.15
17357.57 326.08
17358.77 325.54
17359.98 325.27
17361.19 325.63
17362.40 325.82
17363.60 327.41
17364.81 328.20
17366.02 327.60
17367.23 326.80
17368.44 324.90
17369.65 323.95
17370.85 323.48
17372.08 324.74
17373.28 325.37
17374.49 326.18
17375.70 327.09
17376.90 326.55
17378.12 324.77
17379.34 324.39
17380.55 323.69
17381.76 323.85
17382.97 325.92
17384.17 326.96
17385.38 326.48
17386.59 325.74
17387.80 324.87
17389.00 322.94
17390.20 321.97
17391.41 322.98
17392.62 323.49
17393.84 325.75
17395.05 325.87
17396.25 325.44
17397.46 323.72
17398.68 322.86
17399.89 321.93
17401.10 322.96
17402.31 323.98
17403.52 324.99
17404.73 324.50
17405.95 324.25
17407.16 324.12
17408.37 322.06
17409.58 321.53
17410.79 322.77
17412.00 323.38
17413.20 325.19
17414.41 325.10
17415.61 325.05
17416.82 324.52
17418.03 323.26
17419.24 322.13
17420.45 322.07
17421.66 323.03
17422.87 323.52
17424.08 323.76
17425.28 323.88
17426.49 323.44
17427.70 323.22
17428.91 321.11
17430.13 322.05
17431.34 322.53
17432.55 322.76
17433.76 323.38
17434.97 324.19
17436.18 323.10
17437.39 322.55
17438.60 322.27
17439.81 321.64
17441.02 321.32
17442.23 322.16
17443.44 322.58
17444.65 323.29
17445.86 323.64
17447.08 323.32
17448.29 321.16
17449.50 321.58
17450.70 434.79
17451.91 527.40
17453.12 587.70
17454.33 626.35
17455.55 650.17
17456.76 665.09
17457.96 674.54
17459.17 680.27
17460.39 685.64
17461.59 687.82
17462.80 691.41
17464.01 692.70
17465.21 693.35
17466.43 694.68
17467.63 695.84
17468.84 695.92
17470.05 697.96
17471.26 698.98
17472.47 698.99
17473.68 699.49
17474.89 699.25
17476.10 699.62
17477.32 699.81
17478.53 700.91
17479.75 700.95
17480.96 701.98
17482.16 702.99
17483.37 703.99
17484.58 704.50
17485.79 704.25
17487.00 703.12
17488.20 703.56
17489.41 703.28
17490.62 704.14
17491.83 702.57
17493.04 702.79
17494.24 703.89
17495.45 704.45
17496.66 703.72
17497.86 704.86
17499.08 704.43
17500.29 704.72
17501.51 704.36
17502.72 705.68
17503.94 705.34
17505.16 705.17
17506.37 705.08
17507.58 705.04
17508.79 703.52
17510.00 703.26
17511.19 704.63
17512.41 703.32
17513.63 702.66
17514.84 703.33
17516.05 703.16
17517.26 703.58
17518.47 704.29
17519.67 704.65
17520.89 705.32
17522.11 705.16
17523.32 706.08
17524.53 705.04
17525.74 705.52
17526.96 705.76
17528.16 704.88
17529.37 704.44
17530.58 704.22
17531.78 705.11
17533.00 706.05
17534.20 706.53
17535.40 706.76
17536.61 706.38
17537.82 706.69
17539.03 705.35
17540.25 705.17
17541.45 705.59
17542.66 704.79
17543.86 705.90
17545.08 706.45
17546.28 705.22
17547.49 705.61
17548.70 705.81
17549.91 704.90
17551.12 705.45
17552.34 705.23
17553.56 706.11
17554.77 706.56
17555.98 705.28
17557.18 705.64
17558.40 704.82
17559.60 705.91
17560.81 704.95
17562.02 705.48
17563.23 705.74
17564.44 705.87
17565.65 705.43
17566.87 705.22
17568.09 704.61
17569.30 703.80
17570.50 703.90
17571.70 705.95
17572.90 706.48
17574.12 707.24
17575.33 706.12
17576.55 705.06
17577.75 705.53
17578.97 705.26
17580.18 704.63
17581.39 705.82
17582.60 704.91
17583.81 705.45
17585.02 705.23
17586.23 705.11
17587.44 704.06
17588.65 705.53
17589.87 706.26
17591.09 705.63
17592.30 705.82
17593.51 705.91
17594.73 705.45
17595.95 704.73
17597.16 705.36
17598.38 706.18
17599.58 706.59
17600.80 705.30
17601.99 706.15
17603.20 705.57
17604.41 705.29
17605.62 705.14
17606.84 704.57
17608.05 704.29
17609.25 704.14
17610.46 704.07
17611.67 704.04
17612.87 705.02
17614.09 706.51
17615.30 705.75
17616.51 706.88
17617.72 705.44
17618.94 704.72
17620.15 704.36
17621.36 704.68
17622.57 704.84
17623.78 706.42
17624.99 706.71
17626.20 706.35
17627.41 706.68
17628.62 706.34
17629.83 706.67
17631.05 706.83
17632.26 706.42
17633.47 707.21
17634.68 706.60
17635.89 705.30
17637.11 704.65
17638.32 705.33
17639.55 706.16
17640.76 705.08
17641.97 704.54
17643.18 705.77
17644.39 704.89
17645.60 705.94
17646.80 706.97
17648.00 705.49
17649.20 704.74
17650.41 705.37
17651.62 706.19
17652.84 706.09
17654.04 655.55
17655.25 604.27
17656.45 561.14
17657.67 526.57
17658.88 498.78
17660.10 475.89
17661.31 458.95
17662.52 444.97
17663.73 433.99
17664.95 423.99
17666.16 414.50
17667.36 406.75
17668.57 399.37
17669.78 393.19
17670.99 388.09
17672.19 384.55
17673.41 382.27
17674.62 378.14
17675.84 374.07
17677.05 370.03
17678.25 367.02
17679.45 364.51
17680.66 362.25
17681.87 361.13
17683.09 360.06
17684.29 358.53
17685.50 356.27
17686.72 354.13
17687.94 352.07
17689.15 350.53
17690.36 349.27
17691.58 348.63
17692.80 347.82
17694.00 347.91
17695.20 346.95
17696.41 345.48
17697.62 344.24
17698.83 341.62
17700.04 339.81
17701.25 339.40
17702.44 340.70
17703.65 340.85
17704.85 341.43
17706.07 341.21
17707.28 340.11
17708.49 337.05
17709.69 335.53
17710.90 334.76
17712.12 335.38
17713.33 336.19
17714.54 338.10
17715.75 336.55
17716.96 336.27
17718.16 334.14
17719.38 333.07
17720.59 333.03
17721.80 333.52
17723.00 334.26
17724.20 334.63
17725.41 333.81
17726.63 333.91
17727.84 332.95
17729.05 330.98
17730.25 329.99
17731.46 329.99
17732.67 331.00
17733.87 332.50
17735.08 331.75
17736.29 330.87
17737.50 330.44
17738.71 328.72
17739.93 327.86
17741.14 328.43
17742.35 329.21
17743.57 331.11
17744.78 331.55
17745.99 330.28
17747.20 330.14
17748.41 329.07
17749.61 328.03
17750.82 327.52
17752.03 327.26
17753.25 329.13
17754.45 330.56
17755.66 329.78
17756.87 327.89
17758.08 327.45
17759.29 326.72
17760.50 326.36
17761.70 326.18
17762.91 328.09
17764.12 328.05
17765.33 328.02
17766.55 328.51
17767.76 327.26
17768.97 325.13
17770.18 324.56
17771.39 325.28
17772.60 325.64
17773.81 327.82
17775.01 328.41
17776.22 327.21
17777.44 327.10
17778.65 326.05
17779.86 325.03
17781.08 324.01
17782.28 326.01
17783.49 326.00
17784.68 328.00
17785.89 326.50
17787.10 326.75
17788.31 325.88
17789.52 323.94
17790.73 323.97
17791.94 324.98
17793.16 324.99
17794.37 326.00
17795.57 326.00
17796.77 325.50
17797.98 324.25
17799.19 323.12
17800.41 323.56
17801.62 323.28
17802.83 325.14
17804.04 325.57
17805.25 325.79
17806.46 326.39
17807.67 325.20
17808.88 323.10
17810.09 322.55
17811.30 322.27
17812.51 324.64
17813.72 325.32
17814.94 326.66
17816.15 325.33
17817.36 325.16
17818.57 323.08
17819.78 322.04
17820.98 322.52
17822.19 323.26
17823.40 325.13
17824.60 325.57
17825.81 324.78
17827.02 324.39
17828.23 323.70
17829.44 322.35
17830.65 322.67
17831.86 322.34
17833.08 323.17
17834.29 324.58
17835.50 324.79
17836.70 323.40
17837.90 322.70
17839.11 321.35
17840.33 322.17
17841.54 321.59
17842.75 322.79
17843.96 324.90
17845.16 325.95
17846.37 324.97
17847.58 323.49
17848.79 322.74
17850.00 320.87
17851.20 321.94
17852.41 323.47
17853.62 412.73
17854.83 507.87
17856.04 574.93
17857.24 617.47
17858.45 644.23
17859.66 661.12
17860.87 670.56
17862.09 677.78
17863.29 684.39
17864.50 686.69
17865.70 690.35
17866.92 692.67
17868.13 693.34
17869.35 695.67
17870.55 696.83
17871.76 696.92
17872.97 697.46
17874.18 698.23
17875.39 698.61
17876.60 698.81
17877.81 698.90
17879.02 698.95
17880.23 700.98
17881.44 700.49
17882.65 700.74
17883.86 702.87
17885.08 703.94
17886.28 702.47
17887.49 702.23
17888.70 702.12
17889.91 703.56
17891.13 704.28
17892.35 704.64
17893.57 703.32
17894.78 702.66
17895.99 704.33
17897.20 704.66
17898.41 705.33
17899.62 705.67
17900.84 705.33
17902.07 704.67
17903.28 703.83
17904.49 705.42
17905.70 705.71
17906.91 705.85
17908.13 705.93
17909.35 705.96
17910.56 705.48
17911.76 705.74
17912.98 705.37
17914.19 705.69
17915.41 705.34
17916.62 705.67
17917.83 705.84
17919.06 705.92
17920.27 704.96
17921.48 704.48
17922.68 705.24
17923.89 705.62
17925.11 706.31
17926.33 706.65
17927.54 706.33
17928.75 705.66
17929.96 704.33
17931.16 704.67
17932.38 704.33
17933.59 704.17
17934.80 704.08
17936.00 704.04
17937.20 704.02
17938.40 703.51
17939.61 704.26
17940.83 704.63
17942.03 704.81
17943.25 705.91
17944.45 707.95
17945.66 705.48
17946.87 704.74
17948.08 704.87
17949.28 704.43
17950.49 704.22
17951.70 704.11
17952.92 704.55
17954.13 706.28
17955.35 705.64
17956.56 705.32
17957.77 704.16
17958.99 704.58
17960.19 704.79
17961.40 704.89
17962.60 703.95
17963.81 703.97
17965.02 704.99
17966.23 704.99
17967.43 705.00
17968.64 704.50
17969.84 704.25
17971.06 706.12
17972.27 706.56
17973.47 706.78
17974.68 705.89
17975.89 706.95
17977.11 705.97
17978.33 704.49
17979.55 704.24
17980.75 704.62
17981.96 707.31
17983.17 708.66
17984.39 706.83
17985.60 706.91
17986.80 707.46
17988.01 708.23
17989.22 706.61
17990.43 707.31
17991.65 705.65
17992.87 705.33
17994.09 705.66
17995.29 705.33
17996.50 705.17
17997.71 705.08
17998.92 705.04
18000.13 704.02
18001.34 704.01
18002.55 703.51
18003.76 705.25
18004.97 705.13
18006.19 706.06
18007.40 705.53
18008.60 705.27
18009.81 705.13
18011.03 704.57
18012.23 706.78
18013.44 707.89
18014.65 707.95
18015.86 708.47
18017.08 706.24
18018.28 706.12
18019.50 705.56
18020.71 704.78
18021.92 704.39
18023.13 704.19
18024.35 705.60
18025.56 705.30
18026.76 705.15
18027.97 705.07
18029.18 704.54
18030.39 704.77
18031.59 704.88
18032.81 707.44
18034.02 706.72
18035.23 705.86
18036.44 705.43
18037.65 705.22
18038.87 705.11
18040.09 706.05
18041.29 705.03
18042.50 705.51
18043.71 704.76
18044.94 705.38
18046.15 705.69
18047.36 704.84
18048.57 704.42
18049.77 704.71
18050.98 704.86
18052.19 704.43
18053.40 706.71
18054.60 665.86
18055.81 615.93
18057.02 571.96
18058.22 535.98
18059.44 505.99
18060.65 482.50
18061.85 464.25
18063.07 450.12
18064.28 438.06
18065.49 427.03
18066.69 417.52
18067.90 409.26
18069.12 400.63
18070.33 393.81
18071.55 388.91
18072.76 386.45
18073.97 383.73
18075.18 379.86
18076.39 376.43
18077.60 371.72
18078.81 367.86
18080.02 364.43
18081.23 362.21
18082.44 361.11
18083.66 360.55
18084.87 359.78
18086.09 357.39
18087.29 354.19
18088.50 352.10
18089.70 349.55
18090.92 348.27
18092.13 347.64
18093.35 347.82
18094.56 348.41
18095.76 346.70
18096.97 345.35
18098.18 343.68
18099.40 341.84
18100.60 341.42
18101.81 340.71
18103.03 341.35
18104.24 342.18
18105.45 342.59
18106.66 340.29
18107.87 339.15
18109.09 337.07
18110.29 335.04
18111.50 335.02
18112.70 337.01
18113.90 337.50
18115.11 337.25
18116.33 336.63
18117.54 334.81
18118.75 333.41
18119.97 332.20
18121.17 332.10
18122.38 333.05
18123.58 333.53
18124.79 335.26
18126.00 335.13
18127.20 334.07
18128.41 332.53
18129.62 331.27
18130.84 330.63
18132.05 331.32
18133.26 331.66
18134.47 331.83
18135.68 331.91
18136.89 331.46
18138.11 331.23
18139.33 329.11
18140.55 328.56
18141.76 328.28
18142.97 329.14
18144.18 330.57
18145.39 330.78
18146.60 330.89
18147.80 329.45
18149.00 327.72
18150.20 326.86
18151.42 327.93
18152.63 327.97
18153.84 328.98
18155.05 329.49
18156.25 328.75
18157.46 327.87
18158.67 326.44
18159.88 325.72
18161.09 326.36
18162.30 327.18
18163.51 328.09
18164.72 328.54
18165.93 328.27
18167.15 327.64
18168.36 326.32
18169.58 325.16
18170.79 324.58
18172.00 324.79
18173.20 326.89
18174.41 326.95
18175.62 327.47
18176.83 326.74
18178.06 325.37
18179.27 324.18
18180.48 324.09
18181.68 325.05
18182.89 326.02
18184.10 327.01
18185.30 327.51
18186.51 326.75
18187.72 325.38
18188.93 323.69
18190.14 322.84
18191.35 323.42
18192.57 325.21
18193.78 327.11
18195.00 327.05
18196.20 326.03
18197.40 325.01
18198.60 324.01
18199.80 323.50
18201.00 323.25
18202.20 324.13
18203.41 325.56
18204.62 325.78
18205.84 325.39
18207.05 324.70
18208.25 323.35
18209.46 322.67
18210.67 321.84
18211.88 322.42
18213.09 323.21
18214.30 324.60
18215.50 324.80
18216.70 324.90
18217.90 323.45
18219.12 323.23
18220.33 321.61
18221.55 321.81
18222.76 322.90
18223.97 324.45
18225.17 324.73
18226.39 324.36
18227.60 323.68
18228.81 321.84
18230.01 322.42
18231.22 322.21
18232.44 323.11
18233.65 323.55
18234.86 324.28
18236.08 324.14
18237.28 323.57
18238.49 322.28
18239.70 320.64
18240.92 320.82
18242.12 321.91
18243.33 322.96
18244.55 323.48
18245.76 324.24
18246.97 323.12
18248.18 321.56
18249.39 321.28
18250.60 320.14
18251.81 321.07
18253.01 323.03
18254.21 335.52
18255.43 455.26
18256.65 541.13
18257.86 595.56
18259.08 631.28
18260.28 653.14
18261.49 665.07
18262.69 674.04
18263.90 681.52
18265.12 687.26
18266.33 688.63
18267.55 691.81
18268.75 693.41
18269.96 694.70
18271.17 695.85
18272.39 697.43
18273.60 698.71
18274.81 700.36
18276.02 700.68
18277.24 699.34
18278.45 698.67
18279.66 700.33
18280.87 700.67
18282.09 700.33
18283.30 701.67
18284.50 702.83
18285.72 702.92
18286.93 703.96
18288.14 702.48
18289.35 702.74
18290.55 703.87
18291.76 702.43
18292.97 703.22
18294.19 704.11
18295.40 705.05
18296.60 703.03
18297.80 704.51
18299.01 704.76
18300.22 702.88
18301.42 703.94
18302.63 704.47
18303.84 703.23
18305.07 703.62
18306.28 702.81
18307.48 703.40
18308.68 704.70
18309.89 703.35
18311.11 703.18
18312.33 704.59
18313.54 705.29
18314.75 705.15
18315.97 703.57
18317.18 704.29
18318.39 704.64
18319.60 704.82
18320.81 705.41
18322.03 705.21
18323.23 705.60
18324.44 704.80
18325.65 705.40
18326.86 704.70
18328.07 705.35
18329.28 705.68
18330.50 705.84
18331.71 704.42
18332.93 704.71
18334.14 706.35
18335.36 705.18
18336.57 704.59
18337.78 705.29
18339.00 703.65
18340.20 703.82
18341.40 705.41
18342.61 705.21
18343.83 706.60
18345.05 705.30
18346.25 704.65
18347.45 705.33
18348.67 706.16
18349.89 706.08
18351.10 706.54
18352.32 704.77
18353.53 705.39
18354.75 705.69
18355.96 704.85
18357.17 704.92
18358.38 703.46
18359.58 705.23
18360.80 703.62
18362.00 705.31
18363.20 704.15
18364.42 706.08
18365.62 706.54
18366.84 705.27
18368.06 704.13
18369.26 704.57
18370.48 704.28
18371.68 705.64
18372.89 706.82
18374.11 705.41
18375.32 705.71
18376.54 706.85
18377.75 706.43
18378.97 705.71
18380.18 704.86
18381.39 703.43
18382.60 703.71
18383.81 704.86
18385.03 705.93
18386.25 704.96
18387.45 705.48
18388.66 705.74
18389.87 705.37
18391.09 705.69
18392.30 704.84
18393.50 706.42
18394.72 706.21
18395.93 705.11
18397.15 706.05
18398.36 706.03
18399.57 706.51
18400.78 706.76
18401.99 706.88
18403.20 706.94
18404.41 706.97
18405.62 705.48
18406.83 706.24
18408.05 706.62
18409.26 706.31
18410.47 706.66
18411.69 704.83
18412.91 705.91
18414.12 705.46
18415.34 705.73
18416.56 706.36
18417.76 706.68
18418.97 704.34
18420.18 704.67
18421.39 705.84
18422.60 704.92
18423.82 705.46
18425.04 705.23
18426.25 704.61
18427.45 705.31
18428.66 706.15
18429.88 706.08
18431.10 706.04
18432.30 706.52
18433.51 705.26
18434.72 706.63
18435.93 705.31
18437.15 706.16
18438.36 705.08
18439.57 706.04
18440.78 707.02
18441.99 706.51
18443.20 705.25
18444.41 705.63
18445.62 706.81
18446.84 704.91
18448.06 705.95
18449.26 706.48
18450.47 705.24
18451.68 704.62
18452.88 705.81
18454.10 705.40
18455.30 675.20
18456.50 626.60
18457.70 581.30
18458.91 542.15
18460.12 512.08
18461.33 487.04
18462.54 469.02
18463.75 453.51
18464.97 440.25
18466.17 428.63
18467.39 419.31
18468.60 409.66
18469.81 401.83
18471.04 394.91
18472.25 389.96
18473.45 386.48
18474.66 383.74
18475.87 379.37
18477.09 375.68
18478.29 371.84
18479.50 367.42
18480.71 364.21
18481.92 362.61
18483.14 361.30
18484.36 361.15
18485.57 358.58
18486.78 356.29
18487.99 354.14
18489.20 351.07
18490.40 349.04
18491.60 348.02
18492.80 348.01
18494.00 348.50
18495.20 348.25
18496.41 347.63
18497.62 344.81
18498.83 343.41
18500.05 341.70
18501.25 340.85
18502.46 340.43
18503.68 341.21
18504.90 341.11
18506.11 341.05
18507.32 339.03
18508.52 338.01
18509.73 337.01
18510.94 335.50
18512.14 335.75
18513.35 336.38
18514.56 336.69
18515.76 336.34
18516.97 335.67
18518.19 334.84
18519.40 333.42
18520.60 331.71
18521.81 331.85
18523.03 332.93
18524.24 334.46
18525.44 334.23
18526.65 333.62
18527.87 331.81
18529.09 329.90
18530.30 329.45
18531.51 329.23
18532.73 329.61
18533.94 331.81
18535.15 332.40
18536.36 331.20
18537.57 330.60
18538.77 328.30
18539.98 327.15
18541.19 327.58
18542.41 327.79
18543.62 328.89
18544.84 329.45
18546.05 330.22
18547.26 329.11
18548.48 327.56
18549.69 325.78
18550.92 326.39
18552.13 327.69
18553.34 327.85
18554.55 328.42
18555.76 329.71
18556.97 329.36
18558.19 328.18
18559.41 326.59
18560.62 325.29
18561.83 326.15
18563.05 327.07
18564.26 327.54
18565.47 328.27
18566.68 327.63
18567.89 325.82
18569.10 323.91
18570.31 323.45
18571.52 324.23
18572.73 325.61
18573.94 326.31
18575.15 326.65
18576.36 326.33
18577.57 325.66
18578.78 323.83
18579.99 323.42
18581.20 323.21
18582.41 324.60
18583.61 325.80
18584.82 325.90
18586.03 325.95
18587.23 324.98
18588.44 323.49
18589.65 322.74
18590.87 322.37
18592.08 323.19
18593.29 325.09
18594.49 326.05
18595.70 326.02
18596.91 325.51
18598.12 323.76
18599.34 321.88
18600.55 321.94
18601.76 321.97
18602.97 322.98
18604.18 324.99
18605.39 325.00
18606.59 324.50
18607.80 323.25
18609.00 323.12
18610.20 321.56
18611.41 321.78
18612.62 323.39
18613.83 324.20
18615.05 324.60
18616.25 324.80
18617.44 323.90
18618.65 321.95
18619.85 321.97
18621.07 321.49
18622.28 321.74
18623.49 322.87
18624.70 323.94
18625.91 323.97
18627.12 324.48
18628.33 322.24
18629.54 321.12
18630.75 320.56
18631.96 320.78
18633.16 322.39
18634.37 324.20
18635.58 324.10
18636.79 323.05
18638.00 322.02
18639.20 321.51
18640.41 320.26
18641.62 320.13
18642.84 321.06
18644.05 322.53
18645.26 323.27
18646.47 323.13
18647.68 322.07
18648.90 321.03
18650.10 320.02
18651.31 320.01
18652.52 321.00
18653.72 322.50
18654.92 323.75
18656.13 402.38
18657.35 499.19
18658.56 568.09
18659.76 612.05
18660.97 641.02
18662.18 659.01
18663.39 671.51
18664.61 679.75
18665.82 684.88
18667.03 688.94
18668.23 689.47
18669.44 692.23
18670.65 693.62
18671.86 695.81
18673.08 696.90
18674.28 697.95
18675.49 698.98
18676.70 697.99
18677.92 699.99
18679.12 699.50
18680.33 700.75
18681.55 700.87
18682.75 701.94
18683.96 701.97
18685.17 701.48
18686.38 702.24
18687.59 702.62
18688.80 701.81
18690.00 700.91
18691.21 702.95
18692.42 702.98
18693.62 703.49
18694.83 704.74
18696.05 705.37
18697.26 704.69
18698.47 704.84
18699.68 702.92
18700.88 703.96
18702.10 703.98
18703.30 704.49
18704.51 704.25
18705.73 704.12
18706.94 702.56
18708.15 703.28
18709.36 704.64
18710.57 705.32
18711.78 703.66
18712.99 705.33
18714.20 703.67
18715.40 704.83
18716.61 705.92
18717.83 703.96
18719.05 703.98
18720.25 704.49
18721.46 703.24
18722.66 704.62
18723.88 704.31
18725.10 705.16
18726.31 706.08
18727.52 705.54
18728.73 704.77
18729.94 705.38
18731.16 703.69
18732.37 703.85
18733.58 705.42
18734.79 705.21
18735.99 705.61
18737.20 706.30
18738.41 705.65
18739.62 704.83
18740.83 705.41
18742.06 705.21
18743.26 706.10
18744.49 706.55
18745.70 705.78
18746.91 704.39
18748.12 703.19
18749.34 704.60
18750.55 705.30
18751.76 704.65
18752.97 705.32
18754.18 706.16
18755.40 705.08
18756.60 706.04
18757.81 706.02
18759.02 705.01
18760.22 706.01
18761.43 705.00
18762.63 704.50
18763.83 706.25
18765.05 704.63
18766.26 704.31
18767.47 705.66
18768.68 704.83
18769.90 705.41
18771.11 706.21
18772.33 705.10
18773.54 705.05
18774.75 705.53
18775.96 704.76
18777.16 705.38
18778.37 706.19
18779.58 704.10
18780.78 705.05
18781.99 705.52
18783.19 705.76
18784.41 705.38
18785.62 705.69
18786.83 706.35
18788.05 705.17
18789.26 706.09
18790.47 704.04
18791.68 705.02
18792.89 705.51
18794.10 704.76
18795.31 705.88
18796.52 705.44
18797.74 705.72
18798.96 705.36
18800.17 703.68
18801.38 704.34
18802.58 705.67
18803.79 705.83
18805.00 705.42
18806.20 706.21
18807.41 705.60
18808.62 706.30
18809.83 705.15
18811.06 705.08
18812.26 705.54
18813.47 706.27
18814.68 705.63
18815.90 705.82
18817.10 706.41
18818.32 704.20
18819.52 704.60
18820.73 705.80
18821.94 704.40
18823.14 704.20
18824.36 705.10
18825.56 706.55
18826.77 705.78
18827.99 704.89
18829.20 705.44
18830.40 706.22
18831.61 706.61
18832.83 704.81
18834.05 705.40
18835.25 705.20
18836.46 705.10
18837.67 705.55
18838.89 704.28
18840.11 704.14
18841.32 705.07
18842.53 705.03
18843.74 707.02
18844.95 706.51
18846.16 706.75
18847.37 704.88
18848.58 705.94
18849.79 704.47
18851.00 705.23
18852.20 704.62
18853.41 704.31
18854.63 704.15
18855.84 705.58
18857.06 705.79
18858.27 674.39
18859.48 625.70
18860.68 580.35
18861.90 542.17
18863.11 512.09
18864.33 488.04
18865.53 469.02
18866.74 453.01
18867.95 438.51
18869.16 426.25
18870.38 416.13
18871.60 409.06
18872.80 402.53
18874.00 397.77
18875.20 392.38
18876.42 387.69
18877.63 381.85
18878.84 376.92
18880.06 372.46
18881.27 369.23
18882.48 366.62
18883.69 365.31
18884.91 363.65
18886.12 361.83
18887.33 359.41
18888.55 356.21
18889.76 354.10
18890.97 352.05
18892.18 351.03
18893.39 351.01
18894.60 350.51
18895.81 350.75
18897.04 348.88
18898.25 345.94
18899.45 344.47
18900.66 342.23
18901.87 341.62
18903.09 341.81
18904.30 342.90
18905.50 342.95
18906.70 342.48
18907.91 339.74
18909.12 338.87
18910.34 336.43
18911.55 336.22
18912.76 336.61
18913.97 336.80
18915.17 336.90
18916.38 336.95
18917.59 335.48
18918.80 335.24
18920.00 332.62
18921.20 332.31
18922.41 332.15
18923.63 334.08
18924.84 335.04
18926.05 334.52
18927.26 333.26
18928.48 331.63
18929.69 329.81
18930.91 329.41
18932.12 329.70
18933.33 330.35
18934.55 331.18
18935.76 331.59
18936.98 331.29
18938.19 329.65
18939.41 328.32
18940.62 327.16
18941.84 328.08
18943.05 328.54
18944.26 330.27
18945.47 330.14
18946.68 330.07
18947.90 328.53
18949.11 327.27
18950.33 327.13
18951.55 326.07
18952.76 326.53
18953.97 328.77
18955.17 329.38
18956.38 328.69
18957.59 327.85
18958.80 325.92
18960.00 325.46
18961.20 325.73
18962.41 325.87
18963.63 327.43
18964.84 327.72
18966.05 327.86
18967.25 326.93
18968.46 325.46
18969.67 324.73
18970.89 323.37
18972.10 325.18
18973.31 326.09
18974.52 327.55
18975.74 327.27
18976.95 325.64
18978.16 323.82
18979.37 322.91
18980.58 322.45
18981.79 323.23
18983.00 324.11
18984.20 325.06
18985.40 326.03
18986.60 326.51
18987.81 325.26
18989.03 323.63
18990.25 323.31
18991.45 322.66
18992.66 323.33
18993.87 324.66
18995.08 325.33
18996.29 325.17
18997.51 323.58
18998.72 323.29
18999.92 321.65
19001.13 321.32
19002.35 322.16
19003.57 323.58
19004.77 324.29
19005.98 324.15
19007.20 323.07
19008.40 322.04
19009.60 322.02
19010.80 321.01
19012.00 322.00
19013.19 323.00
19014.39 323.50
19015.60 325.25
19016.81 325.13
19018.03 323.06
19019.23 322.03
19020.44 320.52
19021.65 321.76
19022.86 321.88
19024.08 323.44
19025.28 324.22
19026.49 323.11
19027.71 322.55
19028.92 321.78
19030.14 321.39
19031.36 321.19
19032.57 321.60
19033.78 322.80
19034.98 323.40
19036.18 323.70
19037.39 322.85
19038.60 321.92
19039.81 320.96
19041.03 319.98
19042.24 321.49
19043.45 322.25
19044.67 323.62
19045.89 323.81
19047.09 323.41
19048.30 321.20
19049.50 320.60
19050.70 319.30
19051.91 321.15
19053.12 322.08
19054.33 323.04
19055.53 323.02
19056.74 322.01
19057.95 321.50
19059.16 319.75
19060.37 319.38
19061.59 320.69
19062.80 320.84
19064.00 321.92
19065.20 321.96
19066.41 322.48
19067.62 321.24
19068.83 319.62
19070.05 319.81
19071.26 319.41
19072.48 321.20
19073.68 322.10
19074.90 322.05
19076.10 322.53
19077.32 321.26
19078.53 320.63
19079.74 319.32
19080.96 319.16
19082.17 320.08
19083.38 321.04
19084.59 322.02
19085.80 322.01
19087.00 321.50
19088.20 319.75
19089.41 318.88
19090.62 318.44
19091.83 319.72
19093.05 319.86
19094.26 322.43
19095.47 322.21
19096.68 322.61
19097.90 321.30
19099.10 319.65
19100.31 319.33
19101.52 318.66
19102.73 319.83
19103.94 320.92
19105.15 321.96
19106.36 321.48
19107.57 320.74
19108.78 319.87
19109.99 318.93
19111.20 318.47
19112.41 318.73
19113.62 319.87
19114.83 320.93
19116.05 320.97
19117.26 320.48
19118.47 320.74
19119.68 319.37
19120.90 319.69
19122.11 318.84
19123.33 318.92
19124.54 320.96
19125.75 320.98
19126.96 320.99
19128.16 319.50
19129.37 318.25
19130.59 317.12
19131.81 317.56
19133.03 319.28
19134.24 320.14
19135.45 321.57
19136.67 320.79
19137.89 319.89
19139.10 318.45
19140.31 317.72
19141.52 317.86
19142.73 318.43
19143.95 320.22
19145.16 321.61
19146.38 321.30
19147.59 319.65
19148.80 319.83
19150.02 318.41
19151.23 317.71
19152.44 318.85
19153.65 318.93
19154.87 320.46
19156.09 320.73
19157.30 321.37
19158.51 319.68
19159.73 317.84
19160.94 318.42
19162.15 318.21
19163.36 320.61
19164.58 321.30
19165.79 321.15
19167.01 321.08
19168.21 319.54
19169.44 318.77
19170.65 317.38
19171.86 317.69
19173.08 318.85
19174.28 320.92
19175.49 321.46
19176.70 321.23
19177.91 319.62
19179.12 318.31
19180.34 317.15
19181.56 317.08
19182.77 318.04
19183.98 319.02
19185.19 321.01
19186.40 320.50
19187.60 320.25
19188.81 319.13
19190.04 319.06
19191.24 317.53
19192.45 317.77
19193.67 318.88
19194.89 320.94
19196.10 320.97
19197.31 319.99
19198.52 317.99
19199.73 317.50
19200.94 316.75
19202.15 317.37
19203.36 318.19
19204.57 320.59
19205.78 321.80
19206.98 320.90
19208.18 319.45
19209.40 318.22
19210.60 318.61
19211.81 317.81
19213.04 318.40
19214.24 319.70
19215.44 320.85
19216.65 319.93
19217.86 319.96
19219.08 317.98
19220.28 316.99
19221.49 318.00
19222.69 318.50
19223.90 319.75
19225.10 320.37
19226.31 320.69
19227.52 320.34
19228.73 318.17
19229.94 317.09
19231.15 317.04
19232.36 318.52
19233.57 318.76
19234.77 319.38
19235.99 320.69
19237.20 320.35
19238.41 319.17
19239.62 318.09
19240.83 317.04
19242.05 318.52
19243.25 318.76
19244.46 320.88
19245.67 320.44
19246.89 319.72
19248.09 319.86
19249.30 317.93
19250.51 316.97
19251.73 317.98
19252.93 318.49
19254.14 319.25
19255.36 320.12
19256.57 319.56
19257.78 318.78
19258.99 317.89
19260.20 316.95
19261.41 317.97
19262.62 317.99
19263.83 318.99
19265.05 321.00
19266.24 321.00
19267.44 321.00
19268.64 318.50
19269.84 317.75
19271.06 316.87
19272.27 318.44
19273.48 319.22
19274.68 320.61
19275.90 320.30
19277.10 320.15
19278.31 318.58
19279.52 317.79
19280.73 316.89
19281.94 316.95
19283.15 318.47
19284.36 318.74
19285.57 320.87
19286.77 319.93
19287.98 318.97
19289.19 318.48
19290.40 317.24
19291.60 317.62
19292.81 318.81
19294.04 318.91
19295.25 319.95
19296.45 319.48
19297.66 319.74
19298.88 317.87
19300.08 316.93
19301.28 316.97
19302.49 317.48
19303.70 318.24
19304.91 319.62
19306.12 320.81
19307.33 320.41
19308.55 318.20
19309.76 317.10
19310.97 316.55
19312.18 317.28
19313.39 318.64
19314.60 319.32
19315.81 319.66
19317.03 319.83
19318.24 318.41
19319.45 317.71
19320.67 316.85
19321.89 316.93
19323.09 317.96
19324.29 318.98
19325.50 319.99
19326.70 319.50
19327.90 318.25
19329.11 317.12
19330.33 317.56
19331.54 316.78
19332.75 318.39
19333.96 319.20
19335.17 320.10
19336.38 321.05
19337.59 320.52
19338.80 318.76
19340.01 317.38
19341.22 316.69
19342.43 317.85
19343.65 318.42
19344.86 320.21
19346.08 321.11
19347.28 319.55
19348.49 319.28
19349.70 317.14
19350.91 316.57
19352.12 316.28
19353.34 318.64
19354.55 319.82
19355.76 319.91
19356.97 319.46
19358.19 319.23
19359.41 318.61
19360.62 318.31
19361.84 317.15
19363.06 317.58
19364.27 318.29
19365.48 320.14
19366.68 319.57
19367.89 318.29
19369.11 317.14
19370.33 317.07
19371.53 316.54
19372.75 317.27
19373.97 319.63
19375.18 319.82
19376.39 319.41
19377.60 319.70
19378.81 317.85
19380.03 316.93
19381.24 316.96
19382.45 316.48
19383.66 317.74
19384.88 318.87
19386.08 318.94
19387.29 318.47
19388.50 317.73
19389.71 316.87
19390.92 316.43
19392.13 316.72
19393.35 318.86
19394.56 319.43
19395.77 320.21
19396.98 320.11
19398.20 319.05
19399.40 317.53
19400.60 317.26
19401.81 317.13
19403.04 317.57
19404.25 319.78
19405.45 320.39
19406.66 320.70
19407.89 319.85
19409.09 317.92
19410.30 317.46
19411.51 317.73
19412.73 317.37
19413.94 318.68
19415.15 319.84
19416.36 319.92
19417.57 318.96
19418.78 318.48
19419.99 316.24
19421.20 316.62
19422.41 316.31
19423.62 317.66
19424.84 319.33
19426.06 320.16
19427.27 319.08
19428.48 318.04
19429.68 317.02
19430.89 316.51
19432.10 316.76
19433.31 318.88
19434.52 320.44
19435.73 319.72
19436.95 319.86
19438.16 318.43
19439.37 316.71
19440.59 315.36
19441.81 315.68
19443.03 317.34
19444.24 317.67
19445.44 319.33
19446.65 318.67
19447.88 318.83
19449.08 316.92
19450.29 315.96
19451.50 316.48
19452.70 316.24
19453.91 317.62
19455.12 318.81
19456.34 318.90
19457.54 317.95
19458.75 317.48
19459.96 316.24
19461.16 316.12
19462.38 317.56
19463.59 318.28
19464.80 318.64
19466.01 318.82
19467.22 318.91
19468.44 317.45
19469.65 315.73
19470.87 316.36
19472.08 316.18
19473.28 318.09
19474.49 318.05
19475.69 319.02
19476.89 320.01
19478.09 318.01
19479.29 317.00
19480.49 316.00
19481.69 316.00
19482.89 318.00
19484.09 318.50
19485.29 318.75
19486.50 318.88
19487.71 317.94
19488.92 316.47
19490.13 315.23
19491.35 315.62
19492.57 316.31
19493.78 318.15
19495.00 318.58
19496.20 319.29
19497.41 318.64
19498.62 317.32
19499.84 317.16
19501.07 316.08
19502.27 316.54
19503.48 318.77
19504.68 319.39
19505.90 319.69
19507.10 318.85
19508.31 317.92
19509.52 315.96
19510.73 316.48
19511.94 316.24
19513.15 316.62
19514.37 318.81
19515.58 318.91
19516.80 319.45
19518.01 317.73
19519.22 315.86
19520.43 314.93
19521.64 315.47
19522.84 316.73
19524.06 317.87
19525.27 319.93
19526.48 318.97
19527.69 318.98
19528.90 317.49
19530.10 316.25
19531.31 315.62
19532.52 316.31
19533.74 317.66
19534.95 318.33
19536.16 319.66
19537.37 318.83
19538.58 317.92
19539.79 316.46
19541.00 315.23
19542.20 315.61
19543.41 317.31
19544.63 318.15
19545.84 318.58
19547.06 318.79
19548.27 317.89
19549.48 316.45
19550.69 315.72
19551.90 316.86
19553.10 317.43
19554.31 317.72
19555.53 318.36
19556.74 319.18
19557.95 318.09
19559.16 316.04
19560.36 315.52
19561.57 315.76
19562.78 317.38
19564.00 317.69
19565.20 318.35
19566.41 319.67
19567.62 319.34
19568.84 317.17
19570.06 316.08
19571.26 315.04
19572.47 317.02
19573.68 317.51
19574.89 318.26
19576.10 319.63
19577.31 319.31
19578.52 318.16
19579.74 316.58
19580.95 315.79
19582.16 315.89
19583.36 316.95
19584.57 318.47
19585.78 319.24
19587.00 318.62
19588.20 317.81
19589.41 315.90
19590.61 316.45
19591.82 316.23
19593.05 316.11
19594.25 318.56
19595.46 318.28
19596.67 319.14
19597.89 317.57
19599.10 315.78
19600.31 315.39
19601.52 314.70
19602.73 316.85
19603.94 317.42
19605.15 317.71
19606.36 318.86
19607.57 317.43
19608.78 317.21
19610.00 315.61
19611.20 314.80
19612.41 315.40
19613.61 317.70
19614.82 318.35
19616.05 318.18
19617.25 319.09
19618.46 317.54
19619.67 317.27
19620.89 315.64
19622.10 315.32
19623.31 316.66
19624.52 318.83
19625.73 318.91
19626.94 318.46
19628.16 317.23
19629.37 315.61
19630.59 315.31
19631.81 315.15
19633.03 317.08
19634.23 319.04
19635.44 319.02
19636.65 319.51
19637.87 318.25
19639.08 316.63
19640.29 315.81
19641.51 315.91
19642.73 317.45
19643.94 317.73
19645.15 319.36
19646.36 318.68
19647.57 317.34
19648.78 316.67
19650.00 315.34
19651.20 314.67
19652.41 315.33
19653.63 316.67
19654.84 318.83
19656.06 319.42
19657.27 319.21
19658.49 318.10
19659.69 316.05
19660.90 315.53
19662.11 315.76
19663.33 316.88
19664.54 318.44
19665.75 319.72
19666.97 318.86
19668.17 317.43
19669.39 315.72
19670.60 315.36
19671.81 314.68
19673.04 315.84
19674.25 317.92
19675.45 318.96
19676.66 318.48
19677.88 317.74
19679.08 316.37
19680.29 315.19
19681.51 315.09
19682.72 315.55
19683.93 317.77
19685.14 318.39
19686.36 318.69
19687.57 317.35
19688.79 316.17
19690.01 315.09
19691.21 314.54
19692.43 315.27
19693.64 317.64
19694.86 317.82
19696.07 317.91
19697.28 318.45
19698.49 317.23
19699.70 315.61
19700.92 315.31
19702.13 315.15
19703.35 315.58
19704.56 317.79
19705.76 318.39
19706.97 318.20
19708.18 317.10
19709.39 316.05
19710.60 315.02
19711.80 315.01
19713.02 315.51
19714.23 316.75
19715.44 317.88
19716.65 318.94
19717.86 317.47
19719.07 316.23
19720.28 315.12
19721.49 316.06
19722.70 316.53
19723.91 317.76
19725.12 317.88
19726.33 317.94
19727.54 318.47
19728.75 317.24
19729.97 316.12
19731.18 315.56
19732.39 315.78
19733.60 316.89
19734.81 317.44
19736.03 318.72
19737.24 318.86
19738.44 317.43
19739.66 315.72
19740.88 315.36
19742.09 315.68
19743.29 316.34
19744.50 317.17
19745.71 318.58
19746.92 318.29
19748.12 317.65
19749.34 315.82
19750.55 315.41
19751.76 314.71
19752.98 315.85
19754.19 317.93
19755.40 317.96
19756.60 318.98
19757.81 317.49
19759.03 316.25
19760.24 315.12
19761.45 315.06
19762.66 315.53
19763.88 316.77
19765.09 317.38
19766.29 317.69
19767.50 317.35
19768.71 317.17
19769.92 316.09
19771.13 315.04
19772.34 316.02
19773.55 317.01
19774.76 317.51
19775.97 317.75
19777.18 318.38
19778.39 317.69
