5303.91 400.21
5305.08 401.11
5306.25 400.05
5307.42 398.03
5308.59 396.01
5309.76 395.51
5310.93 395.75
5312.10 396.88
5313.27 398.94
5314.44 399.97
5315.60 400.98
5316.76 398.99
5317.93 398.00
5319.09 397.50
5320.25 396.75
5321.42 396.37
5322.59 398.19
5323.76 399.59
5324.93 400.30
5326.10 399.65
5327.27 397.32
5328.44 396.66
5329.61 395.83
5330.78 396.42
5331.95 397.71
5333.12 398.35
5334.30 399.68
5335.47 398.84
5336.64 397.42
5337.81 397.71
5338.99 396.35
5340.16 396.18
5341.35 396.59
5342.52 398.29
5343.68 399.65
5344.85 400.32
5346.02 399.16
5347.19 397.08
5348.36 397.04
5349.53 395.52
5350.70 395.26
5351.87 396.63
5353.04 397.82
5354.21 398.91
5355.39 398.95
5356.56 398.48
5357.73 398.24
5358.91 396.62
5360.08 395.31
5361.25 396.15
5362.42 398.08
5363.59 400.54
5364.76 400.27
5365.93 399.13
5367.11 398.07
5368.28 397.03
5369.44 395.52
5370.62 396.76
5371.79 397.38
5372.96 398.69
5374.12 399.84
5375.30 399.42
5376.47 398.71
5377.64 396.36
5378.82 396.18
5379.99 395.09
5381.15 396.04
5382.32 398.02
5383.48 399.51
5384.65 400.26
5385.82 399.13
5387.00 398.56
5388.16 397.28
5389.34 397.64
5390.51 395.82
5391.68 396.91
5392.84 398.96
5394.01 400.48
5395.18 401.24
5396.36 399.62
5397.54 398.81
5398.72 396.90
5399.88 396.45
5401.05 396.73
5402.22 397.36
5403.40 400.18
5404.56 400.09
5405.72 401.05
5406.89 398.52
5408.06 397.26
5409.23 396.13
5410.40 396.07
5411.56 396.53
5412.73 398.77
5413.90 399.88
5415.06 399.94
5416.23 398.97
5417.40 397.49
5418.56 396.24
5419.73 396.12
5420.91 412.56
5422.08 435.78
5423.24 454.89
5424.41 470.45
5425.59 479.72
5426.76 485.86
5427.92 490.43
5429.09 493.72
5430.26 496.86
5431.44 501.43
5432.61 504.21
5433.79 507.11
5434.96 508.55
5436.13 509.78
5437.31 509.39
5438.48 509.19
5439.65 509.60
5440.82 510.30
5441.99 511.65
5443.16 513.32
5444.34 514.66
5445.50 515.33
5446.67 515.67
5447.84 515.83
5449.01 514.42
5450.18 514.21
5451.36 514.60
5452.53 515.80
5453.70 516.90
5454.86 518.95
5456.03 518.48
5457.20 517.24
5458.37 516.62
5459.55 515.81
5460.72 515.90
5461.88 517.95
5463.05 518.98
5464.22 519.99
5465.40 519.49
5466.56 518.75
5467.73 517.87
5468.90 517.94
5470.07 517.47
5471.24 519.23
5472.41 519.62
5473.58 521.31
5474.76 522.15
5475.93 521.08
5477.10 520.54
5478.27 518.77
5479.44 518.38
5480.61 518.19
5481.79 519.10
5482.95 520.05
5484.12 521.02
5485.29 521.51
5486.46 520.76
5487.64 519.38
5488.81 519.69
5489.98 519.34
5491.14 519.67
5492.31 521.34
5493.49 521.67
5494.66 521.83
5495.83 521.42
5497.00 520.21
5498.16 519.60
5499.34 518.80
5500.51 518.40
5501.68 519.20
5502.84 520.10
5504.01 521.05
5505.17 521.53
5506.36 521.26
5507.53 520.13
5508.71 519.07
5509.88 518.53
5511.04 518.77
5512.22 519.88
5513.38 520.94
5514.56 521.47
5515.72 521.24
5516.90 520.62
5518.07 520.31
5519.24 519.15
5520.41 519.08
5521.58 519.54
5522.74 521.77
5523.91 523.38
5525.08 523.69
5526.24 522.35
5527.42 521.17
5528.60 520.09
5529.76 519.54
5530.92 519.77
5532.09 520.39
5533.26 521.19
5534.42 522.10
5535.59 523.05
5536.77 523.02
5537.94 521.01
5539.11 520.01
5540.28 519.50
5541.44 520.25
5542.61 522.63
5543.78 522.81
5544.96 522.91
5546.13 521.95
5547.30 520.98
5548.47 519.99
5549.64 519.49
5550.80 520.25
5551.97 520.62
5553.14 521.81
5554.31 523.91
5555.49 522.95
5556.66 521.98
5557.83 520.49
5559.00 519.74
5560.16 519.37
5561.34 520.19
5562.51 522.09
5563.68 522.55
5564.85 522.77
5566.02 523.39
5567.19 523.19
5568.37 521.10
5569.54 520.05
5570.70 520.52
5571.87 522.26
5573.04 522.63
5574.22 522.82
5575.39 522.91
5576.56 521.95
5577.74 520.98
5578.91 519.99
5580.08 520.99
5581.24 522.00
5582.40 522.50
5583.56 522.75
5584.73 522.87
5585.90 522.44
5587.08 521.72
5588.24 521.86
5589.41 521.93
5590.59 521.46
5591.75 522.23
5592.92 523.62
5594.10 523.31
5595.28 523.15
5596.45 522.58
5597.62 522.29
5598.80 520.64
5599.96 520.32
5601.14 520.66
5602.32 522.83
5603.49 522.92
5604.66 524.46
5605.83 524.23
5607.00 522.61
5608.16 522.31
5609.35 520.65
5610.52 520.33
5611.69 521.16
5612.86 522.08
5614.02 523.04
5615.18 523.52
5616.36 522.76
5617.53 522.38
5618.70 522.19
5619.87 521.10
5621.04 520.55
5622.21 503.77
5623.39 487.39
5624.56 473.19
5625.73 461.10
5626.90 451.55
5628.07 443.27
5629.24 436.14
5630.41 431.57
5631.59 429.28
5632.76 428.14
5633.93 427.07
5635.10 424.04
5636.26 421.02
5637.43 418.51
5638.60 416.25
5639.77 413.13
5640.95 413.06
5642.12 412.53
5643.29 413.77
5644.46 413.88
5645.63 413.94
5646.80 411.97
5647.96 408.99
5649.13 406.49
5650.30 405.25
5651.47 406.12
5652.64 407.56
5653.80 409.28
5654.96 409.14
5656.13 408.57
5657.30 407.29
5658.47 404.64
5659.64 403.82
5660.81 403.41
5661.99 404.71
5663.16 407.35
5664.35 408.68
5665.52 408.34
5666.69 406.17
5667.86 404.08
5669.02 402.54
5670.20 401.77
5671.36 402.39
5672.54 404.19
5673.71 406.10
5674.88 407.05
5676.04 406.02
5677.21 404.51
5678.39 401.76
5679.56 401.88
5680.73 400.94
5681.90 402.47
5683.06 403.73
5684.23 404.87
5685.40 404.93
5686.56 403.97
5687.73 402.98
5688.90 400.49
5690.06 401.25
5691.23 401.62
5692.41 403.81
5693.58 404.41
5694.76 403.70
5695.92 402.85
5697.09 401.93
5698.26 400.46
5699.43 399.73
5700.61 399.87
5701.78 401.43
5702.95 403.72
5704.12 404.36
5705.29 404.18
5706.46 403.59
5707.63 400.79
5708.80 399.90
5709.96 399.45
5711.13 400.22
5712.31 401.61
5713.48 403.31
5714.66 404.15
5715.83 403.58
5717.00 401.29
5718.16 400.14
5719.35 399.57
5720.52 399.29
5721.70 400.14
5722.87 402.07
5724.04 404.04
5725.20 404.02
5726.36 402.01
5727.53 400.50
5728.70 399.25
5729.87 398.13
5731.04 399.06
5732.21 400.53
5733.39 402.27
5734.56 402.63
5735.73 402.32
5736.91 400.66
5738.08 399.83
5739.25 398.41
5740.43 398.21
5741.60 399.60
5742.76 401.30
5743.93 402.65
5745.10 403.33
5746.27 401.66
5747.44 400.33
5748.61 398.17
5749.79 398.08
5750.96 398.04
5752.12 399.52
5753.30 401.76
5754.47 402.88
5755.64 402.94
5756.80 400.47
5757.97 399.74
5759.15 398.37
5760.33 399.18
5761.50 400.09
5762.66 401.55
5763.83 403.77
5765.00 402.89
5766.16 401.44
5767.34 400.22
5768.51 398.61
5769.68 397.31
5770.86 397.65
5772.03 398.83
5773.20 400.41
5774.37 401.71
5775.55 402.35
5776.72 400.18
5777.89 399.59
5779.06 397.79
5780.23 397.40
5781.40 399.20
5782.56 401.10
5783.72 401.55
5784.89 402.27
5786.06 401.64
5787.23 399.82
5788.40 398.41
5789.57 397.20
5790.74 397.60
5791.91 399.30
5793.08 401.15
5794.24 402.58
5795.41 402.79
5796.58 401.89
5797.75 400.45
5798.92 398.22
5800.09 397.61
5801.26 399.81
5802.44 400.90
5803.60 402.45
5804.77 403.73
5805.94 403.36
5807.11 401.68
5808.28 399.34
5809.45 398.17
5810.63 398.09
5811.80 399.04
5812.96 401.02
5814.12 402.51
5815.30 402.26
5816.48 401.63
5817.65 398.81
5818.82 397.41
5820.00 396.70
5821.16 397.35
5822.34 398.68
5823.51 400.84
5824.68 408.42
5825.84 430.71
5827.01 450.35
5828.18 466.18
5829.36 476.59
5830.53 484.79
5831.70 491.90
5832.86 499.45
5834.03 503.22
5835.20 507.11
5836.37 508.06
5837.54 508.53
5838.71 509.26
5839.88 511.13
5841.05 512.07
5842.21 513.53
5843.39 516.77
5844.55 517.38
5845.72 517.19
5846.90 516.60
5848.06 517.30
5849.23 516.65
5850.40 516.82
5851.57 518.91
5852.74 520.96
5853.92 520.98
5855.08 520.99
5856.25 520.49
5857.42 519.25
5858.60 519.62
5859.76 519.81
5860.93 519.41
5862.10 521.70
5863.27 522.35
5864.45 522.68
5865.62 521.84
5866.79 520.92
5867.96 520.46
5869.13 519.73
5870.31 519.36
5871.48 520.18
5872.65 521.09
5873.82 522.05
5874.99 522.52
5876.16 522.26
5877.34 521.63
5878.52 520.32
5879.69 520.16
5880.86 520.58
5882.03 521.29
5883.21 522.14
5884.39 522.57
5885.55 522.79
5886.72 523.39
5887.89 521.70
5889.06 520.85
5890.23 520.42
5891.40 521.21
5892.57 522.11
5893.75 523.05
5894.91 523.53
5896.09 523.26
5897.26 522.63
5898.44 521.32
5899.61 520.66
5900.79 521.83
5901.95 522.41
5903.12 523.21
5904.30 523.60
5905.46 523.30
5906.63 522.65
5907.79 522.83
5908.96 521.41
5910.13 522.21
5911.31 522.10
5912.47 522.55
5913.64 523.28
5914.81 523.64
5915.99 523.32
5917.16 522.16
5918.35 522.08
5919.52 521.04
5920.68 521.02
5921.85 522.01
5923.02 523.01
5924.20 525.00
5925.36 524.00
5926.52 523.00
5927.68 522.00
5928.84 521.00
5930.00 520.50
5931.16 521.25
5932.34 522.13
5933.51 523.56
5934.68 523.78
5935.85 523.89
5937.02 523.95
5938.20 521.97
5939.36 520.99
5940.53 520.99
5941.70 521.50
5942.86 522.75
5944.02 524.37
5945.20 524.19
5946.38 523.09
5947.55 522.05
5948.72 521.02
5949.88 521.01
5951.05 521.51
5952.22 523.25
5953.39 523.63
5954.57 523.81
5955.74 523.41
5956.92 522.70
5958.08 521.85
5959.24 520.93
5960.42 521.46
5961.58 522.23
5962.76 523.12
5963.93 524.06
5965.10 524.53
5966.27 523.76
5967.44 522.38
5968.61 521.69
5969.78 521.35
5970.95 521.67
5972.12 522.84
5973.30 523.92
5974.46 524.46
5975.64 523.73
5976.81 523.86
5977.98 522.43
5979.14 522.72
5980.33 522.86
5981.51 523.93
5982.68 523.96
5983.85 524.48
5985.02 524.24
5986.20 524.62
5987.36 523.31
5988.54 522.16
5989.72 521.58
5990.89 522.29
5992.06 522.64
5993.22 524.32
5994.40 524.66
5995.57 524.33
5996.75 523.17
5997.92 522.08
5999.09 522.54
6000.26 521.77
6001.42 522.89
6002.60 524.44
6003.76 524.72
6004.93 525.86
6006.10 524.93
6007.27 523.47
6008.44 522.23
6009.61 521.62
6010.79 521.81
6011.95 523.90
6013.12 524.45
6014.30 524.73
6015.47 524.36
6016.64 523.68
6017.81 522.34
6018.99 521.67
6020.16 521.34
6021.34 522.17
6022.51 524.58
6023.68 524.79
6024.85 525.40
6026.02 506.70
6027.19 487.35
6028.36 470.67
6029.53 458.84
6030.70 449.42
6031.87 443.21
6033.04 439.10
6034.20 436.55
6035.37 432.28
6036.55 428.14
6037.72 423.57
6038.90 419.78
6040.07 417.39
6041.24 416.70
6042.40 416.85
6043.57 417.92
6044.74 417.96
6045.91 416.48
6047.08 413.74
6048.24 411.37
6049.41 409.19
6050.59 408.59
6051.76 408.80
6052.92 409.90
6054.08 410.95
6055.24 410.47
6056.42 408.74
6057.60 407.37
6058.76 406.68
6059.93 405.84
6061.10 404.92
6062.27 405.96
6063.44 407.98
6064.60 407.99
6065.76 407.00
6066.93 406.00
6068.09 403.50
6069.26 402.25
6070.44 402.12
6071.61 403.56
6072.78 405.28
6073.95 407.14
6075.12 407.07
6076.28 406.04
6077.45 404.52
6078.63 402.76
6079.80 401.38
6080.97 401.69
6082.14 403.34
6083.32 404.17
6084.50 405.09
6085.66 404.54
6086.83 403.77
6088.00 402.89
6089.16 401.44
6090.34 401.22
6091.52 403.11
6092.69 405.56
6093.86 406.28
6095.03 406.64
6096.20 404.82
6097.37 403.41
6098.55 401.70
6099.72 400.85
6100.89 400.43
6102.06 401.71
6103.23 402.86
6104.40 403.93
6105.57 403.96
6106.74 402.98
6107.91 400.99
6109.08 399.50
6110.24 398.75
6111.42 399.87
6112.59 401.94
6113.76 403.47
6114.92 403.73
6116.09 403.87
6117.25 401.93
6118.42 399.97
6119.60 398.98
6120.76 399.49
6121.93 401.25
6123.11 403.12
6124.28 403.56
6125.45 403.28
6126.62 402.14
6127.80 400.07
6128.96 398.54
6130.13 398.77
6131.32 399.38
6132.49 401.19
6133.66 403.60
6134.83 404.30
6136.00 403.15
6137.16 401.57
6138.35 399.29
6139.52 399.14
6140.70 399.07
6141.86 400.04
6143.03 401.52
6144.20 403.26
6145.36 402.63
6146.53 402.31
6147.71 401.16
6148.88 399.58
6150.05 398.29
6151.22 398.64
6152.39 400.32
6153.56 402.16
6154.73 403.08
6155.90 402.54
6157.07 401.77
6158.24 399.39
6159.41 398.19
6160.59 398.60
6161.76 398.80
6162.92 401.40
6164.09 403.20
6165.25 404.60
6166.42 402.30
6167.59 400.15
6168.76 398.07
6169.92 398.04
6171.09 399.02
6172.25 400.51
6173.42 401.25
6174.59 402.63
6175.76 401.81
6176.93 400.91
6178.10 398.95
6179.27 397.98
6180.44 398.49
6181.60 399.74
6182.77 400.87
6183.94 402.94
6185.12 402.47
6186.29 402.23
6187.46 400.62
6188.64 398.81
6189.81 397.40
6190.98 398.70
6192.15 401.35
6193.33 402.68
6194.51 403.34
6195.68 403.67
6196.84 402.83
6198.01 400.42
6199.19 398.71
6200.36 398.35
6201.54 399.18
6202.72 400.59
6203.88 403.29
6205.05 403.15
6206.22 402.07
6207.39 400.04
6208.56 398.02
6209.72 397.51
6210.90 398.25
6212.07 399.63
6213.24 402.31
6214.41 402.16
6215.59 402.08
6216.76 400.54
6217.92 398.27
6219.09 397.63
6220.26 397.32
6221.44 398.66
6222.61 401.33
6223.79 402.16
6224.96 402.58
6226.12 419.79
6227.29 440.90
6228.46 458.45
6229.63 471.22
6230.80 481.61
6231.97 490.81
6233.14 496.90
6234.32 501.45
6235.49 505.23
6236.67 506.61
6237.84 507.81
6239.01 508.40
6240.18 509.70
6241.34 511.35
6242.52 513.68
6243.69 516.84
6244.86 517.42
6246.02 518.71
6247.20 517.35
6248.36 516.68
6249.53 516.84
6250.70 516.92
6251.86 517.96
6253.04 519.48
6254.20 520.24
6255.37 520.62
6256.55 519.81
6257.72 520.41
6258.89 519.20
6260.06 518.60
6261.22 519.80
6262.38 521.90
6263.55 521.95
6264.71 522.98
6265.89 521.99
6267.06 520.99
6268.23 520.00
6269.39 520.50
6270.56 520.25
6271.73 520.62
6272.90 522.31
6274.08 523.16
6275.24 523.08
6276.41 522.54
6277.59 521.27
6278.76 520.13
6279.93 520.07
6281.10 520.53
6282.26 521.77
6283.43 522.88
6284.60 522.94
6285.77 522.47
6286.94 521.74
6288.11 520.87
6289.28 519.93
6290.45 520.47
6291.62 521.23
6292.79 522.62
6293.96 523.81
6295.13 523.90
6296.31 522.95
6297.48 521.48
6298.65 520.74
6299.82 521.87
6300.98 522.43
6302.16 523.72
6303.34 524.36
6304.52 524.18
6305.69 523.59
6306.86 523.29
6308.03 523.15
6309.20 521.57
6310.36 520.79
6311.54 521.39
6312.70 522.70
6313.87 524.35
6315.04 524.17
6316.21 524.09
6317.38 522.54
6318.55 521.27
6319.72 522.14
6320.90 522.07
6322.06 524.03
6323.22 524.02
6324.39 524.01
6325.56 523.50
6326.72 522.75
6327.90 521.38
6329.07 520.69
6330.24 520.84
6331.40 521.42
6332.57 522.21
6333.75 523.11
6334.92 524.55
6336.09 524.78
6337.26 522.89
6338.43 521.44
6339.60 520.72
6340.76 520.86
6341.93 521.93
6343.10 524.47
6344.27 524.73
6345.44 523.87
6346.61 522.93
6347.79 521.97
6348.95 522.48
6350.12 521.24
6351.31 521.62
6352.48 522.81
6353.65 523.41
6354.83 523.70
6356.00 523.35
6357.17 522.18
6358.35 521.09
6359.52 520.54
6360.69 520.77
6361.86 521.89
6363.02 522.94
6364.19 523.47
6365.36 524.24
6366.54 523.12
6367.72 521.56
6368.89 520.78
6370.06 520.39
6371.22 521.19
6372.40 522.60
6373.56 524.80
6374.73 524.90
6375.90 523.95
6377.07 522.47
6378.24 521.24
6379.41 520.62
6380.59 521.31
6381.76 523.15
6382.94 523.08
6384.11 524.04
6385.28 523.52
6386.45 522.76
6387.63 521.38
6388.80 520.69
6389.97 520.34
6391.14 520.67
6392.32 521.84
6393.50 523.92
6394.66 523.96
6395.84 523.48
6397.00 522.24
6398.17 521.12
6399.35 520.56
6400.52 520.78
6401.69 522.89
6402.86 523.45
6404.04 523.72
6405.20 524.86
6406.36 524.43
6407.53 522.72
6408.71 522.36
6409.88 521.18
6411.05 521.09
6412.21 522.54
6413.38 523.27
6414.54 523.64
6415.72 523.32
6416.89 522.66
6418.06 521.33
6419.23 520.66
6420.39 520.83
6421.56 521.42
6422.73 522.21
6423.90 523.10
6425.07 523.05
6426.23 516.53
6427.40 498.26
6428.57 480.63
6429.74 466.32
6430.92 455.66
6432.09 448.33
6433.26 444.16
6434.43 439.08
6435.60 434.54
6436.76 429.27
6437.93 425.14
6439.11 421.57
6440.28 418.28
6441.45 418.14
6442.62 417.57
6443.79 417.29
6444.96 416.64
6446.12 414.32
6447.31 411.66
6448.48 409.33
6449.65 408.17
6450.83 408.08
6452.00 409.04
6453.15 409.52
6454.33 411.76
6455.50 411.38
6456.67 410.19
6457.84 407.10
6459.00 404.55
6460.17 405.27
6461.34 405.64
6462.51 406.82
6463.68 407.41
6464.84 408.20
6466.00 406.60
6467.16 404.30
6468.33 403.65
6469.50 402.83
6470.67 402.41
6471.84 403.21
6473.01 405.60
6474.18 406.30
6475.35 405.15
6476.52 404.58
6477.69 402.79
6478.86 401.89
6480.03 401.45
6481.20 401.72
6482.36 403.36
6483.53 404.18
6484.70 405.09
6485.86 404.55
6487.03 403.27
6488.20 401.64
6489.36 401.32
6490.53 400.16
6491.71 401.58
6492.88 404.79
6494.04 405.39
6495.20 405.70
6496.36 404.35
6497.53 403.17
6498.70 400.59
6499.87 399.29
6501.04 399.65
6502.20 401.82
6503.37 404.41
6504.55 404.71
6505.72 404.35
6506.89 402.18
6508.06 400.09
6509.22 400.54
6510.39 399.27
6511.56 400.14
6512.73 402.07
6513.90 404.03
6515.06 404.02
6516.22 402.51
6517.40 401.25
6518.56 399.63
6519.74 399.31
6520.92 399.66
6522.09 401.33
6523.26 402.66
6524.43 403.83
6525.60 403.42
6526.76 402.21
6527.94 400.10
6529.11 399.55
6530.28 398.78
6531.45 399.39
6532.62 401.69
6533.79 403.35
6534.96 402.67
6536.12 401.84
6537.31 400.42
6538.48 399.71
6539.65 398.85
6540.82 399.43
6541.99 400.21
6543.16 402.61
6544.34 403.80
6545.50 402.90
6546.66 401.95
6547.83 400.98
6549.00 398.99
6550.16 399.49
6551.34 399.75
6552.52 401.37
6553.68 403.19
6554.85 403.59
6556.02 402.30
6557.19 401.15
6558.36 399.07
6559.52 397.54
6560.70 398.27
6561.87 399.63
6563.04 400.82
6564.20 401.91
6565.37 401.95
6566.54 400.98
6567.71 399.99
6568.88 397.49
6570.04 397.75
6571.21 398.87
6572.38 401.44
6573.55 402.72
6574.72 404.36
6575.89 403.18
6577.06 401.09
6578.22 399.04
6579.39 397.52
6580.56 397.26
6581.73 398.63
6582.90 400.32
6584.07 402.66
6585.24 402.83
6586.40 401.91
6587.57 400.46
6588.74 398.73
6589.92 397.86
6591.08 398.43
6592.25 399.72
6593.42 401.86
6594.59 402.43
6595.76 401.71
6596.93 401.86
6598.10 400.43
6599.27 398.21
6600.44 397.61
6601.61 399.30
6602.78 400.65
6603.95 401.33
6605.12 401.66
6606.31 401.33
6607.48 399.67
6608.65 398.33
6609.82 396.67
6610.99 397.83
6612.16 399.92
6613.34 400.96
6614.51 401.98
6615.68 401.49
6616.84 400.74
6618.01 398.37
6619.18 398.19
6620.36 398.09
6621.52 398.55
6622.69 399.77
6623.86 401.39
6625.03 401.69
6626.20 400.85
6627.36 409.92
6628.53 431.96
6629.70 451.98
6630.86 467.49
6632.03 480.25
6633.20 488.62
6634.36 495.81
6635.53 499.91
6636.71 502.45
6637.88 504.23
6639.05 505.61
6640.22 507.31
6641.40 509.65
6642.56 512.33
6643.74 514.16
6644.91 516.58
6646.08 516.29
6647.25 515.65
6648.42 516.32
6649.60 515.66
6650.76 516.33
6651.93 517.67
6653.11 518.83
6654.28 519.92
6655.45 521.46
6656.62 520.23
6657.80 519.11
6658.96 518.56
6660.13 518.28
6661.32 520.14
6662.49 520.57
6663.66 521.78
6664.82 521.89
6666.00 521.45
6667.17 520.72
6668.35 519.86
6669.52 519.43
6670.69 520.72
6671.86 521.86
6673.02 522.43
6674.19 522.71
6675.36 522.86
6676.53 521.93
6677.70 521.96
6678.87 520.48
6680.04 520.24
6681.20 521.12
6682.37 522.06
6683.54 523.53
6684.71 523.27
6685.88 522.63
6687.05 521.82
6688.22 520.91
6689.39 521.45
6690.55 521.73
6691.72 521.86
6692.89 522.93
6694.06 523.47
6695.23 523.73
6696.40 522.87
6697.57 521.93
6698.74 522.47
6699.92 522.73
6701.09 522.37
6702.26 522.68
6703.42 523.34
6704.59 523.67
6705.76 523.34
6706.94 522.67
6708.11 522.33
6709.29 521.67
6710.46 521.33
6711.63 521.67
6712.80 523.33
6713.97 525.17
6715.15 524.58
6716.33 523.29
6717.51 522.15
6718.68 521.07
6719.85 521.04
6721.02 521.52
6722.19 522.76
6723.35 523.38
6724.52 524.19
6725.69 524.59
6726.86 523.30
6728.03 522.15
6729.20 522.07
6730.35 523.04
6731.52 523.02
6732.69 523.51
6733.86 524.25
6735.02 524.63
6736.20 523.81
6737.36 522.41
6738.54 521.70
6739.71 521.35
6740.88 521.68
6742.05 522.34
6743.22 523.67
6744.39 523.83
6745.56 523.92
6746.73 522.96
6747.90 521.98
6749.06 520.99
6750.22 520.99
6751.40 523.00
6752.55 523.50
6753.72 525.25
6754.90 525.12
6756.07 524.06
6757.23 523.03
6758.40 522.02
6759.56 522.51
6760.74 522.25
6761.90 522.63
6763.07 524.81
6764.24 524.91
6765.41 524.45
6766.58 523.23
6767.76 523.11
6768.93 521.56
6770.10 521.28
6771.26 523.14
6772.44 524.57
6773.61 524.78
6774.78 524.89
6775.96 523.95
6777.13 522.97
6778.32 521.99
6779.49 521.49
6780.66 521.75
6781.84 522.37
6783.00 523.69
6784.17 524.34
6785.34 524.17
6786.52 523.59
6787.69 522.29
6788.86 521.65
6790.03 521.32
6791.19 522.16
6792.36 523.08
6793.53 525.04
6794.70 525.02
6795.86 525.51
6797.03 524.76
6798.20 522.88
6799.37 521.94
6800.54 521.97
6801.70 522.98
6802.87 524.99
6804.03 526.50
6805.20 525.75
6806.36 525.37
6807.53 523.69
6808.71 522.34
6809.88 521.67
6811.05 521.84
6812.22 522.92
6813.38 523.96
6814.55 524.48
6815.72 524.24
6816.90 523.12
6818.07 523.06
6819.23 522.03
6820.40 522.02
6821.56 522.51
6822.74 524.75
6823.90 525.38
6825.08 525.19
6826.24 525.59
6827.41 523.80
6828.58 511.40
6829.75 494.20
6830.92 478.60
6832.08 467.30
6833.24 458.65
6834.41 450.32
6835.59 442.66
6836.76 436.33
6837.93 430.67
6839.11 426.33
6840.29 423.67
6841.47 422.33
6842.64 421.67
6843.81 421.83
6844.98 420.92
6846.16 417.96
6847.33 415.48
6848.50 413.24
6849.67 411.62
6850.84 411.31
6852.01 411.15
6853.18 412.08
6854.35 413.54
6855.52 412.77
6856.70 410.88
6857.86 408.44
6859.03 406.22
6860.20 406.11
6861.36 406.06
6862.53 407.03
6863.70 409.01
6864.86 409.51
6866.03 408.25
6867.20 406.63
6868.36 404.81
6869.53 403.91
6870.71 403.45
6871.88 405.23
6873.05 406.11
6874.22 407.06
6875.39 407.03
6876.56 405.51
6877.73 404.26
6878.91 402.63
6880.08 402.31
6881.25 403.16
6882.43 404.08
6883.60 405.04
6884.76 405.52
6885.92 405.76
6887.09 403.38
6888.26 401.69
6889.43 400.84
6890.60 401.42
6891.76 402.71
6892.93 404.36
6894.11 405.68
6895.29 405.34
6896.46 404.17
6897.64 402.58
6898.81 401.29
6899.98 400.15
6901.16 400.57
6902.34 402.29
6903.52 404.14
6904.69 405.07
6905.86 404.04
6907.03 402.52
6908.20 401.76
6909.36 400.88
6910.53 399.94
6911.70 401.47
6912.87 403.23
6914.04 404.12
6915.21 404.56
6916.38 403.28
6917.55 401.14
6918.72 400.07
6919.88 399.03
6921.05 400.02
6922.21 401.51
6923.39 402.75
6924.56 403.38
6925.73 402.69
6926.90 401.84
6928.06 400.92
6929.23 399.46
6930.40 399.23
6931.58 400.62
6932.76 401.81
6933.92 402.90
6935.08 403.45
6936.24 402.73
6937.42 400.86
6938.59 399.43
6939.76 398.72
6940.93 398.86
6942.10 400.93
6943.27 402.46
6944.44 403.73
6945.60 403.37
6946.77 401.18
6947.94 399.59
6949.11 398.30
6950.29 398.65
6951.46 399.82
6952.63 402.41
6953.80 403.21
6954.97 403.60
6956.14 402.80
6957.32 400.40
6958.48 399.70
6959.65 398.35
6960.83 399.18
6962.00 401.09
6963.16 403.04
6964.33 403.52
6965.50 402.76
6966.67 400.88
6967.84 399.94
6969.00 398.47
6970.17 398.74
6971.35 399.87
6972.52 400.93
6973.68 402.97
6974.85 403.48
6976.02 402.74
6977.19 401.37
6978.36 399.19
6979.53 398.09
6980.70 398.05
6981.86 399.52
6983.03 400.76
6984.20 402.38
6985.36 402.69
6986.53 401.35
6987.71 399.67
6988.88 399.34
6990.05 398.67
6991.22 399.33
6992.40 401.17
6993.56 402.58
6994.73 402.79
6995.90 402.40
6997.06 401.20
6998.22 399.60
6999.39 398.30
7000.56 398.65
7001.73 399.82
7002.90 400.91
7004.07 402.46
7005.24 402.73
7006.41 401.36
7007.59 399.18
7008.76 398.09
7009.92 398.05
7011.09 398.02
7012.25 399.51
7013.42 401.26
7014.60 401.63
7015.76 401.31
7016.94 400.16
7018.12 398.58
7019.30 397.79
7020.47 397.89
7021.64 399.45
7022.81 400.72
7023.99 402.86
7025.16 402.43
7026.34 400.72
7027.52 398.86
7028.69 408.93
7029.86 430.96
7031.03 451.48
7032.20 468.24
7033.36 480.12
7034.54 488.56
7035.71 494.28
7036.88 498.14
7038.05 501.07
7039.21 504.04
7040.39 506.52
7041.55 509.26
7042.72 511.13
7043.90 514.06
7045.06 515.03
7046.22 515.52
7047.40 515.76
7048.56 515.88
7049.73 516.44
7050.90 516.22
7052.06 517.61
7053.23 518.30
7054.40 519.15
7055.57 520.08
7056.74 519.54
7057.91 518.27
7059.08 518.13
7060.25 519.07
7061.42 520.03
7062.59 521.02
7063.75 521.51
7064.92 522.25
7066.09 522.13
7067.26 520.06
7068.43 520.03
7069.60 519.52
7070.76 520.26
7071.93 520.63
7073.11 521.31
7074.29 522.16
7075.46 522.58
7076.64 521.29
7077.81 520.64
7078.98 520.32
7080.16 519.66
7081.33 520.83
7082.50 521.42
7083.67 523.21
7084.85 522.60
7086.02 522.80
7087.18 521.40
7088.35 521.20
7089.52 521.10
7090.68 521.55
7091.85 521.78
7093.02 523.39
7094.20 523.19
7095.36 522.60
7096.53 522.80
7097.70 521.40
7098.86 520.70
7100.02 520.85
7101.20 521.92
7102.36 522.96
7103.53 523.48
7104.70 523.74
7105.87 522.87
7107.04 522.94
7108.20 521.97
7109.37 520.98
7110.54 520.99
7111.71 522.50
7112.87 524.25
7114.04 524.12
7115.21 524.56
7116.39 523.78
7117.56 522.89
7118.72 521.45
7119.90 520.72
7121.06 521.36
7122.23 522.18
7123.41 523.09
7124.58 524.55
7125.76 524.27
7126.93 523.14
7128.11 522.07
7129.28 522.03
7130.45 522.02
7131.62 523.01
7132.78 524.00
7133.95 524.00
7135.11 524.50
7136.28 523.25
7137.45 522.63
7138.63 522.31
7139.80 521.16
7140.97 522.08
7142.15 522.54
7143.32 523.77
7144.50 523.88
7145.67 523.44
7146.84 522.72
7148.01 522.36
7149.18 521.68
7150.35 521.34
7151.52 522.17
7152.70 522.59
7153.87 523.79
7155.03 524.40
7156.20 523.20
7157.36 522.10
7158.52 521.05
7159.69 521.52
7160.86 521.26
7162.03 522.13
7163.19 524.07
7164.36 524.03
7165.53 524.52
7166.71 523.76
7167.88 522.38
7169.05 521.69
7170.22 520.84
7171.39 522.42
7172.55 524.21
7173.72 524.61
7174.90 524.30
7176.06 523.65
7177.23 522.33
7178.40 522.16
7179.57 521.58
7180.74 521.29
7181.91 522.65
7183.08 523.32
7184.25 524.66
7185.42 524.83
7186.60 523.92
7187.76 522.96
7188.93 521.98
7190.10 522.49
7191.27 523.24
7192.44 523.12
7193.62 524.56
7194.79 524.78
7195.96 523.89
7197.13 523.45
7198.32 522.72
7199.49 522.36
7200.66 523.18
7201.82 523.59
7202.99 524.80
7204.16 525.40
7205.33 525.70
7206.50 524.85
7207.67 523.92
7208.84 522.96
7210.00 522.48
7211.16 522.24
7212.34 523.62
7213.52 524.81
7214.69 524.41
7215.87 523.70
7217.04 523.35
7218.20 522.68
7219.37 521.34
7220.55 521.17
7221.72 522.58
7222.89 523.29
7224.06 524.65
7225.23 523.82
7226.40 523.91
7227.57 523.46
7228.74 522.73
7229.92 505.36
7231.09 487.68
7232.25 474.34
7233.42 463.67
7234.59 455.34
7235.76 446.67
7236.93 438.83
7238.10 432.92
7239.28 427.96
7240.44 424.98
7241.61 423.49
7242.78 422.74
7243.95 422.37
7245.12 420.19
7246.30 418.59
7247.47 415.30
7248.64 412.65
7249.80 410.82
7250.97 410.91
7252.15 412.46
7253.32 413.23
7254.50 413.11
7255.67 412.06
7256.84 409.53
7258.00 407.76
7259.16 406.88
7260.33 405.94
7261.50 406.97
7262.66 407.99
7263.83 408.99
7265.00 409.00
7266.16 407.50
7267.33 405.75
7268.50 404.37
7269.67 403.69
7270.84 403.84
7272.00 405.42
7273.16 406.71
7274.34 406.86
7275.52 406.43
7276.69 405.71
7277.86 403.36
7279.04 401.68
7280.20 402.34
7281.37 402.67
7282.54 404.83
7283.71 406.42
7284.88 405.71
7286.05 405.85
7287.21 403.43
7288.39 401.71
7289.56 400.86
7290.73 400.93
7291.90 402.46
7293.07 403.73
7294.24 404.37
7295.41 404.68
7296.58 403.34
7297.75 402.17
7298.92 401.09
7300.10 400.04
7301.26 401.02
7302.43 403.01
7303.60 404.51
7304.76 404.75
7305.93 403.88
7307.10 402.44
7308.28 400.72
7309.45 399.86
7310.62 399.43
7311.80 401.21
7312.96 403.11
7314.15 404.05
7315.32 404.03
7316.49 403.01
7317.66 401.01
7318.83 399.50
7320.00 398.75
7321.16 399.38
7322.33 401.69
7323.50 403.84
7324.66 403.92
7325.84 402.96
7327.00 400.98
7328.16 399.99
7329.33 399.00
7330.50 399.00
7331.65 400.50
7332.82 402.25
7333.99 403.12
7335.16 403.56
7336.33 402.28
7337.51 401.14
7338.68 400.07
7339.85 399.54
7341.03 399.77
7342.20 400.88
7343.36 402.44
7344.53 403.72
7345.70 402.86
7346.87 401.43
7348.04 400.72
7349.20 399.86
7350.37 399.43
7351.55 400.21
7352.72 402.11
7353.90 403.05
7355.06 403.03
7356.22 402.01
7357.39 400.01
7358.56 399.00
7359.72 399.00
7360.88 399.00
7362.04 400.00
7363.19 402.00
7364.35 402.50
7365.52 402.75
7366.68 401.88
7367.85 399.44
7369.02 398.72
7370.19 398.36
7371.36 399.18
7372.54 400.59
7373.71 401.79
7374.88 402.40
7376.04 402.20
7377.20 401.10
7378.36 399.55
7379.54 398.27
7380.72 398.14
7381.89 399.57
7383.06 401.28
7384.23 402.64
7385.40 402.32
7386.56 400.66
7387.73 399.83
7388.91 397.92
7390.08 397.46
7391.25 399.23
7392.43 401.11
7393.60 401.56
7394.77 402.78
7395.94 402.89
7397.11 400.44
7398.29 398.72
7399.46 398.36
7400.64 398.18
7401.81 399.09
7402.98 401.05
7404.16 403.02
7405.32 402.51
7406.50 401.26
7407.67 399.63
7408.84 397.81
7410.01 397.91
7411.18 398.95
7412.35 399.98
7413.52 401.49
7414.68 402.24
7415.85 402.12
7417.03 400.56
7418.20 399.28
7419.36 398.14
7420.54 398.07
7421.71 399.04
7422.88 401.02
7424.04 402.01
7425.20 402.00
7426.36 400.50
7427.52 398.75
7428.69 398.38
7429.86 414.19
7431.03 437.59
7432.20 457.80
7433.36 473.40
7434.53 483.70
7435.70 490.35
7436.87 494.67
7438.04 497.84
7439.20 500.42
7440.38 503.71
7441.55 507.35
7442.71 510.18
7443.89 512.09
7445.05 514.04
7446.21 514.02
7447.38 515.01
7448.55 515.01
7449.72 515.50
7450.89 516.75
7452.06 517.38
7453.22 519.19
7454.40 519.59
7455.57 519.30
7456.74 518.65
7457.92 518.32
7459.09 518.16
7460.27 518.08
7461.43 519.04
7462.60 520.02
7463.76 521.51
7464.93 521.26
7466.12 521.13
7467.30 520.06
7468.46 520.03
7469.63 519.02
7470.80 519.51
7471.96 520.25
7473.14 522.13
7474.32 523.56
7475.49 522.78
7476.66 521.89
7477.83 520.45
7479.00 520.72
7480.16 519.86
7481.34 520.43
7482.51 521.22
7483.69 522.11
7484.86 523.05
7486.04 523.03
7487.20 522.51
7488.36 520.76
7489.54 521.38
7490.72 520.69
7491.89 521.84
7493.06 523.42
7494.23 524.21
7495.40 524.11
7496.57 523.55
7497.74 522.28
7498.92 520.64
7500.09 521.32
7501.26 522.16
7502.44 523.08
7503.61 524.04
7504.78 523.52
7505.95 523.76
7507.12 522.88
7508.30 521.94
7509.47 521.97
7510.63 521.98
7511.80 522.99
7512.96 524.00
7514.12 524.00
7515.30 523.50
7516.46 522.25
7517.64 522.12
7518.81 522.06
7519.98 522.03
7521.15 522.52
7522.33 522.76
7523.50 524.38
7524.68 524.19
7525.85 524.09
7527.02 523.55
7528.19 522.77
7529.36 521.39
7530.53 521.69
7531.70 522.85
7532.86 523.42
7534.03 524.21
7535.20 524.11
7536.37 524.05
7537.54 522.53
7538.72 522.26
7539.89 522.13
7541.07 521.57
7542.23 522.78
7543.40 523.39
7544.57 524.70
7545.74 523.85
7546.91 523.42
7548.08 522.71
7549.25 521.36
7550.42 521.68
7551.59 522.84
7552.76 523.42
7553.93 523.71
7555.10 524.85
7556.28 524.43
7557.46 523.71
7558.64 522.36
7559.81 521.18
7560.98 522.09
7562.15 522.54
7563.32 523.27
7564.50 523.64
7565.67 523.32
7566.84 522.16
7568.01 522.08
7569.17 521.04
7570.34 521.02
7571.50 522.51
7572.68 523.26
7573.85 523.63
7575.02 524.81
7576.19 524.41
7577.36 522.20
7578.53 522.10
7579.70 522.05
7580.86 521.53
7582.03 522.76
7583.20 523.38
7584.37 524.69
7585.54 524.35
7586.72 522.67
7587.89 522.34
7589.06 521.67
7590.23 522.33
7591.40 523.17
7592.57 523.08
7593.74 523.54
7594.91 524.77
7596.08 524.39
7597.26 523.19
7598.44 522.10
7599.60 522.05
7600.76 522.52
7601.93 523.26
7603.10 523.63
7604.28 524.82
7605.45 523.91
7606.63 523.45
7607.80 522.73
7608.96 521.36
7610.14 521.68
7611.31 522.84
7612.49 523.92
7613.66 524.46
7614.83 524.73
7616.00 523.87
7617.16 523.43
7618.34 523.22
7619.52 522.61
7620.69 522.80
7621.85 522.90
7623.02 524.45
7624.18 525.73
7625.36 525.86
7626.53 524.43
7627.71 523.72
7628.88 521.86
7630.05 519.43
7631.22 502.71
7632.40 486.36
7633.56 473.68
7634.73 462.84
7635.91 452.42
7637.08 443.71
7638.26 437.35
7639.44 432.18
7640.61 428.59
7641.79 427.29
7642.96 426.15
7644.14 425.57
7645.32 423.29
7646.50 419.64
7647.67 416.82
7648.84 414.41
7650.01 413.21
7651.18 413.10
7652.35 413.05
7653.52 414.53
7654.70 414.26
7655.87 413.13
7657.04 410.57
7658.21 408.28
7659.39 406.64
7660.56 407.32
7661.73 407.66
7662.90 409.83
7664.07 409.42
7665.24 409.71
7666.41 408.35
7667.59 406.68
7668.76 405.34
7669.93 404.67
7671.11 404.83
7672.29 405.92
7673.46 407.96
7674.63 407.48
7675.80 407.24
7676.97 405.62
7678.15 403.31
7679.32 403.15
7680.50 402.58
7681.66 403.79
7682.83 404.39
7684.00 405.20
7685.16 405.60
7686.32 405.30
7687.49 403.65
7688.66 401.82
7689.83 400.91
7691.00 401.96
7692.16 403.48
7693.33 404.24
7694.50 405.12
7695.67 405.06
7696.84 403.53
7698.00 401.76
7699.16 401.38
7700.33 400.19
7701.51 401.60
7702.68 403.80
7703.84 404.40
7705.00 404.70
7706.16 404.35
7707.33 402.67
7708.50 401.84
7709.67 400.42
7710.84 400.71
7712.01 402.35
7713.18 404.18
7714.35 405.09
7715.52 404.04
7716.68 402.52
7717.85 401.26
7719.02 400.13
7720.19 399.07
7721.36 400.03
7722.52 402.52
7723.69 403.76
7724.86 404.38
7726.03 403.69
7727.20 401.34
7728.36 400.17
7729.54 398.59
7730.71 399.79
7731.88 400.90
7733.04 402.45
7734.21 403.22
7735.39 402.61
7736.56 402.31
7737.74 400.15
7738.92 398.58
7740.09 399.29
7741.27 400.14
7742.44 401.57
7743.62 402.79
7744.79 404.39
7745.96 403.20
7747.13 401.60
7748.30 399.30
7749.46 399.15
7750.64 400.07
7751.81 401.04
7752.98 402.02
7754.15 403.51
7755.32 402.75
7756.50 401.88
7757.67 400.94
7758.84 399.47
7760.01 399.73
7761.18 400.37
7762.35 401.18
7763.52 402.09
7764.68 402.55
7765.85 402.77
7767.02 401.89
7768.19 400.44
7769.36 398.72
7770.53 399.36
7771.70 400.18
7772.87 401.59
7774.04 402.80
7775.20 402.40
7776.36 402.20
7777.52 400.10
7778.69 399.05
7779.86 399.52
7781.03 399.26
7782.20 401.13
7783.36 403.07
7784.53 403.53
7785.70 402.27
7786.87 401.13
7788.04 399.57
7789.21 398.78
7790.38 398.39
7791.55 399.70
7792.72 400.85
7793.89 401.92
7795.06 402.96
7796.23 401.48
7797.40 399.74
7798.56 398.87
7799.73 397.94
7800.91 398.97
7802.08 400.98
7803.24 401.49
7804.40 402.75
7805.57 402.37
7806.74 401.19
7807.92 400.09
7809.08 398.05
7810.25 398.02
7811.42 400.01
7812.59 401.51
7813.76 403.25
7814.92 402.63
7816.09 402.31
7817.27 400.66
7818.44 399.83
7819.61 398.41
7820.79 399.21
7821.96 401.10
7823.14 401.55
7824.32 402.78
7825.49 401.89
7826.66 400.44
7827.83 398.72
7829.00 397.36
7830.16 398.18
7831.34 422.59
7832.51 446.30
7833.68 464.15
7834.85 477.07
7836.02 486.04
7837.18 492.52
7838.36 496.76
7839.53 500.38
7840.70 503.19
7841.87 507.09
7843.02 510.05
7844.19 512.52
7845.35 514.26
7846.52 514.13
7847.70 513.57
7848.87 513.28
7850.03 514.64
7851.20 516.32
7852.37 517.16
7853.55 518.58
7854.71 519.29
7855.88 519.15
7857.06 518.57
7858.23 518.29
7859.40 518.64
7860.57 518.32
7861.74 519.16
7862.92 520.08
7864.09 522.04
7865.26 522.02
7866.43 522.01
7867.60 520.51
7868.77 520.25
7869.94 520.63
7871.12 520.31
7872.30 521.16
7873.47 522.58
7874.63 523.79
7875.80 523.89
7876.96 521.95
7878.14 521.47
7879.32 521.24
7880.49 520.62
7881.66 521.31
7882.83 522.65
7884.00 523.33
7885.16 523.66
7886.33 523.83
7887.51 521.92
7888.68 520.46
7889.85 520.23
7891.02 521.61
7892.19 522.31
7893.37 523.15
7894.55 524.58
7895.71 524.79
7896.88 523.89
7898.05 522.95
7899.22 521.47
7900.39 521.74
7901.56 521.87
7902.73 522.93
7903.90 524.47
7905.08 525.23
7906.25 523.62
7907.43 523.31
7908.60 522.65
7909.77 521.83
7910.95 521.91
7912.13 522.96
7913.30 524.48
7914.47 525.24
7915.65 524.12
7916.83 523.06
7918.00 522.53
7919.16 521.26
7920.34 522.13
7921.51 523.07
7922.69 523.53
7923.86 524.27
7925.04 525.13
7926.20 523.57
7927.37 523.28
7928.55 522.64
7929.72 522.82
7930.89 523.41
7932.06 523.21
7933.22 523.60
7934.40 524.80
7935.55 525.40
7936.72 523.70
7937.89 522.85
7939.06 522.93
7940.24 521.96
7941.40 522.48
7942.57 523.74
7943.74 524.87
7944.91 525.44
7946.08 525.22
7947.26 524.11
7948.44 522.05
7949.61 522.03
7950.78 523.01
7951.95 524.01
7953.12 525.00
7954.29 526.00
7955.46 524.50
7956.63 524.25
7957.80 523.63
7958.97 523.31
7960.15 523.16
7961.32 523.58
7962.50 524.29
7963.67 524.14
7964.84 524.07
7966.01 523.54
7967.18 522.27
7968.36 521.13
7969.53 522.07
7970.70 522.53
7971.87 523.77
7973.04 524.88
7974.20 524.44
7975.37 523.72
7976.54 523.86
7977.72 522.43
7978.89 521.22
7980.07 520.61
7981.23 521.80
7982.40 522.90
7983.56 523.45
7984.73 524.73
7985.91 523.86
7987.08 522.43
7988.25 521.22
7989.42 521.61
7990.60 522.80
7991.76 523.40
7992.93 524.70
7994.10 525.85
7995.28 524.93
7996.45 524.46
7997.63 523.23
7998.80 522.62
7999.97 521.81
8001.14 521.90
8002.31 523.95
8003.48 525.48
8004.65 525.74
8005.82 525.87
8006.99 524.93
8008.16 523.97
8009.33 522.48
8010.50 522.74
8011.66 522.87
8012.83 524.44
8014.00 525.72
8015.16 525.86
8016.33 525.43
8017.51 523.21
8018.68 523.11
8019.86 522.05
8021.02 523.03
8022.18 523.51
8023.35 524.76
8024.52 524.88
8025.69 523.94
8026.86 523.47
8028.03 522.23
8029.20 522.62
8030.36 522.81
8031.54 512.40
8032.71 495.70
8033.88 480.35
8035.04 467.68
8036.21 457.34
8037.39 447.67
8038.56 439.83
8039.72 434.92
8040.90 430.96
8042.07 428.48
8043.24 427.24
8044.41 426.62
8045.59 423.31
8046.76 420.15
8047.94 417.58
8049.12 414.29
8050.29 413.64
8051.46 413.82
8052.63 414.41
8053.80 414.71
8054.96 414.85
8056.14 412.43
8057.31 411.21
8058.48 409.61
8059.65 408.30
8060.82 407.65
8061.99 408.33
8063.16 410.16
8064.34 411.08
8065.50 410.04
8066.66 408.52
8067.83 406.26
8069.00 405.13
8070.16 404.07
8071.33 405.03
8072.50 406.02
8073.66 407.51
8074.84 408.25
8076.00 406.63
8077.16 405.31
8078.34 403.16
8079.52 403.08
8080.68 403.54
8081.85 404.77
8083.02 405.38
8084.19 405.69
8085.36 406.35
8086.54 405.17
8087.71 402.59
8088.88 402.29
8090.05 401.65
8091.22 402.32
8092.40 403.66
8093.56 405.83
8094.73 405.92
8095.91 404.96
8097.08 403.98
8098.25 401.49
8099.42 401.24
8100.59 400.62
8101.76 401.81
8102.92 403.91
8104.10 405.45
8105.28 405.73
8106.45 403.36
8107.62 401.68
8108.79 399.84
8109.96 399.42
8111.13 400.21
8112.31 402.11
8113.48 403.55
8114.65 403.78
8115.82 403.39
8116.99 402.69
8118.16 401.35
8119.33 400.67
8120.51 400.34
8121.68 402.17
8122.85 404.08
8124.01 404.04
8125.17 404.52
8126.34 402.76
8127.51 401.88
8128.68 399.94
8129.84 399.97
8131.01 399.99
8132.18 400.99
8133.35 403.50
8134.52 404.75
8135.69 404.37
8136.86 401.69
8138.03 400.84
8139.20 399.92
8140.36 400.46
8141.53 400.73
8142.70 402.87
8143.87 403.43
8145.04 403.72
8146.21 402.36
8147.39 401.18
8148.56 399.59
8149.73 399.29
8150.90 399.65
8152.07 401.32
8153.25 402.66
8154.42 403.83
8155.59 402.92
8156.76 401.96
8157.93 399.98
8159.10 399.49
8160.28 399.74
8161.44 400.37
8162.61 402.69
8163.78 403.34
8164.95 403.67
8166.12 403.34
8167.30 400.67
8168.47 399.33
8169.64 398.67
8170.81 398.83
8171.98 400.42
8173.15 402.71
8174.32 402.85
8175.49 402.93
8176.66 402.46
8177.83 399.73
8179.00 399.37
8180.16 398.18
8181.34 400.09
8182.51 401.05
8183.68 402.02
8184.84 402.01
8186.01 402.01
8187.18 401.00
8188.34 399.00
8189.50 398.50
8190.66 398.25
8191.84 400.13
8193.02 401.56
8194.19 402.78
8195.36 401.89
8196.52 401.45
8197.70 399.72
8198.87 398.86
8200.04 397.93
8201.21 399.47
8202.39 401.23
8203.56 402.12
8204.73 402.56
8205.90 402.28
8207.07 401.14
8208.24 399.57
8209.42 397.78
8210.59 398.89
8211.76 400.45
8212.93 401.72
8214.10 402.86
8215.28 402.43
8216.44 401.72
8217.62 400.36
8218.80 399.18
8219.96 398.09
8221.13 399.04
8222.30 400.02
8223.46 401.01
8224.63 403.01
8225.80 403.00
8226.96 402.00
8228.12 399.00
8229.28 398.00
8230.44 397.50
8231.61 409.25
8232.79 433.63
8233.96 454.31
8235.14 470.66
8236.32 480.33
8237.49 488.16
8238.66 493.58
8239.83 498.29
8241.00 501.65
8242.17 505.82
8243.34 509.41
8244.52 512.21
8245.69 512.60
8246.86 512.80
8248.02 513.40
8249.18 514.20
8250.36 514.10
8251.53 515.05
8252.70 517.53
8253.86 518.76
8255.04 518.88
8256.20 518.44
8257.37 518.22
8258.55 518.11
8259.72 518.56
8260.90 519.28
8262.07 520.64
8263.24 520.82
8264.41 522.41
8265.58 522.70
8266.75 521.35
8267.92 519.68
8269.09 518.84
8270.26 518.92
8271.43 520.46
8272.60 521.23
8273.77 523.11
8274.95 523.56
8276.13 523.78
8277.30 522.39
8278.47 520.69
8279.64 520.35
8280.81 521.17
8281.98 522.09
8283.15 524.04
8284.31 524.52
8285.49 523.76
8286.66 523.38
8287.83 521.69
8289.00 520.85
8290.16 521.42
8291.34 522.71
8292.50 523.86
8293.68 523.93
8294.84 524.46
8296.01 524.23
8297.18 523.62
8298.36 522.81
8299.53 522.40
8300.70 522.70
8301.86 523.35
8303.03 523.68
8304.19 524.84
8305.36 524.92
8306.53 523.96
8307.70 522.48
8308.87 521.24
8310.04 521.12
8311.20 521.56
8312.37 523.28
8313.55 524.14
8314.72 525.07
8315.90 525.04
8317.07 523.02
8318.24 522.51
8319.42 521.75
8320.59 522.38
8321.76 522.69
8322.93 524.34
8324.11 525.17
8325.29 525.59
8326.46 523.79
8327.63 522.40
8328.80 521.20
8329.95 522.10
8331.12 522.05
8332.30 523.02
8333.46 524.01
8334.63 524.01
8335.80 524.00
8336.96 523.00
8338.12 523.00
8339.28 523.00
8340.44 523.50
8341.60 524.25
8342.77 525.13
8343.94 525.56
8345.12 525.78
8346.30 525.39
8347.47 523.20
8348.64 522.10
8349.80 522.05
8350.96 523.02
8352.13 523.51
8353.30 525.26
8354.48 524.63
8355.65 524.81
8356.82 524.41
8358.00 522.70
8359.16 521.85
8360.33 522.43
8361.50 522.71
8362.68 524.36
8363.85 525.68
8365.02 525.84
8366.19 524.42
8367.36 523.71
8368.54 522.35
8369.70 522.68
8370.88 522.84
8372.04 523.92
8373.21 525.46
8374.38 526.23
8375.56 525.11
8376.73 524.56
8377.91 523.78
8379.08 522.89
8380.25 522.94
8381.42 522.97
8382.60 524.49
8383.76 524.74
8384.93 524.37
8386.11 524.69
8387.28 524.34
8388.45 523.67
8389.62 522.34
8390.80 522.17
8391.96 523.08
8393.12 524.54
8394.30 525.77
8395.47 525.39
8396.64 524.69
8397.82 523.85
8398.99 523.42
8400.16 522.71
8401.33 522.86
8402.50 523.43
8403.67 524.21
8404.83 525.11
8406.02 524.05
8407.18 523.03
8408.35 522.01
8409.52 521.51
8410.69 522.75
8411.86 523.88
8413.02 525.44
8414.20 525.22
8415.37 524.61
8416.55 524.30
8417.72 523.15
8418.89 523.08
8420.05 523.54
8421.22 523.77
8422.40 524.88
8423.56 524.94
8424.73 524.97
8425.90 523.99
8427.07 522.99
8428.24 523.00
8429.40 523.00
8430.56 522.50
8431.72 524.25
8432.90 510.12
8434.07 492.56
8435.24 477.28
8436.41 463.64
8437.58 453.32
8438.75 443.66
8439.92 437.83
8441.08 433.42
8442.26 431.21
8443.44 429.60
8444.60 427.30
8445.76 424.15
8446.93 421.58
8448.11 417.79
8449.28 415.39
8450.45 414.70
8451.62 414.85
8452.79 416.42
8453.96 415.71
8455.13 415.36
8456.32 414.18
8457.49 411.09
8458.65 409.54
8459.82 408.77
8460.99 408.89
8462.16 409.44
8463.33 411.22
8464.51 411.61
8465.68 410.31
8466.85 408.15
8468.02 406.58
8469.19 405.29
8470.36 405.14
8471.53 405.57
8472.71 406.79
8473.88 407.89
8475.05 407.45
8476.22 406.72
8477.40 404.86
8478.56 403.43
8479.74 402.22
8480.92 403.61
8482.08 404.80
8483.25 406.90
8484.41 406.95
8485.58 406.98
8486.75 405.49
8487.92 403.74
8489.10 402.37
8490.27 401.69
8491.44 402.34
8492.60 404.17
8493.77 406.09
8494.94 405.54
8496.12 404.27
8497.30 403.14
8498.47 402.57
8499.64 401.28
8500.80 401.64
8501.96 402.32
8503.13 403.66
8504.30 405.83
8505.47 404.92
8506.64 403.96
8507.81 402.48
8508.98 400.74
8510.15 400.87
8511.32 401.93
8512.48 402.97
8513.66 403.98
8514.83 403.99
8516.00 404.00
8517.15 402.50
8518.32 400.25
8519.49 400.62
8520.66 400.31
8521.84 401.66
8523.00 403.83
8524.16 404.41
8525.33 404.71
8526.51 403.85
8527.68 401.43
8528.85 400.71
8530.02 400.36
8531.19 400.18
8532.36 401.59
8533.52 403.79
8534.69 403.90
8535.85 402.95
8537.02 401.47
8538.19 400.74
8539.36 400.37
8540.53 399.68
8541.70 400.84
8542.86 403.42
8544.03 403.71
8545.20 403.86
8546.36 402.43
8547.53 401.21
8548.71 400.61
8549.88 399.30
8551.05 399.65
8552.22 400.83
8553.40 402.41
8554.56 403.71
8555.74 403.35
8556.91 401.18
8558.08 400.59
8559.26 399.29
8560.43 399.15
8561.60 400.57
8562.76 402.79
8563.93 403.89
8565.11 404.45
8566.28 403.72
8567.45 402.36
8568.62 399.68
8569.79 399.34
8570.96 400.67
8572.12 400.84
8573.30 402.92
8574.47 403.96
8575.64 402.98
8576.80 401.99
8577.96 399.49
8579.13 399.25
8580.31 399.62
8581.48 400.31
8582.65 401.66
8583.82 402.83
8584.99 402.91
8586.16 402.46
8587.33 401.23
8588.51 399.11
8589.68 399.56
8590.85 399.78
8592.02 401.39
8593.19 402.19
8594.36 403.60
8595.52 402.30
8596.69 401.65
8597.86 399.82
8599.03 398.91
8600.20 398.46
8601.36 400.23
8602.54 401.61
8603.71 402.31
8604.88 403.65
8606.05 403.33
8607.23 400.66
8608.40 399.33
8609.57 399.17
8610.75 399.08
8611.92 400.04
8613.08 401.52
8614.26 403.26
8615.43 403.63
8616.60 401.32
8617.76 399.66
8618.93 398.33
8620.12 398.66
8621.29 398.83
8622.46 401.42
8623.64 402.71
8624.81 402.35
8625.98 402.18
8627.15 400.09
8628.32 399.54
8629.49 397.77
8630.66 398.39
8631.84 400.19
8633.00 401.10
8634.16 402.55
8635.33 402.27
8636.51 401.14
8637.68 400.07
8638.85 399.53
8640.02 398.27
8641.19 399.13
8642.36 400.57
8643.53 401.78
8644.70 402.39
8645.86 401.70
8647.03 400.35
8648.20 398.17
8649.36 398.09
8650.53 398.04
8651.70 399.52
8652.87 401.26
8654.04 402.13
8655.20 402.07
8656.36 401.03
8657.53 399.52
8658.71 398.26
8659.88 398.13
8661.05 398.56
8662.23 400.28
8663.40 402.14
8664.56 402.57
8665.73 401.79
8666.91 400.89
8668.08 398.45
8669.25 398.22
8670.43 398.11
8671.60 399.56
8672.77 401.28
8673.94 402.64
8675.12 401.82
8676.29 400.91
8677.46 398.95
8678.63 397.98
8679.80 397.99
8680.96 398.49
8682.13 399.75
8683.31 401.87
8684.48 402.94
8685.64 402.47
8686.81 400.23
8687.99 399.12
8689.16 398.56
8690.34 398.78
8691.51 399.39
8692.68 400.69
8693.85 401.85
8695.02 402.42
8696.19 402.21
8697.36 399.61
8698.54 398.30
8699.71 397.15
8700.88 397.58
8702.05 399.29
8703.23 401.64
8704.40 402.32
8705.57 401.16
8706.74 400.58
8707.91 398.79
8709.08 398.40
8710.25 398.70
8711.42 398.85
8712.59 400.92
8713.76 401.96
8714.92 402.98
8716.10 401.99
8717.27 399.50
8718.44 397.75
8719.61 396.87
8720.78 397.44
8721.95 399.22
8723.12 400.61
8724.29 402.30
8725.46 401.65
8726.63 400.33
8727.80 398.66
8728.97 397.33
8730.14 397.67
8731.32 398.83
8732.49 400.92
8733.66 402.46
8734.83 403.23
8736.00 402.61
8737.16 400.31
8738.34 399.15
8739.52 398.58
8740.69 398.79
8741.86 399.89
8743.04 401.95
8744.20 401.97
8745.36 401.99
8746.53 400.99
8747.70 399.00
8748.86 398.50
8750.03 397.75
8751.20 398.87
8752.36 400.44
8753.53 401.22
8754.70 401.61
8755.87 400.80
8757.04 398.90
8758.20 398.45
8759.36 397.73
8760.54 398.36
8761.71 398.68
8762.88 400.84
8764.04 401.92
8765.20 401.96
8766.36 400.98
8767.53 398.99
8768.70 398.00
8769.86 398.00
8771.02 399.00
8772.17 401.00
8773.33 401.50
8774.50 401.75
8775.67 401.37
8776.84 400.19
8778.01 398.09
8779.17 397.05
8780.34 397.52
8781.51 398.26
8782.68 399.63
8783.85 400.82
8785.03 401.91
8786.20 400.95
8787.36 398.98
8788.53 397.99
8789.70 397.99
8790.86 399.00
8792.02 400.00
8793.17 402.00
8794.33 402.00
8795.49 402.00
8796.65 400.50
8797.82 398.25
8799.00 397.62
8800.16 397.81
8801.33 398.41
8802.51 400.20
8803.68 402.10
8804.84 402.05
8806.00 400.53
8807.16 399.26
8808.34 397.63
8809.51 397.32
8810.68 397.66
8811.85 399.83
8813.02 401.91
8814.19 401.96
8815.36 400.98
8816.52 399.99
8817.69 398.99
8818.86 397.50
8820.03 397.75
8821.20 398.87
8822.36 399.94
8823.53 401.47
8824.70 401.73
8825.87 400.37
8827.04 399.68
8828.20 397.84
8829.37 397.42
8830.55 398.21
8831.72 398.61
8832.90 400.80
8834.06 401.40
8835.23 401.20
8836.40 400.10
8837.56 398.55
8838.73 397.28
8839.91 397.14
8841.09 398.07
8842.25 400.03
8843.42 401.52
8844.59 401.76
8845.76 400.88
8846.92 399.44
8848.10 398.22
8849.27 397.11
8850.44 397.55
8851.61 399.28
8852.79 400.64
8853.96 401.32
8855.13 401.66
8856.30 401.33
8857.47 399.16
8858.64 398.58
8859.81 397.29
8860.98 398.15
8862.16 399.07
8863.32 400.54
8864.50 401.77
8865.67 400.88
8866.84 399.44
8868.00 398.22
8869.16 397.61
8870.34 397.81
8871.52 399.40
8872.68 401.20
8873.85 401.60
8875.02 402.30
8876.18 401.15
8877.36 399.08
8878.52 397.54
8879.69 396.77
8880.86 397.38
8882.03 398.69
8883.20 399.85
8884.36 401.92
8885.53 401.46
8886.70 400.23
8887.87 398.62
8889.04 398.31
8890.22 397.15
8891.40 398.58
8892.56 400.79
8893.73 401.89
8894.90 402.45
8896.07 401.22
8897.24 399.61
8898.42 397.81
8899.60 397.90
8900.76 397.95
8901.92 398.98
8903.10 400.99
8904.27 402.49
8905.44 401.25
8906.61 400.12
8907.79 398.56
8908.96 397.78
8910.12 397.39
8911.30 398.20
8912.47 400.10
8913.64 401.05
8914.80 401.52
8915.98 400.76
8917.15 399.38
8918.32 398.19
8919.50 397.60
8920.66 398.30
8921.83 399.65
8923.00 400.82
8924.16 401.91
8925.33 401.96
8926.51 399.98
8927.68 397.99
8928.84 396.49
8930.01 396.75
8931.18 397.87
8932.35 399.94
8933.52 401.47
8934.69 401.73
8935.86 401.37
8937.03 399.18
8938.20 398.09
8939.36 398.05
8940.52 398.02
8941.70 399.01
8942.86 400.51
8944.04 401.75
8945.20 401.38
8946.37 400.69
8947.54 399.84
8948.71 398.92
8949.88 398.46
8951.05 398.23
8952.23 399.12
8953.40 401.56
8954.57 402.28
8955.74 402.14
8956.92 400.07
8958.10 398.03
8959.27 397.52
8960.44 397.76
8961.61 398.88
8962.78 400.44
8963.95 401.22
8965.12 401.61
8966.29 401.30
8967.46 400.15
8968.63 398.58
8969.80 397.79
