0.0 0.404937498777
1.21 0.209315518692
2.41 0.404937498777
3.61 0.50274848882
4.82 0.942897944013
6.03 1.06613979147
7.24 1.02897161525
8.46 0.715976447114
9.67 0.268002112717
10.88 0.238658815705
12.08 0.223009057298
13.29 0.510573368024
14.5 0.848999393572
15.71 1.21285627653
16.93 1.10330796768
18.14 0.75314462333
19.35 0.579041061054
20.56 0.199534419687
21.78 0.105635869246
22.99 0.451886773998
24.21 0.721845106516
25.42 0.954635262818
26.63 1.07005223107
27.84 0.835305854966
29.04 0.424499696786
30.25 0.219096617696
31.46 0.117373188051
32.68 0.260177233514
33.88 0.625990336274
35.09 0.907685987598
36.31 1.04657759346
37.52 0.921379526204
38.72 0.66315851249
39.94 0.338426025548
41.15 0.176059782077
42.36 0.193665760285
43.57 0.494923609617
44.79 0.938985504411
46.0 1.16003834191
47.22 0.978109900428
48.43 0.59469081946
49.64 0.401025059176
50.85 0.109548308848
52.05 0.0625990336274
53.27 0.232790156302
54.48 0.807918777754
55.68 0.997672098437
56.88 1.09352686868
58.08 0.749232183728
59.29 0.381462861167
60.5 0.197578199887
61.72 0.105635869246
62.94 0.156497584069
64.15 0.672939611495
65.37 0.929204405407
66.57 1.05831491226
67.79 0.829437195563
69.0 0.618165457071
70.21 0.217140397895
71.42 0.115416968251
72.63 0.260177233514
73.84 0.528179346231
75.05 0.956591482619
76.27 0.974197460827
77.48 0.98202234003
78.69 0.694458029304
79.9 0.354075783955
81.11 0.0860736712377
82.32 0.244527475107
83.53 0.520354467028
84.74 0.757057062932
85.96 0.972241241026
87.16 0.884211349987
88.37 0.545785324439
89.58 0.377550421565
90.8 0.0
92.01 0.00782487920343
93.23 0.303214069133
94.45 0.647508754084
95.66 1.01527807664
96.87 0.905729767797
98.08 0.75314462333
99.29 0.481230071011
100.5 0.248439914709
101.71 0.131066726657
102.93 0.36581310276
104.13 0.580997280854
105.32 0.884211349987
106.53 1.03484027465
107.74 0.817699876758
108.96 0.612296797668
110.16 0.215184178094
111.37 0.11346074845
112.59 0.260177233514
113.8 0.528179346231
115.01 0.759013282732
116.23 0.876386470784
117.45 0.933116845009
118.65 0.57121618185
119.86 0.391243960171
121.08 1.86427747022
122.29 3.8733152057
123.5 5.66130010368
124.71 7.14020227313
125.93 8.17504254778
127.14 8.98491754534
128.35 9.29204405407
129.56 9.54244018858
130.78 9.57178348559
131.99 9.87890999433
133.21 10.3249281089
134.43 10.8433263561
135.64 11.1015473699
136.85 11.2306578767
138.06 11.0995911501
139.27 10.9352686868
140.48 10.952874665
141.69 10.9606995442
142.9 11.0624229738
144.11 11.5045286488
145.32 11.8233924764
146.54 12.0796572703
147.75 11.915334807
148.96 11.7353625853
150.17 11.5475654845
151.38 11.453666934
152.58 11.4067176588
153.8 11.7744869814
155.01 11.9583716426
156.22 12.0503139733
157.43 12.0972632485
158.64 11.9231596862
159.86 11.7392750249
161.07 11.4517107142
162.28 11.6023396389
163.48 11.7744869814
164.69 12.1539936227
165.91 12.4415579334
167.12 12.2909290088
168.33 12.1187816663
169.54 11.7392750249
170.75 11.6473326943
171.96 11.6023396389
173.18 11.8722979714
174.39 12.2028991177
175.61 12.4650325711
176.82 12.3046225474
178.03 12.2224613158
179.24 11.9877149397
180.47 11.6727635517
181.68 11.6140769577
182.88 11.8781666308
184.08 12.1090005673
185.29 12.3202723058
186.5 12.3300534048
187.71 12.3339658444
188.93 12.0424890941
190.13 11.895772609
191.34 11.8233924764
192.56 11.78818052
193.78 12.2576732722
194.99 12.396564878
196.2 12.5628435611
197.41 12.3515718226
198.62 12.1500811831
199.83 11.8527357734
201.04 11.8996850486
202.26 11.9231596862
203.47 12.0327079951
204.68 12.3809151196
205.88 12.5550186819
207.09 12.6410923531
208.31 12.4904634285
209.53 12.1207378861
210.73 11.837086015
211.95 11.8918601694
213.16 12.1148692267
214.37 12.3241847454
215.58 12.6254425947
216.79 12.6763043096
218.0 12.4102584166
219.22 12.0796572703
220.44 11.915334807
221.64 11.8331735754
222.85 12.0855259297
224.06 12.2126802167
225.28 12.5687122205
226.48 12.5511062423
227.69 12.4435141533
228.91 12.2928852286
230.12 11.925115906
231.33 11.7392750249
232.54 11.9407656644
233.76 12.3359220642
234.97 12.5315440443
236.17 12.5335002641
237.37 12.435689274
238.58 12.288972789
239.8 12.0190144565
241.01 11.78818052
242.23 11.866429312
243.44 12.1031319079
244.64 12.5139380661
245.85 12.7193411452
247.07 12.5276316047
248.28 12.4337330542
249.48 12.1892055791
250.69 11.8722979714
251.92 11.8116551576
253.13 12.0757448307
254.33 12.5002445275
255.54 12.711516266
256.75 12.6234863749
257.97 12.4806823295
259.19 12.2126802167
260.4 11.8840352902
261.61 12.0131457971
262.83 12.1755120405
264.04 12.3554842622
265.24 12.5413251433
266.45 12.5374127037
267.66 12.4376454938
268.87 12.2909290088
270.08 11.9231596862
271.29 11.934897005
272.51 12.0385766545
273.72 12.1872493593
274.94 12.5569749017
276.15 12.740859563
277.36 12.5393689235
278.56 12.4376454938
279.79 11.9974960387
281.0 11.7764432012
282.22 11.7627496626
283.43 12.1481249633
284.64 12.5374127037
285.85 12.731078464
287.05 12.7291222442
288.25 12.5335002641
289.45 12.1422563039
290.65 11.9466343238
291.85 12.0444453139
293.05 12.0933508089
294.26 12.5100256265
295.47 12.7173849254
296.68 12.6254425947
297.88 12.5784933195
299.08 12.3613529216
300.3 12.0561826327
301.51 12.0014084783
302.72 12.1696433811
303.93 12.4493828127
305.13 12.6860854086
306.34 12.8054148164
307.55 12.6704356501
308.76 12.308534987
309.97 12.1266065455
311.17 11.9388094446
312.38 11.9427218842
313.59 12.3359220642
314.8 12.5335002641
316.0 12.6313112541
317.21 12.5824057591
318.42 12.2635419316
319.63 12.1050881277
320.84 11.3421624054
322.05 9.88282243393
323.26 8.47043173771
324.47 7.46884719967
325.68 6.57876719028
326.88 5.83931610556
328.08 4.88272462294
329.29 4.1100178016
330.49 3.33339854066
331.7 2.84825603005
332.92 2.79935053503
334.13 2.87368688746
335.33 2.91085506367
336.54 2.93041726168
337.75 2.7426201608
338.96 2.35724486003
340.16 2.0657681097
341.37 1.72342964455
342.58 1.74886050197
343.79 1.86036503061
345.0 2.01295017508
346.22 2.18705373736
347.44 2.07750542851
348.64 1.8290655138
349.85 1.41043447642
351.06 1.10330796768
352.27 1.1443885835
353.48 1.45933997144
354.68 1.61779377531
355.88 1.89166454743
357.07 1.93078894345
358.27 1.55910718128
359.48 1.27545531016
360.69 0.93702928461
361.91 0.86660537178
363.12 1.22263737554
364.32 1.40065337741
365.53 1.5884504783
366.73 1.68039280894
367.95 1.43390911403
369.16 1.01723429645
370.37 0.712064007512
371.58 0.557522643244
372.79 0.872474031182
374.0 1.12873882509
375.21 1.54932608228
376.42 1.56301962088
377.63 1.37522252
378.84 1.08570198948
380.04 0.745319744126
381.25 0.575128621452
382.46 0.686633150101
383.67 1.03484027465
384.88 1.30675482697
386.08 1.44173399323
387.28 1.41239069622
388.48 1.00745319744
389.69 0.706195348109
390.91 0.555566423443
392.12 0.577084841253
393.33 0.784444140144
394.54 1.08374576967
395.75 1.33218568438
396.96 1.35761654179
398.16 1.27154287056
399.37 0.839218294568
400.58 0.622077896672
401.79 0.414718597782
403.0 0.704239128308
404.21 1.04266515386
405.42 1.40847825662
406.63 1.39674093781
407.84 1.19329407852
409.04 0.80009389855
410.25 0.700326688707
411.47 0.551653983842
412.68 0.772706821338
413.88 0.980066120229
415.08 1.27936774976
416.29 1.42804045463
417.5 1.21090005673
418.72 0.905729767797
419.93 0.75314462333
421.14 0.579041061054
422.35 0.491011170015
423.56 0.839218294568
424.77 1.20894383693
425.98 1.29697372797
427.19 1.24219957354
428.4 0.921379526204
429.61 0.66315851249
430.83 0.338426025548
432.04 0.371681762163
433.26 0.680764490698
434.47 0.93507306481
435.68 1.25589311215
436.88 1.22263737554
438.08 1.10722040728
439.29 0.657289853088
440.5 0.629902775876
441.72 0.516442027426
442.93 0.657289853088
444.14 0.921379526204
445.35 1.1522134627
446.56 1.16981944091
447.78 0.983978559831
448.99 0.792269019347
450.2 0.500792269019
451.4 0.451886773998
452.61 0.52622312643
453.82 0.856824272775
455.03 1.31653592598
456.24 1.34979166259
457.45 1.26763043096
458.66 0.93507306481
459.87 0.669027171893
461.08 0.34233846515
462.29 0.471448972006
463.5 0.73162620552
464.71 1.05635869246
465.93 1.31849214578
467.14 1.25198067255
468.35 1.02505917565
469.56 0.714020227313
470.78 0.461667873002
471.99 0.532091785833
473.21 0.760969502533
474.42 0.974197460827
475.63 1.17960053992
476.84 1.28132396956
478.04 1.03875271425
479.26 0.721845106516
480.47 0.563391302647
481.68 0.580997280854
482.88 0.688589369902
484.08 1.03679649445
485.29 1.30675482697
486.5 1.24806823295
487.72 1.02114673605
488.94 0.61620923727
490.14 0.510573368024
491.35 0.262133453315
492.56 0.430368356188
493.77 0.712064007512
494.98 1.04657759346
496.19 1.11700150629
497.4 1.05440247266
498.61 0.72966998572
499.82 0.469492752206
501.04 0.340382245349
502.25 0.371681762163
503.46 0.682720710499
504.67 0.93507306481
505.88 1.06027113206
507.08 1.12482638549
508.29 0.667070952092
509.5 0.536004225435
510.71 0.27387077212
511.93 0.340382245349
513.14 0.469492752206
514.36 0.73162620552
515.56 0.95854770242
516.78 1.07396467067
517.99 0.837262074767
519.21 0.424499696786
520.41 0.316907607739
521.62 1.53563254367
522.83 3.70899274242
524.04 5.57718265224
525.25 7.2947436374
526.46 8.34914611006
527.67 8.87732545629
528.88 9.23726989965
530.08 9.41919834113
531.29 9.70480643205
532.5 10.1410434476
533.71 10.4559948356
534.93 11.0056925996
536.13 11.2815195915
537.34 11.2228329975
538.55 11.1934897005
539.78 11.0800289521
540.98 11.0252547976
542.19 11.0937224907
543.4 11.4223674172
544.61 11.7823118606
545.83 11.9622840822
547.03 12.0522701931
548.24 11.7060192883
549.45 11.6316829359
550.66 11.4947475498
551.87 11.3304250866
553.08 11.6375515953
554.29 11.8899039496
555.5 12.1148692267
556.71 12.2263737554
557.93 12.1833369197
559.14 11.7725307616
560.37 11.6629824527
561.58 11.512353528
562.79 11.7294939259
564.0 11.934897005
565.21 12.2341986346
566.42 12.3848275592
567.63 12.1657309415
568.85 11.9583716426
570.05 11.8546919932
571.27 11.7040630685
572.48 11.7275377061
573.69 12.0327079951
574.91 12.2831041296
576.12 12.5061131869
577.32 12.4219957354
578.53 12.2831041296
579.75 11.8214362566
580.96 11.8840352902
582.16 11.817523817
583.37 12.0777010505
584.58 12.4024335374
585.79 12.6645669907
587.0 12.5002445275
588.22 12.3222285256
589.43 12.0366204347
590.64 11.6981944091
591.85 11.8214362566
593.06 12.0796572703
594.27 12.2087677771
595.48 12.3711340206
596.69 12.4532952523
597.91 12.3946086582
599.12 12.0737886109
600.33 11.9114223674
601.54 11.7334063655
602.75 11.9388094446
603.96 12.3339658444
605.16 12.6293550343
606.37 12.6782605294
607.58 12.4102584166
608.79 12.1794244801
610.0 11.964240302
611.21 11.8586044328
612.42 11.8038302784
613.64 12.1696433811
614.85 12.3515718226
616.05 12.4415579334
617.26 12.3906962186
618.47 12.1676871613
619.68 12.0581388525
620.89 11.9035974882
622.09 11.827304916
623.3 12.1813806999
624.51 12.357440482
625.72 12.4454703731
626.94 12.4885072087
628.14 12.2185488762
629.35 12.1794244801
630.56 11.8683855318
631.77 11.9075099278
632.97 12.0248831159
634.17 12.37700268
635.38 12.6508734521
636.58 12.6899978482
637.78 12.6117490561
638.98 12.1813806999
640.18 12.0640075119
641.38 11.9075099278
642.58 11.9270721258
643.78 12.1324752049
644.98 12.5295878245
646.19 12.7271660244
647.4 12.7271660244
648.61 12.5335002641
649.81 12.0444453139
651.02 11.9955398189
652.24 12.0679199515
653.45 12.2028991177
654.66 12.5647997809
655.87 12.7447720026
657.07 12.6391361333
658.28 12.3906962186
659.48 12.1676871613
660.69 11.9603278624
661.91 12.0503139733
663.12 12.0972632485
664.32 12.5100256265
665.53 12.7173849254
666.74 12.6254425947
667.96 12.5804495393
669.17 12.3613529216
670.38 11.9583716426
671.58 12.0503139733
672.79 12.0953070287
674.0 12.5100256265
675.21 12.8151959154
676.42 12.6743480898
677.63 12.701735167
678.84 12.3241847454
680.05 12.0385766545
681.27 12.0894383693
682.48 12.1168254465
683.69 12.5198067255
684.91 12.7232535848
686.12 12.8230207946
687.32 12.5804495393
688.53 12.4591639117
689.74 12.1050881277
690.96 12.0268393357
692.16 11.9857587198
693.37 12.259629492
694.57 12.5921868581
695.78 12.7584655412
696.99 12.6469610125
698.21 12.4924196483
699.42 12.3163598662
700.63 12.0346642149
701.84 11.8918601694
703.04 12.2126802167
704.25 12.6665232105
705.46 12.8934447074
706.67 12.7134724858
707.89 12.721297365
709.09 12.2361548544
710.3 12.0913945891
711.51 11.9212034664
712.72 12.1305189851
713.94 12.4298206146
715.15 12.6763043096
716.36 12.8015023768
717.56 12.5687122205
718.78 12.4532952523
719.98 12.1031319079
721.19 12.0248831159
722.4 10.9098378294
723.61 9.37420528571
724.82 8.31197793384
726.03 7.29278741759
727.24 6.19730432911
728.46 5.06074062482
729.66 4.1021929224
730.86 3.52510808114
732.07 3.13973278038
733.28 3.14168900018
734.48 3.14168900018
735.69 3.14364521998
736.9 2.94802323989
738.09 2.65459026976
739.3 2.31225180461
740.51 1.84667149201
741.72 1.71364854555
742.93 1.93861382265
744.13 2.14988556114
745.34 2.35333242043
746.55 2.35724486003
747.77 1.96795711966
748.98 1.67648036933
750.18 1.23633091414
751.39 1.01527807664
752.61 1.29697372797
753.82 1.43782155363
755.03 1.80167843659
756.24 1.78798489798
757.45 1.58649425849
758.66 1.28914884876
759.87 0.944854163814
761.08 0.772706821338
762.29 0.784444140144
763.5 1.27936774976
764.71 1.62366243471
765.93 1.69995500694
767.14 1.54150120308
768.35 1.3634852012
769.56 0.884211349987
770.77 0.645552534283
771.98 0.52426690663
773.19 0.759013282732
774.4 1.26567421115
775.61 1.51998278527
776.81 1.45151509224
778.02 1.22263737554
779.24 0.813787437156
780.45 0.608384358066
781.65 0.506660928422
782.86 0.749232183728
784.07 1.06613979147
785.28 1.32240458538
786.48 1.45151509224
787.69 1.22068115573
788.92 0.911598427199
790.13 0.559478863045
791.33 0.580997280854
792.53 0.786400359944
793.74 1.08374576967
794.96 1.33218568438
796.16 1.45542753184
797.37 1.32044836558
798.58 1.05831491226
799.79 0.73162620552
801.0 0.569259962049
802.22 0.487098730413
803.43 0.837262074767
804.64 1.30479860717
805.85 1.44173399323
807.05 1.31457970618
808.26 1.15416968251
809.47 0.680764490698
810.68 0.641640094681
811.89 0.522310686829
813.09 0.757057062932
814.3 0.972241241026
815.5 1.17764432012
816.71 1.18351297952
817.93 1.18546919932
819.13 0.696414249105
820.35 0.551653983842
821.56 0.379506641366
822.77 0.686633150101
823.98 1.03484027465
825.19 1.20894383693
826.4 1.29501750817
827.61 1.1443885835
828.82 0.872474031182
830.03 0.539916665036
831.24 0.473405191807
832.45 0.536004225435
833.66 0.764881942135
834.87 1.07396467067
836.08 1.42412801502
837.29 1.20698761713
838.49 0.903773547996
839.7 0.557522643244
840.92 0.383419080968
842.13 0.491011170015
843.33 0.643596314482
844.54 1.01332185684
845.77 1.29697372797
846.98 1.34001056359
848.19 0.970285021225
849.4 0.588822160058
850.61 0.301257849332
851.82 0.354075783955
853.03 0.575128621452
854.24 0.880298910386
855.45 1.03484027465
856.66 1.20894383693
857.87 1.00158453804
859.07 0.704239128308
860.29 0.357988223557
861.5 0.283651871124
862.71 0.344294684951
863.93 0.766838161936
865.13 1.07396467067
866.34 1.1306950449
867.55 1.06222735187
868.77 0.635771435278
869.98 0.324732486942
871.19 0.363856882959
872.4 0.385375300769
873.61 0.688589369902
874.82 0.93702928461
876.03 1.06222735187
877.24 1.02701539545
878.45 0.813787437156
879.65 0.414718597782
880.86 0.408849938379
882.07 0.406893718578
883.28 0.602515698664
884.48 1.08961442908
885.68 1.23633091414
886.9 1.31066726657
888.11 0.954635262818
889.32 0.582953500655
890.53 0.395156399773
891.74 0.303214069133
892.96 0.549697764041
894.16 0.966372581623
895.37 1.3693538606
896.58 1.27936774976
897.79 1.1346074845
899.0 0.672939611495
900.22 0.537960445236
901.43 0.275826991921
902.64 0.438193235392
903.85 0.813787437156
905.05 1.09743930828
906.26 1.1424323637
907.47 0.970285021225
908.68 0.686633150101
909.89 0.350163344353
911.1 0.18192844148
912.31 0.391243960171
913.52 0.692501809503
914.73 1.03679649445
915.95 1.21090005673
917.16 1.10135174788
918.37 0.850955613373
919.58 0.432324575989
920.79 0.223009057298
922.0 0.508617148223
923.21 2.80521919443
924.43 5.12529587824
925.64 6.87415638021
926.85 8.04006338152
928.06 8.62497310198
929.27 9.01426084235
930.48 9.30573759268
931.68 9.55026506778
932.89 9.96693988537
934.1 10.6633541345
935.31 11.1093722491
936.52 11.3323813064
937.72 11.2482638549
938.94 11.0096050392
940.15 10.9900428412
941.37 11.0761165125
942.58 11.1211095679
943.78 11.5338719459
944.98 11.934897005
946.18 12.1363876445
947.38 12.0424890941
948.59 11.895772609
949.8 11.6277704963
951.0 11.3969365598
952.22 11.4751853518
953.43 11.8096989378
954.64 12.1715996009
955.85 12.2537608326
957.06 12.2967976682
958.27 12.1207378861
959.48 11.7412312447
960.69 11.7451436843
961.91 11.7490561239
963.12 12.0424890941
964.32 12.386783779
965.53 12.5569749017
966.77 12.5452375829
967.97 12.3437469434
969.17 11.9505467634
970.38 11.7529685635
971.58 11.7510123437
972.77 11.8488233338
973.97 12.288972789
975.17 12.5100256265
976.38 12.5217629453
977.58 12.5276316047
978.78 12.1383438643
979.98 12.0424890941
981.19 11.8977288288
982.4 12.1168254465
983.61 12.3261409652
984.82 12.5276316047
986.03 12.6273988145
987.24 12.6782605294
988.45 12.5080694067
989.66 12.2283299752
990.88 11.9896711595
992.08 11.8703417516
993.29 12.2009428979
994.5 12.5628435611
995.71 12.7447720026
996.93 12.7369471234
998.13 12.5374127037
999.33 12.2420235138
1000.55 12.0933508089
1001.77 11.9231596862
1002.98 12.0327079951
1004.19 12.2831041296
1005.4 12.5061131869
1006.61 12.6176177155
1007.82 12.4767698899
1009.03 12.1148692267
1010.24 12.0307517753
1011.45 11.9877149397
1012.66 12.0659637317
1013.88 12.396564878
1015.08 12.6606545511
1016.29 12.7936774976
1017.5 12.6626107709
1018.71 12.3046225474
1019.93 12.1266065455
1021.13 12.0366204347
1022.34 11.9916273793
1023.56 12.3593967018
1024.77 12.6430485729
1025.98 12.7838963986
1027.19 12.7565093214
1028.41 12.5471938027
1029.62 12.2459359534
1030.83 11.9016412684
1032.04 12.0209706763
1033.25 12.2772354702
1034.46 12.5041569671
1035.67 12.7134724858
1036.88 12.721297365
1038.08 12.5295878245
1039.29 12.3359220642
1040.5 11.9466343238
1041.71 11.8488233338
1042.93 11.9955398189
1044.13 12.4591639117
1045.34 12.5941430779
1046.55 12.760421761
1047.77 12.4513390325
1048.98 12.1989866781
1050.19 12.0718323911
1051.4 12.0092333575
1052.62 11.9779338406
1053.84 12.3535280424
1055.04 12.6391361333
1056.25 12.6841291888
1057.46 12.7076038264
1058.67 12.4239519552
1059.88 12.0874821495
1061.08 11.9192472466
1062.29 12.0307517753
1063.5 12.2831041296
1064.72 12.5061131869
1065.93 12.8132396956
1067.14 12.67239187
1068.35 12.4083021968
1069.56 12.1774682603
1070.77 12.0620512921
1071.98 12.1011756881
1073.19 12.318316086
1074.4 12.6215301551
1075.61 12.7721590798
1076.82 12.848451652
1078.03 12.5941430779
1079.24 12.367221581
1080.46 12.1579060623
1081.67 11.954459203
1082.88 12.0483577535
1084.08 12.3887399988
1085.29 12.6567421115
1086.51 12.691954068
1087.72 12.5158942859
1088.94 12.328097185
1090.14 12.1383438643
1091.35 12.1403000841
1092.56 12.2381110742
1093.77 12.386783779
1094.98 12.6547858917
1096.19 12.789765058
1097.4 12.760421761
1098.62 12.5491500225
1099.83 12.2478921732
1101.04 12.0972632485
1102.26 12.1187816663
1103.47 12.2283299752
1104.68 12.4787261097
1105.89 12.6039241769
1107.1 12.5687122205
1108.31 12.3554842622
1109.52 12.1520374029
1110.72 12.0483577535
1111.94 12.0953070287
1113.15 12.2165926564
1114.37 12.4728574503
1115.57 12.6997789472
1116.78 12.6156614957
1117.99 12.3789588998
1119.21 12.0659637317
1120.42 11.9075099278
1121.63 12.0248831159
1122.84 11.4967037696
1124.04 10.2545041961
1125.26 8.94970558892
1126.47 7.61165124513
1127.69 6.25794714294
1128.91 5.09204014163
1130.12 4.21565367085
1131.32 3.58183845537
1132.53 3.26493084763
1133.75 3.39991001389
1134.96 3.46642148712
1136.16 3.40382245349
1137.38 3.17494473679
1138.59 2.67024002817
1139.8 2.22226569377
1141.01 1.99925663648
1142.23 1.78798489798
1143.44 1.97773821867
1144.64 2.26725874919
1145.85 2.41201901446
1147.06 2.19096617696
1148.28 1.78602867818
1149.48 1.38891605861
1150.68 1.19133785872
1151.88 1.18938163892
1153.08 1.28523640916
1154.29 1.52976388427
1155.5 1.84862771181
1156.71 1.90927052564
1157.93 1.64518085252
1159.13 1.22068115573
1160.34 0.911598427199
1161.55 0.852911833174
1162.77 1.02114673605
1163.97 1.29892994777
1165.17 1.63539975352
1166.38 1.80167843659
1167.59 1.5923629179
1168.8 1.19525029832
1170.0 0.897904888593
1171.22 0.847043173771
1172.44 0.82161231636
1173.65 1.10135174788
1174.86 1.53563254367
1176.07 1.65496195152
1177.28 1.51998278527
1178.48 1.25589311215
1179.69 0.927248185606
1180.92 0.667070952092
1182.13 0.73162620552
1183.33 0.95854770242
1184.54 1.3673976408
1185.76 1.47303351005
1186.96 1.52585144467
1188.16 1.25784933195
1189.37 0.831393415364
1190.58 0.520354467028
1191.78 0.561435082846
1192.98 0.77661926094
1194.18 1.27545531016
1195.39 1.52389522487
1196.6 1.55128230208
1197.8 1.17373188051
1199.01 0.888123789589
1200.23 0.54774154424
1201.45 0.575128621452
1202.65 0.586865940257
1203.86 0.888123789589
1205.07 1.23241847454
1206.28 1.50433302686
1207.48 1.24806823295
1208.69 0.923335746004
1209.92 0.567303742248
1211.13 0.485142510612
1212.33 0.739451084724
1213.55 0.962460142022
1214.77 1.3693538606
1215.97 1.47303351005
1217.17 1.33022946458
1218.38 1.06418357167
1219.59 0.635771435278
1220.8 0.520354467028
1222.01 0.463624092803
1223.22 0.727713765919
1224.43 1.1522134627
1225.64 1.365441421
1226.85 1.27741152996
1228.06 1.1346074845
1229.27 0.670983391694
1230.48 0.537960445236
1231.69 0.471448972006
1232.91 0.633815215478
1234.12 1.00940941724
1235.32 1.29306128837
1236.53 1.33805434379
1237.75 1.06809601127
1238.96 0.735538645122
1240.17 0.57121618185
1241.38 0.487098730413
1242.59 0.543829104638
1243.8 0.86660537178
1245.02 1.22263737554
1246.24 1.49846436746
1247.45 1.34196678339
1248.66 0.874430250983
1249.88 0.63968387488
1251.08 0.326688706743
1252.28 0.463624092803
1253.48 0.629902775876
1254.69 1.20111895773
1255.91 1.39087227841
1257.11 1.28914884876
1258.32 1.04266515386
1259.53 0.625990336274
1260.76 0.514485807625
1261.96 0.459711653201
1263.16 0.627946556075
1264.37 1.00549697764
1265.58 1.29306128837
1266.79 1.24024335374
1268.0 1.01723429645
1269.22 0.712064007512
1270.43 0.459711653201
1271.64 0.334513585947
1272.85 0.66315851249
1274.06 1.02310295585
1275.27 1.30088616757
1276.48 1.34196678339
1277.69 1.16786322111
1278.91 0.786400359944
1280.12 0.399068839375
1281.33 0.402981278977
1282.54 0.500792269019
1283.76 0.84508695397
1284.96 1.21090005673
1286.17 1.29697372797
1287.38 1.24219957354
1288.59 1.01919051625
1289.8 0.712064007512
1291.01 0.461667873002
1292.23 0.530135566032
1293.44 0.858780492576
1294.64 1.21872493593
1295.85 1.39869715761
1297.05 1.19525029832
1298.26 0.897904888593
1299.47 0.651421193685
1300.68 0.430368356188
1301.89 0.320820047341
1303.1 0.557522643244
1304.31 0.970285021225
1305.52 1.17764432012
1306.74 1.18155675972
1307.95 0.892036229191
1309.16 0.549697764041
1310.37 0.281695651323
1311.58 0.246483694908
1312.79 0.422543476985
1314.0 0.70815156791
1315.21 1.1424323637
1316.42 1.26371799135
1317.63 1.02897161525
1318.84 0.717932666914
1320.05 0.463624092803
1321.26 0.238658815705
1322.47 0.418631037383
1323.67 2.27117118879
1324.88 4.5658170152
1326.08 6.3968387488
1327.29 7.50992781549
1328.51 8.06549423893
1329.72 8.53889943074
1330.94 9.06903499677
1332.15 9.62655764002
1333.36 10.0041080616
1334.56 10.6829163325
1335.77 10.923531368
1336.98 11.1406717659
1338.18 11.1524090847
1339.38 11.060466754
1340.59 10.8198517185
1341.8 10.991999061
1343.01 11.1758837223
1344.22 11.6590700131
1345.44 11.9974960387
1346.64 12.1676871613
1347.87 11.8625168724
1349.08 11.6101645181
1350.29 11.5827774409
1351.5 11.3734619222
1352.71 11.6610262329
1353.93 11.8038302784
1355.14 12.0698761713
1356.35 12.3026663276
1357.56 12.3202723058
1358.77 12.1324752049
1359.98 11.7470999041
1361.19 11.7490561239
1362.4 11.846867114
1363.61 12.1911617989
1364.82 12.5569749017
1366.03 12.5452375829
1367.24 12.5393689235
1368.45 12.1461687435
1369.65 11.9485905436
1370.87 11.7510123437
1372.07 11.7510123437
1373.27 12.0444453139
1374.48 12.4845947691
1375.69 12.5100256265
1376.91 12.6195739353
1378.12 12.3809151196
1379.33 12.1637747217
1380.55 11.8586044328
1381.76 11.8057864982
1382.96 11.974021401
1384.17 12.4493828127
1385.38 12.5882744185
1386.58 12.7565093214
1387.79 12.4493828127
1389.0 12.2967976682
1390.21 11.925115906
1391.42 11.8390422348
1392.63 12.0874821495
1393.85 12.4083021968
1395.05 12.5687122205
1396.26 12.7467282224
1397.46 12.5432813631
1398.67 12.3417907236
1399.88 12.0464015337
1401.09 11.9974960387
1402.31 12.1676871613
1403.53 12.4474265929
1404.75 12.7838963986
1405.96 12.9521313015
1407.16 12.6450047927
1408.37 12.3946086582
1409.59 12.0718323911
1410.8 12.0092333575
1412.01 11.9779338406
1413.23 12.2557170524
1414.45 12.4924196483
1415.65 12.7095600462
1416.87 12.6215301551
1418.08 12.4787261097
1419.29 12.1148692267
1420.5 12.0307517753
1421.71 12.0874821495
1422.93 12.3104912068
1424.13 12.6176177155
1425.34 12.67239187
1426.55 12.799546157
1427.77 12.6665232105
1428.97 12.2087677771
1430.18 12.0777010505
1431.39 11.9133785872
1432.6 12.1266065455
1433.81 12.5256753849
1435.02 12.8230207946
1436.23 12.9716934995
1437.44 12.6547858917
1438.64 12.4963320879
1439.87 12.1226941059
1441.07 12.0346642149
1442.28 12.1872493593
1443.48 12.4572076919
1444.69 12.691954068
1445.92 12.9051820263
1447.12 12.7193411452
1448.32 12.5295878245
1449.53 12.3359220642
1450.75 12.1403000841
1451.96 12.0444453139
1453.16 12.288972789
1454.37 12.5080694067
1455.58 12.6195739353
1456.79 12.7721590798
1458.0 12.4572076919
1459.22 12.298753888
1460.43 12.0248831159
1461.64 12.0835697099
1462.85 12.308534987
1464.05 12.5198067255
1465.27 12.6234863749
1466.48 12.7741152996
1467.69 12.6547858917
1468.91 12.3985210978
1470.12 12.1715996009
1471.33 12.1579060623
1472.54 12.3457031632
1473.75 12.4396017136
1474.96 12.779983959
1476.17 12.7545531016
1477.39 12.740859563
1478.6 12.5393689235
1479.8 12.1461687435
1481.01 11.9485905436
1482.22 11.9466343238
1483.42 12.1422563039
1484.62 12.435689274
1485.83 12.5824057591
1487.04 12.6567421115
1488.25 12.4963320879
1489.47 12.3202723058
1490.68 11.9368532248
1491.89 12.0405328743
1493.11 12.2870165692
1494.32 12.5080694067
1495.53 12.8132396956
1496.75 12.6743480898
1497.96 12.6039241769
1499.17 12.4709012305
1500.38 12.2087677771
1501.59 12.2733230306
1502.8 12.4024335374
1504.01 12.6645669907
1505.23 12.6958665076
1506.44 12.9090944659
1507.64 12.6234863749
1508.86 12.4806823295
1510.07 12.1148692267
1511.28 11.9329407852
1512.48 12.0385766545
1513.69 12.4806823295
1514.92 12.8015023768
1516.13 12.7643342006
1517.33 12.8445392124
1518.54 12.4943758681
1519.75 12.318316086
1520.96 12.0346642149
1522.16 12.0874821495
1523.37 12.3104912068
1524.58 11.2482638549
1525.79 9.83782937851
1527.0 8.34914611006
1528.22 6.72352745554
1529.43 5.52045227802
1530.64 4.62645982903
1531.87 4.17848549463
1533.08 3.85570922749
1534.29 3.8909211839
1535.5 3.81071617207
1536.72 3.47815880592
1537.94 3.01649093292
1539.15 2.39636925605
1540.37 2.08533030771
1541.58 1.8310217336
1542.79 1.90144564643
1544.0 2.22813435318
1545.22 2.29464582641
1546.43 2.42571255306
1547.64 2.19879105616
1548.86 1.78994111778
1550.06 1.39087227841
1551.27 1.28914884876
1552.49 1.53172010407
1553.7 1.75081672177
1554.92 1.86036503061
1556.13 1.91513918504
1557.33 1.84471527221
1558.54 1.41825935562
1559.76 1.00940941724
1560.96 0.901817328195
1562.16 1.1424323637
1563.37 1.26371799135
1564.58 1.61583755551
1565.79 1.79385355739
1567.0 1.5884504783
1568.21 1.28914884876
1569.43 1.04266515386
1570.64 0.723801326317
1571.85 0.760969502533
1573.05 0.876386470784
1574.26 1.32436080518
1575.46 1.45151509224
1576.67 1.61388133571
1577.88 1.40065337741
1579.08 0.901817328195
1580.29 0.848999393572
1581.5 0.725757546118
1582.71 0.858780492576
1583.93 1.21872493593
1585.14 1.49650814766
1586.35 1.53758876347
1587.56 1.3615289814
1588.77 0.98202234003
1589.97 0.790312799546
1591.17 0.500792269019
1592.38 0.745319744126
1593.59 0.966372581623
1594.8 1.27349909036
1596.0 1.42608423482
1597.22 1.40456581702
1598.44 1.09939552808
1599.64 0.655333633287
1600.87 0.627946556075
1602.08 0.614253017469
1603.28 0.802050118351
1604.48 1.19133785872
1605.68 1.48281460905
1606.9 1.43195289423
1608.11 1.21285627653
1609.32 0.807918777754
1610.53 0.704239128308
1611.75 0.555566423443
1612.96 0.674895831296
1614.16 1.02897161525
1615.37 1.30479860717
1616.57 1.34392300319
1617.77 1.26567421115
1618.97 0.737494864923
1620.17 0.57121618185
1621.38 0.389287740371
1622.58 0.494923609617
1623.78 1.03679649445
1624.99 1.21090005673
1626.21 1.19916273793
1627.42 1.19329407852
1628.63 0.700326688707
1629.85 0.357988223557
1631.06 0.47927385121
1632.27 0.539916665036
1633.48 0.862692932178
1634.69 1.12287016569
1635.91 1.25393689235
1637.12 1.31849214578
1638.32 0.95854770242
1639.54 0.487098730413
1640.75 0.446018114595
1641.96 0.326688706743
1643.16 0.561435082846
1644.37 0.972241241026
1645.57 1.17764432012
1646.78 1.28132396956
1647.99 1.03875271425
1649.21 0.721845106516
1650.42 0.367769322561
1651.63 0.385375300769
1652.84 0.590778379859
1654.05 0.89008000939
1655.26 1.23437469434
1656.47 1.21090005673
1657.68 1.00354075784
1658.88 0.802050118351
1660.08 0.504704708621
1661.29 0.260177233514
1662.5 0.430368356188
1663.72 0.807918777754
1664.93 1.09548308848
1666.14 1.24024335374
1667.36 1.31066726657
1668.56 0.956591482619
1669.77 0.582953500655
1670.98 0.29734540973
1672.19 0.352119564154
1673.4 0.670983391694
1674.61 0.929204405407
1675.82 1.15612590231
1677.03 1.17177566071
1678.24 0.886167569788
1679.45 0.645552534283
1680.66 0.330601146345
1681.88 0.367769322561
1683.08 0.580997280854
1684.29 0.884211349987
1685.5 1.1346074845
1686.72 1.16003834191
1687.93 1.07592089047
1689.14 0.643596314482
1690.36 0.328644926544
1691.57 0.463624092803
1692.79 0.532091785833
1694.0 0.860736712377
1695.21 1.12091394589
1696.42 1.25198067255
1697.63 0.927248185606
1698.85 0.567303742248
1700.05 0.487098730413
1701.27 0.446018114595
1702.48 0.424499696786
1703.69 0.805962557953
1704.9 1.09548308848
1706.11 1.23828713394
1707.32 1.01723429645
1708.53 0.614253017469
1709.74 0.508617148223
1710.96 0.262133453315
1712.16 0.430368356188
1713.37 0.809874997555
1714.58 1.09548308848
1715.79 1.33805434379
1717.0 1.06613979147
1718.21 0.833349635165
1719.43 0.424499696786
1720.64 0.219096617696
1721.85 0.311038948336
1723.05 0.553610203642
1724.26 1.16395078151
1725.47 3.4253408713
1726.68 5.53414581662
1727.89 6.78417026937
1729.1 7.50797159569
1730.32 8.16134900917
1731.53 8.78342690585
1732.74 9.48375359455
1733.96 10.0314951388
1735.16 10.6946536513
1736.37 10.9294000274
1737.57 11.0467732154
1738.77 11.1054598095
1739.97 10.8413701363
1741.18 10.9059253898
1742.39 11.1328468867
1743.6 11.4419296152
1744.81 11.8899039496
1746.03 11.9172910268
1747.24 12.0307517753
1748.46 11.8899039496
1749.67 11.6258142765
1750.89 11.5906023201
1752.1 11.5729963419
1753.31 11.856648213
1754.52 12.2928852286
1755.73 12.4141708562
1756.95 12.3750464602
1758.16 12.0640075119
1759.37 11.8096989378
1760.57 11.7803556408
1761.79 11.7647058824
1763.0 11.954459203
1764.21 12.3417907236
1765.41 12.4376454938
1766.63 12.386783779
1767.85 12.2654981514
1769.06 12.0072771377
1770.28 11.9779338406
1771.48 11.9622840822
1772.69 11.954459203
1773.9 12.3417907236
1775.1 12.731078464
1776.31 12.6313112541
1777.52 12.5824057591
1778.73 12.3633091414
1779.96 11.9583716426
1781.16 11.8546919932
1782.37 11.9016412684
1783.58 12.2165926564
1784.79 12.3750464602
1786.0 12.6508734521
1787.21 12.5921868581
1788.42 12.4650325711
1789.63 12.1070443475
1790.84 12.0268393357
1792.05 11.9877149397
1793.28 12.259629492
1794.48 12.5921868581
1795.68 12.6606545511
1796.89 12.6958665076
1798.1 12.5158942859
1799.32 12.3300534048
1800.53 12.1383438643
1801.74 12.0424890941
1802.95 12.1892055791
1804.16 12.5569749017
1805.37 12.740859563
1806.58 12.6371799135
1807.79 12.4885072087
1809.0 12.3144036464
1810.21 12.0327079951
1811.42 11.8918601694
1812.63 12.0170582367
1813.84 12.2752792504
1815.04 12.5022007473
1816.25 12.7134724858
1817.46 12.4278643948
1818.67 12.1872493593
1819.89 11.9681527416
1821.1 11.9583716426
1822.31 12.0503139733
1823.53 12.2909290088
1824.74 12.5100256265
1825.95 12.7173849254
1827.15 12.5276316047
1828.36 12.3359220642
1829.56 12.0424890941
1830.77 11.8977288288
1831.98 12.0190144565
1833.2 12.2772354702
1834.4 12.4043897572
1835.61 12.5667560007
1836.83 12.6489172323
1838.04 12.4924196483
1839.25 12.1226941059
1840.46 12.0346642149
1841.67 11.8918601694
1842.88 12.0170582367
1844.08 12.3730902404
1845.29 12.5511062423
1846.5 12.7389033432
1847.71 12.4396017136
1848.93 12.0953070287
1850.14 12.0209706763
1851.35 11.9838025
1852.56 11.9661965218
1853.77 12.347659383
1854.97 12.6352236937
1856.18 12.779983959
1857.39 12.5589311215
1858.61 12.3515718226
1859.82 11.9525029832
1861.03 11.8527357734
1862.24 11.9974960387
1863.45 12.3633091414
1864.67 12.4474265929
1865.88 12.6860854086
1867.08 12.6097928363
1868.29 12.37700268
1869.5 12.1618185019
1870.71 11.9564154228
1871.93 12.0483577535
1873.14 12.0953070287
1874.35 12.5100256265
1875.56 12.6195739353
1876.77 12.5765370997
1877.97 12.4572076919
1879.18 12.3007101078
1880.39 12.1226941059
1881.6 12.0346642149
1882.8 12.0894383693
1884.02 12.4083021968
1885.24 12.6665232105
1886.45 12.6978227274
1887.66 12.6156614957
1888.88 12.1833369197
1890.08 11.9681527416
1891.29 11.9564154228
1892.5 12.1481249633
1893.71 12.3398345038
1894.93 12.5354564839
1896.13 12.5335002641
1897.32 12.5335002641
1898.53 12.240067294
1899.74 12.0933508089
1900.95 11.8253486962
1902.16 11.9838025
1903.37 12.2576732722
1904.57 12.5921868581
1905.79 12.7584655412
1907.0 12.7428157828
1908.21 12.5413251433
1909.42 12.2439797336
1910.63 11.9974960387
1911.85 12.0698761713
1913.07 12.2028991177
1914.29 12.5647997809
1915.5 12.7447720026
1916.72 12.7369471234
1917.93 12.5374127037
1919.13 12.2420235138
1920.33 11.8977288288
1921.54 12.0209706763
1922.75 12.0816134901
1923.96 12.4043897572
1925.16 11.5886461003
1926.38 10.0080205012
1927.58 8.43326356149
1928.78 6.86437528121
1929.98 5.59087619085
1931.19 4.66167178544
1932.41 4.0982804828
1933.62 3.91439582151
1934.83 3.92026448092
1936.04 3.62878773059
1937.25 3.38621647528
1938.46 2.77587589742
1939.67 2.37289461844
1940.88 2.07359298891
1942.08 2.02273127409
1943.29 2.09315518692
1944.5 2.32594534322
1945.72 2.34355132143
1946.93 2.25356521059
1948.14 1.8192844148
1949.36 1.50237680706
1950.57 1.24806823295
1951.79 1.21676871613
1953.0 1.30088616757
1954.21 1.63539975352
1955.42 1.89948942663
1956.63 1.93470138305
1957.85 1.65887439113
1959.06 1.22850603494
1960.28 1.01136563704
1961.48 0.805962557953
1962.68 0.997672098437
1963.88 1.38500361901
1965.08 1.67843658914
1966.29 1.62757487431
1967.5 1.50628924666
1968.72 1.1502572429
1969.93 0.876386470784
1971.14 0.541872884837
1972.35 0.766838161936
1973.56 1.07592089047
1974.77 1.42412801502
1975.97 1.6001877971
1977.18 1.49063948825
1978.39 1.04657759346
1979.61 0.627946556075
1980.82 0.516442027426
1982.03 0.655333633287
1983.24 1.01919051625
1984.45 1.29892994777
1985.66 1.43977777343
1986.88 1.41043447642
1988.08 1.10330796768
1989.29 0.852911833174
1990.5 0.530135566032
1991.72 0.467536532405
1992.93 0.631858995677
1994.14 1.10526418748
1995.35 1.34196678339
1996.56 1.46129619124
1997.77 1.22654981514
1998.97 0.913554647
2000.17 0.659246072889
2001.38 0.629902775876
2002.59 0.614253017469
2003.8 0.999628318238
2005.0 1.28914884876
2006.22 1.33609812399
2007.43 1.26176177155
2008.64 0.833349635165
2009.86 0.520354467028
2011.07 0.463624092803
2012.28 0.532091785833
2013.48 0.858780492576
2014.69 1.21872493593
2015.92 1.30088616757
2017.13 1.34196678339
2018.33 0.972241241026
2019.54 0.590778379859
2020.75 0.301257849332
2021.96 0.451886773998
2023.16 0.721845106516
2024.37 1.05244625286
2025.59 1.21676871613
2026.8 1.30088616757
2028.01 1.04853381326
2029.23 0.725757546118
2030.44 0.565347522448
2031.64 0.485142510612
2032.87 0.543829104638
2034.08 0.864649151979
2035.29 1.22263737554
2036.51 1.30284238737
2037.72 1.1463448033
2038.93 0.77661926094
2040.13 0.395156399773
2041.34 0.301257849332
2042.55 0.451886773998
2043.77 0.917467086602
2044.97 1.1502572429
2046.18 1.16786322111
2047.38 1.07983333007
2048.59 0.645552534283
2049.8 0.426455916587
2051.02 0.31886382754
2052.24 0.459711653201
2053.45 0.627946556075
2054.66 1.10330796768
2055.88 1.24219957354
2057.08 1.21481249633
2058.29 0.809874997555
2059.5 0.412762377981
2060.72 0.311038948336
2061.93 0.260177233514
2063.14 0.625990336274
2064.36 0.905729767797
2065.56 1.24219957354
2066.77 1.31262348637
2067.98 1.05440247266
2069.19 0.631858995677
2070.4 0.518398247227
2071.61 0.363856882959
2072.83 0.483186290812
2074.04 0.835305854966
2075.24 1.20698761713
2076.45 1.09939552808
2077.66 1.04462137366
2078.88 0.725757546118
2080.08 0.467536532405
2081.29 0.338426025548
2082.5 0.469492752206
2083.72 0.827480975762
2084.93 1.00745319744
2086.14 1.09743930828
2087.35 1.04462137366
2088.56 0.627946556075
2089.77 0.320820047341
2090.98 0.166278683073
2092.19 0.285608090925
2093.4 0.541872884837
2094.61 0.962460142022
2095.82 1.17177566071
2097.03 1.08178954987
2098.24 0.841174514368
2099.45 0.428412136388
2100.67 0.221052837497
2101.88 0.215184178094
2103.08 0.504704708621
2104.29 0.944854163814
2105.5 1.06613979147
2106.72 1.02897161525
2107.93 0.813787437156
2109.13 0.512529587824
2110.34 0.359944443358
2111.55 0.383419080968
2112.77 0.491011170015
2113.97 0.839218294568
2115.18 1.11113284689
2116.39 1.1502572429
2117.61 0.874430250983
2118.81 0.63968387488
2120.02 0.2288777167
2121.23 0.121285627653
2122.44 0.166278683073
2123.65 0.676852051096
2124.87 1.02897161525
2126.08 3.06539642794
2127.29 4.86511864473
2128.49 6.35184569338
2129.7 7.29083119779
2130.92 8.05375692013
2132.12 8.63084176138
2133.32 9.40746102232
2134.53 10.0901817328
2135.74 10.6281421781
2136.95 10.7983333007
2138.16 10.6868287721
2139.37 10.6320546177
2140.58 10.6046675404
2141.79 10.6887849919
2143.0 11.0252547976
2144.21 11.3871554608
2145.43 11.5690839023
2146.64 11.758837223
2147.85 11.6571137933
2149.06 11.4106300984
2150.28 11.385199241
2151.48 11.3715057024
2152.69 11.5612590231
2153.91 11.9505467634
2155.11 12.2420235138
2156.32 12.288972789
2157.53 12.1187816663
2158.74 11.7392750249
2159.95 11.6473326943
2161.16 11.404761439
2162.37 11.6766759913
2163.58 12.0072771377
2164.79 12.1715996009
2166.0 12.3535280424
2167.21 12.1500811831
2168.42 11.8527357734
2169.64 11.7040630685
2170.86 11.7275377061
2172.07 11.837086015
2173.28 11.9896711595
2174.48 12.3593967018
2175.69 12.4454703731
2176.92 12.2948414484
2178.13 12.2185488762
2179.34 11.9838025
2180.56 11.7705745418
2181.77 11.7607934428
2182.97 12.0483577535
2184.18 12.3887399988
2185.39 12.4611201315
2186.61 12.4004773176
2187.82 12.3691778008
2189.04 11.9622840822
2190.24 11.856648213
2191.46 11.7060192883
2192.68 12.0209706763
2193.89 12.3750464602
2195.1 12.6508734521
2196.31 12.6899978482
2197.52 12.6117490561
2198.73 12.1813806999
2199.93 12.0640075119
2201.13 11.8096989378
2202.34 11.9759776208
2203.56 12.2537608326
2204.77 12.3946086582
2205.98 12.4630763513
2207.19 12.4982883077
2208.4 12.3202723058
2209.62 11.9388094446
2210.85 11.9427218842
2212.05 11.846867114
2213.26 12.1892055791
2214.47 12.5569749017
2215.68 12.6430485729
2216.89 12.6860854086
2218.1 12.5119818463
2219.31 12.1324752049
2220.53 11.8429546744
2221.74 11.895772609
2222.95 12.0190144565
2224.16 12.4709012305
2225.37 12.6978227274
2226.57 12.8112834758
2227.78 12.4767698899
2228.99 12.2126802167
2230.21 12.0796572703
2231.42 12.0131457971
2232.63 12.0777010505
2233.85 12.4024335374
2235.06 12.6645669907
2236.27 12.7936774976
2237.48 12.6645669907
2238.69 12.3046225474
2239.91 12.1266065455
2241.12 12.0366204347
2242.33 11.9916273793
2243.54 12.3593967018
2244.76 12.5452375829
2245.96 12.7349909036
2247.16 12.5354564839
2248.37 12.4376454938
2249.59 12.0933508089
2250.8 12.0209706763
2252.02 11.9838025
2253.24 12.2576732722
2254.45 12.396564878
2255.65 12.5628435611
2256.88 12.5471938027
2258.08 12.4435141533
2259.29 12.2928852286
2260.5 12.1187816663
2261.72 12.1305189851
2262.93 12.1363876445
2264.13 12.5315440443
2265.35 12.7271660244
2266.56 12.6313112541
2267.77 12.386783779
2268.97 12.2635419316
2270.18 12.1050881277
2271.39 11.9290283456
2272.61 12.1324752049
2273.82 12.2361548544
2275.03 12.4826385493
2276.24 12.6058803967
2277.45 12.5687122205
2278.67 12.3554842622
2279.88 12.0542264129
2281.08 11.9016412684
2282.29 12.1207378861
2283.5 12.2283299752
2284.72 12.4787261097
2285.93 12.701735167
2287.13 12.6176177155
2288.34 12.2831041296
2289.56 12.1148692267
2290.77 11.8351297952
2291.98 11.9877149397
2293.19 12.2615857118
2294.4 12.5921868581
2295.61 12.6606545511
2296.82 12.6958665076
2298.03 12.5158942859
2299.24 12.1344314247
2300.45 12.0405328743
2301.66 12.0913945891
2302.88 12.2146364366
2304.08 12.3730902404
2305.29 12.6489172323
2306.5 12.7878088382
2307.72 12.4650325711
2308.93 12.2048553375
2310.13 12.0757448307
2311.34 12.0111895773
2312.56 12.1755120405
2313.77 12.4513390325
2314.98 12.6880416284
2316.19 12.6117490561
2317.4 12.5726246601
2318.61 12.357440482
2319.82 12.1520374029
2321.03 11.9505467634
2322.24 12.0464015337
2323.45 12.1931180187
2324.67 12.5589311215
2325.89 11.7627496626
2327.09 9.99628318238
2328.3 8.33154013185
2329.52 6.71570257634
2330.73 5.61435082846
2331.94 4.76926387449
2333.15 4.44648760735
2334.37 4.28412136388
2335.58 4.1041491422
2336.79 3.72268628103
2338.0 3.23754377042
2339.21 2.70153954498
2340.42 2.33572644222
2341.63 2.15184178094
2342.85 2.25747765019
2344.06 2.5039613451
2345.27 2.62915941235
2346.48 2.59199123614
2347.69 2.2809522878
2348.91 1.93078894345
2350.11 1.55910718128
2351.32 1.3732663002
2352.53 1.3771787398
2353.73 1.77233513958
2354.94 1.96795711966
2356.14 2.06772432951
2357.35 1.8231968544
2358.56 1.50433302686
2359.77 1.24806823295
2360.98 0.925291965805
2362.19 1.05635869246
2363.4 1.31653592598
2364.61 1.54541364268
2365.83 1.75864160097
2367.04 1.66865549013
2368.25 1.33022946458
2369.47 0.964416361822
2370.68 0.880298910386
2371.89 0.93702928461
2373.1 1.25784933195
2374.31 1.61388133571
2375.52 1.79189733758
2376.72 1.58649425849
2377.93 1.38695983881
2379.13 0.993759658835
2380.33 0.700326688707
2381.55 0.747275963927
2382.76 0.968328801424
2383.96 1.27349909036
2385.17 1.42608423482
2386.38 1.6001877971
2387.59 1.39282849821
2388.8 1.09548308848
2390.01 0.749232183728
2391.22 0.577084841253
2392.43 0.588822160058
2393.64 0.985934779632
2394.85 1.28328018936
2396.06 1.42999667443
2397.27 1.30871104677
2398.48 1.05244625286
2399.7 0.72966998572
2400.92 0.469492752206
2402.13 0.631858995677
2403.33 1.00745319744
2404.53 1.39087227841
2405.74 1.38695983881
2406.94 1.38500361901
2408.14 1.18938163892
2409.35 0.698370468906
2410.56 0.453842993799
2411.77 0.625990336274
2412.98 0.807918777754
2414.18 1.09548308848
2415.39 1.24024335374
2416.61 1.21285627653
2417.82 1.10330796768
2419.03 0.655333633287
2420.24 0.432324575989
2421.45 0.516442027426
2422.66 0.657289853088
2423.88 1.01919051625
2425.08 1.29892994777
2426.29 1.34196678339
2427.5 1.26371799135
2428.72 0.933116845009
2429.93 0.766838161936
2431.13 0.487098730413
2432.34 0.641640094681
2433.56 1.01332185684
2434.77 1.19720651812
2435.97 1.48672704865
2437.18 1.23828713394
2438.4 1.11504528649
2439.61 0.66315851249
2440.83 0.436237015591
2442.04 0.518398247227
2443.25 0.950722823216
2444.46 1.16590700131
2445.67 1.3732663002
2446.88 1.27936774976
2448.08 0.940941724212
2449.29 0.672939611495
2450.51 0.537960445236
2451.72 0.373637981964
2452.93 0.584909720456
2454.13 0.983978559831
2455.34 1.18351297952
2456.55 1.18546919932
2457.76 0.991803439034
2458.96 0.698370468906
2460.16 0.551653983842
2461.37 0.379506641366
2462.57 0.491011170015
2463.78 0.93702928461
2464.99 1.25784933195
2466.21 1.32044836558
2467.42 1.35174788239
2468.63 0.780531700542
2469.85 0.397112619574
2471.06 0.303214069133
2472.27 0.451886773998
2473.48 0.721845106516
2474.69 1.05244625286
2475.91 1.21872493593
2477.13 1.20307517753
2478.33 0.804006338152
2479.54 0.506660928422
2480.75 0.4557992136
2481.96 0.528179346231
2483.16 0.66120229269
2484.37 0.925291965805
2485.58 1.15416968251
2486.79 1.26763043096
2488.0 0.93507306481
2489.21 0.669027171893
2490.43 0.34233846515
2491.64 0.275826991921
2492.87 0.536004225435
2494.08 0.95854770242
2495.29 1.17177566071
2496.5 1.17960053992
2497.72 1.08570198948
2498.93 0.647508754084
2500.13 0.330601146345
2501.34 0.367769322561
2502.55 0.678808270897
2503.76 0.835305854966
2504.96 1.10917662709
2506.16 1.24611201315
2507.37 1.02114673605
2508.58 0.811831217356
2509.78 0.608384358066
2510.98 0.311038948336
2512.19 0.260177233514
2513.4 0.723801326317
2514.61 1.05244625286
2515.84 1.21872493593
2517.05 1.00745319744
2518.26 0.804006338152
2519.47 0.604471918465
2520.68 0.504704708621
2521.89 0.356032003756
2523.1 0.674895831296
2524.32 0.931160625208
2525.53 1.15612590231
2526.73 3.22580645161
2527.94 4.84751266652
2529.15 6.14839883409
2530.37 7.09129677811
2531.58 8.05180070033
2532.78 8.92231851171
2533.98 9.65198849743
2535.19 10.3112345703
2536.4 10.6398794969
2537.61 10.8042019601
2538.84 10.7885522017
2540.04 10.6829163325
2541.26 10.7279093879
2542.47 10.9450497858
2543.68 11.3480310648
2544.89 11.7451436843
2546.1 11.7490561239
2547.31 11.6512451339
2548.52 11.5064848686
2549.72 11.4321485162
2550.93 11.3969365598
2552.14 11.4751853518
2553.35 11.8096989378
2554.56 11.9759776208
2555.77 12.1559498425
2556.97 12.1500811831
2558.17 11.9505467634
2559.38 11.7529685635
2560.58 11.6532013537
2561.78 11.7021068487
2562.98 11.8253486962
2564.19 12.2772354702
2565.4 12.4043897572
2566.61 12.3711340206
2567.84 12.2576732722
2569.05 11.905553708
2570.26 11.6336391557
2571.47 11.5945147597
2572.68 11.8683855318
2573.88 12.298753888
2575.08 12.6117490561
2576.28 12.6704356501
2577.48 12.5041569671
2578.69 12.3222285256
2579.91 12.0366204347
2581.12 11.9916273793
2582.33 12.0679199515
2583.55 12.2028991177
2584.77 12.367221581
2585.97 12.6469610125
2587.18 12.4924196483
2588.39 12.1207378861
2589.6 12.0346642149
2590.81 11.8918601694
2592.03 11.9192472466
2593.24 12.1285627653
2594.45 12.5276316047
2595.66 12.7252098046
2596.88 12.7271660244
2598.08 12.5335002641
2599.28 12.240067294
2600.48 12.0933508089
2601.69 12.0190144565
2602.91 12.1794244801
2604.12 12.3554842622
2605.32 12.6410923531
2606.53 12.6841291888
2607.74 12.5119818463
2608.95 12.1305189851
2610.15 11.8429546744
2611.36 11.797961619
2612.57 11.9701089614
2613.78 12.3496156028
2614.98 12.5393689235
2616.18 12.731078464
2617.38 12.5354564839
2618.58 12.337878284
2619.77 12.1422563039
2620.97 12.1422563039
2622.16 12.240067294
2623.37 12.288972789
2624.58 12.6078366165
2625.8 12.8641014104
2627.0 12.6978227274
2628.21 12.4200395156
2629.43 12.1833369197
2630.64 11.9681527416
2631.87 11.9564154228
2633.08 12.2459359534
2634.29 12.5843619789
2635.5 12.7545531016
2636.72 12.6450047927
2637.93 12.4904634285
2639.13 12.2185488762
2640.34 11.8879477298
2641.55 12.0151020169
2642.76 12.0777010505
2643.96 12.5022007473
2645.16 12.7134724858
2646.37 12.721297365
2647.58 12.4317768344
2648.79 12.2870165692
2650.0 12.1168254465
2651.22 12.0307517753
2652.44 11.9896711595
2653.65 12.3593967018
2654.88 12.5432813631
2656.08 12.7349909036
2657.28 12.6332674739
2658.48 12.3887399988
2659.7 12.0698761713
2660.92 11.9094661476
2662.13 12.1246503257
2663.33 12.425908175
2664.54 12.6763043096
2665.76 12.799546157
2666.96 12.6665232105
2668.16 12.4043897572
2669.37 12.1755120405
2670.58 11.964240302
2671.78 12.0522701931
2672.99 12.1950742385
2674.21 12.5608873413
2675.42 12.8406267728
2676.63 12.6860854086
2677.85 12.4141708562
2679.07 12.0835697099
2680.28 11.9172910268
2681.48 12.0287955555
2682.7 12.2811479098
2683.92 12.6039241769
2685.13 12.6665232105
2686.33 12.6000117373
2687.55 12.5667560007
2688.77 12.3535280424
2689.97 12.0522701931
2691.19 12.0972632485
2692.4 12.1207378861
2693.61 12.4239519552
2694.83 12.5765370997
2696.04 12.6528296719
2697.25 12.691954068
2698.47 12.416127076
2699.68 12.0835697099
2700.88 12.1129130069
2702.08 12.0307517753
2703.29 12.3789588998
2704.51 12.6528296719
2705.72 12.6899978482
2706.93 12.7095600462
2708.13 12.5237191651
2709.33 12.1383438643
2710.54 12.0424890941
2711.75 12.0913945891
2712.96 12.3124474266
2714.16 12.6195739353
2715.37 12.8699700698
2716.58 12.701735167
2717.79 12.4219957354
2719.0 12.3789588998
2720.22 12.1637747217
2721.44 12.0542264129
2722.64 12.0992194683
2723.86 12.4141708562
2725.07 12.5706684403
2726.28 11.8683855318
2727.48 10.146912107
2728.68 8.40587648428
2729.88 6.94849273264
2731.08 5.72976779671
2732.3 4.92576145856
2733.52 4.72035837947
2734.72 4.42105674994
2735.93 4.27042782527
2737.14 3.70703652262
2738.35 3.22971889121
2739.56 2.5020051253
2740.77 2.23595923238
2741.97 2.20074727596
2743.18 2.2809522878
2744.39 2.5176548837
2745.61 2.53721708171
2746.82 2.44918719067
2748.03 2.01295017508
2749.24 1.6001877971
2750.46 1.29697372797
2751.67 1.24219957354
2752.88 1.41043447642
2754.08 1.69017390794
2755.29 2.02468749389
2756.5 2.09511140672
2757.71 1.73907940296
2758.93 1.365441421
2760.13 0.983978559831
2761.35 0.987890999433
2762.56 1.08765820928
2763.77 1.52780766447
2764.97 1.65104951192
2766.18 1.71364854555
2767.39 1.64518085252
2768.61 1.22068115573
2769.83 0.813787437156
2771.04 0.706195348109
2772.25 0.751188403529
2773.46 1.26371799135
2774.67 1.61583755551
2775.88 1.69604256734
2777.08 1.73516696336
2778.28 1.3634852012
2779.48 0.884211349987
2780.69 0.643596314482
2781.91 0.622077896672
2783.12 1.00354075784
2784.32 1.29110506857
2785.54 1.43390911403
2786.75 1.50628924666
2787.96 1.1522134627
2789.16 0.876386470784
2790.37 0.63968387488
2791.58 0.717932666914
2792.78 0.952679043017
2793.98 1.26567421115
2795.18 1.51998278527
2796.38 1.64713707232
2797.59 1.41825935562
2798.8 1.00940941724
2800.01 0.804006338152
2801.22 0.604471918465
2802.43 0.700326688707
2803.64 1.04266515386
2804.87 1.31066726657
2806.08 1.44369021303
2807.29 1.31653592598
2808.5 1.15416968251
2809.72 0.778575480741
2810.93 0.494923609617
2812.14 0.54774154424
2813.36 0.86660537178
2814.56 1.12482638549
2815.77 1.35174788239
2816.98 1.26958665076
2818.19 0.93507306481
2819.4 0.670983391694
2820.62 0.440149455193
2821.85 0.618165457071
2823.05 0.901817328195
2824.26 1.1424323637
2825.48 1.3615289814
2826.69 1.27349909036
2827.91 0.93702928461
2829.12 0.573172401651
2830.32 0.489054950214
2831.53 0.350163344353
2832.75 0.670983391694
2833.96 1.12482638549
2835.16 1.35174788239
2836.37 1.46520863084
2837.58 1.1306950449
2838.8 0.766838161936
2840.0 0.586865940257
2841.22 0.494923609617
2842.43 0.645552534283
2843.64 0.917467086602
2844.87 1.1502572429
2846.08 1.26567421115
2847.28 1.12873882509
2848.48 0.864649151979
2849.69 0.635771435278
2850.91 0.422543476985
2852.12 0.608384358066
2853.32 0.80009389855
2854.53 1.18938163892
2855.73 1.38500361901
2856.94 1.28523640916
2858.14 0.942897944013
2859.35 0.577084841253
2860.56 0.491011170015
2861.77 0.447974334396
2862.97 0.622077896672
2864.18 1.00158453804
2865.39 1.29110506857
2866.6 1.1404761439
2867.82 0.968328801424
2869.03 0.686633150101
2870.24 0.350163344353
2871.45 0.279739431523
2872.66 0.440149455193
2873.88 0.911598427199
2875.08 1.1483010231
2876.28 1.16786322111
2877.48 0.98202234003
2878.69 0.790312799546
2879.9 0.402981278977
2881.11 0.402981278977
2882.32 0.600559478863
2883.52 0.893992448992
2884.73 1.23633091414
2885.94 1.30871104677
2887.15 1.1502572429
2888.36 0.876386470784
2889.57 0.541872884837
2890.77 0.277783211722
2891.98 0.34233846515
2893.19 0.667070952092
2894.4 1.02505917565
2895.61 1.30088616757
2896.83 1.1463448033
2898.04 0.874430250983
2899.25 0.63968387488
