0.0 0.346173972548
1.2 0.448818580687
2.41 0.803043110735
3.62 1.28003864268
4.84 1.41891075957
6.06 1.38872116894
7.27 0.86946021012
8.49 0.609829730709
9.7 0.378376202552
10.91 0.464919695689
12.12 0.710461699473
13.34 1.23374793704
14.55 1.39677172644
15.75 1.37664533269
16.96 0.964054260758
18.17 0.65612043634
19.39 0.603791812583
20.6 0.476995531941
21.81 0.716499617599
23.02 1.13714124703
24.23 1.34645574206
25.44 1.35249366019
26.65 0.951978424506
27.86 0.750714486978
29.07 0.350199251298
30.27 0.350199251298
31.48 0.551463188826
32.68 0.853359095117
33.89 1.20557098579
35.1 1.4813025802
36.33 1.21764682204
37.55 0.784929356358
38.75 0.3663003663
39.96 0.257617840035
41.18 0.505172483194
42.39 0.72857545385
43.59 1.04254719639
44.8 1.30016503643
46.01 1.32834198768
47.22 0.83927061949
48.43 0.595741255082
49.65 0.47297025319
50.86 0.410578432556
52.07 0.782916716983
53.29 1.07072414765
54.51 1.41488548082
55.72 1.38469589019
56.94 0.968079539508
58.15 0.660145715091
59.36 0.303908545667
60.57 0.426679547559
61.78 0.589703336956
62.99 0.974117457634
64.2 1.36658213581
65.4 1.25991224892
66.61 0.905687718875
67.83 0.627943485086
69.04 0.489071368192
70.26 0.521273598197
71.48 0.635994042587
72.69 0.895624521998
73.91 1.32834198768
75.12 1.34243046331
76.34 1.14720444391
77.55 0.748701847603
78.76 0.549450549451
79.97 0.450831220062
81.18 0.702411141972
82.4 0.927826752003
83.61 1.14317916516
84.83 1.35048102081
86.04 1.15122972266
87.25 0.951978424506
88.47 0.551463188826
89.66 0.350199251298
90.86 0.551463188826
92.07 0.752727126354
93.26 1.25588697017
94.48 1.40683492332
95.69 1.38067061144
96.91 0.966066900133
98.11 0.658133075715
99.33 0.404540514431
100.55 0.376363563177
101.75 0.76681560198
102.96 1.06066095077
104.17 1.41086020207
105.38 1.28205128205
106.58 1.11902749265
107.78 0.83524534074
108.99 0.591715976331
110.2 0.370325645051
111.4 0.561526385702
112.6 1.06066095077
113.81 1.30821559393
115.02 1.4329992352
116.23 1.19349514954
117.44 0.974117457634
118.65 1.06468622952
119.86 1.6121241396
121.07 2.1897516403
122.28 2.98071891478
123.5 3.57646016987
124.69 3.97697540555
125.9 3.97496276617
127.1 3.87231815803
128.3 3.82200217365
129.52 3.69721853238
130.73 3.93470997867
131.94 4.25673227871
133.15 4.71762669565
134.35 4.74781628628
135.56 4.76391740128
136.77 4.56869138188
137.98 4.3714527231
139.18 4.17220142495
140.39 4.17421406432
141.59 4.27484603309
142.79 4.526425955
144.01 4.95310550256
145.22 4.96719397818
146.42 4.77196795878
147.63 4.57271666063
148.84 4.37346536248
150.05 4.17421406432
151.25 4.37547800185
152.46 4.67737390814
153.66 4.92895383005
154.87 5.15436944008
156.08 5.06782594695
157.3 4.62102000564
158.51 4.39761703498
159.72 4.1842772612
160.93 4.38151591998
162.14 4.57875457875
163.34 4.98128245381
164.55 5.18053375196
165.75 5.28116572073
166.94 4.82832186129
168.15 4.50227428249
169.36 4.23660588496
170.57 4.20641629433
171.78 4.59284305438
172.98 4.98732037194
174.18 5.08392706195
175.39 5.23286237572
176.6 5.00543412631
177.82 4.58881777563
179.02 4.38151591998
180.23 4.3795032806
181.45 4.57875457875
182.66 4.97926981443
183.86 5.38179768949
185.06 5.28116572073
186.26 5.02958579882
187.48 4.80417018879
188.7 4.3875538381
189.9 4.18025198245
191.1 4.3795032806
192.31 4.78001851628
193.52 5.18053375196
194.71 5.18053375196
195.91 5.28116572073
197.12 4.82832186129
198.34 4.40164231373
199.55 4.28692186934
200.75 4.43183190436
201.96 4.60491889063
203.17 4.99335829006
204.38 5.0879523407
205.58 5.13424304633
206.78 4.95511814193
207.99 4.66529807189
209.2 4.41975606811
210.41 4.29698506622
211.62 4.53850179125
212.84 5.05977538945
214.05 5.22078653947
215.26 5.20066014572
216.47 5.08996498007
217.68 4.83435977941
218.9 4.60491889063
220.1 4.38956647748
221.31 4.48214788874
222.53 4.9329791088
223.74 5.15638207946
224.94 5.470353822
226.15 5.22481181822
227.36 4.80014491004
228.57 4.48818580687
229.78 4.23056796683
230.99 4.30302298434
232.19 4.74177836815
233.4 5.16241999758
234.6 5.37173449261
235.8 5.27714044198
237.01 4.92694119068
238.23 4.5505776275
239.44 4.36138952622
240.65 4.47007205249
241.86 4.62303264501
243.07 5.00342148694
244.29 5.29324155698
245.5 5.33751962323
246.7 5.15839471883
247.91 4.76593004066
249.12 4.47007205249
250.34 4.32314937809
251.55 4.65120959626
252.76 4.91486535443
253.97 5.24896349072
255.18 5.21474862134
256.39 4.99738356881
257.59 4.78605643441
258.79 4.58076721813
260.0 4.27685867246
261.21 4.52843859437
262.42 4.7538542044
263.63 5.16845791571
264.85 5.17449583384
266.06 5.07587650445
267.26 5.02757315944
268.48 4.50026164312
269.69 4.33723785372
270.9 4.558628185
272.1 4.66731071127
273.31 5.12619248883
274.53 5.25298876947
275.74 5.31739322948
276.94 5.04769955319
278.16 4.61095680876
279.37 4.49422372499
280.58 4.5344765125
281.78 4.65724751439
282.99 5.01952260194
284.19 5.30129211448
285.39 5.34154490198
286.59 5.16040735821
287.79 4.86857464879
289.0 4.41975606811
290.21 4.39761703498
291.43 4.58881777563
292.64 4.98530773256
293.85 5.2831783601
295.06 5.43412631325
296.26 5.20669806384
297.49 4.89071368192
298.7 4.63309584189
299.91 4.50428692187
301.12 4.64114639939
302.34 5.01147204444
303.55 5.29726683573
304.75 5.33953226261
305.96 5.16040735821
307.17 4.96920661756
308.38 4.67133599002
309.58 4.52441331562
310.79 4.5505776275
312.0 4.76391740128
313.2 5.17449583384
314.4 5.4784043795
315.6 5.4301010345
316.81 5.20468542447
318.02 4.68944974439
319.23 4.0293040293
320.45 3.39733526547
321.66 3.08135088355
322.87 3.1256289498
324.09 3.04512337479
325.3 2.9062512579
326.5 2.53391297347
327.7 1.94420963652
328.91 1.4491003502
330.12 1.40280964457
331.34 1.38067061144
332.55 1.56985871272
333.75 1.96634866965
334.96 2.16358732842
336.17 1.86169142213
337.39 1.50746689208
338.6 1.03047136014
339.81 0.790967274484
341.02 1.07273678702
342.23 1.21563418267
343.45 1.58797246709
344.66 1.87376725838
345.86 1.81741335587
347.07 1.38469589019
348.28 1.06871150827
349.5 0.710461699473
350.7 0.629956124462
351.91 0.994243851387
353.11 1.27601336393
354.33 1.61816205772
355.54 1.58797246709
356.75 1.2699754458
357.95 1.01235760576
359.16 0.680272108844
360.37 0.716499617599
361.58 0.935877309504
362.78 1.24783641267
364.0 1.6040735821
365.21 1.68055387836
366.42 1.51954272833
367.63 1.13512860766
368.84 0.642031960713
370.05 0.597753894457
371.26 0.573602221954
372.49 1.0666988689
373.7 1.51350481021
374.91 1.73690778086
376.11 1.44507507145
377.34 1.0989010989
378.55 0.7245501751
379.75 0.537374713199
380.96 0.746689208228
382.17 0.949965785131
383.38 1.35450629956
384.58 1.55778287646
385.78 1.55778287646
386.98 1.25588697017
388.18 0.903675079499
389.39 0.525298876947
390.6 0.43875538381
391.82 0.79700519261
393.03 1.17739403454
394.25 1.56784607334
395.47 1.56382079459
396.67 1.25789960955
397.89 0.905687718875
399.1 0.72857545385
400.31 0.539387352574
401.53 0.847321176992
402.74 1.10091373828
403.95 1.43098659582
405.16 1.39274644769
406.37 1.17336875579
407.58 0.964054260758
408.78 0.756752405104
409.99 0.553475828201
411.19 0.553475828201
412.4 0.953991063881
413.59 1.35651893894
414.78 1.55778287646
415.99 1.55778287646
417.18 1.05462303265
418.39 0.803043110735
419.59 0.476995531941
420.8 0.613855009459
422.01 0.784929356358
423.23 1.17135611641
424.43 1.4652014652
425.64 1.41086020207
426.86 1.08078734452
428.07 0.817131586362
429.28 0.684297387594
430.5 0.61788028821
431.7 0.784929356358
432.91 1.17135611641
434.11 1.36456949644
435.33 1.46117618645
436.54 1.30821559393
437.75 1.03047136014
438.95 0.589703336956
440.16 0.571589582579
441.37 0.561526385702
442.58 0.857384373868
443.78 1.30821559393
444.99 1.53363120396
446.2 1.44507507145
447.41 0.998269130137
448.62 0.674234190718
449.84 0.412591071932
451.06 0.581652779455
452.26 1.07072414765
453.48 1.41488548082
454.69 1.58595982772
455.9 1.37060741456
457.1 0.962041621382
458.3 0.555488467576
459.5 0.452843859437
460.7 0.501147204444
461.91 0.72857545385
463.12 1.14317916516
464.33 1.55174495834
465.55 1.55375759771
466.75 1.15324236203
467.96 0.752727126354
469.16 0.65209515759
470.37 0.501147204444
471.58 0.726562814475
472.78 0.94191522763
473.99 1.35048102081
475.19 1.55375759771
476.4 1.45513826833
477.6 0.903675079499
478.82 0.625930845711
480.03 0.589703336956
481.24 0.770840880731
482.46 1.06468622952
483.66 1.51149217083
484.87 1.6362758121
486.08 1.39475908707
487.29 1.17538139516
488.5 0.662158354466
489.7 0.505172483194
490.91 0.529324155698
492.13 0.841283258866
493.34 1.30016503643
494.55 1.52960592521
495.75 1.6443263696
496.96 1.0989010989
498.18 0.825182143863
499.39 0.487058728817
500.59 0.619892927585
501.8 0.686310026969
503.01 1.12104013203
504.22 1.34041782393
505.42 1.4491003502
506.63 1.3021776758
507.85 1.02644608139
509.06 0.587690697581
510.26 0.569576943203
511.48 0.561526385702
512.69 0.958016342632
513.9 1.45916354708
515.1 1.50947953146
516.32 1.33236726643
517.53 0.94191522763
518.74 0.646057239464
519.94 0.799017831985
521.15 1.38067061144
522.37 2.37491446283
523.58 3.27456426358
524.78 3.6227508755
525.99 3.69721853238
527.2 3.83609064928
528.41 3.60262448175
529.62 3.68715533551
530.83 3.72942076239
532.04 4.05144306243
533.25 4.51636275812
534.47 4.94908022381
535.67 4.86253673067
536.88 4.61900736626
538.09 4.29698506622
539.31 4.13396127682
540.52 4.15408767057
541.72 4.26478283621
542.93 4.62303264501
544.15 4.9007768788
545.36 5.04166163507
546.57 4.9088274363
547.78 4.64315903876
548.99 4.40768023186
550.2 4.29094714809
551.41 4.33321257497
552.62 4.75787948315
553.83 5.06983858632
555.04 5.12417984945
556.25 4.95109286318
557.47 4.76391740128
558.67 4.36944008373
559.89 4.27082075434
561.1 4.42378134686
562.31 4.90278951817
563.53 5.2429255726
564.74 5.41399991949
565.95 5.19663486696
567.16 4.98732037194
568.37 4.68139918689
569.58 4.32717465684
570.78 4.35132632935
572.0 4.66529807189
573.2 4.92291591193
574.41 5.25298876947
575.62 5.31739322948
576.83 4.94706758443
578.04 4.66127279314
579.25 4.61900736626
580.47 4.49623636437
581.68 4.53648915187
582.88 4.85851145192
584.08 5.1201545707
585.28 5.35160809886
586.5 5.16644527634
587.7 4.76995531941
588.91 4.3714527231
590.12 4.37346536248
591.33 4.47610997062
592.55 4.82832186129
593.75 5.20468542447
594.96 5.29324155698
596.17 5.13625568571
597.38 4.75586684378
598.58 4.5666787425
599.79 4.47007205249
601.0 4.42378134686
602.21 4.80215754941
603.42 5.19260958821
604.64 5.28720363885
605.85 5.23286237572
607.06 4.90480215755
608.26 4.54051443062
609.48 4.35736424747
610.69 4.46604677374
611.9 4.62303264501
613.1 5.10204081633
614.32 5.2429255726
615.54 5.31135531136
616.75 5.14631888258
617.96 4.86052409129
619.17 4.41774342873
620.39 4.3956043956
621.59 4.68743710502
622.79 4.93499174818
624.0 5.2590266876
625.2 5.42003783762
626.41 5.30129211448
627.62 4.83838505817
628.83 4.50629956124
630.04 4.3392504931
631.25 4.558628185
632.47 4.97121925693
633.68 5.27714044198
634.89 5.4301010345
636.1 5.40594936199
637.31 4.99134565069
638.52 4.68341182627
639.73 4.42780662561
640.94 4.40164231373
642.15 4.79209435253
643.36 5.18657167009
644.56 5.38582296824
645.77 5.38381032887
646.98 5.18053375196
648.18 4.67737390814
649.39 4.526425955
650.59 4.45195829811
651.8 4.61498208751
653.01 5.19864750634
654.22 5.39186088637
655.42 5.486454937
656.63 5.13223040696
657.85 4.7538542044
659.07 4.46403413436
660.27 4.41975606811
661.5 4.59888097251
662.7 4.99134565069
663.91 5.28720363885
665.12 5.33349434448
666.33 5.25701404822
667.54 4.9168779938
668.75 4.54655234875
669.95 4.46000885561
671.16 4.61900736626
672.38 5.00140884756
673.59 5.19059694884
674.79 5.28720363885
676.0 5.23286237572
677.21 5.10606609508
678.42 4.64114639939
679.64 4.50831220062
680.85 4.64315903876
682.07 4.81020810691
683.28 5.0960028982
684.5 5.33953226261
685.7 5.36167129574
686.91 5.17047055509
688.12 4.67133599002
689.33 4.52441331562
690.54 4.5505776275
691.75 4.66328543252
692.95 5.02354788069
694.16 5.40393672262
695.38 5.2912289176
696.58 5.03562371694
697.79 4.80618282816
699.01 4.59083041501
700.22 4.38151591998
701.43 4.58076721813
702.64 4.98128245381
703.85 5.18053375196
705.05 5.38179768949
706.25 5.18053375196
707.46 4.77800587691
708.66 4.57674193938
709.86 4.57674193938
711.06 4.47610997062
712.26 4.72768989253
713.48 5.15638207946
714.7 5.470353822
715.91 5.42607575575
717.12 5.10204081633
718.34 4.83838505817
719.55 4.50629956124
720.75 4.34126313247
721.96 4.15610030995
723.17 4.06553153806
724.38 3.71734492614
725.58 3.2403493942
726.79 2.80159401039
728.0 2.28032041219
729.2 1.71879402649
730.4 1.53765648271
731.6 1.64835164835
732.81 1.80332488025
734.02 2.08308175341
735.23 2.12333454092
736.46 1.839552389
737.66 1.49740369521
738.87 1.02443344202
740.08 0.990218572636
741.29 0.972104818259
742.5 1.36456949644
743.7 1.66244012398
744.91 1.81137543775
746.12 1.68457915711
747.33 1.42092339895
748.55 1.18745723141
749.75 0.768828241356
750.96 0.760777683855
752.17 1.15928028016
753.38 1.6604274846
754.58 1.70873082961
755.78 1.63426317272
756.99 1.39475908707
758.2 0.972104818259
759.41 0.863422291994
760.62 0.90770035825
761.83 0.931852030753
763.04 1.44507507145
764.25 1.60206094272
765.47 1.68055387836
766.68 1.41891075957
767.9 1.08481262327
769.1 0.919776194501
770.32 0.83524534074
771.54 0.794992553234
772.75 1.37664533269
773.96 1.56784607334
775.17 1.66445276335
776.38 1.50947953146
777.58 1.03047136014
778.79 0.790967274484
780.0 0.772853520106
781.2 0.76279032323
782.4 1.15928028016
783.6 1.45916354708
784.81 1.61011150022
786.03 1.58394718834
787.25 1.16733083766
788.47 0.758765044479
789.67 0.555488467576
790.88 0.754739765729
792.09 0.953991063881
793.29 1.35651893894
794.5 1.75904681399
795.69 1.75904681399
796.89 1.35651893894
798.09 0.853359095117
799.31 0.702411141972
800.52 0.627943485086
801.73 0.992231212011
802.94 1.27400072455
804.15 1.61816205772
805.36 1.58797246709
806.57 1.37060741456
807.77 1.06267359015
808.98 0.807068389486
810.18 0.577627500704
811.39 0.867447570744
812.6 1.11097693515
813.81 1.43501187457
815.02 1.49740369521
816.23 1.32632934831
817.46 1.03852191764
818.67 0.794992553234
819.89 0.674234190718
821.1 0.712474338848
822.31 1.13512860766
823.52 1.34645574206
824.72 1.55375759771
825.93 1.65640220585
827.14 1.30419031518
828.34 1.02845872077
829.55 0.69033530572
830.76 0.720524896349
831.97 0.837257980115
833.18 1.29815239705
834.39 1.42897395645
835.6 1.49337841646
836.81 1.22368474017
838.02 0.988205933261
839.24 0.668196272592
840.46 0.710461699473
841.66 0.833232701365
842.87 1.19550778891
844.08 1.57790927022
845.31 1.56784607334
846.51 1.46117618645
847.72 1.00631968764
848.94 0.778891438232
850.15 0.565551664453
851.36 0.859397013243
852.58 1.20959626454
853.78 1.48331521958
854.99 1.62218733647
856.2 1.4893531377
857.41 1.22167210079
858.62 0.885561325122
859.84 0.61788028821
861.06 0.786941995733
862.27 0.970092178883
863.49 1.26393752767
864.7 1.51149217083
865.91 1.43501187457
867.13 1.09286318078
868.34 0.722537535724
869.55 0.535362073824
870.75 0.744676568852
871.96 0.949965785131
873.17 1.45513826833
874.38 1.50746689208
875.58 1.53161856459
876.78 1.34444310268
877.99 1.04858511452
879.21 0.698385863221
880.43 0.525298876947
881.64 0.83927061949
882.86 1.0989010989
884.07 1.52960592521
885.28 1.6443263696
886.5 1.39878436582
887.7 1.07676206577
888.91 0.813106307612
890.11 0.581652779455
891.33 0.768828241356
892.54 1.26393752767
893.75 1.41086020207
894.95 1.68457915711
896.16 1.62218733647
897.38 1.08682526265
898.58 0.819144225738
899.79 0.58366541883
901.0 0.668196272592
902.2 0.911725637
903.4 1.23576057642
904.6 1.49740369521
905.8 1.42696131707
907.01 1.18946987079
908.23 0.770840880731
909.44 0.559513746327
910.64 0.454856498813
911.85 0.805055750111
913.07 1.18141931329
914.28 1.57187135209
915.5 1.56382079459
916.7 1.36054421769
917.9 0.956003703256
919.1 0.65209515759
920.31 0.702411141972
921.52 0.829207422614
922.73 1.69665499336
923.94 2.43126836533
925.15 3.20210924607
926.36 3.48790403735
927.57 3.52815682486
928.77 3.44966388922
929.98 3.40941110172
931.18 3.69118061426
932.39 4.23459324558
933.59 4.50629956124
934.79 4.84241033692
936.0 4.91084007568
937.2 4.74379100753
938.41 4.25874491809
939.62 4.11584752244
940.84 4.34528841122
942.05 4.56265346375
943.26 4.97121925693
944.47 5.07587650445
945.68 5.12820512821
946.89 4.85247353379
948.1 4.51435011875
949.31 4.24264380308
950.53 4.2084289337
951.74 4.49422372499
952.95 4.93700438755
954.16 5.16040735821
955.37 5.17047055509
956.58 5.07386386507
957.78 4.82630922191
958.99 4.39962967435
960.21 4.3875538381
961.42 4.58277985751
962.63 4.98128245381
963.84 5.38381032887
965.05 5.38179768949
966.26 5.28116572073
967.47 4.82832186129
968.68 4.60290625126
969.9 4.58881777563
971.1 4.48214788874
972.31 4.83234714004
973.53 5.10606609508
974.74 5.34557018074
975.94 5.26305196635
977.15 5.01952260194
978.36 4.6975003019
979.57 4.43585718311
980.77 4.50629956124
981.98 4.84442297629
983.19 5.21273598197
984.4 5.29726683573
985.6 5.23890029385
986.81 5.11009137383
988.02 4.94304230568
989.23 4.65926015377
990.46 4.5183753975
991.67 4.74781628628
992.89 5.2670772451
994.1 5.42406311637
995.31 5.50456869138
996.53 5.44217687075
997.73 4.9088274363
998.94 4.64315903876
1000.16 4.60894416938
1001.37 4.59284305438
1002.57 4.98732037194
1003.77 5.38582296824
1004.98 5.58507426639
1006.19 5.2831783601
1007.41 5.02958579882
1008.62 4.60290625126
1009.84 4.58881777563
1011.05 4.58277985751
1012.26 4.98329509319
1013.47 5.18254639134
1014.68 5.48242965825
1015.89 5.43211367387
1017.1 5.10606609508
1018.31 4.73976572878
1019.53 4.65926015377
1020.74 4.51636275812
1021.94 4.84844825504
1023.15 5.31739322948
1024.36 5.34959545949
1025.57 5.46632854325
1026.78 5.32343114761
1027.99 4.84844825504
1029.2 4.7136014169
1030.41 4.54453970937
1031.62 4.7619047619
1032.83 5.0718512257
1034.04 5.42808839512
1035.25 5.60520066015
1036.47 5.29324155698
1037.68 5.03562371694
1038.9 4.7055508594
1040.1 4.54051443062
1041.31 4.75989212253
1042.53 4.96920661756
1043.74 5.37777241074
1044.94 5.68168095641
1046.16 5.4301010345
1047.38 5.1040534557
1048.58 4.84039769754
1049.79 4.60894416938
1051.01 4.69347502315
1052.22 5.03763635632
1053.44 5.20871070322
1054.65 5.39588616512
1055.86 5.38984824699
1057.07 5.08392706195
1058.3 4.93096646943
1059.5 4.7538542044
1060.7 4.86656200942
1061.91 4.92291591193
1063.13 5.35362073824
1064.34 5.56897315139
1065.55 5.57501106952
1066.75 5.27714044198
1067.96 4.92694119068
1069.17 4.65120959626
1070.38 4.61498208751
1071.6 4.69548766252
1072.8 5.14028096446
1074.0 5.56293523326
1075.2 5.47236646138
1076.41 5.32544378698
1077.62 5.05172483194
1078.84 4.7136014169
1080.05 4.64517167814
1081.26 4.71158877752
1082.47 5.14833152196
1083.68 5.36569657449
1084.89 5.57501106952
1086.1 5.4784043795
1087.31 5.12820512821
1088.52 4.75184156503
1089.73 4.66328543252
1090.94 4.7216519744
1092.15 5.05172483194
1093.36 5.21676126072
1094.57 5.50054341263
1095.78 5.54079620014
1096.99 5.16040735821
1098.19 4.86857464879
1099.41 4.52038803687
1100.62 4.74982892565
1101.83 4.86454937004
1103.05 5.22481181822
1104.26 5.40393672262
1105.49 5.49249285513
1106.7 5.33751962323
1107.91 5.05776275007
1109.12 4.71561405627
1110.33 4.64718431751
1111.55 4.91285271505
1112.75 5.14833152196
1113.96 5.46632854325
1115.17 5.6253270539
1116.38 5.30129211448
1117.58 5.03964899569
1118.78 4.80819546754
1119.99 4.59284305438
1121.19 4.78605643441
1122.39 4.98329509319
1123.59 5.2831783601
1124.8 5.02958579882
1126.02 4.30101034497
1127.23 3.63281407237
1128.46 2.79756873163
1129.67 2.37893974158
1130.88 2.06899327778
1132.09 2.21591595218
1133.31 2.38900293845
1134.52 2.67882300849
1135.73 2.51982449785
1136.94 2.13943565592
1138.15 1.64835164835
1139.36 1.40079700519
1140.57 1.17739403454
1141.78 1.36859477519
1142.99 1.86571670088
1144.2 2.11327134404
1145.4 2.03679104778
1146.6 1.79728696212
1147.81 1.57790927022
1149.02 1.06468622952
1150.23 0.90770035825
1151.45 1.03248399952
1152.66 1.49539105583
1153.87 1.72885722336
1155.08 1.94420963652
1156.3 1.85162822525
1157.5 1.50344161333
1158.7 1.12909068953
1159.91 1.04053455702
1161.12 0.998269130137
1162.34 1.2780260033
1163.55 1.61816205772
1164.75 1.78923640462
1165.96 1.77514792899
1167.17 1.36456949644
1168.38 0.958016342632
1169.58 0.855371734493
1170.79 0.803043110735
1172.0 1.18141931329
1173.21 1.46922674395
1174.43 1.71476874774
1175.64 1.73690778086
1176.85 1.44708771082
1178.07 1.0989010989
1179.29 0.825182143863
1180.5 0.788954635108
1181.7 0.871472849495
1182.91 1.31626615143
1184.11 1.63828845148
1185.32 1.7992996015
1186.53 1.67854123898
1187.73 1.21563418267
1188.94 0.883548685746
1190.15 0.716499617599
1191.36 0.935877309504
1192.58 1.14720444391
1193.78 1.45312562895
1194.99 1.70671819023
1196.2 1.53161856459
1197.41 1.24179849455
1198.62 0.897637161373
1199.84 0.7245501751
1201.05 0.83927061949
1202.26 0.996256490762
1203.48 1.47928994083
1204.69 1.61816205772
1205.91 1.48734049833
1207.12 1.42293603832
1208.34 0.885561325122
1209.55 0.819144225738
1210.75 0.686310026969
1211.96 0.919776194501
1213.17 1.34041782393
1214.38 1.54973231896
1215.58 1.55375759771
1216.78 1.35450629956
1217.99 1.05261039327
1219.21 0.702411141972
1220.43 0.726562814475
1221.64 0.841283258866
1222.86 1.30016503643
1224.07 1.52960592521
1225.29 1.6443263696
1226.5 1.49941633458
1227.7 1.12707805015
1228.91 0.83927061949
1230.12 0.69436058447
1231.34 0.825182143863
1232.55 1.0908505414
1233.75 1.52558064646
1234.96 1.74294569899
1236.17 1.65036428773
1237.38 1.20154570704
1238.58 0.976130097009
1239.79 0.664170993841
1241.0 0.708449060097
1242.2 1.03248399952
1243.42 1.2941271183
1244.62 1.6282252546
1245.84 1.59199774584
1247.06 1.47526466208
1248.26 0.911725637
1249.48 0.631968763837
1250.69 0.591715976331
1251.9 0.87348548887
1253.1 1.41689812019
1254.31 1.78923640462
1255.52 1.67250332085
1256.73 1.41488548082
1257.95 1.18343195266
1259.16 0.76681560198
1260.37 0.559513746327
1261.58 0.857384373868
1262.78 1.1069516564
1263.99 1.63426317272
1265.2 1.69665499336
1266.42 1.52558064646
1267.62 1.23978585517
1268.84 0.895624521998
1270.06 0.825182143863
1271.29 0.788954635108
1272.5 1.07273678702
1273.7 1.31425351206
1274.91 1.53765648271
1276.11 1.44708771082
1277.33 1.0989010989
1278.54 0.925814112627
1279.75 0.738638650727
1280.95 0.646057239464
1282.17 1.00028176951
1283.39 1.28003864268
1284.59 1.6201746971
1285.8 1.68860443586
1287.01 1.32230406956
1288.23 1.03650927827
1289.45 0.69436058447
1290.66 0.722537535724
1291.87 0.83927061949
1293.08 1.29815239705
1294.3 1.52960592521
1295.5 1.6443263696
1296.7 1.39878436582
1297.91 1.17739403454
1299.13 0.76279032323
1300.34 0.658133075715
1301.55 0.905687718875
1302.76 1.23173529767
1303.97 1.59602302459
1305.18 1.57790927022
1306.39 1.36658213581
1307.59 1.0586483114
1308.8 0.704423781347
1310.01 0.627943485086
1311.22 0.790967274484
1312.44 0.974117457634
1313.65 1.36658213581
1314.86 1.56180815521
1316.07 1.45916354708
1317.29 1.20758362517
1318.5 0.98015537576
1319.7 0.664170993841
1320.91 0.708449060097
1322.12 1.03248399952
1323.33 1.29613975768
1324.54 1.52759328584
1325.75 2.04484160528
1326.95 2.20384011593
1328.16 2.48560962847
1329.38 2.72511371412
1330.58 3.04713601417
1331.78 3.40941110172
1332.99 3.99307652055
1334.19 4.48617316749
1335.41 4.63309584189
1336.62 4.60491889063
1337.84 4.28893450871
1339.05 4.12993599807
1340.26 4.05144306243
1341.48 4.21446685183
1342.69 4.49623636437
1343.9 4.93901702693
1345.1 5.16040735821
1346.3 5.06983858632
1347.5 4.7216519744
1348.7 4.3473010506
1349.91 4.26075755746
1351.13 4.41975606811
1352.34 4.80014491004
1353.55 5.19059694884
1354.75 5.38783560762
1355.96 5.2831783601
1357.18 5.03159843819
1358.39 4.80417018879
1359.61 4.3875538381
1360.82 4.48214788874
1362.03 4.63108320251
1363.25 5.10606609508
1364.47 5.34557018074
1365.68 5.36368393511
1366.89 5.06983858632
1368.1 4.82429658254
1369.31 4.49824900374
1370.52 4.53850179125
1371.73 4.65724751439
1372.94 5.01952260194
1374.15 5.40192408324
1375.35 5.39186088637
1376.55 5.18657167009
1377.76 4.78001851628
1378.97 4.47812260999
1380.18 4.42579398623
1381.39 4.70353822002
1382.6 4.9410296663
1383.81 5.36368393511
1385.02 5.37173449261
1386.23 5.17650847321
1387.45 4.97725717506
1388.66 4.77599323753
1389.86 4.47610997062
1391.08 4.62705792376
1392.3 4.80215754941
1393.5 5.19260958821
1394.7 5.58909954514
1395.9 5.58708690577
1397.1 5.2831783601
1398.31 4.82832186129
1399.52 4.70353822002
1400.73 4.53850179125
1401.94 4.86052409129
1403.15 5.1201545707
1404.36 5.35160809886
1405.58 5.46834118263
1406.78 5.32343114761
1407.99 4.95109286318
1409.2 4.56265346375
1410.42 4.46805941311
1411.62 4.62303264501
1412.84 5.20468542447
1414.06 5.49450549451
1415.26 5.53878356076
1416.48 5.35965865636
1417.69 5.06782594695
1418.91 4.7216519744
1420.12 4.64919695689
1421.34 4.7136014169
1422.55 5.04769955319
1423.75 5.41601255887
1424.96 5.50054341263
1426.17 5.44016423137
1427.38 5.00945940506
1428.58 4.59083041501
1429.78 4.38352855935
1430.99 4.58076721813
1432.2 4.78001851628
1433.41 5.18053375196
1434.61 5.38179768949
1435.81 5.48242965825
1437.02 5.33148170511
1438.23 4.85448617317
1439.45 4.71561405627
1440.66 4.64517167814
1441.87 4.81222074629
1443.08 5.19864750634
1444.3 5.38984824699
1445.5 5.486454937
1446.7 5.33349434448
1447.91 5.0557501107
1449.12 4.61498208751
1450.33 4.59686833313
1451.54 4.68743710502
1452.75 5.13424304633
1453.95 5.56092259389
1455.16 5.57098579077
1456.37 5.37575977136
1457.58 5.17852111259
1458.78 4.8766252063
1459.99 4.72768989253
1461.2 4.75184156503
1462.42 4.96719397818
1463.62 5.2751278026
1464.84 5.42808839512
1466.05 5.40594936199
1467.26 5.09197761945
1468.48 4.73372781065
1469.69 4.65523487502
1470.9 4.61498208751
1472.11 4.99939620819
1473.32 5.19059694884
1474.53 5.486454937
1475.74 5.63539025077
1476.94 5.20669806384
1478.16 4.99335829006
1479.37 4.68341182627
1480.58 4.53045123375
1481.78 4.65322223564
1482.99 5.11814193133
1484.2 5.45224006762
1485.42 5.41601255887
1486.64 5.2992794751
1487.85 5.03763635632
1489.06 4.60693153001
1490.28 4.49019844624
1491.49 4.73574045003
1492.7 5.05776275007
1493.91 5.32141850823
1495.11 5.55287203639
1496.32 5.46632854325
1497.53 5.02153524132
1498.75 4.69951294127
1499.95 4.53648915187
1501.16 4.65724751439
1502.37 4.81825866441
1503.58 5.20066014572
1504.78 5.39186088637
1505.99 5.38783560762
1507.19 5.18254639134
1508.41 4.78001851628
1509.62 4.57674193938
1510.82 4.47610997062
1512.03 4.72768989253
1513.24 5.15638207946
1514.46 5.36972185324
1515.66 5.37575977136
1516.87 5.17650847321
1518.08 4.77599323753
1519.3 4.57674193938
1520.5 4.57674193938
1521.69 4.57674193938
1522.89 4.97926981443
1524.09 5.38179768949
1525.29 5.48242965825
1526.5 5.13021776758
1527.7 4.5505776275
1528.91 3.75961035302
1530.12 2.96059252103
1531.33 2.66070925412
1532.55 2.71303787787
1533.75 2.73920218975
1534.96 2.85392263414
1536.17 2.40711669283
1537.39 1.98244978465
1538.6 1.36658213581
1539.8 1.06066095077
1541.01 1.00631968764
1542.23 1.38268325082
1543.45 1.67250332085
1544.66 1.91603268526
1545.87 1.83753974963
1547.08 1.59803566397
1548.29 1.17538139516
1549.5 0.863422291994
1550.7 0.706436420722
1551.91 1.03248399952
1553.12 1.2941271183
1554.33 1.6282252546
1555.55 1.59199774584
1556.75 1.27400072455
1557.96 1.01235760576
1559.18 0.682284748219
1560.39 0.515235680071
1561.59 0.83524534074
1562.8 1.09688845953
1564.01 1.42696131707
1565.23 1.49337841646
1566.45 1.4249486777
1567.66 1.08883790202
1568.87 0.718512256974
1570.08 0.535362073824
1571.3 0.543412631325
1572.5 0.949965785131
1573.7 1.35450629956
1574.91 1.45513826833
1576.12 1.40683492332
1577.34 1.07877470515
1578.55 0.815118946987
1579.75 0.483033450066
1580.97 0.61788028821
1582.18 0.885561325122
1583.4 1.22167210079
1584.61 1.49136577708
1585.83 1.52356800708
1587.04 1.13915388641
1588.25 0.845308537616
1589.47 0.497121925693
1590.68 0.523286237572
1591.89 0.83927061949
1593.1 1.19953306766
1594.31 1.47928994083
1595.52 1.41689812019
1596.72 1.2860765608
1597.94 0.819144225738
1599.15 0.58366541883
1600.37 0.466932335064
1601.58 0.710461699473
1602.78 1.23576057642
1603.99 1.49740369521
1605.2 1.52759328584
1606.42 1.4410497927
1607.63 1.09688845953
1608.85 0.825182143863
1610.07 0.587690697581
1611.29 0.770840880731
1612.5 0.962041621382
1613.7 1.25991224892
1614.91 1.50947953146
1616.12 1.4329992352
1617.33 0.992231212011
1618.55 0.672221551342
1619.75 0.51121040132
1620.96 0.732600732601
1622.17 0.943927867005
1623.38 1.35048102081
1624.58 1.55577023709
1625.78 1.55577023709
1626.99 1.35651893894
1628.19 0.853359095117
1629.41 0.501147204444
1630.62 0.525298876947
1631.83 0.640019321338
1633.04 1.0989010989
1634.25 1.32834198768
1635.47 1.54369440084
1636.68 1.24783641267
1637.89 1.00028176951
1639.1 0.575614861329
1640.31 0.563539025077
1641.52 0.758765044479
1642.72 0.956003703256
1643.93 1.35853157831
1645.14 1.55778287646
1646.34 1.35651893894
1647.54 1.05462303265
1648.74 0.702411141972
1649.94 0.627943485086
1651.16 0.589703336956
1652.38 0.972104818259
1653.58 1.26595016705
1654.78 1.51149217083
1655.99 1.43501187457
1657.2 1.2941271183
1658.42 0.823169504488
1659.63 0.686310026969
1660.85 0.619892927585
1662.07 0.887573964497
1663.29 1.12104013203
1664.5 1.4410497927
1665.7 1.60004830335
1666.91 1.37664533269
1668.11 0.964054260758
1669.32 0.758765044479
1670.53 0.553475828201
1671.73 0.855371734493
1672.94 1.20557098579
1674.15 1.58394718834
1675.37 1.56985871272
1676.58 1.36255685706
1677.78 1.0586483114
1679.0 0.603791812583
1680.21 0.577627500704
1681.43 0.664170993841
1682.64 0.909712997625
1683.85 1.33437990581
1685.06 1.54771967959
1686.28 1.35048102081
1687.49 0.951978424506
1688.7 0.549450549451
1689.91 0.350199251298
1691.12 0.551463188826
1692.32 0.853359095117
1693.53 1.20557098579
1694.74 1.58193454897
1695.95 1.36859477519
1697.16 1.16129291953
1698.37 0.756752405104
1699.58 0.553475828201
1700.78 0.450831220062
1701.99 0.803043110735
1703.2 1.28205128205
1704.42 1.51954272833
1705.63 1.64030109085
1706.85 1.19550778891
1708.06 0.974117457634
1709.27 0.561526385702
1710.48 0.557501106952
1711.69 0.654107796965
1712.9 1.1069516564
1714.1 1.4329992352
1715.31 1.59602302459
1716.52 1.27400072455
1717.73 0.913738276376
1718.94 0.732600732601
1720.15 0.541399991949
1721.36 0.5454252707
1722.57 0.851346455742
1723.78 1.30419031518
1724.99 1.43098659582
1726.2 1.2941271183
1727.42 1.1230527714
1728.62 0.736626011351
1729.83 1.14720444391
1731.05 1.85565350401
1732.26 2.61240590911
1733.47 3.39330998672
1734.68 3.88439399428
1735.89 4.12993599807
1737.1 4.1520750312
1738.3 3.86225496116
1739.5 3.81596425552
1740.7 3.7938252224
1741.91 4.18628990058
1743.12 4.48214788874
1744.33 4.83033450066
1745.55 5.00543412631
1746.75 4.99335829006
1747.96 4.58277985751
1749.17 4.3795032806
1750.38 4.1762267037
1751.58 4.37547800185
1752.78 4.77800587691
1753.98 5.18053375196
1755.18 5.38179768949
1756.38 5.28116572073
1757.58 4.82832186129
1758.78 4.50227428249
1760.0 4.23660588496
1761.21 4.30704826309
1762.43 4.64315903876
1763.64 5.1121040132
1764.85 5.14631888258
1766.06 5.16443263696
1767.27 5.0718512257
1768.48 4.62303264501
1769.69 4.49824900374
1770.9 4.33723785372
1772.1 4.55661554563
1773.31 4.96920661756
1774.51 5.17650847321
1775.72 5.17852111259
1776.93 4.97725717506
1778.14 4.57674193938
1779.34 4.47610997062
1780.55 4.42579398623
1781.76 4.60089361188
1782.98 5.09197761945
1784.18 5.23688765447
1785.4 5.30934267198
1786.6 5.14430624321
1787.81 4.86052409129
1789.02 4.41774342873
1790.24 4.3956043956
1791.46 4.48617316749
1792.67 4.83435977941
1793.89 5.10807873445
1795.1 5.34557018074
1796.31 5.36368393511
1797.52 4.96920661756
1798.73 4.77398059816
1799.94 4.5747293
1801.15 4.67536126877
1802.35 4.82832186129
1803.56 5.20468542447
1804.77 5.49450549451
1805.99 5.33751962323
1807.2 5.15839471883
1808.42 4.76794268003
1809.63 4.47007205249
1810.85 4.52441331562
1812.07 4.65120959626
1813.28 5.11612929195
1814.5 5.24896349072
1815.7 5.21474862134
1816.91 4.99738356881
1818.11 4.68542446564
1819.32 4.53045123375
1820.53 4.35333896872
1821.74 4.66529807189
1822.94 4.92291591193
1824.15 5.25298876947
1825.36 5.41802519824
1826.57 5.2992794751
1827.78 5.03964899569
1828.99 4.60693153001
1830.2 4.38956647748
1831.41 4.58479249688
1832.62 4.98329509319
1833.83 5.18254639134
1835.03 5.48242965825
1836.24 5.43211367387
1837.47 5.10606609508
1838.69 4.63913376001
1839.91 4.50831220062
1841.12 4.44189510124
1842.34 4.81020810691
1843.55 5.0960028982
1844.75 5.44016423137
1845.96 5.41198728012
1847.18 4.99335829006
1848.39 4.58479249688
1849.59 4.3795032806
1850.79 4.47812260999
1852.01 4.82832186129
1853.22 5.00543412631
1854.44 5.19260958821
1855.64 5.28720363885
1856.85 5.13424304633
1858.07 4.7538542044
1859.28 4.56466610313
1860.49 4.47007205249
1861.7 4.72567725315
1862.91 4.95310550256
1864.12 5.36770921386
1865.34 5.37575977136
1866.55 5.27714044198
1867.75 5.02757315944
1868.96 4.60089361188
1870.18 4.48818580687
1871.4 4.53246387312
1872.6 4.95713078131
1873.8 5.37173449261
1875.01 5.47639174013
1876.22 5.32946906573
1877.44 5.15436944008
1878.66 4.76391740128
1879.87 4.57070402125
1881.08 4.47208469186
1882.29 4.82630922191
1883.5 5.1040534557
1884.7 5.2429255726
1885.91 5.31336795073
1887.12 5.14631888258
1888.33 4.75989212253
1889.54 4.56869138188
1890.75 4.47208469186
1891.96 4.72567725315
1893.17 5.05373747132
1894.38 5.41802519824
1895.58 5.50054341263
1896.78 5.24091293322
1897.99 4.9088274363
1899.2 4.74177836815
1900.42 4.558628185
1901.63 4.76995531941
1902.85 5.07587650445
1904.06 5.4301010345
1905.28 5.40594936199
1906.5 5.29324155698
1907.7 4.93499174818
1908.91 4.75586684378
1910.12 4.56466610313
1911.33 4.77196795878
1912.54 4.8766252063
1913.75 5.12820512821
1914.95 5.45626534638
1916.16 5.42003783762
1917.38 5.09801553758
1918.59 4.7377530894
1919.79 4.55661554563
1921.0 4.5666787425
1922.2 4.77196795878
1923.42 5.07788914382
1924.62 5.4301010345
1925.84 5.40594936199
1927.06 5.19260958821
1928.27 4.8846757638
1929.49 4.63108320251
1930.7 3.99911443867
1931.92 3.68514269613
1933.13 3.42551221672
1934.34 3.39733526547
1935.55 3.08135088355
1936.75 2.62246910599
1937.97 2.1897516403
1939.18 1.67250332085
1940.4 1.51551744958
1941.61 1.53564384334
1942.82 1.84961558588
1944.04 2.10522078654
1945.25 2.13339773779
1946.47 1.94622227589
1947.67 1.55174495834
1948.89 1.05059775389
1950.1 0.901662440124
1951.31 0.927826752003
1952.51 1.24381113392
1953.72 1.60206094272
1954.94 1.78118584712
1956.15 1.76911001087
1957.36 1.36255685706
1958.57 1.05663567202
1959.78 0.905687718875
1960.99 0.829207422614
1962.2 1.09286318078
1963.42 1.52558064646
1964.62 1.74294569899
1965.84 1.85162822525
1967.05 1.40280964457
1968.27 1.07877470515
1969.49 0.815118946987
1970.7 0.682284748219
1971.91 0.919776194501
1973.13 1.2377732158
1974.34 1.60004830335
1975.55 1.67854123898
1976.75 1.51753008896
1977.96 1.23576057642
1979.17 0.994243851387
1980.38 0.87348548887
1981.58 0.913738276376
1982.78 1.33639254518
1983.99 1.54771967959
1985.19 1.65438956648
1986.42 1.50545425271
1987.63 1.12909068953
1988.85 0.738638650727
1990.07 0.646057239464
1991.29 0.597753894457
1992.5 1.07877470515
1993.7 1.41891075957
1994.91 1.58797246709
1996.12 1.57388399147
1997.33 1.36456949644
1998.54 0.857384373868
1999.75 0.704423781347
2000.95 0.627943485086
2002.16 0.891599243248
2003.37 1.32431670893
2004.58 1.64231373023
2005.79 1.70068027211
2007.01 1.52960592521
2008.22 0.939902588254
2009.44 0.744676568852
2010.65 0.547437910075
2011.86 0.851346455742
2013.07 1.20557098579
2014.28 1.4813025802
2015.49 1.6201746971
2016.7 1.4893531377
2017.91 1.22167210079
2019.13 0.684297387594
2020.34 0.517248319446
2021.55 0.837257980115
2022.75 1.09688845953
2023.96 1.42696131707
2025.17 1.69464235398
2026.39 1.4249486777
2027.59 1.18946987079
2028.8 0.86946021012
2030.01 0.609829730709
2031.23 0.581652779455
2032.45 0.968079539508
2033.66 1.4652014652
2034.87 1.6121241396
2036.09 1.58394718834
2037.31 1.16934347704
2038.51 0.758765044479
2039.71 0.65612043634
2040.93 0.503159843819
2042.15 0.929839391378
2043.36 1.34444310268
2044.57 1.55174495834
2045.78 1.55375759771
2046.99 1.35450629956
2048.19 0.953991063881
2049.4 0.65209515759
2050.6 0.501147204444
2051.81 0.726562814475
2053.02 1.14317916516
2054.23 1.55174495834
2055.46 1.55375759771
2056.67 1.35450629956
2057.88 0.953991063881
2059.08 0.65209515759
2060.29 0.601779173208
2061.5 0.575614861329
2062.7 0.966066900133
2063.91 1.36255685706
2065.11 1.56180815521
2066.32 1.35853157831
2067.53 1.15525500141
2068.73 0.853359095117
2069.94 0.501147204444
2071.15 0.72857545385
2072.36 0.94191522763
2073.57 1.24984905205
2074.78 1.50344161333
2075.99 1.63225053335
2077.2 1.29211447893
2078.42 0.921788833877
2079.62 0.535362073824
2080.84 0.543412631325
2082.05 0.748701847603
2083.26 1.15324236203
2084.48 1.35651893894
2085.68 1.4571509077
2086.89 1.20557098579
2088.1 0.776878798857
2089.31 0.563539025077
2090.52 0.456869138188
2091.73 0.706436420722
2092.94 0.929839391378
2094.15 1.44507507145
2095.36 1.50142897396
2096.57 1.42897395645
2097.78 0.990218572636
2098.99 0.770840880731
2100.19 0.662158354466
2101.42 0.605804451958
2102.63 0.982168015135
2103.85 1.2699754458
2105.06 1.51350481021
2106.27 1.33437990581
2107.48 1.14519180453
2108.69 0.746689208228
2109.9 0.650082518214
2111.11 0.700398502596
2112.32 0.827194783239
2113.53 1.19349514954
2114.74 1.57589663084
2115.94 1.6684780421
2117.15 1.20959626454
2118.37 0.780904077607
2119.58 0.565551664453
2120.78 0.557501106952
2121.99 0.756752405104
2123.2 1.05663567202
2124.42 1.50746689208
2125.63 1.4329992352
2126.85 1.2941271183
2128.06 0.921788833877
2129.27 0.535362073824
2130.48 0.543412631325
2131.69 1.15122972266
2132.9 2.05893008091
2134.1 3.01694642354
2135.31 3.69520589301
2136.52 3.73344604114
2137.73 3.65294046613
2138.94 3.51004307048
2140.15 3.54023266111
2141.36 3.85822968241
2142.57 4.11584752244
2143.78 4.64919695689
2144.99 4.91486535443
2146.2 4.94706758443
2147.42 4.66127279314
2148.62 4.41774342873
2149.84 4.19434045808
2151.06 4.28490922996
2152.27 4.53246387312
2153.48 4.85649881254
2154.69 5.11814193133
2155.9 5.15034416133
2157.1 4.86253673067
2158.31 4.61900736626
2159.53 4.39761703498
2160.74 4.48617316749
2161.94 4.63309584189
2163.15 5.00744676569
2164.37 5.09399025883
2165.58 5.23688765447
2166.78 5.10807873445
2167.99 4.84241033692
2169.2 4.50831220062
2170.42 4.44189510124
2171.63 4.61095680876
2172.85 4.79410699191
2174.06 5.18858430946
2175.27 5.38582296824
2176.49 5.08191442257
2177.7 4.83033450066
2178.91 4.40164231373
2180.12 4.3875538381
2181.33 4.38151591998
2182.54 4.78203115566
2183.74 5.18254639134
2184.94 5.38179768949
2186.15 5.28116572073
2187.35 5.02958579882
2188.56 4.60290625126
2189.77 4.48818580687
2190.99 4.53246387312
2192.19 4.65523487502
2193.41 5.1201545707
2194.62 5.2509761301
2195.83 5.41601255887
2197.05 5.19864750634
2198.26 4.88668840317
2199.47 4.53045123375
2200.68 4.55460290625
2201.89 4.66529807189
2203.1 5.02354788069
2204.31 5.40393672262
2205.52 5.29324155698
2206.73 5.13625568571
2207.94 4.95713078131
2209.15 4.56466610313
2210.35 4.57070402125
2211.56 4.67536126877
2212.77 5.02757315944
2213.98 5.40594936199
2215.19 5.49450549451
2216.41 5.33751962323
2217.62 4.95713078131
2218.83 4.66731071127
2220.05 4.41975606811
2221.27 4.69951294127
2222.48 4.9410296663
2223.69 5.26103932697
2224.9 5.32141850823
2226.1 5.2509761301
2227.31 5.11612929195
2228.52 4.7458036469
2229.73 4.46000885561
2230.94 4.5183753975
2232.15 4.64718431751
2233.36 5.11612929195
2234.57 5.45022742825
2235.78 5.31538059011
2236.99 5.04568691382
2238.2 4.81222074629
2239.42 4.49221108562
2240.62 4.33321257497
2241.83 4.65724751439
2243.05 5.01952260194
2244.26 5.40192408324
2245.47 5.39186088637
2246.68 5.28519099948
2247.89 4.83033450066
2249.1 4.60290625126
2250.31 4.49019844624
2251.52 4.63309584189
2252.73 5.00744676569
2253.94 5.19462222759
2255.15 5.28921627823
2256.37 5.23487501509
2257.58 5.00543412631
2258.78 4.69146238377
2259.99 4.63309584189
2261.2 4.7055508594
2262.42 5.04367427444
2263.63 5.31336795073
2264.84 5.54884675764
2266.05 5.56696051202
2267.27 5.0718512257
2268.48 4.72366461377
2269.69 4.54856498813
2270.9 4.46202149499
2272.1 4.7216519744
2273.31 5.05172483194
2274.53 5.41802519824
2275.74 5.39991144387
2276.94 5.0879523407
2278.15 4.83234714004
2279.36 4.50428692187
2280.57 4.54051443062
2281.78 4.65926015377
2282.99 5.01952260194
2284.2 5.20066014572
2285.41 5.39186088637
2286.62 5.28720363885
2287.83 4.83033450066
2289.05 4.60290625126
2290.27 4.49019844624
2291.48 4.53246387312
2292.69 4.85649881254
2293.9 5.1201545707
2295.1 5.2509761301
2296.31 5.21474862134
2297.52 5.09801553758
2298.73 4.63510848126
2299.94 4.50629956124
2301.15 4.64114639939
2302.36 4.91084007568
2303.57 5.24695085135
2304.78 5.51664452763
2305.99 5.34758282011
2307.2 5.0638006682
2308.42 4.61900736626
2309.63 4.49623636437
2310.84 4.63712112064
2312.05 4.70756349877
2313.26 5.14631888258
2314.48 5.26305196635
2315.69 5.42406311637
2316.91 5.10002817695
2318.12 4.7377530894
2319.33 4.55661554563
2320.54 4.5666787425
2321.75 4.67334862939
2322.95 5.02757315944
2324.16 5.20468542447
2325.39 5.29324155698
2326.59 5.13625568571
2327.79 4.75586684378
2329.0 4.56466610313
2330.21 4.57070402125
2331.43 4.67536126877
2332.64 5.02757315944
2333.85 5.30531739323
2335.06 5.34355754136
2336.27 4.75989212253
2337.48 3.86225496116
2338.69 3.11355311355
2339.91 2.63655758161
2341.12 2.29843416657
2342.33 2.43126836533
2343.55 2.59831743348
2344.75 2.68284828724
2345.96 2.42120516846
2347.17 2.09113231091
2348.39 1.52155536771
2349.6 1.13714124703
2350.81 1.24783641267
2352.02 1.40280964457
2353.25 1.68055387836
2354.47 1.92207060339
2355.68 1.94018435777
2356.89 1.84961558588
2358.1 1.3021776758
2359.31 1.02644608139
2360.52 0.788954635108
2361.73 0.972104818259
2362.94 1.36658213581
2364.15 1.56180815521
2365.35 1.76105945337
2366.56 1.6604274846
2367.77 1.20557098579
2368.99 0.879523406996
2370.2 0.714486978223
2371.42 0.83524534074
2372.63 1.09487582015
2373.84 1.52759328584
2375.05 1.6443263696
2376.26 1.49941633458
2377.48 1.32834198768
2378.69 0.939902588254
2379.9 0.744676568852
2381.1 0.849333816367
2382.32 1.10292637765
2383.53 1.43098659582
2384.74 1.79728696212
2385.95 1.67652859961
2387.16 1.41689812019
2388.38 0.98418065451
2389.59 0.76681560198
2390.79 0.559513746327
2392.0 0.857384373868
2393.21 1.20758362517
2394.43 1.68457915711
2395.64 1.6201746971
2396.86 1.4893531377
2398.07 1.12104013203
2399.28 0.83524534074
2400.49 0.593728615707
2401.7 0.87348548887
2402.91 1.1150022139
2404.12 1.53765648271
2405.33 1.74898361712
2406.54 1.45312562895
2407.75 1.10292637765
2408.95 0.625930845711
2410.16 0.587690697581
2411.39 0.670208911967
2412.59 1.1150022139
2413.79 1.33639254518
2415.0 1.54771967959
2416.2 1.45111298957
2417.42 1.10292637765
2418.63 0.827194783239
2419.85 0.487058728817
2421.06 0.619892927585
2422.26 0.887573964497
2423.47 1.22368474017
2424.69 1.69262971461
2425.9 1.52356800708
2427.1 1.13915388641
2428.31 0.94594050638
2429.52 0.547437910075
2430.73 0.448818580687
2431.94 0.700398502596
2433.15 1.22972265829
2434.36 1.49539105583
2435.57 1.52558064646
2436.78 1.23978585517
2437.99 0.895624521998
2439.21 0.7245501751
2440.43 0.537374713199
2441.64 0.744676568852
2442.86 1.15122972266
2444.07 1.35450629956
2445.27 1.4571509077
2446.48 1.30620295455
2447.69 1.12909068953
2448.9 0.740651290102
2450.1 0.5454252707
2451.31 0.648069878839
2452.52 1.00229440889
2453.73 1.28003864268
2454.94 1.6201746971
2456.16 1.38872116894
2457.39 1.17135611641
2458.59 0.660145715091
2459.8 0.505172483194
2461.01 0.627943485086
2462.22 0.790967274484
2463.44 1.17538139516
2464.65 1.56784607334
2465.86 1.56180815521
2467.07 1.25789960955
2468.28 0.805055750111
2469.5 0.476995531941
2470.7 0.412591071932
2471.91 0.58366541883
2473.13 1.07072414765
2474.34 1.31425351206
2475.55 1.43501187457
2476.75 1.29613975768
2477.96 1.02443344202
2479.18 0.585678058206
2480.4 0.569576943203
2481.6 0.559513746327
2482.81 0.958016342632
2484.02 1.25789960955
2485.23 1.40884756269
2486.46 1.28205128205
2487.67 1.01638288451
2488.89 0.684297387594
2490.1 0.517248319446
2491.31 0.432717465685
2492.52 0.895624521998
2493.73 1.22569737954
2494.95 1.49337841646
2496.16 1.52558064646
2497.38 1.13915388641
2498.58 0.845308537616
2499.79 0.597753894457
2501.01 0.47297025319
2502.23 0.815118946987
2503.45 1.18544459204
2504.66 1.4732520227
2505.87 1.41488548082
2507.08 1.0827999839
2508.29 0.817131586362
2509.5 0.483033450066
2510.7 0.416616350682
2511.91 0.686310026969
2513.12 1.02040816327
2514.34 1.29010183955
2515.55 1.32230406956
2516.76 1.13915388641
2517.98 0.94594050638
2519.18 0.547437910075
2520.4 0.549450549451
2521.6 0.750714486978
2522.8 1.05462303265
2524.0 1.30620295455
2525.21 1.43098659582
2526.43 1.39475908707
2527.65 0.972104818259
2528.86 0.662158354466
2530.07 0.605804451958
2531.28 0.57964014008
2532.49 0.867447570744
2533.7 1.11097693515
2534.91 1.43501187457
2536.12 1.69866763273
2537.33 2.13138509842
2538.54 2.14547357405
2539.75 2.45542003784
2540.95 2.91228917603
2542.16 3.34299400233
2543.39 3.85822968241
2544.59 4.31912409934
2545.8 4.44793301936
2547.01 4.41170551061
2548.23 4.1923278187
2549.44 4.08163265306
2550.65 4.02729138993
2551.86 4.30302298434
2553.07 4.54051443062
2554.28 4.96115606006
2555.5 4.96920661756
2556.7 4.77398059816
2557.91 4.5747293
2559.12 4.17220142495
2560.33 4.17421406432
2561.53 4.37547800185
2562.73 4.77800587691
2563.93 4.97926981443
2565.13 5.18053375196
2566.33 5.0799017832
2567.54 4.82832186129
2568.75 4.39962967435
2569.95 4.28692186934
2571.16 4.23056796683
2572.38 4.60491889063
2573.58 4.8927263213
2574.78 5.23890029385
2576.0 5.30934267198
2577.2 5.14430624321
2578.42 4.86052409129
2579.63 4.41774342873
2580.85 4.3956043956
2582.06 4.58680513626
2583.26 4.98530773256
2584.47 5.18254639134
2585.68 5.18254639134
2586.89 5.0799017832
2588.1 4.72768989253
2589.31 4.35132632935
2590.52 4.3634021656
2591.72 4.47007205249
2592.93 4.82429658254
2594.15 5.30531739323
2595.37 5.44418951012
2596.58 5.11009137383
2597.79 4.74379100753
2599.01 4.558628185
2600.23 4.26679547559
2601.45 4.42176870748
2602.66 4.80014491004
2603.88 5.09197761945
2605.09 5.23688765447
2606.3 5.20871070322
2607.5 4.99335829006
2608.7 4.78404379503
2609.9 4.3795032806
2611.1 4.47812260999
2612.31 4.72768989253
2613.52 5.0557501107
2614.73 5.31940586886
2615.94 5.34959545949
2617.15 4.96316869943
2618.38 4.66932335064
2619.58 4.52240067625
2620.79 4.5505776275
2622.01 4.76391740128
2623.23 5.17449583384
2624.45 5.4784043795
2625.66 5.32946906573
2626.87 5.15436944008
2628.08 4.86656200942
2629.3 4.62102000564
2630.5 4.59888097251
2631.7 4.58680513626
2632.91 4.8846757638
2634.12 5.13223040696
2635.33 5.25701404822
2636.54 5.11814193133
2637.75 4.74781628628
2638.95 4.56064082438
2640.16 4.36742744435
2641.38 4.57271666063
2642.59 4.77599323753
2643.79 5.0799017832
2645.0 5.43211367387
2646.21 5.30531739323
2647.43 5.04166163507
2648.64 4.60894416938
2649.86 4.49221108562
2651.07 4.43384454373
2652.27 4.7055508594
2653.48 5.04367427444
2654.69 5.21273598197
2655.91 5.29726683573
2657.12 5.03763635632
2658.33 4.80819546754
2659.55 4.49019844624
2660.75 4.43384454373
2661.96 4.7055508594
2663.17 4.94304230568
2664.39 5.36368393511
2665.59 5.27311516323
2666.8 5.12619248883
2668.01 4.85046089442
2669.23 4.51233747937
2670.45 4.54453970937
2671.66 4.66127279314
2672.87 5.02153524132
2674.09 5.20267278509
2675.31 5.39186088637
2676.52 5.38783560762
2677.72 4.88065048505
2678.94 4.62907056314
2680.15 4.40164231373
2681.38 4.68944974439
2682.58 4.83435977941
2683.78 5.20871070322
2684.99 5.29525419635
2686.2 5.13826832508
2687.42 5.05776275007
2688.63 4.71762669565
2689.84 4.54655234875
2691.05 4.46000885561
2692.26 4.61900736626
2693.47 5.10204081633
2694.68 5.24091293322
2695.89 5.21072334259
2697.1 5.0960028982
2698.31 4.73574045003
2699.52 4.45397093749
2700.73 4.51636275812
2701.94 4.74781628628
2703.15 5.0638006682
2704.37 5.22279917884
2705.58 5.40393672262
2706.78 5.2912289176
2707.99 4.83435977941
2709.2 4.60491889063
2710.42 4.38956647748
2711.62 4.58277985751
2712.83 4.88266312442
2714.05 5.33349434448
2715.26 5.35764601699
2716.47 5.16845791571
2717.68 4.97323189631
2718.89 4.67334862939
2720.1 4.42378134686
2721.31 4.60089361188
2722.52 4.99134565069
2723.72 5.38783560762
2724.93 5.486454937
2726.15 5.43412631325
2727.37 5.10606609508
2728.58 4.63913376001
2729.79 4.50831220062
2731.0 4.44189510124
2732.21 4.70957613815
2733.43 4.94505494505
2734.64 5.36569657449
2735.85 5.37374713199
2737.06 4.57271666063
2738.26 3.66904158113
2739.47 2.9143018154
2740.68 2.53793825222
2741.9 2.45139475909
2743.1 2.50774866159
2744.31 2.63655758161
2745.52 2.60033007286
2746.73 2.28032041219
2747.94 1.91804532464
2749.15 1.33639254518
2750.35 1.14519180453
2751.56 1.24984905205
2752.77 1.70671819023
2753.98 1.83351447088
2755.19 2.09717022904
2756.41 1.82747655275
2757.62 1.49136577708
2758.84 1.1230527714
2760.05 0.937889948879
2761.26 0.845308537616
2762.47 1.10091373828
2763.68 1.63023789397
2764.89 1.69464235398
2766.1 1.62621261522
2767.31 1.39073380832
2768.53 0.972104818259
2769.73 0.660145715091
2770.94 0.605804451958
2772.15 0.881536046371
2773.38 1.32029143018
2774.58 1.53966912209
2775.79 1.64835164835
2777.0 1.50344161333
2778.21 1.12707805015
2779.43 0.738638650727
2780.65 0.646057239464
2781.86 1.00028176951
2783.08 1.28003864268
2784.29 1.72080666586
2785.5 1.63828845148
2786.7 1.39677172644
2787.9 1.17538139516
2789.1 0.964054260758
2790.3 0.658133075715
2791.5 0.704423781347
2792.7 1.03047136014
2793.91 1.2941271183
2795.13 1.6282252546
2796.34 1.49136577708
2797.55 1.1230527714
2798.76 0.837257980115
2799.98 0.593728615707
2801.19 0.672221551342
2802.41 0.913738276376
2803.62 1.33639254518
2804.83 1.74898361712
2806.04 1.75502153524
2807.26 1.35450629956
2808.47 0.851346455742
2809.67 0.501147204444
2810.89 0.625930845711
2812.1 0.790967274484
2813.31 1.17336875579
2814.51 1.56784607334
2815.71 1.46117618645
2816.93 1.30821559393
2818.14 1.03047136014
2819.34 0.589703336956
2820.55 0.470957613815
2821.76 0.712474338848
2822.97 1.13512860766
2824.18 1.44708771082
2825.39 1.60206094272
2826.6 1.37865797206
2827.81 1.0666988689
2829.02 0.708449060097
2830.24 0.428692186934
2831.46 0.69033530572
2832.66 0.923801473252
2833.87 1.23978585517
2835.09 1.39878436582
2836.3 1.2780260033
2837.5 1.1150022139
2838.7 0.833232701365
2839.9 0.591715976331
2841.1 0.470957613815
2842.3 0.712474338848
2843.5 1.03449663889
2844.69 1.29613975768
2845.9 1.42696131707
2847.1 1.29211447893
2848.31 0.821156865113
2849.53 0.485046089442
2850.74 0.416616350682
2851.95 0.585678058206
2853.17 1.07072414765
2854.39 1.31425351206
2855.59 1.53765648271
2856.79 1.34645574206
2858.0 0.847321176992
2859.21 0.599766533832
2860.43 0.474982892565
2861.64 0.613855009459
2862.86 0.98418065451
2864.07 1.27198808517
2865.28 1.51551744958
2866.49 1.43501187457
2867.7 1.09487582015
2868.9 0.823169504488
2870.1 0.485046089442
2871.31 0.619892927585
2872.53 0.786941995733
2873.74 1.17135611641
2874.94 1.4652014652
2876.15 1.41086020207
2877.38 1.28406392143
2878.58 0.917763555126
2879.79 0.734613371976
2881.0 0.541399991949
2882.21 0.748701847603
2883.43 1.05261039327
2884.64 1.40482228394
2885.86 1.58193454897
2887.07 1.26796280642
2888.29 1.01034496639
2889.5 0.680272108844
2890.7 0.515235680071
2891.91 0.633981403212
2893.12 0.996256490762
2894.34 1.37664533269
2895.55 1.56784607334
2896.75 1.2619248883
2897.95 1.00631968764
2899.16 0.778891438232
