0.0 0.604026845638
1.2 0.446881650025
2.42 0.206253069242
3.63 0.0851203142904
4.84 0.188246848911
6.04 0.32083810771
7.25 0.551645113767
8.46 0.667867081355
9.67 0.643313144541
10.88 0.384678343428
12.08 0.175151415944
13.29 0.0687510230807
14.5 0.0163692912097
15.71 0.23571779342
16.93 0.427238500573
18.14 0.687510230807
19.36 0.653134719267
20.57 0.553282042888
21.78 0.340481257162
23.0 0.15223440825
24.2 0.140775904403
25.4 0.216074643968
26.61 0.335570469799
27.82 0.55819283025
29.03 0.589294483549
30.24 0.604026845638
31.45 0.365035193976
32.66 0.247176297266
33.87 0.104763463742
35.08 0.116221967589
36.28 0.28646259617
37.49 0.451792437387
38.7 0.617122278605
39.9 0.536912751678
41.1 0.414143067605
42.31 0.27009330496
43.52 0.11785889671
44.73 0.122769684073
45.95 0.206253069242
47.16 0.330659682436
48.36 0.474709445081
49.57 0.546734326404
50.78 0.419053854968
52.0 0.273367163202
53.2 0.0376493697823
54.41 0.0
55.63 0.0638402357178
56.84 0.342118186283
58.05 0.561466688492
59.26 0.59093141267
60.47 0.522180389589
61.68 0.325748895073
62.89 0.144049762645
64.09 0.054018660992
65.3 0.0916680307743
66.51 0.273367163202
67.72 0.527091176952
68.94 0.572925192339
70.16 0.513995743984
71.37 0.32083810771
72.58 0.142412833524
73.78 0.054018660992
75.0 0.0900311016533
76.21 0.273367163202
77.42 0.527091176952
78.63 0.654771648388
79.84 0.554918972009
81.05 0.423964642331
82.27 0.275004092323
83.48 0.119495825831
84.68 0.124406613194
85.89 0.207889998363
87.09 0.330659682436
88.3 0.474709445081
89.51 0.546734326404
90.72 0.500900311017
91.94 0.232443935178
93.15 0.0163692912097
94.36 0.0720248813226
95.57 0.181699132428
96.8 0.401047634637
98.0 0.509084956621
99.21 0.646587002783
100.43 0.468161728597
101.64 0.297921100016
102.84 0.130954329678
104.04 0.0474709445081
105.26 0.0883941725323
106.48 0.271730234081
107.68 0.527091176952
108.89 0.572925192339
110.1 0.513995743984
111.31 0.402684563758
112.52 0.183336061549
113.73 0.0736618104436
114.96 0.0180062203307
116.17 0.237354722541
117.38 0.509084956621
118.59 0.564740546734
119.8 0.672777868718
121.0 17.3432640367
122.22 32.1427402193
123.43 42.0805369128
124.64 48.769029301
125.85 52.6845637584
127.05 55.2987395646
128.26 57.0960877394
129.47 58.5676870192
130.67 59.3026681945
131.88 59.8346701588
133.08 60.4288754297
134.29 60.8888525127
135.5 61.3635619578
136.71 61.3570142413
137.92 61.5976428221
139.14 61.8006220331
140.34 61.8202651825
141.55 61.8300867572
142.76 61.9168440007
143.98 62.2884269111
145.19 62.4733999018
146.4 62.6469143886
147.61 62.571615649
148.82 62.5323293501
150.03 62.841708954
151.25 62.9955802914
152.46 62.990669504
153.66 63.0692421018
154.88 63.1101653298
156.08 63.2116549353
157.29 63.0168603699
158.5 63.2460304469
159.71 63.2804059584
160.92 63.3786217057
162.13 63.3458831233
163.34 63.4113602881
164.55 63.4440988705
165.75 63.4604681617
166.97 63.4686528073
168.18 63.3082337535
169.38 63.4752005238
170.6 63.4752005238
171.8 63.2312980848
173.0 63.3540677689
174.21 63.4964806024
175.43 63.5685054837
176.64 63.6045179244
177.85 63.7043706008
179.06 63.8369618596
180.27 63.9024390244
181.48 63.7714846947
182.68 63.6241610738
183.88 63.7141921755
185.09 63.7583892617
186.3 63.8631527255
187.5 63.9155344574
188.71 63.8598788672
189.93 63.7502046161
191.14 63.7780324112
192.36 63.7092813881
193.57 63.7567523326
194.8 63.6978228843
196.0 63.7518415453
197.21 63.6143394991
198.42 63.7911278442
199.63 63.7976755606
200.84 63.8827958749
202.04 63.9253560321
203.26 63.8647896546
204.46 63.9171713865
205.68 63.9417253233
206.89 63.8729743002
208.1 64.0022917008
209.31 64.0677688656
210.52 63.9351776068
211.73 63.7060075299
212.95 63.5095760354
214.15 63.7387461123
215.36 63.9351776068
216.57 63.951546898
217.77 64.0415779997
218.99 63.923719103
220.2 63.7813062694
221.41 63.6290718612
222.62 63.5537731216
223.83 63.5144868227
225.03 63.7420199705
226.25 63.9368145359
227.46 64.0333933541
228.67 64.0825012277
229.87 64.1070551645
231.08 63.8746112293
232.29 63.6749058766
233.5 63.6585365854
234.71 63.5668685546
235.93 63.5226714683
237.14 63.5816009167
238.35 63.856605009
239.56 63.9941070552
240.77 63.9810116222
241.99 63.7289245376
243.2 63.6028809953
244.41 63.7043706008
245.62 63.8353249304
246.84 63.7387461123
248.04 63.7714846947
249.24 63.7060075299
250.45 63.6732689475
251.66 63.9024390244
252.87 63.7714846947
254.07 63.6241610738
255.27 63.8778850876
256.49 63.8402357178
257.7 63.7403830414
258.91 63.6912751678
260.12 63.992470126
261.34 63.9810116222
262.54 64.0563103618
263.76 63.8484203634
264.98 63.7436568997
266.2 63.774758553
267.4 63.9531838271
268.61 64.0415779997
269.83 64.005565559
271.04 63.8222294975
272.25 63.977737764
273.46 63.9728269766
274.67 64.0513995744
275.88 63.9286298903
277.08 63.8664265837
278.29 64.0808642986
279.5 64.0235717793
280.7 63.8320510722
281.9 63.7371091832
283.11 64.0153871337
284.32 63.992470126
285.53 64.1430676052
286.74 63.9744639057
287.96 63.8893435914
289.17 63.7649369782
290.38 64.0301194958
291.59 64.0808642986
292.8 64.0235717793
294.0 64.0775904403
295.2 63.9417253233
296.41 64.1185136684
297.62 64.0432149288
298.83 63.923719103
300.04 63.7813062694
301.24 63.8746112293
302.46 63.6765428057
303.67 63.6585365854
304.88 63.8942543788
306.08 64.0955966607
307.29 63.9499099689
308.5 64.0399410706
309.71 64.167621542
310.93 64.2314617777
312.14 64.018660992
313.36 63.7469307579
314.56 63.9400883942
315.77 64.0350302832
316.98 64.0841381568
318.2 63.9433622524
319.4 63.8746112293
320.6 63.5112129645
321.81 55.0646587003
323.02 46.9111147487
324.22 39.8068423637
325.43 34.3722376821
326.64 30.1816991324
327.84 26.7768865608
329.04 23.7649369782
330.24 21.4404976265
331.44 19.377966934
332.64 17.5282370273
333.84 15.8667539696
335.05 14.5457521689
336.26 13.802586348
337.47 13.0217711573
338.68 12.2213128172
339.88 11.4126698314
341.08 10.7628089704
342.29 9.94761826813
343.5 9.12915370764
344.7 8.80340481257
345.89 8.55786544443
347.09 8.35324930431
348.3 8.00458340154
349.51 7.58552954657
350.72 7.13046325094
351.94 6.65739073498
353.15 6.42167294156
354.36 6.13848420363
355.57 5.99770829923
356.79 6.00916680308
358.0 5.85202160746
359.2 5.68996562449
360.4 5.52790964151
361.6 5.28400720249
362.8 4.91569815027
364.01 4.64887870355
365.22 4.43444098871
366.43 4.40988705189
367.64 4.64233098707
368.85 4.59486004256
370.05 4.4884596497
371.26 4.27238500573
372.47 4.00065477165
373.68 3.70109674251
374.88 3.5521361925
376.09 3.64053036504
377.3 3.6847274513
378.5 3.86970044197
379.7 3.79931248977
380.9 3.51939761008
382.11 3.29677524963
383.32 3.10361761336
384.54 2.84334588312
385.75 2.79423800949
386.96 3.18055328204
388.17 3.2083810771
389.38 3.22311343919
390.59 3.0676051727
391.8 2.82533966279
393.0 2.54051399574
394.21 2.39810116222
395.42 2.48976919299
396.63 2.61908659355
397.84 2.76477328532
399.05 2.75495171059
400.25 2.91537076445
401.46 2.50286462596
402.67 2.38009494189
403.88 2.23604517924
405.08 2.24586675397
406.28 2.25077754133
407.49 2.41610738255
408.7 2.49959076772
409.9 2.46030446882
411.12 2.3571779342
412.32 2.2245866754
413.53 1.91357014241
414.74 1.7564249468
415.96 1.92502864626
417.16 2.33589785562
418.37 2.37682108365
419.58 2.31625470617
420.8 2.1230970699
422.0 1.86118841054
423.2 1.81371746603
424.4 1.87100998527
425.6 1.98068423637
426.8 2.03633982649
428.0 2.14601407759
429.21 2.28351612375
430.43 2.18693730561
431.64 2.05761990506
432.85 1.74824030119
434.05 1.67457849075
435.26 1.71877557702
436.47 1.90538549681
437.68 1.91684400065
438.88 2.16893108528
440.08 2.12964478638
441.29 2.02979211
442.5 1.73350793911
443.71 1.66639384515
444.92 1.63365526273
446.13 1.78097888361
447.34 2.01833360615
448.55 2.13782943199
449.76 1.9512195122
450.98 1.93976100835
452.19 1.85136683582
453.4 1.72696022262
454.6 1.49942707481
455.8 1.63201833361
457.0 1.78097888361
458.2 1.93648715011
459.4 1.8497299067
460.61 1.8890162056
461.82 1.74496644295
463.02 1.59109510558
464.23 1.26862006875
465.44 1.19004747094
466.65 1.55835652316
467.86 1.82517596988
469.06 1.87755770175
470.27 1.90211163857
471.48 1.58782124734
472.68 1.26698313963
473.89 1.27025699787
475.09 1.19004747094
476.3 1.31445408414
477.51 1.45686691766
478.72 1.61073825503
479.93 1.68767392372
481.14 1.48142085448
482.36 1.21296447864
483.56 1.08037321984
484.78 1.09510558193
485.99 1.18349975446
487.2 1.47487313799
488.4 1.70076935669
489.61 1.73350793911
490.82 1.50270093305
492.03 1.22442298248
493.24 1.16713046325
494.44 1.13930266819
495.65 1.2882632182
496.85 1.36192502865
498.05 1.48142085448
499.26 1.623833688
500.47 1.61237518415
501.68 1.36028809953
502.88 1.15403503028
504.09 1.13111802259
505.3 1.20314290391
506.5 1.3193648715
507.7 1.4601407759
508.92 1.61237518415
510.12 1.60746439679
511.34 1.5223440825
512.55 1.23424455721
513.76 1.00834833852
514.97 0.89540022917
516.18 1.08364707808
517.39 1.26043542315
518.6 1.43067605173
519.8 1.35210345392
521.0 1.31281715502
522.2 17.0895400229
523.4 32.3440825012
524.6 42.8367981666
525.82 49.5547552791
527.02 53.815681781
528.24 56.5182517597
529.44 58.2779505647
530.65 59.486004256
531.86 60.2537240138
533.06 60.8839417253
534.27 61.4437714847
535.48 61.7236863644
536.69 62.1902111639
537.9 62.5061384842
539.12 62.5012276968
540.32 62.5798002946
541.53 62.8646259617
542.74 62.9251923392
543.96 63.0365035194
545.18 63.0119495826
546.4 62.9988541496
547.6 63.2378458013
548.8 63.4391880832
550.0 63.5390407595
551.2 63.2623997381
552.4 63.1248976919
553.61 63.3000491079
554.82 63.3065968244
556.02 63.4735635947
557.24 63.4752005238
558.45 63.640530365
559.65 63.8042232771
560.85 63.7223768211
562.05 63.599607137
563.26 63.6192502865
564.47 63.6307087903
565.67 63.7174660337
566.88 63.6781797348
568.09 63.6601735145
569.31 63.6503519398
570.51 63.8091340645
571.72 63.7240137502
572.94 63.7649369782
574.15 63.8664265837
575.36 63.7534784744
576.57 63.8598788672
577.79 63.8320510722
579.0 63.7371091832
580.21 64.0153871337
581.42 63.7469307579
582.62 63.9384514651
583.84 63.789490915
585.04 63.7158291046
586.26 63.8418726469
587.48 63.6585365854
588.69 63.7321983958
589.9 64.0137502046
591.12 63.8271402848
592.33 63.897528237
593.54 63.7682108365
594.74 63.7862170568
595.96 63.6323457194
597.17 63.7174660337
598.38 64.0072024881
599.6 63.9057128826
600.8 63.9368145359
602.0 63.869700442
603.2 63.9188083156
604.4 63.9433622524
605.6 64.1201505975
606.81 63.9613684727
608.01 63.8827958749
609.22 63.9253560321
610.43 63.8647896546
611.63 63.9171713865
612.85 63.9417253233
614.05 63.7092813881
615.26 63.8385987887
616.48 63.8222294975
617.69 63.8942543788
618.91 64.0137502046
620.12 64.154526109
621.34 63.9793746931
622.55 63.8909805205
623.75 63.9302668194
624.97 64.0301194958
626.19 63.9171713865
627.4 64.1889016206
628.6 64.0775904403
629.8 64.1872646914
631.0 64.2412833524
632.21 64.2674742184
633.42 64.1185136684
634.63 64.0432149288
635.83 64.0874120151
637.04 64.1905385497
638.25 64.0792273695
639.47 64.1054182354
640.68 63.9548207563
641.88 63.7976755606
643.08 63.8009494189
644.29 63.9662792601
645.5 63.8860697332
646.7 64.1725323294
647.91 64.2330987068
649.13 64.100507448
650.34 63.9531838271
651.56 63.8778850876
652.76 63.8418726469
653.99 64.0677688656
655.2 64.018660992
656.41 63.91062367
657.62 64.0219348502
658.83 64.1577999673
660.05 63.9810116222
661.24 63.8926174497
662.45 63.8484203634
663.66 63.8271402848
664.87 63.815681781
666.06 64.0546734326
667.28 63.9302668194
668.48 63.9482730398
669.69 63.8762481585
670.91 64.0039286299
672.12 64.1496153217
673.34 64.1414306761
674.55 64.2183663447
675.76 64.1741692585
676.97 64.1528891799
678.19 63.9793746931
679.4 64.1365198887
680.6 64.2167294156
681.81 64.2560157145
683.02 64.275658864
684.23 64.0399410706
685.44 64.0039286299
686.64 64.0677688656
687.85 64.0170240629
689.05 64.1561630381
690.26 63.9810116222
691.47 64.1381568178
692.68 64.0530365035
693.88 64.0923228024
695.08 64.1938124079
696.29 64.2445572107
697.5 64.2691111475
698.7 64.2822065805
699.91 64.2887542969
701.12 64.2920281552
702.33 64.2118186283
703.54 64.0906858733
704.76 63.9466361107
705.97 64.0399410706
707.18 64.249467998
708.39 64.0268456376
709.6 64.0792273695
710.8 64.0235717793
712.0 63.9138975282
713.21 64.0219348502
714.43 63.9957439843
715.64 63.9810116222
716.84 64.1381568178
718.04 64.2167294156
719.25 64.1741692585
720.46 64.1528891799
721.67 64.1430676052
722.88 57.0977246685
724.08 49.0751350467
725.29 41.9528564413
726.51 36.0991979047
727.72 31.5370764446
728.94 27.700114585
730.15 24.5539368145
731.36 21.8349975446
732.56 19.5743984285
733.77 17.7082992306
734.98 16.2023244394
736.19 15.2037976756
737.4 14.3771484695
738.6 13.3917171386
739.8 12.4881322639
741.0 11.7924373875
742.21 10.9526927484
743.42 9.95907677198
744.63 9.46308724832
745.84 9.13406449501
747.05 8.72319528564
748.25 8.43509576035
749.46 8.29268292683
750.67 7.97511867736
751.88 7.40710427239
753.08 6.87673923719
754.29 6.53134719267
755.51 6.19413979375
756.72 6.10738255034
757.94 5.98133900802
759.15 6.00098215747
760.37 5.76526436405
761.57 5.4018660992
762.79 4.97462759862
764.0 4.5981339008
765.21 4.65378949092
766.42 4.76510067114
767.63 4.65542642004
768.84 4.76510067114
770.05 4.73890980521
771.25 4.39679161892
772.46 4.06285807825
773.66 3.73219839581
774.86 3.64871501064
776.07 3.60779178262
777.29 3.91389752824
778.5 3.98428548044
779.7 3.93845146505
780.92 3.83368800131
782.13 3.53576690129
783.34 3.38680635128
784.55 3.23129808479
785.78 3.31641839908
786.99 3.35897855623
788.2 3.29841217875
789.4 3.26731052545
790.61 3.25257816337
791.82 3.08233753478
793.02 2.66819446718
794.23 2.70748076608
795.44 2.80897037158
796.64 2.77786871828
797.85 2.92682926829
799.05 2.91864462269
800.26 2.91373383532
801.47 2.66655753806
802.68 2.46194139794
803.88 2.35881486332
805.09 2.47012604354
806.3 2.52741856278
807.5 2.55524635783
808.7 2.65018824685
809.92 2.61744966443
811.13 2.5994434441
812.34 2.18202651825
813.56 2.05598297594
814.77 2.07398919627
815.98 2.08217384187
817.19 2.25077754133
818.4 2.58143722377
819.61 2.66328367982
820.81 2.37845801277
822.02 2.15256179407
823.23 1.87755770175
824.44 1.98395809461
825.64 2.03797675561
826.86 2.06580455066
828.07 2.16074643968
829.28 2.20821738419
830.48 2.31298084793
831.69 2.12146014078
832.91 1.86118841054
834.13 1.73023408086
835.34 1.74824030119
836.54 1.7564249468
837.75 2.08708462924
838.96 2.00851203143
840.18 1.88574234736
841.39 1.90702242593
842.6 1.75478801768
843.8 1.67785234899
845.0 1.63856605009
846.21 1.62055982976
847.43 1.93812407923
848.64 1.93321329186
849.85 2.09363234572
851.05 1.76624652153
852.25 1.51907022426
853.45 1.47814699624
854.66 1.29481093469
855.88 1.52889179899
857.08 1.72859715174
858.29 2.07398919627
859.5 1.83827140285
860.71 1.80062203307
861.93 1.78261581274
863.15 1.61073825503
864.36 1.44213455557
865.56 1.43886069733
866.78 1.68440006548
867.99 1.88737927648
869.2 1.90865935505
870.4 1.91848092978
871.61 1.75969880504
872.82 1.35210345392
874.02 1.23097069897
875.23 1.08855786544
876.44 1.26370928139
877.64 1.67785234899
878.85 1.80225896219
880.06 1.8660991979
881.27 1.81535439515
882.48 1.62547061712
883.69 1.36847274513
884.91 1.32100180062
886.13 1.37829431986
887.34 1.65329841218
888.55 1.79080045834
889.76 1.69585856932
890.97 1.40284825667
892.18 1.17531510886
893.39 1.14257652644
894.6 1.04436077918
895.8 1.0770993616
896.99 1.17531510886
898.2 1.46996235063
899.4 1.61728597152
900.61 1.52725486986
901.82 1.48142085448
903.03 1.37829431986
904.24 1.16221967589
905.45 1.0541823539
906.66 1.16385660501
907.87 1.3815681781
909.08 1.4912424292
910.29 1.38320510722
911.5 1.40939597315
912.7 1.1785889671
913.92 0.898674087412
915.14 0.921591095106
916.35 1.18022589622
917.56 1.47159927975
918.77 1.45522998854
919.99 1.44540841382
921.19 1.44213455557
922.4 1.27516778523
923.6 20.4272385006
924.8 35.3216565723
925.98 45.061384842
927.19 51.1589458176
928.39 54.8633164184
929.61 57.2876084466
930.82 58.7444753642
932.02 59.7200851203
933.23 60.6154853495
934.44 60.9821574726
935.65 61.3291864462
936.86 61.6663938451
938.06 62.1623833688
939.27 62.4930430512
940.47 62.7385824194
941.68 62.8629890326
942.9 62.841708954
944.11 62.8318873793
945.32 62.8269765919
946.52 63.152725487
947.74 63.1510885579
948.95 63.3131445408
950.16 63.4768374529
951.35 63.558683909
952.55 63.599607137
953.77 63.3753478474
954.98 63.5079391062
956.19 63.7371091832
957.4 63.5259453266
958.61 63.5013913898
959.82 63.4064495007
961.03 63.4424619414
962.24 63.6225241447
963.45 63.7141921755
964.66 63.7583892617
965.87 63.6994598134
967.08 63.5881486332
968.29 63.7780324112
969.49 63.8729743002
970.7 63.8385987887
971.92 63.6585365854
973.13 63.5668685546
974.35 63.6045179244
975.55 63.8680635128
976.77 63.9171713865
977.98 63.8615157964
979.2 63.6683581601
980.4 63.7371091832
981.6 63.7698477656
982.8 63.7060075299
984.0 63.6732689475
985.19 63.8205925683
986.4 63.8942543788
987.61 63.8484203634
988.82 63.8271402848
990.03 63.9793746931
991.24 63.9728269766
992.45 63.8074971354
993.66 63.7240137502
994.87 63.6814535931
996.07 63.8255033557
997.29 63.977737764
998.49 63.8909805205
999.7 63.8484203634
1000.92 63.8255033557
1002.13 63.815681781
1003.34 63.8909805205
1004.55 63.9302668194
1005.77 64.0301194958
1006.97 64.0808642986
1008.18 64.1070551645
1009.39 64.0366672123
1010.6 63.7567523326
1011.8 63.9449991815
1013.0 63.8746112293
1014.21 63.9204452447
1015.43 64.0268456376
1016.64 64.1610738255
1017.85 64.1463414634
1019.05 64.0563103618
1020.27 64.2576526436
1021.47 64.2772957931
1022.69 64.0399410706
1023.9 63.8402357178
1025.11 64.0677688656
1026.32 64.1823539041
1027.54 64.0743165821
1028.75 63.9400883942
1029.96 64.1168767392
1031.17 64.0432149288
1032.38 63.923719103
1033.59 63.9449991815
1034.8 63.8746112293
1036.0 64.0857750859
1037.21 64.0268456376
1038.42 64.0792273695
1039.64 64.1054182354
1040.85 64.0366672123
1042.05 64.1659846129
1043.27 63.9842854804
1044.48 64.1397937469
1045.68 64.1365198887
1046.9 63.8877066623
1048.11 63.8467834343
1049.32 63.8255033557
1050.54 63.977737764
1051.75 64.1365198887
1052.96 64.1348829596
1054.17 64.2150924865
1055.39 64.1725323294
1056.6 64.1528891799
1057.8 64.1414306761
1058.99 64.2183663447
1060.21 64.0121132755
1061.43 63.9891962678
1062.64 64.0612211491
1063.85 63.7682108365
1065.05 63.7043706008
1066.26 63.9188083156
1067.46 64.1070551645
1068.67 64.1185136684
1069.89 64.1250613848
1071.09 64.1283352431
1072.3 64.1299721722
1073.51 64.0497626453
1074.72 64.0906858733
1075.94 64.0284825667
1077.15 63.9171713865
1078.36 63.8598788672
1079.56 63.9138975282
1080.78 63.8598788672
1081.99 63.9957439843
1083.19 64.1447045343
1084.4 64.0563103618
1085.61 64.0121132755
1086.82 64.072679653
1088.03 63.9384514651
1089.23 64.1987231953
1090.45 64.0006547716
1091.65 64.0661319365
1092.85 64.0988705189
1094.05 64.1152398101
1095.26 64.2052709118
1096.46 64.3329513832
1097.69 64.3133082338
1098.9 64.3869700442
1100.12 64.3411360288
1101.33 64.2363725651
1102.54 64.1839908332
1103.75 64.1577999673
1104.97 64.0628580782
1106.18 64.0153871337
1107.38 64.072679653
1108.6 64.1021443771
1109.79 64.1987231953
1111.0 64.1659846129
1112.21 64.1479783925
1113.42 64.221640203
1114.64 64.0137502046
1115.85 64.072679653
1117.05 64.1021443771
1118.26 63.9531838271
1119.46 64.1234244557
1120.67 64.2101816991
1121.89 64.2527418563
1123.09 61.082010149
1124.3 52.9481093469
1125.5 45.2807333442
1126.7 38.8279587494
1127.92 33.8009494189
1129.14 29.5694876412
1130.35 26.0615485349
1131.56 23.1609101326
1132.77 20.811916844
1133.98 18.8181371747
1135.19 17.0846292356
1136.4 15.8078245212
1137.61 14.7618268129
1138.81 13.8287772139
1140.01 13.1167130463
1141.23 12.0232443935
1142.44 11.068914716
1143.64 10.2635455885
1144.85 9.61532165657
1146.06 9.37305614667
1147.27 9.00638402357
1148.48 8.74120150597
1149.69 8.52676379113
1150.91 7.92764773285
1152.13 7.30234080864
1153.34 6.98805041742
1154.56 6.58700278278
1155.77 6.46750695695
1156.98 6.24324766738
1158.19 6.13193648715
1159.4 6.15812735309
1160.6 5.76199050581
1161.8 5.40022917008
1163.0 5.05647405467
1164.21 4.88295956785
1165.42 4.87968570961
1166.63 4.79456539532
1167.85 4.75364216729
1169.05 4.89605500082
1170.27 4.80275004092
1171.48 4.59322311344
1172.69 4.1610738255
1173.9 3.94499918154
1175.11 3.7551154035
1176.32 3.90571288263
1177.53 4.06285807825
1178.73 3.97773776395
1179.95 3.85333115076
1181.16 3.62743493207
1182.37 3.43264036667
1183.58 3.33606154853
1184.79 3.28695367491
1186.0 3.34424619414
1187.21 3.45392044524
1188.42 3.50957603536
1189.63 3.37371091832
1190.84 3.38844328041
1192.05 3.23129808479
1193.25 2.82533966279
1194.46 2.78605336389
1195.67 2.84825667049
1196.88 2.87935832378
1198.08 3.13963005402
1199.29 3.2705843837
1200.5 3.00867572434
1201.7 2.87772139466
1202.91 2.64855131773
1204.12 2.37027336716
1205.32 2.39482730398
1206.53 2.40792273695
1207.76 2.65837289245
1208.96 2.86626289082
1210.17 2.80733344246
1211.39 2.61253887707
1212.6 2.43411360288
1213.8 2.2638729743
1215.0 2.17711573089
1216.21 2.21640202979
1217.42 2.56343100344
1218.63 2.57325257816
1219.84 2.49631690948
1221.05 2.4586675397
1222.26 2.11163856605
1223.48 2.10181699132
1224.69 1.85136683582
1225.9 1.97086266165
1227.11 2.19512195122
1228.32 2.30807006057
1229.54 2.20003273858
1230.76 2.06416762154
1231.96 1.91357014241
1233.17 1.83990833197
1234.38 1.63856605009
1235.59 1.70076935669
1236.8 1.97904730725
1238.0 2.28024226551
1239.21 2.18693730561
1240.42 2.22131281716
1241.64 2.07398919627
1242.85 1.83827140285
1244.05 1.71877557702
1245.26 1.65984612866
1246.47 1.79407431658
1247.68 1.86118841054
1248.89 2.14110329023
1250.09 2.11654935341
1251.3 1.8579145523
1252.5 1.73023408086
1253.7 1.58291045998
1254.92 1.34719266656
1256.13 1.47323620887
1257.34 1.70076935669
1258.55 1.81535439515
1259.77 2.03470289736
1260.98 1.8186282534
1262.2 1.62710754624
1263.4 1.36847274513
1264.61 1.23915534457
1265.81 1.2571615649
1267.01 1.67457849075
1268.23 1.71877557702
1269.44 1.98723195286
1270.64 1.79407431658
1271.85 1.69749549844
1273.05 1.32263872974
1274.26 1.13439188083
1275.47 1.28498935996
1276.67 1.36192502865
1277.88 1.64511376657
1279.08 1.86773612703
1280.29 1.89883778032
1281.5 1.66803077427
1282.71 1.38811589458
1283.92 1.16713046325
1285.14 1.13930266819
1286.36 1.2882632182
1287.56 1.52561794074
1288.77 1.80880667867
1289.98 1.7875266001
1291.2 1.53052872811
1292.4 1.4830577836
1293.61 1.21460140776
1294.83 1.08037321984
1296.04 1.25879849403
1297.24 1.59436896382
1298.45 1.59764282207
1299.66 1.68112620724
1300.87 1.55835652316
1302.07 1.49779014569
1303.28 1.30463250941
1304.48 1.2882632182
1305.69 1.11802258962
1306.9 1.44049762645
1308.1 1.68440006548
1309.31 1.80716974955
1310.53 1.62219675888
1311.74 1.44704534294
1312.96 1.27844164348
1314.17 1.19495825831
1315.38 1.15239810116
1316.59 1.29481093469
1317.8 1.28335243084
1318.99 1.44213455557
1320.2 1.5223440825
1321.4 1.39793746931
1322.61 1.17204125061
1323.82 19.229006384
1325.02 34.2314617777
1326.22 44.3525945327
1327.43 50.7235226715
1328.64 54.6439679162
1329.84 57.0960877394
1331.04 58.6495334752
1332.25 59.5907677198
1333.46 60.3879522017
1334.67 61.1131118023
1335.89 61.5583565232
1337.09 61.9446717957
1338.3 62.3015223441
1339.51 62.4799476183
1340.71 62.733671632
1341.95 62.7778687183
1343.16 62.962841709
1344.37 62.8106073007
1345.58 63.0626943853
1346.79 63.1052545425
1348.0 63.2100180062
1349.21 63.0970698969
1350.42 63.2869536749
1351.63 63.3818955639
1352.84 63.2656735963
1354.05 63.2083810771
1355.26 63.1789163529
1356.46 63.5734162711
1357.68 63.6061548535
1358.89 63.3786217057
1360.09 63.6732689475
1361.3 63.4932067441
1362.5 63.4031756425
1363.71 63.6028809953
1364.93 63.4588312326
1366.14 63.6307087903
1367.35 63.7993124898
1368.56 63.8844328041
1369.77 63.9253560321
1370.98 64.0284825667
1372.19 63.7534784744
1373.4 63.6143394991
1374.61 63.545588476
1375.82 63.5112129645
1377.03 63.7403830414
1378.24 63.6896382387
1379.45 63.7469307579
1380.66 63.694549026
1381.88 63.666721231
1383.09 63.571779342
1384.3 63.7698477656
1385.51 63.869700442
1386.72 63.8369618596
1387.93 63.9024390244
1389.14 63.8533311508
1390.35 63.91062367
1391.56 64.0202979211
1392.77 63.9941070552
1393.98 63.9810116222
1395.19 63.9744639057
1396.4 63.8893435914
1397.6 64.0104763464
1398.81 64.0710427239
1400.02 64.1021443771
1401.24 63.8713373711
1402.45 63.6732689475
1403.66 63.5750532002
1404.86 63.6077917826
1406.06 63.869700442
1407.27 64.0825012277
1408.48 64.0252087085
1409.68 64.1610738255
1410.9 64.2281879195
1412.12 64.1790800458
1413.33 63.992470126
1414.55 63.9793746931
1415.77 64.0563103618
1416.98 64.0121132755
1418.2 64.0710427239
1419.4 64.1021443771
1420.61 63.9531838271
1421.83 63.7960386315
1423.04 63.964642331
1424.24 63.9662792601
1425.45 63.8844328041
1426.66 64.0906858733
1427.88 64.1103290228
1429.08 64.0399410706
1430.29 64.167621542
1431.5 64.1496153217
1432.71 63.8942543788
1433.93 63.7682108365
1435.15 63.8680635128
1436.35 63.9990178425
1437.56 64.1479783925
1438.77 64.221640203
1439.98 64.2576526436
1441.19 64.0317564249
1442.4 63.8353249304
1443.61 63.8205925683
1444.81 63.9761008348
1446.01 64.0530365035
1447.22 64.0923228024
1448.44 64.1938124079
1449.65 64.2445572107
1450.86 64.1070551645
1452.07 63.9548207563
1453.27 63.9613684727
1454.48 64.1283352431
1455.69 64.1299721722
1456.9 64.2134555574
1458.11 64.2543787854
1459.32 64.2740219349
1460.53 64.1217875266
1461.76 64.126698314
1462.96 64.1283352431
1464.17 64.2118186283
1465.38 64.2543787854
1466.59 64.1103290228
1467.79 64.2036339826
1469.0 64.3313144541
1470.21 64.1496153217
1471.43 64.1397937469
1472.64 64.1365198887
1473.85 63.9695531183
1475.05 63.9695531183
1476.26 64.0497626453
1477.47 63.9269929612
1478.67 64.1119659519
1479.89 64.0399410706
1481.09 64.0039286299
1482.31 63.9040759535
1483.53 63.8533311508
1484.73 64.0743165821
1485.95 64.0219348502
1487.16 64.1577999673
1488.38 64.2265509903
1489.59 64.0972335898
1490.79 64.1970862662
1492.0 64.2461941398
1493.21 64.2707480766
1494.42 64.1185136684
1495.63 64.1250613848
1496.84 64.1283352431
1498.03 64.2118186283
1499.24 64.2543787854
1500.45 64.0284825667
1501.66 64.1627107546
1502.87 64.2281879195
1504.08 64.0988705189
1505.29 63.951546898
1506.49 64.1234244557
1507.71 64.20854477
1508.93 64.2527418563
1510.15 64.1921754788
1511.37 64.1610738255
1512.58 64.1463414634
1513.78 63.9761008348
1514.99 63.8893435914
1516.19 64.0104763464
1517.4 64.1528891799
1518.61 64.1430676052
1519.82 63.9728269766
1521.02 63.9711900475
1522.22 64.0513995744
1523.44 64.2543787854
1524.65 55.927320347
1525.86 47.5069569488
1527.07 40.5958422
1528.29 35.0122769684
1529.5 30.6645932231
1530.71 27.0191520707
1531.93 23.9679161892
1533.15 21.3782943199
1534.36 19.3468652807
1535.57 17.5937141922
1536.78 16.2268783762
1537.99 15.2168931085
1539.21 14.3018497299
1540.42 13.3524308397
1541.64 12.2245866754
1542.85 11.2506138484
1544.05 10.4354231462
1545.26 10.0294647242
1546.47 9.49746275986
1547.68 9.31412669831
1548.9 8.89507284335
1550.11 8.52185300376
1551.32 8.08970371583
1552.53 7.54624324767
1553.76 6.94712718939
1554.97 6.7294156163
1556.18 6.53953183827
1557.4 6.44295302013
1558.61 6.31363561958
1559.81 6.08610247176
1561.01 5.8078245212
1562.22 5.50499263382
1563.43 5.27091176952
1564.64 4.82730397774
1565.85 4.60631854641
1567.05 4.74054673433
1568.27 4.72581437224
1569.48 4.88132263873
1570.68 4.63250941234
1571.89 4.50810279915
1573.09 4.20036012441
1574.3 4.04648878704
1575.5 3.96955311835
1576.71 4.01375020462
1577.93 4.11687673924
1579.15 4.16762154199
1580.36 4.11196595187
1581.57 3.83859878867
1582.78 3.62088721558
1583.99 3.26567359633
1585.21 3.25094123424
1586.41 3.24439351776
1587.62 3.40481257162
1588.83 3.56686855459
1590.03 3.40317564249
1591.24 3.23784580128
1592.44 3.15599934523
1593.64 2.70584383696
1594.86 2.80897037158
1596.07 2.85971517433
1597.28 3.04796202324
1598.48 3.06105745621
1599.69 2.98575871665
1600.91 2.78441643477
1602.13 2.60271730234
1603.34 2.42920281552
1604.55 2.26059911606
1605.76 2.42101816991
1606.96 2.58471108201
1608.18 2.66492060894
1609.38 2.62399738091
1610.59 2.52250777541
1611.8 2.47012604354
1613.0 2.36372565068
1614.21 2.06416762154
1615.42 2.24095596661
1616.63 2.16729415616
1617.84 2.37518415453
1619.05 2.64200360124
1620.25 2.61253887707
1621.46 2.43411360288
1622.66 2.18202651825
1623.88 1.89065313472
1625.08 1.74660337207
1626.29 1.83663447373
1627.5 2.12800785726
1628.71 2.35554100507
1629.93 2.47012604354
1631.15 2.28024226551
1632.37 1.94139793747
1633.57 1.85300376494
1634.78 1.80880667867
1635.99 1.86773612703
1637.2 1.89883778032
1638.4 2.15910951056
1639.61 2.28842691111
1640.82 2.19021116386
1642.03 2.05925683418
1643.24 1.74824030119
1644.45 1.5927320347
1645.65 1.51579636602
1646.88 1.72204943526
1648.08 1.82517596988
1649.29 1.95776722868
1650.5 2.10672777869
1651.7 2.01833360615
1652.92 1.72696022262
1654.14 1.66475691603
1655.35 1.55017187756
1656.56 1.57636274349
1657.77 1.91520707153
1658.97 2.08544770011
1660.18 2.00687510231
1661.39 1.88574234736
1662.6 1.74332951383
1663.8 1.42740219349
1665.0 1.26862006875
1666.21 1.43394990997
1667.42 1.51743329514
1668.64 1.88737927648
1669.85 1.90702242593
1671.05 1.83663447373
1672.26 1.55508266492
1673.48 1.41430676052
1674.69 1.26207235227
1675.9 1.43067605173
1677.11 1.59764282207
1678.32 1.76297266328
1679.53 1.68276313636
1680.75 1.64183990833
1681.96 1.62055982976
1683.17 1.28335243084
1684.38 1.19659518743
1685.59 1.39957439843
1686.8 1.49942707481
1688.0 1.7957112457
1689.21 1.78097888361
1690.41 1.77279423801
1691.62 1.6860369946
1692.83 1.47978392536
1694.04 1.29481093469
1695.25 1.28498935996
1696.46 1.44213455557
1697.67 1.5223440825
1698.88 1.5616303814
1700.08 1.58127353086
1701.29 1.50924864953
1702.5 1.47323620887
1703.71 1.12784416435
1704.93 1.28171550172
1706.14 1.36028809953
1707.35 1.39793746931
1708.56 1.49942707481
1709.77 1.63201833361
1710.98 1.45359305942
1712.19 1.36356195777
1713.4 1.31772794238
1714.61 1.21460140776
1715.82 1.16221967589
1717.03 1.29972172205
1718.24 1.36847274513
1719.45 1.48469471272
1720.66 1.54198723195
1721.88 1.48960550008
1723.09 1.13602880995
1724.3 1.20477983303
1725.5 19.7364544115
1726.71 34.8960550008
1727.92 44.7667376003
1729.13 51.0934686528
1730.35 54.992633819
1731.56 57.4349320674
1732.76 58.9818300868
1733.97 59.9197904731
1735.19 60.798821411
1736.39 61.1556719594
1737.6 61.7433295138
1738.81 61.9544933704
1740.01 62.0608937633
1741.23 62.2786053364
1742.43 62.4684891144
1743.64 62.4815845474
1744.85 62.8155180881
1746.06 62.9824848584
1747.27 62.9841217875
1748.48 63.0659682436
1749.69 63.0266819447
1750.9 63.0872483221
1752.12 63.1183499754
1753.33 63.2984121788
1754.55 63.3049598952
1755.76 63.4735635947
1756.96 63.6388934359
1758.17 63.802586348
1759.38 63.8860697332
1760.59 63.8451465052
1761.8 63.6601735145
1763.0 63.7321983958
1764.21 63.6863643804
1765.42 63.8271402848
1766.63 63.5701424128
1767.84 63.6061548535
1769.04 63.7862170568
1770.25 63.8778850876
1771.46 63.7583892617
1772.66 63.9449991815
1773.88 63.8746112293
1775.09 63.9220821738
1776.31 63.8631527255
1777.52 64.0792273695
1778.74 64.0235717793
1779.96 63.9957439843
1781.17 63.9810116222
1782.38 63.9744639057
1783.59 63.7256506793
1784.8 63.6830905222
1785.99 63.9073498118
1787.21 63.6929120969
1788.43 63.5848747749
1789.64 63.694549026
1790.85 63.666721231
1792.06 63.7354722541
1793.27 63.8516942216
1794.47 63.91062367
1795.69 64.0202979211
1796.91 63.9941070552
1798.12 64.1447045343
1799.33 63.9744639057
1800.54 64.0530365035
1801.76 64.0923228024
1802.96 63.9482730398
1804.17 63.8762481585
1805.38 63.8402357178
1806.58 63.9859224096
1807.8 64.1397937469
1809.0 64.2183663447
1810.2 64.2560157145
1811.41 64.1938124079
1812.62 64.2445572107
1813.83 64.0252087085
1815.05 63.9957439843
1816.25 64.0644950074
1817.46 63.9335406777
1818.66 64.1152398101
1819.88 64.2052709118
1821.08 64.0039286299
1822.29 64.0677688656
1823.5 64.100507448
1824.71 63.951546898
1825.92 64.0415779997
1827.14 64.005565559
1828.36 64.1496153217
1829.57 64.2232771321
1830.78 64.0137502046
1831.98 64.072679653
1833.2 63.9384514651
1834.4 64.1168767392
1835.61 63.9597315436
1836.82 64.046488787
1838.03 64.0890489442
1839.24 64.1103290228
1840.45 64.0383041414
1841.67 64.0039286299
1842.89 63.9040759535
1844.1 63.7714846947
1845.3 63.7878539859
1846.5 64.1234244557
1847.7 64.2101816991
1848.92 64.3345883123
1850.13 64.1512522508
1851.35 63.977737764
1852.55 64.0546734326
1853.77 64.0104763464
1854.98 63.9073498118
1856.19 64.1021443771
1857.4 63.9531838271
1858.61 64.0415779997
1859.82 64.005565559
1861.03 63.9859224096
1862.24 63.8140448519
1863.45 64.0546734326
1864.67 64.1741692585
1865.89 64.0710427239
1867.1 64.1021443771
1868.31 64.1168767392
1869.53 64.0415779997
1870.75 63.923719103
1871.96 64.0268456376
1873.18 64.1610738255
1874.38 64.2281879195
1875.6 64.0170240629
1876.79 64.1561630381
1878.0 64.0612211491
1879.21 64.0153871337
1880.42 63.9908331969
1881.64 63.897528237
1882.85 63.8516942216
1884.05 63.8271402848
1885.26 63.815681781
1886.47 63.8107709936
1887.67 63.9711900475
1888.89 64.2150924865
1890.1 64.0906858733
1891.31 64.275658864
1892.52 64.0399410706
1893.74 63.9220821738
1894.95 63.8631527255
1896.16 63.9155344574
1897.37 63.9417253233
1898.58 64.2003601244
1899.79 64.2478310689
1901.0 64.1889016206
1902.21 64.2429202816
1903.42 64.1872646914
1904.63 64.2412833524
1905.85 64.2674742184
1907.06 64.2003601244
1908.27 64.329677525
1909.48 64.2298248486
1910.69 64.0170240629
1911.91 63.91062367
1913.12 64.0219348502
1914.35 64.1577999673
1915.56 63.9810116222
1916.77 63.8926174497
1917.98 64.0939597315
1919.19 63.9499099689
1920.4 64.1217875266
1921.6 64.2903912261
1922.8 64.0481257162
1924.0 63.9253560321
1925.21 64.0284825667
1926.42 64.1627107546
1927.64 64.1463414634
1928.84 55.873301686
1930.05 47.4791291537
1931.25 40.419053855
1932.47 34.7601898838
1933.68 30.2111638566
1934.9 26.4642330987
1936.11 23.6912751678
1937.32 21.4028482567
1938.53 19.6055000818
1939.75 17.9685709609
1940.96 16.4151252251
1942.16 15.1465051563
1943.37 13.9384514651
1944.58 12.9268292683
1945.79 12.0919954166
1946.99 11.5125225078
1948.21 11.1393026682
1949.42 10.4632509412
1950.64 9.797020789
1951.85 9.13570142413
1953.05 8.64298575872
1954.25 8.23211654935
1955.46 7.86217056801
1956.67 7.67883450647
1957.89 7.50368309052
1959.09 7.25323293501
1960.3 6.88328695367
1961.52 6.53298412179
1962.74 6.19577672287
1963.95 5.94368963824
1965.16 5.737436569
1966.38 5.63267310525
1967.6 5.50008184646
1968.8 5.51481420854
1970.0 5.35766901293
1971.21 5.11704043215
1972.42 4.91406122115
1973.63 4.48518579146
1974.84 4.18890162056
1976.05 4.1217875266
1977.24 4.33458831233
1978.45 4.35914224914
1979.65 4.45408413816
1980.87 4.4180716975
1982.08 4.23800949419
1983.29 3.73710918317
1984.49 3.48829595679
1985.7 3.36225241447
1986.92 3.46374201997
1988.13 3.59633327877
1989.34 3.90898674087
1990.55 3.65526272712
1991.76 3.60942871174
1992.96 3.26076280897
1994.18 3.08561139303
1995.39 3.07906367654
1996.6 3.15927320347
1997.8 3.28040595842
1999.0 3.3409723359
2000.21 3.20674414798
2001.43 3.22311343919
2002.64 3.06596824358
2003.85 2.74349320674
2005.05 2.58143722377
2006.26 2.58143722377
2007.47 2.74676706499
2008.67 2.99230643313
2009.88 2.86953674906
2011.09 2.72548698641
2012.3 2.65509903421
2013.51 2.37354722541
2014.73 2.232771321
2015.94 2.3260762809
2017.15 2.45375675233
2018.37 2.76477328532
2019.58 2.83679816664
2020.79 2.62890816828
2022.0 2.60599116058
2023.21 2.43083974464
2024.41 2.26059911606
2025.62 2.17711573089
2026.83 2.13455557374
2028.05 2.44066131936
2029.25 2.67474218366
2030.46 2.54706171223
2031.67 2.23768210836
2032.88 2.16565722704
2034.09 2.04616140121
2035.3 1.98723195286
2036.5 1.95776722868
2037.71 2.27042069078
2038.92 2.2638729743
2040.13 2.25896218694
2041.35 2.33917171386
2042.56 2.13455557374
2043.77 1.78588967098
2044.98 1.69258471108
2046.19 1.81044360779
2047.4 1.86937305615
2048.61 2.22622360452
2049.81 2.32280242266
2051.02 2.12637092814
2052.24 2.10836470781
2053.45 1.93648715011
2054.66 1.76952037977
2055.88 1.60255360943
2057.08 1.92993943362
2058.29 1.9283025045
2059.48 2.2556883287
2060.69 2.01014896055
2061.9 2.05107218857
2063.11 1.90865935505
2064.32 1.59109510558
2065.53 1.59600589294
2066.74 1.76133573416
2067.96 1.76297266328
2069.17 1.9283025045
2070.37 1.9283025045
2071.57 1.84645604845
2072.78 1.64183990833
2073.99 1.45686691766
2075.21 1.52889179899
2076.42 1.4830577836
2077.63 1.7875266001
2078.84 1.8579145523
2080.05 1.89392699296
2081.26 1.99214274022
2082.47 1.79734817482
2083.68 1.45359305942
2084.89 1.36356195777
2086.1 1.31772794238
2087.31 1.70568014405
2088.52 1.81699132428
2089.74 2.03633982649
2090.95 1.8186282534
2092.16 1.79080045834
2093.37 1.45031920118
2094.58 1.2800785726
2095.78 1.3586511704
2096.99 1.47978392536
2098.2 1.78588967098
2099.4 1.8579145523
2100.61 1.72859715174
2101.82 1.66475691603
2103.03 1.55180880668
2104.24 1.33082337535
2105.45 1.38320510722
2106.66 1.32918644623
2107.88 1.46505156327
2109.09 1.69585856932
2110.3 1.73023408086
2111.5 1.50270093305
2112.7 1.38811589458
2113.91 1.16713046325
2115.13 1.30135865117
2116.34 1.20641676215
2117.55 1.40284825667
2118.76 1.74824030119
2119.96 1.9201178589
2121.17 1.75969880504
2122.38 1.51743329514
2123.59 1.39466361107
2124.8 1.08855786544
2126.0 1.26370928139
2127.21 1.5141594369
2128.42 16.1253887707
2129.63 31.6991324276
2130.84 42.6763791128
2132.04 49.6398755934
2133.25 54.0202979211
2134.46 56.7850712064
2135.67 58.3303322966
2136.89 59.512195122
2138.09 60.5942052709
2139.3 60.9706989687
2140.5 61.569815027
2141.72 61.9495825831
2142.93 62.0592568342
2144.15 62.4406613194
2145.35 62.6305450974
2146.56 62.6452774595
2147.77 62.733671632
2148.98 62.8597151743
2150.19 62.9219184809
2151.4 62.9546570633
2152.61 62.9693894254
2153.82 62.977574071
2155.03 63.3098706826
2156.24 63.2296611557
2157.45 63.2705843837
2158.66 63.6192502865
2159.88 63.7944017024
2161.08 63.5537731216
2162.29 63.5144868227
2163.5 63.4964806024
2164.71 63.7321983958
2165.93 63.8500572925
2167.15 63.9089867409
2168.37 63.6929120969
2169.58 63.5848747749
2170.79 63.8582419381
2172.0 63.9122605991
2173.21 64.0219348502
2174.42 64.0775904403
2175.64 64.0219348502
2176.87 63.9138975282
2178.08 63.7763954821
2179.29 64.0366672123
2180.5 64.0841381568
2181.71 64.1070551645
2182.93 64.1201505975
2184.15 64.1250613848
2185.36 64.046488787
2186.56 64.0890489442
2187.78 64.0284825667
2188.99 64.0808642986
2190.21 64.0235717793
2191.42 64.0775904403
2192.63 64.1054182354
2193.86 64.1185136684
2195.07 63.9613684727
2196.28 63.8827958749
2197.48 64.0072024881
2198.69 64.0694057947
2199.91 64.1823539041
2201.13 64.2380094942
2202.34 64.1856277623
2203.55 64.0759535112
2204.76 63.8582419381
2205.96 63.9138975282
2207.18 63.8582419381
2208.39 63.8320510722
2209.6 63.8173187101
2210.8 63.8107709936
2212.0 63.8074971354
2213.2 63.7240137502
2214.41 63.8467834343
2215.63 63.9073498118
2216.83 63.9368145359
2218.05 64.1168767392
2219.25 64.4508102799
2220.46 64.046488787
2221.67 63.9253560321
2222.88 63.9466361107
2224.08 63.8746112293
2225.29 63.8402357178
2226.5 63.8222294975
2227.72 63.8942543788
2228.93 64.1774431167
2230.15 64.072679653
2231.36 64.0202979211
2232.57 63.8304141431
2233.79 63.8991651661
2234.99 63.9335406777
2236.2 63.9499099689
2237.4 63.7960386315
2238.61 63.7993124898
2239.82 63.9662792601
2241.03 63.9662792601
2242.23 63.9679161892
2243.44 63.8860697332
2244.64 63.8451465052
2245.86 64.1512522508
2247.07 64.2232771321
2248.27 64.2592895728
2249.48 64.113602881
2250.69 64.2871173678
2251.91 64.126698314
2253.13 63.8844328041
2254.35 63.843509576
2255.55 63.9057128826
2256.76 64.3460468162
2257.97 64.5670322475
2259.19 64.2674742184
2260.4 64.2805696513
2261.6 64.370600753
2262.81 64.4966442953
2264.02 64.2314617777
2265.23 64.3460468162
2266.45 64.0743165821
2267.67 64.0219348502
2268.89 64.0759535112
2270.09 64.0219348502
2271.3 63.9957439843
2272.51 63.9810116222
2273.72 63.9744639057
2274.93 63.8074971354
2276.14 63.8058602063
2277.35 63.7240137502
2278.56 64.0088394173
2279.77 63.9891962678
2280.99 64.1414306761
2282.2 64.0546734326
2283.4 64.0121132755
2284.61 63.9891962678
2285.83 63.897528237
2287.03 64.2592895728
2288.24 64.4409887052
2289.45 64.4508102799
2290.66 64.5359305942
2291.88 64.1708954002
2293.08 64.1512522508
2294.3 64.05958422
2295.51 63.9319037486
2296.72 63.8680635128
2297.93 63.8353249304
2299.15 64.0661319365
2300.36 64.0170240629
2301.56 63.992470126
2302.77 63.9793746931
2303.98 63.8926174497
2305.19 63.9302668194
2306.39 63.9482730398
2307.61 64.3673268947
2308.82 64.249467998
2310.03 64.1086920936
2311.24 64.0383041414
2312.45 64.0039286299
2313.67 63.9859224096
2314.89 64.1397937469
2316.09 63.9728269766
2317.3 64.0513995744
2318.51 63.9286298903
2319.74 64.0301194958
2320.95 64.0808642986
2322.16 63.9417253233
2323.37 63.8729743002
2324.57 63.9204452447
2325.78 63.9449991815
2326.99 63.8746112293
2328.2 64.2478310689
2329.4 57.5609756098
2330.61 49.3877885088
2331.82 42.1902111639
2333.02 36.3005401866
2334.24 31.3913897528
2335.45 27.5462432477
2336.65 24.5588476019
2337.87 22.245866754
2339.08 20.2717302341
2340.29 18.4661974137
2341.49 16.9094778196
2342.7 15.5573743657
2343.92 14.1447045343
2345.13 13.0283188738
2346.35 12.2262236045
2347.56 11.8235390408
2348.77 11.3782943199
2349.98 10.74480275
2351.19 10.1833360615
2352.4 9.41234244557
2353.61 8.78048780488
2354.82 8.21902111639
2356.03 7.85562285153
2357.24 7.67556064822
2358.46 7.58389261745
2359.67 7.45784907514
2360.89 7.06662301522
2362.09 6.54280569651
2363.3 6.20068751023
2364.5 5.78327058438
2365.72 5.5737436569
2366.93 5.47061712228
2368.15 5.50008184646
2369.36 5.59666066459
2370.56 5.31674578491
2371.77 5.09576035358
2372.98 4.82239319037
2374.2 4.52119823212
2375.4 4.45244720904
2376.61 4.33622524145
2377.83 4.44098870519
2379.04 4.57685382223
2380.25 4.64396791619
2381.46 4.26747421837
2382.67 4.08086429858
2383.89 3.74038304141
2385.09 3.40808642986
2386.3 3.40481257162
2387.5 3.73056146669
2388.7 3.81077099362
2389.91 3.76984776559
2391.13 3.66835816009
2392.34 3.37043706008
2393.55 3.14126698314
2394.77 2.9431985595
2395.97 2.92682926829
2397.18 3.08233753478
2398.38 3.16091013259
2399.59 3.44409887052
2400.8 3.42281879195
2402.0 3.24930430512
2403.21 2.99721722049
2404.42 2.79096415125
2405.64 2.68620068751
2406.85 2.79914879686
2408.06 2.85480438697
2409.27 2.88263218203
2410.48 2.89572761499
2411.69 2.82206580455
2412.91 2.78441643477
2414.13 2.43738746112
2415.35 2.34735635947
2416.56 2.30152234408
2417.77 2.44229824849
2418.98 2.67637911278
2420.19 2.71075462432
2421.4 2.72876084466
2422.6 2.49304305124
2423.8 2.20985431331
2425.0 2.0690784089
2426.22 2.24422982485
2427.43 2.25077754133
2428.64 2.41610738255
2429.85 2.49959076772
2431.05 2.37845801277
2432.26 2.23440825012
2433.47 2.00032738582
2434.68 1.88246848911
2435.89 1.98723195286
2437.1 2.12146014078
2438.31 2.27042069078
2439.52 2.34408250123
2440.73 2.29988541496
2441.95 2.19675888034
2443.16 1.98068423637
2444.38 1.79080045834
2445.59 1.69585856932
2446.8 1.73023408086
2448.0 2.07398919627
2449.21 2.08381077099
2450.42 2.16893108528
2451.63 2.04943525945
2452.86 1.82517596988
2454.07 1.63038140449
2455.28 1.6156490424
2456.48 1.77279423801
2457.69 1.93157636274
2458.9 2.09363234572
2460.1 2.17547880177
2461.31 2.05107218857
2462.52 1.826812899
2463.73 1.55017187756
2464.94 1.41103290228
2466.15 1.50597479129
2467.37 1.79898510394
2468.58 2.11000163693
2469.8 2.1001800622
2471.0 1.93321329186
2472.2 1.76624652153
2473.4 1.60255360943
2474.6 1.51907022426
2475.8 1.47814699624
2477.0 1.62219675888
2478.21 1.85627762318
2479.42 1.89229006384
2480.64 1.82844982812
2481.85 1.71550171878
2483.05 1.49451628744
2484.26 1.38320510722
2485.47 1.24733999018
2486.68 1.34228187919
2487.89 1.47159927975
2489.1 1.69913242757
2490.3 1.73187100999
2491.5 1.74824030119
2492.7 1.51088557865
2493.92 1.47487313799
2495.13 1.2096906204
2496.35 1.24242920282
2497.56 1.420854477
2498.77 1.67457849075
2499.97 1.72041250614
2501.19 1.65984612866
2502.4 1.54853494844
2503.61 1.24733999018
2504.81 1.34228187919
2506.02 1.30790636765
2507.24 1.45522998854
2508.45 1.52725486986
2509.66 1.64675069569
2510.88 1.623833688
2512.08 1.53052872811
2513.29 1.3193648715
2514.5 1.05090849566
2515.72 1.08037321984
2516.92 1.25879849403
2518.13 1.43067605173
2519.35 1.51579636602
2520.56 1.64020297921
2521.77 1.45686691766
2522.98 1.20150597479
2524.19 1.1556719594
2525.4 0.969062039614
2526.61 1.12129644786
2527.81 1.44213455557
2529.01 3.48665902766
2530.23 23.0872483221
2531.45 37.1435586839
2532.66 46.0533638893
2533.88 51.9004747094
2535.08 55.4788017679
2536.29 57.4316582092
2537.49 58.8999836307
2538.7 60.1244066132
2539.92 61.0640039286
2541.13 61.2882632182
2542.35 61.8088066787
2543.55 62.070715338
2544.76 62.2818791946
2545.97 62.4701260435
2547.19 62.7287608447
2548.4 62.9382877721
2549.61 63.2083810771
2550.82 63.260762809
2552.04 63.0414143068
2553.25 62.9317400557
2554.46 63.2034702897
2555.67 63.2591258798
2556.89 63.2034702897
2558.1 63.4228187919
2559.3 63.61270257
2560.52 63.6274349321
2561.73 63.7976755606
2562.94 63.5554100507
2564.15 63.5979702079
2565.35 63.7829431986
2566.56 63.5472254051
2567.77 63.6765428057
2568.99 63.8222294975
2570.2 63.9761008348
2571.4 63.6454411524
2572.6 63.8877066623
2573.81 63.9286298903
2575.02 63.6208872156
2576.22 63.7944017024
2577.43 63.8811589458
2578.64 63.6781797348
2579.87 63.7420199705
2581.08 63.6094287117
2582.28 63.7060075299
2583.48 63.9188083156
2584.69 63.6978228843
2585.91 63.6699950892
2587.13 63.9008020953
2588.34 64.0153871337
2589.55 63.992470126
2590.77 63.7338353249
2591.98 63.8516942216
2593.19 63.9089867409
2594.4 63.9384514651
2595.61 64.0350302832
2596.83 64.0022917008
2598.03 64.0661319365
2599.24 63.9351776068
2600.45 64.0333933541
2601.66 63.9188083156
2602.87 64.0252087085
2604.08 64.0792273695
2605.3 64.1054182354
2606.51 63.8729743002
2607.73 63.9204452447
2608.94 64.1889016206
2610.16 63.9973809134
2611.37 63.9008020953
2612.58 64.0153871337
2613.8 63.7469307579
2615.0 63.774758553
2616.2 64.0350302832
2617.41 64.0022917008
2618.63 64.2298248486
2619.85 64.0170240629
2621.05 63.91062367
2622.25 64.0219348502
2623.47 64.1577999673
2624.69 64.1447045343
2625.9 64.2200032739
2627.12 63.9302668194
2628.33 64.0317564249
2629.55 64.0808642986
2630.76 63.9433622524
2631.97 63.9548207563
2633.18 63.7158291046
2634.38 64.005565559
2635.6 63.7420199705
2636.8 64.018660992
2638.0 63.8287772139
2639.22 64.1447045343
2640.42 64.2200032739
2641.64 64.0121132755
2642.86 63.8255033557
2644.06 63.897528237
2645.28 63.8500572925
2646.48 64.072679653
2647.69 64.2658372892
2648.91 64.0350302832
2650.12 64.0841381568
2651.34 64.2707480766
2652.55 64.2019970535
2653.77 64.0841381568
2654.98 63.9449991815
2656.19 63.7109183172
2657.4 63.7567523326
2658.61 63.9449991815
2659.83 64.1201505975
2661.05 63.9613684727
2662.25 64.046488787
2663.46 64.0890489442
2664.67 64.0284825667
2665.89 64.0808642986
2667.1 63.9417253233
2668.3 64.2003601244
2669.52 64.1659846129
2670.73 63.9859224096
2671.95 64.1397937469
2673.16 64.1365198887
2674.37 64.2150924865
2675.58 64.2560157145
2676.79 64.275658864
2678.0 64.2854804387
2679.21 64.2903912261
2680.42 64.046488787
2681.63 64.1708954002
2682.85 64.2330987068
2684.06 64.1823539041
2685.27 64.2396464233
2686.49 63.9400883942
2687.71 64.1168767392
2688.92 64.0432149288
2690.14 64.0874120151
2691.36 64.1905385497
2692.56 64.2429202816
2693.77 63.8598788672
2694.98 63.9138975282
2696.19 64.1054182354
2697.4 63.9548207563
2698.62 64.0432149288
2699.84 64.005565559
2701.05 63.9040759535
2702.25 64.018660992
2703.46 64.1561630381
2704.68 64.1447045343
2705.9 64.1381568178
2707.1 64.2167294156
2708.31 64.0104763464
2709.52 64.2347356359
2710.73 64.018660992
2711.95 64.1577999673
2713.16 63.9810116222
2714.37 64.1381568178
2715.58 64.2985758717
2716.79 64.2150924865
2718.0 64.0088394173
2719.21 64.0710427239
2720.42 64.2642003601
2721.64 63.9531838271
2722.86 64.1234244557
2724.06 64.2101816991
2725.27 64.0072024881
2726.48 63.9057128826
2727.68 64.100507448
2728.9 64.0333933541
2730.1 59.0898674087
2731.3 51.1343918808
2732.5 43.7191029628
2733.71 37.3105254542
2734.92 32.3882795875
2736.13 28.2894090686
2737.34 25.3396627926
2738.55 22.800785726
2739.77 20.6302177116
2740.97 18.728106073
2742.19 17.2024881323
2743.4 15.6228515305
2744.61 14.3411360288
2745.84 13.2083810771
2747.05 12.3981011622
2748.25 11.8284498281
2749.46 11.379931249
2750.67 10.6645932231
2751.89 10.0605663775
2753.09 9.43198559502
2754.3 8.70846292356
2755.51 8.18300867572
2756.72 7.92110001637
2757.94 7.70666230152
2759.16 7.68210836471
2760.37 7.26141758062
2761.58 6.88656081192
2762.79 6.53462105091
2764.0 6.03208381077
2765.2 5.69978719921
2766.4 5.53282042888
2767.6 5.53118349975
2768.8 5.61139302668
2770.0 5.57046979866
2771.21 5.46898019316
2772.42 5.00736618104
2773.63 4.77819610411
2774.85 4.49828122442
2776.05 4.35914224914
2777.26 4.29039122606
2778.48 4.4180716975
2779.7 4.40170240629
2780.91 4.39188083156
2782.12 4.06122114912
2783.32 3.89425437879
2784.53 3.73056146669
2785.74 3.48338516942
2786.94 3.52430839745
2788.15 3.62743493207
2789.36 3.67817973482
2790.56 3.62088721558
2791.77 3.51121296448
2792.99 3.37534784744
2794.2 3.14290391226
2795.4 2.86298903257
2796.61 2.88590604027
2797.83 3.06269438533
2799.04 3.31314454084
2800.24 3.27549517106
2801.45 3.17564249468
2802.67 2.87935832378
2803.89 2.56670486168
2805.1 2.49304305124
2806.31 2.45703061057
2807.53 2.51923391717
2808.74 2.87935832378
2809.95 2.97593714192
2811.16 2.77950564741
2812.37 2.68128990015
2813.57 2.30479620232
2814.78 2.11654935341
2815.99 2.18693730561
2817.21 2.22131281716
2818.42 2.40137502046
2819.64 2.49304305124
2820.85 2.61908659355
2822.06 2.43738746112
2823.28 2.18366344737
2824.49 1.89229006384
2825.72 1.99214274022
2826.93 2.20494352595
2828.14 2.23113439188
2829.35 2.32443935178
2830.56 2.53560320838
2831.77 2.47831068915
2832.99 2.28515305287
2834.21 2.02488132264
2835.42 1.81208053691
2836.63 1.95285644132
2837.85 2.10345392045
2839.06 2.18038958913
2840.27 2.29988541496
2841.48 2.19512195122
2842.69 1.89883778032
2843.9 1.58618431822
2845.11 1.51088557865
2846.32 1.63856605009
2847.53 1.86446226878
2848.74 1.97904730725
2849.95 2.03470289736
2851.16 1.98232116549
2852.37 1.87264691439
2853.58 1.57308888525
2854.79 1.50597479129
2856.0 1.47159927975
2857.21 1.69913242757
2858.41 1.89556392208
2859.62 1.91193321329
2860.83 1.9201178589
2862.03 1.76133573416
2863.24 1.51743329514
2864.45 1.39466361107
2865.67 1.33409723359
2866.88 1.46832542151
2868.09 1.77934195449
2869.29 1.93648715011
2870.5 1.93157636274
2871.71 1.84809297757
2872.92 1.5616303814
2874.14 1.25388770666
2875.35 1.26370928139
2876.56 1.26862006875
2877.77 1.43394990997
2878.98 1.76297266328
2880.19 1.7646095924
2881.39 1.68276313636
2882.6 1.47814699624
2883.8 1.45686691766
2885.0 1.20150597479
2886.21 1.23751841545
2887.42 1.50106400393
2888.63 1.63365526273
2889.85 1.69913242757
2891.05 1.73187100999
2892.24 1.5845473891
2893.45 1.26534621051
2894.65 1.26862006875
2895.87 1.19004747094
2897.08 1.23097069897
2898.29 1.41594368964
2899.5 1.59109510558
