0.0 0.965983057563
1.17 1.1357847669
2.34 0.935796087014
3.51 0.554685583835
4.68 0.173575080656
5.85 0.0792407976907
7.02 0.124521253514
8.19 0.337716733015
9.36 0.726373978831
10.53 0.92070260174
11.69 1.11125785333
12.85 0.735807407128
14.02 0.549025526857
15.18 0.454691243892
16.34 0.313189819444
17.51 0.241495764391
18.68 0.584872554384
19.85 0.849008546686
21.02 0.982963228497
22.19 0.860328660642
23.36 0.420730902024
24.53 0.29620964851
25.7 0.139614738788
26.87 0.250929192687
28.04 0.494311642737
29.21 0.615059524933
30.39 0.86598871762
31.56 0.707507122238
32.73 0.439597758617
33.9 0.494311642737
35.08 0.237722393072
36.25 0.205648736864
37.44 0.283002848895
38.61 0.603739410977
39.77 0.860328660642
40.94 0.986736599815
42.11 0.767881063336
43.28 0.375450446201
44.45 0.367903703564
45.62 0.08112748335
46.79 0.0320736562081
47.96 0.290549591533
49.13 0.51506518499
50.3 0.720713921853
51.48 0.728260664491
52.65 0.639586438503
53.82 0.59430598268
55.0 0.288662905873
56.17 0.0415070845047
57.34 0.199988679886
58.51 0.564119012131
59.68 1.02824368432
60.85 0.977303171519
62.02 0.762221006358
63.2 0.562232326472
64.37 0.366017017905
65.53 0.08112748335
66.71 0.315076505103
67.88 0.43205101598
69.05 0.679206837349
70.21 0.896175688169
71.39 0.816934890478
72.56 0.682980208667
73.73 0.239609078731
74.91 0.205648736864
76.08 0.0
77.24 0.179235137634
78.41 0.552798898176
79.57 0.833915061412
80.74 0.975416485859
81.91 0.762221006358
83.09 0.654679923778
84.25 0.413184159387
85.43 0.481104843122
86.6 0.137728053129
87.77 0.343376789993
88.93 0.73014735015
90.1 1.01692357036
91.27 1.16031168047
92.45 0.854668603664
93.63 0.70184706526
94.81 0.341490104334
95.97 0.256589249665
97.14 0.309416448126
98.31 0.428277644662
99.49 0.960323000585
100.65 0.943342829651
101.81 1.12446465294
102.98 0.647133181141
104.15 0.409410788069
105.32 0.196215308567
106.49 0.184895194612
107.65 0.27168273494
108.82 0.694300322623
109.99 0.903722430806
111.15 0.915042544762
112.32 0.732034035809
113.49 0.452804558233
114.65 0.21696885082
115.82 0.194328622908
117.0 3.2960398468
118.17 7.6769239477
119.33 11.2823802426
120.5 14.2180631285
121.68 15.9670207347
122.85 17.1254457295
124.01 17.9876610758
125.18 18.6083806577
126.35 19.2007999547
127.53 20.063015301
128.7 20.5875139143
129.88 21.1346527555
131.05 21.4063354904
132.22 21.6383978265
133.4 21.5648170858
134.57 21.5270833726
135.74 21.6044374847
136.91 21.7365054808
138.08 21.9912080448
139.25 22.3062845499
140.43 22.5591004283
141.59 22.6855083675
142.76 22.7496556799
143.93 22.7798426504
145.1 22.5138199725
146.27 22.4741995736
147.45 22.5477803143
148.62 22.7741825934
149.79 22.981718016
150.95 23.3684885761
152.12 23.2798143501
153.29 23.0458653284
154.46 22.9288908175
155.64 22.7760692791
156.81 22.79304945
157.97 23.1798200102
159.14 23.3741486331
160.31 23.5647038847
161.49 23.4703696017
162.65 23.3307548629
163.82 23.1647265249
164.99 23.1779333245
166.16 23.0892590985
167.33 23.4213157746
168.5 23.4948965153
169.67 23.8137463917
170.85 23.9722279871
172.02 23.7703526215
173.19 23.6684715959
174.36 23.3345282343
175.53 23.2609474935
176.7 23.225100466
177.88 23.396788861
179.04 23.5760239986
180.21 23.7590325076
181.38 23.8514801049
182.55 23.7099786805
183.73 23.4496160595
184.9 23.5081033149
186.07 23.4420693168
187.23 23.5043299436
188.4 23.8194064487
189.58 23.8816670754
190.75 23.911854046
191.92 23.834499934
193.09 23.6062109692
194.25 23.491123144
195.43 23.3401882912
196.6 23.2647208649
197.77 23.4156557176
198.93 23.5854574269
200.1 23.7646925646
201.26 23.8552534762
202.45 23.8043129634
203.62 23.5911174839
204.8 23.391128804
205.97 23.2892477784
207.13 23.3345282343
208.31 23.5439503424
209.47 23.7439390223
210.65 23.8439333623
211.81 23.8005395921
212.99 23.6835650812
214.16 23.6250778258
215.33 23.4062222893
216.5 23.3930154897
217.67 23.47980303
218.83 23.900533932
220.0 24.2042903232
221.17 24.2627775786
222.33 24.0099617003
223.51 23.7873327925
224.69 23.5835707413
225.85 23.47980303
227.01 23.5231968002
228.18 23.6401713111
229.35 23.7911061638
230.51 23.9627945588
231.68 24.1420296964
232.86 24.1363696395
234.03 23.7571458219
235.2 23.568477256
236.37 23.4722562874
237.53 23.6137577118
238.7 24.0627888987
239.87 24.0967492406
241.05 24.1156160972
242.22 23.9344942739
243.39 23.751485765
244.56 23.5647038847
245.73 23.4703696017
246.89 23.6137577118
248.06 23.6835650812
249.23 23.9080806747
250.4 24.3042846631
251.58 24.1231628398
252.75 23.9401543309
253.92 23.6590381677
255.09 23.5175367432
256.25 23.4477293738
257.43 23.6024375979
258.6 23.9609078731
259.77 24.0476954135
260.94 24.089202498
262.11 24.2061770088
263.28 24.1684432957
264.46 23.7741259929
265.63 23.5760239986
266.79 23.6646982246
267.96 23.9929815293
269.13 24.0627888987
270.31 24.0986359263
271.48 24.1156160972
272.65 23.9344942739
273.83 23.751485765
275.0 23.5647038847
276.17 23.7533724506
277.33 23.9439277022
278.49 24.0382619852
279.65 24.0854291267
280.82 24.1080693546
281.99 24.0269418712
283.17 23.8911005037
284.33 23.917514103
285.5 23.9307209026
286.68 23.8420466766
287.84 23.9873214724
289.01 24.249570779
290.19 24.1910835236
291.37 24.160896553
292.54 24.0533554704
293.71 23.9986415863
294.89 23.6873384525
296.05 23.6269645114
297.23 23.6911118239
298.41 24.1005226119
299.58 24.1175027829
300.75 24.4080523744
301.92 24.3646586042
303.09 24.0590155274
304.25 24.0024149576
305.44 23.6892251382
306.61 23.6288511971
307.78 23.7854461068
308.95 23.9590211875
310.11 24.1401430108
311.27 24.2307039224
312.45 24.0873158123
313.62 24.0156217573
314.79 23.9797747297
315.96 23.7741259929
317.13 23.6703582816
318.3 20.5044997453
319.48 17.4141086354
320.65 14.7350149992
321.82 12.4540120371
322.99 10.6522272324
324.16 9.09005150652
325.33 7.74484463144
326.5 6.88262928513
327.68 6.45057826915
328.85 6.23549610399
330.02 6.03362073845
331.19 5.46195498368
332.35 4.89217591457
333.52 4.41861781409
334.69 3.99222685508
335.86 3.40358092938
337.04 3.39037412977
338.21 3.29037978982
339.38 3.52432881158
340.55 3.54508235383
341.72 3.55640246778
342.89 3.1847253929
344.05 2.62249306643
345.22 2.1508216516
346.39 1.91687262985
347.56 2.08101428221
348.73 2.35269701715
349.89 2.67720695055
351.05 2.65079335132
352.22 2.54325226874
353.39 2.30175650435
354.56 1.80178480463
355.73 1.64707658057
356.9 1.56972246854
358.08 1.81499160425
359.25 2.3130766183
360.44 2.56400581099
361.61 2.49985849858
362.78 2.09044771051
363.95 1.69613040771
365.11 1.40558081618
366.29 1.26030602041
367.45 1.37728053129
368.63 1.71688394997
369.8 2.07724091089
370.97 2.25647604853
372.13 2.06214742562
373.3 1.77725789106
374.48 1.25841933475
375.65 1.28105956267
376.82 1.10371111069
377.99 1.39237401657
379.15 1.63009640964
380.32 1.8451785748
381.49 1.85649868875
382.65 1.67537686546
383.82 1.48859498519
384.99 1.01881025602
386.15 1.16219836613
387.32 1.23200573552
388.5 1.64518989491
389.67 1.75839103447
390.85 1.62443635266
392.01 1.46406807162
393.18 1.29049299096
394.35 1.01315019905
395.52 0.875422145916
396.7 0.901835745147
397.87 1.196158708
399.04 1.62820972398
400.21 1.74895760617
401.38 1.71499726431
402.55 1.60368281041
403.72 1.0754108258
404.89 0.907495802124
406.05 0.822594947456
407.22 0.967869743222
408.4 1.23011904987
409.57 1.55085561195
410.75 1.70933720733
411.92 1.60179612475
413.09 1.16974510877
414.25 0.952776257948
415.44 0.845235175367
416.61 0.792407976907
417.79 0.952776257948
418.96 1.31690659019
420.13 1.68858366508
421.29 1.68481029376
422.45 1.30558647624
423.62 1.02069694168
424.79 0.78486123427
425.96 0.573552440428
427.13 0.749014206743
428.3 1.02635699866
429.48 1.35464030338
430.65 1.42256098711
431.82 1.36407373168
433.0 1.05088391223
434.17 0.894289002509
435.34 0.626379638888
436.52 0.588645925702
437.69 0.850895232345
438.85 1.17163179443
440.02 1.42633435843
441.19 1.55462898327
442.36 1.23955247816
443.53 0.988623285474
444.7 0.581099183065
445.88 0.564119012131
447.05 0.556572269494
448.21 0.835801747071
449.39 1.25841933475
450.56 1.4697281286
451.73 1.48104824255
452.89 1.0150368847
454.06 0.877308831576
455.24 0.618832896251
456.42 0.771654434655
457.59 0.943342829651
458.75 1.21879893591
459.92 1.63764315227
461.09 1.47161481426
462.25 1.19804539366
463.43 0.967869743222
464.6 0.664113352074
465.77 0.418844216365
466.95 0.482991528781
468.12 0.705620436579
469.29 1.00371677075
470.46 1.24898590646
471.64 1.36973378865
472.81 0.960323000585
473.98 0.849008546686
475.15 0.509405128012
476.32 0.435824387299
477.49 0.775427805973
478.65 1.13389808124
479.81 1.21879893591
480.98 1.35464030338
482.15 1.23577910684
483.32 0.89240231685
484.49 0.626379638888
485.66 0.398090674113
486.83 0.473558100485
488.0 0.794294662566
489.17 1.14333150954
490.33 1.41312755882
491.5 1.45274795766
492.67 1.28294624833
493.84 1.01126351339
495.01 0.590532611362
496.18 0.475444786144
497.35 0.890515631191
498.53 1.09616436805
499.69 1.38860064525
500.86 1.63009640964
502.03 1.56028904024
503.2 1.24332584948
504.37 0.801841405203
505.54 0.581099183065
506.72 0.566005697791
507.89 0.745240835424
509.05 1.11880459597
510.21 1.3999207592
511.39 1.35275361772
512.57 1.23389242118
513.74 0.70184706526
514.91 0.437711072958
516.09 0.303756391148
517.25 0.426390959002
518.43 0.67732015169
519.6 1.0848442541
520.77 2.51495198385
521.93 6.72037431843
523.1 10.4258249533
524.27 13.412448352
525.45 15.3764881233
526.62 16.9235703639
527.79 18.2650038677
528.95 19.6894515405
530.12 20.400732034
531.29 21.1346527555
532.46 21.3138878931
533.63 21.4025621191
534.8 21.5402901723
535.97 21.8931003905
537.14 22.0704488425
538.3 22.3459049488
539.48 22.9571911024
540.64 23.0722789276
541.81 23.0364319001
542.99 22.9251174462
544.15 23.0571854423
545.32 22.9345508745
546.49 22.9666245307
547.66 23.3609418335
548.83 23.7477123936
550.01 23.751485765
551.17 23.7533724506
552.34 23.6590381677
553.51 23.4250891459
554.69 23.4948965153
555.85 23.5307435428
557.02 23.4552761164
558.19 23.8873271324
559.36 24.0099617003
560.54 24.072222327
561.71 23.9137407317
562.88 23.740165651
564.05 23.6533781107
565.22 23.5156500575
566.4 23.4458426881
567.57 23.6005509122
568.74 23.7722393072
569.91 23.9533611305
571.08 24.0420353565
572.25 23.9929815293
573.43 23.8741203328
574.61 23.6269645114
575.78 23.5967775409
576.95 23.6760183386
578.12 23.8099730204
579.3 23.9703413014
580.48 24.0514687848
581.64 24.0929758693
582.81 24.2061770088
583.98 23.8873271324
585.15 23.7269588514
586.32 23.645831368
587.49 23.7948795351
588.66 23.9646812445
589.84 24.1420296964
591.0 24.2325906081
592.18 24.1816500953
593.35 24.0627888987
594.53 23.8156330774
595.7 23.6911118239
596.88 23.911854046
598.04 24.0212818142
599.21 24.172216667
600.39 24.2457974077
601.55 24.1891968379
602.72 24.0665622701
603.88 24.1005226119
605.05 23.8326132483
606.22 23.9835481011
607.4 23.9627945588
608.56 24.0476954135
609.73 24.1854234666
610.9 24.2533441503
612.08 24.1929702092
613.25 23.9741146728
614.44 23.9590211875
615.61 23.7628058789
616.77 23.7590325076
617.94 23.9458143879
619.11 24.1344829538
620.29 24.5099334
621.45 24.3212648341
622.61 24.1325962681
623.77 23.9439277022
624.93 23.7552591363
626.09 23.6609248533
627.25 23.8024262778
628.43 23.9684546158
629.6 24.2382506651
630.77 24.2797577496
631.94 24.3005112918
633.11 24.3118314058
634.29 23.9382676452
635.45 23.7533724506
636.62 23.7533724506
637.79 23.8495934192
638.95 24.0854291267
640.11 24.3910722035
641.29 24.3571118616
642.47 24.1495764391
643.64 23.9533611305
644.81 23.7590325076
645.97 23.7571458219
647.14 23.8514801049
648.31 24.1797634096
649.48 24.2514574647
650.66 24.2854178065
651.83 24.2099503802
653.01 24.0759956984
654.17 23.9156274173
655.33 23.7420523367
656.51 23.8420466766
657.67 23.9873214724
658.85 24.155236496
660.02 24.332584948
661.19 24.421259174
662.36 24.2759843782
663.53 24.0156217573
664.7 23.8854404468
665.87 23.8212931344
667.04 23.8816670754
668.21 24.1024092976
669.39 24.3061713488
670.55 24.4080523744
671.73 24.2703243213
672.9 24.2948512348
674.07 24.0250551856
675.23 24.0797690697
676.42 24.1061826689
677.6 24.3080580345
678.77 24.3137180914
679.94 24.4118257457
681.11 24.3665452899
682.29 24.4382393449
683.45 24.1910835236
684.63 23.9741146728
685.81 23.8646869045
686.98 23.9986415863
688.15 24.0646755844
689.31 24.3816387752
690.49 24.4457860876
691.66 24.3835254608
692.84 24.1646699243
694.01 23.9590211875
695.18 24.0458087278
696.35 23.900533932
697.51 24.1118427259
698.69 24.4042790031
699.85 24.4571062015
701.02 24.6721883667
702.19 24.4967266004
703.36 24.2212704941
704.53 23.9873214724
705.7 23.8722336472
706.88 23.9080806747
708.04 24.3023979775
709.21 24.4061656887
710.39 24.4589928872
711.56 24.3891855178
712.73 24.260890893
713.9 24.0080750146
715.08 23.8816670754
716.25 23.8194064487
717.43 23.9760013584
718.6 24.4306926023
719.77 24.4703130012
720.94 24.5854008264
722.11 21.0572986435
723.28 17.4065618927
724.45 14.259570213
725.62 12.0276210781
726.79 10.250363187
727.96 9.07873139256
729.13 8.30330358659
730.29 7.82219874347
731.46 7.01658396695
732.64 6.23549610399
733.81 5.37328075769
734.99 4.65822689282
736.16 4.20730902024
737.33 4.07712770975
738.49 4.10542799464
739.66 4.30730336019
740.83 4.31485010282
742.0 4.03562062525
743.17 3.5186687546
744.33 3.07152425334
745.5 2.66022677962
746.68 2.54702564006
747.85 2.5866460389
749.01 2.79418146143
750.17 2.99228345565
751.33 2.90172254401
752.51 2.57532592495
753.69 2.31684998962
754.85 2.18666867913
756.02 2.02818708375
757.19 1.85461200309
758.36 2.05082731166
759.53 2.43193781484
760.69 2.4338245005
761.85 2.24704262023
763.02 2.0583740543
764.18 1.58670263947
765.35 1.35086693206
766.53 1.32634001849
767.7 1.59802275343
768.87 1.92253268683
770.04 2.27345621946
771.21 2.26024941984
772.37 2.06592079694
773.54 1.77914457672
774.72 1.44708790068
775.89 1.1867252797
777.06 1.24521253514
778.23 1.55651566892
779.41 1.71311057865
780.59 1.8866856593
781.75 1.78291794804
782.92 1.63764315227
784.09 1.47161481426
785.25 1.19804539366
786.43 1.15653830915
787.61 1.51312189876
788.78 1.97535988529
789.95 2.11120125276
791.12 2.17912193649
792.29 1.8357451465
793.46 1.56972246854
794.64 1.2470992208
795.81 1.08673093976
796.98 1.00749014207
798.15 1.24898590646
799.32 1.46595475728
800.49 1.66783012282
801.66 1.6734901798
802.83 1.48859498519
804.0 1.11314453899
805.17 0.832028375752
806.33 0.690526951305
807.51 0.901835745147
808.68 1.29237967662
809.85 1.5810425825
811.01 1.63009640964
812.18 1.65651000887
813.34 1.29049299096
814.51 0.92070260174
815.69 0.733920721469
816.85 0.830141690093
818.02 1.16219836613
819.2 1.51500858442
820.37 1.59802275343
821.54 1.54519555497
822.71 1.33011338981
823.89 0.939569458333
825.05 0.650906552459
826.22 0.694300322623
827.41 0.809388147841
828.58 1.15087825217
829.75 1.60556949607
830.92 1.73763749222
832.09 1.5206686414
833.25 1.22257230723
834.44 0.792407976907
835.61 0.764107692017
836.79 0.750900892402
837.95 0.933909401355
839.12 1.21313887893
840.29 1.54142218365
841.45 1.42256098711
842.62 1.36218704602
843.8 1.1452181952
844.97 0.847121861027
846.14 0.603739410977
847.31 0.669773409052
848.48 0.986736599815
849.65 1.33388676113
850.82 1.50746184178
851.99 1.40558081618
853.16 1.26030602041
854.33 0.8112748335
855.5 0.584872554384
856.68 0.662226666415
857.85 0.699960379601
859.01 1.19049865102
860.18 1.53010206969
861.34 1.794238062
862.51 1.36030036036
863.68 0.954662943607
864.85 0.562232326472
866.01 0.556572269494
867.18 0.741467464106
868.34 1.02258362734
869.51 1.16219836613
870.68 1.42256098711
871.85 1.26785276305
873.02 1.09805105371
874.19 0.728260664491
875.36 0.545252155538
876.53 0.641473124163
877.69 0.877308831576
878.86 1.09050431108
880.03 1.48104824255
881.21 1.39237401657
882.38 1.34709356074
883.55 1.04333716959
884.73 0.70184706526
885.9 0.435824387299
887.07 0.681093523008
888.24 1.18106522272
889.42 1.43199441541
890.6 1.55651566892
891.77 1.61877629568
892.93 1.4602947003
894.1 1.00560345641
895.28 0.682980208667
896.45 0.615059524933
897.63 0.771654434655
898.81 1.03767711262
899.97 1.54708224063
901.14 1.5206686414
902.31 1.31690659019
903.48 0.933909401355
904.65 0.552798898176
905.81 0.456577929551
906.99 0.59619266834
908.16 0.856555289323
909.33 1.36218704602
910.5 1.33388676113
911.68 1.31879327585
912.85 1.02824368432
914.01 0.599966039658
915.18 0.479218157463
916.35 0.420730902024
917.53 0.673546780371
918.7 1.1772918514
919.88 1.33388676113
921.05 1.41312755882
922.21 4.66011357848
923.38 8.64290700526
924.55 11.9540403373
925.72 14.3633379243
926.89 16.3236043243
928.06 18.0593551308
929.23 19.2083466974
930.41 20.0667886723
931.58 20.7799558516
932.76 21.0403184725
933.93 21.2667207517
935.1 21.3780352056
936.27 21.6233043413
937.43 21.934607475
938.61 22.3742052337
939.78 22.970397902
940.95 23.0798256702
942.11 23.3232081203
943.29 23.0666188706
944.45 22.9402109315
945.62 22.970397902
946.79 22.9854913873
947.95 23.1817066958
949.13 23.4684829161
950.29 23.6118710262
951.46 23.6835650812
952.64 23.5307435428
953.81 23.6439446824
954.98 23.4156557176
956.15 23.302454578
957.31 23.5288568572
958.47 23.9250608456
959.64 23.9344942739
960.8 24.1288228968
961.98 23.9420410165
963.15 23.7533724506
964.32 23.5665905703
965.48 23.6609248533
966.65 23.6137577118
967.82 23.6835650812
968.99 24.0024149576
970.17 24.1627832387
971.33 24.1476897534
972.5 24.0458087278
973.68 23.8061996491
974.85 23.5911174839
976.02 23.57979737
977.19 23.6665849103
978.35 23.900533932
979.52 24.1099560402
980.69 24.1212761542
981.86 24.0326019282
983.03 23.8948738751
984.2 23.7307322227
985.37 23.5533837707
986.54 23.6552647963
987.71 23.7986529064
988.88 24.0609022131
990.05 24.2854178065
991.22 24.3023979775
992.4 24.1231628398
993.57 23.8458200479
994.74 23.7062053091
995.91 23.9194007886
997.07 24.0250551856
998.25 24.2684376356
999.43 24.3891855178
1000.61 24.3552251759
1001.78 24.243910722
1002.95 24.1873101523
1004.12 24.160896553
1005.29 23.8628002189
1006.45 23.7156387374
1007.63 23.828839877
1008.79 24.0759956984
1009.96 24.3872988321
1011.13 24.3533384903
1012.3 24.338245005
1013.47 24.0458087278
1014.64 23.8061996491
1015.81 23.9703413014
1016.99 23.9571345018
1018.15 24.326924891
1019.31 24.3250382054
1020.48 24.3231515197
1021.65 24.2269305511
1022.81 24.0854291267
1023.99 23.8269531913
1025.16 23.6967718808
1026.33 23.7250721657
1027.49 23.834499934
1028.66 23.9835481011
1029.84 24.1533498104
1031.01 24.4250325453
1032.18 24.4684263155
1033.35 24.1118427259
1034.52 23.8382733053
1035.69 23.7024319378
1036.85 23.728845537
1038.02 23.9307209026
1039.19 24.4099390601
1040.36 24.4589928872
1041.53 24.2967379205
1042.7 24.1193894685
1043.88 23.9382676452
1045.04 24.0344886139
1046.21 23.8005395921
1047.4 23.8722336472
1048.57 24.0967492406
1049.74 24.2099503802
1050.92 24.2646642643
1052.09 24.1986302662
1053.26 23.9778880441
1054.44 23.7722393072
1055.61 23.6684715959
1056.78 23.7118653661
1057.95 23.92317416
1059.11 24.1212761542
1060.28 24.2212704941
1061.45 24.3665452899
1062.63 24.155236496
1063.81 23.8609135332
1064.98 23.7137520518
1066.15 23.6401713111
1067.31 23.7911061638
1068.49 24.0571288418
1069.65 24.4721996868
1070.82 24.4910665434
1071.99 24.3118314058
1073.16 24.0326019282
1074.33 23.8005395921
1075.5 23.6835650812
1076.68 23.8137463917
1077.85 24.160896553
1079.03 24.1476897534
1080.2 24.3288115767
1081.37 24.2307039224
1082.54 24.0873158123
1083.72 23.8269531913
1084.89 23.6967718808
1086.06 23.6307378828
1087.23 23.6929985095
1088.41 23.9137407317
1089.59 24.3061713488
1090.75 24.3137180914
1091.93 24.2231571798
1093.09 23.989208158
1094.26 23.7778993642
1095.44 23.6722449673
1096.61 23.7137520518
1097.78 24.1118427259
1098.95 24.2174971228
1100.13 24.2684376356
1101.29 24.4835198008
1102.45 24.4023923174
1103.62 24.0797690697
1104.8 24.0118483859
1105.97 23.7892194781
1107.14 23.7722393072
1108.3 24.0458087278
1109.47 24.1835367809
1110.63 24.2533441503
1111.81 24.1929702092
1112.98 24.0684489557
1114.15 23.817519763
1115.32 23.6911118239
1116.48 23.7231854801
1117.65 23.834499934
1118.82 23.9835481011
1119.99 24.1514631247
1121.16 24.1420296964
1122.32 22.9119106466
1123.49 19.464935947
1124.66 16.1387091297
1125.83 13.4388619512
1127.01 11.4276550384
1128.18 10.0447144501
1129.35 9.2579665302
1130.52 8.29953021527
1131.69 7.44297492595
1132.85 6.4486915835
1134.02 5.6694904062
1135.2 4.99594362583
1136.37 4.37522404392
1137.54 4.34881044469
1138.71 4.24126936211
1139.88 4.18844216365
1141.05 4.0658075958
1142.21 3.62809652284
1143.4 3.12623813746
1144.57 2.68664037885
1145.74 2.46778484237
1146.92 2.45080467143
1148.09 2.63192649473
1149.24 2.72248740637
1150.42 3.14510499406
1151.59 3.073410939
1152.76 2.84889534555
1153.93 2.26590947682
1155.09 1.7848046337
1156.26 1.92064600117
1157.43 1.99045337056
1158.6 2.21308227836
1159.77 2.32439673226
1160.93 2.47344489935
1162.09 2.17157519386
1163.25 1.73763749222
1164.42 1.61500292436
1165.59 1.4602947003
1166.76 1.38105390261
1167.93 1.53198875535
1169.1 1.98290662793
1170.27 2.11497462408
1171.44 1.89800577326
1172.61 1.79046469068
1173.78 1.45274795766
1174.95 1.28294624833
1176.12 1.19993207932
1177.29 1.25087259212
1178.45 1.56028904024
1179.62 1.71499726431
1180.79 1.8866856593
1181.95 1.7848046337
1183.12 1.54330886931
1184.29 1.23577910684
1185.45 1.17540516575
1186.62 0.956549629266
1187.8 1.22445899289
1188.97 1.83008508952
1190.13 1.94328622908
1191.29 2.00177348452
1192.45 1.74707092051
1193.62 1.52444201272
1194.79 1.03767711262
1195.96 0.792407976907
1197.13 0.860328660642
1198.29 1.26973944871
1199.46 1.75839103447
1200.64 1.81499160425
1201.81 1.74707092051
1202.98 1.33766013245
1204.15 0.943342829651
1205.31 1.02824368432
1206.48 0.788634605588
1207.65 0.952776257948
1208.82 1.31690659019
1209.99 1.68669697942
1211.15 1.68481029376
1212.31 1.3999207592
1213.49 1.16219836613
1214.65 0.856555289323
1215.83 0.796181348226
1217.01 0.862215346301
1218.18 1.1772918514
1219.35 1.42822104409
1220.52 1.64896326623
1221.69 1.5716091542
1222.85 1.34332018942
1224.03 0.94522951531
1225.2 0.841461804049
1226.37 0.696187008283
1227.54 0.8112748335
1228.71 1.24521253514
1229.88 1.55840235458
1231.05 1.43010772975
1232.21 1.27351282003
1233.4 1.00560345641
1234.57 0.871648774598
1235.74 0.709393807898
1236.91 0.818821576137
1238.08 0.965983057563
1239.25 1.4187876158
1240.43 1.64330320925
1241.59 1.47350149992
1242.75 1.29426636228
1243.92 1.11125785333
1245.09 0.735807407128
1246.25 0.830141690093
1247.43 0.879195517235
1248.61 1.18483859404
1249.77 1.52821538403
1250.94 1.60368281041
1252.11 1.36030036036
1253.28 1.14333150954
1254.45 0.750900892402
1255.61 0.462237986529
1256.79 0.599966039658
1257.96 0.856555289323
1259.13 1.08107088278
1260.29 1.28671961964
1261.46 1.29426636228
1262.63 1.11125785333
1263.8 0.924475973058
1264.97 0.452804558233
1266.13 0.501858385374
1267.3 0.713167179216
1268.47 1.19804539366
1269.64 1.43954115805
1270.81 1.74895760617
1271.98 1.52632869838
1273.15 1.13201139558
1274.31 0.745240835424
1275.48 0.45846461521
1276.65 0.409410788069
1277.82 0.667886723393
1278.99 0.986736599815
1280.16 1.42822104409
1281.33 1.4602947003
1282.49 1.28671961964
1283.66 1.01315019905
1284.83 0.686753579986
1286.01 0.522611927627
1287.17 0.630153010207
1288.34 0.873535460257
1289.51 1.27728619135
1290.68 1.38482727393
1291.85 1.24898590646
1293.02 1.27728619135
1294.19 1.00749014207
1295.36 0.588645925702
1296.53 0.475444786144
1297.7 0.794294662566
1298.87 1.04899722657
1300.04 1.1772918514
1301.21 1.23955247816
1302.4 1.1772918514
1303.57 0.86410203196
1304.74 0.611286153614
1305.91 0.29809633417
1307.08 0.516951870649
1308.25 0.911269173443
1309.43 1.10748448201
1310.6 1.29992641926
1311.77 1.20747882195
1312.93 1.06597739751
1314.1 0.618832896251
1315.27 0.584872554384
1316.45 0.566005697791
1317.61 0.652793238119
1318.78 0.882968888553
1319.95 1.18861196536
1321.12 1.24521253514
1322.29 1.08673093976
1323.45 2.79795483275
1324.62 6.95621002585
1325.79 10.7333547158
1326.95 13.6596041733
1328.12 16.0670150746
1329.29 17.6461709715
1330.45 19.0026979605
1331.62 19.7762390808
1332.8 20.2554572383
1333.97 20.5912872856
1335.14 20.8516499066
1336.31 21.1723864687
1337.49 21.613870913
1338.65 22.1195026697
1339.83 22.4647661453
1341.0 22.9213440749
1342.17 22.8666301907
1343.34 22.7458823085
1344.51 22.8722902477
1345.69 22.7477689942
1346.85 22.8741769334
1348.02 23.1269928117
1349.2 23.3458483482
1350.37 23.5514970851
1351.54 23.8420466766
1352.71 23.6099843405
1353.89 23.3986755467
1355.05 23.2949078354
1356.22 23.2420806369
1357.41 23.5930041696
1358.58 23.6741316529
1359.75 23.9024206177
1360.91 23.92317416
1362.09 23.8401599909
1363.26 23.7024319378
1364.44 23.5401769711
1365.61 23.4590494878
1366.78 23.7024319378
1367.95 23.917514103
1369.11 24.0250551856
1370.28 24.077882384
1371.45 24.1061826689
1372.62 23.9307209026
1373.79 23.9363809596
1374.96 23.657151482
1376.13 23.6118710262
1377.29 23.7778993642
1378.46 23.9552478162
1379.63 24.2325906081
1380.8 24.1835367809
1381.97 24.0627888987
1383.14 23.9099673603
1384.31 23.7382789653
1385.48 23.8401599909
1386.64 23.8929871894
1387.81 23.917514103
1388.98 24.1193894685
1390.15 24.2212704941
1391.32 24.2703243213
1392.49 24.1080693546
1393.66 23.9307209026
1394.83 24.0326019282
1396.01 24.0816557553
1397.18 24.0137350716
1398.35 24.072222327
1399.51 24.1967435806
1400.68 24.2590042073
1401.85 24.1967435806
1403.03 24.0703356414
1404.2 24.006188329
1405.38 23.8816670754
1406.55 23.817519763
1407.72 23.8816670754
1408.89 24.1948568949
1410.06 24.5420070562
1411.24 24.4306926023
1412.42 24.1873101523
1413.6 23.9722279871
1414.77 23.7684659359
1415.94 23.7628058789
1417.11 23.8533667906
1418.28 24.0873158123
1419.44 24.2042903232
1420.61 24.3571118616
1421.78 24.432579288
1422.95 24.1891968379
1424.12 23.9722279871
1425.29 23.9571345018
1426.44 24.1401430108
1427.61 24.1363696395
1428.78 24.2288172368
1429.95 24.3684319755
1431.11 24.4401260306
1432.29 24.2854178065
1433.45 24.0212818142
1434.63 23.8873271324
1435.8 23.8212931344
1436.97 23.8835537611
1438.14 24.0080750146
1439.31 24.2590042073
1440.48 24.2891911779
1441.65 24.3061713488
1442.82 24.1250495255
1443.99 23.9401543309
1445.15 23.7533724506
1446.31 23.7533724506
1447.49 24.1325962681
1448.64 24.2269305511
1449.81 24.5571005415
1450.99 24.5325736279
1452.16 24.332584948
1453.32 24.1382563251
1454.49 23.9477010735
1455.65 24.0401486708
1456.83 23.9910948437
1457.99 24.0627888987
1459.16 24.4740863725
1460.33 24.4929532291
1461.5 24.4061656887
1462.67 24.1759900383
1463.85 24.1533498104
1465.02 23.8609135332
1466.19 23.8080863347
1467.35 24.1590098674
1468.53 24.4288059166
1469.7 24.4684263155
1470.87 24.4891798577
1472.05 24.3118314058
1473.22 24.1269362112
1474.41 23.9420410165
1475.58 23.8477067336
1476.75 23.8967605607
1477.93 24.0137350716
1479.09 24.2627775786
1480.26 24.3854121465
1481.43 24.3533384903
1482.61 24.243910722
1483.78 23.9986415863
1484.95 23.8778937041
1486.12 23.8156330774
1487.28 23.9741146728
1488.45 24.1476897534
1489.62 24.5174801426
1490.79 24.5137067713
1491.95 24.6061543686
1493.12 24.4646529442
1494.29 24.1099560402
1495.46 23.9326075882
1496.63 23.9382676452
1497.79 24.1288228968
1498.96 24.5080467143
1500.12 24.7929362489
1501.29 24.6514348244
1502.45 24.5797407694
1503.62 24.2627775786
1504.8 24.0080750146
1505.97 23.8816670754
1507.14 23.9137407317
1508.31 24.1175027829
1509.47 24.3137180914
1510.64 24.4118257457
1511.81 24.3665452899
1512.99 24.155236496
1514.16 24.1439163821
1515.32 23.9495877592
1516.49 23.9477010735
1517.65 24.0401486708
1518.83 24.4627662585
1519.99 24.581627455
1521.17 24.5457804275
1522.33 24.6212478539
1523.5 24.2835311209
1524.67 21.9440409033
1525.84 18.6989415693
1527.01 15.7557119408
1528.17 13.6237571458
1529.33 11.9917740505
1530.5 10.4201648963
1531.68 8.9749636813
1532.85 7.78069165896
1534.02 6.7128275758
1535.2 5.89400599966
1536.38 5.39214761429
1537.56 5.13933173594
1538.73 5.01481048243
1539.9 5.04499745297
1541.07 4.87330905798
1542.25 4.31485010282
1543.42 3.84695205932
1544.59 3.42433447163
1545.76 3.11869139483
1546.93 3.06020413939
1548.1 3.03001716884
1549.27 3.20547893515
1550.44 3.48093504141
1551.61 3.33566024565
1552.79 2.97907665604
1553.95 2.51872535517
1555.12 2.0998811388
1556.29 2.07912759655
1557.45 2.06969416825
1558.62 2.25270267721
1559.79 2.62626643775
1560.95 2.72060072071
1562.12 2.48287832764
1563.29 2.17723525083
1564.45 1.83385846084
1565.62 1.6640567515
1566.8 1.57726921118
1567.97 1.91309925853
1569.14 2.07912759655
1570.31 2.25836273418
1571.48 2.25270267721
1572.65 1.96592645699
1573.82 1.73009074958
1575.0 1.42256098711
1576.17 1.36218704602
1577.34 1.52255532706
1578.52 1.69613040771
1579.69 1.87725223101
1580.85 1.96781314265
1582.01 2.01309359848
1583.18 1.56406241156
1584.35 1.24521253514
1585.52 1.0848442541
1586.69 1.19427202234
1587.85 1.43765447239
1589.02 1.74895760617
1590.2 1.9980001132
1591.38 1.93385280078
1592.55 1.71311057865
1593.73 1.41312755882
1594.9 1.16974510877
1596.07 0.954662943607
1597.25 1.0339037413
1598.43 1.3584136747
1599.61 1.70745052167
1600.78 1.88291228798
1601.95 1.68858366508
1603.12 1.40180744486
1604.29 1.25841933475
1605.45 1.09239099674
1606.62 0.915042544762
1607.79 1.20370545063
1608.96 1.53576212667
1610.13 1.70367715035
1611.3 1.78669131936
1612.47 1.54519555497
1613.64 1.14144482388
1614.81 0.939569458333
1615.97 0.743354149765
1617.14 0.930136030036
1618.3 1.21125219327
1619.48 1.44520121503
1620.65 1.56406241156
1621.82 1.43388110107
1622.99 1.27351282003
1624.15 1.09993773937
1625.32 0.824481633115
1626.49 0.781087862951
1627.67 1.04333716959
1628.85 1.26785276305
1630.01 1.47350149992
1631.17 1.57726921118
1632.33 1.44142784371
1633.51 1.08861762542
1634.68 0.818821576137
1635.85 0.684866894327
1637.02 0.711280493557
1638.19 1.10182442503
1639.36 1.39048733091
1640.53 1.63009640964
1641.69 1.5621757259
1642.86 1.14899156652
1644.03 0.849008546686
1645.2 0.605626096636
1646.38 0.671660094712
1647.55 0.89240231685
1648.72 1.38105390261
1649.89 1.53198875535
1651.06 1.60556949607
1652.23 1.45463464332
1653.41 1.00183008509
1654.57 0.869762088938
1655.74 0.615059524933
1656.92 0.771654434655
1658.09 1.13201139558
1659.25 1.49991509915
1660.42 1.59047601079
1661.59 1.44708790068
1662.76 1.09239099674
1663.93 0.915042544762
1665.09 0.637699752844
1666.26 0.688640265645
1667.44 0.901835745147
1668.61 1.10182442503
1669.77 1.48670829953
1670.94 1.58292926815
1672.11 1.44331452937
1673.28 1.18483859404
1674.45 0.773541120314
1675.62 0.566005697791
1676.79 0.558458955153
1677.95 0.835801747071
1679.12 1.06975076882
1680.29 1.37539384563
1681.45 1.43388110107
1682.62 1.18106522272
1683.8 0.86410203196
1684.97 0.801841405203
1686.14 0.67543346603
1687.31 0.799954719544
1688.49 1.14710488086
1689.65 1.41312755882
1690.82 1.45274795766
1691.99 1.37916721695
1693.15 1.15276493783
1694.31 0.850895232345
1695.48 0.605626096636
1696.65 0.671660094712
1697.82 0.89240231685
1698.99 1.09805105371
1700.16 1.39048733091
1701.33 1.44142784371
1702.5 1.18295190838
1703.68 0.771654434655
1704.85 0.566005697791
1706.01 0.558458955153
1707.18 0.552798898176
1708.34 0.833915061412
1709.51 1.16408505179
1710.69 1.23389242118
1711.85 1.17351848009
1713.03 0.956549629266
1714.21 0.658453295097
1715.39 0.509405128012
1716.56 0.528271984605
1717.73 0.822594947456
1718.9 1.06220402619
1720.08 1.46595475728
1721.25 1.38482727393
1722.43 1.06220402619
1723.61 0.711280493557
1724.78 2.61117295247
1725.95 6.76754145992
1727.12 10.6390204328
1728.29 13.8011055978
1729.45 16.042488161
1730.63 17.6348508575
1731.8 18.7140350546
1732.97 19.4422957191
1734.14 19.9950946173
1735.3 20.5554402581
1736.48 21.0233383016
1737.64 21.5402901723
1738.81 21.8931003905
1739.99 22.4458992887
1741.15 22.6289077977
1742.31 22.721355395
1743.49 22.7666358508
1744.65 22.7892760787
1745.82 22.8949304756
1746.99 22.8534233911
1748.15 23.1156726978
1749.32 23.2458540083
1750.49 23.4062222893
1751.66 23.5816840556
1752.83 23.47980303
1754.0 23.2401939513
1755.17 23.2137803521
1756.34 23.391128804
1757.51 23.5722506273
1758.68 23.7590325076
1759.84 23.8514801049
1761.01 23.9910948437
1762.18 23.9684546158
1763.35 23.5779106843
1764.52 23.5722506273
1765.69 23.4760296587
1766.85 23.6156443975
1768.02 23.6854517669
1769.2 23.8137463917
1770.38 23.9741146728
1771.55 24.0533554704
1772.73 23.8099730204
1773.9 23.6873384525
1775.07 23.6269645114
1776.25 23.5024432579
1777.42 23.7231854801
1778.59 23.834499934
1779.76 24.172216667
1780.94 24.0571288418
1782.11 24.0948625549
1783.27 23.8307265626
1784.44 23.7929928495
1785.61 23.7741259929
1786.77 23.8590268475
1787.94 23.9024206177
1789.11 24.2061770088
1790.29 24.1684432957
1791.45 24.0571288418
1792.62 24.0948625549
1793.79 23.8307265626
1794.95 23.6986585665
1796.11 23.7269588514
1797.29 23.9288342169
1798.45 24.1250495255
1799.62 24.2231571798
1800.79 24.2722110069
1801.96 24.1080693546
1803.13 24.1212761542
1804.29 23.9382676452
1805.46 23.751485765
1806.63 23.7533724506
1807.8 24.0382619852
1808.96 24.3684319755
1810.13 24.343905062
1811.3 24.426919231
1812.48 24.2797577496
1813.65 24.1118427259
1814.81 23.8401599909
1815.99 23.7024319378
1817.15 23.82317982
1818.32 23.9778880441
1819.5 24.1495764391
1820.67 24.4250325453
1821.85 24.3722053469
1823.02 24.1590098674
1824.2 23.9571345018
1825.37 23.9495877592
1826.54 23.9477010735
1827.71 24.1344829538
1828.87 24.3212648341
1830.04 24.3212648341
1831.2 24.415599117
1832.37 24.1797634096
1833.54 24.0627888987
1834.72 24.0024149576
1835.89 23.7854461068
1837.06 23.9590211875
1838.24 24.0458087278
1839.41 24.2778710639
1840.59 24.2986246062
1841.76 24.2156104371
1842.93 24.0797690697
1844.1 24.0118483859
1845.27 23.8835537611
1846.44 23.8194064487
1847.61 23.9760013584
1848.79 24.0552421561
1849.96 24.2816444352
1851.12 24.3967322604
1852.29 24.1703299813
1853.45 23.9627945588
1854.61 23.7646925646
1855.78 23.8533667906
1856.95 23.8043129634
1858.12 23.9684546158
1859.28 24.3344716337
1860.45 24.326924891
1861.62 24.4193724883
1862.8 24.2759843782
1863.97 24.0156217573
1865.14 23.8854404468
1866.31 23.7250721657
1867.48 24.0231684999
1868.64 24.3608852329
1869.81 24.4363526593
1870.99 24.3778654038
1872.15 24.255230836
1873.32 24.006188329
1874.49 23.9741146728
1875.66 23.8646869045
1876.83 23.8099730204
1878.0 24.0665622701
1879.17 24.1929702092
1880.34 24.4457860876
1881.51 24.4778597438
1882.69 24.3061713488
1883.85 24.1250495255
1885.02 23.9401543309
1886.19 24.0363752995
1887.36 24.177876724
1888.53 24.155236496
1889.71 24.426919231
1890.88 24.4684263155
1892.05 24.3005112918
1893.22 24.2174971228
1894.41 24.0797690697
1895.58 24.0118483859
1896.75 24.16655661
1897.91 24.243910722
1899.08 24.4721996868
1900.25 24.5854008264
1901.42 24.6420013961
1902.59 24.4816331151
1903.76 24.3061713488
1904.93 24.1250495255
1906.09 24.0344886139
1907.25 23.989208158
1908.43 24.249570779
1909.61 24.4740863725
1910.78 24.3986189461
1911.96 24.2646642643
1913.13 24.1986302662
1914.29 24.072222327
1915.46 23.8194064487
1916.64 23.7873327925
1917.81 24.0533554704
1918.98 24.1873101523
1920.15 24.4438994019
1921.32 24.2873044922
1922.49 24.3042846631
1923.66 24.2193838085
1924.83 24.0816557553
1926.01 20.8044827651
1927.18 17.4688225195
1928.34 14.95198385
1929.51 12.9388902515
1930.68 11.3672810973
1931.85 9.73152463068
1933.02 8.25236307379
1934.19 7.13733184914
1935.37 6.20153576213
1936.53 5.63930343565
1937.7 5.35818727242
1938.87 5.21668584797
1940.04 5.14687847858
1941.21 4.73558100485
1942.39 4.43371129936
1943.56 3.81299171745
1944.73 3.31302001773
1945.89 2.96775654208
1947.06 2.98473671302
1948.24 3.27717299021
1949.41 3.42244778597
1950.59 3.39980755806
1951.76 3.20170556384
1952.93 2.72437409203
1954.09 2.39043073034
1955.25 2.22440239232
1956.42 2.04705394034
1957.59 2.24138256325
1958.75 2.4338245005
1959.92 2.62249306643
1961.09 2.62437975209
1962.25 2.34137690319
1963.42 2.01120691282
1964.59 1.75084429183
1965.76 1.622549667
1966.93 1.65084995189
1968.09 1.94894628606
1969.25 2.19232873611
1970.43 2.220629021
1971.61 2.13950153765
1972.78 2.00366017018
1973.95 1.56028904024
1975.13 1.24332584948
1976.29 1.36784710299
1977.46 1.43010772975
1978.63 1.83763183216
1979.8 2.13761485199
1980.97 2.00366017018
1982.14 2.03007376941
1983.3 1.57349583986
1984.48 1.24898590646
1985.65 1.08861762542
1986.82 1.10182442503
1987.99 1.39048733091
1989.16 1.63009640964
1990.33 1.75084429183
1991.5 1.80933154727
1992.67 1.55651566892
1993.84 1.33577344679
1995.01 1.13201139558
1996.19 0.933909401355
1997.35 1.11880459597
1998.52 1.49425504217
1999.69 1.77725789106
2000.85 1.82253834689
2002.02 1.65839669453
2003.19 1.38671395959
2004.37 1.06220402619
2005.54 0.899949059487
2006.71 0.818821576137
2007.89 1.15465162349
2009.05 1.51312189876
2010.24 1.69047035073
2011.41 1.68669697942
2012.58 1.49425504217
2013.75 1.11691791031
2014.92 0.832028375752
2016.09 0.690526951305
2017.25 0.809388147841
2018.42 1.24521253514
2019.59 1.65084995189
2020.75 1.66594343716
2021.93 1.48482161387
2023.09 1.11125785333
2024.25 0.924475973058
2025.42 0.737694092787
2026.59 0.737694092787
2027.74 1.02069694168
2028.91 1.35086693206
2030.08 1.51500858442
2031.25 1.59802275343
2032.42 1.35652698904
2033.6 1.14144482388
2034.77 0.939569458333
2035.94 0.83957511839
2037.12 0.882968888553
2038.29 1.09239099674
2039.45 1.38671395959
2040.62 1.62820972398
2041.79 1.46595475728
2042.96 1.196158708
2044.13 1.06220402619
2045.29 0.899949059487
2046.46 0.818821576137
2047.64 0.965983057563
2048.81 1.32445333283
2049.99 1.5018017848
2051.15 1.49802841349
2052.31 1.30558647624
2053.48 0.928249344377
2054.65 0.737694092787
2055.81 0.737694092787
2056.97 0.737694092787
2058.13 0.926362658717
2059.28 1.30369979058
2060.44 1.39803407354
2061.61 1.44520121503
2062.77 1.28105956267
2063.94 0.820708261797
2065.11 0.684866894327
2066.28 0.616946210592
2067.45 0.771654434655
2068.63 1.03767711262
2069.8 1.26407939173
2070.97 1.37916721695
2072.13 1.34143350376
2073.29 1.13389808124
2074.45 0.841461804049
2075.63 0.599966039658
2076.81 0.575439126087
2077.98 0.845235175367
2079.15 1.16785842311
2080.32 1.42444767277
2081.49 1.36407373168
2082.65 1.05088391223
2083.82 0.894289002509
2085.0 0.533932041583
2086.17 0.447144501255
2087.34 0.781087862951
2088.52 1.1357847669
2089.69 1.22068562157
2090.86 1.450861272
2092.03 1.47161481426
2093.2 1.00937682773
2094.38 0.684866894327
2095.55 0.616946210592
2096.73 0.582985868724
2097.9 0.754674263721
2099.07 1.12446465294
2100.25 1.49614172783
2101.41 1.3999207592
2102.59 1.16408505179
2103.76 0.856555289323
2104.93 0.51317849933
2106.1 0.532045355923
2107.27 0.728260664491
2108.44 0.922589287399
2109.61 1.20747882195
2110.77 1.3489802464
2111.94 1.32634001849
2113.12 1.03201705564
2114.29 0.790521291248
2115.45 0.575439126087
2116.63 0.562232326472
2117.8 0.745240835424
2118.97 1.11880459597
2120.13 1.30558647624
2121.29 1.30369979058
2122.45 1.02069694168
2123.61 0.690526951305
2124.78 0.62071958191
2125.95 3.60356960927
2127.12 8.01841405203
2128.29 11.8314057695
2129.45 14.774635398
2130.62 16.7179216271
2131.79 17.9725675905
2132.96 18.7876157953
2134.13 19.3856951493
2135.29 19.8724600494
2136.47 20.4931796313
2137.64 21.1799332113
2138.8 21.7138652529
2139.98 22.0742222138
2141.14 22.4421259174
2142.3 22.4383525461
2143.47 22.6251344264
2144.64 22.6251344264
2145.81 22.7175820237
2146.98 22.9534177311
2148.15 23.0722789276
2149.31 23.4137690319
2150.49 23.4892364583
2151.66 23.4345225742
2152.83 23.3118880063
2154.01 23.2496273796
2155.18 23.219440409
2156.36 23.2043469238
2157.52 23.3854687471
2158.69 23.5703639417
2159.85 23.8514801049
2161.02 23.8043129634
2162.21 23.7797860498
2163.39 23.5779106843
2164.55 23.5722506273
2165.72 23.3816953757
2166.89 23.474142973
2168.05 23.6137577118
2169.23 23.9684546158
2170.41 24.2382506651
2171.58 24.0910891836
2172.75 23.92317416
2173.92 23.651491425
2175.09 23.7024319378
2176.25 23.5401769711
2177.43 23.6477180537
2178.6 23.7967662208
2179.78 23.9646812445
2180.95 24.1420296964
2182.13 24.1382563251
2183.29 24.0401486708
2184.45 23.7099786805
2185.63 23.8269531913
2186.81 23.6967718808
2187.98 23.9137407317
2189.15 24.2118370658
2190.32 24.3608852329
2191.49 24.3420183763
2192.66 24.2363639794
2193.83 23.9967549007
2195.01 23.6873384525
2196.18 23.8156330774
2197.35 23.9741146728
2198.53 24.1476897534
2199.7 24.3288115767
2200.87 24.2307039224
2202.04 24.2759843782
2203.21 24.1099560402
2204.39 23.9326075882
2205.56 23.9382676452
2206.72 23.9401543309
2207.89 24.1307095825
2209.05 24.3212648341
2210.21 24.3212648341
2211.39 24.2269305511
2212.55 23.9910948437
2213.73 23.9665679301
2214.9 23.9552478162
2216.07 23.9495877592
2217.24 24.0420353565
2218.42 24.0873158123
2219.59 24.3929588891
2220.77 24.3571118616
2221.94 24.338245005
2223.11 24.2363639794
2224.28 24.089202498
2225.45 23.828839877
2226.62 23.8854404468
2227.79 24.1042959832
2228.95 24.2118370658
2230.12 24.3608852329
2231.29 24.3420183763
2232.46 24.3306982624
2233.63 24.0439220421
2234.81 23.9929815293
2235.98 23.9684546158
2237.16 23.8628002189
2238.32 24.0910891836
2239.49 24.2061770088
2240.66 24.4533328302
2241.83 24.2929645492
2243.0 24.2118370658
2244.17 24.077882384
2245.34 23.82317982
2246.51 23.8835537611
2247.68 24.1024092976
2248.85 24.2118370658
2250.02 24.2665509499
2251.19 24.4816331151
2252.37 24.4023923174
2253.55 24.2665509499
2254.73 24.0118483859
2255.9 23.7892194781
2257.07 23.9609078731
2258.24 24.0458087278
2259.41 24.1835367809
2260.59 24.2533441503
2261.76 24.1929702092
2262.93 23.9741146728
2264.1 23.9590211875
2265.26 23.7628058789
2266.43 23.7590325076
2267.59 24.0401486708
2268.77 24.1816500953
2269.94 24.2514574647
2271.11 24.4740863725
2272.28 24.3986189461
2273.45 23.9816614154
2274.62 23.9627945588
2275.79 23.9533611305
2276.95 23.8552534762
2278.12 24.0873158123
2279.29 24.2042903232
2280.46 24.4514461446
2281.63 24.3872988321
2282.81 24.0703356414
2283.98 24.0080750146
2285.15 23.8816670754
2286.32 24.006188329
2287.49 24.1646699243
2288.66 24.1476897534
2289.83 24.2344772937
2291.0 24.4665396298
2292.17 24.3948455748
2293.35 24.1684432957
2294.53 23.9627945588
2295.69 23.9533611305
2296.85 24.0420353565
2298.02 24.1816500953
2299.19 24.2514574647
2300.37 24.4759730581
2301.54 24.3042846631
2302.72 24.2174971228
2303.89 24.0816557553
2305.05 23.82317982
2306.23 23.8835537611
2307.4 24.1024092976
2308.58 24.3061713488
2309.75 24.4080523744
2310.92 24.4589928872
2312.09 24.2967379205
2313.25 24.2137237515
2314.43 24.1741033526
2315.61 24.0590155274
2316.78 24.0948625549
2317.94 24.1137294115
2319.11 24.4061656887
2320.27 24.6476614531
2321.45 24.6721883667
2322.62 24.4023923174
2323.8 24.2684376356
2324.97 23.917514103
2326.14 23.4590494878
2327.31 20.3045110654
2328.49 17.2197800125
2329.65 14.8274625965
2330.82 12.7822953418
2332.0 10.8163688848
2333.17 9.17306567553
2334.35 7.97313359621
2335.53 6.99771711035
2336.7 6.32039695866
2337.88 6.07512782295
2339.05 5.86004565779
2340.23 5.75061788955
2341.41 5.32045355923
2342.59 4.63181329359
2343.76 4.09976793766
2344.93 3.64507669377
2346.1 3.41867441466
2347.27 3.3979208724
2348.44 3.38848744411
2349.61 3.66771692168
2350.79 3.61677640888
2351.96 3.40358092938
2353.13 2.9205894006
2354.3 2.48853838462
2355.48 2.17912193649
2356.65 2.30741656133
2357.82 2.37156387374
2358.99 2.78097466181
2360.16 2.70362054978
2361.33 2.7583344339
2362.5 2.50174518423
2363.68 2.18666867913
2364.85 1.93385280078
2366.02 1.80744486161
2367.2 1.83763183216
2368.38 2.04328056902
2369.55 2.42816444352
2370.72 2.33760353188
2371.89 2.29232307605
2373.06 1.98667999925
2374.24 1.55085561195
2375.41 1.5206686414
2376.59 1.41312755882
2377.75 1.64141652359
2378.92 1.75461766315
2380.09 1.90743920155
2381.25 1.98290662793
2382.41 1.92630605815
2383.58 1.61500292436
2384.75 1.26973944871
2385.92 1.09805105371
2387.09 1.29615304794
2388.25 1.58292926815
2389.42 1.72631737826
2390.59 1.89234571628
2391.76 1.88102560232
2392.93 1.59236269645
2394.09 1.25841933475
2395.25 1.1867252797
2396.42 0.962209686244
2397.6 1.22823236421
2398.77 1.64330320925
2399.93 1.75650434881
2401.09 1.81310491859
2402.25 1.74707092051
2403.42 1.43010772975
2404.59 1.27351282003
2405.76 1.00560345641
2406.93 1.06031734053
2408.1 1.36973378865
2409.27 1.71499726431
2410.44 1.8866856593
2411.61 1.68858366508
2412.77 1.40180744486
2413.94 1.16408505179
2415.11 0.950889572288
2416.28 0.750900892402
2417.45 0.932022715695
2418.61 1.40180744486
2419.78 1.63575646662
2420.95 1.75273097749
2422.12 1.622549667
2423.29 1.17917853706
2424.45 0.958436314926
2425.63 0.660339980756
2426.8 0.886742259872
2427.97 1.09616436805
2429.13 1.38860064525
2430.3 1.53387544101
2431.48 1.4187876158
2432.65 1.36218704602
2433.83 0.954662943607
2435.01 0.658453295097
2436.18 0.792407976907
2437.36 0.952776257948
2438.53 1.22257230723
2439.71 1.45274795766
2440.88 1.75461766315
2442.05 1.53010206969
2443.22 1.22823236421
2444.39 0.794294662566
2445.55 0.765994377677
2446.73 0.939569458333
2447.9 1.12257796728
2449.07 1.3074731619
2450.24 1.58858932513
2451.41 1.44520121503
2452.59 1.28105956267
2453.76 1.10371111069
2454.93 0.826368318774
2456.1 0.875422145916
2457.27 0.996170028112
2458.44 1.14899156652
2459.61 1.32067996151
2460.77 1.40746750184
2461.94 1.44897458634
2463.11 1.28294624833
2464.28 1.00937682773
2465.45 0.684866894327
2466.62 0.805614776522
2467.79 0.960323000585
2468.96 1.22634567855
2470.13 1.45463464332
2471.29 1.37916721695
2472.45 1.34143350376
2473.61 0.94522951531
2474.78 0.747127521084
2475.95 0.835801747071
2477.12 0.786747919929
2478.29 1.13955813822
2479.45 1.50557515612
2480.62 1.59236269645
2481.79 1.35464030338
2482.96 1.13955813822
2484.13 0.845235175367
2485.3 0.696187008283
2486.47 0.62260626757
2487.64 0.869762088938
2488.81 1.08673093976
2489.98 1.2886063053
2491.15 1.48482161387
2492.32 1.20559213629
2493.49 0.877308831576
2494.65 0.713167179216
2495.82 0.537705412901
2497.0 0.732034035809
2498.17 1.11125785333
2499.33 1.20747882195
2500.49 1.44520121503
2501.66 1.37350715997
2502.83 1.15087825217
2504.01 0.943342829651
2505.17 0.558458955153
2506.34 0.552798898176
2507.51 0.928249344377
2508.68 1.21125219327
2509.85 1.53953549799
2511.01 1.42256098711
2512.18 1.36218704602
2513.36 1.05088391223
2514.53 0.894289002509
2515.7 0.626379638888
2516.88 0.777314491633
2518.05 1.13389808124
2519.23 1.21879893591
2520.41 1.450861272
2521.58 1.28294624833
2522.75 1.00937682773
2523.92 0.684866894327
2525.09 0.428277644662
2526.25 0.582985868724
2527.43 5.18838556308
2528.6 9.66171726129
2529.77 13.0294511631
2530.94 15.467049035
2532.11 17.1594060714
2533.27 18.3819783786
2534.45 19.1819330981
2535.62 19.8649133068
2536.79 20.3950719771
2537.96 21.1308793842
2539.11 21.6893383393
2540.28 22.1553496972
2541.44 22.4836330019
2542.61 22.4591060883
2543.79 22.3534516914
2544.96 22.2987378073
2546.12 22.555327057
2547.29 22.8722902477
2548.46 23.0307718431
2549.64 23.2986812067
2550.8 23.4326358885
2551.97 23.4062222893
2553.15 23.2967945211
2554.32 23.2439673226
2555.49 23.3100013207
2556.66 23.2496273796
2557.83 23.408108975
2559.01 23.5816840556
2560.18 23.9514744448
2561.35 23.9477010735
2562.52 23.9458143879
2563.69 23.662811539
2564.86 23.6137577118
2566.03 23.6854517669
2567.21 23.6250778258
2568.39 23.7854461068
2569.56 24.0533554704
2570.72 24.2816444352
2571.89 24.3005112918
2573.05 23.9344942739
2574.23 23.8439333623
2575.41 23.8005395921
2576.58 23.6835650812
2577.75 23.8137463917
2578.92 24.0665622701
2580.09 24.1948568949
2581.25 24.2571175216
2582.42 24.2891911779
2583.6 23.9288342169
2584.77 23.6533781107
2585.94 23.6099843405
2587.11 23.8703469615
2588.28 24.0024149576
2589.46 24.160896553
2590.64 24.4306926023
2591.8 24.4703130012
2592.97 24.3005112918
2594.14 24.1231628398
2595.31 23.8439333623
2596.48 23.8948738751
2597.65 23.9194007886
2598.82 24.1193894685
2599.99 24.4099390601
2601.17 24.5533271702
2602.34 24.249570779
2603.52 24.1910835236
2604.69 24.0665622701
2605.86 23.911854046
2607.04 23.9269475313
2608.22 24.1250495255
2609.39 24.4118257457
2610.56 24.5552138558
2611.74 24.343905062
2612.92 24.1439163821
2614.09 24.0439220421
2615.25 23.8043129634
2616.43 23.9684546158
2617.6 24.1458030678
2618.78 24.2325906081
2619.95 24.3722053469
2621.13 24.5344603136
2622.29 24.2401373507
2623.46 24.1854234666
2624.64 24.0646755844
2625.81 24.0986359263
2626.98 24.2099503802
2628.15 24.172216667
2629.31 24.2457974077
2630.49 24.4721996868
2631.64 24.5854008264
2632.81 24.2646642643
2633.98 24.1042959832
2635.15 24.1193894685
2636.33 23.9363809596
2637.49 24.0344886139
2638.66 24.2722110069
2639.83 24.4854064864
2641.0 24.592947569
2642.17 24.5514404845
2643.35 24.3420183763
2644.53 23.9533611305
2645.7 23.9495877592
2646.87 24.1344829538
2648.04 24.3231515197
2649.21 24.5099334
2650.38 24.6986019659
2651.55 24.415599117
2652.72 24.3684319755
2653.89 24.2514574647
2655.06 24.1910835236
2656.24 24.1627832387
2657.41 24.2420240364
2658.59 24.3759787182
2659.76 24.3476784333
2660.93 24.3344716337
2662.1 24.2344772937
2663.27 23.994868215
2664.45 23.7797860498
2665.62 23.9571345018
2666.79 24.0439220421
2667.96 24.2778710639
2669.13 24.4872931721
2670.29 24.4042790031
2671.46 24.2684376356
2672.63 24.2948512348
2673.81 24.0250551856
2674.98 23.7967662208
2676.16 23.6816783956
2677.32 23.906193989
2678.49 24.1137294115
2679.65 24.2174971228
2680.82 24.4589928872
2682.0 24.2948512348
2683.17 24.0250551856
2684.34 23.7967662208
2685.51 23.8703469615
2686.69 24.0948625549
2687.85 24.2080636945
2689.02 24.4533328302
2690.19 24.670301681
2691.37 24.4967266004
2692.54 24.4080523744
2693.72 24.1759900383
2694.89 24.0609022131
2696.06 23.9080806747
2697.23 23.9250608456
2698.4 24.3118314058
2699.57 24.6004943116
2700.74 24.6495481388
2701.91 24.6740750524
2703.08 24.4967266004
2704.25 24.3156047771
2705.42 24.0344886139
2706.59 24.083542441
2707.75 24.1080693546
2708.92 24.4042790031
2710.09 24.6457747675
2711.25 24.6721883667
2712.42 24.5910608833
2713.6 24.172216667
2714.77 24.1533498104
2715.95 23.9533611305
2717.11 24.1382563251
2718.27 24.2288172368
2719.44 24.4646529442
2720.61 24.4872931721
2721.78 24.3099447201
2722.95 24.2212704941
2724.12 23.9873214724
2725.29 24.0609022131
2726.45 24.0967492406
2727.63 22.1327094693
2728.8 18.9819444182
2729.97 16.0858819312
2731.13 13.6954512009
2732.3 11.7446182292
2733.48 9.92019319661
2734.65 8.44103163972
2735.81 7.514668981
2736.99 6.76754145992
2738.16 6.29964341641
2739.33 6.06569439466
2740.5 5.94871988378
2741.68 5.32422693055
2742.85 4.72803426221
2744.03 4.24315604777
2745.21 3.62243646586
2746.38 3.49980189801
2747.55 3.53376223987
2748.72 3.64507669377
2749.89 3.70167726355
2751.05 3.72809086278
2752.23 3.27151293323
2753.4 3.0413372828
2754.57 2.73946757731
2755.74 2.49231175594
2756.91 2.36967718808
2758.08 2.49797181292
2759.25 2.84323528857
2760.43 3.01681036922
2761.59 2.82059506066
2762.75 2.53381884044
2763.92 2.10742788144
2765.09 1.89423240194
2766.25 1.69424372205
2767.42 1.87536554535
2768.59 2.06214742562
2769.75 2.34326358885
2770.93 2.48287832764
2772.09 2.17723525083
2773.25 1.92819274381
2774.43 1.52255532706
2775.61 1.50746184178
2776.77 1.59424938211
2777.94 1.8263117182
2779.11 1.94139954342
2780.28 1.99988679886
2781.45 2.12440805237
2782.63 1.90177914458
2783.8 1.41501424448
2784.97 1.3584136747
2786.14 1.2376657925
2787.31 1.36407373168
2788.49 1.61688961002
2789.65 2.02630039809
2790.82 2.04328056902
2792.0 1.86215874573
2793.17 1.67726355112
2794.34 1.20747882195
2795.51 1.16031168047
2796.68 1.04333716959
2797.85 1.26785276305
2799.01 1.6640567515
2800.19 1.95460634304
2801.37 2.0074335415
2802.54 1.56028904024
2803.71 1.24332584948
2804.88 0.896175688169
2806.05 0.816934890478
2807.22 0.965983057563
2808.4 1.32445333283
2809.57 1.59613606777
2810.74 1.63952983793
2811.91 1.56594909722
2813.08 1.43388110107
2814.25 1.18106522272
2815.42 1.05277059789
2816.6 0.990509971134
2817.77 1.33577344679
2818.94 1.69613040771
2820.1 1.68858366508
2821.26 1.77914457672
2822.43 1.44708790068
2823.6 1.28105956267
2824.77 0.915042544762
2825.93 0.92070260174
2827.1 0.924475973058
2828.27 1.11314453899
2829.44 1.58670263947
2830.61 1.82253834689
2831.78 1.75084429183
2832.95 1.24521253514
2834.12 1.0848442541
2835.29 0.911269173443
2836.45 1.01315019905
2837.62 1.06409071185
2838.79 1.46784144294
2839.96 1.57349583986
2841.13 1.62820972398
2842.3 1.37162047431
2843.48 1.14899156652
2844.65 0.849008546686
2845.82 0.792407976907
2846.99 0.860328660642
2848.16 1.17540516575
2849.34 1.42822104409
2850.51 1.64896326623
2851.68 1.47727487123
2852.85 1.29615304794
2854.02 0.922589287399
2855.19 0.830141690093
2856.37 0.877308831576
2857.53 0.996170028112
2858.7 1.43388110107
2859.87 1.55651566892
2861.04 1.61877629568
2862.21 1.55651566892
2863.39 1.05277059789
2864.56 0.799954719544
2865.73 0.67543346603
2866.9 0.705620436579
2868.07 1.00560345641
2869.24 1.43765447239
2870.41 1.46406807162
2871.58 1.47916155689
2872.75 1.39048733091
2873.92 0.875422145916
2875.09 0.807501462181
2876.25 0.582985868724
2877.43 0.943342829651
2878.6 1.12446465294
2879.77 1.3074731619
2880.93 1.30558647624
2882.1 1.30558647624
2883.27 1.11503122465
2884.43 0.737694092787
2885.59 0.643359809822
2886.75 0.59619266834
2887.93 0.950889572288
2889.11 1.22068562157
2890.28 1.450861272
2891.45 1.28294624833
2892.61 1.19993207932
2893.79 0.873535460257
2894.96 0.711280493557
2896.13 0.535818727242
2897.3 0.826368318774
2898.48 1.15842499481
2899.65 1.32634001849
