0.0 1.34170217667
1.22 0.946293523744
2.43 0.746669737802
3.64 0.552804330301
4.84 0.45491189681
6.06 0.596951898345
7.27 1.14975622865
8.48 1.2322929863
9.68 1.27452109486
10.9 1.00771622711
12.11 0.875273522976
13.32 0.520173519137
14.53 0.533609735498
15.74 0.63726054743
16.95 0.881031901417
18.16 1.29179623018
19.37 1.49525893508
20.58 1.21501785097
21.79 1.07297784944
23.0 0.715958386118
24.21 0.439556220968
25.42 0.591193519905
26.63 0.857998387654
27.84 1.0864140658
29.05 1.29755460862
30.25 1.30715190602
31.46 1.02499136243
32.67 0.595032438865
33.89 0.476025951092
35.11 0.512495681216
36.32 0.721716764559
37.52 1.115205958
38.73 1.31291028446
39.93 1.21885676993
41.14 0.978924334907
42.35 0.763944873124
43.56 0.656455142232
44.76 0.602710276786
45.98 0.671810818074
47.18 0.994280010749
48.39 1.2514875811
49.6 1.28411839226
50.81 1.01347460555
52.03 0.685247034435
53.24 0.520173519137
54.45 0.439556220968
55.66 0.589274060425
56.89 0.857998387654
58.1 1.18238703981
59.31 1.24956812162
60.52 1.28411839226
61.73 1.01155514607
62.95 0.685247034435
64.16 0.616146493148
65.37 0.487542707973
66.59 0.806172981688
67.81 1.06146109256
69.02 1.28411839226
70.23 1.20542055357
71.45 1.06913893048
72.66 0.808092441169
73.88 0.487542707973
75.08 0.614227033667
76.29 0.677569196514
77.5 1.09217244424
78.71 1.39736650159
79.94 1.35705785251
81.16 1.04802487619
82.37 0.702522169757
83.56 0.625743790549
84.76 0.491381626934
85.97 0.616146493148
87.18 0.871434604016
88.39 1.19006487773
89.6 1.34938001459
90.82 1.14015893124
92.03 0.940535145303
93.24 0.648777304311
94.45 0.598871357826
95.65 0.573918384583
96.88 0.850320549733
98.08 1.08257514684
99.29 1.29563514914
100.49 1.21117893201
101.7 0.783139467926
102.92 0.474106491612
104.13 0.512495681216
105.35 0.625743790549
106.56 0.875273522976
107.76 1.19198433721
108.97 1.25532650006
110.18 1.28603785174
111.38 1.01347460555
112.59 0.781220008446
113.81 0.472187032132
115.01 0.510576221736
116.21 0.721716764559
117.42 1.115205958
118.63 1.31291028446
119.86 1.41080271795
121.07 2.61046489309
122.28 5.1307151906
123.48 7.44750278322
124.68 9.37272064187
125.89 10.9102076855
127.1 12.1597758071
128.31 13.2653844677
129.53 13.8162693386
130.74 14.0926715037
131.95 14.3268455603
133.16 14.4439325886
134.37 14.5994088065
135.58 14.8681331337
136.78 15.3863871934
137.98 15.8374601712
139.19 15.9660639564
140.4 16.1272985527
141.61 16.1119428769
142.82 16.008292065
144.03 15.956466659
145.24 16.0274866598
146.46 16.3499558524
147.67 16.6071634228
148.89 16.831740182
150.11 16.8470958578
151.32 16.5687742332
152.53 16.4286536911
153.74 16.1656877423
154.96 16.2271104457
156.16 16.6417136934
157.37 16.8490153173
158.58 17.1446120772
159.79 17.1964374832
161.0 17.0313639679
162.22 16.8509347768
163.43 16.6666666667
164.64 16.6685861261
165.85 16.8624515336
167.06 17.0563169411
168.26 17.3442358632
169.46 17.2962493762
170.67 17.2712964029
171.89 17.067833698
173.11 16.8701293716
174.32 16.7722369381
175.53 16.8183039656
176.74 16.9373104534
177.95 17.3807055933
179.16 17.5054704595
180.37 17.4728396484
181.57 17.0735920765
182.77 16.872048831
183.98 16.7722369381
185.19 16.9142769396
186.4 17.1772428884
187.61 17.3096855925
188.83 17.5668931629
190.04 17.599523974
191.24 17.3269607279
192.45 17.0006526162
193.67 16.9315520749
194.89 16.8029482898
196.1 17.1215785635
197.31 17.4728396484
198.52 17.455564513
199.73 17.6398326231
200.94 17.4440477562
202.15 17.1542093746
203.36 16.9142769396
204.56 16.9852969404
205.77 17.115820185
206.98 17.3749472149
208.19 17.6954969481
209.4 17.5668931629
210.61 17.599523974
211.82 17.2329072133
213.04 17.0486391032
214.24 16.8605320742
215.45 16.9584245077
216.66 17.2943299167
217.88 17.655188299
219.08 17.6436715421
220.29 17.6379131637
221.49 17.3480747821
222.7 17.0102499136
223.92 16.9373104534
225.13 16.9968136973
226.35 17.3135245115
227.56 17.6647855964
228.76 17.6494299205
229.97 17.6398326231
231.18 17.3480747821
232.39 17.2021958616
233.6 17.0332834274
234.81 16.9488272103
236.02 17.0985450497
237.23 17.3653499175
238.44 17.4997120811
239.66 17.6609466774
240.89 17.551537487
242.1 17.2079542401
243.31 17.0352028869
244.52 16.9507466697
245.73 17.0985450497
246.95 17.2693769435
248.16 17.5476985681
249.37 17.7818726247
250.58 17.6110407309
251.79 17.3327191063
253.0 17.0025720757
254.21 17.0294445084
255.42 17.0428807248
256.63 17.4344504588
257.85 17.7242888403
259.06 17.7741947867
260.27 17.79914776
261.48 17.5246650543
262.68 17.2904909977
263.89 17.0774309954
265.11 17.2578601866
266.32 17.4459672156
267.53 17.7300472187
268.74 17.8740066797
269.95 17.7530807325
271.16 17.5956850551
272.37 17.2309877538
273.58 17.1426926178
274.79 17.1004645092
276.0 17.3653499175
277.21 17.6916580291
278.43 17.8528926254
279.64 17.7434834351
280.87 17.6878191101
282.08 17.2751353219
283.29 17.0697531575
284.49 17.1599677531
285.7 17.2041153211
286.92 17.5131482974
288.13 17.6686245153
289.34 17.843295328
290.55 17.6417520826
291.75 17.3480747821
292.97 17.2021958616
294.18 17.0332834274
295.38 17.1407731583
296.58 17.2904909977
297.79 17.4613228915
299.0 17.7396445161
300.22 17.7818726247
301.43 17.5150677569
302.64 17.3807055933
303.86 17.123498023
305.08 17.0889477523
306.29 17.3615109985
307.5 17.6878191101
308.72 17.7569196514
309.93 17.7895504626
311.14 17.5189066759
312.36 17.1925985642
313.57 17.219470997
314.77 17.2348266728
315.98 17.3365580253
317.18 17.6763023533
318.39 17.751161273
319.6 17.6916580291
320.82 17.4690007294
322.03 16.0159699029
323.24 13.4650082537
324.45 11.3248109332
325.66 9.77580713271
326.88 8.61837306614
328.08 7.8467503551
329.28 7.07704710354
330.48 6.11539790395
331.67 5.34761411187
332.89 4.48385734577
334.09 4.05197896272
335.31 3.93297247495
336.53 3.77557679757
337.74 3.89074436639
338.95 3.75446274329
340.16 3.68728166148
341.37 3.27075895428
342.58 2.7736189489
343.79 2.52408921648
345.0 2.40124380974
346.21 2.62582056893
347.42 2.73906867826
348.63 2.89262543668
349.85 2.77553840838
351.06 2.43003570195
352.26 2.06533840071
353.46 1.88298975009
354.67 1.79277515452
355.89 2.03462704902
357.1 2.15555299628
358.31 2.40700218818
359.53 2.43771353987
360.74 2.16515029368
361.95 1.83692272256
363.16 1.57779569273
364.38 1.44727244808
365.59 1.57395677377
366.81 1.92521785865
368.02 2.19586164536
369.23 2.33214326846
370.44 2.11332488771
371.65 1.71407731583
372.87 1.32442704135
374.08 1.12864217436
375.28 1.22269568889
376.48 1.46070866444
377.68 1.86955353372
378.9 2.07301623863
380.11 2.17474759108
381.32 1.93673461553
382.53 1.53172866521
383.73 1.2322929863
384.95 1.17854812085
386.16 1.34362163615
387.37 1.71407731583
388.57 2.09029137395
389.77 1.99239894046
390.99 1.75054704595
392.21 1.43767515068
393.42 1.08833352528
394.63 1.01155514607
395.85 1.35513839303
397.06 1.62386272026
398.26 1.95017083189
399.47 2.11332488771
400.68 1.81196974932
401.89 1.46838650236
403.1 1.19966217513
404.31 0.971246496986
405.52 1.04802487619
406.73 1.37433298783
407.93 1.63346001766
409.14 1.95400975085
410.35 1.73135245115
411.56 1.42807785328
412.76 0.988521632308
413.97 0.769703251564
415.19 0.946293523744
416.4 1.32442704135
417.6 1.60850704442
418.82 1.84652001996
420.03 1.77358055971
421.24 1.54516488157
422.45 1.23805136474
423.65 1.0864140658
424.87 1.1056086606
426.08 1.30715190602
427.29 1.59890974702
428.5 1.842681101
429.72 1.77166110023
430.93 1.6392183961
432.14 1.38201082575
433.35 1.06146109256
434.56 0.902145955699
435.76 1.10944757956
436.97 1.40504433951
438.18 1.74478866751
439.4 1.91370110177
440.61 1.61618488234
441.83 1.27452109486
443.04 1.10368920112
444.24 0.82536757649
445.45 0.879112441936
446.66 1.19390379669
447.88 1.6392183961
449.08 1.66992974778
450.29 1.4933394756
451.5 1.3090713655
452.72 1.12096433644
453.92 0.930937847902
455.13 0.932857307382
456.32 1.22077622941
457.53 1.65265461246
458.73 1.77166110023
459.94 1.64113785558
461.15 1.38201082575
462.36 1.15743406657
463.56 0.950132442704
464.76 0.940535145303
465.97 1.03266920035
467.18 1.2706821759
468.39 1.58163461169
469.6 1.54516488157
470.81 1.33594379823
472.02 1.03842757879
473.23 0.792736765327
474.44 0.863756766095
475.64 0.994280010749
476.87 1.34746055511
478.08 1.6200238013
479.29 1.75630542439
480.5 1.43959461016
481.72 1.28219893278
482.93 1.01155514607
484.14 0.781220008446
485.36 0.760105954163
486.56 1.03842757879
487.76 1.46646704288
488.97 1.58355407117
490.18 1.44919190756
491.38 1.28795731122
492.59 1.10944757956
493.81 0.829206495451
495.02 0.785058927406
496.23 0.955890821145
497.45 1.42423893432
498.65 1.56244001689
499.88 1.53556758417
501.08 1.4261583938
502.29 1.08257514684
503.5 0.719797305079
504.71 0.63534108795
505.93 0.879112441936
507.14 1.19390379669
508.35 1.44727244808
509.56 1.57395677377
510.76 1.34938001459
511.97 1.14207839073
513.18 0.940535145303
514.38 0.840723252332
515.59 0.886790279857
516.81 1.19774271565
518.02 1.64113785558
519.24 1.67184920726
520.45 1.39736650159
521.66 1.06913893048
522.89 1.96168758878
524.1 4.90229951246
525.31 7.52428116242
526.52 9.89097470152
527.73 11.5532266114
528.94 12.8661368959
530.16 13.5206725786
531.37 14.0408460977
532.58 14.205919613
533.79 14.5744558332
535.0 14.9525893508
536.21 15.5245882759
537.41 15.9065607125
538.62 16.3845061231
539.83 16.5284655841
541.04 16.5054320703
542.25 16.39602288
543.46 16.3422780145
544.67 16.2194326078
545.89 16.5419018005
547.11 16.8950823448
548.32 17.071672617
549.53 17.0639947791
550.73 16.8682099121
551.94 16.8662904526
553.15 16.7703174786
554.37 16.6244385581
555.57 16.8413374794
556.77 17.0448001843
557.98 17.2425045107
559.19 17.5323428922
560.4 17.4862758647
561.6 17.1753234289
562.82 17.019847211
564.03 16.8470958578
565.24 16.9507466697
566.45 17.2924104572
567.66 17.4613228915
568.89 17.6436715421
570.09 17.6379131637
571.31 17.3461553227
572.53 17.2021958616
573.73 16.9373104534
574.94 16.9008407233
576.15 17.1695650505
577.36 17.4977926216
578.56 17.7569196514
579.76 17.7895504626
580.97 17.7108526239
582.18 17.2885715383
583.39 16.9795385619
584.6 17.0179277515
585.81 17.3250412684
587.01 17.5745710008
588.22 17.699335867
589.43 17.8586510039
590.64 17.5534569465
591.87 17.3999001881
593.08 17.2290682944
594.28 17.0467196437
595.48 17.1465315367
596.68 17.4862758647
597.9 17.655188299
599.12 17.8356174901
600.32 17.7338861377
601.53 17.5860877577
602.74 17.3212023494
603.95 17.0927866713
605.16 17.267457484
606.37 17.4498061346
607.57 17.5400207302
608.78 17.8740066797
609.99 17.8490537065
611.21 17.6455910016
612.42 17.4459672156
613.63 17.2521018081
614.84 17.3461553227
616.06 17.4881953242
617.27 17.6571077585
618.48 17.9315904641
619.68 17.9738185727
620.9 17.802986679
622.11 17.4306115398
623.32 17.3384774847
624.54 17.2943299167
625.75 17.3672693769
626.97 17.6916580291
628.18 17.7569196514
629.39 17.8874428961
630.6 17.8548120849
631.82 17.551537487
633.03 17.2079542401
634.24 17.2290682944
635.45 17.3346385658
636.65 17.4824369458
637.88 17.6532688395
639.08 17.8356174901
640.29 17.8298591117
641.49 17.6340742447
642.69 17.2501823487
643.91 17.1522899152
645.12 17.2962493762
646.32 17.5611347844
647.53 17.6916580291
648.74 17.9507850589
649.95 17.9834158701
651.16 17.6148796499
652.37 17.4325309993
653.58 17.2444239702
654.79 17.3423164037
656.0 17.4862758647
657.21 17.847134247
658.43 18.0275634381
659.64 17.8298591117
660.85 17.7319666782
662.07 17.3941418097
663.28 17.3212023494
664.49 17.2847326193
665.71 17.4574839725
666.92 17.6417520826
668.13 17.8279396522
669.33 17.9219931667
670.54 17.8740066797
671.75 17.6571077585
672.97 17.4517255941
674.17 17.3499942416
675.38 17.4920342432
676.59 17.6571077585
677.81 17.8375369496
679.01 18.0218050597
680.22 17.9239126262
681.44 17.5860877577
682.64 17.4171753234
683.86 17.3327191063
685.07 17.3864639717
686.28 17.6052823525
687.48 17.7146915429
688.68 17.7684364083
689.9 17.8932012745
691.12 17.5707320818
692.32 17.4094974855
693.53 17.1369342393
694.74 17.0966255902
695.96 17.363430458
697.16 17.5937655956
698.37 17.9008791124
699.57 17.9584628968
700.77 17.891281815
701.98 17.5707320818
703.19 17.5054704595
704.41 17.4728396484
705.62 17.455564513
706.84 17.6398326231
708.05 17.9239126262
709.26 17.8740066797
710.47 17.8490537065
711.68 17.6455910016
712.9 17.4459672156
714.11 17.4440477562
715.32 17.4421282967
716.53 17.5361818112
717.73 17.8720872202
718.94 17.8490537065
720.16 17.8356174901
721.37 17.6379131637
722.57 17.5400207302
723.78 16.5303850436
724.99 14.2980536681
726.21 12.3171714845
727.42 10.7528120081
728.64 9.48980767016
729.86 8.09052170909
731.07 7.00602710277
732.28 5.79292871127
733.48 4.99443356751
734.68 4.59518599562
735.89 4.29958923567
737.11 4.34373680372
738.32 4.27079734347
739.53 4.13643517985
740.74 3.68728166148
741.96 3.17286652079
743.16 2.7256324619
744.38 2.59702867672
745.59 2.62774002841
746.81 2.83696111175
748.02 3.1325578717
749.23 2.99243732965
750.45 2.82544435487
751.66 2.35901570118
752.89 2.03078813006
754.1 1.86571461476
755.31 1.87915083113
756.52 2.1728281316
757.73 2.5125724596
758.93 2.68340435333
760.15 2.38396867442
761.37 2.04230488694
762.57 1.87147299321
763.77 1.59315136857
764.99 1.64689623402
766.21 1.76974164075
767.42 2.11908326615
768.63 2.19778110484
769.85 2.14211677991
771.06 1.92137893969
772.28 1.61810434182
773.48 1.37241352835
774.68 1.34362163615
775.9 1.52213136781
777.11 1.90026488541
778.32 2.18434488848
779.53 2.230411916
780.74 2.06149948175
781.95 1.59315136857
783.16 1.26300433798
784.37 1.19390379669
785.58 1.35129947407
786.79 1.62194326078
788.0 1.94825137241
789.21 1.92137893969
790.43 1.81005028984
791.64 1.46838650236
792.87 1.29563514914
794.08 1.21117893201
795.29 1.26300433798
796.5 1.48182271872
797.71 1.6872048831
798.92 1.98280164306
800.13 1.84076164152
801.34 1.57971515221
802.55 1.25532650006
803.75 1.09409190372
804.97 1.10944757956
806.17 1.3090713655
807.38 1.79277515452
808.58 1.842681101
809.79 1.86763407424
811.0 1.59315136857
812.21 1.26300433798
813.43 0.905984874659
814.64 0.82344811701
815.86 0.973165956467
817.07 1.43383623172
818.28 1.66225190986
819.48 1.77741947867
820.67 1.73903028907
821.89 1.43191677224
823.09 1.0864140658
824.3 0.91366271258
825.5 1.01923298399
826.71 1.26492379746
827.92 1.57779569273
829.13 1.83116434412
830.34 1.66992974778
831.56 1.39736650159
832.76 1.2610848785
833.97 0.905984874659
835.19 0.919421091021
836.4 1.21309839149
837.6 1.6488156935
838.82 1.77166110023
840.04 1.83116434412
841.24 1.47798379976
842.45 1.20542055357
843.66 0.973165956467
844.89 0.953971361665
846.1 1.1344005528
847.31 1.51445352989
848.52 1.70256055895
849.72 1.70256055895
850.92 1.50869515145
852.13 1.22077622941
853.33 0.980843794388
854.54 1.05378325464
855.75 1.18430649929
856.97 1.34746055511
858.19 1.71599677531
859.4 1.8042919114
860.6 1.75246650543
861.83 1.34170217667
863.05 1.04226649775
864.26 0.890629198818
865.47 0.9117432531
866.68 1.30715190602
867.89 1.69488272103
869.1 1.794694614
870.31 1.55476217897
871.53 1.24380974318
872.73 1.08833352528
873.94 0.723636224039
875.16 0.827287035971
876.37 1.16895082345
877.57 1.62578217974
878.78 1.76014434335
879.99 1.63346001766
881.2 1.38009136627
882.41 1.05954163308
883.63 0.804253522208
884.85 0.869515144535
886.06 1.09217244424
887.27 1.39736650159
888.48 1.64497677454
889.68 1.76782218127
890.89 1.54324542209
892.11 1.14207839073
893.32 0.748589197282
894.53 0.840723252332
895.73 0.886790279857
896.94 1.29371568966
898.15 1.49717839456
899.36 1.59890974702
900.56 1.45878920496
901.77 1.09985028216
902.98 0.919421091021
904.19 0.63918000691
905.4 0.785058927406
906.61 1.14783676917
907.84 1.52021190833
909.05 1.6104265039
910.26 1.46262812392
911.47 1.38968866367
912.68 0.969327037506
913.89 0.760105954163
915.1 0.750508656762
916.31 1.12864217436
917.52 1.51061461093
918.72 1.70256055895
919.92 1.60466812546
921.13 1.36473569043
922.34 1.14975622865
923.56 0.848401090253
924.76 3.28995354908
925.97 6.33421628469
927.18 8.91205036662
928.39 11.0656839034
929.6 12.2365541863
930.81 13.1118277093
932.02 13.5475450113
933.23 14.0542823141
934.44 14.4995969135
935.64 14.9142001612
936.87 15.4094207071
938.08 15.9449499021
939.29 16.2136742293
940.5 16.1541709855
941.71 16.1253790932
942.92 16.2079158509
944.13 16.056278552
945.34 16.1714461208
946.55 16.6148412607
947.75 16.9315520749
948.96 16.9929747783
950.17 17.1215785635
951.38 16.9929747783
952.59 16.6397942339
953.8 16.6570693693
955.0 16.6647472072
956.21 16.9565050482
957.42 17.2943299167
958.63 17.559215325
959.85 17.4997120811
961.07 17.3730277554
962.28 17.215632078
963.49 16.9430688318
964.71 17.0006526162
965.92 17.219470997
967.13 17.5227455948
968.34 17.5764904603
969.55 17.5093093785
970.76 17.4747591078
971.97 17.2655380245
973.17 17.1599677531
974.38 17.1081423471
975.59 17.2751353219
976.81 17.5496180276
978.02 17.7818726247
979.23 17.7070137049
980.44 17.6705439748
981.64 17.363430458
982.86 17.2098736996
984.07 17.2290682944
985.27 17.1426926178
986.48 17.4824369458
987.68 17.7492418135
988.89 17.7876310031
990.11 17.6129601904
991.32 17.5265845138
992.53 17.1964374832
993.73 17.2213904564
994.94 17.3307996468
996.15 17.3864639717
997.36 17.5093093785
998.56 17.6667050559
999.76 17.7454028945
1000.97 17.5918461361
1002.18 17.5169872164
1003.38 17.3826250528
1004.59 17.219470997
1005.81 17.4248531613
1007.02 17.6244769473
1008.23 17.7242888403
1009.44 17.7741947867
1010.64 17.607201812
1011.86 17.5246650543
1013.08 17.2904909977
1014.29 17.2693769435
1015.5 17.3538331606
1016.71 17.5899266766
1017.93 17.7070137049
1019.14 17.9565434374
1020.35 17.699335867
1021.56 17.3768666743
1022.76 17.2175515375
1023.97 17.0409612653
1025.18 17.2405850512
1026.38 17.5323428922
1027.58 17.8701677608
1028.79 17.943107221
1030.0 17.9795769511
1031.22 17.8049061384
1032.43 17.4306115398
1033.64 17.3403969442
1034.86 17.3903028907
1036.07 17.4152558639
1037.28 17.7146915429
1038.48 17.7703558678
1039.69 17.8932012745
1040.91 17.8586510039
1042.13 17.4574839725
1043.33 17.3519137011
1044.55 17.2041153211
1045.76 17.4190947829
1046.97 17.5246650543
1048.18 17.8663288418
1049.39 17.9411877615
1050.6 17.7876310031
1051.82 17.5169872164
1053.03 17.3826250528
1054.24 17.315443971
1055.45 17.4747591078
1056.66 17.7454028945
1057.89 17.9757380322
1059.1 17.9968520865
1060.31 17.7185304618
1061.52 17.5784099198
1062.73 17.3173634305
1063.93 17.2828131598
1065.14 17.3615109985
1066.35 17.5937655956
1067.56 17.7089331644
1068.76 17.9584628968
1069.97 17.891281815
1071.19 17.7607585704
1072.4 17.6014434335
1073.6 17.4248531613
1074.83 17.4325309993
1076.04 17.6283158663
1077.24 17.9181542478
1078.45 17.8701677608
1079.66 17.943107221
1080.88 17.7876310031
1082.08 17.6148796499
1083.3 17.5265845138
1084.51 17.4843564052
1085.72 17.5572958655
1086.93 17.6916580291
1088.15 17.7569196514
1089.36 17.8874428961
1090.56 17.7588391109
1091.76 17.599523974
1092.97 17.4248531613
1094.18 17.3365580253
1095.39 17.2924104572
1096.61 17.5572958655
1097.84 17.7876310031
1099.05 17.8049061384
1100.25 17.8145034358
1101.46 17.6283158663
1102.67 17.2463434297
1103.89 17.2463434297
1105.1 17.2482628892
1106.3 17.3442358632
1107.51 17.7761142462
1108.72 17.895120734
1109.93 17.9565434374
1111.14 17.6014434335
1112.35 17.5208261354
1113.56 17.3845445123
1114.76 17.3173634305
1115.98 17.3787861338
1117.18 17.6014434335
1118.38 17.7127720834
1119.59 17.8644093823
1120.81 17.747322354
1122.01 17.4018196476
1123.21 17.3250412684
1124.42 17.2866520788
1125.63 15.1560520557
1126.84 12.9390763561
1128.05 11.255710392
1129.27 9.64528388806
1130.48 8.26327306231
1131.68 6.99834926485
1132.89 6.07700871435
1134.1 5.23244654305
1135.31 4.61821950939
1136.52 4.50305194057
1137.73 4.54144113018
1138.92 4.46466275097
1140.13 4.04238166532
1141.34 3.63929517448
1142.55 3.05386003301
1143.75 2.66420975853
1144.96 2.66229029905
1146.16 2.85423624707
1147.37 3.04426273561
1148.57 3.14023570962
1149.77 3.18822219663
1150.98 2.73331029982
1152.19 2.21697569964
1153.4 2.05382164383
1154.61 1.97320434566
1155.84 2.02886867058
1157.05 2.34557948482
1158.27 2.5989481362
1159.48 2.43771353987
1160.68 2.26112326769
1161.89 1.88490920957
1163.1 1.69680218051
1164.32 1.50677569197
1165.53 1.69872163999
1166.73 1.89258704749
1167.93 2.08453299551
1169.13 2.18050596952
1170.34 2.22849245652
1171.56 1.86763407424
1172.76 1.49717839456
1173.97 1.31099082498
1175.18 1.31291028446
1176.38 1.60274866598
1177.58 1.84460056048
1178.79 1.96360704826
1180.0 1.92905677761
1181.21 1.62194326078
1182.42 1.47030596184
1183.62 1.1056086606
1184.84 1.21117893201
1186.05 1.454950286
1187.26 1.86571461476
1188.47 1.97512380514
1189.68 2.03078813006
1190.89 1.86571461476
1192.1 1.49525893508
1193.31 1.21309839149
1194.52 1.07297784944
1195.73 1.38776920419
1196.93 1.6392183961
1198.15 1.8618756958
1199.36 2.06917731967
1200.56 1.98088218358
1201.76 1.55284271949
1202.97 1.24380974318
1204.19 1.18430649929
1205.4 1.15359514761
1206.61 1.42807785328
1207.84 1.8522783984
1209.05 1.77550001919
1210.25 1.73903028907
1211.47 1.43191677224
1212.68 1.18238703981
1213.89 0.961649199585
1215.1 1.04226649775
1216.31 1.27644055434
1217.52 1.48758109716
1218.72 1.78701677608
1219.92 1.74286920803
1221.13 1.43383623172
1222.34 1.18430649929
1223.56 0.961649199585
1224.77 0.852240009213
1225.98 1.08449460632
1227.18 1.58355407117
1228.39 1.73903028907
1229.6 1.81580866828
1230.81 1.66225190986
1232.01 1.20158163461
1233.22 0.971246496986
1234.43 0.952051902184
1235.64 1.03842757879
1236.86 1.36857460939
1238.08 1.63154055818
1239.29 1.76206380283
1240.5 1.73135245115
1241.71 1.42807785328
1242.92 1.08449460632
1244.13 0.9117432531
1245.33 1.01923298399
1246.54 1.35897731199
1247.75 1.62578217974
1248.97 1.95209029137
1250.18 1.72943299167
1251.4 1.33210487927
1252.6 0.940535145303
1253.82 0.840723252332
1255.03 1.07873622788
1256.24 1.29371568966
1257.45 1.59315136857
1258.65 1.83884218204
1259.88 1.67376866674
1261.08 1.39928596107
1262.29 1.07105838996
1263.51 0.810011900649
1264.73 0.775461630005
1265.93 0.950132442704
1267.14 1.42040001536
1268.35 1.65649353142
1269.56 1.58355407117
1270.76 1.35321893355
1271.97 1.14399785021
1273.18 0.942454604783
1274.38 0.936696226343
1275.58 1.12672271488
1276.78 1.3186686629
1277.99 1.60466812546
1279.2 1.65265461246
1280.4 1.48566163768
1281.61 1.30523244654
1282.84 1.02307190295
1284.05 0.977004875427
1285.26 0.955890821145
1286.48 1.13632001228
1287.68 1.51445352989
1288.89 1.60658758494
1290.1 1.46262812392
1291.32 1.29371568966
1292.53 1.01731352451
1293.73 0.879112441936
1294.94 0.810011900649
1296.15 1.06338055204
1297.36 1.47798379976
1298.56 1.78125839764
1299.77 1.64497677454
1300.99 1.38393028523
1302.21 0.967407578026
1303.42 0.854159468694
1304.64 0.892548658298
1305.86 1.00963568659
1307.07 1.25916541902
1308.28 1.47990325924
1309.48 1.4933394756
1310.68 1.3090713655
1311.89 0.929018388422
1313.1 0.834964873892
1314.31 0.692924872356
1315.53 0.811931360129
1316.73 1.25724595954
1317.95 1.57395677377
1319.16 1.63729893662
1320.37 1.47798379976
1321.57 1.30139352758
1322.78 0.829206495451
1323.99 0.689085953396
1325.21 0.714038926638
1326.41 3.5106913893
1327.62 6.63749088257
1328.84 9.35160658758
1330.05 11.0925563361
1331.27 12.1540174287
1332.48 12.7816806787
1333.68 13.4803639295
1334.89 14.1157050175
1336.1 14.8182271872
1337.31 15.3614342201
1338.52 15.8259434143
1339.73 15.9603055779
1340.93 16.0294061192
1342.14 15.9660639564
1343.35 15.8393796307
1344.56 16.0639563899
1345.76 16.3691504472
1346.97 16.7127336942
1348.18 16.8835655879
1349.38 17.1618872126
1350.59 17.1100618066
1351.81 16.8912434259
1353.03 16.6858612615
1354.24 16.7741563976
1355.45 16.7242504511
1356.66 16.9852969404
1357.89 17.4056585665
1359.1 17.5189066759
1360.32 17.4785980268
1361.53 17.075511536
1362.73 16.9699412645
1363.93 16.8221428846
1365.15 16.8432569388
1366.36 17.0448001843
1367.56 17.3384774847
1368.77 17.5822488387
1369.98 17.4152558639
1371.19 17.2348266728
1372.4 16.9545855887
1373.61 16.9085185612
1374.84 16.8874045069
1376.05 17.2597796461
1377.26 17.4459672156
1378.47 17.7300472187
1379.68 17.5860877577
1380.89 17.5131482974
1382.11 17.2847326193
1383.33 17.1695650505
1384.54 17.2098736996
1385.74 17.4210142424
1386.95 17.7185304618
1388.16 17.8663288418
1389.37 17.7492418135
1390.58 17.6916580291
1391.79 17.3730277554
1393.0 17.311605052
1394.22 17.2789742409
1395.44 17.359591539
1396.65 17.3999001881
1397.87 17.8049061384
1399.08 17.9104764098
1400.29 17.6743828938
1401.5 17.5572958655
1402.71 17.4037391071
1403.93 17.1330953204
1405.14 17.2866520788
1406.35 17.555376406
1407.56 17.7857115436
1408.76 17.8049061384
1409.97 17.7185304618
1411.18 17.4843564052
1412.39 17.4613228915
1413.6 17.3557526201
1414.83 17.3979807286
1416.04 17.4190947829
1417.25 17.6206380283
1418.46 17.7223693808
1419.67 17.8701677608
1420.89 17.751161273
1422.11 17.4997120811
1423.32 17.3730277554
1424.53 17.215632078
1425.74 17.5189066759
1426.96 17.7684364083
1428.17 17.795308841
1429.38 17.9066374909
1430.6 17.7684364083
1431.82 17.5093093785
1433.04 17.1868401858
1434.24 17.1215785635
1435.45 17.1849207263
1436.66 17.599523974
1437.88 17.7127720834
1439.08 17.9603823563
1440.29 17.891281815
1441.5 17.4747591078
1442.71 17.3615109985
1443.92 17.3039272141
1445.13 17.3730277554
1446.34 17.5976045146
1447.55 17.8068255979
1448.76 18.0083688433
1449.97 17.8202618143
1451.17 17.6302353257
1452.38 17.5342623517
1453.58 17.3922223502
1454.79 17.4152558639
1456.0 17.5246650543
1457.21 17.8663288418
1458.42 18.0371607355
1459.63 18.0256439787
1460.84 17.7338861377
1462.06 17.4901147837
1463.27 17.1772428884
1464.48 17.3096855925
1465.69 17.3749472149
1466.91 17.6954969481
1468.13 17.9507850589
1469.34 17.8874428961
1470.55 17.8567315444
1471.76 17.551537487
1472.97 17.2079542401
1474.17 17.3250412684
1475.38 17.2866520788
1476.58 17.555376406
1477.78 17.8816845176
1478.98 17.8528926254
1480.19 17.7415639756
1481.4 17.5918461361
1482.61 17.4190947829
1483.84 17.3346385658
1485.05 17.4824369458
1486.26 17.6532688395
1487.47 17.7396445161
1488.68 17.7818726247
1489.89 17.802986679
1491.1 17.5246650543
1492.31 17.2904909977
1493.53 17.2693769435
1494.73 17.4517255941
1495.94 17.6379131637
1497.16 17.8260201927
1498.37 18.0179661407
1499.57 17.8241007332
1500.76 17.7281277592
1501.97 17.4881953242
1503.18 17.3691888364
1504.39 17.211793159
1505.6 17.4229337019
1506.83 17.5265845138
1508.04 17.8682483013
1509.25 18.0371607355
1510.47 17.8356174901
1511.68 17.5419401896
1512.89 17.2981688357
1514.1 17.1772428884
1515.31 17.4056585665
1516.52 17.5189066759
1517.73 17.6705439748
1518.92 17.939268302
1520.13 17.9776574917
1521.33 17.7089331644
1522.53 17.4785980268
1523.74 17.267457484
1524.95 17.2578601866
1526.16 17.4459672156
1527.37 16.0025336865
1528.57 13.6511958233
1529.78 11.5148374218
1530.99 9.58194172521
1532.2 7.94464278859
1533.41 6.74306115398
1534.63 5.94840492917
1535.85 5.55299627625
1537.07 5.44934546432
1538.28 5.30346654382
1539.48 4.94068870206
1540.69 4.37636761488
1541.91 3.80628814926
1543.12 3.33026219817
1544.33 2.99435678913
1545.54 2.92333678836
1546.75 3.08073246574
1547.97 3.34945679297
1549.17 3.29379246804
1550.39 3.07305462782
1551.6 2.67380705593
1552.82 2.28415678145
1554.03 1.99239894046
1555.24 2.03846596798
1556.45 2.25344542977
1557.66 2.55288110868
1558.88 2.60662597413
1560.08 2.63349840685
1561.29 2.35901570118
1562.51 1.83884218204
1563.73 1.57779569273
1564.93 1.6392183961
1566.14 1.8618756958
1567.35 2.16515029368
1568.56 2.31678759261
1569.76 2.39164651234
1570.97 2.0461438059
1572.17 1.68144650466
1573.37 1.40312488003
1574.58 1.45686974548
1575.79 1.48182271872
1577.0 1.97512380514
1578.21 2.31870705209
1579.43 2.2016200238
1580.64 2.0461438059
1581.86 1.68144650466
1583.07 1.40312488003
1584.28 1.26492379746
1585.48 1.38584974471
1586.69 1.6392183961
1587.91 1.95784866981
1589.13 2.11716380667
1590.34 2.00583515682
1591.55 1.75630542439
1592.76 1.34554109563
1593.97 1.23421244578
1595.18 1.27644055434
1596.38 1.48758109716
1597.58 1.88298975009
1598.79 1.98280164306
1600.0 1.93865407501
1601.21 1.62770163922
1602.43 1.2802794733
1603.64 1.00963568659
1604.86 1.067219471
1606.06 1.38393028523
1607.27 1.73519137011
1608.48 1.90986218281
1609.68 1.90026488541
1610.89 1.70448001843
1612.09 1.3186686629
1613.3 0.934776766862
1614.51 1.02883028139
1615.71 1.17278974241
1616.92 1.6296210987
1618.13 1.76014434335
1619.34 1.92329839917
1620.55 1.71599677531
1621.75 1.42040001536
1622.96 0.984682713348
1624.16 0.957810280625
1625.38 1.13823947176
1626.58 1.32250758186
1627.78 1.70448001843
1628.98 1.79853353296
1630.19 1.74862758647
1631.4 1.43767515068
1632.61 0.992360551269
1633.84 0.963568659066
1635.05 0.948212983224
1636.26 1.22845406733
1637.48 1.65649353142
1638.68 1.86955353372
1639.89 1.7850973166
1641.1 1.35897731199
1642.31 1.14591730969
1643.53 0.848401090253
1644.73 0.890629198818
1645.94 1.19966217513
1647.15 1.44919190756
1648.36 1.76782218127
1649.57 1.82924488464
1650.77 1.66992974778
1651.98 1.20542055357
1653.19 0.973165956467
1654.4 0.952051902184
1655.61 1.03842757879
1656.84 1.37049406887
1658.05 1.63154055818
1659.26 1.66609082882
1660.47 1.49142001612
1661.68 1.30715190602
1662.89 1.02499136243
1664.1 0.978924334907
1665.32 1.05186379516
1666.53 1.2802794733
1667.73 1.58547353065
1668.94 1.73903028907
1670.15 1.52788974625
1671.36 1.23037352681
1672.56 0.986602172828
1673.77 0.767783792084
1674.98 0.946293523744
1676.18 1.22653460785
1677.39 1.56052055741
1678.6 1.82156704672
1679.83 1.66609082882
1681.05 1.49142001612
1682.26 1.01923298399
1683.47 0.785058927406
1684.69 0.762025413644
1685.91 1.2322929863
1687.13 1.46646704288
1688.33 1.67952704518
1689.54 1.68912434259
1690.74 1.502936773
1691.95 1.12288379592
1693.16 0.834964873892
1694.37 0.788897846366
1695.57 1.05186379516
1696.78 1.37625244731
1697.99 1.73135245115
1699.21 1.81196974932
1700.42 1.66033245038
1701.63 1.29563514914
1702.84 0.923260009981
1704.05 0.927098928942
1705.26 0.930937847902
1706.47 1.31482974394
1707.68 1.70064109947
1708.89 1.89258704749
1710.08 1.70064109947
1711.28 1.50869515145
1712.47 1.02883028139
1713.68 0.884870820377
1714.89 0.90790433414
1716.1 1.20925947253
1717.32 1.454950286
1718.53 1.67376866674
1719.73 1.59123190909
1720.94 1.35705785251
1722.16 1.04994433568
1723.37 0.990441091789
1724.57 0.769703251564
1725.78 0.948212983224
1726.98 1.61234596338
1728.19 4.91957464778
1729.4 7.62793197436
1730.62 9.75085415947
1731.84 11.1002341741
1733.05 12.1597758071
1734.26 12.9755460862
1735.47 13.8642558256
1736.68 14.501516373
1737.89 15.2021190833
1739.1 15.6493531422
1740.31 15.8739299013
1741.52 15.6973396292
1742.73 15.8009904411
1743.94 15.756842873
1745.16 16.0217282813
1746.37 16.2520634189
1747.57 16.5572574763
1748.77 16.8067872087
1749.98 17.0275250489
1751.18 16.8509347768
1752.39 16.5687742332
1753.6 16.5246266651
1754.83 16.5994855849
1756.05 16.923874237
1757.27 17.2770547814
1758.48 17.455564513
1759.68 17.5438596491
1760.89 17.2041153211
1762.1 16.9373104534
1763.31 16.9008407233
1764.52 16.8835655879
1765.72 16.9699412645
1766.92 17.2041153211
1768.13 17.4190947829
1769.34 17.6206380283
1770.56 17.5304234328
1771.76 17.2943299167
1772.97 17.1753234289
1774.18 17.019847211
1775.39 17.1330953204
1776.6 17.3826250528
1777.81 17.507389919
1779.03 17.7626780299
1780.24 17.6974164075
1781.45 17.3768666743
1782.67 17.119659104
1783.89 17.1849207263
1785.1 17.119659104
1786.32 17.2808937003
1787.53 17.455564513
1788.73 17.6398326231
1789.94 17.5400207302
1791.15 17.2981688357
1792.37 17.0812699144
1793.58 17.0697531575
1794.79 17.0620753196
1796.0 17.1561288341
1797.21 17.4901147837
1798.43 17.7530807325
1799.64 17.6916580291
1800.86 17.5668931629
1802.07 17.215632078
1803.28 17.1350147798
1804.48 17.0966255902
1805.68 17.363430458
1806.89 17.4977926216
1808.09 17.6609466774
1809.31 17.7434834351
1810.53 17.6878191101
1811.73 17.3711082959
1812.94 17.2137126185
1814.15 17.1350147798
1815.37 17.2885715383
1816.58 17.363430458
1817.78 17.5937655956
1818.98 17.6129601904
1820.18 17.4306115398
1821.38 17.4363699182
1822.59 17.1503704557
1823.82 17.1023839687
1825.03 17.0793504549
1826.24 17.3557526201
1827.45 17.5899266766
1828.67 17.6110407309
1829.88 17.5265845138
1831.08 17.4824369458
1832.29 17.2693769435
1833.51 17.067833698
1834.71 17.0620753196
1835.92 17.1542093746
1837.13 17.2981688357
1838.34 17.5611347844
1839.55 17.4997120811
1840.76 17.2789742409
1841.97 17.167645591
1843.18 17.1119812661
1844.39 17.1791623479
1845.6 17.3096855925
1846.82 17.5668931629
1848.03 17.599523974
1849.24 17.7127720834
1850.45 17.4805174863
1851.68 17.363430458
1852.88 17.0179277515
1854.08 16.9411493723
1855.28 17.1906791048
1856.48 17.507389919
1857.68 17.7626780299
1858.89 17.8893623556
1860.11 17.6647855964
1861.32 17.551537487
1862.53 17.3999001881
1863.74 17.2290682944
1864.95 17.1426926178
1866.16 17.3864639717
1867.37 17.5093093785
1868.58 17.7626780299
1869.8 17.7933893816
1871.0 17.5208261354
1872.21 17.1925985642
1873.43 17.1254174824
1874.64 17.0908672118
1875.87 17.1695650505
1877.08 17.4958731621
1878.29 17.5649737034
1879.51 17.6935774886
1880.72 17.5668931629
1881.92 17.407578026
1883.13 17.2329072133
1884.35 17.1446120772
1885.56 17.2924104572
1886.76 17.5572958655
1887.97 17.5956850551
1889.18 17.7089331644
1890.39 17.6705439748
1891.6 17.363430458
1892.81 17.1139007256
1894.02 17.0851088334
1895.24 17.263618565
1896.45 17.3519137011
1897.67 17.5880072172
1898.89 17.7050942455
1900.1 17.5726515413
1901.31 17.315443971
1902.53 17.1849207263
1903.73 17.1215785635
1904.95 17.1849207263
1906.16 17.311605052
1907.37 17.6647855964
1908.58 17.8394564091
1909.8 17.8317785712
1911.0 17.4440477562
1912.21 17.2501823487
1913.42 17.1542093746
1914.64 17.2002764022
1915.86 17.4171753234
1917.07 17.6206380283
1918.28 17.8183423548
1919.48 17.8202618143
1920.68 17.7262082997
1921.89 17.2962493762
1923.12 17.1753234289
1924.33 17.115820185
1925.55 17.1830012668
1926.76 17.503551
1927.97 16.3192445007
1929.18 14.0965104227
1930.39 11.8334676955
1931.6 9.64720334754
1932.82 7.97727359975
1934.03 6.66244385581
1935.24 5.90809628009
1936.45 5.72382816999
1937.67 5.34377519291
1938.88 4.96180275634
1940.08 4.48385734577
1941.29 3.95600598871
1942.5 3.49917463242
1943.71 2.98475949173
1944.92 2.82160543591
1946.13 2.83696111175
1947.34 3.1325578717
1948.55 3.18438327767
1949.76 3.01930976237
1950.97 2.5509616492
1952.18 2.12676110407
1953.39 1.81772812776
1954.6 1.75822488387
1955.82 1.92137893969
1957.03 2.19586164536
1958.24 2.33214326846
1959.45 2.49529732427
1960.67 2.19394218588
1961.89 1.75630542439
1963.1 1.43959461016
1964.31 1.28219893278
1965.52 1.39544704211
1966.73 1.83692272256
1967.93 1.95976812929
1969.14 2.02311029214
1970.35 1.95784866981
1971.56 1.54132596261
1972.76 1.23613190526
1973.97 1.18046758033
1975.18 1.44151406964
1976.4 1.66609082882
1977.6 1.97128488618
1978.83 1.93289569657
1980.05 1.81580866828
1981.25 1.56627893585
1982.46 1.24956812162
1983.68 0.900226496219
1984.89 0.91558217206
1986.1 1.21309839149
1987.32 1.55284271949
1988.53 1.72175515375
1989.73 1.71215785635
1990.94 1.32250758186
1992.15 1.03074974087
1993.37 0.790817305847
1994.57 0.669891358593
1995.78 0.896387577258
1996.99 1.2994740681
1998.21 1.59507082805
1999.42 1.6488156935
2000.63 1.38584974471
2001.85 1.15935352605
2003.06 0.854159468694
2004.27 0.894468117778
2005.48 1.00963568659
2006.68 1.25916541902
2007.89 1.57587623325
2009.1 1.63729893662
2010.31 1.66992974778
2011.52 1.30139352758
2012.73 1.02115244347
2013.93 0.881031901417
2015.14 0.810011900649
2016.36 1.15935352605
2017.56 1.42999731276
2018.76 1.56627893585
2019.97 1.44151406964
2021.18 1.28219893278
2022.39 1.01155514607
2023.6 0.781220008446
2024.83 0.856078928174
2026.04 0.990441091789
2027.24 1.34554109563
2028.46 1.52405082729
2029.68 1.51637298937
2030.88 1.22461514837
2032.08 0.886790279857
2033.29 0.621904871588
2034.5 0.681408115475
2035.7 0.902145955699
2036.91 1.20542055357
2038.12 1.35705785251
2039.33 1.33786325771
2040.55 1.1344005528
2041.75 0.842642711812
2042.97 0.598871357826
2044.18 0.573918384583
2045.39 0.754347575723
2046.6 1.13056163384
2047.81 1.32058812238
2049.02 1.41464163692
2050.24 1.26876271642
2051.45 0.90982379362
2052.66 0.633421628469
2053.87 0.495220545894
2055.08 0.618065952628
2056.29 0.871434604016
2057.5 1.19006487773
2058.71 1.4453529886
2059.92 1.38009136627
2061.13 1.06146109256
2062.34 0.708280548198
2063.55 0.629582709509
2064.76 0.685247034435
2065.97 0.904065415179
2067.18 1.11136703904
2068.39 1.3090713655
2069.6 1.31291028446
2070.83 1.02691082191
2072.04 0.692924872356
2073.25 0.524012438097
2074.46 0.633421628469
2075.68 0.687166493915
2076.89 1.09793082268
2078.1 1.30331298706
2079.31 1.40504433951
2080.52 1.36089677147
2081.73 0.859917847134
2082.93 0.512495681216
2084.14 0.433797842528
2085.35 0.587354600944
2086.56 0.856078928174
2087.76 1.27836001382
2088.96 1.29755460862
2090.16 1.21117893201
2091.37 0.881031901417
2092.58 0.618065952628
2093.8 0.583515681984
2095.02 0.566240546662
2096.22 0.846481630773
2097.44 1.17662866137
2098.64 1.34362163615
2099.87 1.33018541979
2101.08 0.938615685823
2102.28 0.744750278322
2103.48 0.45491189681
2104.68 0.405005950324
2105.89 0.669891358593
2107.11 1.08833352528
2108.32 1.20350109409
2109.53 1.16319244501
2110.73 1.04802487619
2111.94 0.798495143768
2113.15 0.577757303543
2114.36 0.372375139161
2115.56 0.556643249261
2116.76 0.936696226343
2117.97 1.12672271488
2119.18 1.31674920342
2120.37 1.02883028139
2121.57 0.788897846366
2122.8 0.477945410572
2124.01 0.512495681216
2125.22 0.627663250029
2126.43 0.875273522976
2127.64 1.0960113632
2128.86 4.08652923337
2130.07 6.92349034512
2131.28 9.01570117855
2132.48 10.5397520058
2133.68 11.591615801
2134.89 12.4995201351
2136.11 13.530269876
2137.32 14.3345233982
2138.53 14.8316634036
2139.74 15.2712196246
2140.95 15.2040385427
2142.16 15.2673807056
2143.37 15.3940650313
2144.58 15.6493531422
2145.8 15.8720104419
2147.0 16.3691504472
2148.21 16.6167607202
2149.43 16.5476601789
2150.64 16.4190563937
2151.86 16.2578217974
2153.07 16.0812315252
2154.28 16.2808553111
2155.48 16.3806672041
2156.68 16.8144650466
2157.89 17.0313639679
2159.1 17.0448001843
2160.32 17.0505585627
2161.53 16.7645591002
2162.74 16.7184920726
2163.95 16.6954585589
2165.16 16.779914776
2166.37 17.1100618066
2167.58 17.3711082959
2168.8 17.4056585665
2170.0 17.3269607279
2171.21 17.0966255902
2172.43 16.7875926139
2173.64 16.8259818035
2174.85 16.9411493723
2176.06 16.9987331567
2177.26 17.315443971
2178.47 17.3787861338
2179.68 17.5054704595
2180.89 17.2808937003
2182.1 17.071672617
2183.31 16.9680218051
2184.52 16.9161963991
2185.73 16.9872163999
2186.93 17.3096855925
2188.14 17.4709201889
2189.36 17.551537487
2190.56 17.3999001881
2191.77 17.2271488349
2192.98 17.0467196437
2194.19 17.0505585627
2195.4 17.2463434297
2196.6 17.4382893777
2197.82 17.6321547852
2199.02 17.6321547852
2200.22 17.5361818112
2201.43 17.2962493762
2202.64 16.9833774809
2203.86 16.827901263
2205.07 17.1350147798
2206.28 17.1906791048
2207.48 17.411416945
2208.68 17.4267726208
2209.89 17.5285039733
2211.1 17.3883834312
2212.31 17.1273369419
2213.53 16.8989212638
2214.73 16.8816461285
2215.94 17.1618872126
2217.16 17.3960612691
2218.37 17.5150677569
2219.57 17.6686245153
2220.79 17.363430458
2222.0 17.1139007256
2223.21 16.8931628853
2224.42 16.9737801835
2225.63 17.2079542401
2226.85 17.5150677569
2228.06 17.5745710008
2229.28 17.507389919
2230.48 17.4728396484
2231.68 17.2655380245
2232.89 17.0639947791
2234.09 16.9641828861
2235.31 17.0102499136
2236.52 17.4171753234
2237.72 17.7166110023
2238.92 17.6743828938
2240.13 17.4613228915
2241.35 17.163806672
2242.56 17.1100618066
2243.77 17.0831893739
2244.99 17.1657261315
2246.21 17.3020077546
2247.42 17.4670812699
2248.63 17.7415639756
2249.85 17.6878191101
2251.07 17.3711082959
2252.28 17.1177396445
2253.48 16.9910553188
2254.68 17.119659104
2255.9 17.3768666743
2257.12 17.599523974
2258.32 17.8087450574
2259.53 17.7204499213
2260.74 17.5803293792
2261.96 17.4133364045
2263.16 17.0428807248
2264.37 16.9545855887
2265.58 17.1004645092
2266.8 17.3672693769
2268.01 17.6916580291
2269.23 17.6609466774
2270.45 17.6475104611
2271.66 17.3519137011
2272.88 17.2041153211
2274.08 17.1292564014
2275.29 17.2847326193
2276.5 17.459403432
2277.7 17.6417520826
2278.91 17.6359937042
2280.12 17.6340742447
2281.32 17.5381012707
2282.54 17.3922223502
2283.75 17.2252293754
2284.96 17.3327191063
2286.16 17.3864639717
2287.37 17.5093093785
2288.58 17.6667050559
2289.8 17.7454028945
2291.01 17.5918461361
2292.22 17.2290682944
2293.43 17.1426926178
2294.64 17.1945180237
2295.87 17.2213904564
2297.08 17.4267726208
2298.29 17.6263964068
2299.5 17.7242888403
2300.71 17.6782218127
2301.92 17.463242351
2303.14 17.2597796461
2304.35 17.0620753196
2305.56 17.3480747821
2306.76 17.3941418097
2307.97 17.6091212714
2309.19 17.7166110023
2310.4 17.6743828938
2311.62 17.4613228915
2312.84 17.2578601866
2314.05 17.0620753196
2315.26 17.0582364006
2316.47 17.4421282967
2317.68 17.7281277592
2318.88 17.7761142462
2320.08 17.7050942455
2321.29 17.4766785673
2322.51 17.2655380245
2323.71 17.1618872126
2324.92 17.1081423471
2326.13 17.3711082959
2327.34 17.5016315406
2328.55 17.5668931629
2329.76 15.1042266498
2330.97 12.5283120273
2332.18 10.2825444355
2333.39 8.48593036201
2334.6 7.20565088871
2335.84 6.3726054743
2337.05 6.0520557411
2338.26 5.69887519674
2339.47 5.23628546201
2340.68 4.62013896887
2341.89 3.8312411225
2343.09 3.24580598104
2344.3 2.95404814004
2345.52 2.99819570809
2346.73 3.11720219586
2347.94 3.27267841376
2349.15 3.15943030443
2350.36 2.909900572
2351.56 2.49721678375
2352.78 2.09796921187
2353.98 1.90026488541
2355.18 1.99239894046
2356.39 2.32638489001
2357.6 2.49337786479
2358.83 2.47994164843
2360.04 2.47418326999
2361.25 2.08837191447
2362.46 1.70256055895
2363.67 1.41272217743
2364.88 1.46070866444
2366.08 1.77358055971
2367.29 1.92905677761
2368.51 2.10180813083
2369.71 1.9981573189
2370.92 1.75246650543
2372.13 1.53556758417
2373.35 1.23421244578
2374.56 1.27452109486
2375.76 1.48758109716
2376.97 1.78701677608
2378.18 1.93481515605
2379.39 2.00967407578
2380.6 1.76014434335
2381.83 1.34554109563
2383.05 1.04418595723
2384.26 0.988521632308
2385.47 1.15167568813
2386.68 1.52213136781
2387.88 1.90026488541
2389.08 1.80045299244
2390.29 1.55860109793
2391.51 1.34170217667
2392.72 0.944374064264
2393.92 0.746669737802
2395.13 1.03266920035
2396.34 1.2706821759
2397.55 1.58163461169
2398.76 1.8330838036
2399.97 1.57395677377
2401.18 1.34938001459
2402.39 0.950132442704
2403.6 0.748589197282
2404.81 0.744750278322
2406.02 1.03074974087
2407.23 1.2706821759
2408.45 1.48566163768
2409.66 1.49717839456
2410.87 1.40696379899
2412.08 1.07297784944
2413.29 0.811931360129
2414.5 0.679488655994
2415.71 0.998118929709
2416.92 1.34938001459
2418.13 1.62194326078
2419.34 1.56435947637
2420.55 1.34554109563
2421.76 1.04226649775
2422.97 0.700602710277
2424.18 0.623824331068
2425.39 0.779300548965
2426.6 1.04802487619
2427.82 1.56627893585
2429.03 1.72943299167
2430.24 1.52213136781
2431.45 1.13248109332
2432.66 0.840723252332
2433.88 0.694844331836
2435.08 0.717877845599
2436.29 1.01731352451
2437.5 1.35897731199
2438.71 1.52980920573
2439.92 1.42231947484
2441.13 1.08257514684
2442.34 0.719797305079
2443.55 0.537448654459
2444.76 0.5432070329
2445.97 0.834964873892
2447.18 1.26684325694
2448.39 1.38776920419
2449.6 1.35321893355
2450.82 1.04610541671
2452.03 0.798495143768
2453.24 0.481784329533
2454.45 0.514415140696
2455.66 0.627663250029
2456.88 1.06913893048
2458.08 1.28795731122
2459.29 1.49525893508
2460.5 1.21309839149
2461.71 0.785058927406
2462.92 0.571998925103
2464.14 0.560482168221
2465.35 0.746669737802
2466.56 1.03074974087
2467.76 1.2706821759
2468.97 1.48566163768
2470.18 1.40120542055
2471.39 0.975085415947
2472.6 0.666052439633
2473.83 0.606549195746
2475.05 0.577757303543
2476.26 0.852240009213
2477.47 1.18046758033
2478.68 1.24764866214
2479.89 1.18622595877
2481.1 0.963568659066
2482.31 0.756267035203
2483.52 0.46067027525
2484.73 0.504817843295
2485.93 0.719797305079
2487.14 1.20925947253
2488.36 1.35897731199
2489.56 1.33786325771
2490.78 0.944374064264
2491.98 0.650696763791
2493.19 0.502898383815
2494.4 0.525931897578
2495.6 0.82536757649
2496.83 1.07105838996
2498.04 1.19390379669
2499.24 1.35129947407
2500.45 1.14207839073
2501.66 0.750508656762
2502.88 0.552804330301
2504.08 0.55088487082
2505.28 0.55088487082
2506.48 0.836884333372
2507.68 1.17278974241
2508.89 1.43767515068
2510.1 1.2802794733
2511.32 0.91558217206
2512.53 0.539368113939
2513.73 0.353180544359
2514.94 0.54704595186
2516.15 0.738991899881
2517.36 1.1248032554
2518.56 1.22077622941
2519.76 1.17278974241
2520.97 1.05186379516
2522.19 0.704441629237
2523.4 0.531690276018
2524.61 0.443395139929
2525.84 0.593112979385
2527.05 1.04994433568
2528.26 1.18430649929
2529.48 2.59318975776
2530.68 5.3149833007
2531.89 7.72966332681
2533.1 9.41878766939
2534.32 10.8372682253
2535.53 12.219279051
2536.73 13.2941763599
2537.92 14.2155169104
2539.13 14.6761871857
2540.34 15.0024952973
2541.54 14.9737034051
2542.75 14.9602671888
2543.96 15.0485623248
2545.16 15.2846558409
2546.37 15.6896617912
2547.58 16.2770163922
2548.81 16.3787477446
2550.02 16.4305731506
2551.24 16.3595531498
2552.45 16.2271104457
2553.66 16.1618488234
2554.87 16.1292180122
2556.08 16.4977542324
2557.28 16.872048831
2558.48 17.0601558601
2559.68 17.0582364006
2560.88 16.9622634266
2562.09 16.6244385581
2563.3 16.3614726093
2564.51 16.3250028792
2565.72 16.6897001804
2566.92 17.0659142386
2568.13 17.2521018081
2569.34 17.3461553227
2570.55 17.2021958616
2571.76 16.9373104534
2572.97 16.6129218012
2574.18 16.7376866674
2575.39 16.9929747783
2576.6 17.3135245115
2577.82 17.4728396484
2579.04 17.455564513
2580.24 17.1599677531
2581.45 17.1081423471
2582.66 16.7952704518
2583.88 16.8298207225
2585.08 16.9430688318
2586.29 17.1906791048
2587.5 17.411416945
2588.71 17.3307996468
2589.92 17.2885715383
2591.14 17.0774309954
2592.36 16.7779953165
2593.56 16.6301969365
2594.78 16.8432569388
2595.99 17.1407731583
2597.2 17.1945180237
2598.4 17.5093093785
2599.61 17.5707320818
2600.84 17.3135245115
2602.05 17.0889477523
2603.26 16.9776191025
2604.48 17.0160082921
2605.68 17.0371223463
2606.88 17.3346385658
2608.08 17.4824369458
2609.29 17.3653499175
2610.51 17.4037391071
2611.72 17.0371223463
2612.92 16.9507466697
2614.13 16.9085185612
2615.36 16.9814580214
2616.56 17.3077661331
2617.78 17.3730277554
2618.99 17.503551
2620.21 17.4709201889
2621.42 17.263618565
2622.62 16.872048831
2623.84 16.8682099121
2625.05 17.0582364006
2626.25 17.2501823487
2627.46 17.4402088372
2628.67 17.4402088372
2629.87 17.3442358632
2631.08 17.2962493762
2632.29 17.0812699144
2633.5 16.779914776
2634.71 16.9181158586
2635.92 17.1791623479
2637.13 17.4056585665
2638.33 17.5189066759
2639.54 17.4805174863
2640.75 17.363430458
2641.97 17.1139007256
2643.17 16.7971899113
2644.38 16.831740182
2645.59 17.1350147798
2646.81 17.3845445123
2648.03 17.603362893
2649.24 17.5227455948
2650.45 17.3845445123
2651.66 17.1254174824
2652.88 17.0908672118
2654.08 17.0735920765
2655.29 17.1599677531
2656.5 17.3960612691
2657.71 17.6110407309
2658.92 17.7166110023
2660.13 17.4824369458
2661.34 17.2693769435
2662.56 17.067833698
2663.77 16.8701293716
2664.98 16.9622634266
2666.19 17.2981688357
2667.4 17.3691888364
2668.62 17.4037391071
2669.84 17.5189066759
2671.06 17.3826250528
2672.27 17.123498023
2673.48 17.0908672118
2674.68 17.1695650505
2675.89 17.3999001881
2677.1 17.6129601904
2678.31 17.6225574878
2679.52 17.5304234328
2680.73 17.2943299167
2681.94 17.0793504549
2683.16 16.971860724
2684.37 16.8221428846
2685.57 16.9392299129
2686.79 17.3807055933
2688.0 17.507389919
2689.22 17.5688126224
2690.43 17.5054704595
2691.65 17.3768666743
2692.87 17.215632078
2694.08 16.9449882913
2695.29 17.0966255902
2696.5 17.267457484
2697.7 17.5457791086
2698.91 17.7818726247
2700.13 17.7070137049
2701.35 17.2847326193
2702.56 17.17148451
2703.76 17.1139007256
2704.97 17.1810818074
2706.18 17.2137126185
2707.39 17.6148796499
2708.6 17.7204499213
2709.83 17.5803293792
2711.05 17.4133364045
2712.26 17.2348266728
2713.47 17.1465315367
2714.68 17.0044915352
2715.89 17.3192828899
2717.11 17.6667050559
2718.32 17.8413758686
2719.52 17.6417520826
2720.72 17.3480747821
2721.93 17.1062228876
2723.14 16.9852969404
2724.35 17.0217666705
2725.56 17.2309877538
2726.77 17.4306115398
2727.99 17.5323428922
2729.2 17.5822488387
2730.4 17.607201812
2731.61 17.4267726208
2732.84 17.0505585627
2734.05 14.6531536719
2735.25 12.3037352681
2736.46 10.5531882222
2737.67 9.19804982917
2738.88 8.0406157626
2740.08 6.88702061499
2741.29 5.8293984414
2742.5 4.91573572882
2743.71 4.26887788399
2744.92 3.94448923183
2746.13 3.78133517601
2747.34 3.89266382587
2748.55 3.85235517678
2749.76 3.44926868594
2750.98 2.957887059
2752.19 2.71411570502
2753.4 2.30335137625
2754.62 2.19394218588
2755.84 2.33022380898
2757.05 2.59127029828
2758.26 2.72179354294
2759.47 2.49913624323
2760.68 2.29183461937
2761.88 1.8042919114
2763.08 1.4645475834
2764.29 1.48758109716
2765.51 1.68912434259
2766.72 1.98280164306
2767.93 2.13060002303
2769.14 2.10756650927
2770.36 1.90410380437
2771.56 1.6104265039
2772.78 1.2706821759
2773.99 1.10176974164
2775.2 1.20925947253
2776.4 1.454950286
2777.61 1.86571461476
2778.83 1.97512380514
2780.04 1.83884218204
2781.26 1.38584974471
2782.47 0.967407578026
2783.68 0.854159468694
2784.89 0.988521632308
2786.1 1.34554109563
2787.32 1.61810434182
2788.53 1.75630542439
2789.73 1.72751353219
2790.95 1.52213136781
2792.16 1.22845406733
2793.38 0.792736765327
2794.59 0.861837306614
2795.81 0.994280010749
2797.03 1.34746055511
2798.24 1.52405082729
2799.45 1.61234596338
2800.65 1.36857460939
2801.87 0.957810280625
2803.08 0.850320549733
2804.29 0.890629198818
2805.5 1.00771622711
2806.71 1.25916541902
2807.92 1.38393028523
2809.13 1.4453529886
2810.34 1.38201082575
2811.55 0.965488118546
2812.76 0.756267035203
2813.97 0.748589197282
2815.17 0.840723252332
2816.38 1.07873622788
2817.58 1.29371568966
2818.8 1.40120542055
2820.01 1.35897731199
2821.22 1.14591730969
2822.44 0.848401090253
2823.65 0.698683250797
2824.86 0.623824331068
2826.07 0.873354063496
2827.28 1.28795731122
2828.48 1.39736650159
2829.68 1.35705785251
2830.89 1.04994433568
2832.11 0.702522169757
2833.32 0.529770816538
2834.53 0.443395139929
2835.73 0.785058927406
2836.95 1.14591730969
2838.16 1.42423893432
2839.37 1.46646704288
2840.58 1.39160812315
2841.8 0.969327037506
2843.01 0.760105954163
2844.22 0.558562708741
2845.43 0.648777304311
2846.64 1.07873622788
2847.86 1.29371568966
2849.07 1.40120542055
2850.28 1.16703136397
2851.48 0.762025413644
2852.68 0.656455142232
2853.89 0.602710276786
2855.1 0.671810818074
2856.31 0.898307036738
2857.52 1.10752812008
2858.73 1.40312488003
2859.94 1.26492379746
2861.15 1.00195784867
2862.36 0.679488655994
2863.56 0.518254059657
2864.78 0.533609735498
2865.99 0.925179469461
2867.2 1.21693731045
2868.4 1.26684325694
2869.61 1.29179623018
2870.84 0.921340550501
2872.05 0.735152980921
2873.26 0.54512649238
2874.47 0.451072977849
2875.68 0.596951898345
2876.89 0.859917847134
2878.1 1.18430649929
2879.32 1.34746055511
2880.53 1.04418595723
2881.73 0.700602710277
2882.94 0.431878383047
2884.15 0.395408652923
2885.36 0.472187032132
2886.56 0.894468117778
2887.77 1.20158163461
2888.98 1.25916541902
2890.18 1.0960113632
2891.39 0.917501631541
2892.6 0.541287573419
2893.82 0.353180544359
2895.03 0.64301892587
2896.24 0.884870820377
2897.45 1.09985028216
2898.66 1.20925947253
2899.87 1.16703136397
