0.0 0.395586092026
1.21 0.45964861705
2.42 0.731914348404
3.62 0.627812745239
4.83 0.57656272522
6.05 0.389179839523
7.28 0.136132865677
8.49 0.249843847595
9.7 0.387578276398
10.91 0.534922083954
12.13 0.530117394577
13.34 0.606992424606
14.55 0.645429939621
15.76 0.424414228287
16.97 0.31390637262
18.18 0.177773506943
19.39 0.190586011948
20.59 0.357148577011
21.8 0.680664328385
23.01 0.68226589151
24.22 0.603789298355
25.43 0.483672063934
26.64 0.422812665161
27.84 0.153750060059
29.05 0.177773506943
30.27 0.430820480789
31.47 0.637422123993
32.68 0.581367414597
33.9 0.552539278336
35.12 0.618203366486
36.33 0.410000160156
37.54 0.147343807556
38.75 0.094492224411
39.97 0.309101683243
41.18 0.496484568939
42.39 0.59097679335
43.59 0.637422123993
44.8 0.499687695191
46.01 0.432422043915
47.23 0.23703134259
48.44 0.140937555054
49.65 0.411601723282
50.86 0.387578276398
52.07 0.696679959641
53.29 0.610195550858
54.5 0.486875190186
55.72 0.344336072006
56.93 0.35394545076
58.14 0.118515671295
59.36 0.241836031967
60.57 0.30269543074
61.78 0.493281442688
62.99 0.66785182338
64.19 0.595781482727
65.39 0.480468937683
66.59 0.421211102036
67.8 0.152148496933
69.01 0.257851663223
70.22 0.310703246368
71.43 0.418007975784
72.64 0.55093771521
73.85 0.53652364708
75.06 0.450039238297
76.28 0.406797033905
77.48 0.145742244431
78.69 0.254648536972
79.9 0.309101683243
81.11 0.416406412659
82.33 0.469257995804
83.54 0.6566408815
84.75 0.59097679335
85.97 0.397187655151
87.19 0.219414148209
88.39 0.1313281763
89.59 0.408398597031
90.8 0.546133025833
92.01 0.534922083954
93.22 0.768750300293
94.43 0.647031502747
95.64 0.424414228287
96.84 0.3939845289
98.05 0.139335991928
99.27 0.17136725444
100.47 0.347539198257
101.67 0.435625170166
102.88 0.719101843399
104.09 0.621406492737
105.31 0.493281442688
106.52 0.267461041977
107.73 0.235429779465
108.94 0.219414148209
110.15 0.291484488861
111.36 0.408398597031
112.57 0.546133025833
113.78 0.615000240234
114.99 0.648633065872
116.2 0.426015791412
117.41 0.395586092026
118.61 0.219414148209
119.82 0.291484488861
121.03 45.3306427073
122.23 70.9748714746
123.44 84.5961658579
124.64 91.2474575185
125.85 94.5739041304
127.07 96.7167955925
128.29 98.0284757924
129.49 98.2030461731
130.7 98.2110539887
131.91 98.9365620846
133.13 98.8180464133
134.34 98.9990230465
135.55 99.2488668941
136.76 98.9749995996
137.97 99.3177341085
139.19 99.2488668941
140.4 99.4538669742
141.61 99.6380467336
142.81 99.8094139881
144.03 99.413827896
145.23 99.617226413
146.44 99.6396482967
147.65 99.0887105815
148.86 99.4554685373
150.07 99.3978122648
151.3 99.5291404411
152.51 99.1143355915
153.73 99.3065231666
154.94 99.6444529861
156.15 99.4122263329
157.36 99.6156248499
158.57 99.6380467336
159.78 99.4090232066
160.99 99.4554685373
162.2 99.2376559522
163.41 99.2088278159
164.62 99.4346482167
165.83 99.3866013229
167.04 99.604413908
168.27 99.1511715434
169.47 99.565976393
170.68 99.6140232867
171.9 99.0758980765
173.12 99.4490622848
174.33 99.7149217636
175.55 99.3673825654
176.76 99.272890341
177.97 99.4666794792
179.18 99.0839058922
180.38 99.3721872548
181.59 99.5964060923
182.8 99.3081247297
184.0 99.5643748298
185.21 99.7725780362
186.42 99.8766796393
187.64 99.2072262528
188.84 99.5948045292
190.05 99.706913948
191.28 99.5243357517
192.49 99.6716795592
193.69 99.3465622448
194.89 99.2632809622
196.1 99.7021092586
197.32 99.681288938
198.54 99.1095309022
199.75 99.465077916
200.97 99.1623824853
202.17 99.5723826455
203.39 99.1351559122
204.58 99.6380467336
205.8 99.4090232066
207.01 99.6156248499
208.22 99.6380467336
209.44 99.3289450504
210.64 99.4939060523
211.85 99.6572654911
213.06 99.3385544291
214.28 99.0198433671
215.48 99.3401559922
216.67 99.0198433671
217.87 99.5003123048
219.07 99.0999215234
220.29 99.5403513829
221.49 99.5996092186
222.71 99.5499607617
223.92 99.7661717837
225.14 99.3930075754
226.35 99.285702846
227.55 99.4730857317
228.76 99.5675779561
229.98 99.133554349
231.19 99.2360543891
232.4 99.5291404411
233.61 99.4346482167
234.81 99.5467576355
236.03 99.4442575954
237.25 99.5515623248
238.47 99.1255465334
239.67 99.4730857317
240.89 99.247265331
242.09 99.5339451304
243.31 99.5964060923
244.52 99.5483591986
245.73 99.7645702205
246.94 99.553163888
248.15 99.6860936274
249.36 99.9135155912
250.57 99.8670702606
251.78 99.604413908
252.99 99.3914060123
254.21 99.2056246897
255.42 98.9525777159
256.62 99.3866013229
257.83 99.604413908
259.05 99.87187495
260.28 99.6060154711
261.48 99.6332420442
262.68 99.1671871747
263.89 99.1735934272
265.09 99.2568747097
266.31 99.1383590384
267.53 99.4794919842
268.74 99.2488668941
269.96 99.2152340685
271.17 99.1976168741
272.39 99.5883982767
273.59 99.3049216035
274.8 99.2424606416
276.01 99.6108201605
277.22 99.3962107016
278.44 99.2873044091
279.64 99.1543746697
280.86 99.5675779561
282.07 99.694101443
283.3 99.9167187175
284.51 99.388202886
285.72 99.6844920643
286.93 99.9135155912
288.14 99.7869921043
289.35 99.1623824853
290.55 99.1719918641
291.76 99.4154294592
292.97 99.0582808821
294.19 99.1992184372
295.39 99.1095309022
296.59 99.465077916
297.8 99.7229295793
299.02 99.6908983168
300.23 99.4362497798
301.44 99.2280465735
302.64 99.3641794391
303.86 99.1912106216
305.06 99.5067185573
306.29 99.8238280562
307.49 99.4218357117
308.7 99.4602732267
309.91 99.8014061724
311.13 99.9711718637
312.34 99.9759765531
313.55 99.5771873348
314.76 99.8590624449
315.97 99.8398436874
317.18 99.910312465
318.39 99.2248434472
319.58 99.4426560323
320.8 98.9910152309
322.01 93.0796457342
323.22 86.7614792037
324.44 80.3984689057
325.64 74.7337401304
326.85 69.820144461
328.06 65.2012364067
329.28 61.290219254
330.48 57.8132257083
331.69 54.634122904
332.9 51.6023639072
334.12 48.6442768142
335.34 45.8847835487
336.55 43.5448998222
337.76 41.3331411458
338.98 39.3456013069
340.19 37.5518506062
341.39 36.0143500056
342.59 34.5248962988
343.79 32.8993097263
344.99 31.4466919714
346.2 29.9988789058
347.41 28.5542689665
348.61 27.4315732155
349.82 26.3889556207
351.03 25.5481349797
352.25 24.7281346594
353.47 23.996220311
354.67 22.9904386681
355.88 22.1672352216
357.09 21.2751645606
358.31 20.5096173866
359.52 19.8049296113
360.74 19.2940309742
361.95 18.9577027179
363.15 18.4692259645
364.36 17.9038741812
365.57 17.2216082897
366.78 16.6402408751
367.99 16.0300453242
369.2 15.7241467672
370.41 15.3301622383
371.62 15.134771537
372.83 14.8753183107
374.05 14.4268806355
375.28 13.8807476097
376.48 13.528403722
377.68 13.0319191531
378.89 12.7836768686
380.1 12.5802783517
381.32 12.5578564679
382.54 12.4665673698
383.75 12.1798875703
384.96 11.717035827
386.17 11.3262544243
387.39 10.9691058473
388.59 10.7112541841
389.8 10.583129134
391.01 10.5174650459
392.22 10.5655119397
393.43 10.429379074
394.64 10.1218789539
395.84 9.80637101811
397.05 9.40918336296
398.27 9.21058953539
399.48 9.1112926216
400.69 9.0616441647
401.9 9.1176988741
403.12 9.06484729096
404.34 9.03762071782
405.55 8.62441743141
406.77 8.25765947565
407.98 8.15515943561
409.19 8.02222969618
410.39 8.11672192059
411.59 8.24484697064
412.8 8.22722977626
414.01 7.97898749179
415.22 7.77558897484
416.44 7.35277630968
417.64 7.22144813338
418.85 7.07570588895
420.06 7.24226845401
421.28 7.24707314339
422.48 7.48890917536
423.68 7.20863562837
424.89 6.98922148016
426.12 6.72015887506
427.33 6.5039478531
428.54 6.55679943625
429.75 6.5039478531
430.97 6.55679943625
432.18 6.58242444626
433.39 6.51676035811
434.59 6.40304937619
435.8 6.10515863483
437.01 5.95781482727
438.23 5.88254136037
439.44 5.84570540848
440.64 5.98824452666
441.86 6.05871330418
443.07 6.09394769295
444.28 6.11156488733
445.49 5.87933823412
446.71 5.60386937651
447.92 5.30597863515
449.13 5.39726773331
450.34 5.52379122023
451.55 5.82648665097
452.77 5.8969554285
453.98 5.77363506783
455.19 5.39086148081
456.39 5.19867390573
457.59 5.02410352504
458.8 4.93601755313
460.02 5.05133009818
461.24 5.1906660901
462.45 5.33961146079
463.65 5.253127052
464.86 5.21148641074
466.07 4.86875190186
467.3 4.61890805426
468.51 4.73261903618
469.72 4.71019715242
470.94 4.8591425231
472.15 5.17465045885
473.36 5.09136917632
474.57 4.96965037877
475.78 4.66855651115
476.99 4.43793142107
478.2 4.24254071974
479.41 4.30500168164
480.62 4.41550953731
481.83 4.79187687183
483.04 4.82070500809
484.26 4.67336120053
485.47 4.36105639104
486.68 4.20410320473
487.89 4.04554845529
489.09 4.12562661157
490.31 4.24734540912
491.52 4.38668140105
492.74 4.45715017857
493.95 4.41230641106
495.15 4.22972821474
496.36 4.0583609603
497.57 3.89339995836
498.78 3.81011867583
499.99 3.84855619084
501.2 4.02793126091
502.41 4.19769695223
503.61 4.36265795416
504.82 4.12402504845
506.03 3.84535306459
507.24 3.70601707266
508.45 3.63714985826
509.66 3.68199362578
510.87 3.8645718221
512.07 4.03593907654
513.3 4.1208219222
514.51 3.92382965775
515.72 3.7460561508
516.94 3.65636861577
518.15 3.61152484825
519.36 3.50902480821
520.57 3.61793110075
521.78 48.756386233
522.99 73.2474895498
524.19 85.5731193645
525.39 92.2964813658
526.59 95.5780842102
527.8 97.1396082577
529.01 98.1598039687
530.24 98.7491791989
531.46 99.2056246897
532.66 99.3529684973
533.88 99.3465622448
535.08 99.2632809622
536.3 99.4618747898
537.51 99.2408590785
538.73 99.2104293791
539.95 99.1944137478
541.15 99.107929339
542.37 98.8228511027
543.58 98.7619917039
544.79 98.9701949102
546.0 99.3962107016
547.22 99.5275388779
548.44 99.0342574353
549.63 99.5067185573
550.84 99.7437498999
552.05 99.7821874149
553.28 99.7213280161
554.48 99.4506638479
555.69 99.6364451705
556.9 99.1671871747
558.12 99.4939060523
559.33 99.4971091786
560.55 99.3385544291
561.76 99.1799996797
562.97 99.6604686174
564.17 99.4202341485
565.38 99.2200387578
566.59 98.9589839684
567.8 99.4698826054
569.01 99.0855074553
570.23 99.1319527859
571.43 99.4762888579
572.63 99.7293358318
573.85 99.2937106616
575.07 99.2376559522
576.29 99.6892967536
577.5 99.1944137478
578.7 99.5067185573
579.91 99.4234372748
581.12 99.221640321
582.34 98.8805073752
583.55 99.5115232467
584.76 99.1047262128
585.98 98.902929259
587.19 99.4410544692
588.4 99.0710933871
589.61 98.8853120646
590.82 99.0326558721
592.04 99.426640401
593.25 99.5435545092
594.47 99.3609763129
595.67 99.6716795592
596.88 99.6652733067
598.09 99.4234372748
599.31 99.7821874149
600.52 99.401015391
601.73 99.770976473
602.95 99.7149217636
604.15 99.2072262528
605.37 99.5147263729
606.57 99.8270311824
607.79 99.7437498999
608.99 99.221640321
610.2 99.2008200003
611.42 98.9509761527
612.63 99.3849997598
613.84 99.7629686574
615.05 99.5515623248
616.28 99.0454683771
617.49 99.6732811224
618.69 99.7469530262
619.9 99.8638671343
621.12 99.8430468137
622.33 99.9119140281
623.55 99.465077916
624.77 99.3225387979
625.98 99.2520700203
627.19 99.4554685373
628.4 99.3978122648
629.61 99.6092185974
630.82 99.1543746697
632.02 99.4074216435
633.25 99.7741795993
634.46 99.2376559522
635.67 99.7693749099
636.88 99.3946091385
638.09 99.0470699403
639.31 99.4330466535
640.51 99.3065231666
641.73 99.1639840484
642.94 98.9317573952
644.15 99.4554685373
645.37 99.0774996396
646.57 99.4490622848
647.79 99.3946091385
648.99 99.6076170342
650.2 99.6348436074
651.42 99.7277342686
652.63 99.3737888179
653.84 99.2760934672
655.05 99.7085155111
656.27 99.5243357517
657.47 99.3529684973
658.68 99.7469530262
659.89 99.3833981966
661.11 99.5211326254
662.32 99.591601403
663.54 99.5451560723
664.75 99.7629686574
665.96 99.2312496997
667.17 99.5259373148
668.39 99.272890341
669.59 98.9862105415
670.8 99.0839058922
672.01 99.5323435673
673.23 99.3561716235
674.44 99.5883982767
675.65 99.7037108218
676.86 99.8430468137
678.07 99.2712887778
679.3 99.2248434472
680.51 99.2024215634
681.73 99.591601403
682.94 99.3866013229
684.16 99.7629686574
685.37 99.87187495
686.58 99.5259373148
687.8 99.8334374349
689.0 99.9071093387
690.22 99.8638671343
691.44 99.8430468137
692.65 99.9919921844
693.86 99.5051169942
695.06 99.1031246497
696.28 99.1415621647
697.49 99.4810935473
698.71 99.5707810823
699.92 99.1351559122
701.13 98.9173433271
702.34 99.2088278159
703.55 99.1143355915
704.76 99.146366854
705.98 99.4042185173
707.18 99.5323435673
708.39 99.6764842486
709.58 99.7485545893
710.79 99.4634763529
712.0 99.7229295793
713.22 99.4506638479
714.42 99.6364451705
715.63 99.6476561124
716.84 99.0935152709
718.05 99.617226413
719.27 99.7998046093
720.48 99.4891013629
721.69 99.4154294592
722.89 99.617226413
724.11 99.7998046093
725.32 94.2039430484
726.53 87.1634715482
727.74 80.8388987652
728.94 75.2750684668
730.15 70.4111212543
731.36 65.9779945227
732.57 61.7578756867
733.78 58.0470539246
734.99 54.7510370121
736.2 51.740098336
737.41 48.7147455917
738.61 46.0801742501
739.82 43.9613062349
741.03 41.8616569772
742.26 39.9317734108
743.46 38.085171127
744.67 36.2802094845
745.88 34.5777478819
747.1 32.8464581431
748.31 31.3393872419
749.52 30.1045820721
750.73 29.1676676436
751.94 28.0593859607
753.15 27.0231746184
754.36 25.8652444786
755.57 24.8866894089
756.78 23.8360639985
758.0 22.9103605119
759.21 22.2072742997
760.42 21.6146959432
761.62 20.999695703
762.83 20.3702813946
764.04 19.7360623969
765.26 19.1787184292
766.46 18.4195775076
767.67 17.7196944218
768.87 17.2103973478
770.1 16.7939909352
771.31 16.4272329794
772.52 16.1629750637
773.73 15.7097326991
774.94 15.2436778296
776.15 14.6110603949
777.35 14.2138727398
778.56 13.8551225997
779.77 13.5956693733
780.98 13.4659427601
782.19 13.2401223594
783.39 13.0479347843
784.56 12.711606528
785.77 12.3032079309
786.98 11.9396531014
788.19 11.6769967488
789.4 11.38551226
790.61 11.3999263281
791.83 11.3262544243
793.03 11.130863723
794.26 10.9514886529
795.47 10.5430900559
796.68 10.1779336633
797.89 9.83519915437
799.1 9.74391005621
800.32 9.69746472557
801.53 9.75512099809
802.74 9.62379282179
803.95 9.47805057736
805.16 9.16574576787
806.38 8.848636269
807.58 8.61000336328
808.79 8.48988612886
810.0 8.59078460578
811.21 8.64203462579
812.42 8.5859799164
813.62 8.47867518698
814.83 8.34574544756
816.04 7.95816717116
817.27 7.68429987668
818.48 7.62664360416
819.69 7.59941703102
820.9 7.66508111917
822.11 7.69711238168
823.32 7.63465141979
824.53 7.44246384471
825.74 7.18621374461
826.94 6.897932382
828.15 6.83386985698
829.35 6.72176043819
830.56 6.82586204135
831.78 7.11734653021
832.99 7.02445586893
834.19 6.8162526626
835.4 6.63367446628
836.61 6.38062749243
837.82 6.25570556863
839.03 6.11156488733
840.24 6.20125242236
841.45 6.32457278304
842.66 6.38703374494
843.87 6.41906500745
845.08 6.27332276302
846.29 5.96101795352
847.5 5.72558817406
848.71 5.76722881532
849.92 5.78804913596
851.13 5.95781482727
852.34 5.88414292349
853.55 6.00586172104
854.76 5.90816637038
855.98 5.53820528836
857.2 5.27234580951
858.41 5.14101763321
859.62 5.31398645078
860.83 5.40207242268
862.04 5.52539278336
863.26 5.42609586957
864.47 5.45812713208
865.68 5.15222857509
866.89 4.92000192188
868.1 4.80468937683
869.32 4.74543154118
870.53 4.95683787376
871.74 5.06254104006
872.94 5.1153926232
874.15 5.06254104006
875.37 4.87515815436
876.58 4.70058777367
877.78 4.5340252086
878.99 4.69097839491
880.19 4.68937683179
881.39 4.84953314435
882.59 4.9280097375
883.79 4.88797065936
885.01 4.62851743301
886.23 4.49718925671
887.44 4.35304857541
888.65 4.19929851535
889.86 4.44433767357
891.06 4.56605647112
892.28 4.70699402617
893.49 4.61730649114
894.7 4.6525408799
895.9 4.42992360544
897.11 4.0775797178
898.33 3.90300933711
899.54 4.05515783405
900.74 4.29058761351
901.95 4.32902512853
903.16 4.42832204231
904.37 4.39789234293
905.58 4.14324380595
906.78 3.93504059963
907.99 3.91101715274
909.2 3.81812649146
910.41 4.01351719278
911.62 4.10961098032
912.83 4.23933759349
914.04 4.14324380595
915.26 4.01511875591
916.46 3.71082176204
917.67 3.55867326511
918.87 3.56187639136
920.09 3.72523583017
921.3 3.96547029901
922.51 4.00711094028
923.72 3.9462515415
924.93 26.6596197889
926.15 61.8779929211
927.35 79.5688592066
928.56 88.8130815676
929.76 93.356716155
930.98 95.9480452922
932.18 97.4839443297
933.39 98.010858598
934.58 98.1950383574
935.79 98.8484761127
937.0 98.6130463332
938.22 98.8164448502
939.43 98.9990230465
940.64 99.1687887378
941.85 99.3353513029
943.05 99.4971091786
944.27 99.2584762728
945.48 99.5403513829
946.69 99.439452906
947.9 99.3097262929
949.11 99.2456637678
950.33 99.452265411
951.54 99.6364451705
952.75 99.8094139881
953.96 99.2536715835
955.17 99.617226413
956.38 99.1591793591
957.58 99.5691795192
958.79 99.2953122247
960.0 99.5579685773
961.22 99.0486715034
962.43 99.3545700604
963.63 99.2664840885
964.85 99.6236326655
966.06 99.3225387979
967.28 99.2504684572
968.49 99.375390381
969.69 99.6780858118
970.9 99.8302343087
972.11 99.2648825253
973.33 99.3817966335
974.54 99.4410544692
975.75 99.6316404811
976.96 99.3257419241
978.18 98.9317573952
979.38 99.2168356316
980.59 99.1976168741
981.8 99.2696872147
983.01 99.5451560723
984.24 99.5227341886
985.45 99.4314450904
986.66 99.3049216035
987.86 99.642851423
989.07 99.1719918641
990.28 99.5755857717
991.51 99.4586716635
992.72 99.1591793591
993.92 99.4891013629
995.14 99.7357420843
996.35 99.2168356316
997.56 99.5195310623
998.78 99.5899998398
999.98 99.7053123849
1001.19 99.7629686574
1002.4 99.87187495
1003.61 99.7661717837
1004.83 99.2328512628
1006.04 98.9653902209
1007.26 99.3930075754
1008.47 99.5275388779
1009.68 99.1127340284
1010.89 99.4666794792
1012.1 99.2440622047
1013.3 99.1319527859
1014.51 99.4762888579
1015.72 99.5675779561
1016.93 99.2937106616
1018.15 99.4778904211
1019.36 99.5691795192
1020.57 99.7741795993
1021.78 99.4778904211
1022.99 99.7293358318
1024.2 99.8542577556
1025.42 99.5980076555
1026.62 99.3081247297
1027.83 99.7245311424
1029.04 99.5323435673
1030.26 99.6764842486
1031.46 99.4282419642
1032.67 99.7053123849
1033.89 99.7629686574
1035.1 99.6316404811
1036.31 99.4058200804
1037.53 99.6124217236
1038.73 99.796601483
1039.94 99.7293358318
1041.16 99.4538669742
1042.38 99.5579685773
1043.59 99.6092185974
1044.8 99.6348436074
1046.01 99.4074216435
1047.23 99.2937106616
1048.44 99.4762888579
1049.64 99.3289450504
1050.85 99.4939060523
1052.06 99.336952866
1053.27 99.0983199603
1054.48 99.1399606015
1055.69 99.5595701405
1056.9 99.4506638479
1058.11 99.3145309822
1059.32 99.6476561124
1060.53 99.5739842086
1061.74 99.3769919441
1062.96 99.5996092186
1064.18 99.630038918
1065.39 99.4042185173
1066.58 99.3721872548
1067.79 99.5964060923
1068.99 99.7885936674
1070.2 99.8046092987
1071.4 99.8126171143
1072.62 99.89749996
1073.83 99.7789842887
1075.04 99.3994138279
1076.26 99.0486715034
1077.47 99.3545700604
1078.67 99.2680856516
1079.88 99.5435545092
1081.1 99.6828905011
1082.31 99.7517577155
1083.52 99.8654686974
1084.74 99.92312497
1085.94 99.87187495
1087.16 99.7661717837
1088.37 99.3930075754
1089.58 99.6076170342
1090.8 99.3129294191
1092.02 99.247265331
1093.24 99.5339451304
1094.45 99.5964060923
1095.66 99.388202886
1096.86 99.5243357517
1098.07 99.0326558721
1099.29 99.2664840885
1100.5 99.2232418841
1101.71 99.120741844
1102.93 99.0710933871
1104.15 98.8853120646
1105.36 99.1928121847
1106.57 99.1063277759
1107.78 99.4634763529
1108.99 99.7213280161
1110.2 99.4506638479
1111.41 99.0758980765
1112.61 99.2873044091
1113.83 98.9942183571
1115.04 99.1671871747
1116.27 99.0935152709
1117.48 99.4570701004
1118.69 99.7181248899
1119.9 99.4490622848
1121.11 99.6348436074
1122.32 99.4874997998
1123.53 99.6540623649
1124.74 99.336952866
1125.94 95.0944121463
1127.15 88.7298002851
1128.37 82.1025320713
1129.58 76.628389308
1130.79 71.6475279873
1131.99 66.9965886705
1133.19 62.8277198546
1134.39 59.0624449463
1135.59 55.4188888355
1136.8 52.2349813418
1138.01 49.2816989382
1139.23 46.7640417047
1140.44 44.6243533689
1141.65 42.3533368568
1142.87 40.2568907253
1144.09 38.2469290027
1145.3 36.5220455164
1146.51 34.7795448358
1147.73 33.1059113695
1148.94 31.7894264802
1150.15 30.5706369417
1151.37 29.4815740162
1152.58 28.2948157402
1153.78 27.1416902897
1154.99 26.0846586268
1156.19 24.9955957014
1157.4 23.970595301
1158.6 23.217860632
1159.81 22.4411025161
1161.02 21.7332116145
1162.24 21.2175082881
1163.46 20.5608674066
1164.67 19.8305546213
1165.87 19.1466871667
1167.09 18.4836400327
1168.3 17.9118819968
1169.52 17.4650458848
1170.73 17.0822722978
1171.94 16.7315299733
1173.15 16.3952017169
1174.35 15.8266468073
1175.56 15.2212559458
1176.78 14.8400839219
1177.99 14.3275837217
1179.2 13.9928570285
1180.41 13.744614744
1181.62 13.6196928202
1182.84 13.3185989526
1184.05 13.1664504556
1185.26 12.6907862073
1186.47 12.2935985522
1187.68 11.8531686926
1188.89 11.6337545444
1190.1 11.5248482519
1191.31 11.5488716988
1192.52 11.3214497349
1193.74 11.0475824405
1194.95 10.7512932622
1196.16 10.442191579
1197.37 10.1266836432
1198.58 9.96973045693
1199.78 9.81117570749
1200.99 9.81277727062
1202.19 9.8928554269
1203.39 9.6926600362
1204.59 9.43160524672
1205.8 9.22180047727
1207.02 8.87746440526
1208.24 8.62441743141
1209.45 8.57797210077
1210.66 8.55394865389
1211.87 8.78297218085
1213.08 8.65805025705
1214.29 8.35375326318
1215.49 8.20320632938
1216.7 7.88609683051
1217.9 7.56898733164
1219.11 7.64906548792
1220.32 7.69070612918
1221.53 7.70992488669
1222.74 7.80121398485
1223.95 7.68590143981
1225.16 7.30793254216
1226.37 7.03886993706
1227.58 6.90433863451
1228.78 6.83707298323
1229.99 6.80344015759
1231.21 6.86590111949
1232.41 6.897932382
1233.61 6.99402616954
1234.82 6.72176043819
1236.03 6.50554941623
1237.25 6.23808837425
1238.46 6.18363522798
1239.67 6.15640865485
1240.88 6.30215089928
1242.09 6.53597911562
1243.3 6.57281506751
1244.51 6.35179935617
1245.73 5.99945546854
1246.94 5.90496324413
1248.15 5.77683819408
1249.35 5.79285382533
1250.56 5.80086164096
1251.77 5.88414292349
1252.98 5.92738512788
1254.19 5.78804913596
1255.39 5.63750220215
1256.59 5.32359582953
1257.8 5.16504108009
1259.01 5.2467207995
1260.22 5.36843959705
1261.44 5.42769743269
1262.65 5.61828344464
1263.87 5.47414276334
1265.09 5.240314547
1266.3 5.04492384567
1267.51 4.94562693189
1268.73 4.81750188184
1269.94 4.91199410625
1271.15 5.20027546886
1272.36 5.1842598376
1273.57 5.17625202197
1274.78 4.93281442688
1275.99 4.64933775365
1277.22 4.50840019859
1278.42 4.59808773363
1279.62 4.64293150115
1280.83 4.6653533849
1282.04 4.91679879562
1283.26 4.88316596999
1284.47 4.70539246304
1285.68 4.45554861545
1286.89 4.49238456734
1288.1 4.26976729288
1289.31 4.31781418665
1290.53 4.50359550922
1291.74 4.59488460738
1292.94 4.7214080943
1294.15 4.54523615048
1295.37 4.29539230289
1296.58 4.2521500985
1297.79 4.06957190218
1299.0 3.97828280402
1300.22 4.09199378594
1301.43 4.30980637102
1302.64 4.41871266356
1303.85 4.39308765355
1305.06 4.1400406797
1306.28 3.9334390365
1307.49 3.91101715274
1308.7 3.81812649146
1309.91 4.01351719278
1311.12 4.10961098032
1312.33 4.31941574977
1313.54 4.18328288409
1314.75 3.95425935713
1315.96 3.92062653149
1317.18 3.74445458768
1318.39 3.65476705264
1319.59 3.69160300453
1320.8 3.86937651148
1322.01 4.03754063966
1323.22 3.96226717276
1324.43 3.84535306459
1325.64 3.86617338522
1326.85 50.1609570941
1328.06 74.2708883871
1329.28 86.1640961579
1330.49 92.4326142315
1331.7 95.6453498615
1332.91 97.4134755521
1334.12 98.0557023655
1335.33 98.0573039286
1336.53 98.5393744294
1337.73 98.8596870546
1338.93 98.9397652108
1340.15 98.5794135076
1341.36 98.6386713432
1342.57 99.069491824
1343.78 99.3657810023
1345.0 99.5131248098
1346.21 99.5867967136
1347.42 99.5435545092
1348.63 99.6012107817
1349.85 99.0710933871
1351.06 99.0454683771
1352.29 98.8724995596
1353.49 99.3465622448
1354.69 99.0230464934
1355.89 99.3417575554
1357.09 99.5003123048
1358.29 99.5003123048
1359.48 99.3401559922
1360.67 99.6604686174
1361.87 99.1799996797
1363.08 99.5803904611
1364.29 99.0598824453
1365.5 99.3609763129
1366.72 99.5899998398
1367.93 99.3849997598
1369.14 99.2024215634
1370.35 99.3513669341
1371.56 99.2664840885
1372.77 99.5435545092
1373.99 99.2808981566
1375.19 99.5515623248
1376.4 99.6060154711
1377.61 99.0726949503
1378.82 99.4458591585
1380.03 99.553163888
1381.26 99.1271480965
1382.47 99.4730857317
1383.68 99.0871090184
1384.9 98.8933198802
1386.11 99.1960153109
1387.32 99.4282419642
1388.53 99.465077916
1389.74 99.642851423
1390.95 99.6508592386
1392.16 99.1751949903
1393.37 99.578788898
1394.57 99.7789842887
1395.78 99.7998046093
1397.0 99.3305466135
1398.22 99.5755857717
1399.43 99.2969137879
1400.64 99.3193356716
1401.85 99.5691795192
1403.07 99.6957030061
1404.29 99.6780858118
1405.5 99.107929339
1406.71 99.3049216035
1407.92 99.642851423
1409.13 99.8910937075
1410.35 99.935937475
1411.56 99.9583593587
1412.77 99.3289450504
1413.97 99.655663928
1415.19 99.4170310223
1416.39 99.6188279761
1417.59 99.4794919842
1418.8 99.0903121447
1420.01 99.1351559122
1421.24 99.0774996396
1422.45 99.4490622848
1423.65 99.5547654511
1424.86 99.6876951905
1426.09 99.7533592787
1427.29 99.8670702606
1428.51 99.7645702205
1429.72 99.2312496997
1430.93 99.4458591585
1432.15 99.6332420442
1433.35 99.8078124249
1434.57 99.7341405211
1435.78 99.3769919441
1437.0 99.1976168741
1438.22 99.0294527459
1439.43 99.2648825253
1440.64 99.5419529461
1441.85 99.120741844
1443.07 99.311327856
1444.28 99.4858982367
1445.5 99.5723826455
1446.71 99.617226413
1447.93 99.7181248899
1449.13 99.8494530662
1450.35 99.8350389981
1451.55 99.2680856516
1452.76 99.7037108218
1453.98 99.362577876
1455.19 99.2712887778
1456.4 99.465077916
1457.61 99.0022261727
1458.82 99.2520700203
1460.03 99.4554685373
1461.25 99.5579685773
1462.46 99.6092185974
1463.66 99.7149217636
1464.87 99.6876951905
1466.09 99.2744919041
1467.29 99.4666794792
1468.5 99.4042185173
1469.71 99.0518746296
1470.92 99.1960153109
1472.13 99.5083201204
1473.33 99.5835935873
1474.55 99.1415621647
1475.76 99.1607809222
1476.96 99.4907029261
1478.18 99.095116834
1479.38 99.4586716635
1480.59 99.3193356716
1481.8 99.3289450504
1483.03 99.0150386777
1484.24 99.2568747097
1485.46 99.4586716635
1486.67 99.3193356716
1487.87 99.3305466135
1489.09 99.0150386777
1490.3 99.336952866
1491.51 99.578788898
1492.72 99.4602732267
1493.93 99.719726453
1495.15 99.2104293791
1496.36 99.5147263729
1497.56 99.5883982767
1498.78 99.2232418841
1499.99 99.5227341886
1501.21 99.3513669341
1502.41 99.6652733067
1503.62 99.1031246497
1504.83 99.3017184772
1506.04 99.4810935473
1507.25 99.6508592386
1508.47 99.8158202406
1509.67 99.8174218037
1510.88 99.8991015231
1512.09 99.8606640081
1513.29 100.0
1514.51 99.8302343087
1515.71 99.8254296193
1516.92 99.4234372748
1518.13 99.4618747898
1519.34 99.8014061724
1520.55 99.2504684572
1521.77 99.6156248499
1522.98 99.6380467336
1524.2 99.8094139881
1525.42 99.7341405211
1526.62 96.8945690994
1527.83 90.9111292622
1529.05 84.1541344352
1530.26 78.4541712712
1531.47 73.122567626
1532.67 68.2938548023
1533.88 63.7165873893
1535.09 59.6678358077
1536.3 56.2805297971
1537.51 53.1462707603
1538.73 50.2986915229
1539.94 47.5119716844
1541.15 45.0791972966
1542.36 42.981149602
1543.57 40.9711878794
1544.78 38.8443120486
1545.99 36.8215378209
1547.21 35.088646519
1548.42 33.5014974615
1549.62 32.2266532135
1550.83 30.9502074024
1552.04 29.8307147776
1553.26 28.7096205897
1554.46 27.4299716523
1555.67 26.3088774644
1556.87 25.1077051202
1558.08 24.2668844793
1559.3 23.3652044395
1560.51 22.835087045
1561.73 22.1704383478
1562.94 21.4369224363
1564.15 20.6697736991
1565.36 19.8850077676
1566.57 19.2539918961
1567.78 18.6165697721
1568.99 18.0592258044
1570.2 17.5387177886
1571.41 17.1991864059
1572.62 16.8692644021
1573.83 16.383990775
1575.04 15.9019202742
1576.26 15.4198497734
1577.46 14.77762296
1578.66 14.4573103349
1579.86 14.1369977098
1581.06 13.9768413972
1582.26 13.8967632409
1583.47 13.5364115377
1584.68 13.1168019988
1585.9 12.6651611973
1587.11 12.2007078909
1588.33 11.8868015183
1589.55 11.6513717388
1590.76 11.6930123801
1591.97 11.7138327007
1593.18 11.6433639232
1594.39 11.2093403161
1595.57 10.8313714185
1596.78 10.4822306571
1597.99 10.1475039639
1599.2 9.97933983568
1600.41 10.136293022
1601.61 9.9745351463
1602.83 9.89445699002
1604.04 9.6926600362
1605.26 9.51328496613
1606.48 9.18176139913
1607.68 8.85664408463
1608.89 8.77496436522
1610.1 8.65324556767
1611.31 8.75254248146
1612.52 8.72211278208
1613.74 8.62601899454
1614.94 8.49949550762
1616.15 8.11512035747
1617.36 7.9229327824
1618.57 7.82683899486
1619.78 7.77879210109
1620.99 7.91492496677
1622.2 7.82203430548
1623.41 7.93734685053
1624.62 7.59301077852
1625.83 7.26148721152
1627.04 7.0164480533
1628.27 7.05328400519
1629.48 7.07090119957
1630.68 7.08051057832
1631.89 7.16539342398
1633.1 7.04847931581
1634.31 6.90914332388
1635.52 6.6785182338
1636.74 6.4847290956
1637.95 6.30695558865
1639.17 6.2973462099
1640.38 6.37422123993
1641.59 6.57121350438
1642.8 6.51035410561
1644.01 6.39984624994
1645.23 6.26531494739
1646.44 5.87613510787
1647.65 5.84250228223
1648.87 5.74640849469
1650.08 5.93699450664
1651.29 6.03308829418
1652.49 6.00105703166
1653.69 5.98504140041
1654.89 5.73679911594
1656.1 5.61347875527
1657.31 5.39086148081
1658.52 5.27875206201
1659.73 5.30437707202
1660.94 5.47574432646
1662.15 5.64230689153
1663.35 5.72558817406
1664.56 5.60707250276
1665.77 5.30758019827
1666.98 4.99847851503
1668.21 4.84312689185
1669.42 4.92480661125
1670.62 5.0465254088
1671.83 5.26754112013
1673.04 5.29797081952
1674.26 5.15383013821
1675.48 5.00008007816
1676.69 4.68457214241
1677.9 4.76625186182
1679.1 4.6461346274
1680.31 4.90718941687
1681.53 5.11859574945
1682.74 5.22269735262
1683.95 4.95523631064
1685.16 4.74222841493
1686.38 4.55484552924
1687.59 4.38027514854
1688.79 4.37386889604
1689.99 4.45074392607
1691.21 4.56925959737
1692.42 4.7085955893
1693.62 4.53882989798
1694.84 4.53242364548
1696.05 4.29058761351
1697.27 4.0087125034
1698.48 4.10800941719
1699.69 4.0775797178
1700.9 4.38187671167
1702.1 4.37547045917
1703.31 4.61090023863
1704.52 4.48918144109
1705.74 4.18808757347
1706.94 3.95746248338
1708.16 3.92222809462
1709.37 3.90461090024
1710.58 4.05675939717
1711.79 4.13203286408
1713.0 4.24894697224
1714.22 4.14804849533
1715.44 4.01832188216
1716.65 3.71242332517
1717.87 3.63875142139
1719.08 3.84375150147
1720.29 3.8645718221
1721.49 3.95586092026
1722.7 4.0023062509
1723.91 4.10480629094
1725.12 3.91582184212
1726.34 3.66117330515
1727.55 49.2576754913
1728.76 73.4989349605
1729.97 85.6980412883
1731.19 92.3589423277
1732.4 95.2898028476
1733.6 97.0739441695
1734.82 98.0476945499
1736.03 98.1325773955
1737.24 98.6562885376
1738.46 99.1591793591
1739.67 99.0887105815
1740.88 99.375390381
1742.1 98.9573824052
1743.31 99.0678902609
1744.52 99.3641794391
1745.74 99.0326558721
1746.94 98.7860151508
1748.15 99.1431637278
1749.36 99.401015391
1750.56 99.5307420042
1751.78 99.1159371547
1752.99 99.388202886
1754.19 99.043866814
1755.4 99.2712887778
1756.62 98.9862105415
1757.83 99.2424606416
1759.04 99.1319527859
1760.25 99.3962107016
1761.46 99.6076170342
1762.67 99.6348436074
1763.88 99.1671871747
1765.08 99.413827896
1766.3 99.056679319
1767.51 99.4378513429
1768.73 99.3898044491
1769.94 98.9637886577
1771.15 98.9125386377
1772.37 99.3657810023
1773.58 99.3529684973
1774.78 99.5867967136
1775.99 99.1431637278
1777.21 99.4826951104
1778.41 99.5707810823
1779.62 99.4554685373
1780.85 99.5579685773
1782.06 99.2889059722
1783.27 99.3946091385
1784.48 99.6876951905
1785.69 99.2744919041
1786.9 99.5467576355
1788.1 99.2841012829
1789.32 99.5515623248
1790.53 99.6860936274
1791.75 99.1928121847
1792.96 99.426640401
1794.17 98.9830074152
1795.39 99.2424606416
1796.57 99.2104293791
1797.78 99.5964060923
1798.99 99.1479684172
1800.2 98.9237495796
1801.41 98.8116401608
1802.61 99.2360543891
1803.82 99.6076170342
1805.03 99.1543746697
1806.26 98.8468745496
1807.48 99.4939060523
1808.68 99.5771873348
1809.89 99.0582808821
1811.09 99.439452906
1812.3 99.5499607617
1813.52 99.3641794391
1814.74 99.6732811224
1815.94 99.1864059322
1817.15 99.5835935873
1818.36 99.6220311024
1819.57 99.1607809222
1820.78 98.9301558321
1821.99 99.375390381
1823.21 99.5179294992
1824.42 99.5883982767
1825.63 99.465077916
1826.84 99.4026169541
1828.05 99.5307420042
1829.27 99.5964060923
1830.48 99.6284373549
1831.68 99.4042185173
1832.89 99.452265411
1834.08 99.2360543891
1835.3 99.2072262528
1836.51 99.5948045292
1837.72 99.706913948
1838.94 99.8446483768
1840.16 99.8318358718
1841.37 99.8270311824
1842.58 99.7437498999
1843.79 99.8622655712
1845.0 99.6012107817
1846.22 99.3898044491
1847.44 99.6060154711
1848.65 99.3930075754
1849.86 99.6060154711
1851.08 99.3930075754
1852.28 99.6076170342
1853.49 99.7933983568
1854.71 99.4874997998
1855.92 99.5739842086
1857.14 99.2168356316
1858.34 99.3577731866
1859.56 99.5099216836
1860.76 99.5851951505
1861.98 99.5419529461
1863.2 99.8414452506
1864.42 99.7517577155
1865.62 99.7853905412
1866.83 99.642851423
1868.06 99.4923044892
1869.27 99.4154294592
1870.48 99.6989061324
1871.69 99.9199218437
1872.9 99.4698826054
1874.11 99.0839058922
1875.32 99.452265411
1876.53 99.3962107016
1877.74 99.6092185974
1878.96 99.3946091385
1880.17 99.5275388779
1881.39 99.5932029661
1882.56 99.706913948
1883.76 99.8446483768
1884.99 99.4314450904
1886.2 99.4666794792
1887.4 99.5627732667
1888.62 99.2921090985
1889.82 99.7165233268
1891.04 99.1271480965
1892.26 99.5547654511
1893.47 99.7677733468
1894.68 99.4730857317
1895.89 99.7277342686
1897.1 99.2136325053
1898.31 99.1960153109
1899.52 99.107929339
1900.73 99.3849997598
1901.94 99.7629686574
1903.15 99.3914060123
1904.37 99.3657810023
1905.58 99.5932029661
1906.8 99.6268357917
1908.02 99.4826951104
1909.23 99.3321481766
1910.44 99.2552731466
1911.65 99.4586716635
1912.87 99.2392575153
1914.08 99.2088278159
1915.28 99.6748826855
1916.49 99.4282419642
1917.7 99.3033200404
1918.91 99.642851423
1920.12 99.1703903009
1921.34 99.095116834
1922.55 99.4586716635
1923.76 99.719726453
1924.98 99.3689841285
1926.2 99.5147263729
1927.42 97.1860535883
1928.62 91.2955044123
1929.83 85.0686269799
1931.04 79.2309293871
1932.26 73.7503803712
1933.47 68.6077611749
1934.68 64.1153766076
1935.89 60.346898573
1937.1 56.6200611797
1938.31 53.5562709204
1939.53 50.6638479156
1940.74 47.8547061932
1941.96 45.5708771761
1943.18 43.3062669165
1944.39 41.1345473182
1945.59 38.925991768
1946.8 37.0217332116
1948.01 35.1895449959
1949.23 33.7913803873
1950.44 32.372395458
1951.65 31.2625122119
1952.86 29.9876679639
1954.07 28.6279408703
1955.28 27.4684091673
1956.49 26.3280962219
1957.7 25.2774708115
1958.91 24.3517673249
1960.12 23.728759269
1961.33 22.937587085
1962.55 22.3802431173
1963.76 21.6227037589
1964.98 20.7626643604
1966.21 19.9314530982
1967.42 19.1963356236
1968.62 18.589343199
1969.83 18.0448117363
1971.04 17.6123896923
1972.26 17.4762568267
1973.46 16.9269206746
1974.67 16.4928970675
1975.88 15.7962171079
1977.1 15.2068418777
1978.31 14.75199795
1979.52 14.5245759862
1980.74 14.330786848
1981.95 14.0729351847
1983.16 13.9448101347
1984.37 13.4803568283
1985.57 12.9278175499
1986.78 12.6523486923
1987.99 12.3528563878
1989.21 12.0437547046
1990.42 11.8900046445
1991.62 11.8916062077
1992.83 11.6529733019
1994.04 11.4543794744
1995.26 11.1132465286
1996.47 10.6231682122
1997.67 10.378129054
1998.88 10.0962539438
2000.1 10.1939492945
2001.31 10.1635195951
2002.52 10.2291836833
2003.73 9.94090232066
2004.94 9.79676163936
2006.15 9.3243005173
2007.35 9.00719101843
2008.56 8.85023783212
2009.77 8.9303159884
2010.98 9.05203478595
2012.2 9.1112926216
2013.41 8.90148785214
2014.62 8.63722993642
2015.83 8.42422204071
2017.06 7.99660468617
2018.27 7.78359679047
2019.48 7.91812809302
2020.69 8.06387033745
2021.89 7.97738592867
2023.1 7.93414372427
2024.31 7.83324524736
2025.53 7.46168260222
2026.75 7.19582312337
2027.96 7.06289338394
2029.19 6.99562773267
2030.39 7.203830939
2031.59 7.14617466647
2032.8 7.2791044059
2034.02 7.10453402521
2035.23 6.93636989702
2036.44 6.61285414565
2037.64 6.53117442624
2038.86 6.4911353481
2040.08 6.39023687119
2041.29 6.49914316373
2042.5 6.55519787312
2043.71 6.4222681337
2044.93 6.27492432614
2046.14 6.04269767293
2047.35 5.84570540848
2048.56 5.66633033841
2049.78 5.81847883534
2050.99 5.97383045853
2052.19 6.05070548856
2053.41 5.93058825414
2054.62 5.94980701164
2055.83 5.71918192156
2057.04 5.44371306395
2058.26 5.22590047887
2059.47 5.35722865517
2060.68 5.42289274332
2061.89 5.53500216211
2063.1 5.59265843463
2064.31 5.45972869521
2065.53 5.39406460706
2066.74 5.1217988757
2067.96 4.90398629062
2069.19 4.95683787376
2070.39 5.14261919634
2071.59 5.3155880139
2072.8 5.40207242268
2074.01 5.20508015823
2075.23 5.02570508817
2076.44 4.69738464742
2077.64 4.61250180176
2078.86 4.48918144109
2080.07 4.66855651115
2081.28 4.83832220247
2082.49 4.92320504813
2083.7 4.88636909624
2084.91 4.86715033873
2086.13 4.53722833485
2087.34 4.4523454892
2088.55 4.32902512853
2089.76 4.34824388603
2090.97 4.51800957735
2092.19 4.68297057929
2093.39 4.68617370554
2094.59 4.68617370554
2095.79 4.36746264354
2096.99 4.1272281747
2098.2 4.16726725284
2099.41 4.10640785407
2100.62 4.23773603037
2101.83 4.30179855539
2103.05 4.41550953731
2104.26 4.39148609042
2105.47 4.21851727286
2106.67 3.97347811464
2107.88 3.85015775397
2109.09 4.02793126091
2110.29 4.03754063966
2111.49 4.2025016416
2112.7 4.36586108041
2113.91 4.28578292413
2115.12 4.00711094028
2116.34 3.70601707266
2117.55 3.63714985826
2118.76 3.6019154695
2119.98 3.74445458768
2121.2 3.89500152148
2122.41 3.97187655151
2123.62 4.0087125034
2124.83 3.86777494835
2126.05 3.63714985826
2127.26 3.44175915694
2128.47 49.228847355
2129.68 73.4845208924
2130.9 86.0119476609
2132.11 92.1955828889
2133.32 95.4467560339
2134.53 97.2341004821
2135.74 98.126171143
2136.95 98.7331635676
2138.17 98.6370697801
2139.39 98.5874213232
2140.56 98.9637886577
2141.77 99.0726949503
2142.99 99.285702846
2144.21 98.9125386377
2145.42 98.8068354714
2146.63 98.6723041689
2147.84 99.0070308621
2149.06 99.3337497397
2150.27 99.1767965534
2151.48 99.4186325854
2152.69 99.0582808821
2153.89 99.1191402809
2155.1 99.3898044491
2156.32 99.3657810023
2157.54 99.272890341
2158.75 99.4666794792
2159.96 99.5627732667
2161.19 99.1319527859
2162.39 99.3161325454
2163.57 99.247265331
2164.78 99.4538669742
2166.0 99.6380467336
2167.22 99.6492576755
2168.43 99.413827896
2169.64 99.056679319
2170.86 98.9589839684
2172.07 99.3097262929
2173.28 99.5643748298
2174.49 99.6124217236
2175.69 99.4762888579
2176.9 99.0887105815
2178.11 98.8933198802
2179.33 99.2776950303
2180.55 99.0678902609
2181.75 99.3641794391
2182.96 99.5131248098
2184.19 99.3465622448
2185.39 99.2632809622
2186.56 99.4618747898
2187.78 99.5611717036
2188.99 99.2104293791
2190.21 99.4346482167
2191.41 99.5483591986
2192.62 99.3641794391
2193.84 99.1111324653
2195.06 99.3866013229
2196.27 99.2824997197
2197.48 99.3914060123
2198.69 99.5259373148
2199.9 99.4330466535
2201.1 99.6268357917
2202.31 99.6444529861
2203.52 99.4122263329
2204.74 99.6156248499
2205.95 99.6380467336
2207.16 99.2488668941
2208.37 98.8949214433
2209.58 99.2776950303
2210.8 99.3081247297
2212.01 99.5643748298
2213.22 99.6924998799
2214.43 99.6764842486
2215.63 99.4282419642
2216.84 99.465077916
2218.06 99.5627732667
2219.28 99.770976473
2220.49 99.7165233268
2221.7 99.6876951905
2222.91 99.4346482167
2224.12 99.5467576355
2225.33 99.604413908
2226.55 99.0710933871
2227.76 98.8052339083
2228.98 98.6723041689
2230.2 99.1671871747
2231.42 99.413827896
2232.62 99.5371482567
2233.84 99.3577731866
2235.06 98.9493745896
2236.28 98.9846089784
2237.49 99.082304329
2238.7 99.4506638479
2239.91 99.5563670142
2241.13 99.3673825654
2242.35 99.4346482167
2243.56 99.5467576355
2244.78 99.604413908
2245.99 99.6316404811
2247.21 99.4058200804
2248.42 99.5339451304
2249.63 99.3561716235
2250.84 99.5083201204
2252.06 99.5051169942
2253.26 99.5819920242
2254.47 99.0614840084
2255.68 99.3609763129
2256.9 99.2696872147
2258.11 98.9846089784
2259.32 99.3225387979
2260.53 99.4923044892
2261.74 99.095116834
2262.96 99.298515351
2264.19 98.9189448902
2265.4 99.2088278159
2266.6 99.4346482167
2267.81 99.5483591986
2269.03 99.4442575954
2270.25 99.4714841685
2271.45 99.565976393
2272.67 99.3737888179
2273.88 99.2760934672
2275.09 98.9077339483
2276.28 99.2841012829
2277.5 99.2328512628
2278.72 98.8853120646
2279.93 99.272890341
2281.15 99.2264450103
2282.36 99.2040231266
2283.58 99.5115232467
2284.79 99.7469530262
2286.0 99.6236326655
2287.22 99.4810935473
2288.43 99.5707810823
2289.64 99.6156248499
2290.85 99.3978122648
2292.06 99.5291404411
2293.27 99.5948045292
2294.48 99.0678902609
2295.69 99.3641794391
2296.89 99.5115232467
2298.1 99.1063277759
2299.32 99.1431637278
2300.53 99.1607809222
2301.74 99.4106247698
2302.95 99.5355466936
2304.17 99.5980076555
2305.39 99.7901952305
2306.57 99.7245311424
2307.78 99.452265411
2308.98 99.5563670142
2310.21 99.3689841285
2311.43 99.2744919041
2312.64 99.4666794792
2313.85 99.324140361
2315.06 99.2520700203
2316.27 99.5355466936
2317.48 99.5980076555
2318.69 99.2296481366
2319.9 99.043866814
2321.11 99.3529684973
2322.32 99.2664840885
2323.54 99.2232418841
2324.76 99.2008200003
2325.98 99.4314450904
2327.2 99.3849997598
2328.41 97.6809365941
2329.62 91.7839811656
2330.83 84.9917519499
2332.05 78.7937026538
2333.26 73.530966223
2334.47 68.6590111949
2335.68 64.1394000545
2336.9 60.1194766092
2338.11 56.4262720415
2339.32 53.3800989766
2340.53 50.6542385368
2341.74 48.0917375358
2342.94 45.607713128
2344.15 43.2454075177
2345.36 41.0240394625
2346.57 38.951616778
2347.78 37.1146238729
2348.99 35.3144669197
2350.21 33.775364756
2351.42 32.5245439549
2352.63 31.2577075225
2353.84 29.9844648377
2355.06 28.7080190266
2356.27 27.3482919329
2357.49 26.1070805106
2358.7 25.1669629558
2359.91 24.2973141786
2361.13 23.5413763834
2362.35 22.9231730169
2363.55 22.1336023959
2364.77 21.3376255225
2365.98 20.540047086
2367.19 19.7408670863
2368.39 19.1018433992
2369.58 18.6213744615
2370.78 18.2209836801
2371.99 17.8606319768
2373.21 17.4394208748
2374.42 16.8292253239
2375.62 16.2046157049
2376.84 15.6504748635
2378.06 15.134771537
2379.27 14.7952401544
2380.48 14.6270760262
2381.68 14.382036868
2382.9 14.178638351
2384.11 13.757427249
2385.33 13.3073880107
2386.54 12.8413331411
2387.75 12.5274267685
2388.96 12.2919969891
2390.19 12.1734813178
2391.39 12.0341453258
2392.59 11.883598392
2393.8 11.5696920194
2395.02 11.2509809574
2396.23 10.9322698954
2397.45 10.5334806771
2398.65 10.4133634427
2399.86 10.3525040439
2401.07 10.3236759077
2402.28 10.2275821201
2403.49 10.1010586332
2404.69 9.71668348308
2405.89 9.44441775173
2407.09 9.14812857349
2408.3 8.99918320281
2409.51 9.00558945531
2410.72 9.00879258156
2411.93 9.01039414469
2413.14 8.93191755153
2414.35 8.73172216083
2415.56 8.47066737135
2416.78 8.10070628934
2417.99 7.91652652989
2419.21 7.82363586861
2420.42 7.85726869425
2421.62 7.8732843255
2422.83 7.96297186054
2424.06 7.76597959609
2425.27 7.50812793286
2426.48 7.29992472653
2427.69 7.11414340396
2428.9 7.10293246208
2430.1 7.25668252214
2431.31 7.25347939589
2432.52 7.25187783276
2433.73 7.17019811336
2434.94 6.88992456638
2436.15 6.59043226189
2437.37 6.43988532808
2438.58 6.36461186118
2439.79 6.40625250244
2441.0 6.50875254248
2442.22 6.55840099938
2443.43 6.58402600939
2444.64 6.35660404555
2445.86 6.08273675107
2447.07 5.94660388539
2448.29 5.71758035843
2449.5 5.76242412595
2450.72 5.86652572911
2451.94 6.07793206169
2453.15 6.02347891542
2454.36 5.91617418601
2455.57 5.78164288345
2456.78 5.47574432646
2457.99 5.40207242268
2459.21 5.3652364708
2460.42 5.42609586957
2461.63 5.53820528836
2462.85 5.67273659091
2464.06 5.50136933647
2465.27 5.33480677141
2466.48 5.09136917632
2467.69 4.96965037877
2468.9 4.98886913628
2470.1 5.07855667131
2471.32 5.28355675139
2472.54 5.30597863515
2473.75 5.15703326447
2474.97 5.08336136069
2476.19 4.80468937683
2477.4 4.66695494803
2478.61 4.75664248306
2479.83 4.72300965743
2481.05 4.94562693189
2482.26 4.97605663127
2483.47 4.99207226253
2484.67 4.75984560931
2485.88 4.64453306427
2487.1 4.50519707234
2488.3 4.35625170166
2489.51 4.44273611044
2490.73 4.56445490799
2491.94 4.70699402617
2493.15 4.7774628037
2494.36 4.57246272362
2495.57 4.30980637102
2496.78 4.17847819472
2497.99 4.19289226285
2499.21 4.11922035907
2500.42 4.24414228287
2501.62 4.38507983792
2502.84 4.37707202229
2504.06 4.37226733292
2505.26 4.12882973782
2506.47 3.92863434712
2507.68 3.82773587021
2508.89 3.77648585019
2510.1 3.99269687215
2511.32 4.18007975784
2512.53 4.19289226285
2513.74 4.20090007848
2514.94 4.04394689217
2516.15 3.88539214273
2517.36 3.72523583017
2518.57 3.64675923702
2519.78 3.76687647144
2520.99 3.90621246336
2522.21 3.97668124089
2523.42 4.01191562965
2524.62 3.78929835519
2525.83 3.59871234325
2527.05 3.42254039943
2528.26 3.33445442752
2529.47 49.3345505213
2530.68 73.5373724755
2531.89 86.0375726709
2533.08 92.2884735502
2534.29 95.0944121463
2535.51 96.5758580374
2536.72 97.9580070148
2537.94 98.5698041288
2539.17 98.7940229664
2540.38 98.6674994795
2541.58 98.6034369545
2542.79 98.8917183171
2543.99 99.0358589984
2545.2 99.107929339
2546.42 99.0630855715
2547.62 99.0422652509
2548.85 99.1912106216
2550.05 99.2648825253
2551.26 99.3033200404
2552.47 99.3209372347
2553.67 99.4907029261
2554.88 99.5755857717
2556.09 99.6188279761
2557.3 99.4794919842
2558.51 99.4090232066
2559.72 99.5355466936
2560.94 99.1976168741
2562.17 99.1880074953
2563.38 99.0246480565
2564.58 99.3417575554
2565.79 99.4218357117
2567.0 99.5403513829
2568.22 99.5211326254
2569.44 99.5899998398
2570.65 99.465077916
2571.86 99.4826951104
2573.06 99.3321481766
2574.28 99.2552731466
2575.49 99.4586716635
2576.69 99.5595701405
2577.9 99.6092185974
2579.11 99.6348436074
2580.32 99.4074216435
2581.53 99.6140232867
2582.75 99.6380467336
2583.96 99.7293358318
2585.19 99.694101443
2586.4 99.6780858118
2587.61 99.4282419642
2588.82 99.7053123849
2590.05 99.6028123448
2591.26 99.6316404811
2592.47 99.8062108618
2593.68 99.8926952706
2594.89 99.8574608818
2596.1 99.5980076555
2597.32 99.630038918
2598.53 99.7245311424
2599.74 99.2120309422
2600.95 99.2760934672
2602.17 99.4682810423
2603.38 99.324140361
2604.58 99.3321481766
2605.79 99.6572654911
2607.0 99.0983199603
2608.22 99.3785935073
2609.44 99.6796873749
2610.65 99.4298435273
2611.87 99.2248434472
2613.08 99.4426560323
2614.28 99.7117186374
2615.49 99.7661717837
2616.71 99.4730857317
2617.92 99.6476561124
2619.13 99.6540623649
2620.35 99.4170310223
2621.56 98.9782027259
2622.77 99.4794919842
2623.99 99.3289450504
2625.2 99.655663928
2626.42 99.2568747097
2627.62 98.8981245696
2628.84 99.2792965935
2630.06 99.4698826054
2631.27 99.4858982367
2632.49 99.3321481766
2633.69 99.4971091786
2634.9 99.4987107417
2636.11 99.3385544291
2637.32 99.6604686174
2638.52 99.6604686174
2639.72 99.7405467737
2640.93 99.4602732267
2642.14 99.5595701405
2643.35 99.5307420042
2644.57 99.1143355915
2645.78 99.388202886
2646.99 99.6844920643
2648.21 99.4314450904
2649.42 99.3866013229
2650.62 98.9621870946
2651.84 98.9910152309
2653.05 99.3257419241
2654.26 99.3337497397
2655.48 99.4971091786
2656.68 99.1783981166
2657.89 99.4186325854
2659.09 99.5403513829
2660.29 99.5996092186
2661.51 99.2296481366
2662.72 99.285702846
2663.94 99.0726949503
2665.16 99.3657810023
2666.38 98.9525777159
2667.58 98.9061323852
2668.8 99.2841012829
2670.01 99.4714841685
2671.24 99.565976393
2672.44 99.6140232867
2673.66 99.2360543891
2674.87 99.4490622848
2676.08 99.5547654511
2677.29 99.6076170342
2678.5 99.2328512628
2679.71 99.2873044091
2680.93 99.2328512628
2682.14 99.4474607217
2683.35 99.553163888
2684.57 99.3673825654
2685.78 99.5131248098
2686.99 99.3465622448
2688.2 99.2632809622
2689.41 99.4618747898
2690.62 99.4810935473
2691.83 99.5707810823
2693.05 99.375390381
2694.27 99.1976168741
2695.48 99.0294527459
2696.69 99.0246480565
2697.9 99.3417575554
2699.1 99.4218357117
2700.32 99.4602732267
2701.54 99.401015391
2702.75 99.5307420042
2703.96 99.5948045292
2705.19 99.5483591986
2706.39 99.604413908
2707.59 99.6316404811
2708.8 99.4058200804
2710.02 99.2937106616
2711.24 99.3161325454
2712.44 99.4891013629
2713.65 99.5739842086
2714.87 99.3769919441
2716.09 99.5996092186
2717.29 99.630038918
2718.51 99.1639840484
2719.71 99.4923044892
2720.93 99.7373436474
2722.14 99.5387498198
2723.35 99.1191402809
2724.56 99.3898044491
2725.78 99.5243357517
2726.99 99.1127340284
2728.21 99.146366854
2729.42 96.2795688592
2730.63 89.8829257355
2731.84 83.8802671407
2733.05 77.9977257804
2734.26 72.6533096302
2735.47 67.6580342414
2736.68 63.4795560467
2737.89 59.4692419802
2739.09 56.1812328833
2740.3 52.9364659908
2741.52 50.0328320441
2742.74 47.4607216643
2743.94 45.0519707234
2745.16 42.8081807844
2746.37 40.5643908455
2747.58 38.4006790628
2748.78 36.759076859
2749.99 35.0582168196
2751.21 33.5655599865
2752.42 32.1802078829
2753.63 30.9261839555
2754.85 29.4975896475
2756.06 28.3044251189
2757.27 27.0664168228
2758.48 25.9661429555
2759.68 25.1765723346
2760.89 24.302118868
2762.1 23.703134259
2763.31 22.8446964237
2764.53 21.853328849
2765.74 21.038133218
2766.96 20.2309454027
2768.18 19.5054373068
2769.39 18.9833277279
2770.57 18.6421947821
2771.78 18.3122727782
2772.99 17.7453194318
2774.21 17.3032880091
2775.42 16.6802799532
2776.62 15.9691859255
2777.83 15.453482599
2779.05 15.1956309358
2780.27 14.8272714169
2781.49 14.5614119381
2782.7 14.3500056055
2783.91 14.0024664072
2785.13 13.5091849645
2786.34 13.0223097743
2787.55 12.5386377104
2788.75 12.3768798347
2789.96 12.2167235222
2791.19 12.1350438028
2792.39 12.0149265683
2793.57 11.7154342638
2794.78 11.4848091738
2795.99 11.1292621599
2797.21 10.6311760278
2798.42 10.4614103365
2799.62 10.378129054
2800.84 10.2548086933
2802.05 10.2740274508
2803.26 10.123480517
2804.46 9.80797258124
2805.67 9.57094123865
2806.89 9.21058953539
2808.1 8.95113630904
2809.31 8.98156600842
2810.52 8.9175034834
2811.74 8.96394881404
2812.94 8.98797226093
2814.16 8.68047214081
2815.37 8.52512051763
2816.58 8.20801101875
2817.78 7.88929995676
2818.99 7.97097967616
2820.21 7.93094059802
2821.42 7.99019843367
2822.62 7.94054997678
2823.84 7.75637021733
2825.06 7.50332324349
2826.26 7.45687791284
2827.47 7.19261999712
2828.68 7.22144813338
2829.89 7.07570588895
2831.1 7.24387001714
2832.31 7.16699498711
2833.53 7.12855747209
2834.74 6.94918240202
2835.96 6.85949486699
2837.19 6.57441663063
2838.39 6.43187751245
2839.59 6.43988532808
2840.8 6.52476817374
2842.01 6.56801037813
2843.23 6.4286743862
2844.44 6.43828376495
2845.65 6.2845337049
2846.87 6.04590079918
2848.07 5.76722881532
2849.28 5.94820544852
2850.49 6.03949454668
2851.7 6.00426015791
2852.91 5.98664296353
2854.14 5.73679911594
2855.35 5.61347875527
2856.55 5.39086148081
2857.77 5.35883021829
2858.98 5.42449430644
2860.19 5.53660372524
2861.39 5.75281474719
2862.59 5.78004132033
2863.8 5.55422091962
2865.03 5.28195518826
2866.24 4.9840644469
2867.46 4.91679879562
2868.67 4.80148625058
2869.88 4.90558785375
2871.1 5.11699418633
2872.31 5.3027755089
2873.52 5.15543170134
2874.74 4.921603485
2875.95 4.72461122055
2877.18 4.54523615048
2878.39 4.61730649114
2879.6 4.73261903618
2880.82 4.7902753087
2882.04 4.97925975752
2883.26 4.99367382565
2884.47 4.75984560931
2885.68 4.56445490799
2886.9 4.30500168164
2888.11 4.25695478787
2889.33 4.39148609042
2890.54 4.46035330483
2891.75 4.57406428674
2892.96 4.71019715242
2894.19 4.61890805426
2895.39 4.3338298179
2896.59 4.26976729288
2897.8 3.99910312465
2899.01 4.02312657153
