13240.85 0.05
13241.95 0.02
13243.06 0.01
13244.17 1.01
13245.30 0.50
13246.41 4.75
13247.54 3.88
13248.66 1.94
13250.91 8.23
13252.04 6.62
13253.16 9.31
13254.29 11.15
13255.46 9.58
13256.58 8.79
13257.72 12.89
13258.88 14.45
13260.04 12.22
13261.20 11.11
13262.36 13.56
13263.53 14.28
13264.70 12.14
13265.86 12.57
13267.02 16.78
13268.18 12.89
13269.34 12.45
13270.51 16.22
13271.68 15.11
13272.86 13.06
13274.02 16.03
13275.18 17.01
13276.34 13.01
13277.50 11.00
13278.66 15.00
13279.82 14.00
13280.98 12.50
13282.14 15.75
13283.32 16.38
13284.49 14.19
13285.66 14.09
13286.82 17.55
13287.99 14.77
13289.16 10.89
13290.33 13.44
13291.50 18.22
13292.66 14.61
13293.84 12.81
13295.01 16.40
13296.16 15.70
13297.32 11.35
13298.49 13.68
13299.66 17.34
13300.82 13.17
13302.00 12.58
13303.15 17.29
13304.32 16.15
13305.49 11.57
13306.66 14.29
13307.82 16.64
13309.00 12.32
13310.16 11.66
13311.33 14.83
13312.50 14.92
13313.66 11.46
13314.82 16.23
13316.00 17.61
13317.15 14.81
13318.32 13.40
13319.48 16.70
13320.64 16.35
13321.81 11.68
13322.98 14.34
13324.15 18.17
13325.32 16.58
13326.49 15.79
13327.65 17.90
13328.81 15.45
13329.98 12.22
13331.15 16.61
13332.32 18.81
13333.50 13.40
13334.65 14.70
13335.81 18.85
13336.99 15.43
13338.15 11.71
13339.32 15.86
13340.49 16.43
13341.66 14.71
13342.82 14.86
13344.00 18.93
13345.15 20.46
13346.32 21.73
13347.49 23.37
13348.66 23.18
13349.82 25.09
13350.99 26.05
13352.15 25.02
13353.31 25.51
13354.48 27.26
13355.65 26.13
13356.82 25.06
13357.98 27.03
13359.14 26.52
13360.31 26.26
13361.48 26.63
13362.65 27.31
13363.82 26.16
13364.99 28.08
13366.15 27.04
13367.31 26.02
13368.47 27.51
13369.64 26.75
13370.81 27.88
13371.98 26.94
13373.14 27.97
13374.31 27.98
13375.49 26.49
13376.65 28.75
13377.82 27.37
13378.99 28.69
13380.15 27.34
13381.32 27.17
13382.49 26.59
13383.66 28.29
13384.84 27.15
13386.01 27.57
13387.17 27.29
13388.34 28.14
13389.50 27.57
13390.66 27.29
13391.84 26.14
13393.02 26.07
13394.18 26.04
13395.34 28.02
13396.50 29.01
13397.66 27.50
13398.82 26.25
13399.99 26.63
13401.16 26.81
13402.33 25.91
13403.50 28.45
13404.66 27.23
13405.82 29.11
13407.00 27.56
13408.15 28.28
13409.32 29.14
13410.49 29.07
13411.65 29.03
13412.81 27.52
13413.98 27.26
13415.15 29.13
13416.32 28.06
13417.48 27.53
13418.65 28.77
13419.82 27.88
13420.99 27.94
13422.15 26.97
13423.32 28.99
13424.49 27.49
13425.66 29.25
13426.82 29.62
13428.00 27.31
13429.16 27.66
13430.33 28.33
13431.50 28.16
13432.66 28.08
13433.82 28.54
13435.00 28.27
13436.15 28.14
13437.32 28.57
13438.49 28.28
13439.66 28.14
13440.82 28.57
13442.00 28.29
13443.15 28.64
13444.32 28.32
13445.49 28.66
13446.65 28.33
13447.82 28.67
13448.99 28.83
13450.15 28.42
13451.32 28.71
13452.49 28.85
13453.65 28.43
13454.82 28.21
13455.99 28.61
13457.16 28.30
13458.32 27.15
13459.49 27.58
13460.66 27.79
13461.82 27.39
13463.00 26.70
13464.15 28.85
13465.32 29.42
13466.49 27.71
13467.66 28.86
13468.82 29.93
13470.00 28.96
13471.15 29.48
13472.32 27.74
13473.49 29.37
13474.66 28.69
13475.84 27.34
13477.01 28.17
13478.17 29.59
13479.34 29.79
13480.50 29.90
13481.66 27.95
13482.82 29.47
13484.00 27.74
13485.15 29.37
13486.32 30.18
13487.49 28.59
13488.66 28.30
13489.82 27.65
13490.99 28.32
13492.16 29.66
13493.33 30.33
13494.50 29.67
13495.66 27.83
13496.84 29.42
13498.01 28.71
13499.17 27.85
13500.34 28.93
13501.50 27.46
13502.66 28.73
13503.84 28.37
13505.01 27.68
13506.17 29.34
13507.34 28.17
13508.50 27.09
13509.66 28.04
13510.82 29.02
13511.98 29.01
13513.14 28.51
13514.31 27.75
13515.48 29.38
13516.65 28.69
13517.82 29.34
13519.00 27.67
13520.15 28.34
13521.32 28.17
13522.49 27.58
13523.65 29.29
13524.82 27.65
13525.99 27.82
13527.16 29.41
13528.33 28.71
13529.50 29.35
13530.66 29.18
13531.84 27.59
13533.00 29.29
13534.15 29.65
13535.32 28.32
13536.49 28.16
13537.66 27.08
13538.82 29.04
13539.98 29.52
13541.15 29.76
13542.32 27.88
13543.49 27.44
13544.66 29.22
13545.84 28.11
13547.00 27.06
13548.15 29.03
13549.31 29.51
13550.48 28.76
13551.65 27.88
13552.82 27.94
13553.99 29.47
13555.16 28.23
13556.33 27.62
13557.50 28.81
13558.66 27.90
13559.82 27.95
13560.99 28.98
13562.15 28.49
13563.32 28.24
13564.49 29.62
13565.66 28.81
13566.84 27.41
13568.01 29.20
13569.16 30.10
13570.32 28.55
13571.49 29.78
13572.66 28.89
13573.84 27.94
13575.00 27.47
13576.15 28.24
13577.32 29.12
13578.49 28.56
13579.66 28.78
13580.84 29.39
13582.00 29.19
13583.15 29.60
13584.31 30.30
13585.47 29.15
13586.64 28.07
13587.80 29.54
13588.97 28.77
13590.14 29.38
13591.30 29.69
13592.46 28.85
13593.63 29.92
13594.80 28.96
13595.97 28.48
13597.14 29.74
13598.30 30.37
13599.46 28.69
13600.63 29.34
13601.80 30.17
13602.97 30.09
13604.13 28.54
13605.30 29.77
13606.46 29.89
13607.62 27.94
13608.79 29.47
13609.96 29.24
13611.14 28.62
13612.30 28.81
13613.46 28.40
13614.62 27.70
13615.78 27.35
13616.95 29.18
13618.12 28.59
13619.29 28.29
13620.46 29.65
13621.62 29.32
13622.79 28.16
13623.97 29.58
13625.13 29.29
13626.30 28.65
13627.46 28.82
13628.62 28.41
13629.79 29.21
13630.97 29.10
13632.13 30.05
13633.29 28.53
13634.46 29.76
13635.62 28.88
13636.79 27.94
13637.96 29.47
13639.13 28.24
13640.30 28.12
13641.46 29.06
13642.62 30.03
13643.78 30.51
13644.96 29.26
13646.13 30.13
13647.30 28.06
13648.46 29.53
13649.62 28.77
13650.79 28.38
13651.98 28.19
13653.14 29.10
13654.30 29.05
13655.46 29.52
13656.62 28.26
13657.79 28.63
13658.97 29.32
13660.14 29.66
13661.31 29.83
13662.48 28.91
13663.65 27.46
13664.82 29.23
13665.99 29.61
13667.16 28.31
13668.33 29.65
13669.50 30.33
13670.66 29.66
13671.84 28.83
13673.01 28.42
13674.17 28.21
13675.34 29.60
13676.50 29.30
13677.66 28.65
13678.84 29.83
13680.00 29.91
13681.15 28.96
13682.32 27.98
13683.49 28.49
13684.65 29.24
13685.82 28.12
13686.99 29.56
13688.15 27.78
13689.32 28.39
13690.49 29.70
13691.65 28.35
13692.82 29.67
13693.99 29.84
13695.15 28.42
13696.32 29.71
13697.49 29.85
13698.65 28.43
13699.82 28.21
13700.99 29.11
13702.16 28.05
13703.32 28.53
13704.49 29.76
13705.65 28.38
13706.82 29.69
13707.99 28.85
13709.16 28.42
13710.34 28.71
13711.50 28.36
13712.66 27.68
13713.84 29.34
13715.01 28.67
13716.17 28.33
13717.34 29.67
13718.50 27.83
13719.67 28.92
13720.85 29.46
13722.01 28.23
13723.17 29.61
13724.34 30.31
13725.50 29.65
13726.66 28.83
13727.84 27.41
13729.01 27.71
13730.17 28.85
13731.34 29.43
13732.50 30.21
13733.66 30.61
13734.84 28.30
13736.00 29.65
13737.15 28.83
13738.32 27.91
13739.49 27.96
13740.66 27.98
13741.83 29.49
13743.00 30.24
13744.15 29.62
13745.32 28.31
13746.49 25.16
13747.66 18.08
13748.83 13.54
13750.00 10.27
13751.16 9.13
13752.29 6.57
13753.42 7.78
13754.55 7.39
13755.68 4.70
13756.80 4.85
13757.92 4.92
13759.05 3.96
13760.17 4.48
13761.30 3.24
