6227.92 0.76
6229.01 0.38
6230.09 1.19
6231.17 2.59
6232.26 1.80
6233.34 0.90
6234.43 1.95
6235.52 2.47
6237.69 5.37
6238.78 8.68
6239.87 6.84
6240.96 6.42
6242.04 7.21
6243.13 9.11
6244.23 7.05
6245.32 4.53
6246.41 8.76
6247.50 9.88
6248.58 5.94
6249.67 8.97
6250.75 9.99
6251.84 11.49
6252.97 6.75
6254.06 8.87
6255.14 11.94
6256.27 11.97
6257.40 8.48
6258.48 12.24
6259.61 13.12
6260.74 10.06
6261.86 6.53
6262.94 11.77
6264.07 10.88
6265.19 9.94
6266.28 12.97
6267.41 13.49
6268.54 12.74
6269.66 10.37
6270.79 13.69
6271.92 15.34
6273.05 11.67
6274.17 10.84
6275.30 15.42
6276.42 14.21
6277.56 10.10
6278.68 13.55
6279.81 13.78
6280.94 12.89
6282.06 10.44
6283.18 12.22
6284.32 11.11
6285.45 8.56
6286.54 11.28
6287.67 13.14
6288.80 14.57
6289.92 10.78
6291.05 10.39
6292.17 15.70
6293.30 13.85
6294.43 11.92
6295.56 14.96
6296.68 13.98
6297.81 10.49
6298.94 13.25
6300.06 15.62
6301.19 12.81
6302.32 9.91
6303.41 14.95
6304.54 17.48
6305.67 14.74
6306.79 13.37
6307.92 14.18
6309.05 14.09
6310.16 12.05
6311.29 14.02
6312.41 17.51
6313.54 12.76
6314.67 9.38
6315.75 14.69
6316.88 15.84
6318.00 13.92
6319.12 15.46
6320.25 17.73
6321.38 15.37
6322.51 11.68
6323.63 13.34
6324.76 14.17
6325.89 11.59
6327.02 13.79
6328.14 15.90
6329.26 20.95
6330.38 22.97
6331.51 22.99
6332.64 21.99
6333.77 21.50
6334.90 21.25
6336.02 21.12
6337.14 23.06
6338.26 22.03
6339.38 24.02
6340.50 23.51
6341.63 22.25
6342.75 22.13
6343.88 24.06
6345.00 25.03
6346.11 24.52
6347.24 25.26
6348.37 24.63
6349.50 23.81
6350.62 23.41
6351.75 24.70
6352.87 24.85
6354.00 23.43
6355.12 25.71
6356.25 24.86
6357.38 25.43
6358.50 25.71
6359.62 23.86
6360.75 24.93
6361.88 26.96
6363.01 25.98
6364.13 26.99
6365.26 27.50
6366.38 26.75
6367.51 25.37
6368.64 26.19
6369.77 25.09
6370.89 24.55
6372.02 24.27
6373.14 24.64
6374.27 24.32
6375.40 24.66
6376.52 26.33
6377.65 25.66
6378.78 26.83
6379.90 26.42
6381.02 25.71
6382.15 23.35
6383.28 22.68
6384.41 25.84
6385.54 26.92
6386.66 27.96
6387.79 27.98
6388.92 26.99
6390.05 23.99
6391.17 25.00
6392.29 24.50
6393.41 26.75
6394.54 26.37
6395.66 23.69
6396.79 24.84
6397.92 25.92
6399.05 25.96
6400.17 24.98
6401.30 25.49
6402.42 25.75
6403.54 27.37
6404.67 27.69
6405.79 26.34
6406.92 25.17
6408.05 27.09
6409.16 28.04
6410.28 26.52
6411.41 26.26
6412.54 29.13
6413.66 29.07
6414.79 27.03
6415.91 26.02
6417.03 28.01
6418.15 24.50
6419.27 25.25
6420.40 25.63
6421.52 27.81
6422.65 28.91
6423.78 25.95
6424.90 26.98
6426.02 27.49
6427.14 26.24
6428.27 27.12
6429.40 26.56
6430.52 26.28
6431.65 25.64
6432.78 25.32
6433.90 25.66
6435.02 25.83
6436.14 27.42
6437.27 28.21
6438.40 27.10
6439.52 25.55
6440.65 25.78
6441.78 24.39
6442.90 25.19
6444.03 24.10
6445.14 26.55
6446.27 24.27
6447.40 26.14
6448.52 27.57
6449.65 26.78
6450.78 25.89
6451.90 26.95
6453.02 26.47
6454.14 27.74
6455.27 27.37
6456.40 26.18
6457.52 25.59
6458.65 25.80
6459.77 27.40
6460.89 29.70
6462.01 28.85
6463.13 28.42
6464.26 27.21
6465.38 26.11
6466.51 25.55
6467.64 25.28
6468.77 26.64
6469.90 27.82
6471.02 28.91
6472.14 27.45
6473.26 28.23
6474.39 27.11
6475.52 26.06
6476.64 27.53
6477.77 26.76
6478.90 28.38
6480.02 27.69
6481.14 28.85
6482.26 26.42
6483.39 26.21
6484.52 25.61
6485.65 27.80
6486.77 26.40
6487.89 26.20
6489.01 27.10
6490.13 26.05
6491.25 27.03
6492.38 26.51
6493.50 27.76
6494.62 28.88
6495.75 28.94
6496.88 25.97
6498.00 27.98
6499.11 26.99
6500.24 26.50
6501.37 29.25
6502.49 27.12
6503.62 27.56
6504.74 27.78
6505.87 26.89
6507.00 25.95
6508.12 24.47
6509.25 27.24
6510.38 28.12
6511.50 27.06
6512.63 26.03
6513.74 28.01
6514.86 27.01
6515.98 27.50
6517.10 28.25
6518.22 27.13
6519.35 28.06
6520.47 27.53
6521.60 29.77
6522.72 28.88
6523.85 28.94
6524.98 26.97
6526.10 28.49
6527.22 25.74
6528.35 25.87
6529.48 27.44
6530.61 27.22
6531.74 28.11
6532.86 28.55
6533.99 27.28
6535.12 28.14
6536.25 30.07
6537.37 29.53
6538.50 29.27
6539.62 27.63
6540.75 29.82
6541.88 27.91
6543.01 26.95
6544.13 27.48
6545.26 29.74
6546.38 29.37
6547.51 29.18
6548.64 27.59
6549.77 27.30
6550.89 29.65
6552.02 29.32
6553.14 27.66
6554.27 28.33
6555.40 27.67
6556.52 29.83
6557.65 27.92
6558.78 29.96
6559.90 31.48
6561.02 28.74
6562.14 28.87
6563.27 27.93
6564.40 29.47
6565.52 28.73
6566.65 28.87
6567.78 29.43
6568.90 28.22
6570.02 31.11
6571.14 30.05
6572.26 30.03
6573.38 30.01
6574.50 28.01
6575.62 28.00
6576.74 28.00
6577.86 28.00
6578.98 28.50
6580.10 28.75
6581.22 30.38
6582.34 29.19
6583.47 29.09
6584.59 29.05
6585.71 29.52
6586.84 29.76
6587.97 29.38
6589.10 28.19
6590.22 28.60
6591.35 30.80
6592.47 29.90
6593.59 29.95
6594.71 27.47
6595.84 29.74
6596.97 30.87
6598.10 28.43
6599.22 28.72
6600.35 28.36
6601.48 28.18
6602.61 27.59
6603.74 28.79
6604.86 27.90
6605.98 28.45
6607.11 28.72
6608.24 27.86
6609.37 26.93
6610.50 29.47
6611.63 29.23
6612.75 27.62
6613.88 26.81
6615.01 27.90
6616.12 27.95
6617.25 28.48
6618.38 26.74
6619.50 27.87
6620.62 26.43
6621.75 26.72
6622.88 28.36
6624.01 29.18
6625.13 28.59
6626.26 27.29
6627.38 28.65
6628.51 27.82
6629.64 26.91
6630.77 26.46
6631.90 24.73
6633.02 26.86
6634.14 26.93
6635.26 26.97
6636.39 27.98
6637.51 28.99
6638.64 27.00
6639.76 28.00
6640.88 30.50
6642.00 29.75
6643.12 29.87
6644.25 29.44
6645.38 31.22
6646.50 30.11
6647.63 30.05
6648.76 30.03
6649.88 28.01
6651.00 26.51
6652.12 27.75
6653.25 26.88
6654.38 27.94
6655.50 28.47
6656.62 28.73
6657.75 27.87
6658.88 26.93
6660.00 26.47
6661.12 26.73
6662.24 27.87
6663.37 28.43
6664.50 28.22
6665.62 25.61
6666.75 25.80
6667.87 25.90
6668.99 25.95
6670.11 28.48
6671.24 28.74
6672.38 29.37
6673.50 29.68
6674.62 29.84
6675.74 29.92
6676.87 26.46
6678.00 28.23
6679.11 28.62
6680.25 30.31
6681.38 31.65
6682.50 30.33
6683.62 30.16
6684.75 28.58
6685.88 28.79
6687.00 27.90
6688.11 28.45
6689.24 28.72
6690.37 27.36
6691.50 27.18
6692.62 25.09
6693.74 26.55
6694.87 27.77
6696.00 28.39
6697.11 29.19
6698.24 29.10
6699.37 28.05
6700.49 27.52
6701.62 26.76
6702.74 28.38
6703.87 28.69
6705.00 28.85
6706.12 28.42
6707.25 27.21
6708.38 28.11
6709.50 30.55
6710.62 29.78
6711.75 27.89
6712.88 27.44
6714.01 27.22
6715.13 26.61
6716.26 29.81
6717.38 29.40
6718.50 28.70
6719.62 28.85
6720.74 28.43
6721.87 28.71
6723.00 27.36
6724.12 28.18
6725.25 27.59
6726.38 26.79
6727.50 26.40
6728.62 27.70
6729.74 22.85
6730.86 16.92
6731.99 11.46
6733.11 11.73
6734.24 8.37
6735.34 5.68
6736.43 5.34
6737.52 5.17
6738.60 5.09
6739.68 6.54
6740.77 5.27
6741.86 4.64
6742.95 3.32
6744.04 4.66
