9230.43 0.00
9231.50 0.00
9232.56 0.00
9233.62 0.00
9234.69 0.00
9235.75 0.00
9236.82 0.00
9237.88 1.50
9240.06 5.13
9241.16 4.06
9242.24 6.53
9243.33 8.77
9244.43 5.88
9245.51 6.94
9246.60 9.47
9247.68 10.74
9248.81 9.37
9249.90 10.68
9251.02 12.84
9252.14 12.42
9253.26 10.21
9254.39 13.61
9255.52 14.30
9256.64 12.15
9257.77 11.58
9258.90 13.29
9260.02 13.14
9261.14 12.07
9262.26 14.04
9263.38 16.52
9264.51 14.26
9265.64 13.13
9266.77 16.56
9267.90 17.28
9269.02 13.64
9270.14 12.82
9271.26 16.41
9272.39 16.21
9273.52 11.60
9274.64 13.30
9275.76 15.65
9276.89 13.83
9278.02 13.41
9279.14 16.71
9280.27 16.35
9281.40 11.68
9282.52 13.34
9283.65 17.67
9284.78 15.33
9285.91 11.67
9287.03 13.33
9288.15 15.67
9289.28 12.33
9290.41 13.67
9291.54 18.33
9292.67 16.67
9293.79 12.83
9294.92 13.92
9296.05 16.96
9297.17 14.48
9298.30 13.24
9299.42 16.62
9300.54 15.31
9301.67 12.65
9302.80 14.33
9303.92 16.66
9305.05 15.83
9306.17 12.42
9307.30 16.21
9308.42 19.60
9309.55 14.30
9310.66 14.65
9311.79 16.83
9312.92 14.91
9314.05 13.46
9315.17 14.73
9316.30 18.86
9317.42 15.43
9318.54 12.22
9319.67 17.11
9320.80 17.55
9321.92 14.28
9323.05 14.64
9324.17 17.32
9325.30 15.66
9326.43 12.83
9327.55 16.41
9328.68 18.21
9329.81 14.60
9330.93 13.30
9332.05 18.15
9333.17 16.08
9334.30 13.04
9335.42 14.52
9336.54 17.26
9337.67 21.63
9338.80 22.81
9339.92 24.41
9341.05 24.20
9342.17 25.10
9343.30 25.55
9344.42 24.78
9345.54 25.89
9346.66 24.94
9347.79 25.97
9348.91 26.49
9350.04 27.24
9351.17 25.62
9352.29 25.81
9353.42 25.41
9354.55 25.70
9355.67 26.35
9356.80 25.18
9357.92 25.59
9359.05 26.29
9360.17 26.15
9361.30 26.57
9362.42 27.29
9363.54 27.64
9364.67 25.82
9365.80 25.91
9366.92 27.96
9368.05 28.48
9369.17 27.24
9370.30 27.62
9371.42 27.81
9372.55 27.40
9373.67 27.70
9374.79 28.35
9375.92 29.18
9377.05 29.59
9378.17 29.79
9379.30 28.90
9380.42 27.95
9381.54 27.47
9382.67 28.74
9383.80 29.87
9384.92 29.93
9386.05 27.47
9387.17 26.23
9388.30 28.62
9389.42 27.81
9390.55 27.90
9391.67 27.95
9392.80 27.48
9393.92 28.24
9395.05 26.62
9396.17 25.81
9397.30 27.40
9398.42 29.70
9399.54 28.35
9400.66 27.68
9401.79 27.84
9402.92 27.92
9404.05 26.96
9405.17 26.98
9406.30 27.99
9407.42 27.49
9408.54 28.25
9409.67 29.12
9410.80 30.06
9411.91 28.53
9413.04 28.27
9414.17 28.13
9415.30 26.57
9416.42 26.78
9417.55 27.39
9418.68 28.70
9419.80 29.85
9420.92 27.92
9422.05 28.46
9423.17 27.73
9424.30 27.87
9425.42 27.43
9426.55 27.22
9427.68 27.61
9428.81 27.30
9429.93 27.15
9431.06 29.08
9432.17 27.54
9433.30 28.77
9434.42 30.38
9435.55 28.69
9436.68 27.85
9437.81 27.92
9438.94 27.46
9440.06 29.23
9441.18 30.12
9442.31 29.56
9443.44 28.78
9444.56 27.89
9445.69 27.94
9446.82 27.47
9447.94 27.74
9449.07 28.87
9450.19 28.43
9451.32 27.72
9452.45 27.86
9453.58 28.43
9454.70 28.21
9455.83 28.11
9456.96 28.55
9458.09 29.28
9459.21 30.64
9460.34 29.32
9461.46 28.66
9462.59 28.33
9463.72 27.66
9464.85 27.33
9465.99 27.17
9467.11 29.58
9468.24 28.79
9469.37 28.40
9470.50 30.20
9471.62 31.10
9472.74 29.55
9473.87 30.77
9475.00 28.89
9476.11 28.44
9477.24 28.22
9478.37 28.11
9479.50 28.06
9480.62 28.53
9481.74 29.26
9482.87 29.13
9484.00 30.57
9485.12 29.28
9486.25 28.14
9487.38 29.57
9488.50 28.29
9489.62 28.14
9490.75 27.57
9491.88 28.29
9493.01 29.14
9494.13 28.57
9495.26 28.29
9496.38 30.14
9497.51 30.07
9498.63 29.54
9499.75 29.77
9500.88 28.88
9502.00 27.94
9503.11 27.97
9504.24 28.49
9505.37 29.74
9506.50 30.37
9507.62 30.69
9508.75 31.34
9509.89 31.67
9511.01 29.84
9512.13 30.92
9513.26 31.46
9514.38 29.23
9515.51 28.11
9516.64 27.56
9517.77 27.78
9518.90 29.89
9520.02 28.94
9521.14 28.47
9522.26 28.74
9523.39 28.37
9524.52 28.68
9525.65 30.34
9526.78 29.67
9527.90 28.84
9529.02 29.42
9530.14 29.21
9531.27 28.10
9532.41 29.05
9533.52 29.03
9534.65 28.51
9535.78 29.76
9536.90 30.38
9538.02 27.69
9539.14 27.34
9540.27 28.67
9541.40 28.34
9542.52 30.17
9543.65 29.08
9544.77 29.54
9545.90 28.27
9547.02 28.14
9548.14 29.07
9549.26 30.53
9550.39 29.27
9551.52 30.13
9552.65 28.57
9553.78 29.28
9554.90 28.64
9556.02 28.32
9557.15 28.66
9558.28 30.33
9559.41 29.17
9560.54 28.58
9561.67 30.29
9562.80 28.65
9563.92 27.82
9565.05 27.91
9566.17 29.96
9567.30 29.48
9568.42 28.74
9569.55 30.37
9570.68 31.18
9571.81 29.59
9572.94 28.30
9574.06 29.15
9575.18 28.07
9576.30 27.54
9577.42 26.27
9578.55 26.63
9579.68 27.82
9580.81 29.41
9581.94 30.70
9583.06 31.35
9584.18 29.68
9585.31 28.34
9586.44 28.67
9587.57 29.83
9588.70 28.92
9589.82 30.46
9590.95 29.73
9592.08 28.36
9593.20 27.68
9594.32 29.84
9595.45 27.92
9596.58 28.46
9597.70 29.73
9598.82 28.87
9599.95 29.43
9601.08 28.22
9602.20 27.61
9603.32 27.80
9604.44 27.40
9605.56 27.70
9606.68 28.85
9607.80 27.93
9608.92 29.96
9610.04 28.98
9611.16 28.49
9612.30 28.25
9613.42 28.12
9614.54 29.06
9615.66 30.53
9616.79 30.27
9617.92 29.63
9619.05 30.82
9620.17 31.91
9621.30 31.45
9622.42 31.73
9623.55 30.86
9624.67 31.43
9625.80 30.22
9626.92 28.61
9628.05 27.80
9629.16 27.90
9630.28 29.95
9631.41 30.48
9632.54 30.74
9633.66 31.37
9634.79 30.68
9635.92 28.84
9637.05 28.42
9638.17 30.21
9639.30 31.61
9640.42 30.80
9641.54 29.90
9642.66 28.45
9643.79 29.23
9644.92 28.11
9646.05 28.06
9647.17 28.53
9648.30 29.26
9649.42 29.63
9650.54 30.32
9651.67 31.16
9652.80 30.58
9653.92 28.79
9655.05 27.39
9656.17 28.20
9657.29 29.10
9658.41 29.55
9659.54 30.27
9660.66 29.14
9661.79 28.57
9662.92 28.28
9664.05 27.64
9665.17 27.82
9666.30 28.41
9667.42 29.21
9668.55 28.60
9669.67 29.30
9670.79 29.65
9671.92 30.83
9673.05 31.41
9674.17 30.21
9675.30 31.10
9676.42 29.55
9677.54 28.78
9678.67 27.89
9679.80 27.44
9680.92 27.22
9682.05 29.61
9683.17 28.31
9684.30 27.15
9685.42 29.58
9686.55 30.29
9687.68 30.14
9688.81 31.07
9689.93 30.04
9691.05 28.02
9692.17 28.51
9693.29 30.25
9694.42 29.63
9695.54 30.31
9696.67 28.16
9697.80 29.08
9698.91 28.04
9700.03 28.02
9701.15 28.51
9702.28 27.75
9703.42 28.88
9704.54 28.94
9705.66 28.97
9706.79 28.48
9707.92 29.24
9709.05 28.12
9710.17 28.06
9711.29 28.03
9712.41 28.52
9713.54 28.26
9714.66 28.13
9715.79 29.06
9716.91 29.53
9718.04 30.77
9719.16 30.88
9720.29 29.44
9721.42 28.72
9722.55 27.86
9723.67 27.43
9724.80 28.22
9725.93 30.11
9727.06 28.55
9728.18 27.78
9729.30 28.89
9730.42 30.44
9731.55 29.72
9732.68 28.36
9733.81 29.18
9734.94 30.09
9736.06 29.05
9737.18 29.52
9738.30 24.76
9739.42 20.38
9740.56 16.19
9741.68 13.10
9742.81 10.55
9743.94 8.27
9745.03 6.64
9746.12 6.32
9747.21 5.16
9748.31 4.08
9749.40 3.54
9750.48 3.77
9751.57 3.88
9752.65 3.94
