10231.73 0.50
10232.84 0.25
10233.96 0.63
10235.09 0.31
10236.20 0.16
10237.32 1.08
10238.44 0.54
10239.56 0.27
10241.81 6.07
10242.93 5.03
10244.05 7.02
10245.16 8.01
10246.28 7.00
10247.40 7.00
10248.50 11.00
10249.65 11.00
10250.80 9.50
10251.91 12.75
10253.09 13.88
10254.25 10.94
10255.41 9.47
10256.54 12.73
10257.70 12.87
10258.87 9.93
10259.99 12.97
10261.15 16.48
10262.32 14.24
10263.49 12.62
10264.66 15.31
10265.82 15.16
10266.99 12.08
10268.15 16.04
10269.31 18.02
10270.47 13.51
10271.64 9.25
10272.78 13.63
10273.94 14.81
10275.12 10.91
10276.28 13.45
10277.44 17.73
10278.61 14.36
10279.78 12.18
10280.96 15.59
10282.12 15.80
10283.28 11.90
10284.44 14.95
10285.60 15.97
10286.76 13.99
10287.92 12.99
10289.10 16.50
10290.26 15.75
10291.42 12.87
10292.58 13.94
10293.74 17.97
10294.90 16.98
10296.06 15.49
10297.22 17.75
10298.39 16.87
10299.56 12.94
10300.72 16.47
10301.89 17.23
10303.05 14.62
10304.21 10.81
10305.38 13.90
10306.54 15.95
10307.70 12.98
10308.86 13.99
10310.02 17.49
10311.18 15.25
10312.36 11.12
10313.52 16.56
10314.69 16.28
10315.85 13.14
10317.02 16.07
10318.17 17.54
10319.34 13.77
10320.50 11.88
10321.66 16.44
10322.82 15.72
10323.99 13.86
10325.15 15.93
10326.32 17.97
10327.49 15.98
10328.65 15.99
10329.81 18.00
10330.97 16.50
10332.13 13.25
10333.30 16.62
10334.46 19.31
10335.63 15.16
10336.80 14.58
10337.96 17.29
10339.13 18.14
10340.30 20.07
10341.46 22.54
10342.62 23.77
10343.79 24.88
10344.96 26.44
10346.12 26.22
10347.29 25.11
10348.46 26.56
10349.62 27.78
10350.79 27.89
10351.96 26.44
10353.13 27.22
10354.30 25.11
10355.46 26.06
10356.62 27.53
10357.79 27.26
10358.96 28.63
10360.13 27.82
10361.30 26.91
10362.46 27.95
10363.62 26.98
10364.79 27.49
10365.97 27.24
10367.14 26.12
10368.30 27.06
10369.46 27.53
10370.62 27.27
10371.79 27.63
10372.96 26.82
10374.14 26.91
10375.30 27.45
10376.46 27.23
10377.63 27.61
10378.80 27.31
10379.96 27.65
10381.13 26.83
10382.30 28.41
10383.46 27.71
10384.62 27.35
10385.79 27.18
10386.96 27.59
10388.13 27.79
10389.30 28.40
10390.46 29.70
10391.62 30.85
10392.78 28.92
10393.96 27.96
10395.12 27.98
10396.29 29.49
10397.45 30.75
10398.62 28.87
10399.78 29.44
10400.96 28.22
10402.13 28.11
10403.30 28.05
10404.45 27.53
10405.62 27.26
10406.78 27.63
10407.95 27.82
10409.12 27.91
10410.29 27.95
10411.45 26.48
10412.62 26.74
10413.78 28.37
10414.96 28.68
10416.13 28.34
10417.30 28.17
10418.46 26.59
10419.62 26.79
10420.78 26.90
10421.96 26.95
10423.12 26.97
10424.29 27.49
10425.45 27.24
10426.62 27.62
10427.78 27.81
10428.96 28.91
10430.12 28.95
10431.29 28.48
10432.46 27.74
10433.62 27.87
10434.79 27.43
10435.96 27.22
10437.13 28.11
10438.30 28.05
10439.46 28.53
10440.62 27.76
10441.79 27.38
10442.96 27.69
10444.12 28.35
10445.29 27.67
10446.46 27.34
10447.62 27.17
10448.79 28.58
10449.96 28.29
10451.12 29.15
10452.29 29.57
10453.45 28.29
10454.62 28.14
10455.78 27.07
10456.96 27.54
10458.12 27.77
10459.29 28.38
10460.45 28.19
10461.62 29.10
10462.78 28.05
10463.96 29.02
10465.11 28.51
10466.28 28.26
10467.46 30.13
10468.62 30.06
10469.78 29.53
10470.96 28.27
10472.13 27.63
10473.30 26.32
10474.46 27.16
10475.64 29.58
10476.80 28.29
10477.96 28.14
10479.13 28.57
10480.30 27.79
10481.46 29.89
10482.62 28.45
10483.78 30.22
10484.96 28.61
10486.12 28.31
10487.29 28.65
10488.46 27.83
10489.62 27.91
10490.79 29.96
10491.96 30.98
10493.12 31.49
10494.29 29.24
10495.46 29.12
10496.62 28.56
10497.79 28.28
10498.96 27.64
10500.12 27.82
10501.29 27.91
10502.46 27.46
10503.62 28.23
10504.79 28.61
10505.96 28.31
10507.13 27.65
10508.30 27.83
10509.46 29.91
10510.62 29.46
10511.79 30.73
10512.96 30.36
10514.13 30.18
10515.30 28.59
10516.46 30.30
10517.62 28.65
10518.79 29.82
10519.96 29.41
10521.12 30.21
10522.29 31.10
10523.45 30.55
10524.62 28.78
10525.78 30.39
10526.96 31.19
10528.12 30.10
10529.28 29.05
10530.44 28.52
10531.61 28.76
10532.78 28.88
10533.94 30.44
10535.10 28.22
10536.26 30.11
10537.43 30.06
10538.60 31.03
10539.75 29.51
10540.92 30.26
10542.10 28.63
10543.26 29.81
10544.43 28.41
10545.60 28.70
10546.75 28.35
10547.92 28.68
10549.10 28.34
10550.26 29.67
10551.42 30.33
10552.59 28.17
10553.76 29.08
10554.92 28.54
10556.10 28.27
10557.26 29.14
10558.42 28.57
10559.59 27.28
10560.76 29.14
10561.94 29.57
10563.10 28.79
10564.26 28.89
10565.42 28.45
10566.58 29.22
10567.74 29.61
10568.92 29.31
10570.09 30.15
10571.25 29.08
10572.41 28.54
10573.58 28.27
10574.74 29.63
10575.91 29.32
10577.09 29.66
10578.25 29.83
10579.42 28.91
10580.58 29.96
10581.74 29.98
10582.90 28.99
10584.07 29.99
10585.23 29.00
10586.39 30.00
10587.54 29.50
10588.70 29.75
10589.86 27.87
10591.02 28.94
10592.18 28.47
10593.35 29.23
10594.52 28.12
10595.69 29.56
10596.85 29.28
10598.02 29.14
10599.18 28.07
10600.34 28.53
10601.50 29.77
10602.66 28.88
10603.82 29.94
10604.98 29.47
10606.14 29.74
10607.31 28.87
10608.48 29.43
10609.64 29.72
10610.82 29.86
10611.98 29.43
10613.15 29.21
10614.32 29.61
10615.49 29.80
10616.65 28.90
10617.81 29.45
10618.98 29.73
10620.14 29.36
10621.31 30.18
10622.48 29.09
10623.64 30.05
10624.80 29.52
10625.96 28.76
10627.12 29.38
10628.29 29.69
10629.45 30.35
10630.62 30.67
10631.78 30.34
10632.96 29.67
10634.12 28.83
10635.29 29.42
10636.46 30.21
10637.62 30.60
10638.78 28.80
10639.96 27.90
10641.11 27.95
10642.28 26.98
10643.46 25.99
10644.62 26.49
10645.78 25.75
10646.96 25.87
10648.12 28.44
10649.29 27.72
10650.46 26.86
10651.62 27.43
10652.80 26.71
10653.96 27.36
10655.13 28.18
10656.30 28.59
10657.46 27.79
10658.62 27.90
10659.78 28.45
10660.95 29.72
10662.11 29.86
10663.28 28.93
10664.45 28.47
10665.62 28.23
10666.78 29.62
10667.95 28.81
10669.12 29.90
10670.28 29.45
10671.45 29.73
10672.62 29.36
10673.78 28.68
10674.95 29.84
10676.11 30.42
10677.28 29.21
10678.45 28.61
10679.62 28.30
10680.78 29.15
10681.95 29.08
10683.11 29.04
10684.27 30.02
10685.44 30.01
10686.60 29.50
10687.75 28.75
10688.92 29.38
10690.10 27.69
10691.26 26.84
10692.42 28.92
10693.59 28.96
10694.75 28.48
10695.91 28.74
10697.09 28.37
10698.25 28.19
10699.42 29.59
10700.58 30.30
10701.74 29.65
10702.91 29.32
10704.09 29.16
10705.25 29.08
10706.41 30.04
10707.57 30.02
10708.73 30.01
10709.89 28.51
10711.06 28.75
10712.22 29.88
10713.39 28.44
10714.56 29.22
10715.73 29.11
10716.90 28.05
10718.06 29.03
10719.22 29.51
10720.39 29.26
10721.56 29.63
10722.73 28.81
10723.90 28.91
10725.06 29.95
10726.22 30.48
10727.39 29.24
10728.56 29.62
10729.73 27.81
10730.90 29.40
10732.06 28.20
10733.22 29.60
10734.38 30.30
10735.54 29.15
10736.70 30.08
10737.86 29.04
10739.02 28.52
10740.18 25.26
10741.36 19.63
10742.52 14.81
10743.69 12.91
10744.86 10.45
10746.03 8.73
10747.15 8.36
10748.28 6.68
10749.41 5.34
10750.54 4.67
10751.67 3.34
10752.80 3.17
10753.93 3.58
10755.05 3.79
10756.17 4.40
10757.29 3.70
10758.41 3.85
