11233.10 0.00
11234.20 0.00
11235.30 0.00
11236.41 0.00
11237.51 0.00
11238.62 0.00
11239.72 0.50
11240.84 2.75
11243.11 4.44
11244.23 4.72
11245.36 7.36
11246.49 8.68
11247.62 7.84
11248.74 9.42
11249.87 11.71
11251.05 9.85
11252.17 8.43
11253.30 11.71
11254.46 12.36
11255.62 10.18
11256.79 12.09
11257.95 15.04
11259.11 13.02
11260.27 11.51
11261.44 15.26
11262.61 14.63
11263.78 11.81
11264.94 13.41
11266.11 15.70
11267.27 12.85
11268.44 11.93
11269.61 14.96
11270.78 14.98
11271.94 11.99
11273.10 12.50
11274.26 15.25
11275.43 14.62
11276.59 11.31
11277.76 14.66
11278.93 15.83
11280.10 12.91
11281.26 14.96
11282.43 16.98
11283.59 14.99
11284.75 11.49
11285.92 15.25
11287.09 16.12
11288.25 13.06
11289.41 15.53
11290.58 19.27
11291.75 16.13
11292.92 13.07
11294.08 15.53
11295.24 15.77
11296.41 12.88
11297.58 14.94
11298.74 17.97
11299.92 15.49
11301.08 13.74
11302.24 16.37
11303.41 15.69
11304.58 12.84
11305.74 14.42
11306.92 17.21
11308.09 15.61
11309.25 12.30
11310.41 14.65
11311.58 15.33
11312.75 12.66
11313.92 14.33
11315.09 18.17
11316.25 15.08
11317.41 12.54
11318.58 15.77
11319.74 15.89
11320.92 12.94
11322.09 15.47
11323.25 18.74
11324.42 15.37
11325.60 14.18
11326.75 17.09
11327.92 16.55
11329.09 13.77
11330.25 15.89
11331.42 19.44
11332.59 16.22
11333.76 15.11
11334.93 17.56
11336.10 16.28
11337.26 13.64
11338.42 16.32
11339.59 19.66
11340.76 22.33
11341.93 23.16
11343.10 24.58
11344.26 24.29
11345.42 25.15
11346.59 25.57
11347.75 26.29
11348.93 26.14
11350.10 27.07
11351.26 27.04
11352.42 26.52
11353.58 26.76
11354.75 26.88
11355.92 26.94
11357.09 26.97
11358.25 26.98
11359.42 26.49
11360.58 27.75
11361.74 26.87
11362.92 25.44
11364.09 27.72
11365.25 26.36
11366.42 26.18
11367.58 28.09
11368.74 27.54
11369.92 28.77
11371.09 28.39
11372.25 29.19
11373.42 27.10
11374.59 28.55
11375.75 29.77
11376.92 27.39
11378.09 28.19
11379.25 27.10
11380.42 27.55
11381.58 29.27
11382.75 28.14
11383.93 26.57
11385.10 28.78
11386.26 27.39
11387.42 29.20
11388.58 27.60
11389.74 27.30
11390.92 28.65
11392.08 26.82
11393.24 28.41
11394.41 27.71
11395.58 27.85
11396.74 29.43
11397.92 28.71
11399.08 27.86
11400.24 26.43
11401.41 28.71
11402.58 28.86
11403.74 28.93
11404.92 28.46
11406.09 27.73
11407.25 28.87
11408.42 29.43
11409.58 29.22
11410.75 28.11
11411.93 28.05
11413.09 27.53
11414.25 28.76
11415.42 28.88
11416.58 27.94
11417.74 28.47
11418.92 28.24
11420.09 27.12
11421.25 27.56
11422.42 28.78
11423.58 29.39
11424.74 29.69
11425.92 28.85
11427.09 28.42
11428.25 29.21
11429.42 29.61
11430.58 30.30
11431.74 30.65
11432.92 29.33
11434.09 30.16
11435.25 30.58
11436.42 30.79
11437.58 30.40
11438.74 28.70
11439.92 28.35
11441.08 29.67
11442.24 27.34
11443.41 26.67
11444.58 28.83
11445.74 29.42
11446.92 28.21
11448.09 29.60
11449.24 28.30
11450.40 27.65
11451.56 28.33
11452.73 28.66
11453.91 29.33
11455.07 27.67
11456.23 27.83
11457.40 27.42
11458.57 28.71
11459.74 29.85
11460.92 29.93
11462.08 28.96
11463.24 29.48
11464.40 29.74
11465.56 29.37
11466.73 29.19
11467.92 28.59
11469.08 27.80
11470.23 27.90
11471.39 26.95
11472.56 27.97
11473.73 27.99
11474.91 28.49
11476.07 29.25
11477.24 28.62
11478.40 28.31
11479.56 29.66
11480.73 29.83
11481.91 29.41
11483.07 29.21
11484.23 28.60
11485.39 29.30
11486.55 28.65
11487.72 28.83
11488.89 29.41
11490.06 30.21
11491.22 30.60
11492.38 30.30
11493.54 29.15
11494.71 29.08
11495.87 30.04
11497.04 28.52
11498.20 28.26
11499.36 28.13
11500.54 27.06
11501.70 28.03
11502.86 29.02
11504.02 29.51
11505.18 29.25
11506.34 28.63
11507.51 28.31
11508.68 29.16
11509.85 30.08
11511.01 29.04
11512.17 29.52
11513.34 29.76
11514.50 28.88
11515.66 28.44
11516.83 29.22
11518.00 29.61
11519.16 29.80
11520.32 30.40
11521.48 30.20
11522.64 30.10
11523.80 30.55
11524.96 30.28
11526.14 29.64
11527.30 29.32
11528.46 29.66
11529.63 29.33
11530.80 28.66
11531.96 28.33
11533.13 28.17
11534.30 29.08
11535.45 29.54
11536.62 29.77
11537.78 28.89
11538.94 28.94
11540.10 29.97
11541.26 27.99
11542.43 29.49
11543.59 28.75
11544.76 28.37
11545.93 28.69
11547.10 28.84
11548.26 28.42
11549.42 29.71
11550.59 30.36
11551.76 30.18
11552.93 29.59
11554.10 29.29
11555.26 30.15
11556.42 30.57
11557.59 30.29
11558.76 29.64
11559.94 29.32
11561.10 29.16
11562.26 30.08
11563.42 30.04
11564.58 30.02
11565.74 29.51
11566.92 29.26
11568.09 29.13
11569.25 29.06
11570.41 29.03
11571.57 29.52
11572.74 28.76
11573.92 28.88
11575.08 27.94
11576.24 27.97
11577.41 27.98
11578.58 28.49
11579.74 27.25
11580.92 28.62
11582.09 29.81
11583.25 28.91
11584.42 28.95
11585.58 28.48
11586.74 28.24
11587.92 28.62
11589.09 29.81
11590.25 30.40
11591.41 29.70
11592.57 29.85
11593.74 29.93
11594.91 29.96
11596.08 29.98
11597.24 29.49
11598.41 30.25
11599.58 29.12
11600.74 29.56
11601.93 28.78
11603.09 28.89
11604.25 29.95
11605.42 29.97
11606.58 29.99
11607.74 29.49
11608.92 29.75
11610.09 30.37
11611.26 30.19
11612.42 30.09
11613.58 30.55
11614.75 29.27
11615.92 30.14
11617.09 30.57
11618.25 29.28
11619.42 29.14
11620.58 29.07
11621.74 28.54
11622.92 29.77
11624.09 29.88
11625.25 30.44
11626.42 30.72
11627.58 30.86
11628.74 30.93
11629.92 29.97
11631.09 28.48
11632.25 27.74
11633.42 28.87
11634.58 29.44
11635.75 29.22
11636.92 29.61
11638.09 29.80
11639.24 29.90
11640.40 27.45
11641.56 28.23
11642.73 29.11
11643.91 29.06
11645.07 28.53
11646.23 27.76
11647.40 27.88
11648.56 27.94
11649.72 28.97
11650.88 29.49
11652.06 29.24
11653.22 29.62
11654.38 30.31
11655.55 28.66
11656.72 28.33
11657.89 28.16
11659.06 28.08
11660.22 29.04
11661.38 29.02
11662.54 29.01
11663.70 28.51
11664.86 28.75
11666.04 29.38
11667.20 28.69
11668.36 29.84
11669.52 28.42
11670.69 27.21
11671.86 29.11
11673.03 30.05
11674.18 29.03
11675.34 28.51
11676.51 28.26
11677.69 28.63
11678.85 29.31
11680.02 28.16
11681.18 27.58
11682.34 29.29
11683.50 29.14
11684.66 29.57
11685.83 28.79
11687.00 27.89
11688.15 29.45
11689.32 27.72
11690.49 26.86
11691.65 27.43
11692.82 29.22
11693.98 30.11
11695.15 30.55
11696.32 29.78
11697.49 28.89
11698.65 28.94
11699.81 27.97
11700.98 28.99
11702.14 27.99
11703.31 29.00
11704.47 28.50
11705.63 27.75
11706.80 29.37
11707.96 28.19
11709.13 28.09
11710.29 29.05
11711.45 30.02
11712.61 28.51
11713.78 28.26
11714.94 29.63
11716.11 28.31
11717.28 29.66
11718.45 28.33
11719.62 28.16
11720.78 29.58
11721.94 29.29
11723.11 29.15
11724.28 30.07
11725.44 28.54
11726.61 29.77
11727.78 28.38
11728.94 29.69
11730.10 29.85
11731.26 29.92
11732.43 30.46
11733.60 28.73
11734.76 28.37
11735.93 29.68
11737.10 28.34
11738.26 29.67
11739.43 29.84
11740.60 28.92
11741.76 21.96
11742.93 15.48
11744.10 12.24
11745.26 11.62
11746.43 10.81
11747.60 9.90
11748.72 6.45
11749.85 4.73
11750.98 3.86
