14311.08 81.42
14312.24 81.71
14313.41 82.36
14314.58 82.68
14315.74 82.34
14316.91 82.67
14318.08 82.83
14319.24 81.42
14320.41 82.21
14321.58 82.60
14322.74 82.80
14323.90 82.90
14325.05 81.95
14326.21 81.98
14327.38 81.99
14328.54 81.49
14329.70 82.75
14330.88 81.37
14332.05 82.19
14333.21 82.59
14334.38 83.30
14335.54 83.15
14336.70 83.07
14337.86 83.54
14339.03 82.77
14340.19 81.88
14341.35 80.94
14342.52 80.97
14343.68 80.49
14344.85 80.24
14346.02 80.62
14347.18 80.81
14348.35 80.91
14349.52 81.95
14350.68 80.98
14351.84 81.49
14353.02 82.74
14354.18 82.87
14355.34 81.94
14356.51 81.97
14357.68 80.98
14358.84 81.99
14360.01 82.50
14361.17 82.25
14362.34 82.12
14363.50 82.06
14364.66 82.03
14365.82 82.52
14367.00 81.76
14368.15 81.88
14369.32 81.94
14370.49 81.47
14371.66 81.23
14372.82 81.62
14374.01 81.81
14375.17 81.40
14376.33 82.20
14377.49 82.10
14378.65 82.05
14379.81 82.03
14380.98 81.51
14382.14 81.76
14383.31 81.88
14384.48 81.94
14385.64 81.97
14386.81 81.98
14387.97 81.99
14389.13 81.00
14390.29 81.50
14391.45 82.75
14392.62 83.37
14393.78 83.69
14394.95 83.34
14396.12 82.67
14397.29 82.84
14398.46 81.92
14399.62 81.46
14400.79 81.23
14401.96 81.61
14403.13 80.81
14404.30 80.90
14405.45 81.45
14406.61 81.23
14407.78 81.61
14408.94 81.31
14410.11 82.65
14411.28 82.33
14412.45 81.16
14413.62 80.58
14414.78 80.29
14415.94 81.15
14417.11 82.57
14418.28 81.29
14419.45 82.14
14420.62 82.57
14421.78 81.79
14422.95 81.89
14424.11 82.45
14425.28 83.22
14426.45 84.11
14427.62 86.06
14428.78 86.53
14429.94 87.26
14431.11 89.13
14432.28 88.57
14433.45 89.28
14434.62 90.64
14435.78 89.82
14436.94 89.41
14438.11 90.71
14439.28 89.85
14440.45 89.43
14441.62 89.21
14442.78 89.61
14443.95 90.30
14445.11 89.65
14446.28 89.83
14447.45 90.91
14448.62 90.96
14449.79 91.48
14450.95 90.74
14452.12 91.87
14453.29 89.93
14454.46 89.47
14455.62 90.73
14456.79 91.37
14457.96 91.18
14459.13 90.09
14460.29 89.55
14461.46 89.27
14462.62 89.64
14463.79 90.82
14464.95 90.41
14466.12 90.20
14467.28 91.10
14468.44 92.05
14469.60 91.53
14470.76 91.76
14471.93 91.88
14473.09 90.44
14474.25 89.72
14475.42 89.86
14476.58 91.43
14477.74 90.22
14478.91 90.11
14480.08 89.55
14481.24 91.28
14482.41 91.64
14483.58 90.82
14484.74 90.41
14485.91 91.20
14487.07 90.60
14488.22 90.30
14489.38 89.65
14490.55 90.83
14491.72 89.91
14492.89 89.96
14494.05 91.48
14495.21 90.24
14496.38 90.62
14497.54 89.81
14498.71 90.90
14499.88 89.95
14501.04 89.48
14502.20 89.24
14503.36 89.62
14504.53 90.81
14505.70 90.40
14506.87 90.20
14508.03 89.60
14509.18 89.30
14510.34 91.15
14511.51 90.08
14512.67 89.54
14513.84 91.27
14515.02 90.13
14516.18 90.07
14517.34 91.53
14518.51 90.27
14519.68 91.63
14520.85 91.82
14522.02 91.91
14523.18 91.45
14524.35 90.73
14525.52 90.86
14526.69 91.43
14527.86 92.22
14529.03 92.11
14530.19 92.05
14531.35 91.53
14532.52 90.26
14533.69 91.13
14534.86 91.57
14536.03 90.78
14537.19 91.39
14538.36 90.20
14539.52 91.60
14540.68 91.80
14541.84 91.40
14543.01 90.70
14544.17 91.35
14545.34 90.67
14546.50 91.34
14547.66 92.17
14548.83 92.08
14550.01 91.54
14551.17 92.27
14552.34 90.64
14553.50 89.82
14554.66 90.91
14555.83 89.95
14557.01 89.48
14558.17 90.74
14559.34 90.37
14560.50 89.68
14561.66 89.34
14562.83 89.67
14564.01 90.84
14565.17 90.42
14566.34 90.21
14567.50 91.10
14568.66 91.55
14569.82 90.28
14571.00 91.14
14572.15 90.07
14573.31 90.53
14574.48 91.77
14575.65 91.38
14576.82 91.69
14577.99 91.35
14579.16 91.67
14580.33 90.34
14581.50 91.17
14582.66 91.08
14583.82 90.04
14584.99 90.52
14586.16 90.76
14587.33 91.38
14588.50 91.69
14589.66 92.35
14590.82 90.67
14592.01 91.34
14593.17 90.17
14594.34 89.58
14595.50 90.79
14596.66 91.90
14597.82 90.45
14599.00 91.22
14600.15 90.11
14601.32 89.56
14602.49 90.78
14603.65 91.39
14604.82 90.69
14605.99 90.85
14607.15 91.42
14608.32 90.71
14609.49 89.86
14610.66 89.93
14611.82 91.46
14613.00 91.73
14614.15 90.87
14615.32 89.93
14616.49 89.47
14617.66 89.73
14618.82 90.87
14620.00 90.43
14621.15 90.22
14622.32 89.61
14623.49 89.80
14624.65 90.40
14625.81 88.20
14626.97 87.10
14628.13 85.55
14629.30 85.78
14630.46 83.89
14631.62 82.44
14632.79 82.22
14633.96 82.61
14635.13 83.81
14636.30 83.40
14637.46 83.70
14638.62 81.85
14639.78 82.43
14640.95 82.21
14642.12 81.61
14643.29 81.30
14644.45 81.15
14645.62 82.08
14646.78 81.54
14647.94 81.77
14649.11 83.38
14650.28 81.69
14651.45 80.85
14652.62 80.92
14653.78 80.46
14654.95 80.73
14656.12 82.37
14657.29 81.18
14658.46 80.59
14659.62 81.30
14660.78 82.65
14661.94 82.32
14663.11 82.66
14664.28 82.83
14665.44 82.42
14666.61 82.71
14667.78 83.35
14668.94 82.68
14670.11 83.34
14671.28 83.67
14672.45 83.33
14673.62 83.17
14674.78 83.58
14675.94 82.79
14677.11 83.40
14678.27 81.70
14679.43 82.85
14680.60 81.92
14681.76 82.46
14682.93 82.23
14684.10 82.62
14685.26 82.81
14686.43 82.40
14687.59 83.20
14688.75 81.60
14689.91 82.80
14691.07 81.40
14692.22 81.70
14693.38 82.35
14694.55 82.68
14695.72 82.34
14696.89 82.67
14698.06 82.83
14699.22 81.92
14700.38 82.46
14701.56 83.23
14702.73 83.11
14703.90 83.56
14705.06 83.28
14706.22 82.64
14707.38 81.82
14708.55 82.41
14709.72 81.20
14710.88 82.60
14712.04 83.30
14713.19 83.15
14714.36 83.08
14715.52 82.04
14716.68 83.02
14717.84 83.51
14719.02 81.75
14720.18 81.88
14721.34 81.44
14722.51 80.72
14723.68 80.36
14724.86 80.68
14726.02 81.84
14727.18 81.92
14728.35 82.46
14729.52 82.23
14730.69 81.11
14731.86 81.06
14733.02 80.53
14734.18 81.26
14735.36 80.63
14736.53 82.32
14737.70 83.16
14738.86 83.08
14740.02 82.54
14741.18 81.27
14742.35 80.63
14743.52 80.32
14744.70 80.66
14745.86 81.83
14747.03 82.41
14748.19 82.21
14749.36 82.60
14750.52 81.80
14751.68 81.90
14752.84 82.45
14754.02 81.23
14755.18 81.11
14756.35 82.56
14757.52 83.28
14758.69 82.14
14759.87 82.07
14761.02 81.53
14762.18 81.27
14763.35 81.13
14764.52 81.57
14765.69 82.28
14766.86 82.14
14768.02 82.07
14769.18 82.04
14770.34 82.02
14771.50 82.01
14772.66 81.50
14773.82 82.25
14774.99 82.13
14776.16 81.06
14777.32 81.53
14778.50 81.77
14779.66 81.88
14780.82 81.94
14782.00 81.97
14783.15 81.99
14784.32 81.49
14785.49 81.25
14786.66 81.62
14787.82 82.81
14789.00 81.91
14790.16 82.45
14791.33 83.23
14792.50 83.11
14793.66 83.56
14794.83 83.78
14796.01 82.89
14797.17 83.44
14798.34 81.72
14799.50 82.36
14800.66 81.18
14801.83 82.09
14803.00 82.55
14804.16 81.77
14805.33 81.39
14806.50 82.19
14807.66 83.10
14808.82 82.55
14810.00 82.77
14811.15 81.39
14812.32 80.69
14813.49 80.35
14814.66 80.17
14815.82 81.59
14817.00 80.79
14818.15 81.90
14819.32 81.95
14820.49 82.47
14821.66 81.24
14822.82 81.12
14824.00 81.06
14825.15 80.53
14826.32 82.26
14827.49 83.63
14828.66 85.32
14829.82 88.16
14831.00 88.08
14832.15 88.54
14833.32 89.27
14834.49 90.63
14835.66 89.32
14836.82 89.66
14838.00 90.33
14839.16 89.66
14840.33 89.33
14841.50 88.67
14842.66 88.83
14843.83 88.92
14845.01 89.46
14846.17 89.73
14847.34 90.86
14848.50 90.93
14849.66 89.47
14850.83 90.23
14852.01 91.12
14853.17 90.06
14854.33 89.53
14855.50 90.26
14856.66 90.63
14857.82 91.32
14859.00 90.66
14860.15 89.83
14861.32 89.41
14862.49 89.71
14863.66 89.85
14864.82 91.43
14866.00 91.21
14867.16 90.61
14868.33 89.80
14869.50 91.40
14870.65 90.20
14871.81 91.10
14872.98 91.05
14874.14 90.03
14875.30 89.51
14876.46 89.26
14877.63 90.63
14878.80 91.81
14879.96 91.41
14881.13 91.70
14882.29 91.85
14883.45 91.43
14884.62 90.71
14885.78 91.36
14886.95 90.68
14888.12 89.84
14889.29 91.42
14890.46 90.21
14891.62 89.60
14892.78 89.30
14893.94 89.65
14895.11 89.33
14896.28 89.66
14897.44 91.33
14898.61 90.67
14899.78 91.83
14900.94 91.42
14902.11 91.71
14903.29 91.85
14904.45 90.43
14905.62 90.71
14906.78 90.36
14907.95 90.18
14909.12 91.59
14910.29 90.29
14911.46 90.65
14912.63 91.82
14913.80 92.41
14914.96 91.21
14916.13 91.10
14917.29 90.55
14918.46 91.78
14919.62 90.39
14920.79 90.19
14921.96 90.60
14923.12 90.30
14924.28 91.15
14925.45 90.57
14926.62 89.79
14927.78 89.39
14928.95 90.20
14930.11 90.10
14931.28 91.55
14932.45 90.77
14933.62 89.89
14934.78 89.94
14935.94 89.97
14937.10 91.49
14938.26 90.24
14939.43 91.12
14940.60 91.06
14941.75 90.53
14942.92 91.77
14944.09 92.38
14945.25 90.69
14946.42 90.85
14947.59 91.92
14948.75 90.46
14949.92 89.23
14951.09 90.62
14952.25 90.81
14953.42 90.90
14954.58 91.45
14955.74 92.73
14956.91 91.36
14958.08 90.18
14959.24 89.59
14960.41 90.80
14961.57 90.40
14962.73 90.20
14963.89 91.60
14965.05 91.30
14966.21 91.15
14967.38 90.07
14968.54 91.54
14969.70 90.27
14970.87 91.63
14972.03 90.32
14973.19 89.66
14974.36 89.33
14975.53 89.66
14976.70 89.33
14977.86 90.17
14979.03 89.58
14980.19 90.79
14981.35 91.90
14982.51 91.95
14983.68 91.97
14984.85 90.99
14986.02 90.99
14987.18 90.00
14988.34 90.00
14989.50 91.00
14990.65 91.00
14991.81 90.00
14992.98 90.00
14994.13 89.50
14995.29 89.25
14996.46 90.12
14997.63 91.06
14998.79 91.03
14999.95 90.52
15001.12 90.26
15002.29 90.13
15003.46 89.56
15004.62 89.78
15005.79 90.89
15006.95 90.45
15008.12 91.72
15009.29 90.86
15010.46 91.93
15011.62 91.47
15012.79 90.73
15013.96 89.87
15015.13 89.43
15016.30 90.22
15017.46 89.61
15018.63 90.80
15019.79 89.90
15020.95 90.45
15022.12 91.73
15023.29 90.36
15024.46 90.18
15025.62 90.59
15026.79 88.80
15027.95 87.90
15029.11 85.45
15030.28 84.22
15031.45 83.11
15032.62 82.56
15033.78 82.28
15034.95 82.64
15036.12 83.32
15037.29 84.16
15038.46 83.58
15039.63 82.29
15040.80 83.14
15041.97 83.07
15043.13 83.04
15044.29 82.02
15045.45 82.01
15046.61 81.00
15047.77 82.50
15048.93 82.25
15050.10 83.13
15051.26 84.06
15052.42 84.03
15053.58 84.02
15054.74 84.01
15055.90 82.50
15057.06 83.25
15058.22 81.63
15059.38 82.31
15060.55 81.16
15061.72 82.08
15062.88 83.04
15064.04 83.02
15065.20 83.51
15066.36 82.75
15067.53 81.88
15068.70 82.94
15069.86 81.47
15071.02 81.23
15072.18 81.12
15073.35 80.56
15074.52 81.78
15075.69 81.39
15076.86 83.19
15078.02 83.60
15079.18 82.30
15080.34 83.15
15081.51 83.07
15082.67 83.04
15083.84 83.52
15085.01 83.26
15086.17 82.63
15087.34 82.31
15088.50 81.66
15089.67 82.33
15090.85 83.16
15092.02 83.08
15093.18 83.04
15094.34 82.52
15095.50 81.76
15096.66 82.88
15097.82 82.94
15099.00 81.97
15100.15 80.99
15101.32 82.49
15102.49 82.75
15103.66 83.37
15104.82 83.19
15106.00 83.09
15107.15 83.05
15108.31 82.02
15109.47 83.01
15110.63 83.51
15111.80 83.75
15112.97 83.38
15114.14 83.19
15115.30 82.59
15116.46 81.30
15117.62 81.65
15118.79 82.82
15119.95 81.91
15121.12 81.46
15122.29 81.23
15123.46 81.11
15124.63 81.06
15125.79 82.03
15126.95 81.51
15128.12 81.26
15129.29 82.13
15130.46 83.56
15131.62 83.28
15132.80 82.64
15133.97 82.82
15135.14 81.41
15136.30 81.21
15137.47 81.10
15138.63 82.55
15139.80 81.28
15140.97 81.64
15142.14 82.32
15143.30 81.66
15144.46 80.83
15145.63 81.41
15146.80 81.21
15147.98 82.10
15149.14 81.55
15150.30 80.78
15151.46 81.39
15152.63 81.19
15153.80 80.60
15154.97 80.80
15156.13 80.90
15157.29 80.95
15158.46 81.97
15159.62 81.49
15160.79 82.24
15161.97 82.12
15163.14 82.56
15164.30 81.28
15165.46 81.14
15166.63 82.07
15167.79 82.54
15168.97 82.27
15170.14 81.13
15171.30 80.57
15172.46 80.28
15173.64 80.14
15174.81 80.07
15175.98 81.54
15177.14 80.77
15178.31 80.38
15179.48 82.19
15180.65 81.10
15181.82 81.05
15182.99 81.02
15184.15 81.51
15185.32 82.26
15186.49 82.63
15187.66 82.81
15188.82 81.41
15190.01 82.70
15191.16 83.35
15192.33 82.18
15193.50 82.09
15194.66 81.04
15195.82 82.02
15196.98 82.51
15198.15 82.26
15199.32 82.63
15200.49 81.31
15201.66 80.66
15202.82 80.83
15204.00 81.41
15205.15 82.21
15206.32 82.60
15207.48 81.80
15208.64 82.40
15209.80 81.70
15210.96 81.85
15212.13 82.93
15213.30 83.46
15214.46 83.23
15215.62 82.12
15216.79 81.06
15217.95 81.53
15219.12 80.76
15220.29 81.88
15221.45 81.94
15222.62 81.47
15223.78 82.24
15224.97 82.12
15226.14 82.56
15227.30 83.28
15228.46 86.14
15229.63 86.57
15230.80 87.28
15231.97 88.64
15233.14 89.32
15234.30 88.66
15235.46 89.33
15236.63 90.67
15237.80 89.33
15238.97 89.67
15240.14 90.33
15241.30 90.67
15242.46 90.83
15243.63 90.92
15244.80 89.46
15245.97 89.73
15247.14 90.36
15248.30 90.18
15249.46 89.59
15250.63 90.80
15251.79 91.90
15252.95 91.45
15254.12 92.22
15255.29 92.11
15256.46 92.06
15257.62 90.53
15258.78 90.76
15259.95 90.38
15261.12 90.69
15262.29 90.85
15263.46 90.92
15264.62 90.46
15265.80 90.23
15266.97 89.62
15268.14 90.31
15269.30 90.65
15270.46 90.83
15271.63 90.91
15272.80 90.96
15273.98 90.48
15275.14 90.24
15276.31 89.62
15277.48 89.81
15278.65 89.90
15279.81 90.45
15280.98 90.23
15282.15 91.11
15283.33 91.06
15284.50 90.53
15285.66 90.26
15286.84 91.13
15288.01 91.57
15289.17 91.78
15290.34 90.39
15291.51 89.70
15292.67 90.85
15293.85 91.92
15295.02 90.96
15296.18 90.98
15297.34 89.99
15298.50 91.50
15299.66 90.75
15300.84 89.87
15302.01 89.44
15303.17 89.72
15304.34 90.86
15305.50 90.43
15306.66 91.71
15307.84 92.36
15309.01 91.68
15310.17 92.34
15311.34 91.67
15312.50 90.33
15313.66 89.67
15314.84 89.83
15316.01 89.92
15317.17 89.46
15318.34 90.73
15319.50 90.36
15320.66 90.18
15321.84 90.09
15323.00 91.05
15324.16 91.52
15325.33 91.26
15326.50 91.63
15327.66 90.32
15328.84 90.66
15330.01 91.33
15331.17 90.66
15332.34 89.83
15333.51 90.92
15334.68 91.96
15335.85 91.98
15337.02 90.99
15338.18 90.49
15339.34 89.75
15340.51 89.37
15341.69 89.19
15342.86 90.59
15344.02 90.30
15345.18 91.15
15346.35 90.57
15347.52 89.79
15348.69 91.39
15349.86 90.20
15351.02 91.60
15352.18 90.80
15353.34 89.90
15354.50 89.95
15355.66 90.97
15356.83 90.99
15358.00 90.99
15359.15 91.50
15360.32 90.25
15361.49 90.12
15362.66 91.06
15363.82 90.03
15364.98 90.02
15366.15 90.01
15367.31 90.00
15368.47 90.00
15369.62 89.50
15370.78 90.75
15371.94 90.88
15373.11 89.94
15374.28 89.97
15375.44 90.98
15376.60 91.99
15377.76 90.50
15378.92 90.75
15380.09 90.87
15381.25 91.44
15382.42 91.72
15383.58 91.36
15384.75 90.68
15385.91 90.84
15387.08 91.42
15388.24 90.21
15389.41 91.60
15390.57 90.30
15391.74 90.65
15392.90 91.33
15394.06 91.16
15395.22 90.08
15396.38 90.04
15397.54 91.52
15398.71 90.26
15399.88 89.63
15401.04 90.32
15402.21 90.16
15403.38 91.08
15404.54 90.54
15405.70 91.77
15406.86 90.88
15408.02 90.44
15409.18 90.22
15410.35 90.61
15411.52 90.81
15412.69 90.40
15413.85 90.70
15415.01 90.35
15416.17 91.18
15417.34 91.09
15418.50 90.54
15419.66 90.27
15420.84 91.14
15422.01 91.07
15423.17 91.53
15424.34 90.77
15425.50 90.88
15426.66 90.94
15427.84 88.97
15429.00 86.99
15430.15 85.99
15431.32 85.00
15432.48 84.50
15433.64 83.75
15434.81 83.37
15435.98 84.19
15437.15 83.59
15438.32 83.30
15439.48 83.15
15440.65 82.57
15441.82 82.79
15442.99 82.89
15444.15 82.45
15445.32 81.22
15446.49 82.11
15447.66 81.56
15448.83 82.28
15450.00 82.14
15451.15 82.07
15452.31 82.03
15453.47 82.52
15454.64 82.26
15455.81 81.63
15456.98 82.31
15458.15 82.66
15459.33 82.83
15460.50 82.91
15461.66 81.96
15462.83 81.98
15464.00 81.49
15465.15 81.74
15466.32 82.37
15467.49 82.69
15468.66 81.34
15469.83 81.67
15471.00 82.84
15472.15 82.92
15473.32 82.96
15474.49 81.48
15475.66 81.74
15476.83 80.87
15478.00 81.93
15479.15 80.97
15480.32 80.48
15481.49 80.74
15482.66 80.87
15483.83 80.94
15485.00 81.47
15486.15 81.23
15487.32 80.62
15488.49 81.31
15489.66 82.65
15490.83 81.33
15492.00 80.66
15493.15 80.83
15494.32 80.42
15495.49 81.71
15496.66 82.35
15497.83 83.68
15499.00 81.84
15500.15 80.92
15501.32 81.46
15502.49 81.73
15503.66 82.36
15504.84 81.68
15506.00 82.34
15507.15 82.67
15508.32 81.84
15509.50 82.92
15510.66 83.46
15511.84 83.23
15513.00 81.61
15514.16 80.81
15515.33 80.90
15516.49 80.95
15517.66 82.48
15518.83 81.24
15520.00 80.62
15521.15 81.81
15522.32 82.40
15523.48 81.70
15524.64 81.35
15525.81 81.68
15526.98 80.84
15528.14 82.42
15529.31 81.21
15530.48 82.10
15531.64 82.55
15532.81 83.28
15533.98 82.64
15535.15 81.82
15536.32 81.41
15537.49 80.70
15538.65 82.35
15539.82 82.68
15540.99 82.34
15542.16 82.67
15543.33 82.83
15544.50 82.92
15545.66 81.96
15546.83 82.98
15548.00 81.99
15549.15 81.49
15550.32 80.75
15551.50 80.87
15552.66 81.44
15553.84 81.22
15555.00 82.11
15556.16 81.05
15557.32 82.53
15558.49 81.26
15559.66 82.63
15560.84 81.32
15562.01 80.66
15563.17 80.83
15564.34 80.91
15565.50 81.46
15566.66 80.73
15567.84 81.86
15569.01 82.43
15570.17 81.22
15571.34 80.61
15572.50 80.30
15573.66 82.15
15574.83 83.08
15575.99 82.04
15577.15 83.02
15578.31 81.51
15579.48 82.25
15580.65 81.13
15581.83 80.56
15582.99 80.28
15584.16 80.14
15585.33 80.57
15586.50 80.29
15587.66 81.64
15588.84 81.32
15590.01 80.66
15591.17 80.33
15592.34 80.17
15593.50 80.58
15594.66 81.29
15595.84 80.65
15597.01 82.32
15598.17 81.16
15599.34 82.08
15600.50 82.54
15601.66 82.77
15602.83 82.89
15604.00 81.44
15605.15 80.72
15606.32 81.36
15607.49 82.18
15608.66 81.09
15609.82 82.05
15610.99 81.02
15612.15 80.51
15613.32 80.26
15614.49 80.13
15615.66 80.56
15616.83 80.28
15618.00 82.14
15619.15 81.07
15620.31 81.04
15621.48 81.02
15622.64 81.01
15623.80 80.50
15624.97 80.75
15626.13 80.88
15627.30 80.44
15628.46 82.72
15629.62 84.36
15630.79 85.18
15631.97 86.59
15633.14 87.29
15634.30 89.15
15635.46 90.07
15636.62 89.04
15637.78 90.02
15638.95 90.01
15640.11 89.00
15641.27 89.00
15642.42 89.50
15643.58 90.25
15644.75 90.63
15645.92 90.81
15647.09 91.41
15648.25 90.70
15649.41 90.85
15650.58 89.43
15651.74 88.71
15652.91 89.36
15654.08 90.68
15655.24 91.84
15656.41 91.42
15657.58 90.71
15658.74 90.35
15659.91 90.18
15661.08 89.59
15662.24 90.29
15663.41 90.65
15664.58 89.82
15665.74 90.41
15666.91 90.21
15668.08 89.60
15669.24 90.30
15670.40 90.15
15671.56 90.08
15672.72 91.04
15673.88 92.02
15675.04 90.51
15676.20 90.25
15677.36 91.13
15678.53 90.06
15679.69 89.53
15680.86 90.27
15682.02 89.63
15683.18 89.32
15684.35 90.66
15685.52 90.83
15686.69 91.41
15687.86 90.21
15689.02 90.60
15690.18 89.80
15691.34 89.90
15692.50 90.95
15693.66 90.98
15694.84 89.99
15696.00 90.99
15697.15 91.50
15698.31 90.75
15699.48 89.87
15700.64 89.44
15701.81 90.72
15702.98 90.36
15704.15 91.18
15705.32 90.59
15706.49 90.29
15707.66 89.65
15708.83 90.32
15710.00 89.66
15711.15 91.33
15712.32 91.67
15713.49 90.33
15714.66 89.67
15715.83 91.33
15717.00 91.67
15718.15 89.83
15719.32 90.92
15720.49 90.96
15721.66 90.98
15722.84 89.99
15724.00 89.99
15725.15 91.00
15726.31 91.00
15727.47 92.00
15728.63 90.50
15729.79 91.25
15730.97 90.12
15732.14 89.56
15733.30 90.28
15734.46 91.14
15735.63 90.57
15736.80 89.79
15737.98 90.89
15739.14 90.95
15740.31 89.97
15741.48 89.49
15742.65 90.24
15743.82 90.62
15744.99 90.31
15746.17 90.16
15747.34 89.58
15748.50 90.79
15749.66 89.89
15750.83 89.45
15752.00 89.22
15753.15 89.11
15754.32 88.56
15755.49 89.28
15756.66 89.14
15757.83 90.57
15759.00 90.28
15760.15 89.64
15761.32 90.32
15762.49 91.16
15763.66 91.08
15764.82 91.04
15765.98 91.52
15767.15 92.26
15768.32 90.63
15769.49 91.82
15770.66 92.41
15771.83 92.70
15772.99 91.85
15774.15 90.43
15775.32 89.71
15776.49 89.86
15777.66 89.93
15778.83 90.46
15780.00 91.73
15781.15 91.87
15782.32 90.93
15783.49 89.97
15784.66 89.98
15785.83 90.99
15787.01 90.50
15788.17 90.75
15789.34 91.37
15790.50 92.19
15791.66 90.59
15792.84 89.30
15794.00 89.65
15795.15 90.82
15796.32 91.41
15797.49 90.21
15798.66 91.10
15799.83 90.05
15800.99 90.03
15802.15 91.01
15803.31 90.51
15804.48 91.25
15805.65 90.63
15806.82 91.81
15807.99 91.41
15809.16 90.20
15810.32 89.60
15811.48 90.30
15812.64 91.15
15813.82 91.58
15814.98 92.29
15816.15 92.14
15817.32 91.07
15818.48 90.04
15819.64 91.52
15820.82 91.76
15821.98 90.88
15823.14 90.44
15824.31 91.22
15825.48 90.61
15826.65 89.80
15827.82 89.40
15828.98 88.70
15830.14 85.85
15831.31 84.43
15832.48 83.21
15833.65 82.61
15834.83 82.30
15835.98 82.15
15837.15 83.58
15838.33 82.29
15839.50 82.64
15840.66 83.32
15841.83 83.66
15843.00 83.83
15844.15 83.92
15845.32 82.96
15846.49 81.48
15847.66 81.74
15848.83 83.37
15850.00 81.68
15851.15 81.34
15852.32 81.67
15853.49 82.84
15854.66 83.42
15855.84 81.71
15857.00 82.35
15858.15 82.18
15859.32 81.59
15860.49 81.79
15861.65 81.90
15862.82 81.95
15863.98 81.97
15865.14 81.99
15866.31 82.49
15867.48 82.25
15868.65 82.12
15869.83 81.56
15870.99 81.78
15872.16 81.89
15873.32 82.45
15874.49 81.72
15875.66 81.86
15876.84 81.43
15878.00 81.22
15879.17 81.61
15880.34 81.80
15881.50 81.90
15882.65 81.95
15883.82 81.98
15884.99 81.99
15886.15 81.49
15887.32 82.25
15888.49 83.12
15889.66 83.56
15890.83 84.28
15892.00 83.64
15893.15 82.32
15894.32 81.16
15895.49 81.08
15896.65 80.54
15897.83 80.27
15898.99 80.64
15900.16 81.82
15901.33 82.41
15902.50 82.70
15903.66 82.85
15904.83 82.43
15906.00 81.71
15907.16 80.86
15908.33 80.93
15909.50 81.96
15910.66 82.98
15911.83 83.49
15913.00 83.75
15914.16 83.37
15915.33 82.69
15916.50 83.34
15917.66 82.67
15918.83 81.34
15920.00 81.17
15921.16 82.08
15922.32 82.54
15923.49 82.77
15924.66 82.89
15925.83 81.94
15927.00 80.97
15928.15 80.49
15929.32 81.74
15930.50 81.87
15931.66 80.94
15932.83 80.47
15934.00 80.23
15935.16 80.12
15936.33 81.56
15937.50 80.78
15938.66 81.39
15939.83 80.69
15941.00 81.85
15942.15 82.42
15943.32 82.71
15944.49 82.86
15945.66 81.93
15946.83 80.96
15947.99 80.98
15949.15 80.49
15950.32 80.25
15951.49 80.12
15952.66 80.06
15953.82 81.53
15954.99 80.77
15956.16 80.38
15957.33 80.19
15958.50 81.60
15959.66 80.80
15960.82 81.40
15961.98 80.70
15963.14 81.85
15964.31 80.92
15965.48 79.96
15966.65 81.48
15967.82 80.74
15968.99 80.37
15970.16 81.19
15971.34 82.59
15972.50 81.80
15973.66 81.90
15974.82 81.95
15975.99 80.97
15977.16 80.49
15978.33 80.24
15979.50 80.62
15980.66 81.81
15981.83 80.91
15983.00 81.95
15984.15 82.48
15985.32 81.24
15986.49 82.62
15987.66 82.81
15988.83 81.90
15989.99 81.95
15991.15 81.98
15992.32 80.99
15993.49 81.99
15994.65 81.50
15995.82 82.25
15996.98 82.62
15998.15 82.81
15999.32 81.91
16000.49 82.45
16001.65 82.23
16002.82 82.61
16003.99 82.81
16005.15 82.40
16006.31 81.20
16007.47 82.10
16008.63 82.55
16009.79 81.28
16010.97 82.14
16012.14 82.07
16013.30 81.03
16014.46 81.02
16015.62 80.51
16016.78 80.75
16017.95 81.88
16019.11 81.44
16020.28 82.72
16021.45 81.36
16022.62 80.68
16023.78 80.34
16024.96 80.67
16026.12 82.83
16027.29 82.92
16028.46 81.96
16029.62 80.98
16030.79 80.49
16031.97 83.74
16033.14 84.87
16034.30 86.44
16035.46 88.72
16036.63 89.36
16037.81 88.68
16038.98 88.84
16040.14 89.42
16041.31 90.21
16042.48 90.60
16043.64 89.30
16044.81 90.15
16045.98 91.08
16047.14 90.54
16048.30 91.27
16049.46 90.63
16050.63 91.32
16051.81 90.16
16052.98 90.58
16054.14 89.29
16055.31 88.64
16056.48 89.82
16057.64 89.41
16058.82 90.21
16059.98 89.10
16061.14 88.55
16062.31 88.78
16063.49 90.39
16064.65 89.69
16065.82 91.35
16066.98 91.67
16068.14 90.34
16069.31 89.67
16070.48 90.83
16071.64 89.92
16072.82 89.96
16073.98 90.48
16075.14 90.74
16076.31 91.37
16077.48 90.68
16078.64 91.34
16079.82 91.67
16080.98 89.84
16082.15 90.92
16083.32 91.96
16084.49 90.98
16085.65 89.49
16086.82 89.74
16087.99 90.87
16089.15 90.94
16090.32 90.97
16091.49 89.98
16092.65 90.99
16093.82 90.50
16094.98 90.75
16096.14 90.87
16097.31 89.94
16098.48 91.47
16099.64 90.73
16100.82 89.87
16101.98 89.43
16103.15 89.22
16104.32 90.61
16105.49 89.30
16106.65 88.65
16107.82 89.33
16108.99 89.16
16110.16 89.08
16111.32 89.04
16112.48 90.02
16113.64 91.01
16114.82 91.01
16115.98 92.00
16117.14 90.00
16118.30 91.00
16119.45 90.00
16120.60 90.00
16121.75 89.50
16122.91 91.25
16124.08 89.63
16125.25 90.81
16126.42 90.41
16127.58 89.70
16128.74 90.35
16129.91 90.18
16131.08 89.59
16132.24 90.29
16133.41 89.65
16134.58 89.32
16135.74 90.16
16136.91 91.58
16138.07 91.29
16139.23 90.65
16140.41 91.32
16141.58 91.16
16142.74 91.58
16143.90 90.79
16145.06 90.90
16146.22 90.45
16147.38 90.22
16148.55 90.11
16149.72 90.56
16150.89 90.78
16152.05 90.39
16153.21 90.19
16154.38 90.60
16155.54 90.30
16156.70 90.65
16157.86 91.32
16159.02 90.66
16160.18 90.33
16161.35 90.67
16162.52 90.33
16163.69 90.17
16164.86 91.08
16166.02 91.04
16167.18 90.52
16168.34 90.76
16169.50 90.88
16170.66 90.44
16171.83 90.22
16173.00 91.11
16174.16 91.06
16175.33 91.03
16176.49 90.51
16177.66 90.26
16178.82 90.13
16179.99 90.56
16181.15 90.28
16182.32 89.64
16183.49 89.82
16184.65 89.91
16185.82 90.46
16186.99 90.73
16188.16 90.86
16189.33 90.93
16190.50 90.47
16191.66 90.23
16192.83 90.62
16194.00 89.81
16195.15 90.40
16196.31 89.20
16197.47 89.10
16198.63 89.55
16199.81 90.78
16200.98 89.89
16202.14 90.94
16203.30 89.47
16204.46 91.24
16205.63 90.12
16206.81 91.06
16207.97 90.03
16209.13 90.51
16210.30 90.76
16211.46 90.88
16212.62 89.94
16213.79 90.47
16214.97 89.73
16216.14 90.37
16217.30 91.18
16218.46 91.59
16219.62 90.80
16220.78 90.90
16221.95 89.95
16223.12 90.97
16224.29 90.99
16225.45 90.49
16226.62 90.75
16227.78 91.37
16228.96 91.69
16230.13 90.84
16231.30 89.92
16232.46 86.96
16233.62 85.48
16234.79 85.74
16235.97 85.37
16237.14 85.19
16238.31 83.09
16239.47 83.55
16240.65 81.77
16241.82 82.89
16242.98 81.94
16244.14 82.97
16245.30 81.99
16246.46 82.49
16247.62 82.75
16248.79 81.87
16249.96 82.44
16251.13 81.22
16252.30 81.11
16253.46 81.05
16254.62 81.53
16255.79 82.76
16256.97 82.38
16258.14 82.19
16259.30 82.10
16260.46 81.05
16261.62 80.52
16262.79 81.76
16263.97 80.88
16265.13 81.44
16266.30 83.22
16267.46 82.11
16268.62 81.56
16269.80 80.78
16270.96 80.89
16272.12 80.44
16273.29 80.22
16274.46 80.61
16275.62 82.31
16276.80 82.65
16277.96 81.83
16279.13 81.91
16280.30 81.96
16281.46 81.48
16282.63 80.74
16283.80 81.37
16284.96 80.68
16286.13 82.84
16287.30 81.42
16288.46 82.21
16289.62 81.11
16290.81 82.05
16291.97 82.53
16293.14 81.26
16294.30 82.13
16295.46 81.07
16296.62 82.03
16297.78 81.02
16298.95 81.01
16300.11 82.00
16301.27 82.50
16302.43 82.75
16303.60 82.38
16304.76 82.69
16305.94 83.84
16307.10 83.42
16308.26 83.21
16309.43 82.11
16310.60 81.55
16311.76 81.78
16312.94 82.39
16314.10 82.19
16315.26 81.60
16316.42 81.30
16317.58 82.15
16318.75 81.57
16319.92 80.79
16321.09 80.89
16322.25 82.45
16323.42 82.72
16324.58 82.86
16325.75 82.93
16326.91 83.47
16328.08 81.73
16329.24 81.37
16330.41 80.68
16331.58 80.34
16332.74 80.67
16333.91 80.84
16335.08 80.42
16336.24 82.21
16337.41 81.10
16338.57 80.55
16339.74 80.28
16340.90 82.64
16342.06 81.32
16343.22 82.66
16344.39 81.33
16345.56 80.66
16346.73 81.83
16347.90 82.92
16349.06 81.46
16350.22 82.23
16351.38 81.61
16352.55 81.81
16353.72 81.40
16354.88 80.70
16356.04 80.35
16357.20 80.18
16358.36 81.09
16359.52 80.54
16360.69 80.27
16361.86 81.64
16363.02 80.82
16364.18 82.41
16365.35 82.70
16366.51 81.35
16367.68 82.18
16368.85 81.09
16370.01 80.54
16371.17 80.27
16372.34 80.14
16373.50 80.57
16374.66 80.78
16375.83 80.89
16376.99 81.95
16378.16 81.47
16379.33 81.24
16380.50 80.62
16381.66 80.31
16382.82 81.65
16384.00 80.83
16385.15 80.41
16386.32 82.21
16387.49 82.60
16388.65 81.30
16389.82 81.15
16390.99 82.08
16392.15 82.54
16393.31 81.77
16394.48 82.38
16395.64 82.19
16396.82 81.60
16397.98 81.80
16399.14 82.40
16400.30 82.70
16401.45 81.35
16402.62 82.17
16403.78 81.09
16404.95 82.04
16406.11 82.52
16407.28 81.76
16408.45 80.88
16409.61 81.94
16410.78 82.47
16411.95 81.24
16413.12 81.12
16414.29 81.56
16415.46 80.78
16416.62 80.39
16417.81 81.69
16418.97 82.35
16420.14 81.17
16421.31 82.09
16422.47 81.04
16423.62 80.52
16424.80 81.76
16425.96 80.88
16427.13 80.94
16428.30 80.97
16429.46 81.99
16430.62 81.99
16431.78 82.50
16432.95 84.75
16434.11 85.37
16435.28 85.69
16436.45 86.34
16437.62 87.17
16438.78 87.59
16439.96 87.79
16441.12 89.40
16442.28 88.70
16443.44 90.35
16444.61 89.17
16445.78 88.59
16446.95 90.29
16448.11 89.65
16449.28 89.32
16450.45 90.66
16451.62 90.83
16452.78 90.92
16453.96 90.46
16455.13 90.23
16456.30 90.61
16457.46 91.31
16458.62 90.15
16459.80 89.58
16460.96 90.29
16462.13 89.64
16463.30 88.82
16464.46 89.41
16465.62 90.71
16466.80 90.85
16467.97 89.93
16469.14 90.96
16470.31 90.98
16471.47 90.99
16472.63 90.50
16473.80 90.75
16474.96 90.37
16476.13 89.69
16477.31 89.34
16478.47 90.67
16479.64 90.84
16480.82 89.92
16481.98 89.46
16483.15 91.23
16484.31 89.61
16485.48 90.31
16486.65 89.65
16487.82 89.83
16488.99 89.91
16490.15 90.96
16491.32 90.98
16492.49 90.99
16493.65 90.49
16494.82 90.75
16495.99 91.37
16497.15 89.69
16498.32 90.34
16499.49 91.17
16500.66 89.59
16501.83 89.29
16502.99 89.65
16504.16 90.82
16505.33 91.41
16506.50 91.71
16507.66 90.35
16508.83 89.68
16510.00 90.34
16511.15 89.67
16512.32 90.33
16513.49 90.67
16514.66 90.33
16515.83 91.67
16516.99 91.83
16518.15 91.92
16519.32 91.96
16520.49 89.98
16521.65 90.99
16522.81 90.49
16523.98 91.75
16525.15 91.87
16526.31 92.44
16527.49 91.22
16528.66 91.11
16529.83 91.05
16530.99 91.53
16532.15 91.76
16533.32 91.38
16534.49 91.69
16535.66 92.35
16536.83 91.17
16537.99 91.09
16539.15 91.54
16540.32 91.27
16541.49 90.14
16542.66 90.07
16543.82 91.53
16544.99 91.77
16546.15 92.38
16547.32 91.69
16548.49 90.35
16549.66 90.17
16550.83 90.59
16551.99 91.29
16553.15 91.65
16554.32 91.82
16555.49 89.91
16556.66 88.96
16557.83 90.98
16558.99 89.49
16560.16 89.74
16561.33 90.87
16562.50 90.44
16563.66 89.72
16564.83 89.36
16565.99 89.18
16567.16 89.59
16568.33 91.29
16569.50 92.15
16570.66 90.07
16571.82 91.04
16572.98 89.52
16574.15 89.26
16575.31 90.63
16576.48 90.31
16577.66 91.66
16578.83 91.83
16579.99 89.91
16581.16 90.46
16582.33 91.23
16583.50 92.11
16584.66 92.56
16585.83 92.78
16587.00 91.39
16588.15 90.19
16589.32 91.10
16590.48 90.55
16591.65 89.77
16592.82 89.89
16593.99 89.44
16595.15 89.72
16596.32 88.86
16597.49 89.93
16598.66 89.47
16599.83 89.23
16600.99 91.12
16602.16 91.56
16603.33 90.78
16604.50 89.39
16605.66 89.69
16606.83 89.85
16607.99 90.42
16609.16 90.71
16610.33 91.36
16611.50 91.68
16612.66 91.34
16613.83 90.67
16614.99 90.83
16616.15 91.92
16617.32 91.96
16618.50 91.98
16619.66 91.49
16620.83 91.24
16621.99 90.62
16623.16 91.31
16624.33 90.16
16625.50 89.58
16626.66 89.79
16627.83 90.39
16629.00 91.20
16630.15 91.10
16631.32 91.05
16632.48 89.52
16633.65 87.26
16634.82 86.13
16635.99 85.57
16637.15 85.28
16638.32 85.14
16639.49 83.57
16640.66 84.29
16641.83 84.14
16642.99 83.57
16644.15 81.79
16645.32 81.39
16646.49 81.20
16647.65 81.10
16648.81 81.05
16649.97 81.02
16651.13 81.51
16652.30 81.76
16653.46 81.38
16654.62 82.19
16655.80 83.09
16656.95 81.55
16658.12 82.77
16659.29 81.89
16660.46 81.44
16661.62 82.22
16662.80 82.61
16663.96 81.31
16665.13 81.65
16666.30 82.83
16667.46 81.41
16668.62 81.21
16669.80 82.10
16670.95 82.55
16672.12 81.28
16673.29 82.14
16674.46 82.57
16675.62 81.78
16676.81 81.39
16677.97 82.20
16679.13 81.10
16680.30 80.55
16681.46 81.27
16682.62 82.14
16683.81 81.07
16684.97 80.53
16686.14 81.77
16687.31 82.38
16688.47 81.19
16689.64 81.60
16690.81 81.30
16691.97 82.15
16693.14 81.07
16694.30 82.04
16695.46 82.52
16696.62 82.26
16697.80 82.63
16698.96 81.31
16700.13 81.16
16701.30 81.58
16702.47 80.79
16703.63 81.89
16704.80 82.45
16705.96 82.72
16707.13 82.36
16708.30 82.68
16709.46 81.34
16710.62 82.17
16711.81 82.09
16712.97 81.54
16714.14 82.27
16715.31 81.14
16716.48 80.57
16717.65 81.28
16718.82 81.14
16719.99 82.07
16721.15 81.54
16722.32 81.27
16723.49 81.13
16724.66 80.57
16725.83 81.78
16726.99 81.39
16728.16 81.20
16729.32 81.10
16730.48 81.55
16731.65 82.27
16732.82 82.64
16733.99 81.82
16735.15 81.41
16736.32 82.70
16737.48 81.35
16738.65 82.18
16739.82 82.09
16740.98 82.54
16742.15 81.27
16743.31 82.14
16744.48 81.07
16745.64 82.03
16746.81 81.02
16747.97 83.01
16749.13 82.50
16750.29 82.25
16751.46 81.63
16752.63 80.81
16753.81 80.41
16754.98 80.20
16756.14 82.10
16757.30 83.55
16758.46 81.28
16759.62 83.14
16760.81 83.07
16761.97 84.03
16763.13 83.02
16764.30 81.51
16765.46 82.25
16766.62 81.63
16767.80 81.81
16768.96 83.41
16770.13 84.20
16771.29 83.10
16772.45 81.55
16773.62 82.78
16774.80 81.39
16775.95 82.19
16777.12 81.10
16778.29 81.55
16779.46 80.77
16780.62 81.89
16781.80 80.94
16782.96 81.97
16784.12 81.99
16785.29 81.99
16786.45 82.00
16787.60 81.50
16788.75 83.25
16789.93 83.12
16791.10 82.56
16792.26 83.28
16793.42 83.14
16794.59 82.57
16795.76 82.29
16796.94 83.64
16798.10 81.82
16799.26 80.41
16800.43 82.21
16801.60 81.10
16802.75 80.05
16803.92 81.53
16805.09 83.26
16806.25 83.63
16807.42 82.82
16808.58 82.91
16809.75 81.95
16810.91 81.48
16812.08 80.74
16813.24 80.87
16814.41 81.93
16815.58 81.97
16816.75 82.48
16817.91 83.74
16819.08 81.87
16820.24 82.44
16821.41 81.22
16822.58 80.61
16823.75 81.80
16824.91 81.40
16826.07 83.20
16827.23 83.10
16828.39 82.55
16829.56 82.28
16830.73 82.64
16831.90 81.82
16833.06 82.41
16834.22 84.70
16835.38 84.85
16836.54 86.93
16837.70 88.96
16838.86 88.98
16840.02 89.49
16841.18 90.25
16842.35 90.12
16843.52 89.56
16844.69 90.78
16845.85 89.39
16847.02 89.70
16848.18 88.85
16849.34 90.92
16850.51 90.46
16851.68 90.23
16852.85 89.12
16854.02 90.06
16855.18 90.53
16856.34 91.76
16857.51 90.38
16858.68 90.19
16859.85 91.10
16861.01 91.05
16862.17 90.52
16863.34 90.26
16864.50 90.13
16865.66 90.57
16866.83 90.28
16868.00 90.14
16869.15 90.07
16870.31 90.54
16871.48 90.77
16872.65 91.38
16873.82 90.69
16874.99 89.85
16876.15 91.42
16877.32 91.21
16878.49 92.11
16879.66 92.05
16880.82 92.03
16881.98 90.51
16883.15 90.76
16884.31 90.88
16885.48 90.94
16886.64 90.97
16887.82 90.98
16888.98 89.99
16890.14 90.00
16891.30 90.00
16892.45 89.50
16893.61 90.25
16894.78 90.62
16895.95 90.31
16897.12 90.66
16898.29 90.83
16899.46 90.91
16900.62 90.96
16901.80 90.98
16902.96 90.99
16904.12 90.49
16905.29 90.25
16906.46 90.62
16907.62 90.31
16908.80 90.66
16909.96 91.33
16911.13 91.16
16912.30 90.58
16913.46 90.79
16914.62 90.40
16915.79 89.20
16916.95 89.10
16918.11 90.05
16919.27 90.52
16920.44 90.76
16921.61 90.88
16922.77 89.94
16923.94 90.47
16925.10 91.74
16926.26 92.37
16927.43 91.68
16928.60 90.34
16929.76 90.67
16930.94 90.84
16932.10 89.92
16933.26 90.46
16934.43 91.23
16935.60 90.61
16936.76 89.81
16937.94 89.40
16939.10 90.70
16940.26 90.35
16941.42 90.18
16942.59 90.59
16943.75 90.29
16944.93 89.65
16946.10 88.82
16947.26 90.91
16948.42 89.96
16949.59 89.98
16950.75 89.99
16951.93 90.49
16953.10 90.75
16954.26 90.87
16955.42 91.44
16956.59 91.22
16957.76 91.61
16958.94 89.80
16960.10 90.90
16961.25 91.45
16962.42 90.73
16963.59 90.86
16964.75 90.43
16965.93 90.72
16967.10 89.86
16968.26 90.43
16969.42 91.21
16970.59 91.11
16971.77 90.05
16972.94 90.53
16974.10 90.76
16975.26 91.38
16976.43 91.19
16977.60 90.10
16978.76 91.05
16979.93 92.02
16981.09 92.01
16982.25 92.51
16983.42 90.25
16984.58 91.13
16985.75 91.56
16986.93 90.78
16988.10 89.89
16989.26 89.95
16990.42 89.97
16991.59 90.49
16992.76 91.24
16993.94 91.12
16995.10 91.56
16996.26 89.78
16997.43 90.39
16998.60 90.70
16999.76 89.35
17000.94 90.67
17002.10 92.34
17003.26 91.67
17004.43 90.33
17005.60 90.67
17006.76 90.33
17007.94 89.67
17009.10 90.83
17010.26 91.42
17011.43 91.21
17012.60 91.60
17013.76 91.30
17014.93 90.15
17016.10 90.08
17017.26 91.04
17018.42 92.02
17019.58 92.01
17020.74 90.00
17021.90 89.50
17023.06 90.75
17024.22 91.88
17025.39 89.94
17026.55 89.47
17027.72 90.23
17028.89 90.12
17030.06 90.06
17031.22 91.03
17032.38 91.51
17033.55 90.26
17034.71 88.13
17035.88 86.56
17037.04 86.28
17038.20 85.64
17039.37 84.82
17040.54 83.41
17041.70 84.21
17042.87 83.10
17044.03 82.55
17045.19 83.28
17046.36 82.64
17047.53 83.32
17048.70 82.16
17049.86 82.08
17051.02 81.54
17052.18 81.27
17053.35 81.63
17054.52 81.82
17055.69 82.41
17056.86 83.20
17058.02 83.10
17059.18 83.05
17060.34 81.53
17061.50 82.76
17062.66 81.88
17063.83 81.44
17064.99 82.22
17066.16 83.11
17067.33 82.56
17068.50 82.78
17069.66 81.89
17070.83 82.44
17071.99 82.22
17073.16 82.11
17074.33 82.06
17075.50 82.03
17076.66 82.01
17077.82 82.51
17078.99 82.25
17080.15 83.13
17081.32 82.56
17082.50 81.28
17083.66 82.14
17084.83 82.57
17085.99 81.29
17087.16 81.14
17088.33 82.07
17089.49 82.54
17090.66 81.77
17091.83 81.38
17092.99 81.69
17094.15 82.35
17095.32 81.17
17096.49 81.59
17097.66 81.29
17098.83 81.65
17099.99 80.82
17101.16 81.91
17102.33 80.96
17103.50 81.98
17104.66 82.49
17105.83 82.24
17106.99 82.12
17108.16 81.06
17109.32 80.53
17110.49 80.77
17111.66 81.38
17112.83 81.69
17113.99 81.35
17115.16 82.17
17116.33 82.09
17117.49 81.54
17118.66 81.27
17119.83 80.64
17120.99 81.32
17122.16 82.66
17123.34 81.33
17124.50 82.16
17125.66 81.08
17126.83 81.54
17127.99 81.77
17129.15 80.89
17130.32 80.44
17131.49 80.72
17132.66 81.36
17133.83 81.68
17135.00 81.34
17136.15 82.17
17137.32 82.59
17138.49 82.29
17139.66 82.65
17140.83 82.32
17141.99 82.66
17143.16 82.83
17144.33 82.42
17145.50 81.21
17146.66 82.10
17147.83 81.05
17148.99 81.53
17150.16 82.26
17151.33 81.63
17152.50 81.82
17153.66 82.41
17154.83 81.20
17155.99 81.60
17157.15 81.80
17158.31 81.90
17159.47 81.95
17160.64 82.48
17161.81 81.74
17162.98 80.87
17164.15 81.93
17165.32 82.97
17166.49 82.98
17167.65 81.49
17168.82 81.25
17169.99 82.12
17171.15 82.56
17172.32 82.78
17173.50 81.89
17174.66 82.45
17175.83 81.22
17176.99 82.11
17178.16 83.06
17179.32 82.53
17180.49 82.76
17181.66 81.88
17182.83 81.44
17183.99 81.72
17185.16 81.36
17186.33 80.68
17187.50 81.84
17188.66 81.42
17189.83 82.21
17190.99 82.61
17192.16 82.80
17193.32 82.40
17194.48 82.70
17195.64 83.35
17196.81 82.18
17197.98 82.09
17199.14 82.04
17200.30 82.02
17201.46 81.51
17202.62 81.76
17203.79 81.38
17204.96 82.69
17206.13 81.34
17207.31 80.67
17208.47 81.84
17209.64 82.42
17210.81 82.21
17211.98 81.10
17213.14 82.05
17214.30 82.53
17215.47 81.26
17216.64 80.63
17217.81 80.32
17218.98 81.66
17220.15 82.83
17221.31 81.41
17222.48 80.71
17223.65 82.35
17224.83 82.68
17225.99 83.84
17227.15 82.92
17228.32 81.96
17229.49 82.48
17230.66 82.24
17231.83 82.62
17232.99 82.81
17234.16 84.40
17235.32 85.70
17236.48 86.85
17237.64 87.93
17238.81 88.46
17239.98 89.73
17241.15 88.87
17242.31 89.93
17243.48 88.97
17244.65 88.98
17245.81 88.99
17246.98 88.50
17248.14 89.25
17249.31 90.12
17250.48 90.56
17251.65 89.78
17252.82 89.89
17253.98 89.45
17255.15 89.72
17256.31 89.86
17257.48 89.93
17258.65 89.97
17259.82 90.98
17260.99 89.99
17262.15 91.00
17263.31 90.00
17264.47 91.00
17265.62 91.00
17266.79 91.50
17267.94 90.75
17269.11 89.87
17270.28 89.44
17271.45 89.22
17272.62 89.11
17273.79 89.05
17274.94 90.03
17276.10 91.51
17277.26 89.76
17278.43 89.38
17279.60 90.19
17280.77 89.59
17281.94 89.30
17283.10 90.15
17284.26 91.07
17285.42 90.54
17286.58 90.77
17287.75 90.88
17288.92 90.44
17290.09 89.72
17291.26 90.86
17292.42 90.43
17293.58 90.22
17294.75 91.11
17295.93 90.55
17297.10 90.28
17298.26 90.14
17299.42 90.57
17300.60 89.78
17301.77 89.39
17302.94 90.70
17304.10 89.85
17305.26 90.92
17306.42 90.46
17307.59 90.73
17308.77 91.37
17309.94 90.18
17311.10 90.09
17312.26 90.05
17313.42 90.02
17314.58 90.51
17315.75 89.76
17316.93 90.38
17318.10 91.19
17319.26 89.59
17320.42 90.80
17321.58 89.40
17322.75 90.70
17323.91 90.35
17325.08 91.17
17326.24 92.09
17327.40 92.04
17328.55 90.52
17329.72 90.26
17330.90 91.13
17332.06 90.07
17333.22 90.53
17334.39 90.77
17335.56 89.38
17336.73 90.69
17337.91 89.35
17339.08 89.67
17340.24 89.84
17341.41 90.92
17342.58 91.46
17343.75 90.23
17344.93 89.61
17346.10 90.31
17347.26 90.65
17348.43 89.83
17349.60 90.91
17350.77 91.46
17351.94 91.23
17353.10 91.11
17354.27 91.06
17355.43 91.03
17356.59 90.51
17357.77 90.26
17358.94 89.13
17360.10 89.06
17361.26 89.03
17362.42 90.52
17363.59 89.26
17364.77 89.63
17365.94 91.31
17367.10 89.66
17368.26 91.33
17369.43 89.66
17370.60 88.83
17371.77 88.42
17372.94 89.71
17374.10 91.85
17375.26 91.43
17376.43 90.21
17377.60 89.61
17378.77 88.80
17379.93 90.40
17381.09 90.70
17382.24 90.85
17383.42 90.93
17384.58 91.46
17385.75 91.73
17386.93 90.37
17388.10 90.18
17389.26 89.59
17390.42 90.30
17391.58 91.15
17392.77 91.07
17393.93 91.54
17395.10 91.77
17396.26 91.88
17397.42 90.44
17398.59 89.22
17399.77 90.61
17400.94 89.31
17402.10 89.15
17403.26 89.58
17404.43 88.29
17405.60 90.14
17406.77 90.57
17407.94 89.79
17409.10 89.39
17410.26 89.20
17411.42 89.60
17412.58 88.80
17413.75 88.90
17414.91 89.95
17416.08 90.97
17417.24 92.49
17418.41 90.74
17419.58 90.87
17420.75 91.44
17421.92 90.22
17423.09 89.61
17424.25 89.80
17425.42 89.40
17426.58 88.70
17427.74 89.35
17428.91 88.68
17430.08 88.84
17431.24 89.92
17432.41 90.46
17433.58 90.73
17434.75 89.86
17435.93 87.43
17437.10 87.22
17438.26 87.11
17439.43 85.55
17440.60 84.28
17441.77 85.14
17442.94 85.57
17444.11 85.78
17445.28 83.39
17446.45 83.70
17447.61 84.85
17448.78 84.42
17449.94 83.21
17451.11 82.11
17452.29 83.05
17453.45 84.03
17454.61 82.01
17455.78 83.01
17456.94 81.50
17458.10 81.75
17459.26 82.88
17460.43 81.44
17461.60 81.72
17462.77 82.36
17463.94 82.18
17465.10 83.59
17466.26 84.29
17467.43 82.15
17468.60 82.57
17469.77 81.79
17470.94 82.39
17472.10 82.70
17473.26 82.85
17474.43 82.92
17475.60 81.46
17476.77 80.73
17477.94 80.87
17479.10 81.43
17480.26 82.22
17481.43 81.61
17482.60 80.80
17483.77 80.40
17484.93 81.70
17486.09 80.85
17487.25 80.93
17488.42 81.96
17489.58 82.48
17490.75 82.74
17491.92 82.37
17493.09 81.19
17494.25 82.09
17495.41 81.55
17496.58 81.77
17497.75 81.39
17498.92 81.19
17500.09 81.60
17501.24 80.80
17502.40 81.90
17503.55 80.95
17504.72 80.47
17505.90 81.74
17507.06 81.37
17508.22 80.68
17509.39 81.34
17510.55 82.17
17511.72 82.59
17512.90 83.29
17514.06 83.15
17515.23 83.57
17516.39 82.29
17517.57 81.64
17518.74 80.82
17519.91 81.91
17521.08 80.96
17522.24 80.98
17523.41 82.49
17524.58 82.24
17525.75 82.62
17526.93 82.31
17528.10 82.16
17529.26 81.08
17530.42 81.54
17531.59 81.27
17532.77 81.63
17533.94 82.32
17535.11 81.16
17536.28 81.58
17537.45 81.79
17538.62 81.89
17539.78 82.45
17540.95 82.72
17542.12 81.36
17543.30 82.18
17544.46 81.09
17545.62 83.05
17546.78 83.02
17547.94 81.51
17549.11 82.76
17550.28 81.88
17551.45 80.94
17552.62 80.47
17553.78 80.73
17554.95 81.87
17556.12 83.43
17557.29 81.72
17558.46 81.36
17559.62 82.18
17560.79 81.59
17561.96 81.29
17563.13 82.15
17564.30 82.57
17565.46 82.79
17566.62 81.39
17567.79 82.20
17568.95 82.10
17570.11 81.05
17571.27 80.52
17572.44 80.26
17573.61 80.63
17574.78 80.32
17575.94 80.66
17577.11 80.83
17578.28 81.91
17579.45 82.46
17580.62 82.23
17581.78 82.61
17582.95 82.31
17584.13 82.15
17585.30 82.08
17586.46 82.04
17587.62 82.02
17588.78 81.51
17589.95 81.75
17591.12 81.38
17592.29 80.69
17593.47 80.34
17594.63 81.67
17595.80 80.84
17596.96 80.42
17598.13 80.21
17599.30 81.60
17600.46 81.30
17601.62 82.15
17602.78 81.08
17603.94 82.54
17605.10 82.77
17606.26 81.38
17607.43 82.19
17608.60 82.60
17609.76 82.80
17610.92 82.40
17612.08 81.20
17613.23 80.60
17614.39 80.80
17615.55 80.90
17616.71 80.95
17617.89 80.47
17619.06 80.24
17620.22 81.62
17621.39 80.81
17622.55 80.90
17623.71 80.45
17624.89 81.73
17626.06 82.36
17627.22 82.68
17628.39 82.84
17629.55 81.42
17630.72 82.21
17631.90 82.61
17633.07 81.80
17634.23 80.90
17635.39 80.45
17636.55 81.23
17637.72 82.11
17638.90 81.06
17640.06 80.53
17641.22 82.26
17642.39 81.13
17643.55 81.57
17644.72 81.28
17645.90 81.64
17647.06 81.82
17648.22 81.41
17649.39 82.21
17650.55 81.10
17651.72 82.05
17652.89 80.53
17654.06 81.76
17655.22 81.38
17656.39 82.19
17657.55 82.10
17658.72 82.05
17659.90 83.02
17661.05 81.51
17662.21 80.76
17663.38 81.38
17664.55 81.69
17665.71 80.84
17666.89 82.92
17668.05 82.96
17669.21 82.98
17670.38 82.49
17671.55 81.75
17672.71 80.87
17673.89 79.94
17675.06 81.47
17676.22 81.73
17677.39 80.87
17678.55 80.43
17679.72 81.72
17680.90 82.36
17682.06 81.68
17683.22 80.84
17684.39 81.92
17685.55 83.46
17686.72 82.23
17687.90 81.11
17689.06 80.56
17690.22 80.28
17691.39 81.14
17692.55 82.07
17693.71 81.53
17694.89 82.77
17696.06 80.88
17697.22 80.44
17698.39 81.72
17699.55 80.86
17700.72 81.93
17701.90 80.97
17703.06 80.48
17704.22 80.74
17705.39 81.37
17706.55 82.19
17707.72 82.09
17708.89 81.55
17710.06 80.77
17711.23 80.89
17712.39 81.44
17713.56 81.72
17714.73 82.36
17715.91 81.18
17717.07 82.09
17718.23 82.05
17719.39 82.52
17720.56 81.26
17721.73 80.63
17722.91 81.82
17724.07 80.91
17725.23 81.95
17726.40 81.98
17727.56 81.99
17728.73 81.99
17729.91 81.50
17731.07 80.75
17732.23 81.37
17733.40 82.19
17734.56 82.59
17735.73 82.30
17736.91 82.15
17738.07 82.57
17739.23 81.29
17740.40 80.64
17741.56 80.82
17742.73 80.41
17743.91 80.21
17745.08 80.10
17746.23 82.55
17747.40 81.28
17748.56 80.64
17749.73 80.82
17750.91 80.41
17752.07 80.70
17753.23 81.85
17754.39 82.43
17755.56 81.21
17756.73 81.61
17757.91 81.80
17759.07 82.40
17760.23 83.20
17761.39 83.10
17762.55 83.05
17763.70 83.03
17764.86 81.01
17766.02 80.51
17767.18 80.25
17768.35 80.13
17769.52 81.56
17770.69 82.28
17771.86 81.14
17773.02 81.07
17774.18 81.54
17775.34 80.77
17776.51 82.38
17777.68 83.19
17778.85 84.10
17780.01 82.05
17781.17 81.52
17782.34 82.26
17783.50 81.13
17784.66 82.07
17785.83 82.53
17787.00 82.77
17788.15 81.88
17789.32 82.44
17790.49 82.72
17791.66 81.86
17792.83 81.43
17793.99 81.72
17795.16 81.36
17796.33 80.68
17797.50 80.84
17798.66 80.92
17799.83 81.96
17800.99 82.48
17802.15 82.74
17803.32 81.37
17804.49 82.18
17805.66 81.09
17806.82 82.05
17807.98 82.52
17809.15 82.26
17810.31 81.63
17811.48 81.32
17812.65 81.66
17813.82 81.83
17814.99 82.91
17816.15 82.96
17817.32 81.48
17818.49 81.24
17819.66 81.62
17820.83 82.31
17821.99 82.65
17823.16 81.33
17824.33 81.66
17825.50 81.33
17826.66 80.67
17827.83 80.83
17828.99 80.42
17830.16 82.21
17831.33 81.10
17832.50 80.55
17833.66 81.28
17834.83 80.64
17835.99 81.82
17837.16 82.41
17838.33 81.20
17839.50 80.60
17840.66 81.30
17841.82 81.15
17842.99 81.08
17844.15 82.04
17845.31 81.52
17846.48 80.76
17847.65 80.38
17848.82 80.19
17849.99 81.09
17851.15 81.05
17852.31 81.02
17853.48 81.51
17854.65 81.26
17855.82 80.63
17856.99 81.81
17858.15 82.41
17859.32 82.70
17860.48 82.85
17861.64 82.93
17862.81 82.96
17863.98 82.98
17865.14 81.99
17866.31 82.00
17867.47 81.50
17868.62 81.75
17869.79 82.37
17870.96 82.19
17872.13 80.59
17873.30 82.80
17874.46 82.40
17875.62 83.70
17876.78 82.85
17877.95 80.92
17879.12 81.46
17880.29 83.23
17881.46 81.12
17882.62 83.06
17883.78 81.03
17884.94 83.01
17886.10 84.01
17887.26 82.00
17888.42 81.00
17889.58 83.00
17890.74 84.00
17891.91 83.00
17893.07 81.50
17894.23 81.75
17895.39 79.88
17896.57 78.94
17897.74 80.47
17898.91 79.23
17900.08 80.62
17901.24 81.31
17902.41 83.15
17903.58 84.08
17904.74 81.04
17905.91 80.02
17907.07 81.01
17908.23 81.50
17909.39 82.75
17910.56 82.38
17911.73 82.19
17912.91 83.59
17914.07 81.80
17915.23 80.40
17916.39 79.70
17917.55 81.85
17918.72 82.92
17919.90 80.46
17921.06 81.23
17922.22 82.62
17923.39 80.31
17924.55 81.15
17925.72 83.08
17926.89 83.54
17928.05 82.77
17929.22 81.38
17930.39 80.69
17931.55 79.35
17932.72 82.17
17933.90 82.09
17935.05 81.04
17936.20 82.02
17937.35 80.51
17938.52 82.26
17939.69 80.63
17940.86 79.81
17942.02 80.91
17943.18 81.45
17944.35 79.73
17945.52 80.86
17946.68 82.93
17947.84 82.47
17949.01 83.73
17950.17 84.37
17951.34 82.18
17952.50 80.59
17953.66 82.80
17954.83 81.40
17955.99 79.70
17957.15 79.35
17958.31 80.67
17959.48 81.34
17960.65 82.67
17961.82 80.83
17962.99 81.42
17964.16 83.21
17965.33 81.10
17966.49 80.55
17967.66 82.78
17968.83 84.39
17969.99 83.19
17971.16 84.10
17972.32 83.05
17973.48 82.52
17974.65 82.26
17975.82 83.13
17976.99 84.07
17978.15 84.53
17979.32 81.77
17980.49 81.88
17981.65 79.94
17982.82 81.97
17983.99 81.99
17985.15 83.49
17986.32 81.25
17987.49 80.12
17988.66 81.06
17989.82 80.03
17990.98 81.52
17992.15 80.76
17993.31 81.38
17994.48 81.69
17995.64 80.34
17996.81 81.17
17997.98 79.59
17999.15 81.79
18000.31 80.40
18001.47 79.70
18002.63 81.85
18003.80 80.42
18004.96 81.21
18006.14 81.61
18007.31 82.30
18008.47 83.65
18009.64 84.33
18010.81 83.66
18011.98 84.33
18013.15 84.67
18014.31 82.33
18015.48 82.67
18016.65 82.83
18017.82 82.42
18018.99 82.21
18020.15 82.10
18021.31 81.05
18022.47 81.53
18023.64 80.76
18024.81 81.38
18025.98 81.69
18027.14 80.85
18028.31 81.42
18029.47 81.71
18030.64 80.86
18031.81 80.93
18032.98 80.96
18034.14 82.98
18035.31 82.49
18036.47 82.25
18037.64 83.62
18038.81 81.81
18039.98 81.91
18041.15 81.95
18042.31 81.98
18043.48 82.99
18044.64 82.49
18045.81 82.25
18046.99 81.12
18048.15 83.06
18049.31 81.53
18050.48 81.27
18051.65 83.13
18052.82 83.07
18053.98 82.53
18055.15 83.77
18056.32 82.88
18057.49 83.94
18058.65 82.97
18059.82 82.99
18060.99 83.99
18062.15 84.50
18063.31 82.25
18064.48 82.12
18065.65 82.06
18066.81 82.53
18067.98 81.27
18069.15 82.13
18070.31 81.07
18071.48 82.03
18072.64 81.02
18073.80 82.01
18074.96 82.50
18076.12 82.75
18077.29 82.38
18078.46 82.69
18079.62 81.34
18080.79 82.67
18081.95 81.34
18083.12 82.17
18084.29 81.08
18085.45 82.04
18086.61 82.52
18087.78 81.26
18088.95 82.13
18090.12 82.57
18091.29 81.28
18092.46 81.64
18093.62 80.82
18094.79 80.91
18095.96 81.96
18097.13 82.48
18098.31 80.74
18099.47 81.87
18100.64 80.93
18101.81 81.97
18102.98 80.98
18104.14 80.99
18105.31 81.50
18106.47 81.25
18107.64 80.12
18108.81 81.56
18109.98 81.28
18111.15 80.64
18112.31 80.32
18113.48 80.16
18114.65 80.08
18115.81 80.54
18116.98 80.27
18118.15 79.64
18119.32 79.82
18120.49 79.41
18121.66 79.70
18122.82 81.35
18123.99 81.18
18125.15 80.59
18126.32 81.79
18127.49 81.40
18128.65 80.70
18129.81 80.85
18130.98 80.42
18132.15 81.71
18133.31 80.86
18134.48 81.93
18135.65 80.96
18136.82 81.48
18137.99 82.74
18139.15 81.87
18140.32 81.94
18141.49 81.47
18142.66 80.73
18143.83 81.87
18144.99 82.43
18146.16 82.72
18147.34 81.36
18148.50 80.68
18149.66 80.34
18150.83 80.17
18152.00 80.08
18153.15 80.04
18154.31 80.02
18155.48 80.01
18156.64 80.01
18157.81 82.00
18158.97 81.00
18160.13 80.50
18161.29 80.25
18162.46 81.63
18163.62 82.31
18164.79 81.16
18165.96 80.58
18167.13 80.29
18168.30 80.14
18169.46 81.57
18170.62 80.79
18171.79 81.89
18172.95 82.45
18174.12 81.22
18175.29 82.11
18176.46 81.06
18177.62 80.53
18178.78 80.76
18179.94 80.38
18181.12 81.19
18182.29 83.10
18183.45 81.55
18184.62 80.27
18185.78 80.64
18186.95 79.82
18188.12 79.91
18189.29 79.95
18190.46 79.98
18191.62 79.99
18192.79 80.99
18193.95 82.00
18195.10 81.50
18196.26 81.75
18197.43 81.37
18198.60 82.19
18199.76 83.59
18200.93 81.80
18202.09 80.90
18203.24 80.45
18204.41 81.72
18205.58 80.86
18206.76 80.43
18207.92 81.72
18209.09 80.86
18210.25 81.43
18211.42 82.21
18212.58 81.11
18213.76 82.05
18214.92 81.03
18216.08 80.51
18217.24 80.76
18218.41 80.38
18219.58 81.69
18220.75 80.84
18221.92 80.92
18223.10 80.46
18224.26 81.73
18225.42 80.87
18226.59 80.43
18227.76 81.22
18228.93 83.11
18230.10 82.05
18231.26 81.03
18232.42 82.01
18233.58 81.51
18234.76 80.75
18235.92 80.38
18237.09 80.69
18238.25 81.34
18239.42 80.67
18240.58 81.84
18241.75 82.92
18242.92 81.96
18244.09 82.48
18245.25 81.24
18246.42 81.12
18247.58 81.06
18248.75 80.53
18249.92 80.26
18251.09 80.13
18252.25 81.07
18253.41 80.53
18254.58 80.77
18255.75 82.38
18256.92 82.19
18258.09 81.10
18259.25 82.05
18260.41 83.52
18261.58 82.76
18262.75 81.38
18263.92 83.19
18265.10 82.60
18266.26 81.30
18267.42 80.65
18268.58 80.32
18269.75 82.66
18270.92 82.33
18272.09 81.17
18273.25 81.08
18274.41 83.04
18275.57 83.02
18276.74 83.01
18277.91 81.51
18279.08 81.25
18280.24 82.13
18281.41 82.06
18282.57 80.53
18283.75 80.27
18284.91 81.63
18286.08 82.32
18287.24 81.66
18288.41 82.33
18289.58 81.16
18290.75 82.08
18291.91 81.54
18293.08 80.77
18294.24 80.39
18295.41 80.69
18296.58 81.85
18297.75 80.92
18298.92 81.96
18300.09 82.48
18301.25 81.24
18302.42 81.12
18303.58 80.56
18304.75 81.78
18305.92 82.39
18307.09 82.20
18308.25 82.60
18309.41 81.30
18310.57 82.15
18311.75 82.57
18312.91 83.29
18314.08 83.14
18315.24 82.07
18316.41 83.54
18317.58 82.77
18318.75 81.88
18319.91 80.94
18321.08 81.47
18322.24 82.24
18323.41 81.12
18324.58 82.06
18325.75 81.03
18326.91 82.01
18328.07 82.01
18329.23 81.50
18330.39 80.75
18331.56 79.88
18332.74 81.44
18333.91 80.72
18335.07 82.86
18336.23 81.43
18337.40 80.71
18338.56 80.36
18339.74 80.68
18340.91 81.84
18342.07 80.92
18343.23 81.96
18344.40 82.48
18345.56 82.74
18346.74 81.37
18347.91 82.18
18349.07 81.59
18350.23 80.30
18351.40 81.65
18352.56 80.82
18353.74 79.91
18354.91 80.46
18356.07 80.73
18357.24 81.36
18358.41 81.18
18359.58 80.59
18360.75 81.80
18361.91 80.40
18363.07 79.70
18364.23 81.35
18365.40 82.67
18366.56 81.34
18367.74 82.17
18368.91 82.08
18370.07 80.54
18371.23 81.77
18372.39 82.39
18373.56 82.69
18374.74 82.35
18375.91 81.17
18377.07 80.59
18378.23 81.29
18379.40 81.65
18380.56 82.32
18381.74 82.66
18382.91 82.83
18384.07 81.42
18385.23 81.21
18386.40 80.60
18387.56 81.80
18388.72 81.90
18389.89 80.95
18391.06 81.98
18392.22 82.49
18393.39 83.24
18394.55 82.12
18395.72 81.06
18396.89 80.53
18398.06 80.77
18399.23 80.38
18400.40 80.19
18401.56 80.10
18402.74 80.05
18403.90 80.52
18405.06 81.76
18406.22 82.88
18407.39 82.94
18408.55 82.97
18409.72 82.49
18410.90 82.24
18412.06 80.62
18413.22 82.31
18414.39 81.66
18415.55 81.33
18416.72 82.16
18417.90 81.08
18419.05 81.54
18420.21 81.27
18421.38 80.64
18422.55 80.32
18423.71 81.66
18424.89 81.33
18426.06 82.66
18427.22 81.83
18428.39 81.42
18429.55 81.71
18430.72 81.85
18431.90 82.43
18433.06 82.71
18434.22 82.86
18435.39 81.43
18436.55 80.71
18437.73 81.86
18438.90 80.93
18440.06 80.46
18441.23 80.73
18442.39 80.37
18443.56 80.18
18444.74 80.09
18445.90 80.05
18447.06 80.02
18448.22 80.01
18449.38 80.01
18450.54 81.50
18451.70 80.25
18452.87 80.63
18454.04 80.31
18455.20 81.16
18456.36 80.58
18457.53 80.79
18458.70 80.39
18459.86 80.70
18461.02 80.35
18462.18 80.67
18463.35 80.84
18464.52 80.42
18465.69 81.71
18466.86 81.85
18468.02 81.93
18469.18 82.46
18470.35 81.23
18471.52 80.12
18472.69 81.56
18473.86 80.28
18475.03 81.64
18476.19 81.32
18477.36 80.16
18478.53 82.58
18479.70 81.79
18480.86 82.39
18482.02 82.70
18483.18 81.35
18484.35 82.17
18485.52 82.09
18486.68 82.04
18487.84 82.52
18489.01 83.26
18490.17 83.13
18491.34 82.57
18492.50 82.78
18493.66 81.39
18494.83 81.70
18495.99 81.85
18497.15 80.92
18498.32 81.46
18499.49 82.23
18500.66 81.12
18501.83 80.56
18502.99 81.78
18504.15 81.89
18505.32 81.94
18506.49 82.47
18507.66 82.24
18508.83 81.12
18509.99 80.06
18511.15 81.53
18512.32 80.26
18513.49 80.63
18514.66 79.82
18515.83 81.41
18517.00 82.20
18518.15 82.60
18519.31 82.80
18520.47 82.40
18521.63 81.70
18522.79 82.35
18523.96 83.18
18525.13 81.59
18526.30 82.79
18527.46 82.90
18528.62 80.95
18529.78 82.47
18530.94 82.74
18532.11 81.87
18533.28 82.93
18534.45 83.47
18535.62 83.23
18536.78 81.12
18537.95 81.06
18539.11 82.03
18540.28 81.51
18541.45 82.26
18542.62 82.63
18543.78 81.81
18544.95 80.41
18546.12 81.70
18547.28 82.35
18548.45 81.68
18549.62 80.84
18550.79 80.92
18551.95 81.46
18553.12 81.73
18554.29 81.86
18555.46 80.93
18556.62 80.47
18557.79 80.23
18558.97 81.12
18560.14 80.56
18561.31 80.28
18562.47 82.14
18563.64 83.07
18564.80 82.53
18565.96 82.77
18567.13 81.38
18568.30 82.69
18569.46 81.35
18570.62 80.67
18571.79 81.84
18572.96 80.92
18574.13 80.46
18575.30 82.23
18576.46 81.11
18577.62 80.06
18578.78 79.53
18579.95 81.26
18581.12 80.63
18582.29 80.82
18583.46 80.41
18584.62 80.20
18585.78 81.60
18586.94 82.30
18588.10 82.65
18589.26 82.83
18590.43 82.91
18591.60 82.96
18592.77 82.98
18593.93 81.49
18595.10 83.24
18596.26 83.12
18597.42 82.06
18598.58 82.53
18599.75 82.27
18600.92 81.13
18602.09 80.57
18603.25 80.28
18604.42 81.64
18605.58 81.32
18606.75 80.66
18607.92 80.83
18609.09 80.42
18610.25 80.71
18611.42 81.85
18612.58 80.93
18613.75 80.46
18614.92 81.73
18616.09 82.87
18617.25 81.43
18618.42 80.72
18619.58 81.86
18620.75 80.93
18621.91 82.46
18623.08 81.23
18624.24 82.12
18625.41 81.06
18626.57 82.03
18627.74 81.01
18628.90 80.51
18630.06 82.25
18631.22 81.63
18632.39 82.31
18633.55 83.16
18634.73 83.08
18635.90 81.54
18637.06 82.27
18638.22 84.13
18639.39 83.57
18640.55 83.28
18641.73 81.64
18642.90 80.82
18644.06 80.41
18645.22 80.71
18646.39 80.85
18647.55 81.93
18648.73 80.96
18649.90 81.98
18651.06 80.99
18652.22 81.50
18653.38 80.75
18654.55 81.87
18655.73 80.94
18656.89 80.97
18658.05 81.98
18659.21 82.49
18660.38 82.75
18661.55 82.37
18662.72 81.19
18663.89 83.59
18665.05 81.80
18666.20 82.40
18667.35 81.20
18668.51 81.10
18669.67 80.05
18670.83 80.52
18672.00 81.76
18673.15 81.88
18674.32 82.44
18675.49 81.22
18676.66 81.11
18677.83 81.06
18678.99 80.53
18680.16 79.76
18681.33 79.88
18682.50 80.44
18683.66 82.72
18684.83 80.86
18685.99 81.93
18687.16 81.97
18688.33 80.48
18689.50 83.24
18690.66 82.12
18691.83 82.56
18692.99 81.78
18694.15 80.89
18695.32 82.95
18696.49 82.97
18697.65 82.99
18698.82 82.49
18699.99 81.25
18701.15 82.12
18702.33 82.56
18703.50 81.28
18704.66 80.64
18705.83 80.32
18706.99 81.66
18708.16 80.83
18709.33 80.42
18710.50 80.21
18711.67 80.10
18712.83 81.05
18713.99 80.53
18715.16 80.76
18716.33 82.88
18717.50 81.94
18718.66 80.97
18719.83 80.49
18720.99 81.24
18722.15 82.62
18723.32 81.31
18724.49 81.16
18725.66 82.58
18726.83 82.79
18727.99 80.89
18729.15 80.45
18730.32 81.72
18731.49 81.36
18732.66 81.18
18733.83 80.59
18734.99 80.80
18736.15 80.40
18737.31 80.20
18738.48 81.60
18739.64 81.30
18740.80 81.15
18741.96 82.57
18743.13 82.29
18744.30 82.14
18745.47 82.57
18746.63 81.29
18747.80 81.14
18748.96 81.57
18750.13 80.79
18751.30 81.39
18752.46 82.20
18753.62 82.60
18754.78 82.80
18755.94 82.90
18757.10 82.95
18758.26 81.47
18759.42 80.74
18760.59 81.87
18761.75 80.93
18762.92 81.97
18764.09 80.98
18765.25 81.99
18766.42 81.00
18767.58 81.50
18768.74 80.25
18769.91 80.12
18771.08 81.56
18772.24 81.28
18773.41 80.64
18774.58 81.82
18775.75 80.91
18776.91 80.46
18778.08 80.23
18779.24 81.61
18780.41 82.31
18781.58 81.65
18782.75 81.33
18783.91 80.66
18785.08 81.83
18786.24 80.92
18787.41 80.46
18788.58 79.73
18789.75 80.36
18790.91 80.18
18792.08 80.59
18793.24 81.80
18794.40 80.40
18795.56 82.20
18796.73 82.60
18797.90 83.30
18799.06 83.15
18800.23 83.07
18801.39 81.54
18802.56 81.27
18803.74 82.13
18804.91 82.57
18806.07 82.78
18807.23 82.89
18808.40 80.95
18809.56 82.97
18810.74 80.99
18811.91 81.99
18813.07 80.50
18814.23 82.75
18815.40 81.37
18816.56 80.69
18817.74 82.84
18818.91 82.92
18820.07 81.46
18821.24 82.73
18822.41 81.37
18823.58 80.68
18824.75 81.34
18825.91 80.67
18827.07 80.84
18828.23 81.92
18829.40 81.46
18830.56 81.23
18831.74 82.11
18832.91 81.06
18834.07 81.03
18835.23 81.01
18836.40 82.51
18837.56 83.25
18838.74 81.63
18839.91 81.81
18841.07 82.41
18842.23 81.20
18843.39 80.60
18844.55 80.30
18845.72 80.65
18846.89 81.83
18848.06 82.41
18849.22 82.71
18850.39 82.85
18851.55 81.93
18852.73 80.46
18853.90 81.73
18855.06 83.37
18856.22 83.68
18857.39 83.34
18858.55 81.17
18859.73 80.59
18860.90 80.29
18862.06 80.15
18863.23 80.07
18864.39 81.04
18865.55 80.52
18866.73 82.26
18867.90 82.13
18869.07 82.06
18870.23 82.53
18871.39 80.77
18872.56 80.38
18873.73 81.69
18874.90 82.35
18876.07 81.17
18877.23 80.59
18878.40 80.29
18879.56 80.15
18880.73 80.07
18881.90 80.54
18883.06 80.27
18884.22 80.13
18885.39 81.57
18886.55 82.28
18887.73 82.14
18888.90 82.07
18890.05 81.04
18891.21 80.52
18892.38 82.26
18893.55 82.63
18894.72 82.81
18895.89 81.41
18897.06 82.20
18898.22 82.60
18899.38 81.30
18900.54 81.15
18901.72 80.58
18902.88 80.29
18904.06 80.14
18905.22 81.07
18906.38 83.04
18907.54 82.52
18908.71 82.26
18909.88 82.63
18911.05 80.81
18912.21 81.91
18913.38 81.95
18914.55 82.48
18915.72 82.74
18916.89 81.37
18918.06 81.18
18919.22 80.59
18920.39 80.80
18921.55 80.40
18922.71 81.70
18923.88 80.85
18925.05 80.42
18926.21 81.21
18927.38 81.11
18928.55 80.05
18929.71 81.53
18930.88 81.26
18932.05 82.13
18933.21 82.57
18934.38 82.78
18935.55 81.39
18936.73 80.70
18937.89 80.85
18939.06 80.42
18940.22 80.21
18941.39 80.11
18942.56 80.05
18943.73 81.53
18944.90 81.76
18946.06 80.88
18947.22 80.94
18948.39 80.47
18949.55 82.24
18950.73 83.12
18951.90 83.06
18953.06 82.03
18954.22 82.01
18955.39 81.01
18956.55 80.50
18957.72 80.75
18958.89 80.88
18960.06 80.94
18961.22 80.47
18962.39 80.23
18963.55 83.12
18964.73 83.56
18965.90 81.78
18967.06 82.89
18968.22 81.94
18969.39 82.47
18970.55 82.74
18971.73 82.87
18972.90 82.43
18974.06 81.22
18975.22 80.11
18976.39 80.05
18977.55 80.03
18978.72 82.01
18979.88 81.01
18981.04 83.00
18982.19 82.50
18983.35 82.75
18984.52 81.88
18985.69 81.44
18986.86 80.72
18988.04 80.86
18989.20 80.93
18990.36 81.46
18991.53 80.23
18992.70 79.62
18993.87 80.31
18995.04 80.65
18996.20 80.33
18997.37 81.66
18998.54 82.33
18999.71 82.17
19000.89 81.08
19002.05 80.54
19003.21 80.27
19004.38 82.14
19005.55 82.57
19006.72 82.28
19007.89 80.64
19009.06 81.82
19010.22 80.91
19011.39 80.46
19012.55 80.73
19013.73 80.86
19014.90 81.93
19016.06 80.97
19017.22 80.48
19018.39 81.74
19019.55 80.87
19020.73 81.94
19021.90 82.47
19023.06 81.23
19024.22 80.62
19025.39 80.31
19026.55 81.15
19027.73 81.58
19028.90 80.79
19030.06 81.89
19031.22 81.45
19032.39 80.22
19033.55 80.11
19034.73 81.56
19035.90 81.78
19037.06 82.39
19038.22 82.19
19039.39 81.10
19040.55 81.55
19041.73 83.27
19042.90 81.14
19044.06 82.07
19045.22 83.03
19046.38 81.52
19047.55 82.26
19048.73 81.63
19049.90 81.31
19051.06 80.16
19052.23 80.08
19053.39 80.04
19054.55 81.02
19055.72 81.01
19056.89 82.00
19058.04 81.00
19059.19 81.00
19060.35 83.00
19061.51 83.00
19062.67 84.00
19063.84 82.00
19064.99 82.50
19066.15 81.75
19067.32 80.88
19068.50 81.94
19069.66 81.47
19070.83 81.23
19072.00 80.62
19073.15 82.31
19074.32 82.65
19075.49 81.33
19076.66 81.16
19077.83 80.58
19078.99 80.79
19080.15 80.40
19081.32 81.70
19082.48 81.85
19083.65 81.42
19084.82 80.21
19085.99 80.11
19087.16 82.05
19088.32 82.53
19089.49 81.76
19090.66 82.38
19091.83 81.19
19092.99 82.60
19094.15 81.30
19095.32 81.15
19096.49 82.57
19097.66 81.29
19098.83 80.64
19100.00 80.82
19101.15 80.41
19102.32 80.21
19103.50 80.10
19104.66 80.05
19105.82 80.03
19106.99 81.01
19108.15 80.01
19109.32 80.50
19110.48 80.75
19111.65 80.38
19112.82 80.69
19113.99 81.34
19115.15 80.67
19116.32 80.84
19117.49 80.92
19118.66 80.96
19119.83 81.98
19121.00 82.49
19122.15 82.24
19123.33 81.12
19124.50 81.06
19125.66 82.03
19126.82 81.02
19127.99 82.01
19129.15 81.00
19130.31 80.50
19131.48 79.75
19132.65 81.38
19133.82 81.19
19134.99 82.09
19136.15 81.05
19137.31 81.02
19138.48 80.51
19139.65 80.26
19140.82 81.63
19141.99 82.31
19143.15 80.66
19144.32 80.33
19145.49 81.66
19146.66 80.83
19147.83 81.92
19149.00 81.46
19150.16 80.23
19151.33 81.61
19152.50 82.81
19153.66 81.40
19154.83 81.20
19155.99 81.10
19157.15 82.05
19158.31 81.03
19159.48 82.01
19160.64 81.51
19161.81 80.75
19162.98 81.88
19164.15 80.94
19165.32 81.47
19166.49 82.23
19167.66 81.62
19168.83 82.31
19170.00 82.15
19171.16 81.08
19172.32 81.54
19173.50 82.27
19174.66 81.13
19175.84 82.07
19177.00 83.03
19178.15 83.02
19179.32 81.51
19180.49 80.75
19181.66 80.38
19182.83 80.69
19184.00 81.84
19185.15 82.42
19186.32 81.21
19187.49 80.11
19188.66 80.05
19189.83 81.53
19191.00 80.26
19192.16 80.13
19193.33 79.57
19194.50 82.78
19195.66 81.89
19196.83 80.45
19198.00 81.72
19199.16 80.86
19200.33 80.43
19201.50 80.22
19202.66 81.11
19203.84 82.05
19205.00 82.03
19206.15 82.51
19207.32 82.76
19208.49 82.38
19209.66 81.69
19210.83 82.34
19212.00 82.17
19213.15 80.59
19214.33 80.29
19215.50 80.15
19216.66 80.07
19217.83 81.04
19218.99 82.02
19220.15 81.01
19221.31 83.00
19222.47 83.00
19223.62 83.00
19224.78 83.00
19225.94 82.00
19227.09 80.50
19228.24 82.25
19229.41 82.63
19230.58 82.81
19231.75 82.91
19232.92 82.95
19234.08 81.48
19235.24 82.24
19236.41 81.12
19237.58 81.56
19238.75 81.78
19239.91 80.89
19241.08 80.44
19242.24 80.22
19243.41 80.11
19244.58 80.06
19245.74 80.03
19246.90 81.51
19248.06 81.76
19249.22 81.38
19250.39 80.69
19251.55 81.34
19252.72 81.67
19253.89 80.34
19255.06 80.17
19256.22 81.58
19257.39 81.29
19258.55 82.15
19259.72 82.07
19260.88 81.04
19262.04 82.02
19263.19 82.01
19264.35 81.00
19265.50 81.00
19266.66 80.50
19267.82 80.25
19268.99 81.63
19270.15 81.81
19271.32 80.91
19272.49 81.95
19273.65 82.98
19274.82 81.49
19275.99 80.74
19277.15 81.87
19278.32 80.94
19279.49 80.47
19280.66 82.23
19281.83 81.62
19283.00 82.31
19284.16 82.15
19285.33 81.58
19286.50 80.29
19287.66 81.64
19288.83 80.82
19290.00 79.91
19291.15 81.46
19292.32 81.73
19293.49 81.36
19294.66 82.18
19295.83 81.09
19296.99 80.55
19298.16 80.27
19299.34 80.14
19300.50 79.57
19301.66 81.28
19302.84 81.64
19304.00 81.32
19305.15 81.16
19306.32 80.58
19307.49 80.29
19308.66 80.65
19309.84 82.32
19311.01 81.66
19312.17 82.33
19313.34 80.67
19314.50 80.83
19315.66 80.92
19316.84 80.46
19318.01 81.73
19319.17 83.36
19320.34 81.68
19321.50 81.34
19322.66 82.17
19323.84 81.59
19325.01 81.29
19326.17 81.15
19327.34 80.57
19328.50 81.79
19329.66 81.39
19330.84 81.20
19332.00 80.60
19333.15 80.80
19334.31 80.90
19335.47 81.95
19336.64 80.47
19337.81 80.24
19338.98 81.12
19340.15 80.06
19341.32 80.53
19342.49 80.76
19343.66 81.38
19344.83 80.69
19346.00 81.85
19347.15 81.42
19348.32 80.71
19349.50 80.36
19350.66 81.68
19351.83 81.34
19353.00 80.67
19354.15 80.33
19355.32 80.17
19356.49 81.58
19357.66 82.29
19358.84 81.65
19360.01 80.32
19361.17 80.16
19362.34 81.58
19363.50 80.29
19364.66 79.65
19365.84 79.82
19367.01 81.41
19368.17 82.21
19369.34 80.60
19370.50 82.30
19371.66 82.65
19372.83 81.33
19374.00 82.16
19375.15 82.58
19376.32 83.29
19377.49 83.15
19378.66 83.07
19379.83 82.54
19380.99 82.77
19382.16 81.88
19383.33 82.44
19384.50 82.22
19385.66 81.61
19386.84 81.81
19388.01 81.90
19389.16 82.45
19390.33 81.23
19391.50 83.11
19392.66 83.06
19393.83 83.53
19395.00 81.76
19396.15 80.88
19397.32 80.44
19398.49 82.72
19399.66 82.86
19400.84 82.43
19402.01 82.22
19403.18 82.11
19404.34 81.55
19405.51 81.28
19406.68 82.14
19407.86 81.07
19409.02 80.53
19410.18 81.77
19411.35 81.88
19412.51 80.94
19413.68 80.47
19414.86 80.24
19416.02 80.12
19417.18 80.56
19418.35 79.78
19419.52 81.39
19420.70 82.19
19421.86 81.60
19423.02 81.80
19424.18 80.90
19425.34 81.45
19426.50 81.22
19427.66 80.61
19428.84 79.81
19430.01 80.40
19431.17 80.20
19432.33 81.10
19433.49 81.05
19434.65 81.53
19435.83 82.26
19436.99 82.63
19438.16 83.82
19439.33 83.41
19440.50 83.70
19441.66 81.85
19442.84 80.93
19444.01 80.46
19445.17 80.23
19446.34 81.12
19447.50 81.06
19448.66 80.03
19449.83 80.51
19451.01 81.76
19452.17 80.88
19453.34 81.44
19454.50 80.72
19455.66 80.36
19456.84 81.68
19458.00 82.34
19459.15 81.67
19460.32 80.83
19461.49 82.92
19462.66 80.96
19463.83 80.98
19464.99 81.99
19466.15 81.99
19467.32 82.00
19468.48 81.50
19469.64 80.75
19470.81 81.87
19471.98 80.44
19473.15 81.72
19474.31 81.86
19475.48 81.43
19476.65 81.21
19477.83 81.11
19479.00 81.55
19480.15 80.78
19481.32 81.89
19482.49 80.44
19483.66 80.22
19484.83 81.61
19486.00 81.31
19487.16 82.15
19488.33 82.08
19489.49 82.54
19490.66 82.77
19491.84 82.88
19493.00 82.94
19494.15 82.97
19495.32 83.99
19496.49 83.49
19497.66 83.75
19498.83 81.87
19500.00 80.94
19501.15 81.97
19502.32 80.98
19503.49 80.49
19504.66 80.25
19505.83 80.62
19507.00 80.31
19508.16 81.16
19509.33 80.58
19510.50 80.29
19511.66 80.14
19512.83 80.07
19513.99 80.54
19515.16 81.77
19516.33 83.38
19517.50 81.69
19518.66 81.85
19519.83 82.42
19521.00 80.71
19522.15 81.86
19523.32 82.43
19524.49 82.21
19525.66 81.11
19526.84 82.05
19528.00 83.03
19529.15 81.01
19530.31 81.51
19531.48 81.25
19532.65 81.13
19533.83 82.06
19534.99 82.53
19536.16 80.77
19537.33 81.88
19538.50 80.94
19539.66 79.97
19540.83 80.49
19542.01 81.74
19543.17 81.87
19544.34 81.94
19545.50 81.47
19546.66 82.23
19547.84 82.62
19549.01 81.31
19550.18 81.15
19551.35 82.08
19552.51 81.04
19553.67 80.52
19554.85 82.26
19556.02 81.13
19557.18 80.56
19558.35 82.28
19559.52 80.64
19560.70 80.82
19561.86 80.41
19563.02 80.21
19564.19 80.10
19565.35 81.55
19566.52 80.28
19567.70 80.14
19568.86 79.57
19570.03 80.78
19571.19 80.39
19572.36 81.20
19573.52 82.10
19574.68 82.55
19575.86 82.77
19577.02 82.89
19578.18 81.94
19579.35 81.47
19580.52 82.74
19581.70 81.37
19582.86 82.18
19584.02 82.59
19585.18 81.30
19586.34 80.65
19587.51 80.32
19588.68 82.16
19589.86 81.08
19591.02 80.04
19592.18 81.02
19593.34 81.01
19594.50 82.01
19595.66 83.00
19596.83 83.00
19597.99 83.50
19599.15 82.75
19600.31 81.38
19601.48 82.19
19602.65 80.59
19603.83 80.30
19604.99 81.65
19606.16 81.32
19607.33 80.16
19608.50 81.58
19609.66 81.29
19610.83 82.15
19612.00 82.57
19613.15 81.29
19614.32 81.14
19615.49 82.07
19616.65 81.54
19617.83 80.77
19618.99 80.38
19620.16 80.69
19621.33 80.35
19622.50 81.17
19623.66 81.59
19624.83 82.29
19626.00 82.15
19627.16 82.07
19628.32 82.54
19629.49 83.27
19630.66 81.13
19631.83 80.07
19632.99 82.03
19634.15 81.02
19635.32 80.51
19636.49 80.75
19637.66 81.88
19638.83 82.44
19640.00 82.72
19641.15 83.36
19642.32 81.68
19643.49 80.84
19644.66 79.92
19645.83 80.46
19647.00 80.73
19648.15 81.36
19649.32 80.68
19650.49 81.84
19651.65 81.42
19652.83 82.21
19653.99 82.61
19655.16 81.80
19656.32 80.90
19657.48 81.95
19658.64 81.98
19659.82 82.49
19660.99 81.24
19662.15 80.62
19663.32 81.81
19664.49 81.91
19665.66 80.45
19666.83 81.23
19668.00 81.61
19669.15 82.31
19670.32 82.15
19671.49 82.58
19672.66 82.79
19673.83 81.39
19675.00 80.20
19676.16 80.60
19677.32 81.80
19678.48 82.40
19679.64 81.20
19680.80 80.60
19681.95 80.80
19683.11 81.40
19684.27 80.70
19685.43 81.85
19686.60 81.92
19687.76 81.46
19688.93 81.23
19690.10 81.12
19691.26 80.06
19692.42 79.53
19693.59 80.26
19694.76 81.63
19695.93 81.32
19697.10 83.16
19698.26 84.08
19699.42 82.04
19700.58 81.52
19701.76 82.26
19702.93 81.13
19704.10 82.06
19705.26 83.03
19706.42 83.02
19707.58 81.01
19708.75 81.00
19709.90 80.00
19711.05 81.00
19712.20 82.50
19713.35 81.75
19714.52 80.88
19715.70 79.94
19716.86 80.47
19718.02 81.73
19719.18 80.87
19720.35 80.93
19721.52 79.97
19722.70 81.48
19723.86 80.74
19725.02 81.87
19726.18 80.94
19727.36 80.47
19728.53 80.23
19729.70 81.12
19730.86 80.06
19732.02 80.53
19733.18 80.26
19734.35 80.13
19735.52 80.07
19736.69 80.53
19737.86 81.77
19739.02 80.88
19740.18 80.44
19741.35 80.22
19742.52 81.61
19743.70 81.81
19744.86 80.90
19746.02 80.45
19747.18 80.73
19748.35 80.86
19749.52 80.43
19750.70 80.72
19751.86 81.86
19753.03 82.43
19754.19 81.21
19755.36 80.11
19756.53 81.55
19757.70 80.78
19758.86 81.89
19760.02 82.44
19761.18 81.22
19762.35 82.11
19763.52 82.56
19764.70 81.78
19765.86 80.89
19767.02 79.94
19768.18 80.97
19769.35 79.99
19770.52 79.99
19771.70 80.00
19772.85 81.50
19774.01 82.25
19775.17 81.12
19776.34 81.06
19777.50 80.53
19778.66 82.27
19779.83 81.13
19781.00 80.57
19782.15 80.28
19783.32 82.14
19784.49 81.07
19785.65 80.54
19786.83 80.27
19787.99 80.63
19789.16 82.82
19790.33 81.41
19791.50 80.70
19792.66 81.85
19793.83 80.93
19795.00 80.46
19796.15 80.73
19797.32 80.37
19798.49 81.68
19799.66 82.84
19800.83 82.92
19802.00 81.96
19803.15 80.98
19804.32 81.99
19805.49 81.00
19806.65 82.00
19807.82 81.00
19808.98 82.00
19810.13 82.50
19811.30 81.75
19812.46 81.87
19813.62 81.44
19814.79 80.72
19815.96 81.86
19817.13 80.93
19818.30 82.46
19819.46 82.23
19820.62 82.62
19821.79 81.31
19822.96 81.15
19824.13 83.08
19825.29 81.54
19826.46 80.77
19827.62 80.38
19828.79 80.19
19829.96 81.60
19831.12 80.80
19832.28 80.40
19833.44 81.70
19834.60 81.35
19835.76 83.17
19836.94 82.59
19838.10 82.79
19839.26 81.40
19840.42 82.20
19841.58 82.60
19842.75 81.30
19843.91 80.65
19845.07 81.32
19846.23 82.66
19847.40 81.83
19848.56 82.92
19849.73 80.96
19850.90 80.48
19852.06 81.24
19853.22 80.62
19854.39 81.81
19855.55 80.90
19856.71 81.95
19857.88 82.48
19859.04 82.74
19860.20 81.37
19861.36 83.18
19862.54 82.09
19863.70 81.05
19864.86 82.02
19866.02 81.01
19867.18 82.01
19868.34 81.00
19869.50 80.50
19870.66 81.75
19871.83 80.88
19873.00 82.44
19874.15 81.22
19875.32 82.11
19876.49 83.05
19877.65 82.03
19878.83 81.51
19879.99 81.26
19881.16 80.63
19882.33 80.31
19883.50 80.16
19884.66 81.58
19885.84 80.79
19887.01 79.89
19888.17 79.45
19889.34 80.72
19890.50 82.36
19891.66 83.68
19892.84 81.84
19894.01 80.92
19895.17 81.96
19896.34 80.98
19897.50 82.99
19898.66 83.00
19899.83 81.50
19900.99 82.25
19902.16 81.12
19903.33 81.06
19904.50 81.03
19905.66 80.52
19906.83 81.26
19908.00 82.63
19909.15 81.81
19910.32 80.91
19911.49 79.95
19912.66 79.98
19913.83 81.49
19915.00 80.74
19916.15 81.87
19917.32 82.44
19918.49 81.22
19919.66 82.11
19920.84 81.05
19922.00 81.03
19923.15 80.51
19924.32 81.26
19925.49 82.63
19926.66 80.81
19927.83 81.91
19929.00 82.45
19930.15 81.23
19931.32 82.61
19932.49 81.81
19933.66 82.90
19934.83 80.95
19935.99 80.48
19937.16 80.24
19938.33 80.12
19939.50 80.06
19940.66 81.53
19941.83 80.76
19943.00 81.38
19944.15 82.19
19945.32 81.10
19946.50 82.05
19947.66 81.02
19948.83 81.51
19950.00 81.76
19951.16 82.38
19952.33 82.69
19953.50 81.84
19954.66 80.42
19955.84 80.71
19957.01 83.36
19958.18 82.68
19959.34 81.84
19960.51 80.92
19961.69 81.96
19962.86 80.98
19964.03 80.49
19965.19 80.24
19966.36 81.62
19967.53 80.81
19968.70 81.41
19969.86 82.20
19971.02 82.10
19972.18 82.05
19973.34 82.03
19974.50 82.51
19975.66 82.26
19976.84 82.63
19978.01 81.31
19979.18 83.16
19980.34 81.58
19981.51 80.79
19982.69 79.89
19983.86 79.95
19985.02 79.47
19986.18 81.24
19987.35 82.62
19988.52 83.81
19989.70 81.40
19990.86 81.20
19992.02 82.10
19993.18 81.05
19994.34 80.53
19995.50 80.26
19996.68 80.13
19997.85 81.57
19999.02 80.78
20000.18 81.89
20001.34 80.95
20002.51 79.97
20003.69 79.99
20004.86 81.99
20006.02 84.00
20007.18 83.00
20008.34 83.00
20009.50 81.00
20010.65 80.00
20011.82 80.50
20012.98 80.25
20014.15 81.62
20015.31 82.31
20016.48 82.16
20017.65 84.08
20018.82 82.54
20019.99 81.27
20021.15 80.63
20022.32 81.82
20023.49 80.91
20024.66 81.45
20025.83 80.73
20027.00 79.86
20028.15 81.43
20029.32 81.72
20030.49 82.86
20031.66 81.93
20032.83 80.96
20034.00 80.48
20035.15 80.24
20036.32 80.62
20037.49 80.31
20038.66 79.66
20039.84 79.83
20041.01 80.41
20042.17 81.21
20043.34 82.60
20044.50 81.30
20045.66 80.65
20046.84 80.83
20048.01 80.91
20049.17 80.46
20050.34 82.23
20051.50 82.11
20052.66 82.06
20053.83 81.53
20055.00 81.26
20056.15 82.13
20057.32 84.07
20058.48 82.53
20059.65 81.77
20060.83 80.88
20061.99 80.44
20063.16 81.72
20064.33 82.36
20065.50 81.18
20066.66 82.09
20067.83 82.05
20068.99 82.52
20070.16 82.26
20071.33 82.13
20072.50 80.57
20073.66 80.28
20074.84 80.64
20076.01 80.32
20077.17 81.66
20078.34 80.83
