0.0 2.15808437172
1.16 1.82780363309
2.33 2.22939498574
3.5 2.24065455637
4.67 1.68142921483
5.83 1.77901216034
7.0 2.20312265426
8.17 2.04173547515
9.33 2.33448431166
10.5 1.73022068758
11.67 1.61387179102
12.83 2.1205524696
14.0 2.37576940399
15.17 2.31196517039
16.33 1.90662062753
17.49 2.26692688785
18.65 1.88410148626
19.81 1.69268878547
20.98 1.97417805134
22.15 1.36240804684
23.32 1.80528449182
24.48 1.65515688335
25.66 1.57633988891
26.82 1.53880798679
27.99 1.33238252515
29.16 1.41870590002
30.32 1.45999099234
31.49 1.10343792223
32.66 1.30235700345
33.83 1.40369313917
35.0 1.07716559075
36.16 0.912025221438
37.33 0.833208226993
38.5 0.979582645248
39.67 1.80153130161
40.82 1.65140369314
41.98 2.13931842066
43.14 2.38327578442
44.31 2.31947155082
45.48 1.53505479658
46.64 1.32862933493
47.82 1.4149527098
48.99 1.08467197118
50.16 0.91577841165
51.32 1.20852724816
52.49 1.35490166642
53.66 1.42996547065
54.83 1.08842516139
56.0 1.10719111245
57.16 1.30611019366
58.33 1.96667167092
59.5 1.54631436721
60.67 1.52379522594
61.83 1.70019516589
63.0 1.22354000901
64.16 1.36240804684
65.33 1.99669719261
66.5 1.37366761747
67.67 1.43747185107
68.83 1.46749737277
70.0 1.11094430266
71.16 0.930791172497
72.33 1.21603362858
73.5 1.54631436721
74.67 2.08677375769
75.83 2.16934394235
77.0 1.45999099234
78.16 1.85407596457
79.32 1.67767602462
80.49 2.1543311815
81.66 1.82780363309
82.83 2.22564179553
84.0 1.67767602462
85.16 1.21228043837
86.33 0.98333583546
87.5 1.61762498123
88.67 1.55757393785
89.83 1.1559825852
91.0 1.32862933493
92.16 1.03963368864
93.33 1.45623780213
94.5 2.04173547515
95.67 1.77150577991
96.83 1.44873142171
98.0 1.28734424261
99.16 1.39618675874
100.33 1.63639093229
101.5 1.56883350848
102.67 1.53505479658
103.83 1.14096982435
104.99 1.13346344393
106.15 1.88034829605
107.31 1.3173697643
108.48 1.2197868188
109.64 1.55006755742
110.81 1.33613571536
111.98 1.41870590002
113.15 1.27233148176
114.32 1.01336135715
115.48 1.25731872091
116.65 4.00465395586
117.82 5.56973427413
118.99 6.91337636991
120.16 8.14817594956
121.36 8.57603963369
122.57 9.5443627083
123.78 9.46179252365
124.99 9.7995796427
126.19 10.5276985438
127.39 11.0831706951
128.59 10.4188560276
129.81 10.2762347996
131.02 10.7679027173
132.22 10.2649752289
133.42 10.9480558475
134.64 11.2933493469
135.83 10.7116048641
137.04 10.6102687284
138.25 10.3738177451
139.45 11.0043537006
140.66 10.7566431467
141.87 10.6327878697
143.07 11.1319621678
144.27 10.8204473803
145.47 10.478907071
146.67 11.0568983636
147.87 11.3458940099
149.07 11.488515238
150.27 11.0006005104
151.48 10.7528899565
152.68 10.6327878697
153.89 10.5689836361
155.1 10.5389581144
156.3 10.5239453536
157.51 10.5164389731
158.71 10.5126857829
159.91 10.5126857829
161.11 10.6965921033
162.32 10.602762348
163.53 10.9330430866
164.75 11.2820897763
165.95 10.8955111845
167.15 11.2670770155
168.35 11.4509833358
169.56 11.1657408797
170.77 11.2145323525
171.97 11.0493919832
173.17 11.3421408197
174.36 10.9255367062
175.57 10.7153580543
176.78 10.6140219186
178.0 10.9367962768
179.2 11.2858429665
180.4 10.8955111845
181.6 11.2670770155
182.81 10.8880048041
184.01 10.6965921033
185.21 10.7904218586
186.41 10.6515538207
187.63 10.5802432067
188.83 10.7303708152
190.04 10.6215282991
191.24 10.5652304459
192.44 10.5352049242
193.64 10.5239453536
194.84 10.8917579943
196.04 10.7003452935
197.25 10.602762348
198.46 10.5577240655
199.67 10.9067707551
200.86 10.7078516739
202.06 10.6102687284
203.27 11.1207025972
204.48 11.1920132112
205.68 11.4134514337
206.89 10.9593154181
208.09 10.7341240054
209.29 10.6215282991
210.49 10.5652304459
211.7 11.1019366461
212.91 10.8054346194
214.11 10.655307011
215.32 11.1469749287
216.51 10.8279537607
217.72 10.6665665816
218.93 10.5877495871
220.14 10.9255367062
221.35 10.7153580543
222.56 10.8016814292
223.77 10.655307011
224.97 10.7679027173
226.17 11.2032727819
227.36 10.8542260922
228.57 10.869238853
229.78 10.8767452334
230.98 10.6928389131
232.19 10.602762348
233.39 10.9292898964
234.59 11.2820897763
235.8 11.4584897163
237.01 10.9855877496
238.22 10.745383576
239.43 10.6290346795
240.64 10.9443026573
241.84 10.726617625
243.05 10.99309413
244.25 10.7491367663
245.45 10.8166941901
246.65 11.0381324126
247.86 10.7754090977
249.07 10.6402942501
250.27 11.1394685483
251.47 11.3871791022
252.67 11.1357153581
253.87 10.8204473803
255.07 10.6665665816
256.27 10.5877495871
257.47 10.5464644948
258.67 10.5276985438
259.86 10.5201921633
261.06 10.7003452935
262.26 10.6065155382
263.46 10.745383576
264.67 10.6252814893
265.87 10.9443026573
267.08 11.2895961567
268.27 11.0869238853
269.48 10.797928239
270.68 10.8392133313
271.88 10.674072962
273.1 10.7791622879
274.3 10.6440474403
275.51 10.7641495271
276.71 10.8242005705
277.91 10.6665665816
279.11 11.1507281189
280.32 11.2070259721
281.53 10.8579792824
282.75 11.0568983636
283.95 11.3458940099
285.16 11.116949407
286.37 11.3759195316
287.58 10.940549467
288.79 11.1019366461
290.0 11.3684131512
291.21 10.9367962768
292.41 11.2858429665
293.62 10.7116048641
294.83 10.9855877496
296.03 10.745383576
297.24 11.1920132112
298.44 11.0381324126
299.65 11.3346344393
300.86 11.2971025372
302.06 10.9030175649
303.26 10.7078516739
304.46 10.6065155382
305.67 10.745383576
306.87 11.1920132112
308.08 11.4134514337
309.28 10.9593154181
310.48 10.921783516
311.68 11.2783365861
312.88 10.8955111845
314.09 10.7003452935
315.3 11.16949407
316.51 10.8392133313
317.72 8.60981834559
318.92 6.5568232998
320.09 5.5284491818
321.26 4.45503678126
322.42 3.7269178802
323.59 3.74193064104
324.76 2.80738627834
325.93 2.71730971326
327.1 2.10929289896
328.27 1.80528449182
329.43 2.2181354151
330.59 2.42080768653
331.77 2.52589701246
332.93 2.57468848521
334.1 2.22564179553
335.27 2.42831406696
336.43 1.96291848071
337.61 1.7339738778
338.78 1.61762498123
339.95 1.55757393785
341.11 2.09428013812
342.28 1.79777811139
343.45 2.0229695241
344.63 1.76399939949
345.8 2.19561627383
346.97 2.03422909473
348.13 2.33073112145
349.3 1.91788019817
350.48 2.08302056748
351.64 1.98168443177
352.81 1.74148025822
353.99 1.62137817145
355.16 2.12430565981
356.32 2.18810989341
357.49 2.40579492569
358.66 1.95541210029
359.83 2.28944602912
360.99 2.27068007807
362.15 1.88785467648
363.31 1.69268878547
364.48 2.16183756193
365.64 1.64389731272
366.81 1.76024620928
367.98 2.19186308362
369.15 1.84656958415
370.32 1.67392283441
371.48 1.58759945954
372.65 1.35865485663
373.82 1.9929440024
374.99 1.74523344843
376.16 1.62513136166
377.32 1.93664614923
378.49 2.09428013812
379.66 1.61011860081
380.83 2.1205524696
382.0 1.43371866086
383.16 1.84281639393
384.33 1.29860381324
385.5 1.21228043837
386.67 1.16724215583
387.83 1.89911424711
389.0 2.26317369764
390.16 1.88034829605
391.32 2.25566731722
392.49 1.87659510584
393.65 1.68893559526
394.81 1.59510583996
395.98 1.92538657859
397.15 1.33613571536
398.32 1.23104638943
399.48 1.9291397688
400.65 1.33988890557
401.82 1.42245909023
402.99 1.08467197118
404.16 1.29485062303
405.32 1.02086773758
406.49 1.07341240054
407.66 1.85032277436
408.83 2.24065455637
410.0 2.43206725717
411.16 2.52965020267
412.33 2.01546314367
413.51 2.32322474103
414.67 2.4733523495
415.83 1.80153130161
417.0 1.65140369314
418.16 1.57633988891
419.32 1.16348896562
420.49 1.33238252515
421.66 1.03963368864
422.83 1.64765050293
424.0 1.19726767753
425.16 1.72646749737
426.32 1.98919081219
427.48 2.30821198018
428.65 2.27818645849
429.81 2.45458639844
430.98 2.54090977331
432.15 2.01921633388
433.32 1.94790571986
434.48 1.53880798679
435.65 1.52004203573
436.81 1.32112295451
437.98 1.03588049842
439.15 1.64389731272
440.32 2.13556523045
441.48 2.38327578442
442.66 2.50337787119
443.83 2.37952259421
445.0 2.50337787119
446.16 1.62513136166
447.33 1.56508031827
448.5 1.34364209578
449.67 1.42245909023
450.83 2.02672271431
451.99 2.13931842066
453.15 1.4449782315
454.32 1.28359105239
455.49 1.01711454737
456.66 1.07341240054
457.83 1.28734424261
459.0 1.01711454737
460.16 1.26107191112
461.33 1.3811739979
462.5 1.2535655307
463.67 1.00210178652
464.83 0.874493319321
466.0 0.814442275935
467.17 0.968323074613
468.32 1.79777811139
469.49 1.83906320372
470.65 2.23314817595
471.82 1.8653355352
472.99 2.2481609368
474.16 1.87284191563
475.32 2.25191412701
476.48 1.68893559526
477.65 1.2197868188
478.82 1.54631436721
479.99 1.14847620477
481.15 1.88785467648
482.31 1.32112295451
483.48 1.22354000901
484.65 0.987089025672
485.82 1.80528449182
486.99 1.27983786218
488.16 1.95165891007
489.32 1.53880798679
490.48 1.52004203573
491.65 1.32487614472
492.82 1.03588049842
493.99 1.08091878096
495.16 0.91577841165
496.33 1.02086773758
497.5 0.885752889956
498.67 0.818195466146
499.83 0.784416754241
500.99 1.14472301456
502.16 1.88410148626
503.32 2.06800780664
504.48 1.59885903018
505.66 1.17474853626
506.83 1.89911424711
507.99 1.70019516589
509.16 1.4149527098
510.32 1.45623780213
511.49 1.10343792223
512.66 1.11469749287
513.82 1.30986338388
514.99 1.59135264975
516.16 1.92163338838
517.32 1.71145473653
518.49 3.67062002702
519.66 6.15147875694
520.83 6.83080618526
522.0 8.4822098784
523.19 9.49557123555
524.39 10.0022519141
525.61 9.69073712656
526.81 10.0998348596
528.02 10.3062603213
529.23 10.7829154782
530.43 10.6440474403
531.64 10.3888305059
532.84 10.2612220387
534.05 10.5727368263
535.25 10.7303708152
536.45 10.2424560877
537.66 10.3775709353
538.87 10.4413751689
540.07 10.6628133914
541.27 10.5877495871
542.48 11.1094430266
543.68 10.8091878096
544.88 10.6590602012
546.08 10.7716559075
547.28 11.2032727819
548.49 10.8579792824
549.71 10.6815793424
550.92 11.1582344993
552.11 10.8354601411
553.32 11.2332983036
554.53 10.8729920432
555.75 10.6890857229
556.95 11.1619876895
558.16 11.0231196517
559.36 11.3308812491
560.57 11.2933493469
561.77 10.9030175649
562.96 10.7040984837
564.17 10.9818345594
565.36 11.3083621078
566.57 11.2858429665
567.78 11.0831706951
568.99 11.3609067708
570.2 10.9330430866
571.4 10.9105239454
572.61 10.7078516739
573.82 10.6102687284
575.03 11.1207025972
576.24 10.8166941901
577.43 10.6628133914
578.64 10.9593154181
579.84 10.7341240054
581.04 11.1845068308
582.24 11.2220387329
583.43 11.4284641946
584.64 10.9705749887
585.85 11.3008557274
587.06 11.4697492869
588.27 11.1770004504
589.47 10.8429665215
590.67 10.674072962
591.87 10.9668217985
593.08 10.7378771956
594.28 10.6252814893
595.49 10.7528899565
596.7 10.6327878697
597.91 10.5689836361
599.11 11.1019366461
600.32 11.1807536406
601.52 11.2220387329
602.73 10.8654856628
603.94 11.2483110644
605.14 10.8804984237
606.35 10.6928389131
607.56 10.602762348
608.77 11.116949407
609.98 11.3759195316
611.19 11.1319621678
612.39 11.383425912
613.6 11.507281189
614.81 11.1957664014
616.02 11.0418856028
617.23 10.7754090977
618.43 10.6402942501
619.64 10.5764900165
620.84 10.5427113046
622.04 10.7116048641
623.24 11.1732472602
624.45 10.8429665215
625.66 11.2370514938
626.86 11.435970575
628.07 10.974328179
629.27 10.7416303858
630.48 10.6252814893
631.68 11.1282089776
632.89 10.8204473803
634.1 10.850472902
635.31 10.6815793424
636.51 10.5952559676
637.73 10.550217685
638.94 10.7191112446
640.15 10.9893409398
641.35 10.7491367663
642.56 10.6290346795
643.79 10.5689836361
645.0 10.726617625
646.2 10.8054346194
647.4 11.0306260321
648.62 10.7716559075
649.82 11.2032727819
651.03 10.8542260922
652.24 10.6815793424
653.43 10.5952559676
654.64 11.116949407
655.85 10.8129409998
657.06 10.8467197118
658.26 11.0531451734
659.46 10.7829154782
660.67 11.2070259721
661.87 10.8579792824
663.07 11.2483110644
664.27 10.8767452334
665.47 10.6928389131
666.67 10.602762348
667.87 10.5539708752
669.08 10.531451734
670.28 10.5201921633
671.49 10.7040984837
672.7 10.6065155382
673.91 10.9330430866
675.11 11.0944302657
676.32 11.364659961
677.52 11.312115298
678.75 11.2858429665
679.95 11.0869238853
681.16 10.797928239
682.36 10.8392133313
683.56 11.0493919832
684.78 11.3421408197
685.99 10.9255367062
687.19 11.2820897763
688.4 11.0831706951
689.61 10.7941750488
690.82 10.6515538207
692.03 10.9555622279
693.24 11.2971025372
694.44 11.4659960967
695.65 11.5485662813
696.86 11.0306260321
698.07 11.3308812491
699.27 10.921783516
700.47 11.0906770755
701.67 11.3609067708
702.87 11.4997748086
704.07 11.0043537006
705.27 10.7566431467
706.47 11.1957664014
707.67 11.4134514337
708.87 10.9630686083
710.08 10.7341240054
711.27 11.1845068308
712.47 10.8467197118
713.66 11.240804684
714.86 11.4397237652
716.07 11.1619876895
717.27 10.8354601411
718.47 9.16904368713
719.67 7.58895060802
720.87 5.85872992043
722.03 5.74238102387
723.19 4.37246659661
724.35 4.25236450983
725.52 3.81324125507
726.69 3.40789671221
727.85 2.82990541961
729.02 3.29154781564
730.19 2.77360756643
731.35 2.88620327278
732.52 2.570935295
733.69 2.59720762648
734.86 2.04924185558
736.03 1.77525897012
737.19 2.20312265426
738.35 2.41330130611
739.52 1.9591652905
740.69 2.29319921934
741.86 2.27068007807
743.02 1.88785467648
744.18 2.25566731722
745.34 2.4433268278
746.51 1.97042486113
747.67 2.30070559976
748.83 1.89911424711
750.0 1.70019516589
751.16 1.79027173097
752.33 1.64389731272
753.5 2.13556523045
754.67 1.82029725266
755.83 1.84656958415
757.0 1.67392283441
758.16 1.58759945954
759.33 2.10929289896
760.51 1.9929440024
761.67 2.30821198018
762.83 1.90662062753
764.0 1.7039483561
765.16 1.60261222039
766.33 1.55006755742
767.5 2.09052694791
768.67 1.79402492118
769.83 2.0229695241
771.0 1.76399939949
772.16 1.82029725266
773.33 1.65891007356
774.5 2.14307161087
775.67 1.82405044288
776.83 1.66266326377
778.0 1.7677525897
779.16 1.82405044288
780.33 1.66266326377
781.5 1.58009307912
782.67 2.10553970875
783.83 1.98919081219
785.0 1.74523344843
786.16 2.18810989341
787.33 2.40579492569
788.5 2.14307161087
789.67 2.38327578442
790.83 1.94415252965
792.0 1.72271430716
793.16 2.17309713256
794.33 1.83906320372
795.49 1.6701696442
796.66 2.14682480108
797.83 2.38702897463
799.0 1.94415252965
800.16 2.28569283891
801.32 1.8953610569
802.5 2.25942050743
803.66 1.88034829605
804.82 2.25566731722
805.99 1.87659510584
807.15 1.68893559526
808.31 1.59510583996
809.48 2.11304608918
810.65 1.80528449182
811.82 1.65515688335
812.99 2.13931842066
814.15 2.38327578442
815.32 2.5071310614
816.48 2.00420357304
817.65 1.75273982885
818.82 1.62513136166
819.99 2.12805885002
821.16 1.81279087224
822.32 2.22188860531
823.49 2.04924185558
824.66 1.77525897012
825.83 1.63639093229
827.0 1.94415252965
828.16 1.72271430716
829.33 1.61387179102
830.5 1.74523344843
831.67 1.62137817145
832.83 1.56132712806
834.0 2.09428013812
835.16 2.36075664315
836.32 1.93289295902
837.49 2.27818645849
838.65 1.89160786669
839.81 1.69644197568
840.98 2.16183756193
842.15 2.20687584447
843.31 2.41705449632
844.48 1.9591652905
845.65 1.73022068758
846.82 2.17685032277
847.98 2.40204173548
849.14 2.32697793124
850.3 1.91412700796
851.47 1.70770154631
852.63 1.79402492118
853.79 2.0229695241
854.96 1.76024620928
856.12 2.00795676325
857.29 1.75273982885
858.46 1.62888455187
859.63 2.12805885002
860.79 2.00045038283
861.96 2.12805885002
863.13 2.18810989341
864.3 1.84656958415
865.47 1.67392283441
866.63 1.58759945954
867.79 1.542561177
868.96 1.71145473653
870.13 1.6063654106
871.3 2.11679927939
872.47 2.1843567032
873.63 2.40579492569
874.79 2.32697793124
875.95 2.28944602912
877.11 2.08302056748
878.28 1.98168443177
879.45 1.9291397688
880.62 1.90286743732
881.78 2.26317369764
882.94 2.25942050743
884.1 2.06800780664
885.27 2.3457438823
886.43 1.92538657859
887.6 1.89911424711
888.76 2.07551418706
889.93 1.79027173097
891.1 1.64389731272
892.27 2.13556523045
893.43 2.38327578442
894.6 2.50337787119
895.77 2.00420357304
896.93 2.31571836061
898.1 2.46959915929
899.27 2.36075664315
900.43 2.1205524696
901.6 2.37201621378
902.77 2.12430565981
903.93 2.18810989341
905.1 2.22188860531
906.27 2.23690136616
907.43 2.056748236
908.6 2.34199069209
909.77 2.10929289896
910.93 2.36826302357
912.1 2.1205524696
913.27 2.00045038283
914.43 1.93664614923
915.61 2.2819396487
916.77 1.89160786669
917.92 2.25942050743
919.08 4.13226242306
920.25 5.82119801832
921.41 7.22489115748
922.58 8.11815042786
923.79 8.56102687284
925.0 9.91217534905
926.21 10.7716559075
927.4 10.6402942501
928.62 10.5764900165
929.83 10.5427113046
931.03 10.8992643747
932.23 10.7040984837
933.43 10.6065155382
934.64 10.745383576
935.84 10.6290346795
937.05 11.1319621678
938.25 10.8204473803
939.45 10.6628133914
940.66 10.7754090977
941.87 10.6402942501
943.07 11.1394685483
944.27 11.1995195917
945.47 10.8542260922
946.67 11.2445578742
947.87 11.2520642546
949.08 10.8804984237
950.28 10.8804984237
951.49 11.0719111245
952.69 11.3534003903
953.9 11.3046089176
955.11 11.0944302657
956.32 11.1770004504
957.52 11.4059450533
958.74 11.3346344393
959.94 11.4847620477
961.14 10.9968473202
962.34 10.7528899565
963.55 11.1920132112
964.76 11.0381324126
965.97 10.7754090977
967.17 10.6402942501
968.36 10.9518090377
969.57 11.1056898364
970.78 11.3684131512
971.99 11.1282089776
973.19 11.3796727218
974.4 10.9443026573
975.61 11.2895961567
976.8 11.4622429065
978.01 11.5485662813
979.21 11.5936045639
980.41 11.0493919832
981.62 10.9668217985
982.83 11.3008557274
984.03 10.9067707551
985.24 11.2708302057
986.43 11.2633238253
987.64 10.8880048041
988.83 11.259570635
990.03 11.4472301456
991.24 11.5410599009
992.43 11.4021918631
993.64 11.5185407596
994.84 11.3871791022
996.05 11.5110343792
997.25 11.5748386128
998.45 11.2295451133
999.65 11.4322173848
1000.85 11.3458940099
1002.06 11.1131962168
1003.27 11.188260021
1004.47 10.8467197118
1005.66 11.6161237051
1006.86 11.064404744
1008.07 11.3496472001
1009.27 11.8675874493
1010.47 11.7512385528
1011.67 11.6911875094
1012.87 11.4772556673
1014.08 11.5560726618
1015.28 11.0306260321
1016.49 11.3346344393
1017.7 11.1094430266
1018.9 10.9968473202
1020.1 11.3158684882
1021.31 11.0981834559
1022.51 10.99309413
1023.73 10.7491367663
1024.93 10.6290346795
1026.14 10.7566431467
1027.34 11.1957664014
1028.55 11.4172046239
1029.76 11.5260471401
1030.97 11.578591803
1032.17 11.2332983036
1033.36 11.4322173848
1034.57 11.5335535205
1035.78 11.2107791623
1037.0 10.8579792824
1038.2 11.2483110644
1039.4 11.4397237652
1040.6 11.5373067107
1041.81 11.3984386729
1043.02 11.1432217385
1044.23 11.1995195917
1045.43 11.2295451133
1046.64 10.869238853
1047.84 11.2520642546
1049.04 11.4434769554
1050.24 11.5410599009
1051.45 11.5860981835
1052.65 11.8000300255
1053.86 11.5298003303
1055.07 11.2070259721
1056.27 11.4209578141
1057.48 11.1507281189
1058.68 11.3946854827
1059.89 11.8901065906
1061.1 11.1995195917
1062.31 11.4172046239
1063.51 11.1507281189
1064.73 10.8279537607
1065.93 11.6086173247
1067.14 11.6198768954
1068.34 11.2520642546
1069.55 10.8804984237
1070.76 10.6965921033
1071.97 10.602762348
1073.17 10.7416303858
1074.36 11.0006005104
1075.57 10.9443026573
1076.78 10.726617625
1077.99 11.1807536406
1079.19 11.2182855427
1080.4 11.4284641946
1081.6 11.3421408197
1082.81 11.488515238
1084.02 11.188260021
1085.23 10.8467197118
1086.42 11.0531451734
1087.63 10.7829154782
1088.83 11.3946854827
1090.04 10.9518090377
1091.26 10.9180303258
1092.45 10.9030175649
1093.65 11.2670770155
1094.85 11.826302357
1096.06 11.3571535805
1097.27 11.4960216184
1098.47 11.9388980634
1099.67 12.1640894761
1100.87 11.897612971
1102.07 11.3909322924
1103.27 11.5147875694
1104.47 11.0118600811
1105.67 11.6986938898
1106.87 11.1019366461
1108.07 10.8054346194
1109.27 11.0343792223
1110.47 10.9593154181
1111.67 11.6724215583
1112.87 11.0906770755
1114.07 11.3609067708
1115.27 10.9367962768
1116.48 11.0981834559
1117.68 10.9893409398
1118.89 11.312115298
1120.11 8.65860981835
1121.31 6.58309563129
1122.48 5.35580243207
1123.65 4.1773007056
1124.82 4.15478156433
1125.98 3.57679027173
1127.15 3.47920732623
1128.32 3.42666266326
1129.49 3.77946254316
1130.65 3.20147125056
1131.82 2.91622879448
1132.99 3.33283290797
1134.16 3.35535204924
1135.32 2.99129259871
1136.49 2.99879897913
1137.66 2.81113946855
1138.83 2.72106290347
1140.0 2.10929289896
1141.16 1.80528449182
1142.33 2.2181354151
1143.5 1.85782915478
1144.67 2.056748236
1145.83 2.34199069209
1147.0 2.10929289896
1148.16 1.80528449182
1149.33 2.21438222489
1150.49 2.42080768653
1151.66 2.52589701246
1152.83 2.01170995346
1154.0 2.13181204023
1155.17 2.37952259421
1156.32 2.50337787119
1157.49 2.00420357304
1158.66 2.31571836061
1159.83 2.46959915929
1161.0 2.54841615373
1162.16 2.40204173548
1163.32 1.95165891007
1164.48 1.72646749737
1165.65 2.17685032277
1166.81 2.40204173548
1167.97 2.13931842066
1169.12 1.82029725266
1170.29 1.65891007356
1171.46 1.7677525897
1172.63 2.19936946404
1173.79 2.22564179553
1174.96 2.04924185558
1176.13 1.96291848071
1177.3 2.29695240955
1178.47 2.46209277886
1179.63 2.54466296352
1180.79 2.0229695241
1181.96 1.94790571986
1183.13 2.28944602912
1184.29 1.8953610569
1185.47 2.25942050743
1186.62 1.88034829605
1187.78 2.06800780664
1188.95 2.15808437172
1190.11 1.8315568233
1191.28 1.66641645399
1192.45 1.77150577991
1193.62 1.63639093229
1194.79 1.75649301907
1195.95 1.62888455187
1197.12 1.94039933944
1198.29 2.2819396487
1199.45 1.89160786669
1200.61 1.69644197568
1201.78 2.16183756193
1202.95 2.01921633388
1204.11 1.76024620928
1205.28 1.63263774208
1206.46 1.75273982885
1207.63 2.19186308362
1208.79 1.84656958415
1209.96 2.23690136616
1211.13 2.056748236
1212.3 1.77901216034
1213.47 2.01546314367
1214.64 2.13181204023
1215.8 2.37952259421
1216.97 2.12805885002
1218.13 2.37952259421
1219.3 2.12805885002
1220.47 1.81279087224
1221.63 2.22188860531
1222.79 1.86158234499
1223.96 2.24440774658
1225.12 1.87284191563
1226.29 2.2481609368
1227.47 2.06425461642
1228.63 1.78276535055
1229.79 2.20312265426
1230.96 2.41705449632
1232.13 2.14682480108
1233.3 1.82405044288
1234.47 1.85032277436
1235.63 1.67392283441
1236.8 1.58759945954
1237.97 1.92163338838
1239.13 2.27443326828
1240.29 1.88785467648
1241.46 1.69268878547
1242.63 1.59885903018
1243.79 1.55006755742
1244.96 1.52379522594
1246.12 1.51253565531
1247.28 1.69644197568
1248.45 1.59885903018
1249.62 1.55006755742
1250.79 1.71145473653
1251.95 1.79402492118
1253.11 1.64765050293
1254.28 1.57633988891
1255.45 1.53880798679
1256.61 1.8953610569
1257.77 2.25942050743
1258.92 2.4433268278
1260.09 1.97417805134
1261.26 1.92538657859
1262.42 1.71145473653
1263.59 1.6063654106
1264.76 2.11679927939
1265.93 1.99669719261
1267.1 2.31196517039
1268.27 2.46959915929
1269.43 2.54841615373
1270.6 2.02672271431
1271.76 2.32697793124
1272.92 2.10178651854
1274.08 1.80153130161
1275.24 1.65140369314
1276.4 2.13931842066
1277.56 2.38327578442
1278.74 2.12805885002
1279.91 2.00420357304
1281.08 1.75273982885
1282.24 2.18810989341
1283.4 1.84656958415
1284.58 2.23690136616
1285.75 2.43206725717
1286.92 2.34199069209
1288.08 1.92163338838
1289.25 1.71145473653
1290.41 2.16934394235
1291.59 1.83531001351
1292.75 1.66641645399
1293.92 2.14682480108
1295.09 1.82405044288
1296.26 2.22564179553
1297.42 1.8653355352
1298.59 2.056748236
1299.76 1.77901216034
1300.93 1.6401441225
1302.1 1.38492718811
1303.27 1.62888455187
1304.43 1.56508031827
1305.59 1.53505479658
1306.75 1.89160786669
1307.92 2.25942050743
1309.08 2.06800780664
1310.25 1.78651854076
1311.42 1.8315568233
1312.59 1.66641645399
1313.75 1.9591652905
1314.92 2.29319921934
1316.09 2.45833958865
1317.26 1.98168443177
1318.42 1.9291397688
1319.59 3.02882450083
1320.76 4.70274733523
1321.93 6.66941900616
1323.1 7.83666116199
1324.3 8.42215883501
1325.51 8.9025671821
1326.72 10.2687284192
1327.93 10.0135114848
1329.13 10.0735625281
1330.33 10.8542260922
1331.54 10.4939198319
1332.75 10.1261071911
1333.96 10.3175198919
1335.16 10.4151028374
1336.36 10.46014112
1337.56 11.0493919832
1338.78 11.3421408197
1339.99 11.488515238
1341.19 10.9968473202
1342.4 10.7528899565
1343.6 11.1957664014
1344.81 11.2257919231
1346.02 11.0568983636
1347.23 11.1582344993
1348.43 10.8317069509
1349.64 10.6703197718
1350.85 10.5915027774
1352.06 10.9255367062
1353.27 10.7153580543
1354.47 10.6140219186
1355.67 10.7491367663
1356.87 10.6290346795
1358.07 10.5689836361
1359.27 10.5389581144
1360.46 10.5239453536
1361.66 10.8917579943
1362.86 10.7003452935
1364.07 11.1657408797
1365.27 10.8392133313
1366.47 10.8617324726
1367.67 11.2483110644
1368.87 11.4397237652
1370.07 11.3496472001
1371.27 11.116949407
1372.47 11.3759195316
1373.67 10.9443026573
1374.87 10.726617625
1376.08 11.1807536406
1377.29 11.4059450533
1378.5 10.9593154181
1379.72 10.7341240054
1380.92 10.6215282991
1382.11 10.5652304459
1383.32 10.9105239454
1384.52 10.8992643747
1385.73 11.2670770155
1386.93 10.8880048041
1388.13 11.259570635
1389.32 11.4472301456
1390.52 10.9780813692
1391.74 11.3083621078
1392.95 11.4697492869
1394.16 11.5523194716
1395.36 11.5936045639
1396.58 11.0531451734
1397.79 10.7791622879
1399.0 10.8317069509
1400.2 10.6703197718
1401.4 10.5915027774
1402.61 11.1131962168
1403.82 11.3721663414
1405.02 11.5035279988
1406.23 11.0081068909
1407.43 11.3196216784
1408.64 11.4772556673
1409.85 10.99309413
1411.05 11.1282089776
1412.26 10.8166941901
1413.46 11.0381324126
1414.67 10.9630686083
1415.88 11.2971025372
1417.08 11.4659960967
1418.29 10.9893409398
1419.5 11.312115298
1420.72 11.2858429665
1421.92 10.8955111845
1423.11 10.8917579943
1424.32 10.7003452935
1425.52 10.7904218586
1426.74 10.6515538207
1427.95 10.5802432067
1429.16 11.1056898364
1430.36 11.1845068308
1431.58 10.8467197118
1432.78 10.8654856628
1433.99 11.2483110644
1435.19 11.4434769554
1436.4 11.1619876895
1437.6 11.3984386729
1438.81 11.1432217385
1440.02 11.3871791022
1441.23 11.5110343792
1442.43 11.1995195917
1443.64 11.0418856028
1444.85 10.9630686083
1446.06 10.7341240054
1447.26 10.6215282991
1448.45 10.5652304459
1449.67 11.1019366461
1450.87 11.3684131512
1452.07 10.9367962768
1453.27 10.7228644348
1454.47 10.6177751088
1455.67 10.5614772557
1456.87 10.7228644348
1458.07 10.6177751088
1459.27 10.5614772557
1460.47 10.5352049242
1461.67 11.0869238853
1462.87 11.3609067708
1464.07 10.9330430866
1465.27 11.2858429665
1466.47 11.4584897163
1467.67 10.9855877496
1468.87 10.9330430866
1470.08 11.2858429665
1471.28 10.8955111845
1472.48 10.7040984837
1473.7 10.6065155382
1474.91 10.5577240655
1476.11 10.531451734
1477.32 10.5201921633
1478.52 11.0794175049
1479.74 10.7941750488
1480.95 10.6515538207
1482.16 10.7679027173
1483.36 10.6365410599
1484.58 10.9480558475
1485.79 10.7303708152
1487.0 10.8054346194
1488.2 10.8467197118
1489.4 11.240804684
1490.6 10.8729920432
1491.81 10.8804984237
1493.01 10.6928389131
1494.21 11.1657408797
1495.41 11.3984386729
1496.62 10.9555622279
1497.83 10.9180303258
1499.03 10.9030175649
1500.23 11.0794175049
1501.43 11.16949407
1502.64 11.4021918631
1503.84 10.9555622279
1505.05 11.2971025372
1506.25 11.4659960967
1507.45 10.9855877496
1508.66 11.1244557874
1509.87 11.3796727218
1511.07 11.1319621678
1512.27 10.8204473803
1513.48 10.850472902
1514.68 11.4322173848
1515.89 10.9705749887
1517.1 10.7378771956
1518.31 10.8129409998
1519.51 11.2220387329
1520.72 10.1148476205
1521.92 7.68653355352
1523.13 6.28284041435
1524.3 4.83035580243
1525.47 5.04053445429
1526.63 4.02341990692
1527.79 4.07596456988
1528.96 4.10223690137
1530.13 3.55051794025
1531.3 3.2765350548
1532.47 2.95376069659
1533.64 2.60096081669
1534.8 2.24065455637
1535.97 2.24440774658
1537.13 1.87284191563
1538.3 2.25191412701
1539.46 2.06425461642
1540.62 2.3457438823
1541.79 2.10929289896
1542.95 2.18060351299
1544.12 2.2181354151
1545.29 2.04548866537
1546.46 2.33823750188
1547.63 2.48085872992
1548.79 2.55592253415
1549.96 2.58970124606
1551.12 2.23314817595
1552.29 1.86908872542
1553.46 1.68518240504
1554.63 2.1543311815
1555.79 1.82780363309
1556.96 2.22939498574
1558.13 2.42831406696
1559.3 2.15057799129
1560.47 1.82780363309
1561.63 1.85032277436
1562.79 2.24065455637
1563.96 2.056748236
1565.13 1.77901216034
1566.3 2.20312265426
1567.47 2.41705449632
1568.63 2.33448431166
1569.79 1.91788019817
1570.96 1.8953610569
1572.12 2.07551418706
1573.29 1.97417805134
1574.46 2.30070559976
1575.63 2.46584596907
1576.79 2.54466296352
1577.96 2.0229695241
1579.13 2.32697793124
1580.29 2.10178651854
1581.46 1.98919081219
1582.62 2.1205524696
1583.79 1.99669719261
1584.96 1.93664614923
1586.13 1.71896111695
1587.3 1.79777811139
1588.47 1.65140369314
1589.63 1.57633988891
1590.79 1.53880798679
1591.96 2.08302056748
1593.13 1.79027173097
1594.3 2.0229695241
1595.47 1.76024620928
1596.63 1.63263774208
1597.79 1.94039933944
1598.96 2.09803332833
1600.13 2.36075664315
1601.3 2.30821198018
1602.47 2.46584596907
1603.63 1.98543762198
1604.79 2.30445878997
1605.96 1.90286743732
1607.12 1.7039483561
1608.29 1.60261222039
1609.46 1.73772706801
1610.63 2.1843567032
1611.79 2.40579492569
1612.96 2.13931842066
1614.12 1.82029725266
1615.29 1.66266326377
1616.46 1.58009307912
1617.63 1.73022068758
1618.79 1.80153130161
1619.95 2.21438222489
1621.11 1.85782915478
1622.28 1.86908872542
1623.45 2.2481609368
1624.62 2.2481609368
1625.79 1.87659510584
1626.95 2.25191412701
1628.11 2.06425461642
1629.27 1.78276535055
1630.43 2.01546314367
1631.6 1.76024620928
1632.77 1.62888455187
1633.93 1.56508031827
1635.1 2.09803332833
1636.27 1.79777811139
1637.43 1.65140369314
1638.59 1.95165891007
1639.75 1.72646749737
1640.91 1.61387179102
1642.07 2.1205524696
1643.23 1.99669719261
1644.39 2.31196517039
1645.56 1.90662062753
1646.72 2.26692688785
1647.88 1.88410148626
1649.04 1.88034829605
1650.2 2.06800780664
1651.37 1.78276535055
1652.54 2.20687584447
1653.72 1.85407596457
1654.88 1.8653355352
1656.05 2.056748236
1657.21 1.77901216034
1658.37 1.6401441225
1659.53 1.76024620928
1660.71 1.62888455187
1661.87 1.75273982885
1663.03 1.81654406245
1664.2 1.65891007356
1665.36 1.7677525897
1666.53 2.19561627383
1667.71 1.85032277436
1668.87 1.67392283441
1670.03 1.58759945954
1671.2 1.7339738778
1672.36 1.61762498123
1673.53 1.74523344843
1674.71 1.62513136166
1675.87 2.12430565981
1677.03 2.00045038283
1678.2 1.75273982885
1679.36 1.62513136166
1680.53 1.94039933944
1681.71 2.09428013812
1682.87 2.36075664315
1684.03 1.93289295902
1685.2 1.71520792674
1686.36 1.79777811139
1687.53 2.21062903468
1688.71 2.42080768653
1689.87 2.33448431166
1691.03 2.48085872992
1692.2 1.9929440024
1693.38 2.1205524696
1694.55 2.37576940399
1695.72 1.93664614923
1696.89 1.71896111695
1698.06 1.61011860081
1699.23 1.93289295902
1700.4 1.90286743732
1701.58 1.7039483561
1702.75 1.60261222039
1703.92 1.55006755742
1705.08 1.90286743732
1706.24 2.26317369764
1707.4 1.88410148626
1708.58 1.69268878547
1709.75 1.59510583996
1710.92 2.11304608918
1712.09 2.36826302357
1713.26 1.93664614923
1714.42 2.09428013812
1715.59 1.79777811139
1716.75 1.83531001351
1717.92 1.6701696442
1719.08 1.58384626933
1720.25 2.10553970875
1721.41 3.30656057649
1722.58 5.96757243657
1723.75 7.29995496172
1724.92 8.15568232998
1726.12 9.33043086624
1727.33 9.16904368713
1728.54 9.84086473502
1729.75 9.98723915328
1730.96 10.0585497673
1732.16 10.28374118
1733.36 10.9593154181
1734.58 10.7341240054
1735.78 11.1845068308
1736.98 10.8467197118
1738.18 10.4901666416
1739.38 10.5014262123
1740.59 10.8804984237
1741.79 10.6928389131
1743.0 11.1657408797
1744.21 10.8354601411
1745.41 10.8617324726
1746.63 11.2483110644
1747.83 10.8767452334
1749.03 10.6928389131
1750.24 11.1657408797
1751.43 11.3984386729
1752.64 10.9555622279
1753.85 10.7303708152
1755.05 10.6215282991
1756.25 10.7528899565
1757.45 10.8166941901
1758.65 10.850472902
1759.86 10.869238853
1761.06 11.2520642546
1762.26 10.8804984237
1763.46 11.0681579342
1764.66 10.9780813692
1765.87 11.3046089176
1767.07 11.4697492869
1768.27 10.9893409398
1769.48 11.312115298
1770.69 10.9105239454
1771.89 11.2745833959
1773.09 11.454736526
1774.3 10.9818345594
1775.51 11.1207025972
1776.72 10.8129409998
1777.93 10.850472902
1779.14 10.8654856628
1780.34 11.2520642546
1781.55 10.8804984237
1782.76 11.2558174448
1783.96 10.8842516139
1785.16 11.259570635
1786.35 11.4472301456
1787.57 11.3534003903
1788.77 10.9292898964
1789.97 10.7191112446
1791.17 10.6140219186
1792.36 11.1244557874
1793.57 11.1920132112
1794.77 11.0381324126
1795.97 10.7754090977
1797.18 11.0156132713
1798.38 10.9518090377
1799.59 11.2933493469
1800.79 11.2745833959
1801.99 10.8917579943
1803.19 11.2633238253
1804.39 11.0756643147
1805.59 11.3534003903
1806.8 11.4960216184
1808.01 11.0006005104
1809.22 11.3196216784
1810.42 11.4772556673
1811.63 11.1807536406
1812.83 11.4059450533
1814.04 11.5222939499
1815.24 11.578591803
1816.44 11.6048641345
1817.65 11.2445578742
1818.85 10.8767452334
1820.05 10.6928389131
1821.25 10.7904218586
1822.45 11.2107791623
1823.65 10.8617324726
1824.85 11.2483110644
1826.05 11.2520642546
1827.25 11.4434769554
1828.45 10.9780813692
1829.66 11.3046089176
1830.87 11.4697492869
1832.07 10.9893409398
1833.27 11.312115298
1834.47 11.4735024771
1835.67 11.1807536406
1836.87 11.0306260321
1838.08 10.9593154181
1839.28 11.2971025372
1840.48 10.9030175649
1841.7 10.7040984837
1842.91 11.16949407
1844.11 10.8392133313
1845.32 10.674072962
1846.52 11.1544813091
1847.74 11.3946854827
1848.95 11.5147875694
1850.15 11.1995195917
1851.35 11.4172046239
1852.56 10.9630686083
1853.77 10.9255367062
1854.98 10.9030175649
1856.19 11.0831706951
1857.39 11.16949407
1858.59 11.4021918631
1859.8 10.9555622279
1861.01 11.2971025372
1862.21 10.9030175649
1863.4 10.7040984837
1864.61 11.16949407
1865.81 11.4021918631
1867.02 11.5185407596
1868.22 11.3909322924
1869.43 11.5110343792
1870.64 11.5748386128
1871.84 11.0418856028
1873.05 10.7754090977
1874.26 11.0156132713
1875.46 11.5147875694
1876.67 11.0118600811
1877.87 11.3233748686
1879.08 11.4772556673
1880.28 10.99309413
1881.49 10.7528899565
1882.71 10.6290346795
1883.92 11.1319621678
1885.11 10.8204473803
1886.32 10.8542260922
1887.52 11.2445578742
1888.74 11.4397237652
1889.95 10.974328179
1891.16 10.7416303858
1892.36 10.6252814893
1893.58 11.1282089776
1894.79 11.0081068909
1896.0 10.7566431467
1897.2 11.1957664014
1898.4 11.4172046239
1899.61 11.5260471401
1900.82 11.0156132713
1902.03 10.7641495271
1903.24 10.8242005705
1904.44 10.6665665816
1905.65 11.1507281189
1906.86 11.2032727819
1908.06 11.2332983036
1909.27 10.869238853
1910.48 11.2520642546
1911.69 11.0681579342
1912.9 10.7904218586
1914.11 10.6478006305
1915.32 11.1432217385
1916.52 11.0118600811
1917.74 11.3233748686
1918.95 10.9180303258
1920.15 11.2745833959
1921.35 10.5164389731
1922.56 8.07311214532
1923.77 6.85332532653
1924.93 5.3032577691
1926.1 4.71400690587
1927.27 4.04593904819
1928.43 3.71190511935
1929.59 3.92208377121
1930.76 3.46044137517
1931.93 3.04383726167
1933.1 2.27443326828
1934.26 1.88785467648
1935.42 2.25566731722
1936.58 2.4433268278
1937.75 1.97042486113
1938.92 2.11304608918
1940.08 1.80528449182
1941.25 1.65515688335
1942.41 1.95165891007
1943.58 1.72646749737
1944.74 2.17685032277
1945.9 2.02672271431
1947.06 2.32697793124
1948.22 1.91412700796
1949.39 2.27068007807
1950.56 2.07551418706
1951.73 1.97417805134
1952.9 2.30070559976
1954.07 2.46584596907
1955.23 2.54466296352
1956.39 2.58594805585
1957.57 2.23314817595
1958.73 2.05299504579
1959.9 2.1543311815
1961.07 1.82780363309
1962.23 2.22564179553
1963.39 1.8653355352
1964.56 2.24440774658
1965.73 2.06050142621
1966.91 2.3457438823
1968.08 2.10929289896
1969.24 1.80528449182
1970.4 2.2181354151
1971.58 2.04548866537
1972.75 1.77525897012
1973.92 2.19936946404
1975.08 1.85032277436
1976.24 2.05299504579
1977.4 1.96291848071
1978.58 1.92163338838
1979.75 1.71145473653
1980.92 2.16934394235
1982.08 2.0229695241
1983.25 1.94790571986
1984.41 2.28944602912
1985.58 2.08302056748
1986.75 2.35325026272
1987.92 2.11679927939
1989.08 2.37201621378
1990.25 2.49962468098
1991.41 2.37576940399
1992.58 2.12430565981
1993.75 1.81279087224
1994.92 1.65891007356
1996.08 1.7677525897
1997.25 1.63263774208
1998.41 2.13181204023
1999.58 1.81654406245
2000.75 1.84656958415
2001.92 1.67392283441
2003.08 2.15057799129
2004.25 2.38702897463
2005.41 1.94415252965
2006.58 1.91037381775
2007.75 1.52004203573
2008.91 1.88410148626
2010.07 1.69268878547
2011.23 1.59885903018
2012.4 1.55006755742
2013.57 1.89911424711
2014.73 1.70019516589
2015.9 1.60261222039
2017.07 2.11304608918
2018.23 2.1843567032
2019.39 2.40579492569
2020.56 1.76399939949
2021.72 1.63263774208
2022.89 1.75649301907
2024.06 1.62888455187
2025.23 1.56508031827
2026.4 1.90662062753
2027.57 1.7039483561
2028.73 1.60261222039
2029.9 1.55382074764
2031.08 2.09052694791
2032.24 1.98168443177
2033.4 2.11679927939
2034.57 1.80903768203
2035.73 1.65515688335
2036.9 1.7677525897
2038.08 1.63263774208
2039.24 1.56883350848
2040.4 2.09803332833
2041.57 2.36075664315
2042.73 1.93289295902
2043.9 1.71520792674
2045.07 1.61011860081
2046.23 1.17850172647
2047.39 1.71520792674
2048.56 1.61011860081
2049.74 1.55382074764
2050.91 1.52754841615
2052.07 1.32862933493
2053.23 1.97793124156
2054.39 1.92538657859
2055.57 1.90286743732
2056.72 2.26317369764
2057.88 1.69644197568
2059.05 1.59885903018
2060.22 2.11304608918
2061.38 1.61762498123
2062.56 2.12430565981
2063.72 2.00045038283
2064.89 1.56132712806
2066.06 1.53130160637
2067.22 1.51628884552
2068.38 2.07176099685
2069.56 1.59885903018
2070.72 1.73772706801
2071.89 2.1843567032
2073.06 1.65515688335
2074.23 1.57633988891
2075.39 2.10178651854
2076.56 1.80153130161
2077.72 2.21438222489
2078.87 2.04548866537
2080.03 2.15057799129
2081.2 2.38702897463
2082.36 1.94415252965
2083.53 1.72271430716
2084.71 2.17685032277
2085.87 1.65140369314
2087.03 1.95165891007
2088.19 2.10178651854
2089.35 2.36450983336
2090.51 1.93289295902
2091.69 1.71520792674
2092.87 1.61011860081
2094.03 1.55382074764
2095.2 1.52754841615
2096.36 1.89160786669
2097.52 1.69644197568
2098.7 1.41119951959
2099.87 2.01921633388
2101.03 1.76024620928
2102.19 1.81654406245
2103.35 2.22188860531
2104.52 1.86158234499
2105.7 1.30611019366
2106.87 1.21603362858
2108.03 1.54631436721
2109.2 2.08677375769
2110.36 1.79402492118
2111.53 1.45999099234
2112.71 1.48251013361
2113.87 1.11469749287
2115.03 1.87284191563
2116.2 2.06050142621
2117.36 1.78276535055
2118.53 2.20312265426
2119.71 1.66641645399
2120.87 1.39618675874
2122.03 2.95000750638
2123.2 5.79117249662
2124.36 6.83455937547
2125.53 7.92298453686
2126.75 9.02642245909
2127.95 9.95721363159
2129.16 9.66821798529
2130.36 10.4638943102
2131.57 10.2987539408
2132.77 10.4038432668
2133.97 10.2687284192
2135.17 10.3888305059
2136.36 10.2612220387
2137.57 10.3850773157
2138.77 10.4488815493
2139.98 10.478907071
2141.19 10.869238853
2142.39 10.8767452334
2143.59 11.0681579342
2144.8 10.7866686684
2146.01 10.6478006305
2147.22 11.1432217385
2148.42 10.8242005705
2149.63 10.6665665816
2150.83 10.5877495871
2152.04 11.1131962168
2153.25 10.9968473202
2154.44 11.3158684882
2155.65 11.1019366461
2156.86 10.8054346194
2158.07 10.8429665215
2159.27 11.0531451734
2160.48 10.7791622879
2161.69 11.2070259721
2162.9 11.2332983036
2164.11 11.0606515538
2165.32 11.1582344993
2166.52 11.3984386729
2167.74 11.5147875694
2168.95 11.5748386128
2170.15 11.0418856028
2171.35 10.7754090977
2172.57 11.2070259721
2173.78 10.8579792824
2174.99 11.2445578742
2176.19 10.8767452334
2177.4 11.2558174448
2178.6 11.259570635
2179.8 11.4472301456
2181.0 11.3534003903
2182.21 10.9292898964
2183.41 10.7191112446
2184.62 11.1770004504
2185.83 10.8429665215
2187.03 11.240804684
2188.24 11.0606515538
2189.44 10.7866686684
2190.65 10.6478006305
2191.86 10.5764900165
2193.07 10.9180303258
2194.27 10.7153580543
2195.48 10.6102687284
2196.69 10.5614772557
2197.9 11.0981834559
2199.11 10.8016814292
2200.32 11.2182855427
2201.52 10.8654856628
2202.74 11.2483110644
2203.95 10.8804984237
2205.16 10.6928389131
2206.36 11.1657408797
2207.58 10.8354601411
2208.79 10.674072962
2210.0 10.5915027774
2211.2 10.550217685
2212.4 11.0906770755
2213.61 11.364659961
2214.82 10.9367962768
2216.03 10.7228644348
2217.24 11.1770004504
2218.43 10.8429665215
2219.64 10.6778261522
2220.86 11.1544813091
2222.07 10.8317069509
2223.27 10.6703197718
2224.47 11.1544813091
2225.68 10.8317069509
2226.89 10.8579792824
2228.1 11.2445578742
2229.31 11.4397237652
2230.51 10.974328179
2231.73 10.7416303858
2232.94 10.6252814893
2234.15 10.7566431467
2235.35 10.6327878697
2236.57 10.5689836361
2237.77 11.1019366461
2238.97 11.3684131512
2240.17 10.940549467
2241.37 10.9105239454
2242.56 11.2745833959
2243.76 11.2670770155
2244.96 11.4509833358
2246.17 10.9780813692
2247.37 10.745383576
2248.57 11.188260021
2249.77 11.0381324126
2250.97 10.7716559075
2252.16 10.6402942501
2253.37 10.5764900165
2254.57 10.5427113046
2255.76 11.0869238853
2256.96 11.1732472602
2258.16 10.8429665215
2259.37 11.2370514938
2260.57 11.435970575
2261.77 10.974328179
2262.97 11.116949407
2264.17 10.8129409998
2265.36 11.2220387329
2266.56 10.8654856628
2267.77 10.8767452334
2268.97 10.6928389131
2270.17 10.974328179
2271.36 11.3046089176
2272.57 11.4697492869
2273.77 11.5523194716
2274.97 11.5936045639
2276.17 11.6161237051
2277.36 11.6236300856
2278.56 11.4434769554
2279.77 10.974328179
2280.97 10.9292898964
2282.18 11.0944302657
2283.38 10.8016814292
2284.59 11.2182855427
2285.79 10.8654856628
2287.0 10.6853325327
2288.21 11.1619876895
2289.41 10.8354601411
2290.62 11.2332983036
2291.83 11.0606515538
2293.03 10.9705749887
2294.24 11.3046089176
2295.44 11.0944302657
2296.66 11.1770004504
2297.87 11.0306260321
2299.07 10.7679027173
2300.27 10.6402942501
2301.48 11.1357153581
2302.69 11.0118600811
2303.9 11.3233748686
2305.11 10.9142771356
2306.31 10.7116048641
2307.51 11.1732472602
2308.73 10.8429665215
2309.95 10.8617324726
2311.15 10.6853325327
2312.35 10.5990091578
2313.56 11.116949407
2314.77 11.0006005104
2315.98 10.940549467
2317.19 10.9142771356
2318.39 10.7116048641
2319.59 11.1732472602
2320.8 10.8392133313
2322.01 11.0493919832
2323.21 11.3421408197
2324.41 10.9255367062
2325.62 8.46719711755
2326.83 6.48551268578
2328.0 5.86998949107
2329.16 4.99924936196
2330.33 4.00090076565
2331.5 3.5017264675
2332.68 3.25026272331
2333.85 2.93874793575
2335.02 2.78486713707
2336.19 2.14307161087
2337.35 2.38327578442
2338.52 1.94415252965
2339.7 1.72271430716
2340.87 1.98543762198
2342.03 1.93289295902
2343.19 1.71520792674
2344.35 1.61011860081
2345.52 2.11679927939
2346.7 1.80903768203
2347.87 1.84281639393
2349.03 1.86158234499
2350.19 1.68142921483
2351.35 2.1543311815
2352.52 1.82780363309
2353.7 1.66266326377
2354.87 1.77150577991
2356.03 2.19936946404
2357.2 2.41330130611
2358.36 1.95541210029
2359.53 1.73022068758
2360.71 1.42621228044
2361.87 1.46374418256
2363.03 2.04548866537
2364.19 1.77525897012
2365.36 2.19936946404
2366.53 1.85032277436
2367.71 1.8653355352
2368.87 1.68142921483
2370.03 1.77901216034
2371.2 2.20312265426
2372.36 1.85407596457
2373.53 2.24065455637
2374.71 2.056748236
2375.87 1.77901216034
2377.03 2.20312265426
2378.2 2.41705449632
2379.36 1.9591652905
2380.54 1.73022068758
2381.71 1.61387179102
2382.87 2.1205524696
2384.03 1.81279087224
2385.2 1.65515688335
2386.36 1.58009307912
2387.54 1.53880798679
2388.71 1.52004203573
2389.87 1.51253565531
2391.03 2.06800780664
2392.19 1.97417805134
2393.35 1.73772706801
2394.52 1.61762498123
2395.7 1.18600810689
2396.87 1.34364209578
2398.03 1.42245909023
2399.2 1.45999099234
2400.36 2.04548866537
2401.54 1.77150577991
2402.71 2.19936946404
2403.87 2.03798228494
2405.03 1.77150577991
2406.21 1.63639093229
2407.37 2.13181204023
2408.54 1.44122504129
2409.71 1.09593154181
2410.87 1.48626332383
2412.03 1.49376970425
2413.2 2.06050142621
2414.36 2.1543311815
2415.54 2.01546314367
2416.71 1.57258669869
2417.87 1.53505479658
2419.03 1.14472301456
2420.19 1.88410148626
2421.35 2.25566731722
2422.52 1.50502927488
2423.7 1.50127608467
2424.86 1.50127608467
2426.02 1.1259570635
2427.18 1.31361657409
2428.34 1.97042486113
2429.51 1.73772706801
2430.69 1.61762498123
2431.86 2.12430565981
2433.03 1.81279087224
2434.19 2.03047590452
2435.35 2.33073112145
2436.52 1.91412700796
2437.7 1.70770154631
2438.87 1.6063654106
2440.03 1.55382074764
2441.2 1.52754841615
2442.36 2.07551418706
2443.54 1.79027173097
2444.71 1.64389731272
2445.87 2.13556523045
2447.04 2.38327578442
2448.21 1.94039933944
2449.37 1.72271430716
2450.54 1.61011860081
2451.71 1.55757393785
2452.87 1.90286743732
2454.03 1.7039483561
2455.19 1.97793124156
2456.35 1.73772706801
2457.52 2.1843567032
2458.7 2.2181354151
2459.87 1.85782915478
2461.03 1.30611019366
2462.19 1.40369313917
2463.35 1.26482510134
2464.52 1.00585497673
2465.7 1.81654406245
2466.87 1.65891007356
2468.03 1.20477405795
2469.19 1.91788019817
2470.36 1.70770154631
2471.54 1.6063654106
2472.71 1.17850172647
2473.87 1.71520792674
2475.03 1.41870590002
2476.2 1.08467197118
2477.36 1.10719111245
2478.54 1.8653355352
2479.71 1.68518240504
2480.87 1.21603362858
2482.03 1.7339738778
2483.2 1.24230596007
2484.37 1.37366761747
2485.54 1.24981234049
2486.71 1.37366761747
2487.87 1.43747185107
2489.03 1.84656958415
2490.2 1.48626332383
2491.36 1.49376970425
2492.54 1.49752289446
2493.71 1.49752289446
2494.87 2.06425461642
2496.03 2.15808437172
2497.21 2.20312265426
2498.37 2.22939498574
2499.54 1.8653355352
2500.71 2.056748236
2501.87 1.77901216034
2503.03 1.45248461192
2504.2 1.4787569434
2505.36 1.11469749287
2506.54 1.49376970425
2507.71 1.68518240504
2508.87 1.59510583996
2510.03 1.54631436721
2511.2 1.14847620477
2512.35 1.13721663414
2513.51 1.32112295451
2514.69 1.22354000901
2515.86 1.92538657859
2517.03 2.27443326828
2518.19 1.88785467648
2519.35 1.32112295451
2520.51 1.78651854076
2521.69 2.20687584447
2522.86 2.04173547515
2524.03 1.39618675874
2525.19 3.51298603813
2526.35 5.13436420958
2527.52 6.50803182705
2528.7 8.13316318871
2529.91 9.13151178502
2531.11 9.63443927338
2532.32 10.4451283591
2533.54 10.1035880498
2534.75 10.1186008107
2535.95 10.3137667017
2537.16 10.2236901366
2538.36 9.99099234349
2539.57 10.0623029575
2540.77 10.6590602012
2541.96 10.5839963969
2543.16 11.1094430266
2544.36 10.8091878096
2545.56 11.2220387329
2546.76 10.8654856628
2547.96 10.6890857229
2549.17 10.7866686684
2550.36 10.8354601411
2551.57 10.6703197718
2552.77 11.1544813091
2553.97 10.8317069509
2555.17 10.6703197718
2556.36 11.1507281189
2557.57 11.2070259721
2558.78 11.2332983036
2559.99 11.2445578742
2561.19 10.8767452334
2562.4 11.2558174448
2563.6 11.259570635
2564.81 10.8842516139
2566.0 11.259570635
2567.19 11.0719111245
2568.39 10.9780813692
2569.59 10.7416303858
2570.8 10.6252814893
2572.01 10.9443026573
2573.22 10.726617625
2574.42 10.8054346194
2575.63 11.2182855427
2576.83 10.8654856628
2578.04 10.6853325327
2579.25 10.5990091578
2580.45 11.116949407
2581.67 10.8129409998
2582.87 11.0343792223
2584.07 10.7716559075
2585.27 10.6402942501
2586.48 11.1394685483
2587.7 11.0118600811
2588.91 10.7603963369
2590.11 10.6327878697
2591.32 11.1357153581
2592.54 11.383425912
2593.75 10.9480558475
2594.95 10.726617625
2596.16 10.6177751088
2597.36 10.5652304459
2598.57 10.5352049242
2599.77 10.8992643747
2600.96 10.7040984837
2602.17 10.6065155382
2603.36 11.1207025972
2604.57 11.188260021
2605.77 11.4134514337
2606.97 11.1469749287
2608.16 10.8279537607
2609.36 10.8579792824
2610.57 10.6815793424
2611.77 10.5952559676
2612.97 10.5539708752
2614.17 10.7191112446
2615.36 10.6140219186
2616.57 10.9367962768
2617.77 10.9105239454
2618.96 11.2708302057
2620.16 11.0794175049
2621.37 11.3571535805
2622.57 10.9330430866
2623.77 10.9067707551
2624.96 11.2708302057
2626.16 10.8917579943
2627.36 11.2633238253
2628.56 10.8842516139
2629.75 10.6965921033
2630.95 11.1657408797
2632.16 11.0268728419
2633.37 11.3308812491
2634.58 11.4810088575
2635.79 11.559825852
2636.99 11.0343792223
2638.19 10.7716559075
2639.39 10.6402942501
2640.59 10.9480558475
2641.8 10.9180303258
2643.0 11.2745833959
2644.2 11.0794175049
2645.4 11.3571535805
2646.61 11.4960216184
2647.82 11.1920132112
2649.03 11.0381324126
2650.24 10.9593154181
2651.43 10.7341240054
2652.64 10.6215282991
2653.83 11.1282089776
2655.04 10.8204473803
2656.25 10.6628133914
2657.45 10.9630686083
2658.67 10.7341240054
2659.87 10.6215282991
2661.07 11.1282089776
2662.27 10.8204473803
2663.48 11.2257919231
2664.69 10.869238853
2665.9 10.6890857229
2667.11 10.974328179
2668.32 11.3046089176
2669.53 10.9067707551
2670.73 10.7078516739
2671.94 10.6065155382
2673.15 11.1207025972
2674.36 11.0043537006
2675.57 10.7566431467
2676.77 11.1957664014
2677.97 11.4134514337
2679.17 11.5260471401
2680.37 11.0156132713
2681.57 10.7641495271
2682.77 10.6365410599
2683.97 10.5727368263
2685.17 10.9142771356
2686.35 11.2745833959
2687.56 11.454736526
2688.76 10.9818345594
2689.97 10.745383576
2691.17 10.8166941901
2692.37 10.6628133914
2693.57 11.1469749287
2694.76 11.3909322924
2695.97 10.9518090377
2697.17 10.7303708152
2698.36 10.6177751088
2699.57 10.7528899565
2700.77 10.8166941901
2701.97 11.2257919231
2703.18 11.2445578742
2704.38 10.8767452334
2705.59 11.0681579342
2706.79 11.1619876895
2708.0 10.8354601411
2709.21 10.674072962
2710.41 11.1544813091
2711.62 10.8317069509
2712.83 11.2332983036
2714.03 11.0568983636
2715.24 10.7829154782
2716.44 11.2107791623
2717.66 10.8579792824
2718.87 10.6853325327
2720.07 11.1582344993
2721.27 11.3984386729
2722.48 10.9518090377
2723.7 11.1056898364
2724.91 10.8091878096
2726.11 11.2220387329
2727.31 9.92718810989
2728.51 8.15192913977
2729.73 6.89085722864
2730.9 5.13436420958
2732.07 4.44377721063
2733.23 3.72316468999
2734.39 3.92583696142
2735.56 3.2765350548
2736.72 3.51673922834
2737.9 3.07010959315
2739.07 2.28569283891
2740.23 2.45833958865
2741.4 2.54090977331
2742.56 2.21062903468
2743.73 2.22939498574
2744.9 2.05299504579
2746.07 2.34199069209
2747.24 2.29695240955
2748.4 2.46209277886
2749.57 2.54466296352
2750.73 2.58594805585
2751.9 2.22939498574
2753.07 1.8653355352
2754.24 1.87284191563
2755.4 1.68518240504
2756.56 1.59510583996
2757.73 1.54631436721
2758.9 1.52379522594
2760.06 2.07551418706
2761.23 1.79027173097
2762.39 1.8315568233
2763.56 1.66641645399
2764.72 1.58384626933
2765.89 2.10553970875
2767.06 2.36826302357
2768.23 2.49587149077
2769.39 2.56342891458
2770.56 2.03047590452
2771.72 1.7677525897
2772.89 2.00795676325
2774.06 1.94415252965
2775.23 2.28569283891
2776.38 1.89160786669
2777.55 1.69644197568
2778.72 2.16183756193
2779.88 1.8315568233
2781.05 2.04173547515
2782.21 1.77150577991
2783.37 2.19936946404
2784.54 1.85032277436
2785.71 2.05299504579
2786.87 2.15057799129
2788.04 2.39078216484
2789.21 2.5071310614
2790.37 2.00420357304
2791.54 1.75273982885
2792.71 1.62888455187
2793.87 2.12805885002
2795.03 2.37576940399
2796.2 2.12805885002
2797.37 1.81279087224
2798.54 2.03422909473
2799.71 2.33073112145
2800.87 2.10178651854
2802.03 2.36450983336
2803.19 1.74523344843
2804.35 1.62513136166
2805.51 1.56132712806
2806.69 2.09428013812
2807.86 1.79777811139
2809.03 1.65140369314
2810.19 1.38868037832
2811.35 1.4449782315
2812.51 2.03422909473
2813.69 2.33073112145
2814.86 2.10553970875
2816.03 2.36450983336
2817.19 2.49587149077
2818.35 2.18810989341
2819.51 2.40579492569
2820.69 1.95541210029
2821.86 2.28944602912
2823.02 1.8953610569
2824.18 1.70019516589
2825.35 1.41119951959
2826.51 2.01921633388
2827.69 2.13556523045
2828.86 1.82029725266
2830.03 1.84656958415
2831.19 2.23690136616
2832.35 1.86908872542
2833.53 2.2481609368
2834.7 1.87659510584
2835.86 2.25191412701
2837.01 1.87659510584
2838.16 1.68893559526
2839.32 1.59510583996
2840.49 1.54631436721
2841.67 2.08677375769
2842.83 1.79402492118
2844.0 2.21062903468
2845.16 1.85782915478
2846.33 1.67767602462
2847.5 1.59135264975
2848.67 1.54631436721
2849.83 2.08677375769
2851.0 1.98168443177
2852.17 1.74148025822
2853.32 2.1843567032
2854.49 1.84281639393
2855.67 2.04548866537
2856.83 2.33823750188
2858.0 1.91788019817
2859.17 1.71145473653
2860.32 2.16934394235
2861.49 1.83531001351
2862.67 1.66641645399
2863.83 2.14682480108
2865.0 1.82405044288
2866.16 2.22564179553
2867.33 1.8653355352
2868.5 2.24440774658
2869.67 1.87284191563
2870.83 1.68893559526
2872.0 1.59510583996
2873.17 1.54631436721
2874.33 1.33613571536
2875.5 1.23104638943
2876.67 1.36616123705
2877.83 1.43371866086
2879.0 1.46749737277
2880.17 1.48626332383
2881.33 1.68142921483
2882.5 1.96667167092
2883.67 2.29695240955
2884.83 1.89911424711
2886.0 1.70019516589
2887.16 1.59885903018
2888.33 1.55006755742
2889.5 1.71520792674
2890.67 1.79402492118
2891.83 2.21062903468
2893.0 1.6701696442
2894.16 1.58384626933
2895.33 1.542561177
2896.5 2.08677375769
2897.67 1.79402492118
2898.83 1.64765050293
2900.0 1.94790571986
