0.0 1.37742080769
1.17 1.24981234049
2.34 1.00210178652
3.5 0.874493319321
4.67 1.37742080769
5.84 1.24981234049
7.0 1.00210178652
8.16 1.24981234049
9.33 1.56508031827
10.5 1.1559825852
11.66 0.765650803183
12.82 0.945803933343
13.99 1.41119951959
15.16 1.45623780213
16.32 2.04173547515
17.48 1.20852724816
18.65 1.542561177
19.82 1.14847620477
20.99 1.32487614472
22.16 1.59885903018
23.32 1.55006755742
24.49 1.33988890557
25.66 1.41870590002
26.83 1.27233148176
28.0 1.57633988891
29.16 0.975829455037
30.32 1.42621228044
31.48 1.65140369314
32.64 1.20102086774
33.8 1.53880798679
34.96 1.52004203573
36.12 1.88410148626
37.28 1.88034829605
38.44 1.88034829605
39.6 1.68893559526
40.76 1.59510583996
41.92 1.55006755742
43.1 1.33613571536
44.27 1.23104638943
45.44 1.17850172647
46.6 0.964569884402
47.76 1.23479957964
48.92 1.55382074764
50.1 1.71520792674
51.27 1.61011860081
52.44 0.8031827053
53.6 0.589250863234
54.76 0.671821047891
55.92 1.27233148176
57.09 1.57633988891
58.25 1.16348896562
59.42 1.70770154631
60.58 1.60261222039
61.74 1.74148025822
62.9 1.80903768203
64.07 1.46749737277
65.24 1.6701696442
66.4 1.77525897012
67.57 1.26107191112
68.73 1.00585497673
69.89 0.878246509533
71.06 1.00210178652
72.24 1.44122504129
73.4 1.09593154181
74.56 1.11094430266
75.72 1.11845068308
76.88 1.12220387329
78.04 1.49752289446
79.21 1.1259570635
80.36 1.1259570635
81.52 1.31361657409
82.68 1.40744632938
83.84 1.07716559075
85.01 1.10343792223
86.17 0.927037982285
87.34 0.836961417205
88.5 0.795676324876
89.67 0.773157183606
90.83 0.574238102387
92.0 1.03588049842
93.16 1.26857829155
94.33 1.76024620928
95.49 1.82029725266
96.66 1.84656958415
97.83 1.86158234499
98.99 1.11845068308
100.15 1.12220387329
101.32 1.50127608467
102.48 1.31361657409
103.64 1.40744632938
104.8 0.889506080168
105.96 0.821948656358
107.13 1.34739528599
108.29 1.80153130161
109.45 1.83906320372
110.62 1.48251013361
111.78 0.927037982285
112.95 1.40369313917
114.12 1.6401441225
115.28 1.56883350848
116.45 2.4733523495
117.62 2.73982885453
118.77 2.87119051194
119.94 3.3103137667
121.1 3.34409247861
122.27 3.73817745083
123.44 3.93334334184
124.6 4.03092628734
125.76 3.51673922834
126.92 3.44542861432
128.1 3.41164990242
129.26 3.20897763099
130.43 2.91622879448
131.59 3.33658609818
132.75 3.54301155983
133.92 3.64810088575
135.09 2.95000750638
136.26 3.35159885903
137.43 3.74193064104
138.6 3.1827052995
139.76 3.46794775559
140.92 3.04759045188
142.1 3.40039033178
143.26 3.38913076115
144.42 3.57303708152
145.59 3.47545413602
146.75 3.61432217385
147.92 3.68187959766
149.1 3.53175198919
150.26 3.82825401591
151.42 3.41540309263
152.58 3.0213181204
153.73 2.82615222939
154.9 3.47545413602
156.07 3.61432217385
157.24 2.93499474553
158.4 3.34409247861
159.57 3.54676475004
160.73 3.2765350548
161.9 3.51298603813
163.08 3.07010959315
164.24 2.84867137067
165.4 2.92748836511
166.56 2.77736075664
167.72 2.88995646299
168.88 2.94625431617
170.04 3.5355051794
171.21 3.08136916379
172.38 3.60681579342
173.55 2.92748836511
174.7 2.77736075664
175.86 3.26527548416
177.02 3.32157333734
178.18 2.78862032728
179.36 2.89370965321
180.52 3.51298603813
181.69 4.00840714607
182.86 3.88079867888
184.03 3.81699444528
185.2 3.78321573337
186.36 3.76820297253
187.52 3.38537757094
188.68 3.19396487014
189.85 3.6631136466
191.02 3.33283290797
192.18 3.35535204924
193.35 3.17895210929
194.52 3.08887554421
195.68 3.42290947305
196.85 2.83741180003
198.02 2.7323224741
199.19 2.49211830056
200.36 2.93499474553
201.52 3.53175198919
202.69 3.45293499475
203.85 3.22774358204
205.01 3.30280738628
206.17 3.52799879898
207.33 3.64059450533
208.49 3.13391382675
209.66 3.07010959315
210.83 3.41164990242
212.0 3.58054346194
213.16 3.29154781564
214.32 2.96126707702
215.48 2.98003302807
216.64 3.55427113046
217.8 3.84326677676
218.97 3.79822849422
220.14 3.02507131061
221.29 3.57679027173
222.46 2.91247560426
223.63 3.14517339739
224.79 3.26152229395
225.96 3.13391382675
227.12 3.44167542411
228.28 3.599309413
229.45 3.48671370665
230.62 3.2465095331
231.78 2.93499474553
232.95 3.53175198919
234.12 3.26902867437
235.28 3.13391382675
236.45 3.63308812491
237.62 3.69313916829
238.78 3.16018615823
239.95 3.64434769554
241.12 3.88455186909
242.28 3.44542861432
243.45 3.22399039183
244.62 3.67437321723
245.79 3.3403392884
246.95 3.54676475004
248.12 3.64810088575
249.28 3.70064554872
250.44 3.35159885903
251.6 3.55427113046
252.76 3.65185407596
253.93 2.95376069659
255.1 3.53925836961
256.27 2.89746284342
257.44 3.51298603813
258.6 3.07010959315
259.76 3.599309413
260.92 3.11139468548
262.09 2.68353100135
263.26 3.21648401141
264.43 3.67437321723
265.59 3.89956462994
266.75 3.45293499475
267.92 3.41540309263
269.09 3.39663714157
270.24 3.19771806035
271.4 2.72481609368
272.57 3.0513436421
273.73 3.02882450083
274.89 3.20147125056
276.06 2.72856928389
277.24 2.86368413151
278.4 2.93499474553
279.57 2.96877345744
280.73 2.98378621829
281.89 2.99504578892
283.05 2.99879897913
284.23 3.18645848972
285.39 3.4717009458
286.56 3.23524996247
287.72 3.11890106591
288.88 3.4379222339
290.05 3.22023720162
291.23 3.29905419607
292.39 3.52424560877
293.55 3.07761597358
294.71 3.04008407146
295.88 3.58429665215
297.04 3.47920732623
298.21 3.80573487464
299.38 3.40414352199
300.54 3.20147125056
301.69 3.66686683681
302.86 3.70815192914
304.03 3.91833058099
305.2 3.64810088575
306.37 3.32532652755
307.54 3.16393934845
308.69 2.89746284342
309.86 3.32532652755
311.03 3.7269178802
312.2 3.92583696142
313.38 3.83951358655
314.55 3.42290947305
315.72 3.02507131061
316.88 3.20147125056
318.04 2.34949707251
319.21 2.48836511034
320.38 1.80903768203
321.56 1.65515688335
322.72 1.57633988891
323.88 1.91412700796
325.04 1.8953610569
326.2 1.32487614472
327.37 1.59885903018
328.54 1.36240804684
329.69 1.24605915028
330.86 1.18600810689
332.03 1.1559825852
333.19 0.953310313767
334.36 1.60261222039
335.52 1.92538657859
336.69 1.52754841615
337.85 1.70019516589
339.02 1.79027173097
340.19 1.8315568233
341.35 2.04173547515
342.52 2.33448431166
343.68 1.542561177
344.85 1.52379522594
346.02 1.70019516589
347.19 1.22354000901
348.36 0.987089025672
349.52 1.43371866086
350.69 1.84281639393
351.86 1.10719111245
353.03 1.49376970425
354.2 1.87284191563
355.36 1.87284191563
356.52 1.68893559526
357.68 1.59510583996
358.85 1.7339738778
360.02 1.9929440024
361.19 1.18600810689
362.36 1.53130160637
363.52 1.51628884552
364.68 1.5087824651
365.84 1.69268878547
367.0 1.78276535055
368.17 1.08091878096
369.34 1.4787569434
370.5 1.11469749287
371.67 0.930791172497
372.84 1.21603362858
374.0 1.7339738778
375.16 2.18060351299
376.33 2.03047590452
377.5 1.95165891007
378.66 2.10178651854
379.82 1.61387179102
380.98 1.74523344843
382.15 2.18810989341
383.32 2.03047590452
384.48 1.58009307912
385.65 1.16348896562
386.81 1.33238252515
387.98 1.41870590002
389.15 1.83531001351
390.31 1.29109743282
391.48 1.9591652905
392.64 1.91788019817
393.8 1.89911424711
394.96 2.07551418706
396.13 1.97417805134
397.3 2.11304608918
398.47 1.24605915028
399.64 0.998348596307
400.8 1.43747185107
401.96 2.03047590452
403.13 1.95541210029
404.3 1.72646749737
405.46 1.61387179102
406.62 1.74523344843
407.78 1.81279087224
408.95 1.46749737277
410.12 1.11094430266
411.28 1.49376970425
412.44 1.68518240504
413.6 1.77901216034
414.76 1.82780363309
415.93 1.29109743282
417.1 1.58384626933
418.27 1.35490166642
419.44 1.05089325927
420.59 1.27608467197
421.74 1.95165891007
422.89 1.3511484762
424.05 1.42621228044
425.22 1.46374418256
426.38 1.6701696442
427.54 1.77525897012
428.7 1.82405044288
429.87 1.85032277436
431.04 1.8653355352
432.2 2.24440774658
433.36 1.49752289446
434.52 1.1259570635
435.68 1.1259570635
436.84 0.93829755292
438.0 1.40744632938
439.16 1.82780363309
440.34 1.29109743282
441.5 1.20852724816
442.67 1.35490166642
443.84 1.05089325927
445.0 1.08842516139
446.16 0.919531601862
447.32 0.836961417205
448.49 1.35490166642
449.66 1.61762498123
450.83 1.18225491668
452.0 1.53130160637
453.16 0.953310313767
454.32 1.4149527098
455.48 1.08091878096
456.64 1.66641645399
457.8 1.58384626933
458.97 1.16724215583
460.14 1.52379522594
461.3 1.70019516589
462.47 2.16183756193
463.64 2.01921633388
464.8 1.76024620928
465.96 1.63263774208
467.13 1.75273982885
468.29 1.81654406245
469.45 1.65891007356
470.62 1.20477405795
471.78 1.72646749737
472.94 1.80153130161
474.09 1.27608467197
475.25 1.20102086774
476.41 1.16348896562
477.57 0.957063503978
478.73 1.04338687885
479.9 1.45999099234
481.07 1.29109743282
482.24 1.20852724816
483.4 0.979582645248
484.56 1.24230596007
485.72 1.55757393785
486.89 1.34364209578
488.07 1.42245909023
489.24 1.08467197118
490.4 1.48251013361
491.56 1.30235700345
492.72 1.028374118
493.89 0.889506080168
495.07 1.3811739979
496.24 1.81654406245
497.4 1.28359105239
498.56 1.58009307912
499.73 1.35490166642
500.9 1.61387179102
502.07 2.1205524696
503.24 2.00045038283
504.4 1.74898663864
505.57 1.81279087224
506.73 1.28359105239
507.9 1.58009307912
509.08 1.16348896562
510.24 1.33238252515
511.4 1.41870590002
512.57 1.08467197118
513.73 1.4787569434
514.89 1.49001651404
516.05 1.68518240504
517.23 2.34199069209
518.39 2.10929289896
519.56 2.74358204474
520.72 2.49962468098
521.88 2.93874793575
523.05 3.15643296802
524.23 2.89370965321
525.4 2.94625431617
526.56 2.97627983786
527.72 2.9875394085
528.88 3.37036481009
530.04 3.18645848972
531.21 3.4717009458
532.38 3.9858880048
533.55 3.86953910824
534.71 3.81324125507
535.88 3.78321573337
537.04 3.39288395136
538.2 3.19771806035
539.37 3.10013511485
540.54 3.42666266326
541.7 3.77570935295
542.87 3.38913076115
544.03 3.38537757094
545.2 3.38162438072
546.36 3.19021167993
547.52 3.65936045639
548.68 3.14517339739
549.85 2.88620327278
551.02 3.13016063654
552.2 3.06635640294
553.36 3.03633088125
554.52 3.39288395136
555.68 3.57303708152
556.85 3.28779462543
558.02 3.14517339739
559.2 3.07386278337
560.36 3.04008407146
561.53 3.0213181204
562.69 3.57303708152
563.86 3.28779462543
565.03 3.70815192914
566.2 3.35535204924
567.36 2.99129259871
568.52 3.3741180003
569.69 3.18645848972
570.86 2.90872241405
572.03 3.32907971776
573.2 3.35535204924
574.37 3.55427113046
575.54 3.2765350548
576.69 3.51673922834
577.86 3.25776910374
579.03 3.13016063654
580.2 3.25401591353
581.37 3.13016063654
582.54 3.44167542411
583.7 3.03257769104
584.86 3.20522444077
586.03 2.91622879448
587.2 3.33658609818
588.37 2.98003302807
589.53 3.55427113046
590.69 3.65560726618
591.86 3.32907971776
593.03 3.16393934845
594.2 3.27278186458
595.37 3.51298603813
596.54 3.25776910374
597.69 3.13016063654
598.86 3.25401591353
600.03 3.12640744633
601.2 3.25401591353
602.37 3.5017264675
603.54 3.25401591353
604.69 3.68938597808
605.86 3.16018615823
607.03 3.45668818496
608.2 3.22774358204
609.36 3.67812640745
610.52 3.90331782015
611.68 3.64059450533
612.84 3.50923284792
614.0 3.44542861432
615.17 3.22399039183
616.34 3.48671370665
617.51 3.2465095331
618.68 2.93499474553
619.84 2.78111394685
621.0 3.45668818496
622.17 3.41540309263
623.33 3.20897763099
624.5 3.48296051644
625.67 3.24275634289
626.84 3.68563278787
628.0 3.34409247861
629.17 3.35910523945
630.33 3.74568383126
631.49 3.56177751088
632.65 3.28028824501
633.82 3.70439873893
634.98 3.91833058099
636.15 4.2110794175
637.32 3.60681579342
638.48 3.11514787569
639.64 3.05885002252
640.8 3.40789671221
641.96 3.95586248311
643.13 3.8545263474
644.3 3.98964119502
645.47 3.49797327729
646.64 3.62558174448
647.8 3.68938597808
648.96 3.71941149977
650.13 3.73817745083
651.3 3.55802432067
652.46 3.84326677676
653.63 3.61056898364
654.79 3.30656057649
655.96 2.77736075664
657.12 2.88995646299
658.28 2.75859480558
659.44 3.44542861432
660.6 3.22399039183
661.76 2.73607566431
662.93 2.68353100135
664.1 3.02882450083
665.26 3.01756493019
666.42 3.38537757094
667.58 3.00630535956
668.74 3.00255216934
669.89 3.5655307011
671.06 3.65936045639
672.23 2.9575138868
673.4 3.35535204924
674.56 3.17895210929
675.72 3.08887554421
676.9 3.42290947305
678.08 3.77570935295
679.24 3.9521092929
680.4 3.47545413602
681.56 3.0513436421
682.72 3.02882450083
683.88 3.01381173998
685.04 3.19771806035
686.21 3.10013511485
687.38 3.0513436421
688.55 3.40039033178
689.7 3.38913076115
690.86 3.01005854977
692.03 3.56928389131
693.2 3.84701996697
694.37 3.98964119502
695.54 3.68187959766
696.69 3.90707101036
697.86 3.82825401591
699.02 3.7907221138
700.19 3.39663714157
701.35 3.57679027173
702.52 3.85077315718
703.68 3.42666266326
704.85 3.59180303258
706.02 3.48296051644
707.2 3.61807536406
708.36 3.87329229845
709.53 3.62558174448
710.69 2.93874793575
711.86 3.16018615823
713.03 3.45668818496
714.2 3.04008407146
715.36 2.83365860982
716.53 2.16934394235
717.7 2.21062903468
718.87 2.41705449632
720.04 2.33448431166
721.21 2.10553970875
722.38 2.36826302357
723.55 1.55757393785
724.71 1.53130160637
725.87 1.7039483561
727.04 1.60261222039
728.21 1.92538657859
729.38 1.52754841615
730.54 1.70019516589
731.69 1.97793124156
732.86 2.11304608918
734.03 1.62137817145
735.2 1.56132712806
736.37 1.90662062753
737.53 1.32862933493
738.69 1.79027173097
739.86 2.01921633388
741.03 1.94790571986
742.2 1.53880798679
743.36 1.70770154631
744.53 1.4149527098
745.69 1.27233148176
746.86 1.57258669869
748.03 1.16348896562
749.2 1.14472301456
750.36 1.13346344393
751.52 1.50502927488
752.68 1.3173697643
753.84 1.78276535055
755.0 1.45623780213
756.16 1.4787569434
757.33 1.49001651404
758.49 1.30611019366
759.65 1.21603362858
760.82 1.17099534604
761.99 1.33613571536
763.16 1.23104638943
764.32 1.17850172647
765.49 1.15222939499
766.65 1.7039483561
767.82 1.4149527098
768.99 1.26857829155
770.16 1.76024620928
771.32 1.63263774208
772.49 1.75273982885
773.65 2.00420357304
774.82 1.56508031827
775.99 1.1559825852
777.15 0.953310313767
778.32 1.4149527098
779.48 1.08467197118
780.65 0.91577841165
781.82 1.39618675874
782.99 1.63639093229
784.16 1.94415252965
785.32 1.34739528599
786.48 1.61387179102
787.64 1.18225491668
788.8 1.33988890557
789.97 1.04714006906
791.14 1.08467197118
792.3 1.29485062303
793.47 1.39618675874
794.64 1.44873142171
795.8 1.47500375319
796.97 1.49001651404
798.14 1.49376970425
799.3 1.49752289446
800.46 1.31361657409
801.62 1.2197868188
802.78 1.35865485663
803.95 1.42996547065
805.12 1.46749737277
806.28 1.29485062303
807.45 1.02462092779
808.62 1.44873142171
809.78 1.66266326377
810.95 1.77150577991
812.12 2.01170995346
813.28 1.3811739979
814.45 1.62888455187
815.62 1.94039933944
816.78 1.53130160637
817.94 1.7039483561
819.1 1.60261222039
820.27 1.17850172647
821.44 1.52754841615
822.59 1.70019516589
823.75 1.22729319922
824.92 1.55006755742
826.08 1.15222939499
827.24 0.949557123555
828.4 1.03963368864
829.57 1.45623780213
830.73 1.29109743282
831.9 1.9591652905
833.08 1.91788019817
834.24 1.89911424711
835.4 1.88785467648
836.56 1.88034829605
837.72 1.3173697643
838.88 1.78276535055
840.04 1.8315568233
841.21 1.66641645399
842.38 1.77150577991
843.55 1.26107191112
844.71 1.00585497673
845.88 1.44122504129
847.04 1.28359105239
848.21 1.39243356853
849.38 1.4449782315
850.54 1.47500375319
851.69 1.29860381324
852.86 1.39993994896
854.04 1.45248461192
855.2 1.47500375319
856.37 1.49001651404
857.54 1.49376970425
858.69 1.30986338388
859.86 1.2197868188
861.03 1.54631436721
862.2 1.14847620477
863.36 1.51253565531
864.52 1.69644197568
865.69 1.22354000901
866.86 1.17474853626
868.03 1.52379522594
869.2 1.51253565531
870.36 1.13346344393
871.52 1.3173697643
872.68 1.78276535055
873.85 1.45623780213
875.02 1.10343792223
876.2 1.49001651404
877.36 1.11845068308
878.52 1.68518240504
879.68 1.78276535055
880.85 1.45248461192
882.02 1.10343792223
883.2 1.11469749287
884.36 1.68142921483
885.52 1.21603362858
886.69 1.54631436721
887.86 1.52379522594
889.02 1.13721663414
890.19 0.945803933343
891.36 1.41119951959
892.52 1.64389731272
893.68 1.76024620928
894.85 1.81654406245
896.03 1.47125056298
897.2 1.11094430266
898.37 1.49376970425
899.53 1.87284191563
900.69 1.87659510584
901.85 2.25191412701
903.01 1.68893559526
904.18 1.03212730821
905.35 1.45248461192
906.52 1.10343792223
907.68 1.67767602462
908.85 1.39993994896
910.02 1.6401441225
911.2 1.56883350848
912.36 2.09803332833
913.53 1.80153130161
914.69 2.02672271431
915.85 1.57633988891
917.01 1.53880798679
918.18 2.27068007807
919.34 2.6347395286
920.49 3.00630535956
921.65 2.63098633839
922.82 3.19021167993
923.98 3.4717009458
925.15 3.42666266326
926.32 3.2127308212
927.48 3.29530100585
928.64 2.96126707702
929.81 3.17144572887
930.98 3.27278186458
932.15 2.95000750638
933.32 2.78862032728
934.48 2.52214382225
935.65 3.32532652755
936.82 2.97627983786
937.99 2.79987989791
939.16 2.90121603363
940.33 2.76610118601
941.5 3.07010959315
942.67 3.03633088125
943.83 3.39663714157
944.99 3.19771806035
946.16 3.10013511485
947.32 3.61432217385
948.49 3.3103137667
949.66 2.96877345744
950.83 3.35910523945
951.99 3.37036481009
953.16 3.3741180003
954.32 3.18645848972
955.48 3.28404143522
956.65 3.32907971776
957.82 3.54301155983
958.99 3.46044137517
960.16 3.41915628284
961.32 3.77195616274
962.48 3.38913076115
963.64 3.56928389131
964.8 3.28779462543
965.97 3.70815192914
967.13 3.16769253866
968.3 3.46044137517
969.47 3.23149677226
970.64 3.11514787569
971.8 3.2465095331
972.96 3.12640744633
974.13 3.25026272331
975.29 3.5017264675
976.46 3.25401591353
977.63 3.5017264675
978.79 3.81699444528
979.96 3.78321573337
981.12 3.39288395136
982.28 3.57303708152
983.44 3.28779462543
984.6 3.70815192914
985.76 3.35535204924
986.93 3.17895210929
988.1 3.65560726618
989.27 3.32907971776
990.44 3.16393934845
991.6 3.085122354
992.76 3.04383726167
993.93 3.39663714157
995.09 3.20147125056
996.26 3.28779462543
997.43 3.33283290797
998.59 3.35535204924
999.75 3.36661161988
1000.92 3.3741180003
1002.08 3.18645848972
1003.24 3.28404143522
1004.4 3.32907971776
1005.56 3.35535204924
1006.72 3.36661161988
1007.89 3.37036481009
1009.06 3.18645848972
1010.23 3.28404143522
1011.4 3.14142020718
1012.56 3.07386278337
1013.72 3.03633088125
1014.88 3.20897763099
1016.06 3.29154781564
1017.23 3.33658609818
1018.39 3.54301155983
1019.55 3.27278186458
1020.71 3.32532652755
1021.88 3.16393934845
1023.05 3.27278186458
1024.22 3.13766701696
1025.39 3.63308812491
1026.55 3.31782014713
1027.71 3.72316468999
1028.88 3.73817745083
1030.05 3.37036481009
1031.22 3.18645848972
1032.38 3.09262873442
1033.55 3.42290947305
1034.71 3.2127308212
1035.88 3.48296051644
1037.05 3.43041585348
1038.22 3.21648401141
1039.4 3.11139468548
1040.56 3.05509683231
1041.72 3.21648401141
1042.89 3.67437321723
1044.07 3.33658609818
1045.23 3.73442426062
1046.39 3.36661161988
1047.55 3.18645848972
1048.71 3.65560726618
1049.88 3.70439873893
1051.05 3.73067107041
1052.22 3.74193064104
1053.38 3.37036481009
1054.54 3.56177751088
1055.69 3.4717009458
1056.86 3.23524996247
1058.03 3.11890106591
1059.2 3.25026272331
1060.37 3.12640744633
1061.54 3.06260321273
1062.7 2.84491818045
1063.87 3.11139468548
1065.04 3.2465095331
1066.21 3.12265425612
1067.38 3.06260321273
1068.55 3.03257769104
1069.7 3.58054346194
1070.87 3.47920732623
1072.04 3.43041585348
1073.21 3.40414352199
1074.37 3.20147125056
1075.54 3.29154781564
1076.69 3.14517339739
1077.86 3.07386278337
1079.03 3.04008407146
1080.2 3.0213181204
1081.37 3.01005854977
1082.53 3.56928389131
1083.7 3.10013511485
1084.87 3.23900315268
1086.04 3.68187959766
1087.2 3.53175198919
1088.37 3.26527548416
1089.53 3.6968923585
1090.69 3.7269178802
1091.86 3.36285842967
1093.03 3.1827052995
1094.2 3.46794775559
1095.37 3.23524996247
1096.54 3.30656057649
1097.69 3.71941149977
1098.86 3.92208377121
1100.03 3.65185407596
1101.2 3.32532652755
1102.37 3.53925836961
1103.54 3.27278186458
1104.7 3.70064554872
1105.87 3.16393934845
1107.05 3.08136916379
1108.21 3.04383726167
1109.38 3.39663714157
1110.54 3.57679027173
1111.69 3.6631136466
1112.86 3.70815192914
1114.03 3.35535204924
1115.2 3.36661161988
1116.37 3.18645848972
1117.54 3.46794775559
1118.69 3.04759045188
1119.86 2.64975228945
1121.02 2.63849271881
1122.19 2.07176099685
1123.36 2.34949707251
1124.53 1.73772706801
1125.7 1.9929440024
1126.87 2.31196517039
1128.04 1.53130160637
1129.2 1.89160786669
1130.36 1.69644197568
1131.52 1.78651854076
1132.69 1.64389731272
1133.86 1.76024620928
1135.03 1.81654406245
1136.2 1.47125056298
1137.37 1.67392283441
1138.54 1.96291848071
1139.69 1.92163338838
1140.86 1.33613571536
1142.03 1.23104638943
1143.2 0.990842215884
1144.37 0.87074012911
1145.54 1.56132712806
1146.7 1.90662062753
1147.86 1.51628884552
1149.02 1.5087824651
1150.19 1.12971025372
1151.35 1.50127608467
1152.51 1.68893559526
1153.67 1.2197868188
1154.84 1.36240804684
1156.0 1.61762498123
1157.18 1.56132712806
1158.35 1.34364209578
1159.52 1.23479957964
1160.68 1.74148025822
1161.85 1.80903768203
1163.02 1.65515688335
1164.2 1.95541210029
1165.36 1.72646749737
1166.52 1.23855276985
1167.68 1.18225491668
1168.85 1.53130160637
1170.01 1.89160786669
1171.18 1.69644197568
1172.35 1.59885903018
1173.52 1.73772706801
1174.68 1.24230596007
1175.85 1.56132712806
1177.02 1.1559825852
1178.19 1.51628884552
1179.35 1.69644197568
1180.52 1.97417805134
1181.68 1.92538657859
1182.85 2.08677375769
1184.02 1.41870590002
1185.2 1.45999099234
1186.36 1.85782915478
1187.53 1.49001651404
1188.69 1.87284191563
1189.86 1.49752289446
1191.03 1.1259570635
1192.2 1.50127608467
1193.36 1.31361657409
1194.52 1.40744632938
1195.68 1.26482510134
1196.85 1.00960816694
1198.02 1.44122504129
1199.19 1.65891007356
1200.36 1.7677525897
1201.52 1.44873142171
1202.69 1.28734424261
1203.86 1.7677525897
1205.03 1.44873142171
1206.2 1.09968473202
1207.37 1.48626332383
1208.53 1.49376970425
1209.69 1.12220387329
1210.86 1.50127608467
1212.02 1.50127608467
1213.18 1.50127608467
1214.33 1.68893559526
1215.49 1.40744632938
1216.67 1.07716559075
1217.84 1.29109743282
1219.0 1.02086773758
1220.17 1.26107191112
1221.34 1.56883350848
1222.5 1.15973577541
1223.66 1.51628884552
1224.82 1.69644197568
1225.99 1.22354000901
1227.16 1.55006755742
1228.32 1.33988890557
1229.49 1.23104638943
1230.65 1.17850172647
1231.82 1.15222939499
1232.98 0.953310313767
1234.15 1.22729319922
1235.32 1.55006755742
1236.48 1.33988890557
1237.65 1.41870590002
1238.82 1.45999099234
1239.98 1.10719111245
1241.15 1.49001651404
1242.32 1.68518240504
1243.48 1.59135264975
1244.65 1.17099534604
1245.82 1.33613571536
1246.99 1.79402492118
1248.16 1.64765050293
1249.32 1.20102086774
1250.48 1.72646749737
1251.64 1.61387179102
1252.8 1.74523344843
1253.97 1.43371866086
1255.14 1.46749737277
1256.3 1.29860381324
1257.47 1.21228043837
1258.64 1.16724215583
1259.8 0.96081669419
1260.97 1.41870590002
1262.14 1.45999099234
1263.3 1.66641645399
1264.47 1.39618675874
1265.64 1.44873142171
1266.8 1.66266326377
1267.96 1.20852724816
1269.13 1.16724215583
1270.3 1.14472301456
1271.46 1.13721663414
1272.62 1.12971025372
1273.77 1.12971025372
1274.93 1.50127608467
1276.08 1.1259570635
1277.24 0.93829755292
1278.4 1.2197868188
1279.56 1.36240804684
1280.72 1.24230596007
1281.89 1.18600810689
1283.06 0.968323074613
1284.23 1.61011860081
1285.39 1.17850172647
1286.56 1.71520792674
1287.72 1.23479957964
1288.88 1.55382074764
1290.06 1.15222939499
1291.22 1.14096982435
1292.38 1.13346344393
1293.54 1.3173697643
1294.69 1.59510583996
1295.86 1.36240804684
1297.03 1.61762498123
1298.2 1.18600810689
1299.37 0.968323074613
1300.54 1.04714006906
1301.69 1.27233148176
1302.86 1.01336135715
1304.02 1.4449782315
1305.2 1.28359105239
1306.36 1.20477405795
1307.53 1.73022068758
1308.71 1.23855276985
1309.87 1.55757393785
1311.04 1.90662062753
1312.2 1.89160786669
1313.36 1.5087824651
1314.52 1.69268878547
1315.68 1.2197868188
1316.85 0.987089025672
1318.02 1.05464644948
1319.2 1.0921783516
1320.36 0.919531601862
1321.53 1.39993994896
1322.7 2.01170995346
1323.87 2.5071310614
1325.05 2.37952259421
1326.21 2.87869689236
1327.38 2.75484161537
1328.55 2.50337787119
1329.71 3.12640744633
1330.88 3.25401591353
1332.05 3.12640744633
1333.22 3.06635640294
1334.39 3.40789671221
1335.55 3.20522444077
1336.71 3.47920732623
1337.88 3.24275634289
1339.05 2.93499474553
1340.22 2.96877345744
1341.39 2.7961267077
1342.56 3.46419456538
1343.72 3.23149677226
1344.89 3.68187959766
1346.06 3.3403392884
1347.22 3.35910523945
1348.38 3.55802432067
1349.54 3.28028824501
1350.69 3.32907971776
1351.86 3.35159885903
1353.03 3.55427113046
1354.2 3.2765350548
1355.37 3.51673922834
1356.54 3.25776910374
1357.69 3.31782014713
1358.87 3.72316468999
1360.04 3.92583696142
1361.2 4.02717309713
1362.37 3.51673922834
1363.54 3.82074763549
1364.69 3.41164990242
1365.85 3.77195616274
1367.01 3.19771806035
1368.19 3.10013511485
1369.36 3.42666266326
1370.52 3.02882450083
1371.68 3.20147125056
1372.85 3.47920732623
1374.02 3.61432217385
1375.2 3.3103137667
1376.36 3.53175198919
1377.53 3.26527548416
1378.69 3.13391382675
1379.86 3.07010959315
1381.04 2.84867137067
1382.2 3.29905419607
1383.36 3.52799879898
1384.52 3.07761597358
1385.68 3.60306260321
1386.84 3.30280738628
1388.0 3.52799879898
1389.16 3.45293499475
1390.32 3.22774358204
1391.48 3.30280738628
1392.64 3.52799879898
1393.8 3.26527548416
1394.96 3.50923284792
1396.12 3.44542861432
1397.3 3.22399039183
1398.47 3.11139468548
1399.64 3.05885002252
1400.8 3.02882450083
1401.96 3.39288395136
1403.12 3.57303708152
1404.29 3.28779462543
1405.46 3.70815192914
1406.63 3.35535204924
1407.79 2.99129259871
1408.96 3.55802432067
1410.12 3.46794775559
1411.29 3.61056898364
1412.46 3.30656057649
1413.63 3.53175198919
1414.79 3.45293499475
1415.95 3.22774358204
1417.11 3.49046689686
1418.28 3.2465095331
1419.44 3.12640744633
1420.61 3.06260321273
1421.77 3.40789671221
1422.93 3.76820297253
1424.09 3.38537757094
1425.25 3.19396487014
1426.42 3.47545413602
1427.59 3.23900315268
1428.75 3.68187959766
1429.92 3.71941149977
1431.08 3.73442426062
1432.24 3.37036481009
1433.4 3.56177751088
1434.56 3.46794775559
1435.72 3.23524996247
1436.89 3.49422008707
1438.06 3.06260321273
1439.23 3.03257769104
1440.39 3.01756493019
1441.55 3.01005854977
1442.71 3.19396487014
1443.88 3.4717009458
1445.06 3.23900315268
1446.22 3.30656057649
1447.39 3.53175198919
1448.56 3.26527548416
1449.72 3.13391382675
1450.88 3.07010959315
1452.06 3.03633088125
1453.22 3.20522444077
1454.39 3.10388830506
1455.56 3.43041585348
1456.72 3.21648401141
1457.89 3.48296051644
1459.06 3.43041585348
1460.23 3.21648401141
1461.4 3.11139468548
1462.56 3.61807536406
1463.72 3.49797327729
1464.89 3.25026272331
1466.06 3.5017264675
1467.23 3.25401591353
1468.4 3.68938597808
1469.56 3.34784566882
1470.72 2.9875394085
1471.89 2.99504578892
1473.06 3.3741180003
1474.22 3.18645848972
1475.38 3.28404143522
1476.55 3.32907971776
1477.71 3.35535204924
1478.88 3.17895210929
1480.05 2.90121603363
1481.22 3.14142020718
1482.39 3.25776910374
1483.55 3.13016063654
1484.71 3.44167542411
1485.88 3.599309413
1487.05 3.29905419607
1488.22 3.52799879898
1489.38 3.82825401591
1490.54 3.97838162438
1491.69 3.67812640745
1492.85 3.3403392884
1494.01 3.54676475004
1495.2 3.46044137517
1496.36 3.60681579342
1497.53 3.11890106591
1498.7 3.2465095331
1499.87 3.5017264675
1501.05 3.25026272331
1502.21 3.5017264675
1503.38 3.62933493469
1504.55 3.12640744633
1505.71 3.06635640294
1506.88 3.59555622279
1508.05 3.29905419607
1509.21 3.15267977781
1510.37 3.07761597358
1511.53 3.22774358204
1512.69 3.49046689686
1513.85 3.2465095331
1515.02 3.49797327729
1516.2 3.25026272331
1517.36 3.5017264675
1518.53 3.81699444528
1519.7 3.97087524396
1520.87 3.86203272782
1522.05 3.80948806486
1523.21 3.59180303258
1524.38 2.54841615373
1525.55 2.0229695241
1526.71 2.32697793124
1527.87 1.91412700796
1529.04 2.27068007807
1530.2 2.25942050743
1531.36 2.06800780664
1532.52 2.16183756193
1533.69 2.01921633388
1534.86 1.57258669869
1536.04 1.91037381775
1537.2 1.52004203573
1538.36 1.32112295451
1539.52 1.41119951959
1540.68 1.8315568233
1541.84 1.85407596457
1543.0 2.05299504579
1544.18 1.40369313917
1545.35 1.07716559075
1546.52 1.66266326377
1547.68 1.9591652905
1548.85 1.542561177
1550.02 1.33238252515
1551.2 1.04338687885
1552.36 1.45999099234
1553.52 1.29109743282
1554.68 1.20852724816
1555.85 1.542561177
1557.02 1.89911424711
1558.19 1.51253565531
1559.35 1.69268878547
1560.52 1.97417805134
1561.68 1.73772706801
1562.85 1.61762498123
1564.02 1.93664614923
1565.2 1.34364209578
1566.36 1.04714006906
1567.53 1.64765050293
1568.69 1.38868037832
1569.85 1.06965921033
1571.02 1.47125056298
1572.2 1.67392283441
1573.36 1.58759945954
1574.53 1.35865485663
1575.7 1.61762498123
1576.87 1.36991442726
1578.05 1.24981234049
1579.21 1.37366761747
1580.38 1.06215282991
1581.55 1.28359105239
1582.71 1.01711454737
1583.88 1.4449782315
1585.05 1.28734424261
1586.22 1.20477405795
1587.39 1.73022068758
1588.56 1.23855276985
1589.72 1.18225491668
1590.88 1.1559825852
1592.05 1.51628884552
1593.21 1.69644197568
1594.39 1.41119951959
1595.55 1.45623780213
1596.71 1.10343792223
1597.88 1.49001651404
1599.05 1.68142921483
1600.21 1.40369313917
1601.38 1.26482510134
1602.55 1.00960816694
1603.71 1.44122504129
1604.88 1.65891007356
1606.05 1.20477405795
1607.21 1.73022068758
1608.38 1.42621228044
1609.54 1.65140369314
1610.68 1.76399939949
1611.84 1.4449782315
1613.0 1.66266326377
1614.18 1.58009307912
1615.35 1.73022068758
1616.52 1.23855276985
1617.68 1.55757393785
1618.84 1.71896111695
1620.0 1.79777811139
1621.18 1.27233148176
1622.35 1.57633988891
1623.51 1.16348896562
1624.67 1.70770154631
1625.84 1.22729319922
1627.0 1.74148025822
1628.18 1.43371866086
1629.34 1.27983786218
1630.5 1.57633988891
1631.66 1.16348896562
1632.82 1.33238252515
1633.98 1.23104638943
1635.16 1.36616123705
1636.32 1.24605915028
1637.49 1.56132712806
1638.66 1.71896111695
1639.83 1.98543762198
1641.0 1.74148025822
1642.17 1.80903768203
1643.34 1.27983786218
1644.5 1.01711454737
1645.67 0.881999699745
1646.84 0.818195466146
1648.0 0.972076264825
1649.18 1.61011860081
1650.35 1.36991442726
1651.52 1.43371866086
1652.68 1.0921783516
1653.85 1.48626332383
1655.03 1.49376970425
1656.2 1.30986338388
1657.36 1.59135264975
1658.53 1.35865485663
1659.7 1.05464644948
1660.87 1.65515688335
1662.04 1.76399939949
1663.2 1.63263774208
1664.36 1.75649301907
1665.53 1.81654406245
1666.69 1.28359105239
1667.86 1.20477405795
1669.04 1.72646749737
1670.2 1.42621228044
1671.36 1.46374418256
1672.52 1.6701696442
1673.68 1.21228043837
1674.85 0.979582645248
1676.03 1.42996547065
1677.2 1.08842516139
1678.36 1.48251013361
1679.52 1.49376970425
1680.68 1.12220387329
1681.85 0.934544362708
1683.03 0.844467797628
1684.2 0.795676324876
1685.36 1.14847620477
1686.52 1.70019516589
1687.69 1.22729319922
1688.86 1.17474853626
1690.04 0.964569884402
1691.2 0.855727368263
1692.37 1.17850172647
1693.54 1.15222939499
1694.69 1.14096982435
1695.86 1.5087824651
1697.03 1.69268878547
1698.2 1.2197868188
1699.36 1.17474853626
1700.53 0.96081669419
1701.7 0.855727368263
1702.87 0.8031827053
1704.04 0.776910373818
1705.2 0.765650803183
1706.36 1.13346344393
1707.52 1.69268878547
1708.69 1.2197868188
1709.86 1.73772706801
1711.04 1.9929440024
1712.2 1.93664614923
1713.37 1.90662062753
1714.53 1.7039483561
1715.7 1.4149527098
1716.87 1.26857829155
1718.04 1.00960816694
1719.2 1.4449782315
1720.37 1.47125056298
1721.54 1.29860381324
1722.69 1.39993994896
1723.86 1.82780363309
1725.04 2.60096081669
1726.2 2.42831406696
1727.36 2.33823750188
1728.54 3.04759045188
1729.69 2.83741180003
1730.86 3.10764149527
1732.04 3.24275634289
1733.2 3.49797327729
1734.36 3.25026272331
1735.53 3.12640744633
1736.7 3.06260321273
1737.88 3.40789671221
1739.04 3.20522444077
1740.2 3.10388830506
1741.37 3.05509683231
1742.54 3.21648401141
1743.69 3.10764149527
1744.86 3.61807536406
1746.04 3.12265425612
1747.2 3.4379222339
1748.36 3.03257769104
1749.52 3.58054346194
1750.68 3.66686683681
1751.85 3.33658609818
1753.03 3.54301155983
1754.2 3.27278186458
1755.36 3.13766701696
1756.53 3.07010959315
1757.7 3.41164990242
1758.86 3.20897763099
1760.04 3.10388830506
1761.2 2.86743732172
1762.36 3.3103137667
1763.53 2.96877345744
1764.7 3.17144572887
1765.87 3.65185407596
1767.04 3.13766701696
1768.2 3.07010959315
1769.37 3.03633088125
1770.53 3.0213181204
1771.69 3.38537757094
1772.85 3.56928389131
1774.03 3.6631136466
1775.2 3.33283290797
1776.36 3.16769253866
1777.53 3.46044137517
1778.71 3.23149677226
1779.88 2.92748836511
1781.04 3.52799879898
1782.2 3.26527548416
1783.36 3.50923284792
1784.52 3.25776910374
1785.69 3.31782014713
1786.86 3.72316468999
1788.04 3.36285842967
1789.2 3.37036481009
1790.36 3.18645848972
1791.53 3.09262873442
1792.7 3.42290947305
1793.87 3.58804984237
1795.04 3.67062002702
1796.2 3.71190511935
1797.36 3.35910523945
1798.53 3.55427113046
1799.69 3.84326677676
1800.86 3.61056898364
1802.04 3.86953910824
1803.2 3.99714757544
1804.37 3.5017264675
1805.54 3.25026272331
1806.69 3.68938597808
1807.86 3.34784566882
1809.04 3.73817745083
1810.2 3.74568383126
1811.36 3.3741180003
1812.52 3.56177751088
1813.68 3.28404143522
1814.85 3.14142020718
1816.03 3.07386278337
1817.2 3.03633088125
1818.36 3.39663714157
1819.52 3.7606965921
1820.68 3.94460291248
1821.85 3.85077315718
1823.03 3.42666266326
1824.2 3.58804984237
1825.36 3.85827953761
1826.53 3.24275634289
1827.69 3.68563278787
1828.86 3.34409247861
1830.04 3.17519891908
1831.2 3.08887554421
1832.37 3.23149677226
1833.54 3.11890106591
1834.7 3.05885002252
1835.87 3.40789671221
1837.04 3.76820297253
1838.2 3.38537757094
1839.36 3.56928389131
1840.52 3.28404143522
1841.69 3.14517339739
1842.86 2.88620327278
1844.04 3.50547965771
1845.2 3.25401591353
1846.36 3.50547965771
1847.53 3.25401591353
1848.7 3.68938597808
1849.87 3.5355051794
1851.04 3.45668818496
1852.2 3.60306260321
1853.36 3.67812640745
1854.52 3.71565830956
1855.68 3.73442426062
1856.85 3.74568383126
1858.03 3.3741180003
1859.2 3.74943702147
1860.36 3.94084972226
1861.52 3.65936045639
1862.69 3.89205824951
1863.86 3.8245008257
1865.04 3.599309413
1866.2 3.49046689686
1867.36 3.2465095331
1868.53 3.12265425612
1869.7 3.06260321273
1870.88 3.40789671221
1872.04 2.82990541961
1873.2 2.91622879448
1874.36 2.96126707702
1875.53 3.35535204924
1876.69 3.55427113046
1877.86 3.65560726618
1879.04 3.32907971776
1880.2 3.53925836961
1881.36 3.46044137517
1882.53 3.23149677226
1883.7 3.30280738628
1884.86 3.3403392884
1886.03 3.35910523945
1887.2 3.1827052995
1888.36 3.28028824501
1889.53 3.14142020718
1890.7 3.25776910374
1891.87 2.75484161537
1893.04 2.87869689236
1894.2 3.31782014713
1895.36 3.34784566882
1896.53 3.17519891908
1897.7 3.46419456538
1898.87 3.60681579342
1900.04 3.49422008707
1901.2 3.43416904369
1902.37 3.03257769104
1903.53 3.20522444077
1904.7 3.47920732623
1905.87 3.23900315268
1907.04 3.3103137667
1908.2 3.34409247861
1909.36 3.17144572887
1910.53 3.2765350548
1911.7 3.13766701696
1912.87 3.07010959315
1914.04 3.03633088125
1915.19 3.39663714157
1916.35 3.57303708152
1917.52 3.6631136466
1918.68 3.33283290797
1919.85 3.16769253866
1921.03 3.27278186458
1922.2 3.32532652755
1923.37 2.97627983786
1924.54 2.61597357754
1925.7 2.43206725717
1926.87 2.1543311815
1928.04 2.20312265426
1929.2 2.04173547515
1930.36 1.77150577991
1931.53 1.63639093229
1932.7 1.75649301907
1933.87 1.62888455187
1935.04 1.37742080769
1936.2 1.62513136166
1937.37 1.94039933944
1938.54 1.53130160637
1939.69 1.32862933493
1940.86 1.03963368864
1942.04 1.08467197118
1943.2 1.29109743282
1944.36 1.20852724816
1945.53 1.542561177
1946.7 1.89911424711
1947.86 1.32487614472
1949.04 1.78651854076
1950.2 1.45623780213
1951.36 1.4787569434
1952.53 1.67767602462
1953.7 1.59135264975
1954.87 1.35865485663
1956.04 1.61762498123
1957.2 1.55757393785
1958.37 1.71896111695
1959.54 1.79777811139
1960.69 2.0229695241
1961.86 1.95165891007
1963.04 1.3511484762
1964.2 1.80153130161
1965.36 1.83906320372
1966.52 1.85782915478
1967.68 1.49001651404
1968.85 1.12220387329
1970.03 1.30986338388
1971.2 1.78276535055
1972.37 1.26482510134
1973.54 1.76024620928
1974.69 2.00420357304
1975.86 2.12805885002
1977.04 1.44122504129
1978.2 1.65891007356
1979.36 1.95541210029
1980.53 2.10178651854
1981.69 1.98919081219
1982.85 1.74523344843
1984.03 1.62513136166
1985.2 1.74898663864
1986.36 1.24981234049
1987.53 1.00210178652
1988.69 1.62513136166
1989.86 1.56508031827
1991.04 1.53130160637
1992.19 1.51628884552
1993.35 1.13346344393
1994.51 0.942050743132
1995.68 1.41119951959
1996.84 2.01921633388
1998.0 1.19726767753
1999.18 1.72271430716
2000.34 1.05089325927
2001.49 0.900765650803
2002.65 1.01336135715
2003.81 1.06965921033
2004.97 1.28359105239
2006.15 1.39243356853
2007.32 1.26107191112
2008.48 1.19351448731
2009.64 0.972076264825
2010.8 1.61011860081
2011.96 1.18225491668
2013.13 0.776910373818
2014.29 0.765650803183
2015.45 1.32112295451
2016.62 1.22354000901
2017.78 1.73772706801
2018.95 1.24230596007
2020.12 0.810689085723
2021.28 1.1559825852
2022.44 1.89160786669
2023.6 1.13346344393
2024.76 1.88034829605
2025.92 1.1259570635
2027.07 0.93829755292
2028.23 0.844467797628
2029.39 1.36240804684
2030.56 1.61762498123
2031.72 0.998348596307
2032.88 1.62513136166
2034.05 1.18600810689
2035.22 0.968323074613
2036.38 1.42245909023
2037.54 1.83906320372
2038.69 1.6701696442
2039.86 1.20852724816
2041.04 0.979582645248
2042.2 1.61762498123
2043.36 1.74523344843
2044.52 1.24981234049
2045.69 1.56132712806
2046.86 1.71896111695
2048.04 1.61011860081
2049.2 1.36991442726
2050.36 1.62137817145
2051.53 1.74898663864
2052.69 1.62513136166
2053.86 1.56508031827
2055.04 1.34364209578
2056.2 1.42245909023
2057.36 1.46374418256
2058.52 1.29485062303
2059.68 1.39618675874
2060.85 1.63639093229
2062.03 1.94415252965
2063.2 1.34739528599
2064.36 1.23855276985
2065.52 1.74523344843
2066.68 1.24605915028
2067.85 1.56132712806
2069.03 1.71896111695
2070.19 1.98543762198
2071.35 1.55757393785
2072.52 1.52754841615
2073.68 2.07926737727
2074.84 1.79027173097
2076.01 1.08091878096
2077.17 1.4787569434
2078.33 1.67767602462
2079.49 1.40369313917
2080.66 1.07716559075
2081.83 1.28734424261
2082.99 1.58384626933
2084.16 1.91788019817
2085.33 1.70770154631
2086.49 1.23104638943
2087.66 1.36616123705
2088.83 1.05839963969
2090.0 1.0921783516
2091.17 1.10719111245
2092.33 1.30611019366
2093.49 1.028374118
2094.66 1.26482510134
2095.83 1.75649301907
2096.99 1.81654406245
2098.16 1.09593154181
2099.32 1.48626332383
2100.48 1.68142921483
2101.64 1.59135264975
2102.8 1.17099534604
2103.97 1.52379522594
2105.14 1.32487614472
2106.3 1.60261222039
2107.47 1.55006755742
2108.64 1.71520792674
2109.8 1.79402492118
2110.96 2.0229695241
2112.12 1.95165891007
2113.28 1.72646749737
2114.44 1.23855276985
2115.6 1.74523344843
2116.76 1.05839963969
2117.93 1.0921783516
2119.09 1.29860381324
2120.26 1.77525897012
2121.43 1.26107191112
2122.59 1.56883350848
2123.75 1.91037381775
2124.91 1.70770154631
2126.08 2.35325026272
2127.24 2.67977781114
2128.4 2.84116499024
2129.56 3.10764149527
2130.72 2.67977781114
2131.89 2.46584596907
2133.06 2.36075664315
2134.23 3.05509683231
2135.4 3.59180303258
2136.56 3.67437321723
2137.72 3.1489265876
2138.89 2.88995646299
2140.05 3.32157333734
2141.22 3.34784566882
2142.38 3.36285842967
2143.54 3.1827052995
2144.69 2.90496922384
2145.86 3.32907971776
2147.03 3.16769253866
2148.2 2.89746284342
2149.36 3.32532652755
2150.52 3.7269178802
2151.68 3.17519891908
2152.85 2.71355652304
2154.03 2.48461192013
2155.2 3.30656057649
2156.36 2.96502026723
2157.52 2.98378621829
2158.68 2.99504578892
2159.85 2.81113946855
2161.03 2.90496922384
2162.19 3.51673922834
2163.36 3.26152229395
2164.52 3.50547965771
2165.68 3.44167542411
2166.85 3.03633088125
2168.02 3.39288395136
2169.18 3.57303708152
2170.35 3.28779462543
2171.52 3.70815192914
2172.68 2.98003302807
2173.84 2.99129259871
2175.02 2.99879897913
2176.19 2.99879897913
2177.35 3.00255216934
2178.5 3.37787119051
2179.65 3.37787119051
2180.81 3.19021167993
2181.97 3.09638192464
2183.15 3.04759045188
2184.32 3.58804984237
2185.48 3.67062002702
2186.64 3.33658609818
2187.8 3.73442426062
2188.97 3.36661161988
2190.15 3.18645848972
2191.32 3.09262873442
2192.48 3.42290947305
2193.65 3.2127308212
2194.82 3.10764149527
2195.99 3.43041585348
2197.16 3.59180303258
2198.33 3.29905419607
2199.5 3.52424560877
2200.66 3.45293499475
2201.82 3.41540309263
2202.98 3.20897763099
2204.16 3.66686683681
2205.32 3.33658609818
2206.48 3.73067107041
2207.64 3.36661161988
2208.8 3.56177751088
2209.97 3.28028824501
2211.15 3.32907971776
2212.32 3.54301155983
2213.48 3.64810088575
2214.65 3.32532652755
2215.82 3.16393934845
2217.0 3.08136916379
2218.17 3.41915628284
2219.34 3.39663714157
2220.49 3.38913076115
2221.65 3.56928389131
2222.82 3.10013511485
2223.99 3.0513436421
2225.17 3.58804984237
2226.33 3.10764149527
2227.49 3.43041585348
2228.66 3.21648401141
2229.83 3.29905419607
2231.0 2.96126707702
2232.17 3.17144572887
2233.34 3.085122354
2234.5 3.04383726167
2235.67 3.02507131061
2236.83 3.01381173998
2237.99 3.38162438072
2239.16 3.19396487014
2240.32 3.09638192464
2241.49 3.42666266326
2242.66 3.02507131061
2243.82 3.57679027173
2244.99 3.10388830506
2246.16 3.0513436421
2247.33 3.59180303258
2248.49 3.29530100585
2249.65 3.1489265876
2250.82 3.07761597358
2251.98 3.22774358204
2253.15 3.30280738628
2254.31 3.15267977781
2255.47 3.07761597358
2256.63 3.04008407146
2257.78 3.39663714157
2258.94 3.19771806035
2260.1 3.28779462543
2261.27 3.14517339739
2262.44 3.26152229395
2263.6 3.32157333734
2264.76 3.72316468999
2265.92 3.17519891908
2267.08 3.46419456538
2268.25 3.23524996247
2269.42 3.68187959766
2270.58 3.71565830956
2271.73 3.35910523945
2272.9 3.1827052995
2274.07 3.09262873442
2275.24 3.04759045188
2276.4 3.02507131061
2277.56 3.38913076115
2278.72 3.19396487014
2279.88 2.91247560426
2281.05 3.33283290797
2282.21 3.16769253866
2283.38 3.085122354
2284.55 3.41915628284
2285.72 3.58429665215
2286.88 3.29530100585
2288.05 3.52424560877
2289.22 3.44918180453
2290.39 3.41540309263
2291.55 3.39663714157
2292.7 3.19771806035
2293.87 3.10013511485
2295.04 3.42666266326
2296.2 3.59180303258
2297.36 3.48296051644
2298.53 3.24275634289
2299.7 3.12265425612
2300.87 3.06260321273
2302.04 3.40789671221
2303.2 3.76820297253
2304.36 3.19771806035
2305.52 3.28779462543
2306.68 3.33283290797
2307.84 3.16769253866
2309.01 2.89746284342
2310.18 2.7623479958
2311.35 2.88245008257
2312.52 3.13016063654
2313.68 3.44167542411
2314.85 3.59555622279
2316.02 3.67437321723
2317.19 3.71565830956
2318.36 3.35910523945
2319.52 3.36661161988
2320.68 3.18645848972
2321.84 3.28028824501
2323.01 3.70439873893
2324.17 3.16769253866
2325.34 2.52214382225
2326.5 2.57468848521
2327.66 2.03798228494
2328.83 2.33073112145
2330.01 2.29319921934
2331.17 2.27068007807
2332.33 2.07551418706
2333.5 1.97417805134
2334.67 1.55006755742
2335.84 1.52754841615
2337.0 1.70019516589
2338.17 1.4149527098
2339.34 1.26857829155
2340.5 1.00960816694
2341.67 1.06965921033
2342.84 1.09593154181
2344.0 1.67392283441
2345.17 1.39993994896
2346.34 1.07716559075
2347.5 1.28734424261
2348.67 1.77150577991
2349.84 1.44873142171
2351.0 1.47500375319
2352.17 1.48626332383
2353.34 1.30611019366
2354.5 1.21603362858
2355.67 1.54631436721
2356.84 1.71145473653
2358.01 1.6063654106
2359.17 1.36616123705
2360.35 1.05839963969
2361.52 1.46749737277
2362.68 1.86158234499
2363.85 1.30611019366
2365.02 1.028374118
2366.19 1.26482510134
2367.36 1.75649301907
2368.53 1.2535655307
2369.69 1.56508031827
2370.86 1.72271430716
2372.03 1.61011860081
2373.2 1.36991442726
2374.36 1.24605915028
2375.53 1.18600810689
2376.7 1.53130160637
2377.86 1.32862933493
2379.03 1.03963368864
2380.2 1.27233148176
2381.36 1.00960816694
2382.52 1.25731872091
2383.69 1.56508031827
2384.86 1.15973577541
2386.02 1.7039483561
2387.19 1.22729319922
2388.36 1.36616123705
2389.52 1.05839963969
2390.68 0.904518841015
2391.85 1.38868037832
2393.02 1.63263774208
2394.19 1.19351448731
2395.36 0.972076264825
2396.52 1.42245909023
2397.68 1.27608467197
2398.84 1.20102086774
2400.02 0.975829455037
2401.17 1.42621228044
2402.34 1.27608467197
2403.49 1.01336135715
2404.65 1.25731872091
2405.82 1.75273982885
2406.99 2.00420357304
2408.16 1.37742080769
2409.33 1.62513136166
2410.5 1.75273982885
2411.67 1.81279087224
2412.84 1.47125056298
2414.0 1.67392283441
2415.17 1.39993994896
2416.34 1.26107191112
2417.5 1.56883350848
2418.67 1.72271430716
2419.84 1.80153130161
2421.01 1.65140369314
2422.16 1.57633988891
2423.32 1.16348896562
2424.48 0.957063503978
2425.65 0.851974178051
2426.82 0.8031827053
2427.99 1.15222939499
2429.16 1.32487614472
2430.32 1.60261222039
2431.49 1.73772706801
2432.66 1.80903768203
2433.83 1.46749737277
2435.0 1.6701696442
2436.17 1.77525897012
2437.34 1.44873142171
2438.5 1.09968473202
2439.67 0.927037982285
2440.84 1.39993994896
2442.0 1.82780363309
2443.17 1.47500375319
2444.34 1.67767602462
2445.5 1.96291848071
2446.67 2.10929289896
2447.84 1.61762498123
2449.02 1.18225491668
2450.18 1.53130160637
2451.34 1.7039483561
2452.51 1.79027173097
2453.67 1.64389731272
2454.84 1.76024620928
2456.01 1.4449782315
2457.17 1.65891007356
2458.34 1.39243356853
2459.5 1.26107191112
2460.67 1.00585497673
2461.84 1.06590602012
2463.01 1.84656958415
2464.18 1.29860381324
2465.35 1.02462092779
2466.52 1.07341240054
2467.68 1.66266326377
2468.84 1.39618675874
2470.01 1.82405044288
2471.18 1.85032277436
2472.35 1.67392283441
2473.52 1.77525897012
2474.68 1.45248461192
2475.85 1.28734424261
2477.02 1.20852724816
2478.19 1.35490166642
2479.36 1.61387179102
2480.52 1.74523344843
2481.68 1.81279087224
2482.85 1.65515688335
2484.02 1.7677525897
2485.19 1.4449782315
2486.36 1.85032277436
2487.52 1.29860381324
2488.69 1.58759945954
2489.86 1.7339738778
2491.03 1.24230596007
2492.2 1.18225491668
2493.36 1.1559825852
2494.52 1.14096982435
2495.68 1.32112295451
2496.85 1.22354000901
2498.02 1.17474853626
2499.19 1.33613571536
2500.36 1.41870590002
2501.52 1.27233148176
2502.69 1.20102086774
2503.85 1.53880798679
2505.02 2.08302056748
2506.18 1.4149527098
2507.35 1.83531001351
2508.52 1.4787569434
2509.68 1.8653355352
2510.84 1.87284191563
2512.02 1.49752289446
2513.18 1.31361657409
2514.34 1.2197868188
2515.5 1.35865485663
2516.67 1.24230596007
2517.84 1.56132712806
2519.01 1.90662062753
2520.17 1.89160786669
2521.33 1.32112295451
2522.5 1.22354000901
2523.67 1.73772706801
2524.84 1.9929440024
2526.0 1.74898663864
2527.17 2.18810989341
2528.34 2.78111394685
2529.5 2.51839063204
2530.67 2.38327578442
2531.84 2.88245008257
2533.0 2.94250112596
2534.17 2.97252664765
2535.34 2.9875394085
2536.5 3.1827052995
2537.66 3.28028824501
2538.83 3.32907971776
2539.99 3.35159885903
2541.16 3.74193064104
2542.33 3.37036481009
2543.49 3.56177751088
2544.66 3.84701996697
2545.83 3.61056898364
2547.0 2.93124155532
2548.17 3.34409247861
2549.34 3.17144572887
2550.5 3.46419456538
2551.67 3.23149677226
2552.84 3.11890106591
2554.01 3.43416904369
2555.18 3.59555622279
2556.35 3.29905419607
2557.52 3.52424560877
2558.68 3.26527548416
2559.84 3.13391382675
2561.01 3.44167542411
2562.18 3.22399039183
2563.35 3.67437321723
2564.52 3.15267977781
2565.68 3.07761597358
2566.84 3.60306260321
2568.0 3.11514787569
2569.16 3.62182855427
2570.33 3.68563278787
2571.49 3.71941149977
2572.66 3.36285842967
2573.83 3.55802432067
2575.0 3.46794775559
2576.16 3.42290947305
2577.33 3.58804984237
2578.49 3.29530100585
2579.65 3.1489265876
2580.82 3.07386278337
2582.0 3.04008407146
2583.16 3.0213181204
2584.32 3.19771806035
2585.49 3.47545413602
2586.66 3.80198168443
2587.83 3.40414352199
2589.0 3.76444978231
2590.16 3.7606965921
2591.32 3.75694340189
2592.48 3.75319021168
2593.64 3.5655307011
2594.8 3.28404143522
2595.96 3.14517339739
2597.14 3.07386278337
2598.3 3.41164990242
2599.46 3.58429665215
2600.63 3.47920732623
2601.79 3.61807536406
2602.96 3.87329229845
2604.13 3.4379222339
2605.3 3.22023720162
2606.47 3.67437321723
2607.64 3.33658609818
2608.8 3.73442426062
2609.96 3.74193064104
2611.14 3.74943702147
2612.3 3.56177751088
2613.47 3.65936045639
2614.64 3.70439873893
2615.8 3.54301155983
2616.96 3.27278186458
2618.14 3.51298603813
2619.3 3.25776910374
2620.47 3.13016063654
2621.64 2.87869689236
2622.8 2.93874793575
2623.97 3.5355051794
2625.15 3.26902867437
2626.32 3.6968923585
2627.48 3.35159885903
2628.64 3.55051794025
2629.8 3.83951358655
2630.97 3.79822849422
2632.15 3.40039033178
2633.31 3.38913076115
2634.47 3.19396487014
2635.64 3.28779462543
2636.8 3.14517339739
2637.97 3.07386278337
2639.15 3.03633088125
2640.31 3.20897763099
2641.48 3.29154781564
2642.64 3.71190511935
2643.8 3.16769253866
2644.97 3.27278186458
2646.15 3.51298603813
2647.32 3.25776910374
2648.48 3.69313916829
2649.64 3.91082420057
2650.8 3.83200720613
2651.97 3.60681579342
2653.16 3.67812640745
2654.32 3.71565830956
2655.48 3.73442426062
2656.64 3.74568383126
2657.8 3.3741180003
2658.96 3.56177751088
2660.14 3.65936045639
2661.3 3.89205824951
2662.47 3.63684131512
2663.64 3.88079867888
2664.8 3.44167542411
2665.96 3.78696892359
2667.13 3.39288395136
2668.29 3.7606965921
2669.45 3.38162438072
2670.62 3.19396487014
2671.78 3.4717009458
2672.95 3.23900315268
2674.12 3.49422008707
2675.29 3.25026272331
2676.46 3.5017264675
2677.63 3.4379222339
2678.79 3.22023720162
2679.96 3.11139468548
2681.14 3.05885002252
2682.3 3.40414352199
2683.46 3.20522444077
2684.63 3.66686683681
2685.79 3.33283290797
2686.96 3.73067107041
2688.13 3.55427113046
2689.3 3.46794775559
2690.47 3.42290947305
2691.64 3.58804984237
2692.8 3.48296051644
2693.96 3.61807536406
2695.14 3.68563278787
2696.3 3.71941149977
2697.47 3.73442426062
2698.63 3.37036481009
2699.79 3.56177751088
2700.96 3.65560726618
2702.13 3.51673922834
2703.3 3.44918180453
2704.47 3.22399039183
2705.64 3.67812640745
2706.8 3.3403392884
2707.96 3.73442426062
2709.13 3.74193064104
2710.29 3.56177751088
2711.45 3.65560726618
2712.62 3.32907971776
2713.78 3.35535204924
2714.95 3.55427113046
2716.12 3.46419456538
2717.29 3.61056898364
2718.46 3.30656057649
2719.63 3.52799879898
2720.79 3.45293499475
2721.95 3.60306260321
2723.11 3.67812640745
2724.27 3.90331782015
2725.43 3.45293499475
2726.59 3.22774358204
2727.74 2.92748836511
2728.89 2.58970124606
2730.05 2.04548866537
2731.22 1.77525897012
2732.39 1.82405044288
2733.55 2.03798228494
2734.71 2.14682480108
2735.88 1.82405044288
2737.04 1.66266326377
2738.21 1.95541210029
2739.38 1.91788019817
2740.55 2.08302056748
2741.71 1.98168443177
2742.88 2.11679927939
2744.04 1.43371866086
2745.2 1.46749737277
2746.37 1.85782915478
2747.54 1.49376970425
2748.69 1.87284191563
2749.86 1.30986338388
2751.03 1.59510583996
2752.2 1.35865485663
2753.36 1.05464644948
2754.53 1.46749737277
2755.7 1.6701696442
2756.87 1.39993994896
2758.04 1.82405044288
2759.2 1.47500375319
2760.36 1.30235700345
2761.53 1.58759945954
2762.7 1.92163338838
2763.87 1.33613571536
2765.04 1.23104638943
2766.2 1.74148025822
2767.36 1.24605915028
2768.53 1.37366761747
2769.69 1.81279087224
2770.86 1.84281639393
2772.03 1.67392283441
2773.2 1.58759945954
2774.36 1.542561177
2775.53 1.52379522594
2776.69 1.32487614472
2777.86 1.78651854076
2779.03 1.45623780213
2780.2 1.29109743282
2781.36 1.77150577991
2782.53 1.26107191112
2783.7 1.19351448731
2784.87 1.53505479658
2786.03 1.8953610569
2787.19 1.5087824651
2788.35 1.88034829605
2789.51 1.3173697643
2790.68 1.2197868188
2791.84 1.36240804684
2793.01 1.42996547065
2794.17 1.27983786218
2795.34 1.57633988891
2796.49 1.72646749737
2797.65 1.42621228044
2798.81 1.65140369314
2799.97 1.76399939949
2801.14 1.63263774208
2802.3 1.75649301907
2803.47 1.2535655307
2804.64 1.75273982885
2805.8 1.43747185107
2806.96 1.09593154181
2808.14 1.67392283441
2809.3 1.77525897012
2810.47 1.26107191112
2811.64 1.56883350848
2812.8 1.72271430716
2813.97 1.80153130161
2815.14 1.83906320372
2816.29 1.85782915478
2817.45 1.67767602462
2818.62 1.40369313917
2819.78 1.07716559075
2820.95 1.66266326377
2822.12 1.77150577991
2823.29 1.82405044288
2824.45 2.03798228494
2825.62 1.39243356853
2826.78 1.07341240054
2827.95 1.47500375319
2829.12 1.48626332383
2830.28 1.68142921483
2831.44 1.59135264975
2832.6 1.54631436721
2833.76 1.33613571536
2834.93 1.23104638943
2836.09 1.36616123705
2837.25 1.24605915028
2838.42 1.74898663864
2839.59 1.81279087224
2840.75 1.84656958415
2841.92 1.86158234499
2843.08 1.49376970425
2844.24 1.87284191563
2845.4 1.87284191563
2846.56 1.50127608467
2847.72 1.87659510584
2848.88 1.50127608467
2850.04 1.31361657409
2851.2 1.2197868188
2852.36 1.17099534604
2853.53 1.14847620477
2854.69 1.51253565531
2855.85 1.69644197568
2857.02 1.41119951959
2858.19 1.64389731272
2859.36 1.38492718811
2860.52 1.62888455187
2861.68 1.75273982885
2862.85 1.44122504129
2864.02 1.09593154181
2865.19 1.48626332383
2866.36 1.86908872542
2867.52 1.30986338388
2868.68 1.40369313917
2869.85 1.07716559075
2871.02 1.29109743282
2872.19 1.39618675874
2873.36 1.26107191112
2874.53 1.56883350848
2875.7 1.72271430716
2876.87 1.61011860081
2878.04 1.18225491668
2879.2 1.15222939499
2880.36 1.14096982435
2881.52 1.13346344393
2882.68 0.942050743132
2883.85 1.2197868188
2885.02 1.73772706801
2886.19 1.9929440024
2887.36 1.56132712806
2888.52 1.71896111695
2889.68 1.42245909023
2890.85 1.08467197118
2892.02 1.48251013361
2893.18 1.11469749287
2894.35 1.49752289446
2895.52 1.68518240504
2896.68 1.59510583996
2897.85 1.54631436721
2899.02 1.14847620477
