0.0 1.30235700345
1.17 1.21603362858
2.34 1.17099534604
3.51 1.14847620477
4.68 1.13721663414
5.84 1.12971025372
7.0 1.50502927488
8.17 1.68893559526
9.33 1.40744632938
10.5 1.26857829155
11.68 1.19726767753
12.84 1.34739528599
14.0 1.80153130161
15.16 1.27608467197
16.33 0.82570184657
17.49 0.788169944453
18.65 0.957063503978
19.82 1.03963368864
20.99 1.27233148176
22.16 1.38492718811
23.32 1.06965921033
24.49 0.908272031227
25.66 1.7677525897
26.84 1.26107191112
28.0 1.3811739979
29.17 1.06590602012
30.34 1.09593154181
31.51 1.29860381324
32.68 1.77525897012
33.85 1.26107191112
35.0 1.75649301907
36.18 1.44122504129
37.35 1.09593154181
38.51 1.11094430266
39.68 1.86908872542
40.85 1.49752289446
42.0 1.1259570635
43.16 1.50127608467
44.32 1.50127608467
45.47 1.87659510584
46.63 1.31361657409
47.79 1.03212730821
48.95 1.6401441225
50.11 1.94790571986
51.28 1.91037381775
52.44 2.08302056748
53.61 2.16559075214
54.78 1.45999099234
55.95 0.91577841165
57.11 1.39618675874
58.27 1.26107191112
59.44 1.00585497673
60.61 0.878246509533
61.78 1.1897612971
62.95 1.15973577541
64.11 1.32862933493
65.27 0.851974178051
66.44 0.990842215884
67.61 0.87074012911
68.78 0.810689085723
69.95 0.968323074613
71.11 1.23479957964
72.28 1.9291397688
73.45 1.52754841615
74.6 2.07926737727
75.77 1.4149527098
76.94 1.08091878096
78.1 1.29109743282
79.27 1.20852724816
80.43 1.35490166642
81.6 1.61762498123
82.77 1.18225491668
83.94 0.968323074613
85.1 1.23479957964
86.27 1.55382074764
87.43 1.15222939499
88.6 1.32862933493
89.76 1.03963368864
90.93 1.08091878096
92.09 1.66641645399
93.26 1.02086773758
94.43 1.26107191112
95.6 1.3811739979
96.76 1.62888455187
97.92 1.56508031827
99.08 1.34739528599
100.25 0.859480558475
101.41 0.806935895511
102.58 1.71520792674
103.76 1.61011860081
104.92 1.36616123705
106.08 1.05839963969
107.25 1.0921783516
108.41 0.735625281489
109.58 0.930791172497
110.75 1.028374118
111.91 1.07716559075
113.07 1.28734424261
114.24 1.9591652905
115.4 2.10553970875
116.57 2.55216934394
117.73 3.52799879898
118.89 4.0159135265
120.04 5.38582795376
121.21 5.69734274133
122.38 5.85122354001
123.55 6.11394685483
124.71 5.87374268128
125.87 5.74988740429
127.03 5.50217685032
128.2 6.12895961567
129.37 5.8812490617
130.54 6.12895961567
131.71 6.63188710404
132.87 6.50427863684
134.03 6.81954661462
135.2 6.22278937097
136.37 5.73862783366
137.55 5.87374268128
138.71 6.50052544663
139.87 6.25281489266
141.03 6.69193814743
142.2 6.16273832758
143.37 6.27158084372
144.54 6.1364659961
145.71 6.44798078367
146.88 6.78952109293
148.03 6.58309563129
149.2 7.04473802732
150.37 7.08977630986
151.54 6.54556372917
152.71 6.08767452334
153.87 5.85872992043
155.03 6.49677225642
156.2 6.8120402342
157.37 6.22278937097
158.54 6.86458489716
159.71 6.24530851224
160.87 5.93754691488
162.03 5.7836661162
163.2 6.08392133313
164.37 5.85497673022
165.53 5.93004053445
166.69 5.96757243657
167.85 6.54931691938
169.0 6.84206575589
170.17 6.98468698394
171.35 7.05975078817
172.51 7.09352950008
173.68 6.3616574088
174.84 5.99759795826
176.01 6.18901065906
177.18 6.09518090377
178.35 6.61312115298
179.51 7.05975078817
180.69 6.53430415853
181.86 6.83080618526
183.02 6.23029575139
184.18 5.93004053445
185.34 6.53055096832
186.5 6.83080618526
187.67 6.79327428314
188.84 6.5868488215
190.0 6.2978531752
191.18 6.15147875694
192.35 6.63939348446
193.51 6.1364659961
194.68 5.8812490617
195.85 5.75739378472
197.01 5.8812490617
198.18 5.94130010509
199.35 5.97507881699
200.51 5.80243206726
201.68 5.71610869239
202.85 5.85872992043
204.01 6.49677225642
205.18 6.24906170245
206.35 6.31661912626
207.51 6.72196366912
208.69 6.36541059901
209.85 6.7482360006
211.0 6.56432968023
212.17 6.8458189461
213.34 6.98844017415
214.51 6.49677225642
215.69 6.25281489266
216.85 6.31661912626
218.0 6.15898513737
219.17 5.89626182255
220.34 5.94880648551
221.51 6.54181053896
222.69 6.27158084372
223.85 6.70319771806
225.0 6.54181053896
226.17 6.83455937547
227.34 6.2340489416
228.51 5.93004053445
229.68 6.15523194716
230.84 6.64314667467
232.0 6.88710403843
233.17 7.01095931542
234.34 6.69569133764
235.51 6.35039783816
236.68 5.99009157784
237.85 6.18525746885
239.0 6.09518090377
240.17 6.61312115298
241.34 6.49677225642
242.51 6.24906170245
243.68 6.31661912626
244.85 6.72196366912
246.0 6.92838913076
247.17 7.02972526648
248.34 7.07851673923
249.51 6.54181053896
250.68 6.83831256568
251.85 6.2340489416
253.01 5.93004053445
254.17 6.53055096832
255.33 6.26782765351
256.49 6.51178501726
257.67 6.26032127308
258.84 6.32037231647
260.0 5.97507881699
261.17 5.80243206726
262.34 5.71610869239
263.51 6.42170845218
264.68 6.21528299054
265.85 5.92253415403
267.0 5.96381924636
268.17 5.98258519742
269.34 5.80618525747
270.51 6.28284041435
271.69 6.3316318871
272.85 6.16649151779
274.0 6.08767452334
275.17 6.60936796277
276.34 6.86833808737
277.5 6.43672121303
278.68 6.22278937097
279.85 6.11394685483
281.0 5.86998949107
282.17 6.12520642546
283.34 6.62813391383
284.51 6.50427863684
285.68 6.06890857229
286.85 6.41044888155
288.0 6.02011709953
289.16 6.01261071911
290.33 5.82119801832
291.5 6.10268728419
292.68 5.86623630086
293.84 6.30911274583
295.01 5.97132562678
296.18 5.79867887705
297.35 5.90376820297
298.51 6.89085722864
299.68 7.01095931542
300.85 6.32037231647
302.0 6.72571685933
303.17 6.92838913076
304.34 6.65440624531
305.51 6.51929139769
306.68 6.82329980483
307.85 7.1648401141
309.0 7.33748686383
310.17 7.23239753791
311.34 6.80828704399
312.51 6.96967422309
313.69 7.04849121753
314.85 7.08977630986
316.0 7.29995496172
317.17 5.90001501276
318.34 4.45128359105
319.51 4.28989641195
320.68 3.46044137517
321.86 2.85617775109
323.02 2.73982885453
324.19 2.1205524696
325.35 2.18810989341
326.51 1.84281639393
327.68 1.86158234499
328.85 1.68142921483
330.0 2.1543311815
331.17 2.39078216484
332.34 1.75649301907
333.51 1.2535655307
334.68 1.94039933944
335.85 1.72271430716
337.01 1.42245909023
338.18 1.46374418256
339.34 1.10719111245
340.51 1.30235700345
341.68 1.96667167092
342.85 2.29695240955
344.01 1.71145473653
345.18 1.6063654106
346.35 1.17850172647
347.51 1.15222939499
348.68 1.13721663414
349.84 0.945803933343
351.01 1.03588049842
352.18 1.64389731272
353.35 1.57258669869
354.51 1.15973577541
355.68 1.8953610569
356.84 2.07176099685
358.01 1.59885903018
359.18 1.92538657859
360.35 1.71520792674
361.51 1.23104638943
362.68 1.74148025822
363.86 1.99669719261
365.02 1.56132712806
366.19 2.09428013812
367.35 2.17309713256
368.51 1.46374418256
369.68 1.29485062303
370.84 1.58384626933
372.01 1.35490166642
373.19 1.05464644948
374.35 1.08842516139
375.51 1.29485062303
376.68 1.39993994896
377.85 1.44873142171
379.0 1.28734424261
380.17 1.39618675874
381.34 1.82405044288
382.51 1.47500375319
383.68 1.11094430266
384.84 1.11845068308
386.0 1.12220387329
387.17 1.1259570635
388.33 1.87659510584
389.48 1.68893559526
390.64 1.2197868188
391.82 1.17099534604
392.99 1.14847620477
394.15 1.88785467648
395.31 2.25942050743
396.47 2.4433268278
397.65 1.59510583996
398.82 1.17474853626
399.99 1.33613571536
401.16 1.79402492118
402.32 1.27233148176
403.49 1.20102086774
404.66 1.53880798679
405.84 1.14472301456
407.0 0.758144422759
408.16 1.3173697643
409.33 1.03588049842
410.5 1.26857829155
411.68 1.00960816694
412.84 1.06590602012
414.0 1.65891007356
415.18 2.14307161087
416.35 2.19936946404
417.51 2.41330130611
418.68 1.58009307912
419.85 0.979582645248
421.01 0.863233748686
422.17 0.994595406095
423.34 1.06215282991
424.51 1.27983786218
425.68 1.58009307912
426.85 1.53880798679
428.0 1.33238252515
429.17 1.98168443177
430.34 1.55382074764
431.51 1.15222939499
432.68 0.949557123555
433.84 0.851974178051
435.01 0.799429515088
436.18 0.964569884402
437.35 1.04338687885
438.51 1.08467197118
439.68 1.10719111245
440.84 1.49001651404
442.0 1.30986338388
443.17 1.59135264975
444.34 1.54631436721
445.51 1.52379522594
446.68 1.51253565531
447.84 1.13346344393
449.0 0.942050743132
450.17 1.03212730821
451.34 0.89325927038
452.51 1.19726767753
453.68 0.972076264825
454.84 0.675574238102
456.01 1.08842516139
457.17 1.10719111245
458.34 1.8653355352
459.51 2.2481609368
460.68 1.68518240504
461.84 1.40744632938
463.01 1.82780363309
464.18 2.04173547515
465.35 1.58384626933
466.51 1.542561177
467.68 1.8953610569
468.84 1.32487614472
470.01 1.03588049842
471.18 1.8315568233
472.35 1.29109743282
473.51 1.20852724816
474.68 0.979582645248
475.84 0.866986938898
477.01 0.994595406095
478.18 1.81279087224
479.35 1.65515688335
480.51 1.39243356853
481.68 1.25731872091
482.85 1.94415252965
484.01 1.34739528599
485.18 1.42245909023
486.35 1.08842516139
487.51 1.48251013361
488.68 1.11469749287
489.84 1.12220387329
491.01 0.934544362708
492.18 0.844467797628
493.35 0.795676324876
494.51 1.14847620477
495.68 1.13721663414
496.84 1.69644197568
498.01 1.41119951959
499.18 1.08091878096
500.35 1.29109743282
501.51 1.77150577991
502.68 1.63639093229
503.84 1.00585497673
505.01 1.2535655307
506.19 1.37742080769
507.35 1.06215282991
508.51 1.09593154181
509.68 0.923284792073
510.85 1.02462092779
512.0 0.885752889956
513.17 0.818195466146
514.34 1.53505479658
515.5 0.957063503978
516.68 1.22729319922
517.84 2.11679927939
519.01 3.3103137667
520.18 4.09473052094
521.35 5.04804083471
522.51 5.5284491818
523.68 5.76490016514
524.84 5.88500225191
526.0 5.75739378472
527.17 5.69358955112
528.34 6.03888305059
529.5 5.83245758895
530.68 6.1064404744
531.84 6.43296802282
533.01 6.21903618075
534.18 6.67317219637
535.35 6.15147875694
536.51 6.64314667467
537.68 6.88710403843
538.84 6.25656808287
540.01 6.13271280589
541.18 6.63188710404
542.35 6.31661912626
543.51 5.97507881699
544.68 5.99009157784
545.84 5.99759795826
547.0 6.18901065906
548.18 6.09518090377
549.35 6.23780213181
550.51 5.93379372467
551.68 5.7836661162
552.85 6.45548716409
554.0 6.0426362408
555.17 6.5868488215
556.34 6.2978531752
557.51 6.33913826753
558.68 6.170244708
559.85 5.71235550218
561.0 6.04638943102
562.17 5.83996396937
563.34 5.92253415403
564.51 6.15147875694
565.68 5.88875544213
566.84 5.94880648551
568.01 6.53805734875
569.18 6.08392133313
570.35 6.04638943102
571.51 5.83621077916
572.68 5.92253415403
573.85 5.96381924636
575.0 6.54556372917
576.17 6.46299354451
577.34 6.42170845218
578.51 6.02762347996
579.68 6.57934244107
580.84 6.29034679478
582.01 6.71070409848
583.18 6.54556372917
584.35 6.27533403393
585.51 5.95255967572
586.68 6.35415102837
587.84 6.74448281039
589.01 6.37291697943
590.18 6.75198919081
591.35 6.38042335986
592.5 6.75574238102
593.67 6.94340189161
594.83 7.0372316469
596.0 6.51929139769
597.16 6.63939348446
598.34 6.32037231647
599.5 6.16273832758
600.68 6.08392133313
601.84 6.2340489416
603.01 6.30535955562
604.17 6.71821047891
605.33 6.17399789821
606.5 6.09142771356
607.67 6.60936796277
608.84 6.87209127759
610.0 6.24906170245
611.17 6.69193814743
612.34 6.9096231797
613.51 7.02221888605
614.68 6.51178501726
615.84 6.26032127308
617.01 6.69569133764
618.18 6.35039783816
619.35 6.17775108843
620.51 6.65440624531
621.68 6.32787869689
622.84 6.72947004954
624.0 6.18150427864
625.17 6.27908722414
626.34 6.51929139769
627.51 6.26032127308
628.68 6.69569133764
629.84 6.91337636991
631.01 6.27158084372
632.18 6.14021918631
633.35 5.88500225191
634.51 5.75739378472
635.68 6.63188710404
636.85 6.87959765801
638.0 6.63188710404
639.17 7.06725716859
640.34 7.1010358805
641.51 7.11604864135
642.68 6.93589551118
643.84 6.47049992494
645.01 6.61312115298
646.18 6.12145323525
647.35 6.06140219186
648.52 5.8474703498
649.68 5.73862783366
650.85 6.43296802282
652.0 6.21903618075
653.17 6.67692538658
654.34 6.15147875694
655.51 6.26782765351
656.67 6.32412550668
657.84 6.72571685933
659.0 6.17775108843
660.17 6.65440624531
661.34 6.51929139769
662.51 6.63564029425
663.68 6.32037231647
664.84 6.72571685933
666.01 6.55307010959
667.18 6.46674673472
668.35 6.05014262123
669.51 6.59060201171
670.68 7.04849121753
671.85 6.52679777811
673.0 6.07641495271
674.17 6.0426362408
675.34 5.83621077916
676.51 6.1064404744
677.68 6.24530851224
678.84 6.31286593605
680.01 6.34664464795
681.18 6.73697642997
682.35 6.93589551118
683.51 6.28284041435
684.68 6.14397237652
685.84 6.26032127308
687.0 6.50803182705
688.17 6.63188710404
689.34 6.32037231647
690.51 6.72571685933
691.68 6.74072962018
692.84 6.56057649002
694.0 6.28284041435
695.17 6.3316318871
696.34 6.35415102837
697.51 6.74448281039
698.68 6.56057649002
699.85 6.8458189461
701.0 6.80078066356
702.17 6.96592103288
703.34 6.67317219637
704.51 6.15147875694
705.68 6.64314667467
706.84 6.88710403843
708.01 6.63188710404
709.18 6.32037231647
710.35 6.72571685933
711.51 6.92838913076
712.68 7.02972526648
713.84 6.32787869689
715.01 6.16649151779
716.18 5.90001501276
717.35 6.51553820748
718.51 5.50968323075
719.68 4.8190962318
720.84 3.91082420057
722.01 3.08136916379
723.18 2.66476505029
724.35 2.64599909923
725.51 2.63849271881
726.68 2.06800780664
727.84 1.78651854076
729.01 1.64389731272
730.18 2.13556523045
731.35 2.37952259421
732.51 2.31571836061
733.68 1.72271430716
734.84 1.61011860081
736.01 1.55757393785
737.18 1.33988890557
738.35 1.42245909023
739.51 1.45999099234
740.68 1.6701696442
741.85 1.39618675874
743.0 1.63639093229
744.17 1.56883350848
745.34 2.09803332833
746.51 2.36450983336
747.68 2.49587149077
748.84 1.99669719261
750.02 1.74898663864
751.19 1.62513136166
752.35 1.56508031827
753.51 1.34364209578
754.68 1.61011860081
755.85 1.55757393785
757.01 2.09052694791
758.18 2.17309713256
759.35 1.45999099234
760.51 1.48251013361
761.68 1.49001651404
762.84 1.30986338388
764.01 1.40369313917
765.18 1.45248461192
766.35 1.29109743282
767.51 1.77150577991
768.68 1.44873142171
769.84 1.09968473202
771.01 1.29860381324
772.18 1.02462092779
773.35 0.889506080168
774.51 1.00585497673
775.68 1.2535655307
776.85 1.56508031827
778.0 1.15973577541
779.16 1.7039483561
780.33 1.97793124156
781.5 2.30445878997
782.68 2.09052694791
783.84 1.79402492118
785.0 1.45999099234
786.17 1.6701696442
787.34 1.20852724816
788.51 0.979582645248
789.68 1.24230596007
790.86 1.74523344843
792.02 1.62513136166
793.19 1.56132712806
794.35 1.34364209578
795.51 1.61011860081
796.68 1.74523344843
797.85 1.80903768203
799.0 2.2181354151
800.17 1.67392283441
801.34 1.96291848071
802.51 1.73022068758
803.68 1.61762498123
804.85 1.18225491668
806.01 1.34364209578
807.18 1.42245909023
808.35 2.0229695241
809.51 1.95165891007
810.68 1.53880798679
811.84 2.08302056748
813.01 1.79027173097
814.18 2.21062903468
815.35 1.66641645399
816.51 1.20852724816
817.68 1.35490166642
818.84 1.05464644948
820.01 1.65140369314
821.17 1.57633988891
822.33 1.3511484762
823.49 1.42621228044
824.67 1.46374418256
825.83 1.48251013361
827.0 1.49376970425
828.16 2.06050142621
829.33 1.59135264975
830.5 1.35865485663
831.67 1.24230596007
832.84 1.56132712806
834.01 0.968323074613
835.18 1.23479957964
836.35 1.55382074764
837.51 1.52754841615
838.67 1.32862933493
839.84 1.97793124156
841.0 1.55006755742
842.18 1.15222939499
843.35 1.32487614472
844.51 1.22729319922
845.68 1.36240804684
846.84 1.43371866086
848.01 1.46749737277
849.18 1.85782915478
850.35 2.24440774658
851.51 1.49752289446
852.68 1.30986338388
853.84 1.03212730821
855.01 1.26482510134
856.18 1.38492718811
857.35 1.44122504129
858.51 1.28359105239
859.68 1.39243356853
860.84 1.44873142171
862.01 1.28734424261
863.18 1.39243356853
864.35 1.26107191112
865.51 1.3811739979
866.68 1.06590602012
867.85 1.09593154181
869.0 0.735625281489
870.17 0.930791172497
871.34 0.840714607416
872.51 1.35865485663
873.68 1.61762498123
874.85 1.55757393785
876.01 2.09428013812
877.18 1.79777811139
878.35 1.27233148176
879.51 1.95165891007
880.67 1.53880798679
881.83 1.14472301456
882.99 0.945803933343
884.16 0.84822098784
885.33 1.17474853626
886.5 1.15222939499
887.67 1.13721663414
888.83 0.758144422759
889.99 0.566731721964
891.16 0.844467797628
892.32 1.55006755742
893.49 1.33613571536
894.66 1.23104638943
895.83 0.990842215884
897.0 0.87074012911
898.16 1.56132712806
899.33 1.53130160637
900.49 1.51628884552
901.66 1.88410148626
902.82 1.50502927488
903.98 1.69268878547
905.16 1.97042486113
906.32 2.30070559976
907.49 1.89911424711
908.66 2.26317369764
909.82 2.44708001802
910.99 1.78651854076
912.16 2.01921633388
913.32 2.32322474103
914.49 1.53505479658
915.66 1.14472301456
916.83 1.13346344393
917.99 1.3173697643
919.16 2.72481609368
920.33 3.61432217385
921.5 4.43251763999
922.67 4.65770905269
923.84 5.89250863234
925.0 5.76114697493
926.17 6.26032127308
927.34 6.69569133764
928.51 6.53805734875
929.68 6.4592403543
930.85 6.41795526197
932.0 6.77450833208
933.16 6.39168293049
934.34 6.19651703948
935.51 5.91502777361
936.68 5.77240654556
937.84 5.88875544213
939.01 6.50803182705
940.18 6.44422759345
941.35 6.03888305059
942.51 5.83245758895
943.68 5.91878096382
944.84 5.96381924636
946.01 5.79492568683
947.18 6.27533403393
948.35 6.89085722864
949.51 7.01095931542
950.68 7.0710103588
951.84 7.1010358805
953.01 6.55307010959
954.18 6.46674673472
955.35 6.23780213181
956.51 6.684431767
957.68 6.53055096832
958.84 6.26782765351
960.0 6.1364659961
961.17 5.88500225191
962.34 6.13271280589
963.51 5.8812490617
964.68 6.50427863684
965.84 6.06890857229
967.01 6.59810839213
968.18 6.11394685483
969.35 6.06140219186
970.51 6.59435520192
971.68 6.30160636541
972.85 6.33913826753
974.0 6.17399789821
975.18 6.6506530551
976.35 6.51553820748
977.51 6.44798078367
978.68 6.78952109293
979.84 6.39918931091
981.01 6.76324876145
982.17 6.38417655007
983.34 6.19651703948
984.51 5.9112745834
985.68 6.5230445879
986.85 6.26407446329
988.01 5.9450532953
989.18 5.78741930641
990.35 5.70860231197
991.51 6.04638943102
992.68 6.5868488215
993.85 6.67317219637
995.01 6.33913826753
996.18 5.98258519742
997.35 6.18150427864
998.51 6.09518090377
999.68 6.61312115298
1000.84 6.87209127759
1002.01 6.24906170245
1003.18 6.69193814743
1004.35 6.34664464795
1005.51 5.99009157784
1006.68 6.18525746885
1007.84 6.47049992494
1009.01 6.80078066356
1010.18 6.40294250113
1011.34 6.20402341991
1012.51 6.10268728419
1013.68 6.24155532202
1014.84 6.68818495721
1016.01 6.15898513737
1017.18 6.64314667467
1018.34 6.32412550668
1019.51 5.97883200721
1020.68 5.80243206726
1021.84 5.90376820297
1023.01 5.76865335535
1024.18 6.44798078367
1025.35 6.78952109293
1026.51 6.5868488215
1027.68 6.1064404744
1028.84 6.05764900165
1030.01 6.59435520192
1031.18 6.48551268578
1032.35 6.80828704399
1033.51 6.96967422309
1034.68 6.30160636541
1035.84 5.96381924636
1037.0 5.98633838763
1038.17 6.18150427864
1039.34 5.90752139318
1040.51 5.76865335535
1041.68 6.44798078367
1042.84 6.41420207176
1044.0 6.96216784267
1045.17 6.29409998499
1046.34 6.7144572887
1047.51 6.35790421859
1048.68 6.18150427864
1049.84 6.09518090377
1051.01 6.05014262123
1052.18 5.83996396937
1053.35 5.73487464345
1054.51 5.86998949107
1055.68 5.74988740429
1056.84 6.06515538207
1058.01 6.59810839213
1059.18 6.30160636541
1060.35 6.15147875694
1061.51 6.26782765351
1062.67 6.51178501726
1063.84 6.25656808287
1065.0 6.69569133764
1066.17 6.35039783816
1067.35 6.36541059901
1068.51 6.18525746885
1069.68 6.09518090377
1070.84 6.61312115298
1072.01 6.87209127759
1073.18 6.99969974478
1074.35 7.06725716859
1075.51 6.34664464795
1076.68 6.17775108843
1077.85 6.65440624531
1079.01 6.89085722864
1080.18 7.01095931542
1081.35 6.32037231647
1082.51 6.16273832758
1083.68 6.08392133313
1084.85 6.42170845218
1086.01 6.5868488215
1087.18 6.86083170695
1088.35 7.18360606516
1089.51 6.40669569134
1090.68 6.39168293049
1091.84 6.76324876145
1093.0 6.19651703948
1094.17 6.66191262573
1095.34 6.33538507732
1096.51 6.170244708
1097.68 6.27533403393
1098.84 6.70319771806
1100.01 6.35415102837
1101.18 6.17775108843
1102.35 6.65440624531
1103.51 6.3316318871
1104.68 6.72947004954
1105.84 6.36916378922
1107.01 6.37291697943
1108.18 6.37667016964
1109.35 6.75574238102
1110.5 6.56808287044
1111.66 7.0372316469
1112.83 6.51929139769
1114.0 6.82705299505
1115.16 6.22654256118
1116.33 6.68067857679
1117.49 6.53055096832
1118.66 5.89250863234
1119.82 4.82284942201
1120.99 4.09848371115
1122.16 3.36285842967
1123.32 2.43206725717
1124.49 2.52965020267
1125.66 2.57844167542
1126.83 2.04173547515
1128.0 2.33448431166
1129.16 2.48085872992
1130.33 1.98919081219
1131.49 1.74523344843
1132.66 1.62513136166
1133.83 1.56132712806
1135.0 2.09428013812
1136.16 1.79777811139
1137.33 1.46374418256
1138.49 1.48251013361
1139.66 1.8653355352
1140.83 1.30986338388
1142.0 1.40369313917
1143.16 2.01546314367
1144.33 2.13556523045
1145.5 2.00420357304
1146.67 1.75273982885
1147.84 1.62888455187
1149.0 1.1897612971
1150.17 1.53130160637
1151.33 2.07926737727
1152.5 1.79027173097
1153.67 1.27233148176
1154.84 1.00960816694
1156.0 0.881999699745
1157.17 1.75273982885
1158.34 1.2535655307
1159.51 1.56508031827
1160.68 1.71896111695
1161.84 1.98543762198
1163.01 1.74523344843
1164.18 1.43371866086
1165.35 1.84281639393
1166.51 1.67392283441
1167.68 1.96291848071
1168.85 1.35490166642
1170.0 1.05464644948
1171.17 1.46374418256
1172.33 1.29485062303
1173.5 1.58759945954
1174.67 1.35490166642
1175.84 1.42996547065
1177.0 2.02672271431
1178.16 1.95165891007
1179.33 1.72646749737
1180.49 1.61387179102
1181.66 1.55757393785
1182.83 2.09428013812
1184.0 1.79777811139
1185.16 1.27233148176
1186.33 1.38868037832
1187.49 1.4449782315
1188.66 1.65891007356
1189.83 1.95541210029
1191.0 1.35490166642
1192.17 1.05089325927
1193.33 1.08842516139
1194.49 1.10719111245
1195.66 1.49376970425
1196.83 1.49752289446
1197.99 1.12220387329
1199.16 0.93829755292
1200.32 1.78276535055
1201.49 1.45248461192
1202.66 1.29109743282
1203.83 1.20852724816
1205.0 0.979582645248
1206.16 1.42621228044
1207.32 1.46374418256
1208.48 1.29485062303
1209.65 1.02462092779
1210.82 1.26107191112
1211.99 1.94415252965
1213.16 1.34739528599
1214.32 1.98919081219
1215.48 1.36991442726
1216.65 0.87074012911
1217.81 1.18600810689
1218.98 1.34364209578
1220.15 1.04714006906
1221.31 1.27608467197
1222.47 1.38868037832
1223.64 1.63263774208
1224.81 1.1897612971
1225.98 1.53505479658
1227.14 1.32862933493
1228.31 1.97793124156
1229.47 1.36616123705
1230.65 1.24605915028
1231.81 1.93664614923
1232.98 1.34364209578
1234.15 1.04714006906
1235.31 1.27233148176
1236.47 1.01336135715
1237.64 1.06965921033
1238.81 0.908272031227
1239.98 1.20477405795
1241.15 1.91788019817
1242.32 2.27068007807
1243.47 1.88785467648
1244.65 1.69268878547
1245.81 1.59885903018
1246.98 2.11304608918
1248.15 1.24230596007
1249.32 1.56132712806
1250.48 1.53130160637
1251.66 1.32862933493
1252.83 1.03963368864
1254.0 1.26857829155
1255.16 1.19726767753
1256.33 1.16348896562
1257.49 1.70770154631
1258.66 0.851974178051
1259.83 0.990842215884
1261.0 0.683080618526
1262.17 1.46749737277
1263.34 1.48251013361
1264.51 1.86908872542
1265.68 1.49752289446
1266.84 1.12220387329
1268.0 1.68893559526
1269.16 1.2197868188
1270.33 1.92163338838
1271.5 1.52379522594
1272.66 1.13721663414
1273.82 1.32112295451
1274.99 1.03588049842
1276.16 1.08091878096
1277.32 0.728118901066
1278.49 0.739378471701
1279.66 1.11845068308
1280.83 1.49752289446
1281.99 1.50127608467
1283.15 1.31361657409
1284.31 1.40744632938
1285.47 0.889506080168
1286.65 1.76024620928
1287.81 1.2535655307
1288.98 1.1897612971
1290.15 1.53505479658
1291.31 1.14096982435
1292.47 1.13346344393
1293.64 1.3173697643
1294.81 1.03588049842
1295.98 1.08091878096
1297.15 0.91577841165
1298.31 0.833208226993
1299.47 1.16724215583
1300.65 1.33238252515
1301.81 1.6063654106
1302.99 1.36616123705
1304.16 1.43371866086
1305.32 1.27983786218
1306.49 1.20102086774
1307.65 1.3511484762
1308.8 1.23855276985
1309.96 1.55757393785
1311.13 1.53130160637
1312.29 2.07926737727
1313.46 2.16559075214
1314.63 2.39453535505
1315.8 1.76024620928
1316.97 1.4449782315
1318.14 1.84656958415
1319.31 2.23690136616
1320.47 3.1827052995
1321.65 4.5939048191
1322.81 5.11184506831
1323.98 4.80783666116
1325.15 5.22068758445
1326.32 5.23570034529
1327.48 5.43461942651
1328.65 5.7198618826
1329.81 5.67482360006
1330.98 6.40294250113
1332.14 6.57934244107
1333.31 6.10268728419
1334.47 6.05389581144
1335.65 5.84371715959
1336.81 6.48551268578
1337.98 6.24530851224
1339.15 6.12520642546
1340.32 6.25281489266
1341.48 6.50427863684
1342.65 6.25656808287
1343.83 6.69193814743
1344.99 6.16273832758
1346.16 6.27158084372
1347.33 6.1364659961
1348.5 5.69734274133
1349.67 5.66356402943
1350.83 5.83245758895
1352.0 5.91878096382
1353.17 6.52679777811
1354.34 6.45173397388
1355.51 6.79327428314
1356.68 6.21152980033
1357.84 6.29409998499
1359.01 6.15147875694
1360.18 6.63939348446
1361.35 6.32412550668
1362.51 6.16273832758
1363.68 6.08392133313
1364.85 6.04638943102
1366.01 6.21152980033
1367.18 6.11019366461
1368.35 6.6206275334
1369.51 6.31286593605
1370.68 6.72196366912
1371.84 6.17399789821
1373.01 5.90376820297
1374.18 5.95255967572
1375.35 5.97883200721
1376.51 6.18150427864
1377.68 6.65440624531
1378.84 6.3316318871
1380.01 6.35415102837
1381.18 6.18150427864
1382.35 6.09142771356
1383.51 6.23780213181
1384.68 6.12145323525
1385.85 6.8120402342
1387.01 6.9734274133
1388.18 7.05224440775
1389.35 6.90211679928
1390.51 7.01846569584
1391.67 6.69944452785
1392.84 6.16273832758
1394.0 6.08392133313
1395.17 6.42170845218
1396.34 6.21152980033
1397.51 6.67317219637
1398.68 6.90211679928
1399.84 7.3900315268
1401.01 7.07476354902
1402.19 6.72571685933
1403.35 6.17775108843
1404.51 6.65440624531
1405.68 6.3316318871
1406.85 6.72947004954
1408.0 6.18150427864
1409.17 5.90376820297
1410.34 6.14397237652
1411.51 6.26032127308
1412.68 5.9450532953
1413.84 5.78741930641
1415.01 6.4592403543
1416.18 6.42170845218
1417.35 6.02387028975
1418.51 6.20402341991
1419.68 6.85332532653
1420.84 6.99219336436
1422.01 6.68818495721
1423.18 6.53430415853
1424.35 6.83080618526
1425.51 6.41795526197
1426.68 6.39918931091
1427.84 6.20402341991
1429.01 6.66566581594
1430.18 6.33538507732
1431.35 5.98258519742
1432.51 6.5568232998
1433.68 6.47049992494
1434.85 6.23780213181
1436.01 6.87209127759
1437.18 6.43672121303
1438.35 6.78576790272
1439.51 6.77075514187
1440.67 6.2002702297
1441.84 6.66566581594
1443.0 6.33538507732
1444.18 6.73322323975
1445.35 6.36916378922
1446.51 6.18525746885
1447.68 5.90752139318
1448.84 5.76865335535
1450.01 6.45173397388
1451.18 6.03888305059
1452.34 6.21152980033
1453.51 6.1064404744
1454.68 6.24530851224
1455.85 6.12520642546
1457.01 6.62813391383
1458.18 6.12895961567
1459.35 5.87749587149
1460.51 6.12895961567
1461.68 6.63188710404
1462.84 6.31661912626
1464.01 6.72571685933
1465.18 6.55307010959
1466.35 6.84206575589
1467.51 6.98468698394
1468.68 6.30911274583
1469.85 5.96757243657
1471.0 5.79867887705
1472.17 6.46674673472
1473.34 6.60936796277
1474.51 6.49677225642
1475.68 6.06140219186
1476.85 6.22278937097
1478.0 5.92628734424
1479.17 6.7144572887
1480.34 6.92463594055
1481.51 7.02597207626
1482.68 6.89085722864
1483.84 7.01095931542
1485.01 6.50803182705
1486.18 6.81954661462
1487.35 6.41420207176
1488.51 6.77075514187
1489.67 6.2002702297
1490.84 6.66566581594
1492.0 6.89836360907
1493.17 7.3900315268
1494.35 7.2624230596
1495.51 7.00720612521
1496.68 6.50803182705
1497.85 6.25656808287
1499.01 6.12895961567
1500.18 6.06890857229
1501.35 6.41044888155
1502.51 6.77075514187
1503.67 6.76324876145
1504.83 6.94715508182
1506.0 7.04098483711
1507.17 6.71070409848
1508.34 6.170244708
1509.51 5.90001501276
1510.68 6.32787869689
1511.84 6.35415102837
1513.01 6.74072962018
1514.18 6.37291697943
1515.35 6.9396487014
1516.51 7.0372316469
1517.68 7.08226992944
1518.84 6.73322323975
1520.01 6.36916378922
1521.18 5.05930040534
1522.35 4.21858579793
1523.51 3.42290947305
1524.68 2.83741180003
1525.84 2.7323224741
1527.01 2.30445878997
1528.18 2.09052694791
1529.35 1.79777811139
1530.51 1.64765050293
1531.68 1.57633988891
1532.84 1.53880798679
1534.0 1.52004203573
1535.16 1.32112295451
1536.34 1.22354000901
1537.51 1.17474853626
1538.68 1.52754841615
1539.84 1.51253565531
1541.0 1.5087824651
1542.17 1.50502927488
1543.34 1.50127608467
1544.5 1.31361657409
1545.67 1.40744632938
1546.84 1.45623780213
1548.0 2.04173547515
1549.17 1.39618675874
1550.34 1.44873142171
1551.51 1.28734424261
1552.68 1.39243356853
1553.84 1.63639093229
1555.01 1.19351448731
1556.18 1.34739528599
1557.35 1.79777811139
1558.51 1.65140369314
1559.67 1.57633988891
1560.83 1.91412700796
1561.99 1.33238252515
1563.16 1.97793124156
1564.32 1.9291397688
1565.49 1.71520792674
1566.66 1.6063654106
1567.83 1.55382074764
1569.0 1.71520792674
1570.16 1.04714006906
1571.33 1.45999099234
1572.49 2.04548866537
1573.66 2.33448431166
1574.83 2.10553970875
1576.0 1.80528449182
1577.17 1.46374418256
1578.33 1.29485062303
1579.5 1.77525897012
1580.67 1.63639093229
1581.84 1.94415252965
1583.0 1.72271430716
1584.17 1.23855276985
1585.34 1.36991442726
1586.51 1.24605915028
1587.68 0.998348596307
1588.85 1.06215282991
1590.0 1.84656958415
1591.17 1.48626332383
1592.34 1.30611019366
1593.51 1.028374118
1594.68 1.45248461192
1595.85 1.66266326377
1597.0 1.39618675874
1598.17 1.44873142171
1599.34 1.09968473202
1600.51 1.11094430266
1601.68 1.30611019366
1602.84 1.40369313917
1604.01 1.45248461192
1605.18 2.04173547515
1606.35 1.77150577991
1607.51 1.26107191112
1608.68 1.00585497673
1609.85 1.44122504129
1611.0 1.84656958415
1612.17 2.23690136616
1613.34 2.056748236
1614.51 1.21603362858
1615.68 1.92163338838
1616.85 1.71145473653
1618.0 1.23104638943
1619.17 1.36616123705
1620.34 1.80903768203
1621.51 1.46749737277
1622.68 1.29485062303
1623.84 1.39993994896
1625.01 1.44873142171
1626.18 1.28734424261
1627.35 1.77150577991
1628.51 2.19936946404
1629.68 2.41330130611
1630.85 1.95541210029
1632.01 1.73022068758
1633.18 1.42621228044
1634.34 1.08842516139
1635.5 0.731872091278
1636.68 1.11845068308
1637.84 1.87284191563
1639.0 1.12220387329
1640.17 0.93829755292
1641.34 1.2197868188
1642.51 1.35865485663
1643.68 1.05464644948
1644.84 1.27983786218
1646.02 0.82570184657
1647.18 1.16348896562
1648.34 0.957063503978
1649.51 1.23104638943
1650.68 0.990842215884
1651.84 1.62137817145
1653.01 1.18600810689
1654.18 0.968323074613
1655.35 1.04714006906
1656.51 0.897012460592
1657.68 1.01336135715
1658.84 1.25731872091
1660.01 1.75273982885
1661.18 1.44122504129
1662.35 1.09593154181
1663.51 1.11094430266
1664.68 0.930791172497
1665.84 1.21603362858
1667.01 0.98333583546
1668.18 1.05464644948
1669.35 0.900765650803
1670.51 0.82570184657
1671.67 0.975829455037
1672.83 1.80153130161
1673.99 1.83906320372
1675.15 2.04548866537
1676.31 1.77525897012
1677.47 1.26107191112
1678.64 1.19351448731
1679.82 1.15973577541
1680.98 1.33238252515
1682.15 1.22729319922
1683.31 1.74148025822
1684.47 1.24605915028
1685.64 1.18600810689
1686.81 1.34364209578
1687.98 1.04714006906
1689.15 0.897012460592
1690.31 1.01336135715
1691.47 1.82029725266
1692.63 2.22188860531
1693.8 2.42456087675
1694.97 1.58759945954
1696.14 1.17099534604
1697.31 1.71145473653
1698.47 1.23104638943
1699.64 1.17850172647
1700.81 0.964569884402
1701.98 1.04338687885
1703.15 1.83531001351
1704.31 2.23314817595
1705.47 1.49001651404
1706.64 1.12220387329
1707.81 1.87284191563
1708.97 1.68893559526
1710.14 1.59510583996
1711.31 1.17099534604
1712.47 1.33613571536
1713.64 1.04338687885
1714.81 1.27233148176
1715.98 1.01336135715
1717.15 0.881999699745
1718.32 1.37742080769
1719.48 1.2535655307
1720.66 2.12805885002
1721.83 3.31406695691
1723.0 4.09848371115
1724.16 5.23945353551
1725.33 5.24695991593
1726.49 6.18901065906
1727.66 6.09518090377
1728.84 6.05014262123
1730.0 6.21528299054
1731.17 5.92253415403
1732.34 5.96381924636
1733.51 6.54931691938
1734.68 6.83831256568
1735.84 6.42170845218
1737.01 6.21528299054
1738.19 6.67317219637
1739.35 6.90211679928
1740.51 6.45173397388
1741.68 6.79327428314
1742.84 6.96216784267
1744.01 7.23239753791
1745.18 6.99594655457
1746.35 6.50052544663
1747.51 6.81579342441
1748.68 6.9734274133
1749.85 6.30160636541
1751.0 6.7144572887
1752.17 6.17399789821
1753.34 6.6506530551
1754.51 6.51553820748
1755.68 6.26032127308
1756.84 5.9450532953
1758.01 5.97507881699
1759.18 6.55307010959
1760.35 6.09142771356
1761.51 6.23780213181
1762.68 6.684431767
1763.85 6.90586998949
1765.0 7.01846569584
1766.16 6.51178501726
1767.33 6.63564029425
1768.5 6.13271280589
1769.67 6.63188710404
1770.84 6.50427863684
1772.0 6.06890857229
1773.17 6.03512986038
1774.33 6.02011709953
1775.49 5.82495120853
1776.66 6.10268728419
1777.83 6.05389581144
1779.0 6.21903618075
1780.17 6.2978531752
1781.34 6.15147875694
1782.51 6.64314667467
1783.67 6.32412550668
1784.84 6.16273832758
1786.0 6.64689986489
1787.17 6.89085722864
1788.34 7.01095931542
1789.51 7.0710103588
1790.68 6.35039783816
1791.84 6.17775108843
1793.01 6.27908722414
1794.18 6.70319771806
1795.35 6.91712956013
1796.51 6.27533403393
1797.68 6.70319771806
1798.85 6.16649151779
1800.01 6.4592403543
1801.18 6.04638943102
1802.35 5.83621077916
1803.51 5.73487464345
1804.68 6.05764900165
1805.85 6.59435520192
1807.0 6.2978531752
1808.17 5.96381924636
1809.34 5.98633838763
1810.51 6.36916378922
1811.68 6.37667016964
1812.84 6.9396487014
1814.0 7.41255066807
1815.17 7.26992944002
1816.34 6.63939348446
1817.51 6.13271280589
1818.68 6.06890857229
1819.84 6.03888305059
1821.01 6.77075514187
1822.17 6.38792974028
1823.33 6.0088575289
1824.49 6.57183606065
1825.66 6.84957213632
1826.83 6.42921483261
1828.0 6.02762347996
1829.16 6.01636390932
1830.33 6.01261071911
1831.49 6.19651703948
1832.66 6.09893409398
1833.83 6.05389581144
1835.0 5.83996396937
1836.16 5.73487464345
1837.33 6.05764900165
1838.5 6.40669569134
1839.66 6.58309563129
1840.83 6.29409998499
1842.0 6.71070409848
1843.16 6.54556372917
1844.33 6.08767452334
1845.5 6.60936796277
1846.67 6.49677225642
1847.84 6.06140219186
1849.01 6.03512986038
1850.17 6.02011709953
1851.33 6.57558925086
1852.5 6.85332532653
1853.67 6.24155532202
1854.84 6.49677225642
1856.0 6.25281489266
1857.17 5.94130010509
1858.34 6.53430415853
1859.51 6.83455937547
1860.68 6.98093379372
1861.84 6.30535955562
1863.0 6.71821047891
1864.16 6.92463594055
1865.33 7.02972526648
1866.5 6.70319771806
1867.67 6.35415102837
1868.84 6.74448281039
1870.0 6.18525746885
1871.18 6.28284041435
1872.35 6.70695090827
1873.51 6.92088275034
1874.68 6.83831256568
1875.85 7.17234649452
1877.01 6.77450833208
1878.17 6.39168293049
1879.34 6.75949557124
1880.5 6.57183606065
1881.67 6.84957213632
1882.84 6.24155532202
1884.0 6.12145323525
1885.17 6.44047440324
1886.34 6.78576790272
1887.5 6.20777661012
1888.67 6.66941900616
1889.84 6.89836360907
1891.0 6.63939348446
1892.17 6.88710403843
1893.34 6.63188710404
1894.51 6.88335084822
1895.68 6.25656808287
1896.84 6.12895961567
1898.01 5.8812490617
1899.18 5.75364059451
1900.35 5.8812490617
1901.51 6.31661912626
1902.68 6.35039783816
1903.85 5.99009157784
1905.0 6.37291697943
1906.17 6.75198919081
1907.34 7.12730821198
1908.51 7.31872091278
1909.67 6.47425311515
1910.84 6.4254616424
1912.0 6.77826152229
1913.17 6.39168293049
1914.33 6.01261071911
1915.5 6.0088575289
1916.67 6.56808287044
1917.83 6.09893409398
1919.0 6.05389581144
1920.17 6.02762347996
1921.33 5.0780663564
1922.51 4.22984536856
1923.68 3.0513436421
1924.85 2.84116499024
1926.01 2.16934394235
1927.18 1.83531001351
1928.35 1.85782915478
1929.51 2.24065455637
1930.68 1.87284191563
1931.84 2.06050142621
1933.01 1.78276535055
1934.18 1.6401441225
1935.35 1.57258669869
1936.51 1.53505479658
1937.68 1.8953610569
1938.84 2.25942050743
1940.0 1.88034829605
1941.17 1.69268878547
1942.34 1.59510583996
1943.51 2.11304608918
1944.68 1.9929440024
1945.85 1.74898663864
1947.01 1.62513136166
1948.18 1.18600810689
1949.35 0.968323074613
1950.51 1.61011860081
1951.68 1.18225491668
1952.85 1.71520792674
1954.0 1.42245909023
1955.17 1.08467197118
1956.34 1.29485062303
1957.51 1.39618675874
1958.68 1.44873142171
1959.84 1.66266326377
1961.01 1.58384626933
1962.19 1.542561177
1963.36 1.52004203573
1964.52 1.13721663414
1965.68 0.942050743132
1966.85 1.22354000901
1968.0 0.987089025672
1969.17 1.42996547065
1970.34 1.46749737277
1971.51 1.48251013361
1972.68 1.49376970425
1973.84 2.06050142621
1975.0 1.59135264975
1976.17 1.17099534604
1977.34 1.89911424711
1978.5 1.70019516589
1979.67 1.60261222039
1980.84 1.36240804684
1982.0 1.80903768203
1983.17 1.84281639393
1984.34 2.23314817595
1985.51 1.68142921483
1986.68 1.59135264975
1987.84 1.54631436721
1989.01 2.08677375769
1990.18 1.6063654106
1991.35 2.11679927939
1992.51 2.37201621378
1993.68 1.74898663864
1994.84 2.00045038283
1996.01 2.12430565981
1997.18 1.43747185107
1998.35 2.03422909473
1999.51 1.39243356853
2000.68 1.4449782315
2001.85 1.47500375319
2003.0 1.48626332383
2004.17 1.30611019366
2005.34 1.028374118
2006.51 0.889506080168
2007.68 1.76024620928
2008.84 2.19186308362
2010.0 1.65891007356
2011.17 1.39243356853
2012.34 1.26107191112
2013.51 1.00585497673
2014.68 0.878246509533
2015.85 1.56508031827
2017.01 1.53130160637
2018.17 1.51628884552
2019.33 2.07176099685
2020.5 1.59885903018
2021.67 1.17474853626
2022.84 1.52754841615
2024.0 1.51253565531
2025.17 1.5087824651
2026.34 1.50502927488
2027.5 1.31361657409
2028.66 1.40744632938
2029.83 2.01921633388
2031.0 2.32322474103
2032.16 1.53505479658
2033.32 1.52004203573
2034.48 1.13346344393
2035.64 1.3173697643
2036.81 1.41119951959
2037.98 1.26857829155
2039.15 1.00960816694
2040.31 0.878246509533
2041.47 1.00210178652
2042.64 1.2535655307
2043.81 1.00210178652
2044.98 1.81279087224
2046.15 1.28359105239
2047.32 1.58009307912
2048.48 1.91412700796
2049.64 1.33238252515
2050.81 1.23104638943
2051.98 1.17850172647
2053.15 0.776910373818
2054.31 0.761897612971
2055.47 1.13346344393
2056.63 1.88034829605
2057.79 1.31361657409
2058.95 1.97042486113
2060.11 1.73772706801
2061.28 1.24230596007
2062.45 1.56132712806
2063.62 1.53130160637
2064.78 1.32862933493
2065.95 1.97793124156
2067.11 1.73772706801
2068.27 1.62137817145
2069.44 2.12430565981
2070.62 1.62513136166
2071.79 2.12430565981
2072.95 1.43747185107
2074.11 1.47125056298
2075.28 2.04924185558
2076.45 1.58759945954
2077.62 1.542561177
2078.79 1.52379522594
2079.95 1.32487614472
2081.11 1.41119951959
2082.28 1.26857829155
2083.45 1.00960816694
2084.62 1.25731872091
2085.79 1.1897612971
2086.95 1.34739528599
2088.11 1.42245909023
2089.29 1.08842516139
2090.45 1.48251013361
2091.62 1.11469749287
2092.79 1.12220387329
2093.95 0.55922534154
2095.11 0.656808287044
2096.28 0.701846569584
2097.45 0.728118901066
2098.62 1.30235700345
2099.79 1.39993994896
2100.95 1.07716559075
2102.11 1.28734424261
2103.28 1.39618675874
2104.45 2.01170995346
2105.62 1.75649301907
2106.79 2.19186308362
2107.95 1.84656958415
2109.11 1.29860381324
2110.28 1.21228043837
2111.45 1.16724215583
2112.62 1.71145473653
2113.79 1.23104638943
2114.95 1.74148025822
2116.11 2.1843567032
2117.28 1.65515688335
2118.45 1.38868037832
2119.62 1.4449782315
2120.79 1.28734424261
2121.95 1.7677525897
2123.11 3.51298603813
2124.28 4.00840714607
2125.45 4.44377721063
2126.62 5.22444077466
2127.79 5.42711304609
2128.95 5.34078967122
2130.12 6.2340489416
2131.29 5.74613421408
2132.46 6.43672121303
2133.63 6.22278937097
2134.79 6.67692538658
2135.96 6.15147875694
2137.13 6.45548716409
2138.29 6.79327428314
2139.46 6.5868488215
2140.63 6.66941900616
2141.79 6.52679777811
2142.96 6.07641495271
2144.13 6.23029575139
2145.29 6.49301906621
2146.45 6.24906170245
2147.62 5.74988740429
2148.79 5.68983636091
2149.95 5.8474703498
2151.11 5.73862783366
2152.28 6.24906170245
2153.45 5.93754691488
2154.62 6.15898513737
2155.79 6.08392133313
2156.95 5.85497673022
2158.11 5.74238102387
2159.27 6.43672121303
2160.44 6.78576790272
2161.61 6.95841465245
2162.78 6.48175949557
2163.95 6.80453385378
2165.11 6.40669569134
2166.27 6.39168293049
2167.43 6.2002702297
2168.61 5.91502777361
2169.78 5.96006605615
2170.95 5.79492568683
2172.11 5.71235550218
2173.27 6.04638943102
2174.44 6.02387028975
2175.61 6.57934244107
2176.78 6.85332532653
2177.95 6.99219336436
2179.11 6.68818495721
2180.27 6.72196366912
2181.45 6.17399789821
2182.62 6.65440624531
2183.79 6.51553820748
2184.95 6.26032127308
2186.11 6.32037231647
2187.28 6.16273832758
2188.45 6.27158084372
2189.62 6.89085722864
2190.79 6.63564029425
2191.96 6.13271280589
2193.13 6.81954661462
2194.3 6.78576790272
2195.46 6.58309563129
2196.63 6.1064404744
2197.79 6.05764900165
2198.96 5.84371715959
2200.13 5.73487464345
2201.3 5.68232998048
2202.47 6.40669569134
2203.63 6.20777661012
2204.79 6.66941900616
2205.96 6.89836360907
2207.13 6.63939348446
2208.3 6.1364659961
2209.47 6.63188710404
2210.63 6.88335084822
2211.8 6.25656808287
2212.97 6.87959765801
2214.14 6.25656808287
2215.31 6.12895961567
2216.47 5.8812490617
2217.64 5.75364059451
2218.81 5.8812490617
2219.98 6.50427863684
2221.15 6.44422759345
2222.32 6.41044888155
2223.47 6.20777661012
2224.64 6.66941900616
2225.81 6.33913826753
2226.98 5.98258519742
2228.15 6.5568232998
2229.31 6.65815943552
2230.47 6.14397237652
2231.64 6.44798078367
2232.81 6.78952109293
2233.97 6.5868488215
2235.14 6.1064404744
2236.31 6.24530851224
2237.47 6.68818495721
2238.64 6.9096231797
2239.82 6.64314667467
2240.98 6.32412550668
2242.15 6.54181053896
2243.32 6.4592403543
2244.48 6.60936796277
2245.65 6.68067857679
2246.8 6.34289145774
2247.96 6.73697642997
2249.13 6.37291697943
2250.3 6.18901065906
2251.47 6.09518090377
2252.63 5.86248311064
2253.8 5.93379372467
2254.97 6.15898513737
2256.14 5.89250863234
2257.3 6.51178501726
2258.47 6.82329980483
2259.63 6.22654256118
2260.8 7.05224440775
2261.97 6.53055096832
2263.14 6.83080618526
2264.3 6.23029575139
2265.46 6.11770004504
2266.63 6.06140219186
2267.79 5.84371715959
2268.96 6.11394685483
2270.13 6.43296802282
2271.3 6.21903618075
2272.47 7.23990391833
2273.63 6.6206275334
2274.8 6.8758444678
2275.97 7.19111244558
2277.14 6.41044888155
2278.3 6.20777661012
2279.47 6.29409998499
2280.63 6.7144572887
2281.81 6.35790421859
2282.98 6.36916378922
2284.15 6.75198919081
2285.31 6.37667016964
2286.47 6.75574238102
2287.63 6.94340189161
2288.79 7.0372316469
2289.96 6.51929139769
2291.14 6.26407446329
2292.31 6.69569133764
2293.47 6.35039783816
2294.64 5.99009157784
2295.81 6.56057649002
2296.98 6.09518090377
2298.15 6.61312115298
2299.31 6.87209127759
2300.47 6.44047440324
2301.65 6.78576790272
2302.8 6.3954361207
2303.96 6.76324876145
2305.12 6.19651703948
2306.29 6.09893409398
2307.46 6.61687434319
2308.63 6.87209127759
2309.79 7.00345293499
2310.96 6.69193814743
2312.13 6.72196366912
2313.3 6.36541059901
2314.47 6.18525746885
2315.63 5.90752139318
2316.8 5.76865335535
2317.97 6.0726617625
2319.14 6.60186158234
2320.31 6.86833808737
2321.47 6.43672121303
2322.64 5.46839813842
2323.81 4.42501125957
2324.98 3.89956462994
2326.15 3.26527548416
2327.31 3.13391382675
2328.47 2.87869689236
2329.64 2.19186308362
2330.81 1.84656958415
2331.99 1.67392283441
2333.16 1.77525897012
2334.32 2.01170995346
2335.49 1.75649301907
2336.66 2.00420357304
2337.83 1.94039933944
2339.0 1.72271430716
2340.18 1.79777811139
2341.35 1.65140369314
2342.51 1.38868037832
2343.67 1.06965921033
2344.84 1.09593154181
2346.0 1.48626332383
2347.17 1.49376970425
2348.34 1.49752289446
2349.51 1.1259570635
2350.67 1.87659510584
2351.83 2.25191412701
2352.98 2.43957363759
2354.14 2.3457438823
2355.31 1.92163338838
2356.47 1.71145473653
2357.64 1.41870590002
2358.81 1.27233148176
2359.98 1.76399939949
2361.15 1.63263774208
2362.32 2.12805885002
2363.48 1.81654406245
2364.65 1.65891007356
2365.81 1.58009307912
2366.98 1.3511484762
2368.14 1.42621228044
2369.3 1.46374418256
2370.46 1.85782915478
2371.63 1.30611019366
2372.79 1.40369313917
2373.97 1.26482510134
2375.14 1.3811739979
2376.31 1.44122504129
2377.47 1.47125056298
2378.64 1.11094430266
2379.81 1.30611019366
2380.98 1.40369313917
2382.16 1.45248461192
2383.32 1.10343792223
2384.49 1.11469749287
2385.66 0.930791172497
2386.83 1.028374118
2388.0 1.26482510134
2389.16 1.38492718811
2390.34 1.06590602012
2391.5 1.28359105239
2392.67 1.01711454737
2393.84 1.63639093229
2395.0 1.00585497673
2396.17 1.81654406245
2397.34 1.65891007356
2398.51 2.14307161087
2399.68 1.82029725266
2400.85 1.85032277436
2402.0 1.48626332383
2403.17 1.30611019366
2404.34 1.40369313917
2405.51 1.45248461192
2406.68 1.10343792223
2407.84 1.11469749287
2409.01 1.11845068308
2410.18 1.12220387329
2411.35 1.31361657409
2412.51 1.03212730821
2413.68 0.889506080168
2414.84 1.76024620928
2416.01 1.2535655307
2417.18 1.75273982885
2418.35 1.2535655307
2419.51 1.00210178652
2420.68 0.874493319321
2421.85 1.75273982885
2423.0 2.00045038283
2424.17 1.56508031827
2425.34 1.1559825852
2426.5 0.953310313767
2427.67 1.60261222039
2428.84 1.55382074764
2430.0 1.15222939499
2431.16 1.13721663414
2432.34 1.32112295451
2433.51 1.59885903018
2434.68 1.55006755742
2435.85 1.14847620477
2437.0 1.13721663414
2438.16 1.32112295451
2439.33 1.03588049842
2440.5 1.08091878096
2441.68 1.29109743282
2442.84 1.20852724816
2444.01 1.35490166642
2445.18 1.61387179102
2446.34 1.93289295902
2447.51 1.34364209578
2448.68 1.04714006906
2449.84 1.83531001351
2451.0 1.6701696442
2452.17 1.20852724816
2453.34 0.979582645248
2454.51 1.80528449182
2455.68 1.27608467197
2456.84 1.57633988891
2458.0 1.16348896562
2459.17 0.957063503978
2460.34 1.04338687885
2461.51 0.897012460592
2462.68 1.19726767753
2463.84 1.16348896562
2465.0 1.14472301456
2466.16 1.5087824651
2467.32 1.12971025372
2468.48 1.3173697643
2469.65 1.03212730821
2470.81 1.64389731272
2471.98 1.76024620928
2473.15 1.62888455187
2474.32 1.56508031827
2475.49 1.34739528599
2476.66 1.61011860081
2477.83 1.55757393785
2479.0 1.90286743732
2480.16 2.07926737727
2481.33 1.79027173097
2482.51 1.8315568233
2483.67 1.29109743282
2484.84 1.02086773758
2486.0 1.26107191112
2487.17 1.3811739979
2488.34 1.06590602012
2489.51 1.28359105239
2490.68 1.58009307912
2491.85 0.979582645248
2493.01 1.61387179102
2494.17 1.36991442726
2495.34 1.06215282991
2496.51 1.84281639393
2497.68 1.86158234499
2498.84 1.30611019366
2500.01 1.96667167092
2501.18 1.54631436721
2502.35 1.89911424711
2503.51 2.26317369764
2504.68 1.88034829605
2505.84 1.69268878547
2507.01 1.40744632938
2508.18 1.08091878096
2509.35 0.91577841165
2510.51 1.58384626933
2511.68 1.16724215583
2512.85 0.957063503978
2514.0 1.6063654106
2515.17 1.17850172647
2516.34 1.33988890557
2517.51 1.04338687885
2518.68 1.27233148176
2519.84 1.01336135715
2521.0 1.4449782315
2522.17 1.47125056298
2523.34 2.61222038733
2524.51 3.55802432067
2525.68 4.40624530851
2526.84 5.01801531302
2528.01 5.51343642096
2529.18 5.75739378472
2530.35 6.44422759345
2531.51 6.03888305059
2532.68 5.83245758895
2533.85 5.91878096382
2535.0 5.96381924636
2536.17 6.35790421859
2537.34 6.74448281039
2538.51 6.9396487014
2539.68 6.28284041435
2540.84 6.14397237652
2542.01 6.07641495271
2543.18 6.03888305059
2544.34 6.21152980033
2545.51 5.91878096382
2546.68 6.52679777811
2547.84 6.82705299505
2549.01 6.41795526197
2550.18 6.39918931091
2551.34 6.01261071911
2552.5 6.57183606065
2553.67 6.66566581594
2554.84 6.5230445879
2556.0 6.82705299505
2557.17 6.60186158234
2558.34 6.86833808737
2559.5 6.62438072362
2560.67 6.8758444678
2561.84 6.44047440324
2563.0 6.78576790272
2564.16 6.58309563129
2565.33 6.1064404744
2566.5 6.05764900165
2567.67 5.84371715959
2568.84 6.48551268578
2570.0 6.05764900165
2571.17 6.03137667017
2572.33 5.83245758895
2573.5 5.73112145324
2574.68 6.42921483261
2575.84 6.78201471251
2577.0 6.95466146224
2578.17 6.48175949557
2579.34 6.24155532202
2580.51 6.12520642546
2581.68 6.06515538207
2582.85 6.59810839213
2584.0 6.86458489716
2585.17 6.43296802282
2586.34 6.03137667017
2587.5 6.02011709953
2588.66 6.01261071911
2589.82 6.0088575289
2590.98 5.8174448281
2592.14 5.9112745834
2593.31 5.96006605615
2594.47 5.79492568683
2595.64 6.46299354451
2596.81 6.79702747335
2597.98 6.5868488215
2599.15 6.2978531752
2600.31 6.7144572887
2601.47 6.92088275034
2602.64 6.46299354451
2603.81 6.04638943102
2604.98 6.59060201171
2606.15 6.11019366461
2607.31 6.80828704399
2608.47 6.40669569134
2609.63 6.57934244107
2610.8 6.1064404744
2611.97 6.80453385378
2613.14 6.96967422309
2614.31 7.04849121753
2615.47 7.08977630986
2616.65 6.54931691938
2617.81 6.46299354451
2618.98 6.04638943102
2620.15 6.02762347996
2621.31 6.57934244107
2622.47 6.85332532653
2623.64 6.42921483261
2624.81 6.40669569134
2625.97 7.14232097283
2627.13 7.13856778262
2628.29 7.32247410299
2629.46 6.84957213632
2630.63 6.24155532202
2631.79 6.30911274583
2632.96 6.15898513737
2634.13 6.08016814292
2635.29 6.0426362408
2636.45 6.02387028975
2637.6 6.01636390932
2638.77 6.0088575289
2639.93 6.0088575289
2641.09 6.00510433869
2642.26 6.38042335986
2643.41 6.75574238102
2644.56 6.38042335986
2645.73 6.19276384927
2646.89 6.09893409398
2648.05 6.61687434319
2649.22 6.87209127759
2650.39 7.00345293499
2651.55 7.44257618976
2652.72 6.9096231797
2653.89 6.83455937547
2655.05 6.41795526197
2656.21 6.02387028975
2657.37 6.39168293049
2658.53 6.75949557124
2659.69 6.94715508182
2660.86 6.47425311515
2662.02 6.05389581144
2663.19 5.83996396937
2664.35 6.11019366461
2665.51 6.05764900165
2666.68 6.21903618075
2667.86 6.30160636541
2669.02 6.7144572887
2670.19 6.54931691938
2671.35 6.83831256568
2672.51 6.60936796277
2673.68 6.87209127759
2674.85 6.99969974478
2676.0 6.31661912626
2677.17 6.72196366912
2678.34 6.55307010959
2679.51 6.84206575589
2680.68 6.98468698394
2681.84 7.05975078817
2683.01 6.53055096832
2684.17 6.45548716409
2685.33 6.41795526197
2686.49 6.77450833208
2687.65 6.95466146224
2688.81 6.29034679478
2689.98 5.96006605615
2691.15 6.73322323975
2692.31 6.93214232097
2693.47 6.8458189461
2694.64 6.98844017415
2695.81 6.49677225642
2696.98 6.24906170245
2698.15 6.50427863684
2699.32 6.44047440324
2700.48 6.59810839213
2701.65 7.05224440775
2702.81 6.71821047891
2703.97 6.92463594055
2705.14 6.83831256568
2706.31 6.42170845218
2707.47 6.77826152229
2708.63 6.57934244107
2709.8 6.85332532653
2710.97 6.42921483261
2712.14 6.21903618075
2713.31 6.11019366461
2714.47 5.86998949107
2715.64 5.74988740429
2716.81 5.68983636091
2717.98 6.41044888155
2719.14 6.20777661012
2720.31 6.1064404744
2721.47 6.6206275334
2722.64 6.68818495721
2723.81 5.22068758445
2724.98 4.67272181354
2726.15 3.83951358655
2727.32 3.60681579342
2728.48 3.11890106591
2729.65 2.30821198018
2730.81 1.90662062753
2731.97 1.89160786669
2733.13 1.69644197568
2734.3 2.16183756193
2735.47 1.8315568233
2736.63 1.85407596457
2737.79 1.67767602462
2738.96 1.58759945954
2740.13 1.7339738778
2741.3 1.61762498123
2742.47 1.55757393785
2743.63 1.71896111695
2744.8 1.61011860081
2745.97 1.55382074764
2747.14 2.09052694791
2748.31 1.61011860081
2749.47 1.36616123705
2750.64 1.24605915028
2751.82 1.18600810689
2752.99 1.90662062753
2754.15 1.7039483561
2755.31 2.16559075214
2756.47 1.83531001351
2757.64 1.66641645399
2758.81 2.14682480108
2759.98 2.38702897463
2761.16 1.94415252965
2762.32 1.53505479658
2763.48 1.8953610569
2764.65 1.69644197568
2765.81 1.22354000901
2766.98 1.36240804684
2768.15 1.43371866086
2769.31 1.46749737277
2770.47 1.85782915478
2771.64 1.68142921483
2772.81 1.21603362858
2773.98 1.17099534604
2775.15 1.33613571536
2776.31 1.23104638943
2777.47 1.17850172647
2778.64 0.964569884402
2779.81 1.41870590002
2780.98 1.45999099234
2782.15 1.10719111245
2783.31 1.30235700345
2784.47 1.028374118
2785.64 1.07716559075
2786.81 1.09968473202
2787.98 0.927037982285
2789.15 1.77525897012
2790.31 1.26482510134
2791.47 1.94415252965
2792.64 2.09803332833
2793.81 2.36450983336
2794.97 1.93289295902
2796.14 1.33988890557
2797.31 1.23479957964
2798.47 1.36616123705
2799.64 1.24605915028
2800.81 0.998348596307
2801.99 1.43747185107
2803.16 1.47125056298
2804.33 2.04924185558
2805.5 1.96291848071
2806.67 1.542561177
2807.84 1.33613571536
2809.0 1.98168443177
2810.18 1.55382074764
2811.35 1.15222939499
2812.51 0.949557123555
2813.68 1.79027173097
2814.84 1.64389731272
2816.01 1.38492718811
2817.18 1.06965921033
2818.35 0.720612520643
2819.51 1.11094430266
2820.68 1.30611019366
2821.84 1.21603362858
2823.01 1.35865485663
2824.18 1.42996547065
2825.35 1.27983786218
2826.51 1.76399939949
2827.68 2.00795676325
2828.84 1.75649301907
2830.01 2.19186308362
2831.18 2.4095481159
2832.35 1.58009307912
2833.51 2.10178651854
2834.68 1.80153130161
2835.84 2.21438222489
2837.0 1.85782915478
2838.16 1.68142921483
2839.33 1.77901216034
2840.5 1.6401441225
2841.67 1.19351448731
2842.84 1.72271430716
2844.0 1.61387179102
2845.17 1.55757393785
2846.34 1.52754841615
2847.5 1.32862933493
2848.67 1.03963368864
2849.84 1.26857829155
2851.0 1.38492718811
2852.18 1.4449782315
2853.35 1.09593154181
2854.51 0.735625281489
2855.68 0.930791172497
2856.84 0.840714607416
2858.01 1.7339738778
2859.18 2.18060351299
2860.35 2.2181354151
2861.51 1.6701696442
2862.68 1.77525897012
2863.85 1.26107191112
2865.0 1.56883350848
2866.17 1.15973577541
2867.33 1.14472301456
2868.49 1.5087824651
2869.65 1.12971025372
2870.81 1.50502927488
2871.97 2.06425461642
2873.13 1.78276535055
2874.3 1.08091878096
2875.47 1.10343792223
2876.63 1.11469749287
2877.79 1.30611019366
2878.95 1.028374118
2880.11 1.26482510134
2881.28 0.821948656358
2882.45 1.15973577541
2883.6 1.33238252515
2884.77 1.97793124156
2885.94 2.11679927939
2887.11 1.80903768203
2888.27 1.46749737277
2889.44 1.10719111245
2890.61 0.930791172497
2891.78 0.840714607416
2892.95 1.7339738778
2894.11 1.24230596007
2895.27 0.994595406095
2896.44 1.24981234049
2897.61 0.998348596307
2898.78 0.686833808737
2899.95 0.908272031227
