0.0 2.18810989341
1.16 2.22188860531
2.33 2.23690136616
3.5 2.056748236
4.67 2.34199069209
5.84 2.10929289896
7.0 2.36826302357
8.17 2.30821198018
9.34 2.46959915929
10.51 2.54841615373
11.68 2.58594805585
12.84 2.04548866537
14.0 2.33448431166
15.17 2.48085872992
16.34 2.55592253415
17.52 2.02672271431
18.68 2.13931842066
19.84 1.82029725266
21.0 1.66266326377
22.17 2.14307161087
23.34 1.82405044288
24.51 2.03798228494
25.68 2.33073112145
26.85 1.91788019817
28.02 1.70770154631
29.19 2.16934394235
30.36 1.83531001351
31.53 2.22939498574
32.69 2.42831406696
33.86 1.96667167092
35.03 2.10929289896
36.2 2.36826302357
37.37 2.30821198018
38.53 2.46959915929
39.7 2.54841615373
40.87 2.21062903468
42.04 2.23314817595
43.21 2.42831406696
44.37 1.96667167092
45.54 2.29695240955
46.71 2.46209277886
47.88 2.16934394235
49.04 2.58594805585
50.21 2.04173547515
51.37 2.33448431166
52.54 2.10553970875
53.71 2.36826302357
54.88 2.49587149077
56.04 2.00045038283
57.21 2.12430565981
58.37 2.37576940399
59.54 2.50337787119
60.71 2.00045038283
61.88 1.94039933944
63.04 2.65725866987
64.21 2.07926737727
65.37 2.35325026272
66.54 2.11679927939
67.71 1.80903768203
68.88 2.2181354151
70.04 1.85782915478
71.21 2.24440774658
72.37 2.06050142621
73.54 2.1543311815
74.71 2.39078216484
75.88 1.94790571986
77.04 1.91037381775
78.21 2.08302056748
79.37 2.35325026272
80.54 2.49211830056
81.71 2.55967572437
82.88 2.03047590452
84.04 1.76399939949
85.21 2.00795676325
86.37 1.94415252965
87.54 1.91037381775
88.7 1.89160786669
89.86 1.88410148626
91.02 2.25566731722
92.18 1.88034829605
93.34 1.68893559526
94.5 1.78276535055
95.67 1.64389731272
96.84 2.32322474103
98.0 2.4733523495
99.17 2.17685032277
100.33 2.40204173548
101.5 2.13931842066
102.66 2.38327578442
103.83 2.12805885002
105.0 2.00420357304
106.16 1.94039933944
107.33 2.2819396487
108.49 1.89160786669
109.65 2.07176099685
110.83 1.78651854076
112.0 2.01921633388
113.16 2.32322474103
114.33 1.91412700796
115.5 1.8953610569
116.66 7.3262272932
117.83 13.0460891758
119.04 16.6566581594
120.24 19.2125806936
121.45 20.4924185558
122.65 22.0687584447
123.85 22.8569283891
125.05 23.0633538508
126.26 23.5400090077
127.46 23.5925536706
128.66 23.9941450233
129.87 24.1968172947
131.08 24.1067407296
132.28 24.0654556373
133.48 24.6059150278
134.68 24.3131661913
135.88 24.166791773
137.08 24.2793874794
138.28 24.5270980333
139.48 24.6472001201
140.68 24.3356853325
141.88 24.3657108542
143.08 24.9437021468
144.28 24.6697192614
145.48 24.9061702447
146.69 25.0262723315
147.89 25.0863233749
149.1 25.1163488966
150.31 24.7560426362
151.52 24.7635490167
152.72 24.9549617175
153.94 25.052544663
155.15 25.0975829455
156.36 25.123855277
157.56 25.5104338688
158.77 24.7635490167
159.99 24.7673022069
161.2 25.1463744183
162.4 24.9587149077
163.6 24.6772256418
164.81 24.7222639243
166.02 24.9361957664
167.23 24.8536255817
168.44 24.8123404894
169.64 24.9774808587
170.85 25.6267827654
172.06 25.0112595706
173.27 25.266476505
174.48 24.8311064405
175.69 25.5517189611
176.88 25.7243657109
178.08 25.4353700646
179.29 25.1013361357
180.5 25.123855277
181.71 24.947455337
182.92 25.7994295151
184.13 25.0975829455
185.32 25.3077615974
186.53 25.0412850923
187.74 25.0938297553
188.96 24.7447830656
190.16 24.9437021468
191.37 25.0450382825
192.57 25.0975829455
193.78 25.4954211079
194.99 25.1351148476
196.2 25.514187059
197.4 25.3302807386
198.61 24.6772256418
199.82 24.9099234349
201.03 25.5930040534
202.24 24.9924936196
203.45 25.6342891458
204.64 25.2026722714
205.85 24.9849872392
207.06 25.0675574238
208.26 25.6680678577
209.46 25.5967572437
210.65 25.9345443627
211.85 25.3527998799
213.06 25.8106890857
214.27 25.4804083471
215.47 25.8744933193
216.67 25.5104338688
217.88 25.5179402492
219.08 25.142621228
220.29 25.1463744183
221.48 25.3340339288
222.69 25.052544663
223.89 25.8482209878
225.1 26.0621528299
226.31 25.7919231347
227.52 25.4691487765
228.72 25.1201020868
229.94 25.1313616574
231.14 25.1388680378
232.34 25.3302807386
233.54 25.4278636841
234.76 25.4729019667
235.97 25.3115147876
237.18 25.2289446029
238.38 25.1876595106
239.58 25.1651403693
240.77 25.1576339889
241.98 25.5254466296
243.18 25.3377871191
244.38 25.052544663
245.57 25.1013361357
246.78 24.9361957664
247.99 24.8536255817
249.2 25.0
250.4 24.8836511034
251.61 24.8273532503
252.82 25.1763999399
254.02 25.3490466897
255.23 25.0600510434
256.44 25.1013361357
257.64 25.4991742982
258.85 25.1351148476
260.05 24.9549617175
261.26 24.8611319622
262.47 24.8160936796
263.67 24.9812340489
264.88 24.876144723
266.08 25.0112595706
267.28 25.0788169944
268.48 25.4879147275
269.68 25.8819996997
270.88 25.7018465696
272.08 25.9870890257
273.29 25.7543912325
274.49 25.4503828254
275.71 25.1088425161
276.91 25.5029274884
278.12 25.1388680378
279.32 25.3302807386
280.53 25.0487914728
281.73 25.0975829455
282.95 25.6868338087
284.16 25.6042636241
285.37 25.1876595106
286.57 25.1651403693
287.77 25.3452934995
288.99 25.9945954061
290.2 25.3828254016
291.4 25.0788169944
292.61 25.6755742381
293.82 25.5967572437
295.03 25.1839063204
296.23 25.5404593905
297.43 25.5329530101
298.63 25.1501276085
299.84 25.1501276085
301.04 25.5216934394
302.24 25.1463744183
303.43 25.3340339288
304.62 25.9908422159
305.83 26.1334634439
307.04 25.8257018466
308.24 25.3002552169
309.45 25.4090977331
310.64 25.8407146074
311.85 25.4954211079
313.06 25.6943401892
314.26 25.6080168143
315.47 25.3790722114
316.68 25.4503828254
317.88 19.6667167092
319.08 14.9001651404
320.28 11.3909322924
321.48 9.07521393184
322.69 7.54015913526
323.89 7.33373367362
325.06 5.91878096382
326.23 5.77615973578
327.4 5.13811739979
328.56 5.38582795376
329.72 4.7552919982
330.89 4.63143672121
332.06 4.19231346645
333.23 4.53385377571
334.39 4.51884101486
335.55 3.94835610269
336.72 3.47545413602
337.88 3.42666266326
339.05 3.77946254316
340.21 3.9521092929
341.38 4.04218585798
342.53 4.08347095031
343.7 3.73067107041
344.87 3.36661161988
346.04 3.18645848972
347.21 3.28028824501
348.37 3.14142020718
349.54 3.07386278337
350.71 3.599309413
351.88 3.49046689686
353.04 3.2465095331
354.21 3.12265425612
355.38 3.06260321273
356.54 3.22023720162
357.71 3.29905419607
358.88 3.15267977781
360.04 2.88995646299
361.21 2.570935295
362.37 2.97252664765
363.54 2.9875394085
364.71 2.99504578892
365.88 2.99879897913
367.04 3.00255216934
368.2 3.00255216934
369.36 3.5655307011
370.52 2.90872241405
371.69 2.57844167542
372.86 2.60471400691
374.02 2.80363308812
375.19 2.90121603363
376.36 3.14142020718
377.53 2.88245008257
378.69 2.19186308362
379.86 2.4095481159
381.04 2.70605014262
382.21 2.48085872992
383.38 2.36450983336
384.53 2.30821198018
385.7 2.46959915929
386.87 2.73607566431
388.04 2.11679927939
389.21 2.37201621378
390.38 2.49962468098
391.53 2.56342891458
392.7 2.4095481159
393.87 2.51839063204
395.04 2.75859480558
396.21 2.5071310614
397.37 2.75484161537
398.54 2.69103738177
399.71 2.65725866987
400.87 2.45458639844
402.04 2.35325026272
403.21 2.49211830056
404.37 2.37201621378
405.54 3.06260321273
406.71 3.22023720162
407.88 2.9237351749
409.04 3.1489265876
410.21 2.51463744183
411.37 2.570935295
412.54 2.4095481159
413.71 2.70605014262
414.88 2.48085872992
416.04 2.55216934394
417.21 2.77736075664
418.37 2.70229695241
419.53 2.28944602912
420.69 2.45833958865
421.86 2.54466296352
423.04 2.77360756643
424.21 2.6985437622
425.37 2.66476505029
426.53 2.27068007807
427.69 2.25942050743
428.86 2.06800780664
430.03 2.16183756193
431.2 2.39453535505
432.37 2.51088425161
433.54 2.37952259421
434.71 2.50337787119
435.88 2.37952259421
437.04 2.50337787119
438.21 2.18810989341
439.38 2.4095481159
440.53 2.51839063204
441.7 2.570935295
442.87 2.60096081669
444.04 2.61222038733
445.21 2.61972676775
446.37 2.2481609368
447.53 1.87659510584
448.69 2.25191412701
449.85 2.06425461642
451.01 2.3457438823
452.18 2.29695240955
453.34 2.46209277886
454.51 2.54466296352
455.68 2.21062903468
456.84 2.04548866537
458.0 2.33448431166
459.17 2.48085872992
460.34 2.18060351299
461.51 2.02672271431
462.67 2.32697793124
463.83 2.47710553971
464.99 2.55216934394
466.16 2.40204173548
467.32 2.13931842066
468.48 2.19561627383
469.64 2.41330130611
470.81 2.14307161087
471.98 2.38702897463
473.14 2.5071310614
474.31 2.56718210479
475.48 2.22188860531
476.64 2.9875394085
477.81 2.43206725717
478.97 2.52965020267
480.14 2.57844167542
481.31 2.60096081669
482.48 2.80363308812
483.64 2.71355652304
484.81 2.10929289896
485.98 2.18060351299
487.14 1.83906320372
488.3 2.04548866537
489.47 1.77525897012
490.63 1.63639093229
491.8 2.13181204023
492.97 2.37952259421
494.14 2.50337787119
495.31 2.00420357304
496.48 2.12805885002
497.64 2.18810989341
498.82 2.03422909473
499.98 2.33073112145
501.14 2.47710553971
502.3 2.55216934394
503.46 2.58970124606
504.61 2.42080768653
505.79 2.71355652304
506.96 2.10553970875
508.14 2.36826302357
509.31 2.1205524696
510.48 2.37576940399
511.64 1.93664614923
512.81 2.09428013812
513.98 2.36075664315
515.14 1.93289295902
516.31 2.27818645849
517.47 2.64224590902
518.63 9.57814142021
519.84 14.1720462393
521.04 17.7826152229
522.25 20.1508782465
523.46 21.7084521844
524.66 22.3014562378
525.87 23.1609367963
527.08 23.5925536706
528.28 24.1818045339
529.48 24.0992343492
530.69 24.0617024471
531.9 24.6021618376
533.11 24.3131661913
534.32 24.7297703048
535.52 24.3732172346
536.72 24.5721363159
537.94 24.8611319622
539.15 25.0037531902
540.36 25.0750638042
541.56 24.5458639844
542.77 24.8461192013
543.98 24.8085872992
545.18 24.6021618376
546.38 24.6884852124
547.57 24.9174298153
548.79 24.8423660111
550.0 24.8085872992
551.21 24.7898213481
552.41 24.7785617775
553.61 24.9624680979
554.81 24.8686383426
556.02 24.8198468698
557.23 24.9812340489
558.44 25.2514637442
559.64 25.0112595706
560.85 25.266476505
562.05 25.2064254616
563.26 25.7393784717
564.47 25.6305359556
565.67 24.8273532503
566.88 24.9849872392
568.08 25.0675574238
569.28 25.2927488365
570.48 25.0337787119
571.68 25.0900765651
572.88 25.8669869389
574.08 25.319021168
575.28 25.7956763249
576.48 25.6605614773
577.69 25.4015913526
578.89 25.0863233749
580.1 25.1163488966
581.31 25.6943401892
582.52 25.9833358355
583.72 25.3790722114
584.95 25.8257018466
586.16 26.0471400691
587.36 25.9720762648
588.56 25.371565831
589.76 25.6342891458
590.97 25.9533103138
592.17 25.3640594505
593.38 25.2552169344
594.57 25.3865785918
595.79 25.266476505
597.0 24.8311064405
598.21 24.8010809188
599.4 24.7860681579
600.6 24.5909022669
601.8 25.4316168743
603.01 25.8519741781
604.22 25.6868338087
605.43 25.6042636241
606.63 25.1876595106
607.84 24.9774808587
609.04 25.0638042336
610.25 25.4804083471
611.45 25.4991742982
612.65 25.1351148476
613.86 25.5179402492
615.07 25.142621228
616.27 25.8970124606
617.46 25.3340339288
618.65 25.052544663
619.86 25.0975829455
621.06 25.6868338087
622.27 25.2289446029
623.48 25.0
624.69 24.8836511034
625.9 24.8273532503
627.11 24.9887404294
628.32 25.6305359556
629.53 25.1989190812
630.73 24.9849872392
631.95 25.6305359556
633.16 25.1989190812
634.37 24.9849872392
635.57 25.0675574238
636.79 25.2927488365
638.0 25.2214382225
639.21 25.371565831
640.41 25.071310614
641.61 25.1088425161
642.8 24.9399489566
644.01 25.0412850923
645.23 25.8444677976
646.43 25.6830806185
647.63 25.6042636241
648.84 25.1876595106
650.04 24.9774808587
651.25 24.876144723
652.46 25.0112595706
653.66 25.0788169944
654.87 24.9249361958
656.08 25.5967572437
657.28 25.1839063204
658.48 25.1651403693
659.68 24.9699744783
660.88 25.0562978532
662.08 24.9136766251
663.29 25.0300255217
664.49 25.6530550968
665.71 25.7731571836
666.93 25.461642396
668.13 25.3040084071
669.34 25.2251914127
670.55 25.9345443627
671.75 25.3527998799
672.96 25.4391232548
674.17 25.2927488365
675.38 25.0300255217
676.57 25.0900765651
677.79 25.3040084071
679.0 25.2251914127
680.21 25.3753190212
681.42 25.071310614
682.61 25.2965020267
683.81 25.4090977331
685.01 25.0900765651
686.22 25.1201020868
687.43 25.6943401892
688.63 25.4203573037
689.84 26.0358804984
691.04 25.5892508632
692.25 25.1801531302
693.45 24.9774808587
694.65 24.6847320222
695.86 25.2927488365
697.07 25.2176850323
698.28 25.371565831
699.48 25.071310614
700.68 25.2965020267
701.88 25.0337787119
703.08 25.8407146074
704.28 25.8669869389
705.48 26.2573187209
706.69 25.8895060802
707.89 25.5179402492
709.1 25.5216934394
710.3 25.8970124606
711.49 26.2723314818
712.69 25.5216934394
713.89 25.1463744183
715.09 25.1463744183
716.29 25.3340339288
717.49 25.4278636841
718.7 19.8431166492
719.92 14.9902417054
721.13 11.8112895962
722.34 9.46929890407
723.55 7.73907821648
724.76 6.49677225642
725.93 6.06140219186
727.1 5.28449181805
728.26 5.45713856778
729.43 4.60516438973
730.59 5.11559825852
731.76 4.06095180904
732.93 3.90707101036
734.1 4.0159135265
735.26 3.50923284792
736.43 3.25776910374
737.59 3.13016063654
738.76 3.81699444528
739.93 3.40789671221
741.09 3.20522444077
742.26 3.66686683681
743.43 3.52424560877
744.6 3.44918180453
745.77 3.41540309263
746.94 3.20897763099
748.11 3.10388830506
749.28 3.05509683231
750.45 3.02882450083
751.61 3.01381173998
752.78 3.38537757094
753.94 3.38162438072
755.11 3.19021167993
756.28 3.09638192464
757.44 3.0513436421
758.61 3.2127308212
759.78 3.67062002702
760.95 3.33658609818
762.12 3.17144572887
763.29 3.085122354
764.46 3.41915628284
765.62 3.2127308212
766.8 3.48296051644
767.96 3.05509683231
769.14 3.02882450083
770.3 2.63849271881
771.46 2.6347395286
772.62 3.00630535956
773.79 3.00255216934
774.95 3.00255216934
776.11 2.62723314818
777.27 2.62723314818
778.42 2.62723314818
779.57 3.37787119051
780.72 3.37787119051
781.88 3.19021167993
783.04 2.53340339288
784.21 2.76985437622
785.38 2.88620327278
786.54 2.94250112596
787.71 2.78486713707
788.88 2.33073112145
790.04 2.6685182405
791.21 2.64599909923
792.37 2.63849271881
793.53 2.81864584897
794.7 2.72481609368
795.87 2.67602462093
797.04 2.64975228945
798.2 2.45083320823
799.37 2.54090977331
800.53 2.76985437622
801.7 2.13556523045
802.87 3.13391382675
804.04 2.87869689236
805.21 2.94250112596
806.37 2.22188860531
807.54 2.04924185558
808.71 2.15057799129
809.88 2.38702897463
811.04 2.5071310614
812.21 2.75484161537
813.37 2.69103738177
814.54 2.66101186008
815.71 2.64224590902
816.87 2.6347395286
818.03 2.63098633839
819.2 2.4433268278
820.37 2.53340339288
821.53 2.39453535505
822.7 2.32322474103
823.87 2.28569283891
825.03 2.27068007807
826.2 1.88410148626
827.36 2.25566731722
828.53 2.4433268278
829.69 2.53340339288
830.86 2.01921633388
832.03 2.13556523045
833.2 2.19186308362
834.37 2.4095481159
835.53 2.14307161087
836.7 2.38702897463
837.88 2.5071310614
839.04 2.00420357304
840.21 2.31571836061
841.38 2.2819396487
842.53 2.26692688785
843.7 2.07176099685
844.87 2.34949707251
846.04 2.30070559976
847.21 2.09052694791
848.38 2.35700345293
849.53 2.11679927939
850.7 2.1843567032
851.87 2.2181354151
853.04 2.42456087675
854.21 2.15057799129
855.37 1.82405044288
856.53 2.03798228494
857.7 1.77150577991
858.87 1.63639093229
860.04 1.94415252965
861.21 2.09803332833
862.37 1.98543762198
863.54 2.30821198018
864.71 1.90286743732
865.87 1.7039483561
867.04 1.97793124156
868.21 1.73772706801
869.37 1.99669719261
870.54 2.87494370215
871.71 2.18810989341
872.88 2.40579492569
874.04 2.33073112145
875.21 2.47710553971
876.37 1.98919081219
877.53 2.30821198018
878.71 1.90662062753
879.87 2.64224590902
881.03 2.6347395286
882.19 2.63098633839
883.36 2.06425461642
884.52 2.3457438823
885.69 2.48836511034
886.86 1.9929440024
888.03 1.74898663864
889.2 1.62513136166
890.37 2.12430565981
891.53 2.00045038283
892.7 2.12805885002
893.87 2.37576940399
895.04 1.94039933944
896.21 1.71896111695
897.37 2.17309713256
898.53 1.83906320372
899.69 1.6701696442
900.86 2.14682480108
902.03 2.19936946404
903.2 2.22564179553
904.37 2.42831406696
905.53 2.33823750188
906.7 2.8599309413
907.87 2.36826302357
909.04 2.49587149077
910.21 2.00045038283
911.37 2.12430565981
912.53 2.37576940399
913.7 2.31571836061
914.87 2.65725866987
916.03 2.45458639844
917.2 2.72856928389
918.37 2.67977781114
919.53 2.65350547966
920.7 8.83125656808
921.92 13.9881399189
923.13 17.5011259571
924.32 19.6366911875
925.53 21.2655757394
926.74 21.8923585047
927.96 22.7668518241
929.16 23.3936345894
930.37 23.5212430566
931.58 23.7689536106
932.79 23.8965620778
934.0 23.7689536106
935.21 23.7089025672
936.42 23.6751238553
937.61 24.0354301156
938.81 23.8402642246
940.02 24.3056598108
941.23 24.538357604
942.43 24.8423660111
943.63 24.8085872992
944.84 24.7898213481
946.04 24.7785617775
947.24 24.9624680979
948.45 24.8686383426
949.65 24.2568683381
950.86 24.5120852725
952.07 24.6434469299
953.28 24.7072511635
954.48 24.9249361958
955.69 25.0375319021
956.91 24.9024170545
958.12 24.8386128209
959.32 24.9924936196
960.53 24.8798979132
961.73 24.8273532503
962.95 24.7973277286
964.15 24.9737276685
965.36 24.8723915328
966.56 24.8198468698
967.79 24.7973277286
968.99 24.7823149677
970.19 24.9662212881
971.4 24.8686383426
972.6 24.8198468698
973.8 24.6059150278
975.01 25.6267827654
976.22 25.1989190812
977.43 24.9849872392
978.63 25.442876445
979.84 25.4804083471
981.04 25.5029274884
982.25 25.3227743582
983.46 25.0487914728
984.66 24.7222639243
985.87 25.4954211079
987.08 25.1351148476
988.28 25.1388680378
989.48 25.3302807386
990.68 25.052544663
991.88 25.4729019667
993.08 25.123855277
994.28 25.1351148476
995.48 25.3265275484
996.68 25.2364509833
997.88 25.3790722114
999.08 25.4503828254
1000.28 25.6755742381
1001.48 25.2214382225
1002.69 24.9962468098
1003.9 25.2589701246
1005.1 25.0150127608
1006.31 24.7072511635
1007.52 25.4879147275
1008.72 25.1313616574
1009.95 25.1388680378
1011.15 24.9549617175
1012.36 25.6117700045
1013.56 25.1914127008
1014.78 25.1688935595
1015.98 24.9699744783
1017.18 24.8723915328
1018.38 25.0075063804
1019.57 25.0788169944
1020.79 25.1125957064
1022.0 24.9399489566
1023.21 25.6080168143
1024.42 25.9382975529
1025.62 25.3565530701
1026.83 25.2514637442
1028.04 25.3865785918
1029.24 25.266476505
1030.45 25.5817444828
1031.65 25.5517189611
1032.85 25.1613871791
1034.05 25.3415403093
1035.26 24.8686383426
1036.47 25.195165891
1037.67 25.1726467497
1038.88 25.7206125206
1040.08 25.4353700646
1041.28 25.2889956463
1042.48 25.5930040534
1043.68 25.1839063204
1044.88 24.9774808587
1046.08 25.0600510434
1047.28 24.9174298153
1048.48 25.5930040534
1049.68 25.5592253415
1050.88 25.5404593905
1052.08 25.5291998198
1053.28 25.5254466296
1054.48 25.1501276085
1055.68 25.1463744183
1056.87 25.3340339288
1058.08 25.2402041735
1059.28 25.7581444228
1060.48 25.4503828254
1061.68 25.6755742381
1062.88 25.5967572437
1064.08 25.371565831
1065.28 26.0096081669
1066.48 25.7656508032
1067.68 25.4578892058
1068.88 25.4879147275
1070.08 25.319021168
1071.29 25.7956763249
1072.49 25.2814892659
1073.7 25.4015913526
1074.92 25.0863233749
1076.13 25.6793274283
1077.32 25.6005104339
1078.54 25.3753190212
1079.76 25.4466296352
1080.96 25.4841615373
1082.16 25.5029274884
1083.37 25.1388680378
1084.57 24.9549617175
1085.79 25.0487914728
1087.0 24.9099234349
1088.21 25.0300255217
1089.41 24.8986638643
1090.61 25.585497673
1091.83 25.1801531302
1093.03 24.9737276685
1094.24 25.6230295751
1095.45 25.5742381024
1096.65 25.1726467497
1097.85 25.1576339889
1099.05 25.7168593304
1100.26 25.8069358955
1101.46 25.2889956463
1102.66 24.8423660111
1103.87 25.7431316619
1105.07 25.6342891458
1106.27 25.390331782
1107.48 25.8294550368
1108.68 25.3002552169
1109.88 25.0375319021
1111.08 25.2777360757
1112.29 25.0262723315
1113.49 25.8369614172
1114.7 25.3040084071
1115.92 25.975829455
1117.13 25.371565831
1118.33 25.2589701246
1119.53 25.390331782
1120.74 23.7689536106
1121.96 17.8877045489
1123.16 13.4476805284
1124.37 10.6665665816
1125.58 8.33583546014
1126.79 6.79327428314
1127.95 6.96216784267
1129.12 5.73487464345
1130.29 5.30701095932
1131.46 4.90541960667
1132.61 4.32742831407
1133.79 3.66686683681
1134.96 3.33283290797
1136.13 3.16769253866
1137.29 3.83576039634
1138.46 3.98213481459
1139.62 3.49422008707
1140.8 3.62182855427
1141.96 3.31406695691
1143.13 3.71941149977
1144.3 3.36285842967
1145.47 3.74568383126
1146.63 3.3741180003
1147.8 3.74943702147
1148.96 3.37787119051
1150.13 3.37787119051
1151.28 3.19021167993
1152.44 3.65936045639
1153.6 3.32907971776
1154.78 3.16769253866
1155.94 3.46044137517
1157.11 3.79447530401
1158.28 3.39663714157
1159.44 3.20147125056
1160.61 3.6631136466
1161.78 3.52049241856
1162.94 3.8245008257
1164.11 3.41540309263
1165.28 3.20897763099
1166.45 3.10388830506
1167.61 3.05509683231
1168.79 2.84116499024
1169.95 2.54466296352
1171.12 2.96126707702
1172.29 2.60846719712
1173.45 3.36661161988
1174.61 2.81113946855
1175.79 2.90496922384
1176.96 3.14142020718
1178.13 3.07386278337
1179.29 2.84867137067
1180.46 2.55216934394
1181.61 2.58970124606
1182.78 2.42080768653
1183.94 2.14682480108
1185.11 2.95000750638
1186.28 2.78862032728
1187.44 2.33448431166
1188.61 2.48085872992
1189.78 2.55216934394
1190.93 2.58970124606
1192.09 2.42080768653
1193.26 2.71355652304
1194.43 2.6685182405
1195.6 2.64975228945
1196.77 2.82615222939
1197.93 2.72481609368
1199.1 2.30070559976
1200.27 2.46584596907
1201.44 2.54466296352
1202.6 2.21062903468
1203.77 2.42080768653
1204.94 2.52214382225
1206.11 2.19936946404
1207.28 2.41330130611
1208.45 2.14682480108
1209.61 2.38702897463
1210.79 1.94415252965
1211.96 2.28569283891
1213.12 3.01756493019
1214.28 2.82239903918
1215.44 2.34949707251
1216.6 2.48836511034
1217.78 2.74733523495
1218.95 2.68728419156
1220.12 2.46959915929
1221.29 2.73607566431
1222.45 2.49211830056
1223.61 2.1843567032
1224.79 2.40579492569
1225.96 2.33073112145
1227.13 2.10178651854
1228.29 2.36450983336
1229.45 2.30821198018
1230.61 2.09428013812
1231.79 2.17309713256
1232.96 2.39828854526
1234.13 2.13931842066
1235.29 2.94625431617
1236.45 2.22188860531
1237.61 2.23690136616
1238.79 2.43206725717
1239.95 2.52965020267
1241.12 2.01546314367
1242.29 2.32322474103
1243.46 2.09803332833
1244.62 2.36450983336
1245.79 2.49587149077
1246.96 2.37201621378
1248.13 1.93664614923
1249.29 1.71896111695
1250.46 1.61011860081
1251.62 2.1205524696
1252.79 2.37201621378
1253.96 2.12430565981
1255.13 2.37576940399
1256.29 2.50337787119
1257.46 2.56342891458
1258.62 2.78486713707
1259.79 2.70605014262
1260.96 2.66476505029
1262.12 2.45833958865
1263.29 2.54466296352
1264.45 2.39828854526
1265.61 2.51088425161
1266.79 2.00795676325
1267.96 2.31571836061
1269.13 2.4733523495
1270.3 2.54841615373
1271.47 2.58970124606
1272.62 2.23314817595
1273.79 2.42831406696
1274.96 2.52965020267
1276.13 2.01546314367
1277.29 2.31947155082
1278.46 2.4733523495
1279.62 2.36450983336
1280.79 2.49587149077
1281.96 2.1843567032
1283.13 2.2181354151
1284.29 1.86158234499
1285.46 2.24440774658
1286.62 1.87284191563
1287.79 2.2481609368
1288.96 2.06425461642
1290.12 1.97042486113
1291.29 2.29695240955
1292.46 2.46209277886
1293.62 2.54466296352
1294.79 2.0229695241
1295.96 1.76399939949
1297.13 2.00795676325
1298.29 2.31571836061
1299.46 2.09803332833
1300.62 1.98543762198
1301.79 1.74523344843
1302.96 1.62137817145
1304.13 1.56132712806
1305.29 2.09428013812
1306.46 2.36075664315
1307.62 2.68353100135
1308.8 2.65350547966
1309.96 2.45458639844
1311.13 2.54090977331
1312.29 2.58219486564
1313.46 2.79237351749
1314.62 2.52214382225
1315.79 2.57468848521
1316.96 2.22564179553
1318.13 1.8653355352
1319.3 2.056748236
1320.47 2.34199069209
1321.63 7.73907821648
1322.84 12.6895361057
1324.04 16.1049391983
1325.25 18.5595255968
1326.45 20.5412100285
1327.65 21.7159585648
1328.85 22.6805284492
1330.06 23.1646899865
1331.27 23.5925536706
1332.48 23.6188260021
1333.68 24.0054045939
1334.88 23.8252514637
1336.08 23.9228344092
1337.28 24.3469449032
1338.48 24.5608767452
1339.69 24.8536255817
1340.9 24.6246809788
1342.11 24.6959915929
1343.31 24.9211830056
1344.51 24.4708001802
1345.71 24.8085872992
1346.93 24.6021618376
1348.13 24.6884852124
1349.34 24.9174298153
1350.55 24.8423660111
1351.77 24.6209277886
1352.97 24.8836511034
1354.17 25.0150127608
1355.38 25.0788169944
1356.57 25.1125957064
1357.78 24.9437021468
1358.98 24.857378772
1360.18 24.8123404894
1361.38 24.7935745384
1362.57 24.9699744783
1363.78 24.680978832
1364.98 25.1013361357
1366.18 25.123855277
1367.38 24.5721363159
1368.57 24.485812941
1369.78 25.3790722114
1370.98 25.8257018466
1372.18 25.6718210479
1373.37 25.5967572437
1374.57 25.371565831
1375.78 25.4466296352
1376.97 25.2965020267
1378.17 25.0337787119
1379.37 24.7147575439
1380.58 25.1201020868
1381.79 25.1313616574
1383.0 25.7018465696
1384.21 25.7994295151
1385.41 25.6605614773
1386.62 26.1559825852
1387.83 25.8369614172
1389.04 25.1163488966
1390.24 25.1313616574
1391.45 25.3265275484
1392.64 25.0487914728
1393.85 25.8482209878
1395.06 25.3115147876
1396.27 25.6042636241
1397.48 25.3753190212
1398.69 25.071310614
1399.9 25.1088425161
1401.11 25.6905869989
1402.32 25.2326977931
1403.53 24.8123404894
1404.74 24.9812340489
1405.96 25.2514637442
1407.16 25.0112595706
1408.37 24.8911574839
1409.58 25.5817444828
1410.78 25.9270379823
1411.97 26.2873442426
1413.17 26.2798378622
1414.38 25.5254466296
1415.57 25.3340339288
1416.78 25.8031827053
1417.98 25.2889956463
1419.18 25.2176850323
1420.38 25.3678126407
1421.58 25.071310614
1422.78 24.9211830056
1423.97 25.2214382225
1425.17 24.9962468098
1426.37 25.6342891458
1427.58 25.2026722714
1428.78 24.9849872392
1429.98 25.2552169344
1431.18 25.0112595706
1432.38 25.8294550368
1433.57 25.3002552169
1434.78 25.2251914127
1435.99 25.5592253415
1437.19 25.1651403693
1438.39 24.9699744783
1439.59 25.0562978532
1440.8 25.1013361357
1442.0 24.9361957664
1443.21 25.4166041135
1444.41 25.2814892659
1445.61 25.0262723315
1446.82 25.461642396
1448.02 25.1163488966
1449.23 25.6943401892
1450.43 25.2326977931
1451.63 25.7543912325
1452.84 25.8257018466
1454.04 25.6718210479
1455.24 25.2214382225
1456.45 24.9962468098
1457.64 24.8836511034
1458.85 25.390331782
1460.05 25.2702296952
1461.26 25.5817444828
1462.47 25.3640594505
1463.67 25.2552169344
1464.88 25.390331782
1466.08 25.0788169944
1467.28 24.7372766852
1468.48 25.6943401892
1469.69 25.2326977931
1470.91 25.7506380423
1472.12 25.2627233148
1473.32 25.9533103138
1474.53 25.3640594505
1475.74 24.8798979132
1476.96 25.3865785918
1478.16 25.266476505
1479.37 25.0187659511
1480.58 25.4578892058
1481.78 25.1163488966
1482.99 24.7560426362
1484.2 25.514187059
1485.4 25.5179402492
1486.6 25.8932592704
1487.8 25.70935295
1489.0 25.2402041735
1490.21 25.566731722
1491.42 25.1688935595
1492.61 24.9699744783
1493.82 25.6230295751
1495.03 25.195165891
1496.24 25.7356252815
1497.45 25.4391232548
1498.64 25.1050893259
1499.85 24.9399489566
1501.05 25.0412850923
1502.26 25.2814892659
1503.47 25.4015913526
1504.67 25.461642396
1505.87 25.1163488966
1507.08 25.1313616574
1508.28 24.9512085272
1509.48 25.0487914728
1510.69 25.2852424561
1511.9 25.5930040534
1513.11 25.1801531302
1514.31 25.1651403693
1515.51 25.3415403093
1516.72 25.0562978532
1517.93 25.1013361357
1519.13 25.8744933193
1520.33 26.0734124005
1521.53 25.4241104939
1522.74 20.0307761597
1523.96 15.6432968023
1525.16 11.7624981234
1526.37 9.07146074163
1527.57 7.1648401141
1528.73 6.58309563129
1529.91 5.54346194265
1531.08 5.40084071461
1532.24 4.76279837862
1533.4 4.82284942201
1534.56 4.09848371115
1535.73 3.92583696142
1536.91 3.65185407596
1538.08 3.89205824951
1539.24 4.00840714607
1540.4 3.88079867888
1541.56 3.44167542411
1542.73 3.78696892359
1543.9 3.76820297253
1545.06 3.57303708152
1546.23 3.47545413602
1547.4 3.23900315268
1548.56 3.12265425612
1549.72 3.06260321273
1550.9 3.03257769104
1552.06 3.58054346194
1553.23 3.29154781564
1554.4 3.70815192914
1555.56 3.54301155983
1556.73 3.27278186458
1557.91 3.13766701696
1559.08 3.07010959315
1560.24 3.599309413
1561.4 3.30280738628
1562.56 3.15267977781
1563.72 3.64059450533
1564.89 3.13391382675
1566.06 2.50337787119
1567.23 2.37952259421
1568.4 2.69103738177
1569.56 2.84491818045
1570.72 3.11139468548
1571.9 3.05885002252
1573.07 2.46584596907
1574.24 2.73607566431
1575.4 2.86743732172
1576.56 2.93499474553
1577.73 2.78111394685
1578.91 2.70605014262
1580.08 2.47710553971
1581.24 1.98919081219
1582.4 2.68353100135
1583.56 2.65725866987
1584.72 2.64224590902
1585.89 3.01005854977
1587.05 2.81864584897
1588.22 3.28404143522
1589.38 3.70815192914
1590.53 3.16769253866
1591.7 2.52214382225
1592.87 2.57468848521
1594.04 2.78862032728
1595.21 3.26902867437
1596.37 2.95000750638
1597.55 2.78862032728
1598.72 2.70605014262
1599.89 3.23149677226
1601.06 2.92748836511
1602.22 2.40204173548
1603.38 1.95165891007
1604.53 2.10178651854
1605.69 2.92748836511
1606.85 2.77736075664
1608.01 2.51463744183
1609.17 2.570935295
1610.34 2.41330130611
1611.52 2.51839063204
1612.69 2.38702897463
1613.86 2.5071310614
1615.03 2.56718210479
1616.2 2.59720762648
1617.37 2.61222038733
1618.53 2.056748236
1619.7 2.90496922384
1620.87 2.76610118601
1622.04 2.31947155082
1623.21 2.4733523495
1624.37 2.17685032277
1625.53 2.21438222489
1626.69 2.42080768653
1627.86 2.52214382225
1629.03 2.19936946404
1630.2 2.97627983786
1631.37 2.42831406696
1632.53 1.96291848071
1633.7 2.29695240955
1634.88 2.46209277886
1636.04 2.54466296352
1637.21 2.58594805585
1638.37 2.04173547515
1639.55 1.9591652905
1640.72 1.73022068758
1641.89 2.18060351299
1643.06 2.02672271431
1644.22 2.32697793124
1645.38 2.47710553971
1646.53 2.55216934394
1647.69 2.58970124606
1648.85 2.60846719712
1650.01 2.43206725717
1651.18 2.71730971326
1652.34 2.48461192013
1653.51 1.9929440024
1654.68 2.30821198018
1655.84 2.46959915929
1657.0 2.54841615373
1658.17 2.21062903468
1659.33 2.42080768653
1660.5 2.52214382225
1661.67 2.01170995346
1662.84 2.31947155082
1664.0 2.4733523495
1665.17 2.55216934394
1666.33 2.40204173548
1667.49 2.51463744183
1668.65 2.570935295
1669.82 2.59720762648
1670.99 2.42456087675
1672.16 2.52589701246
1673.33 2.20312265426
1674.5 2.22564179553
1675.67 2.05299504579
1676.84 2.33823750188
1678.0 1.92163338838
1679.17 2.27443326828
1680.33 2.45083320823
1681.5 2.5371565831
1682.68 2.39453535505
1683.84 2.32322474103
1685.0 2.47710553971
1686.16 2.55216934394
1687.32 2.21438222489
1688.48 2.23314817595
1689.64 1.8653355352
1690.81 1.87284191563
1691.98 1.87284191563
1693.14 2.25191412701
1694.29 1.87659510584
1695.45 2.25191412701
1696.61 1.87659510584
1697.77 1.68893559526
1698.94 2.15808437172
1700.11 2.20312265426
1701.28 2.41705449632
1702.44 2.14682480108
1703.6 2.19936946404
1704.77 2.03798228494
1705.93 1.7677525897
1707.1 2.19936946404
1708.28 1.85032277436
1709.44 2.23690136616
1710.6 2.80738627834
1711.77 2.34199069209
1712.93 2.10929289896
1714.1 2.18060351299
1715.27 2.40579492569
1716.44 2.51463744183
1717.59 2.19561627383
1718.77 2.41330130611
1719.93 2.14307161087
1721.1 1.82405044288
1722.27 5.60351298604
1723.44 11.0568983636
1724.64 15.2867437322
1725.85 18.7171595856
1727.05 20.2409548116
1728.25 21.5695841465
1729.46 22.2301456238
1730.67 23.5024771055
1731.88 23.7614472301
1733.08 23.7013961868
1734.29 24.0504428764
1735.48 23.847770605
1736.69 23.9340939799
1737.9 24.3506980934
1739.1 24.1855577241
1740.31 24.6659660712
1741.52 24.7185107341
1742.72 24.7447830656
1743.94 24.3844768053
1745.16 24.2005704849
1746.37 24.2981534304
1747.57 24.1592853926
1748.78 24.6547065005
1749.98 24.5233448431
1751.18 24.6472001201
1752.38 25.0863233749
1753.57 24.928689386
1754.78 25.0375319021
1755.98 25.6530550968
1757.18 25.9645698844
1758.38 25.3678126407
1759.57 25.0675574238
1760.78 25.1088425161
1761.97 24.9399489566
1763.18 25.6042636241
1764.38 25.9382975529
1765.58 25.1688935595
1766.78 25.1576339889
1767.98 24.9624680979
1769.18 25.0562978532
1770.38 25.6643146675
1771.57 25.2176850323
1772.79 25.7431316619
1774.0 25.4466296352
1775.2 25.4841615373
1776.4 25.1276084672
1777.6 25.1351148476
1778.81 24.9549617175
1780.02 25.7994295151
1781.23 25.0975829455
1782.44 25.4991742982
1783.64 25.3227743582
1784.85 25.2326977931
1786.05 25.566731722
1787.26 25.5442125807
1788.46 25.1576339889
1789.65 24.9624680979
1790.86 25.2439573638
1792.07 25.195165891
1793.29 24.9812340489
1794.49 25.0638042336
1795.7 24.9174298153
1796.92 25.5967572437
1798.12 25.9345443627
1799.32 25.7281189011
1800.53 25.247710554
1801.73 25.3865785918
1802.95 25.266476505
1804.16 25.7694039934
1805.37 25.2702296952
1806.58 25.957063504
1807.78 25.7393784717
1808.98 25.6305359556
1810.18 25.2026722714
1811.38 24.9849872392
1812.57 25.8181954661
1813.78 25.1050893259
1814.98 25.3152679778
1816.18 24.8536255817
1817.38 25.5629785318
1818.57 25.1688935595
1819.77 24.9699744783
1820.98 24.8686383426
1822.18 24.6321873593
1823.38 24.8911574839
1824.58 24.8311064405
1825.78 24.8010809188
1826.97 25.1613871791
1828.17 24.9662212881
1829.38 25.4316168743
1830.57 25.1013361357
1831.78 25.4991742982
1832.98 25.6980933794
1834.18 25.2326977931
1835.38 25.1914127008
1836.58 25.1688935595
1837.77 25.1576339889
1838.97 25.1501276085
1840.17 25.1501276085
1841.37 24.9587149077
1842.57 25.2402041735
1843.78 25.0075063804
1844.98 24.8874042936
1846.18 24.8311064405
1847.38 24.9887404294
1848.58 24.8798979132
1849.78 25.1989190812
1850.98 25.1726467497
1852.17 25.1613871791
1853.37 25.1538807987
1854.58 25.3377871191
1855.78 25.4278636841
1856.98 25.1013361357
1858.18 25.123855277
1859.38 24.947455337
1860.57 24.857378772
1861.78 24.8160936796
1862.98 24.9812340489
1864.18 24.876144723
1865.38 24.8236000601
1866.58 24.9849872392
1867.78 25.0638042336
1868.98 24.9174298153
1870.18 25.0337787119
1871.37 24.9024170545
1872.58 25.2101786519
1873.78 24.9924936196
1874.98 25.2552169344
1876.18 25.0150127608
1877.38 24.8911574839
1878.57 25.2064254616
1879.78 25.3640594505
1880.98 25.2552169344
1882.18 25.390331782
1883.39 25.0788169944
1884.59 25.1125957064
1885.8 24.9437021468
1887.0 24.857378772
1888.21 25.0
1889.42 25.2627233148
1890.62 25.0150127608
1891.83 25.0825701847
1893.04 25.1125957064
1894.24 24.9437021468
1895.45 24.857378772
1896.65 25.0
1897.86 25.0750638042
1899.07 24.9211830056
1900.27 24.8461192013
1901.47 24.9962468098
1902.66 24.8836511034
1903.88 24.8273532503
1905.08 24.8010809188
1906.28 25.1613871791
1907.47 25.1538807987
1908.67 24.9624680979
1909.88 25.052544663
1911.08 24.9136766251
1912.29 24.8423660111
1913.49 24.804834109
1914.69 24.7898213481
1915.91 25.1538807987
1917.11 25.1501276085
1918.31 25.1501276085
1919.52 25.1463744183
1920.72 24.9587149077
1921.93 24.8648851524
1923.13 20.691337637
1924.35 16.5365560727
1925.55 12.5844467798
1926.76 10.0472901967
1927.96 8.02432067257
1929.16 7.01471250563
1930.33 6.1364659961
1931.51 5.31827052995
1932.68 4.91292598709
1933.84 4.70650052545
1935.0 4.79282390032
1936.17 4.83786218286
1937.34 4.29364960216
1938.51 3.83576039634
1939.68 3.79447530401
1940.85 3.40039033178
1942.01 3.20147125056
1943.18 3.10013511485
1944.34 3.0513436421
1945.51 3.02882450083
1946.68 3.57679027173
1947.84 3.47920732623
1949.0 3.42666266326
1950.17 3.77946254316
1951.33 3.38913076115
1952.49 3.7606965921
1953.66 3.38162438072
1954.82 3.19021167993
1955.98 3.4717009458
1957.14 3.80198168443
1958.31 3.40039033178
1959.47 3.76444978231
1960.63 3.38537757094
1961.8 3.75694340189
1962.96 3.37787119051
1964.12 3.37787119051
1965.28 3.75319021168
1966.43 3.94084972226
1967.58 3.84701996697
1968.75 3.42666266326
1969.93 3.02507131061
1971.08 3.20147125056
1972.24 3.10388830506
1973.41 3.0513436421
1974.57 3.02882450083
1975.74 3.01381173998
1976.9 3.38537757094
1978.06 3.00630535956
1979.22 3.00255216934
1980.37 2.62723314818
1981.53 2.43957363759
1982.69 2.53340339288
1983.87 2.76985437622
1985.04 2.32322474103
1986.21 3.03633088125
1987.37 2.83365860982
1988.53 2.72856928389
1989.7 2.49211830056
1990.88 3.3103137667
1992.04 2.78111394685
1993.21 2.70229695241
1994.37 2.66476505029
1995.53 2.08302056748
1996.7 2.35700345293
1997.88 2.49211830056
1999.04 1.99669719261
2000.21 2.68728419156
2001.37 2.09428013812
2002.54 2.17309713256
2003.71 2.39828854526
2004.88 2.13931842066
2006.04 2.19561627383
2007.21 2.4095481159
2008.38 3.08136916379
2009.54 2.29319921934
2010.72 2.45833958865
2011.89 2.35700345293
2013.06 2.49211830056
2014.23 2.55967572437
2015.4 2.40579492569
2016.56 2.32697793124
2017.72 2.47710553971
2018.89 1.98919081219
2020.05 2.30821198018
2021.22 2.2819396487
2022.38 2.45458639844
2023.54 2.54090977331
2024.71 2.20687584447
2025.88 2.22939498574
2027.04 2.42831406696
2028.21 2.52965020267
2029.38 2.39078216484
2030.54 2.13181204023
2031.71 1.81654406245
2032.89 2.22188860531
2034.06 2.04924185558
2035.23 1.96291848071
2036.4 2.29695240955
2037.56 2.46209277886
2038.74 2.54466296352
2039.92 2.0229695241
2041.08 2.88620327278
2042.24 2.19561627383
2043.41 2.4095481159
2044.57 1.95541210029
2045.75 2.29319921934
2046.93 2.27068007807
2048.08 1.88785467648
2049.24 2.25566731722
2050.4 2.4433268278
2051.56 2.53340339288
2052.74 2.76985437622
2053.91 2.6985437622
2055.08 2.66101186008
2056.24 2.08302056748
2057.4 2.16559075214
2058.56 2.21062903468
2059.74 2.41705449632
2060.91 1.9591652905
2062.08 2.29319921934
2063.24 2.27443326828
2064.4 1.88785467648
2065.56 2.06800780664
2066.74 2.34949707251
2067.91 2.48836511034
2069.08 1.9929440024
2070.24 2.31196517039
2071.41 2.2819396487
2072.56 1.89160786669
2073.72 2.44708001802
2074.9 2.5371565831
2076.07 2.58219486564
2077.23 2.04173547515
2078.4 1.77150577991
2079.56 2.19936946404
2080.72 1.85032277436
2081.91 2.23690136616
2083.08 2.43206725717
2084.24 2.34199069209
2085.4 2.48461192013
2086.56 2.55592253415
2087.74 2.59345443627
2088.91 2.60846719712
2090.08 2.24440774658
2091.24 2.43582044738
2092.41 2.52965020267
2093.57 2.20312265426
2094.75 2.22939498574
2095.92 2.24065455637
2097.08 2.43206725717
2098.24 2.1543311815
2099.41 2.39078216484
2100.57 1.94790571986
2101.75 1.91037381775
2102.91 2.27068007807
2104.07 1.88410148626
2105.23 2.25566731722
2106.39 2.4433268278
2107.56 2.15808437172
2108.72 2.39453535505
2109.9 2.51088425161
2111.07 2.37952259421
2112.24 2.50337787119
2113.4 2.56718210479
2114.56 2.22188860531
2115.74 2.42456087675
2116.91 2.52589701246
2118.08 2.19936946404
2119.24 2.22564179553
2120.4 1.8653355352
2121.56 2.24440774658
2122.74 1.87284191563
2123.91 8.44467797628
2125.11 13.6053145173
2126.32 17.4973727669
2127.53 19.6329379973
2128.74 21.2655757394
2129.95 22.0800180153
2131.16 22.8606815793
2132.37 23.067107041
2133.57 23.5437621979
2134.78 24.1555322024
2135.98 23.900315268
2137.18 23.9603663114
2138.39 24.5533703648
2139.59 24.8498723915
2140.8 24.6246809788
2142.0 24.8836511034
2143.21 25.0150127608
2144.41 24.8949106741
2145.61 25.0187659511
2146.82 24.7072511635
2148.03 24.5533703648
2149.24 24.4745533704
2150.45 24.6209277886
2151.64 24.8836511034
2152.85 24.8273532503
2154.05 24.9887404294
2155.26 25.0675574238
2156.46 24.9174298153
2157.66 25.4090977331
2158.88 25.0900765651
2160.08 24.928689386
2161.28 24.8498723915
2162.48 24.6246809788
2163.69 24.3206725717
2164.9 25.1088425161
2166.1 24.9399489566
2167.31 24.857378772
2168.52 25.3753190212
2169.73 25.2627233148
2170.94 25.0150127608
2172.16 24.7072511635
2173.37 24.9249361958
2174.57 25.0375319021
2175.78 24.9024170545
2176.98 25.0262723315
2178.18 25.2739828855
2179.38 25.0225191413
2180.57 24.7072511635
2181.78 24.7410298754
2182.98 24.7560426362
2184.18 24.7635490167
2185.38 24.5796426963
2186.57 25.0487914728
2187.78 24.9099234349
2188.98 24.8423660111
2190.18 24.804834109
2191.37 24.9774808587
2192.58 25.247710554
2193.78 25.0112595706
2194.98 25.0788169944
2196.18 24.9249361958
2197.38 25.0337787119
2198.57 25.4653955862
2199.78 25.4954211079
2200.98 25.1313616574
2202.18 24.9512085272
2203.38 25.4241104939
2204.57 25.6605614773
2205.78 25.2176850323
2206.99 25.3678126407
2208.2 25.2589701246
2209.4 25.390331782
2210.6 25.0788169944
2211.8 25.4879147275
2213.01 24.9437021468
2214.22 24.857378772
2215.43 25.0
2216.63 25.2627233148
2217.84 25.2026722714
2219.04 25.3640594505
2220.25 25.0675574238
2221.46 25.1050893259
2222.66 24.9399489566
2223.88 25.2289446029
2225.08 25.0
2226.29 25.0750638042
2227.49 24.9211830056
2228.69 24.8461192013
2229.91 24.9962468098
2231.11 25.6342891458
2232.31 25.2026722714
2233.52 25.3640594505
2234.73 24.8798979132
2235.94 25.5742381024
2237.15 25.3603062603
2238.36 25.2552169344
2239.56 25.0112595706
2240.78 25.0788169944
2241.98 25.1125957064
2243.18 24.9437021468
2244.38 25.2326977931
2245.58 25.1876595106
2246.78 24.9812340489
2247.98 25.4391232548
2249.18 25.4804083471
2250.38 25.123855277
2251.57 25.1351148476
2252.77 24.9549617175
2253.98 24.8611319622
2255.18 24.8160936796
2256.38 24.7935745384
2257.57 24.7823149677
2258.77 24.7785617775
2259.98 24.7748085873
2261.18 24.9587149077
2262.37 24.8648851524
2263.58 25.195165891
2264.79 24.9812340489
2266.0 25.2514637442
2267.21 25.3865785918
2268.42 25.0788169944
2269.62 25.1125957064
2270.83 25.1313616574
2272.04 24.9512085272
2273.24 25.6117700045
2274.45 25.1914127008
2275.65 25.5442125807
2276.86 25.1576339889
2278.06 25.1501276085
2279.26 25.3377871191
2280.47 25.052544663
2281.67 24.9136766251
2282.88 25.0300255217
2284.08 24.8986638643
2285.29 25.0225191413
2286.49 25.6493019066
2287.7 25.9608166942
2288.93 25.3640594505
2290.13 25.2552169344
2291.34 25.0150127608
2292.55 25.0788169944
2293.76 24.9249361958
2294.96 24.8498723915
2296.17 24.9962468098
2297.37 24.6959915929
2298.57 25.6718210479
2299.77 25.9720762648
2300.97 26.1222038733
2302.17 25.6342891458
2303.37 25.9533103138
2304.58 26.1146974929
2305.78 26.1935144873
2306.98 25.6680678577
2308.18 25.4090977331
2309.38 25.8407146074
2310.57 26.2423059601
2311.78 25.5066806786
2312.98 25.3265275484
2314.18 25.0487914728
2315.39 24.9099234349
2316.59 25.5930040534
2317.8 24.9924936196
2319.0 25.6342891458
2320.21 25.5779912926
2321.41 25.1726467497
2322.61 25.1613871791
2323.81 22.9019666717
2325.01 17.4560876745
2326.22 13.6053145173
2327.43 11.1207025972
2328.63 9.31166491518
2329.85 7.47260171145
2331.01 6.92463594055
2332.18 5.90376820297
2333.34 5.76490016514
2334.51 4.75904518841
2335.68 4.8190962318
2336.84 4.47380273232
2338.0 4.113496472
2339.17 4.30866236301
2340.34 3.84326677676
2341.51 3.9858880048
2342.68 3.49422008707
2343.85 3.25026272331
2345.02 3.68938597808
2346.19 3.34409247861
2347.36 3.17519891908
2348.53 3.2765350548
2349.69 3.32532652755
2350.87 3.16393934845
2352.04 3.27278186458
2353.21 3.32532652755
2354.37 3.7269178802
2355.54 3.36285842967
2356.71 3.37036481009
2357.88 3.18645848972
2359.04 3.65936045639
2360.21 3.51673922834
2361.38 3.26152229395
2362.54 3.13016063654
2363.71 2.87869689236
2364.88 2.94250112596
2366.04 2.97252664765
2367.21 3.55051794025
2368.38 3.2765350548
2369.54 2.57468848521
2370.71 3.35159885903
2371.88 2.99129259871
2373.04 2.43206725717
2374.21 2.71730971326
2375.38 2.48461192013
2376.54 2.74358204474
2377.71 2.87494370215
2378.89 2.37576940399
2380.06 2.49962468098
2381.23 2.75108842516
2382.4 2.31571836061
2383.56 2.09428013812
2384.74 2.36075664315
2385.91 2.49587149077
2387.08 2.55967572437
2388.24 2.59345443627
2389.4 2.61222038733
2390.56 2.80738627834
2391.74 2.52965020267
2392.91 2.76610118601
2394.08 2.69479057199
2395.25 2.28569283891
2396.41 2.08302056748
2397.57 2.35325026272
2398.74 1.9291397688
2399.92 2.27818645849
2401.08 2.45083320823
2402.24 2.54090977331
2403.4 2.20687584447
2404.56 2.41705449632
2405.74 2.33448431166
2406.91 2.48085872992
2408.08 2.55592253415
2409.24 2.58970124606
2410.4 2.23314817595
2411.56 2.43206725717
2412.74 2.1543311815
2413.91 2.01546314367
2415.08 2.13181204023
2416.24 2.00420357304
2417.4 2.87869689236
2418.56 3.13016063654
2419.74 2.87869689236
2420.91 2.75108842516
2422.08 2.50337787119
2423.24 2.00045038283
2424.41 2.50337787119
2425.57 2.18810989341
2426.74 2.4095481159
2427.92 1.95541210029
2429.08 1.91412700796
2430.24 2.27068007807
2431.4 1.88785467648
2432.56 2.25566731722
2433.74 1.88034829605
2434.9 1.68893559526
2436.06 1.97042486113
2437.24 1.92538657859
2438.4 2.08677375769
2439.56 2.16934394235
2440.74 2.21062903468
2441.91 1.85782915478
2443.08 1.67767602462
2444.24 1.77901216034
2445.4 1.6401441225
2446.57 1.56883350848
2447.74 1.53505479658
2448.9 1.8953610569
2450.06 2.07176099685
2451.22 2.16183756193
2452.38 2.39453535505
2453.53 2.32322474103
2454.7 2.47710553971
2455.88 2.55216934394
2457.03 2.02672271431
2458.19 1.76399939949
2459.35 2.19561627383
2460.51 2.4095481159
2461.68 2.70605014262
2462.85 2.48085872992
2464.01 2.55216934394
2465.17 2.02672271431
2466.33 2.32697793124
2467.49 2.28944602912
2468.65 2.45833958865
2469.82 2.54466296352
2470.99 2.0229695241
2472.16 2.32322474103
2473.32 2.47710553971
2474.48 1.98919081219
2475.64 2.30821198018
2476.81 2.46584596907
2477.98 2.17309713256
2479.14 2.39828854526
2480.3 1.95165891007
2481.46 2.47710553971
2482.61 1.98919081219
2483.77 2.1205524696
2484.93 1.80903768203
2486.1 2.03047590452
2487.27 2.33073112145
2488.45 2.28944602912
2489.61 1.8953610569
2490.77 2.07551418706
2491.93 1.97417805134
2493.1 2.30070559976
2494.27 2.46584596907
2495.44 2.54466296352
2496.6 2.0229695241
2497.77 2.32697793124
2498.93 3.04008407146
2500.09 2.27068007807
2501.25 2.07176099685
2502.42 1.78651854076
2503.58 1.8315568233
2504.74 2.22939498574
2505.9 2.42831406696
2507.07 2.71730971326
2508.24 2.48461192013
2509.4 1.9929440024
2510.56 2.1205524696
2511.74 2.37576940399
2512.91 2.49962468098
2514.08 2.00045038283
2515.24 2.31571836061
2516.4 2.2819396487
2517.56 2.45458639844
2518.73 2.54090977331
2519.9 2.58594805585
2521.07 2.41705449632
2522.24 2.52214382225
2523.4 2.19936946404
2524.56 7.10478907071
2525.74 12.3742681279
2526.95 15.9435520192
2528.15 18.4807086023
2529.36 21.0629034679
2530.56 21.791022369
2531.77 22.7180603513
2532.97 23.3711154481
2534.18 23.5062302958
2535.38 23.7652004204
2536.57 23.705149377
2537.78 23.8627833659
2538.98 24.5045788921
2540.18 24.4482810389
2541.38 24.609668218
2542.57 24.5045788921
2543.78 24.4482810389
2544.98 24.2343491968
2546.18 24.1292598709
2547.38 24.6359405495
2548.57 24.3281789521
2549.78 24.361957664
2550.98 24.1930641045
2552.18 24.6697192614
2553.38 24.7185107341
2554.57 24.7447830656
2555.78 24.947455337
2556.98 25.0450382825
2558.19 24.9099234349
2559.4 25.0262723315
2560.6 24.7110043537
2561.8 24.7410298754
2563.01 25.1313616574
2564.22 25.1388680378
2565.42 25.142621228
2566.62 25.3340339288
2567.82 25.052544663
2569.03 24.7222639243
2570.24 25.123855277
2571.45 24.947455337
2572.64 25.0450382825
2573.86 24.9099234349
2575.07 25.2139318421
2576.27 24.804834109
2577.47 25.1651403693
2578.67 25.1538807987
2579.88 25.3377871191
2581.08 25.4316168743
2582.28 25.1013361357
2583.48 24.9361957664
2584.69 24.8536255817
2585.9 25.3753190212
2587.11 25.8219486564
2588.31 25.2965020267
2589.51 25.2214382225
2590.71 25.371565831
2591.92 24.8836511034
2593.12 25.2026722714
2594.32 25.7393784717
2595.53 25.0675574238
2596.74 25.2927488365
2597.95 25.2214382225
2599.16 24.9962468098
2600.36 24.8836511034
2601.56 24.8273532503
2602.77 25.7356252815
2603.97 26.0058549767
2605.18 25.3865785918
2606.38 25.266476505
2607.57 25.0187659511
2608.78 25.4578892058
2609.98 25.4916679177
2611.18 25.319021168
2612.38 25.4203573037
2613.57 25.0938297553
2614.77 25.4954211079
2615.97 25.1351148476
2617.18 25.3265275484
2618.38 25.4241104939
2619.57 25.2852424561
2620.78 25.5930040534
2621.98 25.1801531302
2623.17 24.9774808587
2624.38 25.6230295751
2625.57 25.3865785918
2626.78 25.0788169944
2627.98 25.3002552169
2629.18 24.8461192013
2630.37 24.8085872992
2631.57 24.9774808587
2632.77 25.2514637442
2633.98 25.0112595706
2635.18 25.8294550368
2636.38 25.3002552169
2637.57 25.0337787119
2638.77 25.0900765651
2639.98 25.6830806185
2641.18 25.2251914127
2642.38 25.0
2643.57 25.4466296352
2644.77 25.1088425161
2645.97 25.3152679778
2647.17 25.0450382825
2648.38 25.656808287
2649.57 25.5892508632
2650.78 25.3678126407
2651.98 25.071310614
2653.17 24.9211830056
2654.37 25.2214382225
2655.57 24.9962468098
2656.77 25.071310614
2657.97 25.8594805585
2659.17 25.3152679778
2660.38 25.0412850923
2661.57 25.4691487765
2662.77 25.4954211079
2663.97 25.88575289
2665.17 25.3265275484
2666.37 25.2364509833
2667.58 25.7543912325
2668.79 25.638042336
2670.0 25.2064254616
2671.21 24.9887404294
2672.41 25.8181954661
2673.61 25.2927488365
2674.82 25.7844167542
2676.02 26.028374118
2677.23 25.3978381624
2678.44 25.461642396
2679.64 25.1163488966
2680.85 25.1313616574
2682.05 24.9512085272
2683.26 25.6117700045
2684.46 25.9420507431
2685.66 25.7318720913
2686.88 26.0021017865
2688.08 25.761897613
2689.29 25.266476505
2690.49 25.2064254616
2691.7 25.3640594505
2692.92 25.8181954661
2694.13 25.4841615373
2695.32 25.8782465095
2696.53 25.3227743582
2697.74 25.2364509833
2698.94 25.0037531902
2700.15 25.0750638042
2701.36 25.6718210479
2702.56 25.5967572437
2703.76 25.1839063204
2704.96 24.9774808587
2706.16 25.4391232548
2707.37 25.2927488365
2708.59 25.9683230746
2709.8 25.371565831
2711.0 25.071310614
2712.2 25.1088425161
2713.4 25.3152679778
2714.6 25.2289446029
2715.8 25.3753190212
2717.01 25.2627233148
2718.22 25.5779912926
2719.43 25.5517189611
2720.62 25.1613871791
2721.82 24.9662212881
2723.03 25.0562978532
2724.24 24.9136766251
2725.45 19.2125806936
2726.64 14.4835610269
2727.86 11.3721663414
2729.07 9.62693289296
2730.27 7.81414202072
2731.47 6.9096231797
2732.63 6.08392133313
2733.8 5.29199819847
2734.96 5.27323224741
2736.12 4.70274733523
2737.29 4.22609217835
2738.45 3.80198168443
2739.61 3.77946254316
2740.77 3.38913076115
2741.93 3.38537757094
2743.09 3.75694340189
2744.25 3.94084972226
2745.41 3.4717009458
2746.57 3.42666266326
2747.74 3.77570935295
2748.9 3.9521092929
2750.07 4.04218585798
2751.24 3.52049241856
2752.4 3.07386278337
2753.56 3.04008407146
2754.73 3.58429665215
2755.9 3.8545263474
2757.07 3.99339438523
2758.24 3.49797327729
2759.4 3.25026272331
2760.56 2.93874793575
2761.73 2.96877345744
2762.9 2.9875394085
2764.07 3.55802432067
2765.23 3.28028824501
2766.4 3.14142020718
2767.56 2.69479057199
2768.73 2.66101186008
2769.89 2.83365860982
2771.07 2.91622879448
2772.23 2.58594805585
2773.39 3.35535204924
2774.55 2.80363308812
2775.72 2.71730971326
2776.89 2.48461192013
2778.06 2.55592253415
2779.23 2.58970124606
2780.4 2.7961267077
2781.56 2.71355652304
2782.73 2.85617775109
2783.9 2.74358204474
2785.07 3.43416904369
2786.24 2.84491818045
2787.4 2.9237351749
2788.56 2.96126707702
2789.73 2.7961267077
2790.9 2.52214382225
2792.07 2.7623479958
2793.24 3.07010959315
2794.4 3.03633088125
2795.56 2.83365860982
2796.73 3.29154781564
2797.89 2.96126707702
2799.06 2.22939498574
2800.22 2.80363308812
2801.38 2.90496922384
2802.53 2.20312265426
2803.7 2.78862032728
2804.88 2.33448431166
2806.04 2.48085872992
2807.21 2.17685032277
2808.37 2.40204173548
2809.53 2.51463744183
2810.69 3.13391382675
2811.87 2.69479057199
2813.04 2.66101186008
2814.21 2.26692688785
2815.37 2.25942050743
2816.53 2.4433268278
2817.69 1.97417805134
2818.88 1.92538657859
2820.04 2.27443326828
2821.21 2.63849271881
2822.37 2.6347395286
2823.53 3.19396487014
2824.7 2.90872241405
2825.88 3.14517339739
2827.04 2.32322474103
2828.21 2.66101186008
2829.37 2.27068007807
2830.53 2.44708001802
2831.69 1.97417805134
2832.87 1.73772706801
2834.04 1.99669719261
2835.21 1.93664614923
2836.37 2.2819396487
2837.53 2.45458639844
2838.71 1.97793124156
2839.88 2.67602462093
2841.04 2.65350547966
2842.2 2.26317369764
2843.36 2.07176099685
2844.53 2.16183756193
2845.69 2.39453535505
2846.87 2.13556523045
2848.04 1.81654406245
2849.21 2.03422909473
2850.37 2.33073112145
2851.54 2.10553970875
2852.72 2.17685032277
2853.88 2.02672271431
2855.04 2.32697793124
2856.2 2.47710553971
2857.36 1.98919081219
2858.52 2.30821198018
2859.69 2.09428013812
2860.87 1.98543762198
2862.04 1.74148025822
2863.21 2.1843567032
2864.37 2.03047590452
2865.54 2.51839063204
2866.72 2.00795676325
2867.88 2.31947155082
2869.04 1.91037381775
2870.21 2.26692688785
2871.37 1.88410148626
2872.53 2.81864584897
2873.69 2.72481609368
2874.88 2.67602462093
2876.04 2.64975228945
2877.21 2.82615222939
2878.37 2.72856928389
2879.54 2.30070559976
2880.72 2.46584596907
2881.88 2.54466296352
2883.04 2.77360756643
2884.21 3.26527548416
2885.37 2.38327578442
2886.54 2.31571836061
2887.72 2.4733523495
2888.88 2.17309713256
2890.04 2.40204173548
2891.21 2.51463744183
2892.37 2.570935295
2893.53 2.4095481159
2894.71 2.51839063204
2895.88 2.57468848521
2897.04 2.60096081669
2898.21 2.04924185558
2899.37 2.15057799129
