0.0 2.43582044738
1.17999999999 2.72106290347
2.40000000002 2.8599309413
3.59000000003 2.93124155532
4.78000000003 2.78111394685
6.0 2.88995646299
7.17999999999 2.75859480558
8.40000000002 2.5071310614
9.59000000003 2.75484161537
10.81 2.87869689236
12.03 2.75108842516
13.25 3.06635640294
14.46 2.65725866987
15.68 2.45458639844
16.87 2.72856928389
18.09 2.86743732172
19.28 2.74733523495
20.5 2.68728419156
21.71 2.84491818045
22.9 2.54841615373
24.12 2.58594805585
25.34 2.42080768653
26.56 2.52214382225
27.78 2.57468848521
28.96 2.60096081669
30.18 2.61597357754
31.4 2.43206725717
32.62 2.90496922384
33.81 2.76610118601
35.03 2.51088425161
36.25 2.75484161537
37.46 2.31571836061
38.68 2.28569283891
39.87 2.26692688785
41.12 2.25942050743
42.28 2.25566731722
43.5 2.25566731722
44.71 2.43957363759
45.9 2.3457438823
47.12 2.67602462093
48.34 2.64975228945
49.56 2.45083320823
50.78 2.72856928389
52.0 2.48836511034
53.18 2.37201621378
54.4 2.12430565981
55.59 2.56342891458
56.81 2.2181354151
58.03 2.23690136616
59.21 2.056748236
60.43 2.52965020267
61.65 2.20312265426
62.84 2.60096081669
64.06 2.80363308812
65.28 2.90121603363
66.5 2.57844167542
67.71 2.22564179553
68.9 2.61597357754
70.12 2.43206725717
71.34 2.71730971326
72.56 2.8599309413
73.78 2.93124155532
75.0 2.96877345744
76.15 2.60846719712
77.37 2.24440774658
78.59 2.2481609368
79.81 2.06050142621
81.03 2.53340339288
82.21 2.57844167542
83.4 2.22939498574
84.62 2.24065455637
85.84 2.24440774658
87.03 2.62347995796
88.25 2.43957363759
89.46 2.3457438823
90.68 1.92163338838
91.9 2.08677375769
93.12 1.79402492118
94.31 2.21062903468
95.53 2.42080768653
96.75 2.70980333283
97.96 2.48085872992
99.18 1.9929440024
100.4 1.93289295902
101.59 1.71896111695
102.81 2.17309713256
104.03 2.21062903468
105.21 2.42080768653
106.43 2.33448431166
107.68 2.29319921934
108.87 2.27443326828
110.09 2.07551418706
111.28 2.16183756193
112.5 1.8315568233
113.71 2.22939498574
114.9 2.42831406696
116.12 1.96667167092
117.34 2.29695240955
118.56 1.89911424711
119.78 1.70019516589
120.96 41.5703347846
122.21 65.2604714007
123.5 79.1697943252
124.71 86.8750938298
126.0 91.4802582195
127.21 93.9686233298
128.46 95.3985888005
129.71 96.3031076415
131.0 97.1325626783
132.21 97.7330731121
133.46 98.0333283291
134.71 98.1834559375
135.96 98.4461792524
137.21 98.5775409098
138.5 98.6413451434
139.71 98.6751238553
140.96 98.6938898063
142.21 98.7013961868
143.46 98.705149377
144.75 99.0804683981
146.0 99.2718810989
147.21 99.3657108542
148.46 99.4107491368
149.71 99.4370214682
151.0 99.0729620177
152.21 99.2643747185
153.46 98.9866386428
154.71 99.2230896262
156.0 98.9678726918
157.21 99.024170545
158.46 99.2418555772
159.71 99.538357604
160.96 99.6884852124
162.21 99.3844768053
163.46 99.609668218
164.71 99.5346044138
165.96 99.3094130011
167.21 99.3844768053
168.46 99.4220087074
169.71 99.0654556373
171.0 99.0767152079
172.21 99.4557874193
173.46 99.4557874193
174.75 99.2718810989
176.0 99.5533703648
177.21 99.3169193815
178.46 99.5758895061
179.71 99.3319321423
180.96 99.2080768653
182.21 99.1442726317
183.46 99.11424711
184.71 99.4745533704
185.96 99.6547065005
187.25 99.3694640444
188.5 99.2268428164
189.75 99.1555322024
191.0 99.4970725116
192.21 99.6659660712
193.46 99.3732172346
194.75 99.2305960066
196.0 99.343191713
197.21 99.2155832458
198.5 99.5233448431
199.75 99.3056598108
200.96 99.3807236151
202.21 99.4220087074
203.46 99.628434169
204.71 99.5421107942
206.0 99.3131661913
207.21 99.2005704849
208.5 99.3281789521
209.71 99.2080768653
211.0 99.5195916529
212.21 99.3019066206
213.46 99.1930641045
214.71 99.1405194415
216.0 99.2981534304
217.21 99.1930641045
218.5 99.3244257619
219.71 99.5796426963
220.96 99.3319321423
222.21 99.2080768653
223.46 99.5233448431
224.71 99.3019066206
226.0 99.5683831257
227.21 99.7034979733
228.46 99.5796426963
229.75 99.7072511635
231.0 99.2080768653
232.21 99.5233448431
233.5 99.4895661312
234.71 99.4745533704
236.0 99.2793874794
237.21 99.1818045339
238.46 99.1330130611
239.71 99.485812941
240.96 99.2831406696
242.21 98.9978982135
243.46 98.8515237952
244.71 98.9678726918
246.0 99.2155832458
247.21 99.5233448431
248.46 99.680978832
249.71 99.5683831257
251.0 99.5158384627
252.21 99.2981534304
253.46 99.1930641045
254.75 98.9491067407
256.0 99.2043236751
257.21 99.3319321423
258.5 99.2080768653
259.75 99.5233448431
260.96 99.11424711
262.21 99.0992343492
263.46 99.0917279688
264.71 98.900315268
265.96 98.9941450233
267.25 99.2268428164
268.5 99.1555322024
269.75 99.3056598108
271.0 99.0091577841
272.21 98.8590301756
273.46 98.971625882
274.71 98.8402642246
275.96 99.1480258219
277.21 98.9303407897
278.5 99.1930641045
279.75 99.5158384627
280.96 99.485812941
282.21 99.0992343492
283.46 99.2793874794
284.71 98.8064855127
286.0 99.1330130611
287.21 99.2944002402
288.46 99.0016514037
289.71 98.8552769854
291.0 99.1592853926
292.21 99.1217534905
293.46 98.7276685182
294.71 99.0917279688
295.96 98.900315268
297.25 98.8064855127
298.5 98.7576940399
299.75 98.7314217085
300.96 98.7201621378
302.21 98.7164089476
303.46 98.7126557574
304.71 98.8965620778
305.96 98.9903918331
307.25 99.0391833058
308.5 98.8740429365
309.75 99.166791773
311.0 99.3131661913
312.21 99.3844768053
313.46 98.8590301756
314.71 98.7839663714
316.0 98.7464344693
317.21 98.7276685182
318.46 98.7201621378
319.71 99.0879747786
320.93 75.0675574238
322.21 54.4212580694
323.43 40.3467947756
324.68 30.6823299805
325.93 24.3506980934
327.21 19.4940699595
328.46 16.5027773608
329.71 14.254616424
330.96 12.3817745083
332.21 10.8842516139
333.46 9.94595406095
334.71 9.47680528449
335.96 8.48971625882
337.21 7.43506980934
338.43 7.09728269029
339.62 6.73697642997
340.84 6.18525746885
342.06 5.53220237202
343.28 5.2056748236
344.5 5.60351298604
345.68 4.86788770455
346.9 4.49632187359
348.12 4.87539408497
349.34 4.87914727518
350.53 4.6914877646
351.75 4.59765800931
352.93 4.54886653656
354.15 4.52634739529
355.37 4.51508782465
356.59 3.94835610269
357.81 4.22609217835
359.03 4.1773007056
360.21 3.77570935295
361.43 3.76444978231
362.65 3.7606965921
363.87 3.75694340189
365.09 3.37787119051
366.25 3.37787119051
367.46 3.5655307011
368.65 3.28404143522
369.87 3.14517339739
371.09 3.26152229395
372.31 2.94250112596
373.53 2.97252664765
374.75 3.36285842967
375.96 3.1827052995
377.18 3.09262873442
378.4 2.8599309413
379.56 2.93124155532
380.78 2.96877345744
382.0 2.98378621829
383.18 2.99504578892
384.4 2.81113946855
385.59 3.09262873442
386.81 3.04759045188
388.03 2.83741180003
389.25 2.7323224741
390.46 2.86743732172
391.68 2.93499474553
392.87 2.96877345744
394.09 2.79987989791
395.31 2.90121603363
396.53 2.95000750638
397.71 2.78862032728
398.96 2.89746284342
400.18 2.95000750638
401.37 2.97627983786
402.59 2.79987989791
403.81 2.52589701246
405.03 2.57844167542
406.21 2.78862032728
407.43 2.89746284342
408.65 3.13766701696
409.87 3.07010959315
411.09 2.84867137067
412.31 2.54841615373
413.53 2.77736075664
414.71 2.88995646299
415.93 2.75859480558
417.15 2.69103738177
418.37 2.4733523495
419.56 2.73607566431
420.78 2.49587149077
422.0 2.37201621378
423.18 2.31196517039
424.4 2.09428013812
425.62 2.36075664315
426.84 2.68353100135
428.06 2.65350547966
429.25 2.82990541961
430.46 2.54090977331
431.68 2.9575138868
432.87 2.79237351749
434.09 2.52214382225
435.28 2.95000750638
436.5 2.97627983786
437.68 2.61597357754
438.9 2.43206725717
440.12 2.52965020267
441.34 2.57844167542
442.56 2.79237351749
443.78 2.52214382225
444.96 2.38702897463
446.18 2.69479057199
447.4 2.28569283891
448.59 2.64224590902
449.81 2.44708001802
451.03 2.5371565831
452.25 2.58219486564
453.43 2.41705449632
454.65 2.70980333283
455.87 2.6685182405
457.12 2.46209277886
458.31 2.54466296352
459.53 2.39828854526
460.75 2.32322474103
461.96 2.47710553971
463.15 2.73982885453
464.37 2.87119051194
465.59 2.55967572437
466.81 2.2181354151
468.03 2.23690136616
469.25 2.24440774658
470.43 2.2481609368
471.62 2.2481609368
472.84 2.43957363759
474.06 2.3457438823
475.28 2.10929289896
476.5 2.55592253415
477.68 2.59345443627
478.9 2.60846719712
480.12 2.43206725717
481.34 2.34199069209
482.56 2.29695240955
483.78 2.46209277886
484.96 2.35700345293
486.18 2.30445878997
487.4 2.27818645849
488.59 2.45083320823
489.81 2.35325026272
491.03 2.30070559976
492.25 2.27818645849
493.43 2.07551418706
494.65 2.16559075214
495.87 2.20687584447
497.09 2.22939498574
498.28 2.42831406696
499.5 2.52965020267
500.68 2.20312265426
501.9 2.22564179553
503.12 2.24065455637
504.34 2.24440774658
505.56 2.2481609368
506.75 2.25191412701
507.96 2.43957363759
509.18 2.3457438823
510.4 2.48461192013
511.59 2.55592253415
512.78 2.40579492569
514.0 2.32697793124
515.18 2.10178651854
516.4 2.17685032277
517.62 2.21438222489
518.81 2.23314817595
520.03 2.43206725717
521.25 34.8070860231
522.5 59.8145924035
523.75 74.7560426362
524.96 83.7299204324
526.21 88.9693739679
527.5 92.1483260772
528.71 93.7396787269
530.0 95.0983335835
531.21 95.9653205224
532.46 96.400690587
533.75 96.8022819396
535.0 97.1926137217
536.21 97.2001201021
537.46 97.3915328029
538.75 97.4891157484
540.0 97.9094730521
541.21 97.9357453836
542.5 98.1346644648
543.71 98.2322474103
544.96 98.2847920733
546.21 98.4949707251
547.46 98.2284942201
548.75 98.2810388831
550.0 98.3073112145
551.21 98.1309112746
552.46 98.0445878997
553.75 98.3786218286
555.0 98.1684431767
556.21 98.2510133614
557.46 98.4799579643
558.75 98.2172346495
560.0 98.2772856928
561.21 98.4912175349
562.46 98.2247410299
563.75 98.6563579042
564.96 98.4949707251
566.21 98.7877195616
567.5 98.5625281489
568.75 98.2585197418
570.0 98.4837111545
571.21 98.5963068608
572.46 98.8402642246
573.71 98.5888004804
574.96 98.8365110344
576.21 98.7727068008
577.5 98.9265875995
578.75 99.0054045939
580.0 99.0466896862
581.21 98.6901366161
582.46 98.6976429965
583.71 98.8928088876
584.96 98.6113196217
586.21 98.847770605
587.46 98.9678726918
588.71 98.8365110344
590.0 98.5850472902
591.21 98.8365110344
592.46 98.7727068008
593.75 98.9265875995
595.0 98.8177450833
596.21 98.5775409098
597.46 98.6413451434
598.75 98.6751238553
600.0 98.8815493169
601.21 98.7952259421
602.5 98.5625281489
603.75 98.6375919532
604.96 98.8590301756
606.21 98.5963068608
607.46 98.652604714
608.71 98.8702897463
610.0 98.9753790722
611.21 98.6563579042
612.46 98.6826302357
613.75 98.6938898063
615.0 98.8890556973
616.21 98.9866386428
617.46 98.847770605
618.75 98.5925536706
620.0 98.6488515238
621.21 98.8665365561
622.46 98.9753790722
623.75 98.8440174148
624.96 98.9641195016
626.21 99.024170545
627.5 98.6788770455
628.71 98.8815493169
630.0 98.9828854526
631.21 99.0316769254
632.46 99.0579492569
633.71 98.6976429965
635.0 98.5137366762
636.21 98.4236601111
637.46 98.3786218286
638.75 98.5437621979
640.0 98.8139918931
641.21 98.9491067407
642.5 98.829004654
643.75 98.9566131212
644.96 98.8327578442
646.21 98.7727068008
647.5 98.3636090677
648.71 98.3485963069
650.0 98.3410899264
651.21 98.7126557574
652.46 98.7126557574
653.71 98.8965620778
654.96 98.6150728119
656.21 98.8515237952
657.5 98.40489416
658.75 98.5550217685
660.0 98.4461792524
661.21 98.5775409098
662.46 98.4536856328
663.75 98.7689536106
664.96 98.9265875995
666.21 98.8177450833
667.5 98.5775409098
668.75 98.829004654
670.0 98.5812941
671.21 98.6450983336
672.46 98.8665365561
673.75 98.9753790722
675.0 98.8402642246
676.21 98.776459991
677.5 98.9303407897
678.71 98.8177450833
680.0 98.7652004204
681.21 98.9228344092
682.46 99.0054045939
683.71 99.042936496
684.96 99.0654556373
686.21 98.8853025071
687.46 98.7989791323
688.75 98.7539408497
690.0 99.1067407296
691.21 99.095481159
692.46 99.0879747786
693.71 98.900315268
694.96 98.8027323225
696.25 98.7576940399
697.5 98.919081219
698.75 99.0016514037
700.0 98.8552769854
701.21 98.971625882
702.5 99.0279237352
703.71 99.2418555772
704.96 98.9753790722
706.21 99.0316769254
707.46 99.0579492569
708.75 99.0692088275
710.0 98.8890556973
711.21 99.1742981534
712.46 99.1292598709
713.71 99.1067407296
715.0 99.2831406696
716.21 99.1855577241
717.46 99.3206725717
718.75 99.3919831857
720.0 99.0504428764
721.21 87.4305659811
722.5 63.9843867287
723.71 47.0049542111
724.96 34.7620477406
726.21 26.7639993995
727.46 21.4494820598
728.71 17.482360006
729.96 15.3092628734
731.21 13.4701996697
732.46 11.6161237051
733.71 10.3100135115
734.96 9.09773307311
736.21 8.30205674824
737.5 7.52889956463
738.71 6.95466146224
739.96 6.47800630536
741.18 6.24155532202
742.4 5.74988740429
743.59 6.06515538207
744.81 6.03512986038
746.0 5.64479807837
747.18 5.44963218736
748.4 5.53970875244
749.62 5.20942801381
750.84 5.41960666567
752.03 4.77405794926
753.25 4.63894310164
754.46 4.38372616724
755.62 4.44377721063
756.84 4.47380273232
758.06 4.30115598259
759.28 4.02717309713
760.5 3.8883050593
761.71 3.82074763549
762.93 3.97462843417
764.15 3.67812640745
765.37 3.3403392884
766.56 3.54676475004
767.78 3.83576039634
768.96 3.98213481459
770.18 3.68187959766
771.4 3.71565830956
772.59 3.35910523945
773.81 3.1827052995
775.03 3.65560726618
776.25 3.32907971776
777.46 3.7269178802
778.68 3.36661161988
779.9 3.1827052995
781.12 3.09262873442
782.31 3.23524996247
783.53 3.30656057649
784.75 3.15643296802
785.96 3.07761597358
787.18 3.04008407146
788.37 3.20897763099
789.59 3.29530100585
790.81 3.33658609818
792.03 2.79237351749
793.21 2.70980333283
794.43 2.6685182405
795.62 3.02507131061
796.84 2.45083320823
798.06 2.72481609368
799.28 2.30070559976
800.5 2.09052694791
801.71 2.7323224741
802.93 2.67977781114
804.15 3.02882450083
805.37 2.82990541961
806.59 2.72856928389
807.81 2.86368413151
809.03 2.74733523495
810.21 2.68728419156
811.43 2.46959915929
812.62 2.73607566431
813.84 2.86743732172
815.06 3.12265425612
816.28 2.68728419156
817.5 2.84491818045
818.68 2.54841615373
819.9 2.77736075664
821.12 2.88995646299
822.31 2.94625431617
823.53 2.59720762648
824.75 2.42456087675
825.96 2.33823750188
827.18 2.67227143072
828.4 2.83741180003
829.62 2.91998198469
830.81 3.1489265876
832.03 2.6985437622
833.25 2.85242456088
834.46 2.73982885453
835.62 2.49587149077
836.84 2.55967572437
838.06 2.40579492569
839.28 2.33073112145
840.5 2.66476505029
841.71 2.45833958865
842.93 2.54466296352
844.15 2.96126707702
845.37 2.60471400691
846.56 2.61597357754
847.78 2.62347995796
848.96 2.43582044738
850.15 2.53340339288
851.37 2.76610118601
852.59 2.51088425161
853.81 2.75484161537
855.03 2.69103738177
856.25 2.4733523495
857.46 2.54841615373
858.68 2.77736075664
859.87 2.88995646299
861.09 2.75859480558
862.28 2.87869689236
863.5 2.37952259421
864.68 2.31571836061
865.9 2.65725866987
867.12 2.64224590902
868.34 2.44708001802
869.56 2.5371565831
870.78 2.58219486564
872.0 2.60471400691
873.15 2.80363308812
874.37 2.71730971326
875.56 2.48461192013
876.78 2.74358204474
878.0 2.49587149077
879.18 2.37576940399
880.4 2.49962468098
881.59 2.37576940399
882.81 2.31571836061
884.06 2.46959915929
885.25 2.9237351749
886.46 2.58970124606
887.68 2.7961267077
888.87 2.52214382225
890.09 2.19936946404
891.31 2.78862032728
892.53 2.33448431166
893.75 2.48085872992
894.96 2.36450983336
896.18 2.1205524696
897.4 2.18810989341
898.59 2.2181354151
899.81 1.86158234499
901.03 2.43206725717
902.21 2.1543311815
903.43 2.20312265426
904.62 2.41330130611
905.84 2.14682480108
907.09 2.19936946404
908.28 2.22564179553
909.5 2.04924185558
910.71 2.15057799129
911.93 2.39078216484
913.15 2.13181204023
914.37 2.37952259421
915.56 2.12805885002
916.78 2.37952259421
918.0 2.31571836061
919.18 2.2819396487
920.4 2.45458639844
921.59 10.797928239
922.87 46.1229545113
924.12 67.1595856478
925.37 79.556372917
926.65 86.3196216784
927.9 90.6357904219
929.15 93.172947005
930.43 94.4377721063
931.68 95.4473802732
932.9 96.1417204624
934.18 96.6746734725
935.43 97.1288094881
936.68 97.5416604113
937.93 97.7518390632
939.21 97.8531751989
940.46 97.9057198619
941.71 98.1196517039
943.0 98.2284942201
944.21 98.0933793725
945.46 98.2134814592
946.71 98.6488515238
948.0 98.3035580243
949.21 98.3185707852
950.46 98.138417655
951.75 98.0483410899
952.96 98.3786218286
954.21 98.1684431767
955.46 98.0633538508
956.75 98.0108091878
958.0 98.1721963669
959.21 98.2547665516
960.5 98.2922984537
961.75 98.5024771055
963.0 98.6038132413
964.21 98.4686983936
965.46 98.5888004804
966.75 98.4611920132
968.0 98.9603663114
969.21 98.8365110344
970.5 98.9603663114
971.71 98.8327578442
972.96 98.5850472902
974.21 98.8327578442
975.46 99.1480258219
976.75 99.3019066206
978.0 99.0054045939
979.21 99.0466896862
980.46 99.2531151479
981.75 99.3544512836
983.0 99.4069959466
984.21 99.0579492569
985.46 99.2606215283
986.75 99.3582044738
988.0 99.2230896262
989.21 99.1517790122
990.46 99.3056598108
991.75 99.3844768053
992.96 99.4220087074
994.21 99.4407746585
995.46 99.2606215283
996.71 99.361957664
998.0 99.4107491368
999.21 99.2456087675
1000.46 99.3544512836
1001.71 99.4069959466
1003.0 99.0579492569
1004.21 99.2568683381
1005.46 99.1705449632
1006.75 99.1292598709
1008.0 98.919081219
1009.21 98.8139918931
1010.46 99.1367662513
1011.75 99.1104939198
1012.96 99.2831406696
1014.21 99.1855577241
1015.46 99.3206725717
1016.75 99.3919831857
1018.0 99.4257618976
1019.21 99.2531151479
1020.5 98.9828854526
1021.75 99.219336436
1023.0 99.5270980333
1024.21 99.1180003003
1025.46 99.29064705
1026.75 98.9978982135
1028.0 99.2305960066
1029.21 99.1555322024
1030.46 98.9340939799
1031.75 99.1968172947
1032.96 98.9528599309
1034.21 99.0166641645
1035.46 99.238102387
1036.75 99.3506980934
1038.0 99.4032427563
1039.21 99.433268278
1040.46 99.4445278487
1041.75 99.4520342291
1043.0 99.0804683981
1044.21 99.2718810989
1045.46 99.3657108542
1046.75 99.5984086474
1048.0 99.1555322024
1049.21 99.3056598108
1050.46 99.3844768053
1051.71 99.4220087074
1052.93 99.628434169
1054.21 99.5421107942
1055.46 99.6884852124
1056.71 99.3882299955
1058.0 99.4220087074
1059.21 99.4407746585
1060.46 99.6396937397
1061.71 99.5496171746
1063.0 99.3169193815
1064.21 99.3882299955
1065.46 99.609668218
1066.71 99.7222639243
1067.96 99.5909022669
1069.25 99.5270980333
1070.5 99.680978832
1071.75 99.5683831257
1072.96 99.5158384627
1074.21 99.485812941
1075.5 99.4745533704
1076.71 99.6547065005
1078.0 99.557123555
1079.21 99.6959915929
1080.46 99.5758895061
1081.75 99.7072511635
1083.0 99.7710553971
1084.21 99.6134214082
1085.46 99.9136766251
1086.75 99.6847320222
1088.0 99.7597958265
1089.21 99.7973277286
1090.46 99.8160936796
1091.71 99.8273532503
1092.93 99.8311064405
1094.21 99.6434469299
1095.46 99.7410298754
1096.71 99.7860681579
1097.96 100.0
1099.25 99.9174298153
1100.5 99.6884852124
1101.75 99.7597958265
1103.0 99.7973277286
1104.21 99.8160936796
1105.46 99.6396937397
1106.75 99.361957664
1108.0 99.5984086474
1109.21 99.7147575439
1110.46 99.7748085873
1111.75 99.804834109
1112.96 99.8198468698
1114.21 99.8273532503
1115.5 99.8311064405
1116.71 99.6472001201
1118.0 99.7410298754
1119.21 99.7860681579
1120.46 99.8123404894
1121.75 99.4482810389
1123.0 80.8737426813
1124.21 59.202822399
1125.46 43.6758744933
1126.71 32.9117249662
1128.0 25.6493019066
1129.21 20.7063503978
1130.46 17.110794175
1131.71 14.5586248311
1132.96 12.535655307
1134.18 11.1469749287
1135.46 10.0773157184
1136.68 9.35295000751
1137.96 8.61732472602
1139.18 8.06185257469
1140.46 7.59645698844
1141.68 6.98844017415
1142.93 6.49677225642
1144.15 6.25281489266
1145.37 5.94130010509
1146.59 5.97132562678
1147.81 5.80243206726
1149.03 5.90376820297
1150.18 5.38958114397
1151.4 5.69734274133
1152.62 5.28824500826
1153.84 5.08557273683
1155.06 4.79282390032
1156.28 4.65020267227
1157.5 4.38747935745
1158.71 4.44753040084
1159.93 4.47380273232
1161.15 4.48881549317
1162.37 4.30866236301
1163.56 4.03092628734
1164.78 3.89205824951
1166.0 3.63684131512
1167.18 3.69313916829
1168.37 3.5355051794
1169.59 3.64434769554
1170.81 3.70064554872
1172.06 3.53925836961
1173.25 3.08136916379
1174.46 3.23149677226
1175.71 3.30280738628
1176.9 3.3403392884
1178.09 3.73442426062
1179.31 3.37036481009
1180.53 3.18645848972
1181.75 3.09262873442
1182.96 3.04759045188
1184.18 3.02507131061
1185.4 3.01381173998
1186.59 2.82239903918
1187.81 3.28779462543
1189.06 3.14517339739
1190.25 3.07386278337
1191.46 3.03633088125
1192.65 3.20897763099
1193.87 3.29154781564
1195.12 3.1489265876
1196.34 2.88620327278
1197.53 2.94625431617
1198.75 2.97252664765
1199.96 3.55051794025
1201.15 3.08887554421
1202.37 3.23524996247
1203.56 3.11890106591
1204.78 3.05885002252
1206.0 3.03257769104
1207.18 2.82990541961
1208.37 2.91622879448
1209.59 3.14517339739
1210.81 2.88620327278
1212.03 2.94625431617
1213.25 3.16018615823
1214.43 2.89370965321
1215.62 3.13766701696
1216.84 3.07010959315
1218.06 2.84867137067
1219.28 2.9237351749
1220.5 2.96502026723
1221.68 2.7961267077
1222.9 2.70980333283
1224.12 3.04383726167
1225.34 3.02507131061
1226.56 3.01381173998
1227.75 3.00630535956
1228.93 3.00630535956
1230.15 3.00255216934
1231.34 3.00255216934
1232.56 3.00255216934
1233.75 2.81489265876
1234.96 2.90872241405
1236.15 3.14517339739
1237.37 3.26152229395
1238.59 2.94250112596
1239.81 2.97252664765
1241.03 3.17519891908
1242.21 3.2765350548
1243.43 3.14142020718
1244.65 2.88245008257
1245.87 3.13016063654
1247.09 3.06635640294
1248.28 3.03633088125
1249.5 3.01756493019
1250.68 3.01005854977
1251.9 2.81864584897
1253.12 2.91247560426
1254.31 2.58219486564
1255.53 2.60471400691
1256.75 2.61597357754
1257.96 2.61972676775
1259.15 2.81113946855
1260.37 2.90872241405
1261.59 2.95376069659
1262.78 2.98003302807
1264.0 2.99129259871
1265.18 2.99504578892
1266.4 2.99879897913
1267.56 2.81489265876
1268.78 3.09638192464
1270.0 2.8599309413
1271.15 2.74358204474
1272.37 2.49962468098
1273.59 2.37576940399
1274.81 2.49962468098
1276.06 2.93874793575
1277.25 2.97252664765
1278.46 2.61222038733
1279.68 2.43206725717
1280.87 2.71730971326
1282.09 2.67227143072
1283.31 3.02507131061
1284.5 3.01381173998
1285.68 2.81864584897
1286.9 2.91247560426
1288.12 2.58219486564
1289.34 2.79237351749
1290.56 2.89746284342
1291.78 2.7623479958
1292.96 2.69479057199
1294.15 2.4733523495
1295.37 2.36075664315
1296.59 2.68353100135
1297.81 2.84116499024
1299.0 2.73607566431
1300.18 2.49211830056
1301.4 2.37201621378
1302.62 2.31196517039
1303.84 2.84491818045
1305.06 2.9237351749
1306.21 2.77736075664
1307.43 2.88995646299
1308.65 2.75859480558
1309.87 3.06635640294
1311.09 2.84867137067
1312.31 2.54841615373
1313.53 2.58970124606
1314.75 2.7961267077
1315.96 2.70980333283
1317.18 2.6685182405
1318.4 2.64975228945
1319.56 3.01381173998
1320.78 3.00630535956
1321.96 3.00630535956
1323.18 19.3289295902
1324.43 50.9495571236
1325.68 70.1396186759
1326.96 81.046389431
1328.21 87.4380723615
1329.46 91.1950157634
1330.71 93.4506830806
1332.0 94.9557123555
1333.21 95.8940099084
1334.46 96.3631586849
1335.71 96.9711754992
1336.93 97.0912775859
1338.21 97.5228944603
1339.46 97.7405794926
1340.71 97.8494220087
1341.96 97.7180603513
1343.25 97.8381624381
1344.5 98.085872992
1345.75 98.0220687584
1347.0 98.1759495571
1348.21 98.067107041
1349.46 98.014562378
1350.75 98.3598558775
1352.0 98.5362558174
1353.21 98.4349196817
1354.46 98.5700345293
1355.71 98.829004654
1356.96 98.9566131212
1358.21 98.6450983336
1359.46 98.8627833659
1360.75 98.4124005405
1362.0 98.1834559375
1363.21 98.2585197418
1364.46 98.6713706651
1365.71 98.6901366161
1366.96 98.3260771656
1368.25 98.5174898664
1369.5 98.4236601111
1370.75 98.3786218286
1372.0 98.3561026873
1373.21 98.7201621378
1374.46 98.9040684582
1375.71 98.9941450233
1376.96 99.0391833058
1378.21 99.0617024471
1379.46 99.0729620177
1380.75 99.0767152079
1382.0 99.0804683981
1383.21 99.0842215884
1384.46 99.0842215884
1385.71 99.0842215884
1386.96 98.8965620778
1388.21 98.8027323225
1389.46 98.7539408497
1390.71 98.5437621979
1392.0 98.8139918931
1393.21 98.9491067407
1394.46 99.0166641645
1395.71 99.0504428764
1396.96 98.8815493169
1398.21 98.9828854526
1399.46 98.8440174148
1400.71 98.9641195016
1402.0 98.6488515238
1403.21 98.8665365561
1404.46 98.7877195616
1405.75 98.7501876595
1407.0 99.1029875394
1408.21 99.095481159
1409.46 98.900315268
1410.71 98.8064855127
1412.0 98.7576940399
1413.21 98.919081219
1414.46 98.8139918931
1415.71 98.9491067407
1416.96 98.6413451434
1418.21 98.8627833659
1419.46 98.9753790722
1420.75 98.8402642246
1422.0 98.776459991
1423.21 98.9303407897
1424.46 99.0054045939
1425.75 98.8590301756
1427.0 98.5963068608
1428.21 98.8402642246
1429.46 98.9603663114
1430.71 99.024170545
1432.0 98.8665365561
1433.21 98.9753790722
1434.46 99.0279237352
1435.71 99.0579492569
1436.96 98.8815493169
1438.21 98.9828854526
1439.46 98.847770605
1440.71 98.776459991
1442.0 98.9303407897
1443.21 99.0091577841
1444.46 98.8590301756
1445.71 98.7839663714
1446.96 99.1217534905
1448.21 99.1029875394
1449.5 98.9040684582
1450.75 98.9941450233
1452.0 99.0391833058
1453.21 98.8740429365
1454.46 98.6038132413
1455.75 98.4686983936
1456.96 98.5888004804
1458.21 98.4611920132
1459.46 98.7727068008
1460.75 98.5550217685
1462.0 98.6300855727
1463.21 98.8590301756
1464.46 98.7839663714
1465.71 98.9340939799
1466.96 98.8214982735
1468.21 98.7652004204
1469.5 98.9228344092
1470.71 98.8177450833
1472.0 98.5737877196
1473.21 98.829004654
1474.46 98.9566131212
1475.75 99.0204173548
1476.96 98.6788770455
1478.21 98.6938898063
1479.46 98.8890556973
1480.75 98.9866386428
1482.0 98.847770605
1483.21 98.9641195016
1484.46 99.024170545
1485.75 99.0541960667
1487.0 98.6938898063
1488.21 98.7013961868
1489.46 98.8928088876
1490.75 98.9903918331
1492.0 99.0354301156
1493.21 98.8740429365
1494.46 98.9791322624
1495.75 99.0316769254
1496.96 98.6826302357
1498.21 98.8815493169
1499.5 98.9828854526
1500.71 98.847770605
1502.0 98.5888004804
1503.21 98.8365110344
1504.46 98.9603663114
1505.75 99.024170545
1507.0 98.8665365561
1508.21 98.9753790722
1509.46 98.8402642246
1510.75 98.776459991
1512.0 98.9303407897
1513.21 99.0054045939
1514.46 98.8590301756
1515.75 98.7839663714
1516.96 98.7464344693
1518.21 98.7276685182
1519.46 98.9040684582
1520.71 98.9941450233
1521.96 98.6638642846
1523.25 98.6863834259
1524.46 75.2402041735
1525.75 54.5113346344
1527.0 39.8288545263
1528.21 30.4233598559
1529.46 24.4069959466
1530.71 19.7080018015
1531.96 16.6116198769
1533.21 14.1232547666
1534.46 12.3142170845
1535.75 10.850472902
1536.93 10.1148476205
1538.21 9.37546914878
1539.46 8.44092478607
1540.71 8.15943552019
1541.96 7.45758895061
1543.15 7.29620177151
1544.37 6.6506530551
1545.59 6.32787869689
1546.81 5.97883200721
1548.03 5.99009157784
1549.25 5.99759795826
1550.46 6.00135114848
1551.68 5.8174448281
1552.87 5.16063654106
1554.09 5.2056748236
1555.31 4.85662813391
1556.53 4.68022819396
1557.75 4.59015162888
1558.96 4.54886653656
1560.18 5.08932592704
1561.4 5.17189611169
1562.59 5.02552169344
1563.81 4.38747935745
1565.06 4.44753040084
1566.21 4.47380273232
1567.43 4.113496472
1568.65 3.93334334184
1569.87 3.84326677676
1571.09 3.9858880048
1572.31 3.86953910824
1573.53 3.81324125507
1574.75 3.97087524396
1575.93 3.48671370665
1577.15 3.61807536406
1578.37 3.87329229845
1579.56 3.62558174448
1580.78 3.87704548867
1582.0 4.00465395586
1583.18 3.68938597808
1584.4 3.91082420057
1585.59 3.64434769554
1586.81 3.13391382675
1588.06 3.25776910374
1589.25 3.69313916829
1590.46 3.34784566882
1591.68 3.17519891908
1592.87 3.65185407596
1594.09 3.32532652755
1595.31 3.7269178802
1596.53 3.17895210929
1597.75 3.65185407596
1598.96 3.32907971776
1600.15 3.16393934845
1601.37 3.085122354
1602.59 3.04383726167
1603.81 2.83365860982
1605.06 3.10764149527
1606.21 3.05509683231
1607.43 2.84116499024
1608.65 3.48296051644
1609.9 3.24275634289
1611.09 3.12265425612
1612.31 3.62558174448
1613.53 3.5017264675
1614.75 3.25401591353
1615.96 3.12640744633
1617.18 3.06635640294
1618.4 3.03257769104
1619.56 3.01756493019
1620.78 3.57303708152
1622.0 3.10013511485
1623.18 3.0513436421
1624.4 2.84116499024
1625.59 2.7323224741
1626.81 2.86743732172
1628.03 2.93499474553
1629.25 2.78111394685
1630.46 2.70605014262
1631.68 2.85242456088
1632.87 3.11514787569
1634.09 3.05885002252
1635.31 3.03257769104
1636.53 2.82990541961
1637.75 2.91622879448
1638.93 3.52049241856
1640.15 3.26152229395
1641.37 3.13391382675
1642.59 3.06635640294
1643.81 3.03633088125
1644.96 3.01756493019
1646.18 3.19771806035
1647.4 3.10013511485
1648.62 3.0513436421
1649.84 2.84116499024
1651.06 2.91998198469
1652.28 2.96126707702
1653.5 2.7961267077
1654.68 2.89746284342
1655.9 3.51298603813
1657.12 3.07010959315
1658.31 2.84867137067
1659.53 2.92748836511
1660.71 2.96502026723
1661.93 2.98378621829
1663.15 2.80363308812
1664.37 3.09262873442
1665.59 3.04759045188
1666.81 3.02507131061
1668.03 3.20147125056
1669.25 3.10013511485
1670.46 2.86368413151
1671.68 2.93499474553
1672.87 2.78111394685
1674.09 2.88995646299
1675.28 3.13391382675
1676.5 2.88245008257
1677.68 2.94250112596
1678.9 3.16018615823
1680.12 3.26902867437
1681.34 2.94625431617
1682.56 2.97627983786
1683.78 2.9875394085
1684.96 2.80738627834
1686.18 2.90496922384
1687.37 2.95376069659
1688.59 2.98003302807
1689.81 2.99129259871
1691.03 2.99504578892
1692.25 2.81113946855
1693.43 2.90872241405
1694.65 2.76610118601
1695.87 2.88620327278
1697.12 2.94250112596
1698.31 2.78486713707
1699.53 2.89370965321
1700.75 2.95000750638
1701.93 2.97627983786
1703.15 3.17519891908
1704.37 3.08887554421
1705.59 2.8599309413
1706.81 2.93124155532
1708.03 2.77736075664
1709.25 2.70229695241
1710.46 2.85242456088
1711.62 2.92748836511
1712.84 2.77736075664
1714.06 2.88995646299
1715.25 2.94625431617
1716.46 2.97627983786
1717.68 2.9875394085
1718.9 3.1827052995
1720.12 3.28028824501
1721.34 2.95376069659
1722.56 2.79237351749
1723.78 2.89746284342
1724.96 28.2840414352
1726.21 55.9900915778
1727.46 72.8456688185
1728.71 82.5851974178
1729.96 88.2074763549
1731.21 91.5815943552
1732.46 93.6458489716
1733.75 95.0495421108
1735.0 95.9428013812
1736.21 96.5733373367
1737.5 96.7046989941
1738.71 96.9561627383
1740.0 97.4553370365
1741.21 97.7068007807
1742.46 97.6467497373
1743.75 97.9882900465
1744.96 97.9732772857
1746.21 98.1534304159
1747.46 98.0558474703
1748.71 98.1947155082
1749.96 98.4536856328
1751.25 98.3936345894
1752.5 98.1759495571
1753.75 98.4424260622
1755.0 98.386128209
1756.21 98.5475153881
1757.5 98.8177450833
1758.71 98.7614472301
1760.0 98.3598558775
1761.21 98.723915328
1762.46 98.9040684582
1763.71 98.9941450233
1764.93 98.4762047741
1766.21 98.2172346495
1767.46 98.4611920132
1768.71 98.7727068008
1769.96 98.7426812791
1771.21 98.723915328
1772.46 98.528749437
1773.75 98.6188260021
1775.0 98.6638642846
1776.21 98.8740429365
1777.46 98.7914727518
1778.75 98.5625281489
1780.0 98.262272932
1781.21 98.6713706651
1782.46 98.5024771055
1783.75 98.4199069209
1784.96 98.1872091278
1786.21 98.6375919532
1787.5 98.6713706651
1788.71 98.5024771055
1789.96 98.6075664315
1791.25 98.6563579042
1792.5 98.6826302357
1793.75 98.6976429965
1795.0 98.8890556973
1796.21 98.7989791323
1797.46 98.7539408497
1798.75 98.7314217085
1800.0 98.9078216484
1801.21 98.6225791923
1802.46 98.8515237952
1803.75 98.7802131812
1804.96 98.7464344693
1806.21 98.9153280288
1807.5 98.9978982135
1808.71 99.042936496
1810.0 98.8740429365
1811.21 98.7914727518
1812.46 98.7501876595
1813.75 98.7314217085
1815.0 98.5325026272
1816.21 98.8064855127
1817.46 98.9453535505
1818.71 99.0166641645
1820.0 98.6751238553
1821.21 98.8777961267
1822.46 98.9828854526
1823.71 99.0316769254
1824.96 99.0579492569
1826.21 98.6976429965
1827.46 98.8890556973
1828.75 98.7989791323
1830.0 98.7539408497
1831.21 98.919081219
1832.5 99.0016514037
1833.71 98.8552769854
1835.0 98.971625882
1836.21 98.8402642246
1837.46 98.3973877796
1838.71 98.7426812791
1839.96 98.723915328
1841.21 98.3410899264
1842.46 98.7126557574
1843.71 98.5249962468
1844.96 98.6150728119
1846.21 98.4762047741
1847.46 98.7802131812
1848.75 98.3673622579
1850.0 98.7276685182
1851.21 98.7164089476
1852.46 98.7126557574
1853.71 98.7126557574
1854.96 98.7089025672
1856.21 98.8965620778
1857.46 98.8027323225
1858.75 98.7576940399
1860.0 98.5437621979
1861.21 98.2510133614
1862.46 98.2922984537
1863.75 98.6901366161
1864.96 98.6976429965
1866.21 98.8928088876
1867.46 98.6113196217
1868.75 98.4724515838
1870.0 98.5925536706
1871.21 98.8365110344
1872.46 98.9603663114
1873.75 98.8365110344
1875.0 98.7727068008
1876.21 98.7389280889
1877.46 98.5362558174
1878.71 98.6225791923
1880.0 98.8552769854
1881.21 98.5925536706
1882.46 98.4649452034
1883.75 98.7727068008
1884.96 98.7426812791
1886.21 98.5362558174
1887.46 98.8102387029
1888.71 98.9491067407
1890.0 99.0166641645
1891.21 99.0504428764
1892.46 98.8777961267
1893.75 98.9828854526
1895.0 99.0316769254
1896.21 98.8702897463
1897.46 98.7914727518
1898.75 98.9378471701
1900.0 98.8214982735
1901.21 98.9528599309
1902.46 98.8327578442
1903.71 98.7689536106
1904.96 98.9265875995
1906.21 98.8177450833
1907.46 98.9528599309
1908.71 98.829004654
1910.0 98.9566131212
1911.21 98.8327578442
1912.46 98.9603663114
1913.71 99.0204173548
1915.0 99.0541960667
1916.21 99.0692088275
1917.46 98.8890556973
1918.75 98.7989791323
1920.0 98.7539408497
1921.21 99.1067407296
1922.5 98.9078216484
1923.75 98.8064855127
1924.96 98.5700345293
1926.21 71.8060351299
1927.46 50.9157784116
1928.71 37.4680978832
1929.96 28.865785918
1931.25 23.067107041
1932.5 19.0399339439
1933.75 15.7108542261
1934.96 13.8605314517
1936.25 11.9989491067
1937.46 10.3137667017
1938.75 9.66071160486
1939.96 9.33418405645
1941.25 9.17279687735
1942.46 8.15192913977
1943.75 7.64149527098
1944.96 7.198618826
1946.18 6.41420207176
1947.37 6.58309563129
1948.59 6.29409998499
1949.81 5.58850022519
1951.03 5.23194715508
1952.25 5.4308662363
1953.46 5.7198618826
1954.68 5.11184506831
1955.9 4.80783666116
1957.12 5.02927488365
1958.31 5.51718961117
1959.53 5.19816844318
1960.75 4.8528749437
1961.93 4.67647500375
1963.15 4.59015162888
1964.37 4.36120702597
1965.59 4.43251763999
1966.81 4.4662963519
1968.03 4.29740279237
1969.25 4.4024921183
1970.46 4.26362408047
1971.68 4.19606665666
1972.84 3.97462843417
1974.06 4.05344542861
1975.28 4.09097733073
1976.5 4.29740279237
1977.71 4.2110794175
1978.93 4.16979432518
1980.15 3.96336886353
1981.37 3.85827953761
1982.59 3.80573487464
1983.81 3.96712205375
1985.03 3.85827953761
1986.18 3.80573487464
1987.4 3.21648401141
1988.62 3.29905419607
1989.84 3.1489265876
1991.06 3.64059450533
1992.28 3.50923284792
1993.5 3.25401591353
1994.68 3.31782014713
1995.9 3.34784566882
1997.12 3.55051794025
1998.31 3.08887554421
1999.53 3.60681579342
2000.75 3.86953910824
2001.96 3.2465095331
2003.15 3.12640744633
2004.37 3.06260321273
2005.59 2.84491818045
2006.81 3.29905419607
2008.03 3.3403392884
2009.25 2.98378621829
2010.43 2.80363308812
2011.62 3.46794775559
2012.84 3.42290947305
2014.06 3.2127308212
2015.28 3.67062002702
2016.5 3.33658609818
2017.68 2.98003302807
2018.9 3.17895210929
2020.12 3.09262873442
2021.34 3.61056898364
2022.56 3.30656057649
2023.78 3.15267977781
2024.93 3.07761597358
2026.15 3.04008407146
2027.37 3.0213181204
2028.59 3.20147125056
2029.81 3.10013511485
2031.03 3.61432217385
2032.25 3.3103137667
2033.46 3.15643296802
2034.68 3.07761597358
2035.9 3.22774358204
2037.09 3.30280738628
2038.28 2.96502026723
2039.46 2.98378621829
2040.68 2.99504578892
2041.9 2.99879897913
2043.12 3.18645848972
2044.31 3.09638192464
2045.53 3.04759045188
2046.75 2.83741180003
2047.96 2.91998198469
2049.18 2.96126707702
2050.4 3.17144572887
2051.56 2.89746284342
2052.78 2.95000750638
2054.0 2.78862032728
2055.18 2.70980333283
2056.4 3.04383726167
2057.62 3.0213181204
2058.84 3.01381173998
2060.06 3.19396487014
2061.25 3.10013511485
2062.46 3.0513436421
2063.68 3.02507131061
2064.87 3.57679027173
2066.09 3.29154781564
2067.31 3.14517339739
2068.53 2.88620327278
2069.75 2.75859480558
2070.96 2.87869689236
2072.15 2.94250112596
2073.37 3.5355051794
2074.59 3.26902867437
2075.81 2.94625431617
2077.06 2.78862032728
2078.21 2.89370965321
2079.43 3.13766701696
2080.65 2.88245008257
2081.87 3.13016063654
2083.09 3.06635640294
2084.31 3.03257769104
2085.5 3.58054346194
2086.71 3.29154781564
2087.93 3.33658609818
2089.15 3.35535204924
2090.37 3.17895210929
2091.56 2.90496922384
2092.78 2.95376069659
2094.0 2.78862032728
2095.15 2.89746284342
2096.37 2.95000750638
2097.59 2.78862032728
2098.81 2.89370965321
2100.03 2.7623479958
2101.25 2.69479057199
2102.46 2.66101186008
2103.68 3.01756493019
2104.87 3.01005854977
2106.09 2.81864584897
2107.28 2.72481609368
2108.5 3.0513436421
2109.71 3.58804984237
2110.93 3.29530100585
2112.12 3.33658609818
2113.34 3.17144572887
2114.56 2.89746284342
2115.78 2.7623479958
2116.96 2.69479057199
2118.18 2.84867137067
2119.4 2.92748836511
2120.59 2.96502026723
2121.81 2.98378621829
2123.03 2.99129259871
2124.25 3.18645848972
2125.43 3.09262873442
2126.68 40.5794925687
2127.93 64.3897312716
2129.18 77.9837862183
2130.43 85.9067707551
2131.71 90.4331181504
2132.93 93.2555171896
2134.18 95.0457889206
2135.46 95.7513886804
2136.71 96.4795075814
2137.96 97.0312265426
2139.21 97.4928689386
2140.5 97.9132262423
2141.71 98.1234048942
2143.0 98.2284942201
2144.21 98.0933793725
2145.46 98.4011409698
2146.75 98.7426812791
2148.0 98.3523494971
2149.21 98.528749437
2150.46 98.4311664915
2151.71 98.7576940399
2152.96 98.5475153881
2154.21 98.6263323825
2155.46 98.6676174749
2156.71 98.5024771055
2158.0 98.6038132413
2159.21 98.8440174148
2160.46 98.9641195016
2161.71 98.8365110344
2163.0 98.9603663114
2164.21 99.024170545
2165.46 99.0541960667
2166.71 98.8815493169
2168.0 98.9828854526
2169.21 99.0316769254
2170.46 98.8702897463
2171.75 98.9791322624
2172.96 99.0316769254
2174.21 99.0579492569
2175.46 99.0692088275
2176.75 98.7013961868
2178.0 98.8928088876
2179.21 98.9903918331
2180.5 98.847770605
2181.71 98.7802131812
2183.0 98.7426812791
2184.21 98.9153280288
2185.46 98.9978982135
2186.71 98.8552769854
2187.96 98.7802131812
2189.25 98.9340939799
2190.5 99.0091577841
2191.75 99.0466896862
2192.96 98.8777961267
2194.21 98.7914727518
2195.46 98.9378471701
2196.71 98.8252514637
2198.0 98.9528599309
2199.21 98.8327578442
2200.5 98.9566131212
2201.75 99.0204173548
2203.0 99.2418555772
2204.25 99.1630385828
2205.5 99.1217534905
2206.75 99.1029875394
2208.0 98.9078216484
2209.21 98.9941450233
2210.46 99.0391833058
2211.71 98.8740429365
2212.96 98.7914727518
2214.21 98.9378471701
2215.46 99.0129109743
2216.75 99.2343491968
2218.0 99.3469449032
2219.21 99.0279237352
2220.46 98.8702897463
2221.71 98.9753790722
2222.96 99.0316769254
2224.25 98.8702897463
2225.5 98.9753790722
2226.75 98.8440174148
2228.0 98.776459991
2229.21 98.9303407897
2230.5 98.8177450833
2231.75 98.9528599309
2232.96 99.2043236751
2234.21 98.9566131212
2235.46 98.8327578442
2236.75 98.7727068008
2238.0 98.9265875995
2239.21 99.1930641045
2240.46 99.1405194415
2241.75 98.9228344092
2243.0 99.0054045939
2244.25 99.042936496
2245.5 99.0654556373
2246.71 99.2606215283
2248.0 99.361957664
2249.21 99.0354301156
2250.46 99.2456087675
2251.71 99.3544512836
2252.96 99.5946554571
2254.21 99.3394385227
2255.46 99.5871490767
2256.75 99.5233448431
2258.0 99.3019066206
2259.21 99.3807236151
2260.5 99.0466896862
2261.71 99.4407746585
2263.0 99.2606215283
2264.21 99.361957664
2265.46 99.4107491368
2266.75 99.0579492569
2268.0 99.4482810389
2269.21 99.2643747185
2270.46 98.9866386428
2271.75 99.2230896262
2272.96 99.343191713
2274.21 99.3994895661
2275.5 99.6171745984
2276.71 99.538357604
2278.0 99.5008257018
2279.21 99.1029875394
2280.46 99.4708001802
2281.71 99.2756342891
2283.0 99.3694640444
2284.21 99.0391833058
2285.46 99.4370214682
2286.71 99.0729620177
2288.0 99.4520342291
2289.21 99.6434469299
2290.46 99.5533703648
2291.71 99.5045788921
2292.96 99.2944002402
2294.21 99.3769704249
2295.46 99.4182555172
2296.71 99.4407746585
2298.0 99.6359405495
2299.21 99.7372766852
2300.5 99.5984086474
2301.75 99.5270980333
2303.0 99.3056598108
2304.21 99.3844768053
2305.46 99.4220087074
2306.71 99.0654556373
2308.0 99.0729620177
2309.21 98.8928088876
2310.46 99.361957664
2311.71 99.4107491368
2312.96 99.2493619577
2314.21 99.166791773
2315.46 99.3131661913
2316.75 99.3844768053
2318.0 99.4220087074
2319.21 99.0654556373
2320.46 99.4520342291
2321.71 99.4557874193
2323.0 99.4557874193
2324.21 99.4595406095
2325.46 99.0842215884
2326.71 76.9403993394
2327.96 56.1101936646
2329.21 41.3789220838
2330.46 31.1965170395
2331.71 24.7935745384
2332.93 19.9031676925
2334.18 16.7092028224
2335.46 14.3597057499
2336.68 12.6219786819
2337.96 11.188260021
2339.21 10.4751538808
2340.46 9.55186908873
2341.71 8.53100135115
2342.96 8.20447380273
2344.21 7.66776760246
2345.46 7.40129109743
2346.68 7.07851673923
2347.9 7.10478907071
2349.12 6.55307010959
2350.31 6.09142771356
2351.53 5.86248311064
2352.75 5.93379372467
2353.96 5.40459390482
2355.18 5.51718961117
2356.4 5.38582795376
2357.59 5.13436420958
2358.81 4.63143672121
2360.06 4.7552919982
2361.25 4.627683531
2362.46 4.56763248761
2363.68 4.34619426513
2364.87 4.42501125957
2366.09 4.65395586248
2367.28 4.57889205825
2368.5 4.54136015613
2369.71 4.33493469449
2370.93 4.22984536856
2372.15 4.18105389581
2373.37 4.34244107491
2374.59 4.42125806936
2375.78 4.46254316169
2376.96 4.48506230296
2378.18 4.3049091728
2379.4 4.03092628734
2380.59 3.70439873893
2381.81 3.7269178802
2383.03 3.74193064104
2384.25 3.93334334184
2385.46 3.65560726618
2386.68 3.70439873893
2387.9 3.91833058099
2389.12 4.02341990692
2390.31 4.07596456988
2391.53 3.53925836961
2392.75 3.83200720613
2393.96 3.41915628284
2395.18 3.77195616274
2396.37 3.57679027173
2397.59 3.47545413602
2398.81 3.80198168443
2400.03 3.40414352199
2401.25 3.20147125056
2402.46 3.29154781564
2403.68 3.14517339739
2404.87 3.07386278337
2406.09 3.04008407146
2407.28 3.20897763099
2408.5 2.91622879448
2409.71 2.96126707702
2410.93 3.35535204924
2412.15 3.17895210929
2413.37 3.65560726618
2414.59 3.89205824951
2415.81 3.44542861432
2417.03 3.22399039183
2418.21 3.30280738628
2419.4 3.52799879898
2420.62 3.26527548416
2421.81 3.13391382675
2423.06 3.06635640294
2424.25 3.03633088125
2425.46 3.58054346194
2426.68 3.10388830506
2427.9 3.05509683231
2429.12 3.02882450083
2430.31 3.01381173998
2431.5 3.57303708152
2432.71 3.10013511485
2433.93 3.0513436421
2435.15 3.58804984237
2436.37 3.29530100585
2437.56 2.96126707702
2438.78 2.98378621829
2440.0 3.17895210929
2441.18 3.09262873442
2442.43 3.04759045188
2443.62 3.02507131061
2444.81 2.82615222939
2446.06 3.47545413602
2447.25 3.23900315268
2448.46 2.93499474553
2449.68 2.96877345744
2450.9 2.98378621829
2452.09 3.1827052995
2453.31 3.09262873442
2454.53 3.61056898364
2455.75 3.30656057649
2456.93 3.15267977781
2458.15 3.26527548416
2459.37 2.94625431617
2460.56 2.78862032728
2461.78 2.70605014262
2463.03 2.6685182405
2464.25 2.64599909923
2465.43 2.82615222939
2466.65 2.91247560426
2467.87 2.76985437622
2469.09 2.6985437622
2470.28 2.85242456088
2471.5 2.92748836511
2472.68 2.96502026723
2473.9 3.54676475004
2475.12 3.27278186458
2476.34 2.95000750638
2477.56 2.97627983786
2478.75 2.99129259871
2479.96 3.1827052995
2481.18 3.28028824501
2482.37 3.14142020718
2483.56 3.07386278337
2484.78 3.03633088125
2486.0 3.20897763099
2487.18 2.91622879448
2488.4 2.96126707702
2489.62 2.98003302807
2490.81 2.80363308812
2492.06 2.90496922384
2493.25 2.76610118601
2494.46 3.07010959315
2495.68 3.03633088125
2496.87 3.39663714157
2498.09 3.19771806035
2499.28 3.10013511485
2500.5 3.0513436421
2501.71 3.02882450083
2502.9 2.82615222939
2504.12 2.91622879448
2505.34 2.76985437622
2506.56 2.6985437622
2507.78 2.85242456088
2508.96 2.73982885453
2510.18 2.49587149077
2511.4 2.74733523495
2512.62 2.68728419156
2513.84 2.84491818045
2515.06 2.73607566431
2516.28 2.87119051194
2517.5 2.74733523495
2518.68 2.68728419156
2519.9 2.84491818045
2521.09 2.73607566431
2522.28 2.68353100135
2523.5 2.65350547966
2524.71 2.82990541961
2525.93 2.91622879448
2527.12 33.546014112
2528.4 59.5593754691
2529.65 75.195165891
2530.9 83.9476054646
2532.15 89.4535355052
2533.4 92.5799429515
2534.65 94.5165891007
2535.9 95.6763248761
2537.15 96.2543161687
2538.43 96.9186308362
2539.68 97.4365710854
2540.9 97.6992944002
2542.15 98.014562378
2543.43 98.3636090677
2544.68 98.723915328
2545.93 98.7164089476
2547.18 98.7126557574
2548.43 98.8965620778
2549.68 98.9903918331
2550.93 98.8515237952
2552.21 98.7802131812
2553.46 98.9303407897
2554.71 98.8214982735
2555.96 98.7652004204
2557.25 98.7351748987
2558.5 98.723915328
2559.71 98.7164089476
2560.96 99.0879747786
2562.21 99.2718810989
2563.46 99.1780513436
2564.71 99.3206725717
2566.0 99.3882299955
2567.21 99.0504428764
2568.46 99.2531151479
2569.75 99.3582044738
2571.0 99.4069959466
2572.21 99.0579492569
2573.5 99.2606215283
2574.71 99.1705449632
2576.0 99.3169193815
2577.21 99.0129109743
2578.46 98.8590301756
2579.71 99.1592853926
2580.93 98.9340939799
2582.18 99.1968172947
2583.43 98.9528599309
2584.71 99.2080768653
2585.96 99.3319321423
2587.21 99.0204173548
2588.5 99.0541960667
2589.71 99.2568683381
2591.0 99.1705449632
2592.21 98.9378471701
2593.46 99.3882299955
2594.75 99.0466896862
2596.0 99.4407746585
2597.21 99.2643747185
2598.5 99.1742981534
2599.75 99.3169193815
2600.96 99.0129109743
2602.21 99.4220087074
2603.46 99.0654556373
2604.71 99.4520342291
2606.0 99.6434469299
2607.21 99.5496171746
2608.46 99.5045788921
2609.75 99.4820597508
2611.0 99.4708001802
2612.21 99.6547065005
2613.46 99.557123555
2614.75 99.1330130611
2616.0 99.1067407296
2617.21 99.4708001802
2618.46 99.6547065005
2619.75 99.7447830656
2620.96 99.7898213481
2622.21 99.6246809788
2623.46 99.3544512836
2624.75 99.219336436
2626.0 99.3394385227
2627.21 99.2118300555
2628.5 99.3356853325
2629.71 99.5833958865
2631.0 99.5233448431
2632.21 99.4895661312
2633.46 99.4745533704
2634.71 99.4670469899
2636.0 99.2756342891
2637.21 99.557123555
2638.5 99.6959915929
2639.75 99.5758895061
2640.96 99.5195916529
2642.21 99.6772256418
2643.46 99.3807236151
2644.75 99.4182555172
2646.0 99.2531151479
2647.21 99.5421107942
2648.5 99.5008257018
2649.75 99.1067407296
2651.0 99.4708001802
2652.21 99.4632937997
2653.46 99.4632937997
2654.71 99.4595406095
2655.96 99.4595406095
2657.21 99.6472001201
2658.5 99.1780513436
2659.75 99.3206725717
2660.96 99.0129109743
2662.21 99.238102387
2663.46 99.3469449032
2664.71 99.5909022669
2666.0 99.5270980333
2667.21 99.4933193214
2668.46 99.0992343492
2669.71 99.2793874794
2671.0 99.3694640444
2672.21 99.6021618376
2673.46 99.5308512235
2674.75 99.1217534905
2676.0 99.29064705
2677.21 99.1855577241
2678.5 99.3244257619
2679.75 99.3919831857
2680.96 99.238102387
2682.25 98.971625882
2683.5 99.2155832458
2684.71 99.1517790122
2686.0 99.3056598108
2687.21 99.1930641045
2688.5 99.3281789521
2689.71 99.0166641645
2691.0 99.0504428764
2692.21 98.8815493169
2693.5 99.3582044738
2694.75 99.4069959466
2696.0 99.2456087675
2697.21 99.5421107942
2698.5 99.6884852124
2699.75 99.1968172947
2700.96 99.3281789521
2702.21 99.2080768653
2703.5 99.3319321423
2704.75 99.3957363759
2706.0 99.2418555772
2707.21 99.538357604
2708.5 99.4970725116
2709.75 99.6659660712
2711.0 99.5646299354
2712.21 99.1367662513
2713.5 99.485812941
2714.75 99.4708001802
2716.0 99.6547065005
2717.25 99.557123555
2718.5 99.5083320823
2719.75 99.4820597508
2720.96 99.2831406696
2722.25 99.5608767452
2723.5 99.6959915929
2724.75 99.7673022069
2726.0 99.4257618976
2727.25 87.6182254917
2728.5 64.078216484
2729.71 46.862332983
2731.0 35.4413751689
2732.21 27.6685182405
2733.5 22.2789370965
2734.71 18.6458489716
2736.0 15.7033478457
2737.21 13.6691187509
2738.46 12.0890256718
2739.71 10.7341240054
2740.93 9.68323074613
2742.18 8.97012460592
2743.43 8.23825251464
2744.68 7.8741930641
2745.93 7.50262723315
2747.12 7.31496772256
2748.34 6.47425311515
2749.56 6.05014262123
2750.78 6.02762347996
2752.0 6.20402341991
2753.18 6.66941900616
2754.4 6.33538507732
2755.59 5.98258519742
2756.81 5.99384476805
2758.03 5.62603212731
2759.25 5.06305359556
2760.43 4.97297703048
2761.65 5.29950457889
2762.87 4.90166641645
2764.09 4.89040684582
2765.31 4.69899414502
2766.53 4.60141119952
2767.75 4.74027923735
2768.93 4.80783666116
2770.12 4.84536856328
2771.34 4.67272181354
2772.56 4.21483260772
2773.78 4.54511334634
2775.0 4.15102837412
2776.18 3.9521092929
2777.4 4.03843266777
2778.62 4.08347095031
2779.84 3.91833058099
2781.06 3.83576039634
2782.25 3.79447530401
2783.46 3.77570935295
2784.65 3.9521092929
2785.87 3.47545413602
2787.09 3.61432217385
2788.28 3.68563278787
2789.5 3.90707101036
2790.71 4.0159135265
2791.93 3.88455186909
2793.15 3.44542861432
2794.37 3.03633088125
2795.56 3.01756493019
2796.75 3.38537757094
2797.96 3.56928389131
2799.15 3.28779462543
2800.37 3.70815192914
2801.59 3.91833058099
2802.81 3.46044137517
2804.03 3.23149677226
2805.25 3.67812640745
2806.46 3.71565830956
2807.68 3.73442426062
2808.87 3.55802432067
2810.09 3.84326677676
2811.28 3.42290947305
2812.5 3.77570935295
2813.68 3.76444978231
2814.9 3.38162438072
2816.12 3.75694340189
2817.34 3.37787119051
2818.53 3.19021167993
2819.75 3.28404143522
2820.93 3.70815192914
2822.12 3.35535204924
2823.34 3.17895210929
2824.56 3.08887554421
2825.78 3.04759045188
2827.0 3.2127308212
2828.18 3.10764149527
2829.4 3.05509683231
2830.62 3.59180303258
2831.84 3.29530100585
2833.06 3.71190511935
2834.21 3.35910523945
2835.43 3.55427113046
2836.65 3.09262873442
2837.87 3.61056898364
2839.09 3.86953910824
2840.28 3.2465095331
2841.5 2.93874793575
2842.68 2.78111394685
2843.9 3.45668818496
2845.12 3.22774358204
2846.31 3.30280738628
2847.53 3.15267977781
2848.71 3.07761597358
2849.93 3.22774358204
2851.15 2.92748836511
2852.37 2.96502026723
2853.56 3.54676475004
2854.78 3.2765350548
2856.0 3.13766701696
2857.18 2.88245008257
2858.4 3.13016063654
2859.59 2.87869689236
2860.78 2.94250112596
2862.03 2.97252664765
2863.25 2.9875394085
2864.43 3.1827052995
2865.65 3.09262873442
2866.87 2.8599309413
2868.09 3.11890106591
2869.31 3.05885002252
2870.53 3.22023720162
2871.75 2.9237351749
2872.93 2.96126707702
2874.12 2.7961267077
2875.34 3.085122354
2876.56 3.23149677226
2877.78 3.11890106591
2879.0 3.62182855427
2880.18 3.31406695691
2881.4 3.34409247861
2882.62 3.17519891908
2883.84 2.90121603363
2885.06 3.13766701696
2886.25 3.07010959315
2887.43 2.84867137067
2888.65 3.49046689686
2889.87 3.05885002252
2891.09 3.02882450083
2892.28 3.20522444077
2893.5 3.10388830506
2894.71 3.23900315268
2895.93 3.12265425612
2897.15 3.06260321273
2898.37 2.84491818045
2899.53 2.9237351749
