24981.36 2.89
24982.49 4.95
24983.61 4.47
24984.74 3.24
24985.86 3.62
24987.00 5.31
24988.12 4.65
24989.25 3.33
24990.37 48.66
24991.55 89.33
24992.71 74.17
24993.88 80.58
24995.04 110.29
24996.24 99.15
24997.41 75.57
24998.58 106.29
24999.78 125.64
25000.99 95.32
25002.15 107.66
25003.36 130.33
25004.57 107.17
25005.78 80.58
25006.94 115.29
25008.15 113.65
25009.35 89.32
25010.52 114.66
25011.74 137.33
25012.94 108.17
25014.15 111.08
25015.35 134.54
25016.56 113.27
25017.77 88.64
25018.94 119.32
25020.15 121.66
25021.35 96.33
25022.52 105.66
25023.74 132.33
25024.94 112.17
25026.15 88.08
25027.31 120.04
25028.51 124.02
25029.72 97.01
25030.88 118.01
25032.08 139.50
25033.27 113.25
25034.48 101.13
25035.70 130.06
25036.90 117.03
25038.09 90.52
25039.25 120.26
25040.46 142.13
25041.67 110.06
25042.87 121.03
25044.07 141.52
25045.27 115.26
25046.48 87.63
25047.65 123.31
25048.86 119.66
25050.07 95.33
25051.23 120.66
25052.44 143.83
25053.65 111.92
25054.86 83.96
25056.02 119.48
25057.23 118.74
25058.44 94.87
25059.61 120.43
25060.82 142.22
25062.02 111.61
25063.23 116.80
25064.42 137.90
25065.63 116.95
25066.84 91.48
25068.01 122.74
25069.21 125.87
25070.42 100.43
25071.62 121.22
25072.83 142.61
25074.04 113.30
25075.23 112.15
25076.44 135.58
25077.65 117.79
25078.86 90.39
25080.02 122.20
25081.22 134.60
25082.42 105.30
25083.62 120.65
25084.83 143.82
25086.03 115.91
25087.23 95.46
25088.40 126.73
25089.60 147.36
25090.80 159.68
25092.00 167.34
25093.19 171.17
25094.40 174.59
25095.60 176.29
25096.80 178.15
25098.00 179.07
25099.18 179.54
25100.39 179.77
25101.60 179.88
25102.80 180.44
25104.00 181.72
25105.19 181.36
25106.40 181.68
25107.61 181.84
25108.82 183.42
25110.02 183.21
25111.23 184.11
25112.44 183.55
25113.65 183.28
25114.86 183.64
25116.07 183.82
25117.26 183.91