26909.28 5.12
26910.41 3.56
26911.54 3.28
26912.67 5.14
26913.80 5.57
26914.92 5.28
26916.05 3.64
26917.16 3.32
26918.29 48.16
26919.46 88.58
26920.63 72.29
26921.80 75.65
26922.96 108.32
26924.17 98.16
26925.34 76.58
26926.50 106.29
26927.70 130.15
26928.91 98.57
26930.07 107.29
26931.27 131.14
26932.49 108.57
26933.70 82.79
26934.86 115.39
26936.06 115.20
26937.26 91.10
26938.42 115.05
26939.63 137.02
26940.83 107.01
26942.03 107.01
26943.23 133.00
26944.43 114.00
26945.63 87.50
26946.79 117.75
26947.99 128.88
26949.20 100.94
26950.40 102.47
26951.61 130.73
26952.83 112.87
26954.03 88.43
26955.19 119.22
26956.40 127.61
26957.61 99.80
26958.77 116.90
26959.97 137.95
26961.18 111.48
26962.39 94.74
26963.55 125.37
26964.76 118.18
26965.97 91.09
26967.13 119.55
26968.34 141.77
26969.55 110.39
26970.75 119.69
26971.95 140.85
26973.16 116.42
26974.38 89.71
26975.55 122.86
26976.75 121.43
26977.96 95.21
26979.13 119.11
26980.34 141.55
26981.55 112.28
26982.75 85.14
26983.92 120.07
26985.12 121.03
26986.32 94.52
26987.50 118.76
26988.70 141.38
26989.91 111.69
26991.11 113.84
26992.32 138.42
26993.53 116.71
26994.74 90.36
26995.91 122.18
26997.11 128.09
26998.31 100.04
26999.51 121.02
27000.71 144.01
27001.91 115.01
27003.12 107.00
27004.32 134.00
27005.52 120.50
27006.72 94.25
27007.89 123.63
27009.10 142.31
27010.31 109.16
27011.51 121.08
27012.71 142.54
27013.92 116.27
27015.13 89.63
27016.30 124.82
27017.50 146.41
27018.70 160.70
27019.89 168.85
27021.09 172.93
27022.29 175.96
27023.50 177.98
27024.70 179.49
27025.90 180.25
27027.10 180.12
27028.31 180.06
27029.51 180.53
27030.72 180.77
27031.93 181.88
27033.13 182.44
27034.34 182.72
27035.55 182.86
27036.75 183.93
27037.96 183.47
27039.17 183.23
27040.38 183.62
27041.58 183.81
27042.78 183.90
27043.99 183.95
27045.19 183.98