21613.79 4.47
21614.92 3.24
21616.05 3.12
21617.17 5.06
21618.30 6.03
21619.42 6.51
21620.55 6.26
21621.68 4.13
21622.81 58.06
21623.97 76.03
21625.13 63.52
21626.30 91.76
21627.46 118.88
21628.66 95.44
21629.83 81.22
21630.99 113.11
21632.20 108.05
21633.40 84.03
21634.55 111.51
21635.77 134.26
21636.98 103.13
21638.18 111.06
21639.39 133.53
21640.59 110.77
21641.81 83.38
21642.98 116.69
21644.18 116.35
21645.39 91.67
21646.55 115.84
21647.77 138.42
21648.98 108.21
21650.18 110.10
21651.39 134.55
21652.60 115.28
21653.81 89.14
21654.98 115.07
21656.18 138.03
21657.38 110.52
21658.58 111.26
21659.80 135.63
21661.00 115.81
21662.19 89.91
21663.36 121.45
21664.56 127.73
21665.78 100.36
21666.99 120.18
21668.19 141.09
21669.39 113.05
21670.59 105.52
21671.81 131.76
21673.02 117.38
21674.22 90.19
21675.39 120.10
21676.59 136.05
21677.80 105.02
21678.99 118.51
21680.20 140.76
21681.40 115.88
21682.60 87.94
21683.77 123.47
21684.98 117.73
21686.18 94.37
21687.35 114.18
21688.56 138.09
21689.77 114.05
21690.97 88.02
21692.13 122.01
21693.33 118.51
21694.54 93.25
21695.70 119.63
21696.91 142.31
21698.11 112.66
21699.32 118.33
21700.53 140.66
21701.74 119.33
21702.94 90.67
21704.11 124.33
21705.32 126.67
21706.53 99.83
21707.70 121.42
21708.90 142.71
21710.10 113.35
21711.30 109.18
21712.50 136.09
21713.70 120.04
21714.89 93.02
21716.05 122.51
21717.25 140.26
21718.46 109.63
21719.66 121.81
21720.87 142.91
21722.08 157.45
21723.29 166.73
21724.50 172.86
21725.70 175.93
21726.90 177.47
21728.10 177.73
21729.30 178.87
21730.50 179.43
21731.70 179.72
21732.90 179.86
21734.10 180.43
21735.30 180.71
21736.50 180.86
21737.70 181.43
21738.90 181.71
21740.10 181.86
21741.30 183.43
21742.50 183.71
21743.70 183.86
21744.90 183.43
21746.10 183.71
21747.30 183.36
21748.50 184.18