19645.67 4.11
19646.81 4.05
19647.93 4.03
19649.06 3.51
19650.18 4.26
19651.32 4.13
19652.45 4.56
19653.58 3.78
19654.71 53.39
19655.88 88.70
19657.04 70.35
19658.20 86.67
19659.36 114.34
19660.57 97.17
19661.74 72.58
19662.91 107.79
19664.11 113.40
19665.31 88.20
19666.48 109.60
19667.68 131.80
19668.89 104.40
19670.09 95.70
19671.25 123.85
19672.46 111.92
19673.66 86.96
19674.84 115.48
19676.04 137.74
19677.24 105.37
19678.45 114.69
19679.66 135.84
19680.87 111.42
19682.08 84.21
19683.24 118.11
19684.45 115.05
19685.65 93.03
19686.83 108.51
19688.03 134.26
19689.23 112.63
19690.44 84.31
19691.61 119.66
19692.83 115.83
19694.03 93.41
19695.19 118.71
19696.40 140.35
19697.60 111.68
19698.81 114.34
19700.02 136.17
19701.22 115.08
19702.42 89.54
19703.58 120.77
19704.78 125.89
19705.99 98.94
19707.16 118.47
19708.37 141.24
19709.58 112.62
19710.78 104.81
19712.00 131.90
19713.18 118.95
19714.39 90.98
19715.55 120.99
19716.75 143.49
19717.95 109.75
19719.17 99.87
19720.34 128.94
19721.55 116.47
19722.75 91.73
19723.92 119.87
19725.12 141.93
19726.34 108.97
19727.55 120.48
19728.75 141.24
19729.96 116.12
19731.17 88.06
19732.33 123.53
19733.54 119.27
19734.75 93.63
19735.91 120.82
19737.12 142.41
19738.33 111.20
19739.53 116.60
19740.73 138.30
19741.93 116.65
19743.14 91.33
19744.31 123.16
19745.52 127.08
19746.72 99.54
19747.89 120.77
19749.09 142.39
19750.29 113.19
19751.50 106.60
19752.70 132.80
19753.90 150.40
19755.10 161.20
19756.30 167.60
19757.50 171.30
19758.70 174.65
19759.91 176.82
19761.11 178.41
19762.33 179.71
19763.54 181.35
19764.75 182.18
19765.95 182.59
19767.15 181.79
19768.36 181.40
19769.56 181.20
19770.76 181.10
19771.96 181.05
19773.16 181.52
19774.37 181.76
19775.58 181.88
19776.78 181.94
19777.98 181.97
19779.18 182.49
19780.39 183.24
19781.59 183.62