0.0 -0.217028380634
1.12 -0.389538119087
2.25 0.361713967724
3.38 -0.372843628269
4.51 -0.467445742905
5.64 0.601001669449
6.75 1.13522537563
7.88 0.567612687813
9.0 26.4385086255
10.16 49.1151919866
11.34 37.9131886477
12.51 45.6649972176
13.67 61.2298274903
14.86 52.3205342237
16.03 40.3505843072
17.2 58.2915971063
18.41 64.4852531998
19.62 48.9371174179
20.78 58.4140233723
21.99 70.9404563161
23.2 57.4513077351
24.4 47.6460767947
25.57 65.837506956
26.78 60.7456872565
27.99 47.3455759599
29.15 62.6265998887
30.36 75.2754590985
31.57 56.8336115748
32.78 62.3650528659
33.98 74.0289371174
35.19 60.3895381191
36.39 45.4980523094
37.56 63.9287701725
38.76 63.4056761269
39.97 50.3450194769
41.14 58.2804674457
42.35 71.9922092376
43.56 59.3656093489
44.76 46.3772954925
45.93 65.203116305
47.14 65.1585976628
48.35 50.3839732888
49.51 63.5893155259
50.72 76.3160823595
51.93 59.5826377295
53.13 59.5603784085
54.34 72.9104062326
55.54 62.6099053979
56.75 48.5531441291
57.91 65.4590984975
59.12 70.2893711742
60.34 54.0678909293
61.55 64.8747913189
62.75 76.9560378408
63.96 60.734557596
65.17 57.0784641068
66.38 71.9476905954
67.59 63.5169727323
68.8 48.1747356706
69.96 64.9916527546
71.17 72.5598219254
72.38 56.0378408459
73.59 55.5648302727
74.79 71.1853088481
76.0 63.1385642738
77.2 48.2637729549
78.36 65.592654424
79.57 71.7473567056
80.78 55.6316082359
81.99 64.5409015025
83.2 76.7890929327
84.4 61.4913745131
85.6 52.7267668336
86.76 69.2097941013
87.97 64.9360044519
89.2 50.2726766834
90.36 65.7595993322
91.57 77.6794657763
92.78 60.2615470228
93.99 65.1919866444
95.2 76.8336115748
96.4 63.7395659432
97.6 48.0077907624
98.76 66.572064552
99.97 66.3995548136
101.19 52.1202003339
102.35 65.2921535893
103.57 77.4401780746
104.78 60.7011686144
105.98 62.0701168614
107.19 74.7189760712
108.4 83.8286032276
109.6 89.4936004452
110.79 93.1608235949
112.0 94.1569282137
113.2 95.7707289928
114.39 96.8558708959
115.59 97.6794657763
116.8 98.6421814135
118.0 98.2915971063
119.2 98.1190873678
120.4 98.3082915971
121.6 98.4028937117
122.79 98.7256538676
124.01 98.8925987757
125.22 98.9705063996
126.43 99.0150250417
127.63 99.3099610462
128.83 99.7384529772
130.04 99.9554813578
131.25 99.5047301057
132.46 99.8330550918
133.66 100.0
134.85 99.8052309405
