24455.23 127.77
24456.45 126.88
24457.65 126.94
24458.85 126.47
24460.05 127.24
24461.25 126.62
24462.47 126.31
24463.68 127.15
24464.89 127.58
24466.09 127.29
24467.29 126.64
24468.50 102.32
24469.70 78.66
24470.86 93.83
24472.03 96.92
24473.19 76.46
24474.36 85.23
24475.53 99.11
24476.70 83.06
24477.86 65.03
24479.02 85.51
24480.18 86.76
24481.35 69.38
24482.52 80.69
24483.69 95.84
24484.86 80.42
24486.02 62.21
24487.18 83.61
24488.35 81.80
24489.52 65.90
24490.67 51.45
24491.84 42.23
24493.01 69.61
24494.17 88.81
24495.34 100.90
24496.54 89.95
24497.70 68.48
24498.86 78.24
24500.03 93.12
24501.20 77.56
24502.36 60.78
24503.53 82.39
24504.70 85.19
24505.86 67.60
24507.02 78.30
24508.18 94.65
24509.34 78.82
24510.51 60.41
24511.68 81.21
24512.85 82.10
24514.01 64.55
24515.17 78.78
24516.34 94.89
24517.50 77.94
24518.66 61.47
24519.83 83.24
24521.00 79.62
24522.16 63.81
24523.33 79.90
24524.49 94.45
24525.66 75.23
24526.84 57.61
24528.01 44.31
24529.18 61.65
24530.34 82.83
24531.51 96.91
24532.68 105.96
24533.88 84.98
24535.05 64.49
24536.21 49.74
24537.38 58.37
24538.55 80.19
24539.71 71.59
24540.88 56.80
24542.04 77.40
24543.20 94.20
24544.36 104.10
24545.56 92.05
24546.72 71.52
24547.89 83.26
24549.06 97.63
24550.22 78.32
24551.39 73.16
24552.57 89.08
24553.73 80.54
24554.90 62.77
24556.06 79.38
24557.22 94.69
24558.39 74.35
24559.56 57.17
24560.73 45.59
24561.90 63.79
24563.06 83.90
24564.22 97.45
24565.39 106.22
24566.59 83.11
24567.76 68.56
24568.93 87.28
24570.10 81.64
24571.26 64.32
24572.44 80.16
24573.61 95.08
24574.77 75.04
24575.93 71.52
24577.10 87.76
24578.26 79.38
24579.43 63.69
24580.60 79.84
24581.76 95.92
24582.93 75.46
24584.10 75.73
24585.26 89.87
24586.43 78.43
24587.60 61.22
24588.76 48.11
24589.93 38.05
24591.09 67.03
24592.25 71.01
24593.42 58.51
24594.58 74.25
24595.75 90.13
24596.92 73.06
24598.08 56.53
24599.25 43.77
24600.41 57.88
24601.58 79.44
24602.75 94.22
24603.91 103.11
24605.12 110.06
24606.33 113.03
24607.53 116.01
24608.73 117.51
24609.94 119.25
24611.15 119.63
24612.35 119.81
24613.56 120.91
24614.77 120.95
24615.97 121.98
24617.17 121.99
24618.38 121.99
24619.58 122.00
24620.77 122.50
24621.97 122.75
24623.18 123.37
24624.39 123.19
24625.59 123.59
24626.79 123.80
24627.99 123.90
24629.19 123.95
24630.40 123.97
24631.60 123.99
24632.80 123.99
24634.00 124.00
24635.18 124.00
24636.38 124.00
24637.58 124.50
24638.78 124.25
24639.99 124.62
24641.19 124.31
24642.40 124.16