0.0 97.9085101999
1.2 97.3727591181
2.41 97.1151864826
3.61 96.9812487121
4.82 96.9091283742
6.02 96.8782196579
7.22 98.4133525654
8.43 98.1454770245
9.64 99.041829796
10.85 100.0
12.06 98.9388007418
13.26 73.1712342881
14.46 47.4036678343
15.62 65.9385946837
16.78 64.3931588708
17.94 45.0752112096
19.11 56.5423449413
20.27 71.0282299608
21.43 51.9987636513
22.59 33.2062641665
23.76 55.2441788584
24.92 54.4096435195
26.09 38.0177209973
27.25 51.4630125695
28.41 67.9785699567
29.57 49.4436431074
30.74 36.0498660622
31.91 57.1811250773
33.06 53.317535545
34.23 37.9868122811
35.39 23.6348650319
36.55 13.3628683289
37.72 40.6758705955
38.9 61.0344117041
40.06 74.3045538842
41.27 59.3035235937
42.43 38.9243766742
43.59 50.8860498661
44.76 65.6295075211
45.92 50.3296929734
47.09 30.8262930146
48.26 53.0187512879
49.42 54.3272202761
50.58 37.4716670101
51.75 52.2151246652
52.91 68.3494745518
54.08 49.6290954049
55.25 34.0923140326
56.41 56.192046157
57.57 52.8229960849
58.74 35.1741191016
59.91 50.5563568926
61.06 65.9695034
62.22 48.4442612817
63.38 38.6461982279
64.54 57.9538429837
65.7 50.1030290542
66.87 32.2583968679
68.05 49.1036472285
69.22 66.7937358335
70.39 46.7854935092
71.54 28.549350917
72.71 15.8149598187
73.89 33.6698949104
75.06 54.4405522357
76.22 69.4621883371
77.38 78.5184422007
78.59 56.2538635895
79.75 34.8238203173
80.91 19.4724912425
82.07 29.826911189
83.24 53.0393570987
84.41 43.5194724912
85.57 27.9414794972
86.74 50.0309087163
87.91 66.2270760354
89.07 76.3857407789
90.28 63.9501339378
91.44 42.2728209355
92.6 56.6865856171
93.76 70.5852050278
94.92 49.1963733773
96.09 45.724294251
97.26 62.0131877189
98.42 52.6375437873
99.57 35.0813929528
100.74 51.0199876365
101.91 66.2064702246
103.07 45.4667216155
104.24 27.3748196992
105.41 14.1974036678
106.57 34.4014011951
107.74 55.3266021018
108.91 69.3900679992
110.07 77.4469400371
111.28 54.1829796002
112.45 43.5709870183
113.61 61.9719760973
114.78 55.1926643313
115.95 36.8740984958
117.11 53.4617762209
118.27 66.9173706985
119.44 47.3624562127
120.6 44.2921903977
121.77 60.7768390686
122.94 52.0296723676
124.1 33.7420152483
125.27 51.8957345972
126.43 68.1949309705
127.59 45.9406552648
128.76 46.6721615496
129.92 62.4871213682
131.09 51.3290747991
132.26 33.391716464
133.42 18.2464454976
134.59 7.57263548321
135.75 37.7910570781
136.92 41.0467751906
138.09 27.2202761179
139.26 45.5491448589
140.42 61.9204615702
141.58 45.3842983721
142.74 26.8184628065
143.91 14.4343704925
145.06 28.3432928086
146.22 51.7720997321
147.39 66.0725324542
148.55 75.7881722646
149.75 82.1965794354
150.96 85.4007830208
152.15 89.0686173501
153.36 90.3770863383
154.55 91.5516175562
155.75 91.6237378941
156.95 93.2103853287
158.16 92.9631155986
159.36 92.849783639
160.55 93.8182567484
161.75 95.847929116
162.95 94.7970327632
164.15 95.3121780342
165.36 96.0745930352
166.55 95.4358128992
167.76 95.6212651968
168.96 96.7545847929
170.16 96.7957964146
171.36 96.3115598599
172.55 95.5491448589
173.76 95.1679373583
174.96 94.9721821554
176.16 96.9400370905
177.35 96.3836801978
178.56 96.610344117
179.77 97.764269524
180.98 95.7552029672
182.19 95.7861116835
183.39 97.3521533072
184.59 96.5794354008
185.8 97.7436637132
187.01 97.3006387801
