0.0 98.5969256164
1.2 98.813576808
2.4 97.8953884246
3.6 98.4731249355
4.81 97.7200041267
6.02 98.8961105953
7.22 98.9683276591
8.42 98.4937583823
9.62 98.761993191
10.82 98.9064273187
12.03 100.0
13.22 67.5435881564
14.4 65.2326421129
15.56 75.9517177344
16.76 59.1251418549
17.92 38.3266274631
19.09 58.3720210461
20.26 62.7153616012
21.42 44.7642628701
22.58 53.3374600227
23.74 68.4514598164
24.91 53.3065098525
26.08 34.9117920149
27.25 55.6277726194
28.43 57.2165480243
29.59 38.9249974208
30.76 53.5025275972
31.92 69.0498297741
33.09 50.0051583617
34.26 32.7349633756
35.42 17.4043123904
36.58 29.8462808212
37.76 52.5843392139
38.92 68.5855772207
40.08 78.6546992675
41.29 56.8657794285
42.46 34.6229237594
43.62 53.9358299804
44.79 61.0131022387
45.96 41.8549468689
47.11 50.8511296812
48.28 66.1714639431
49.45 51.1399979367
50.62 32.2810275457
51.79 54.8230681935
52.95 55.7825234705
54.11 38.7289796761
55.28 50.8304962344
56.45 67.1928195605
57.62 51.1399979367
58.79 31.7548746518
59.95 54.0493139379
61.12 52.8216238523
62.29 35.6958629939
63.45 49.8297740638
64.61 65.1501083256
65.78 46.4974724028
66.94 34.6022903126
68.11 55.4730217683
69.27 51.4598163623
70.44 35.0149592489
71.61 20.6024966471
72.78 11.8539151965
73.95 39.4511503147
75.11 59.960796451
76.28 73.8264727123
77.49 67.3475704116
78.66 45.5380171258
79.82 26.8956979263
80.99 13.4530073249
82.14 38.7083462292
83.31 59.5893944083
84.48 41.1430929537
85.65 46.3633549985
86.82 61.8693902816
87.98 72.7122665841
89.19 80.7180439492
90.4 54.8024347467
91.57 49.0663365315
92.74 64.252553389
93.9 53.2755596822
95.07 34.891158568
96.24 52.5224388734
97.41 67.533271433
98.58 46.6625399773
99.74 48.0862478077
100.91 63.7676673888
102.08 50.9646136387
103.24 33.7356855463
104.4 17.899515114
105.57 10.50242443
106.74 40.3280718044
107.9 61.4257711751
109.06 74.5589600743
110.27 63.0764469205
111.44 40.3074383576
112.6 55.7412565769
113.76 70.1743526256
114.92 48.498916744
116.08 42.8144021459
117.24 60.0949138554
118.41 52.233570618
119.58 35.3966780151
120.74 52.2645207882
121.91 67.3991540287
123.08 46.074486743
124.25 46.7657072114
125.42 61.5598885794
126.58 50.3765604044
127.76 33.9626534613
128.92 52.5740224905
130.09 66.5222325389
131.26 44.609512019
132.43 26.9472815434
133.59 14.5053131126
134.75 36.6553182709
135.92 56.4943773857
137.09 40.6272567832
138.26 37.3362220159
139.42 55.8134736408
140.58 49.5718559785
141.74 32.5183121841
142.92 16.7749922625
144.08 7.35582379036
145.26 37.7282575054
146.43 58.0625193439
147.59 70.8139894769
148.76 79.2530692252
149.96 83.9884452698
151.15 87.3929639946
152.36 90.1165789745
153.57 92.0045393583
154.78 92.4275250181
155.98 92.6338594862
157.19 92.2315072733
158.39 94.0885174868
159.59 92.9536779119
160.79 94.4496028061
161.99 94.6765707211
163.19 95.3162075725
164.4 95.1098731043
165.6 95.0170225936
166.81 95.9971113174
168.01 96.9978334881
169.2 97.5033529351
170.41 96.7295986795
171.62 96.8533993604
172.82 96.9152997008
174.02 96.946249871
175.22 96.9565665944
176.42 97.4827194883
177.62 97.7509542969
178.82 97.3589188074
180.03 97.173217786
181.22 97.0700505519
182.43 97.0287836583
183.62 96.9978334881
184.82 96.9875167647
186.03 99.0508614464
187.22 98.0088723821
