0.0 100.0
1.22 99.0897003171
2.42 99.151068835
3.62 98.6703487777
4.82 99.4579114248
6.02 98.8237700726
7.24 98.5066993965
8.45 99.3658586478
9.66 99.8056663598
10.86 99.5090518564
12.06 98.8442262453
13.27 73.9695203028
14.47 49.7698680577
15.63 65.2858750128
16.8 68.4463536872
17.96 47.5196890662
19.13 56.4897207732
20.3 70.6863045924
21.47 54.2702260407
22.63 35.8289863966
23.79 56.7761071903
24.95 58.054617981
26.12 40.278203948
27.29 51.8461695817
28.46 67.3417203641
29.63 51.5700112509
30.79 32.944666053
31.95 54.8327707886
33.12 52.9814871638
34.29 36.7188299069
35.44 21.9392451672
36.61 12.5089495755
37.78 40.5134499335
38.94 60.1513756776
40.11 72.5171320446
41.31 61.3173775187
42.47 39.3576761788
43.63 49.340288432
44.8 64.5596808837
45.97 48.6447785619
47.13 31.4820497085
48.3 53.5849442569
49.47 56.4488084279
50.63 38.4576045822
51.79 49.40165695
52.95 66.1245780914
54.11 49.9335174389
55.28 31.1036105145
56.45 52.3780300706
57.62 53.2883297535
58.78 35.338038253
59.94 49.8926050936
61.11 66.3700521632
62.27 49.0334458423
63.43 32.1877876649
64.6 54.4543315946
65.77 50.7517643449
66.93 34.581159865
68.1 51.038150762
69.26 65.9200163649
70.43 46.2616344482
71.61 28.2397463435
72.78 14.6363915311
73.95 32.3718932188
75.11 54.0349800552
76.28 68.4361256009
77.45 77.6925437251
78.65 56.2340186151
79.82 35.2766697351
80.98 20.1902424056
82.15 29.0170809042
83.32 51.3347652654
84.48 42.5386110259
85.65 27.4112713511
86.81 48.4811291807
87.97 65.6643142068
89.13 75.7901196686
90.33 63.4652756469
91.49 42.4670144216
92.66 54.4747877672
93.83 69.1725478163
94.99 49.4221131226
96.16 44.1444205789
97.34 60.4275340084
98.5 51.6927482868
99.67 33.5174388872
100.83 50.5062902731
101.99 66.1654904367
103.16 45.3615628516
104.33 27.7897105452
105.5 15.9455865808
106.67 34.5607036923
107.83 55.129385292
108.99 68.9884422625
110.16 77.9584739695
111.36 54.3213664723
112.53 39.4395008694
113.7 58.5864784699
114.87 52.8178377826
116.03 35.1027922676
117.21 51.3040810064
118.38 66.5643858034
119.54 46.067300808
120.7 42.4670144216
121.87 59.0774266135
123.03 50.5062902731
124.2 34.4584228291
125.37 50.976782244
126.53 67.4235450547
127.7 46.4968804337
128.87 46.7730387644
130.03 61.2355528281
131.2 49.5346220722
132.37 31.9320855068
133.53 18.5230643347
134.7 8.23360949166
135.86 37.8746036617
137.02 41.945382019
138.19 29.1602741127
139.35 45.2592819883
140.52 61.5014830725
141.69 44.0421397157
142.85 27.1351130204
144.02 14.0840748696
145.18 28.5159046742
146.35 50.567658791
147.52 65.6847703795
148.68 74.7775391224
149.89 81.8860591183
151.1 84.9238007569
152.3 87.9717704817
153.5 89.5059834305
154.71 91.2856704511
155.92 91.6743377314
157.12 91.8584432853
158.33 92.983532781
159.54 93.0244451263
160.74 94.0779380178
161.94 94.0881661041
163.15 94.0881661041
164.35 94.0983941904
165.54 94.6097985067
166.74 94.8655006648
167.95 95.499642017
169.16 95.3155364631
170.36 95.7246599161
171.56 95.939449729
172.76 96.0417305922
173.96 96.0928710238
175.17 96.1133271965
176.37 96.1337833691
177.57 96.1337833691
178.77 96.1440114555
179.95 96.1440114555
181.15 96.1440114555
182.35 96.6554157717
183.55 96.3997136136
184.76 96.7781528076
185.96 96.4610821315
187.17 96.3076608367
