7091.84 4.38
7092.92 5.19
7094.01 2.60
7095.09 1.30
7096.16 0.65
7097.25 3.32
7098.33 1.66
7099.42 0.83
7101.59 2.21
7102.68 2.10
7103.76 2.55
7104.85 1.78
7105.94 1.39
7107.03 2.19
7108.12 2.60
7109.20 4.30
7110.28 2.15
7111.37 1.07
7112.45 4.04
7113.54 2.02
7114.62 4.01
7115.70 4.50
7116.79 5.75
7117.87 6.38
7118.95 6.69
7120.04 5.84
7121.12 6.42
7122.21 5.21
7123.31 5.11
7124.40 4.55
7125.48 4.28
7126.57 5.64
7127.66 4.82
7128.74 4.91
7129.84 4.45
7130.92 4.23
7132.01 5.61
7133.10 4.81
7134.18 5.90
7135.26 5.95
7136.34 5.48
7137.43 4.74
7138.51 5.87
7139.60 6.43
7140.69 5.22
7141.78 4.61
7142.86 5.80
7143.94 5.90
7145.03 4.95
7146.10 4.98
7147.19 6.49
7148.28 6.74
7149.37 5.37
7150.46 5.69
7151.55 4.84
7152.64 5.42
7153.72 6.21
7154.81 6.61
7155.90 8.30
7156.99 6.15
7158.08 5.58
7159.16 6.79
7160.25 8.39
7161.33 7.20
7162.42 7.60
7163.51 7.30
7164.60 7.15
7165.68 7.57
7166.77 8.79
7167.86 6.39
7168.94 6.70
7170.03 5.35
7171.11 6.17
7172.20 8.09
7173.28 6.04
7174.36 7.52
7175.45 5.76
7176.54 8.38
7177.62 8.19
7178.72 6.60
7179.80 5.30
7180.88 8.15
7181.97 6.07
7183.05 5.04
7184.13 4.52
7185.22 6.26
7186.31 6.63
7187.41 7.31
7188.50 7.66
7189.59 6.33
7190.68 8.66
7191.76 7.83
7192.85 8.42
7193.94 8.21
7195.03 8.10
7196.12 8.05
7197.20 8.53
7198.29 8.26
7199.38 7.63
7200.46 7.82
7201.56 5.91
7202.64 8.45
7203.73 7.73
7204.82 9.36
7205.91 7.68
7206.99 7.34
7208.07 7.67
7209.15 8.84
7210.25 8.42
7211.33 9.21
7212.42 10.10
7213.54 9.05
7214.63 8.53
7215.72 6.76
7216.80 6.88
7217.88 8.94
7218.97 8.97
7220.06 6.99
7221.15 8.99
7222.24 8.00
