0.0 6.02294455067
1.1 33.7476099426
2.19 47.5143403442
3.28 25.8126195029
4.36 10.1338432122
5.46 16.6347992352
6.53 5.54493307839
7.62 0.0
9.8 34.034416826
10.88 38.1453154876
11.96 40.2485659656
13.06 36.4244741874
14.14 25.0478011472
15.23 9.75143403442
16.31 35.5640535373
17.4 24.569789675
18.48 9.46462715105
19.56 11.5678776291
20.66 22.0841300191
21.73 27.4378585086
22.82 10.8986615679
23.9 17.017208413
24.99 29.6367112811
26.08 45.5066921606
27.16 19.9808795411
28.24 7.26577437859
29.34 29.5411089866
30.42 21.5105162524
31.51 55.8317399618
32.6 44.2638623327
33.68 62.3326959847
34.76 71.4149139579
35.85 56.8833652008
36.94 63.862332696
38.03 53.0592734226
39.12 71.6061185468
40.21 56.8833652008
41.29 59.1778202677
42.38 60.2294455067
43.46 75.1434034417
44.55 53.9196940727
45.64 62.4282982792
46.73 81.0707456979
47.81 85.5640535373
48.9 63.862332696
49.99 81.7399617591
51.09 71.6061185468
52.17 71.223709369
53.25 80.6883365201
54.34 61.4722753346
55.43 66.1567877629
56.51 82.8871892925
57.6 81.7399617591
58.69 66.7304015296
59.78 73.6137667304
60.86 62.7151051625
61.95 76.3862332696
63.04 59.3690248566
64.12 79.4455066922
65.21 80.0191204589
66.3 70.6500956023
67.39 66.0611854685
68.48 82.7915869981
69.57 72.0841300191
70.65 76.2906309751
71.73 92.7342256214
72.86 67.4952198853
73.95 83.5564053537
75.04 62.9063097514
76.12 66.9216061185
77.21 59.3690248566
78.29 74.7609942639
79.38 63.2887189293
80.46 81.4531548757
81.54 80.9751434034
82.63 80.6883365201
83.71 85.3728489484
84.8 87.7629063098
85.88 88.9101338432
86.96 84.7036328872
88.06 73.0401529637
89.15 86.3288718929
90.24 92.9254302103
91.36 72.3709369025
92.45 57.361376673
93.53 64.1491395793
94.62 62.7151051625
95.7 66.8260038241
96.8 54.5889101338
97.89 72.275334608
98.98 66.8260038241
100.06 92.8298279159
101.19 72.275334608
102.28 85.9464627151
103.36 88.0497131931
104.45 79.4455066922
105.54 70.4588910134
106.63 56.309751434
107.71 54.1108986616
108.8 72.0841300191
109.88 66.7304015296
110.96 64.0535372849
112.04 77.0554493308
113.14 64.4359464627
114.23 62.9063097514
115.32 57.361376673
116.4 59.3690248566
117.49 65.1051625239
118.58 53.7284894837
119.65 76.673040153
120.74 69.0248565966
121.82 69.9808795411
122.89 75.2390057361
123.98 77.8202676864
125.06 83.9388145315
126.15 96.5583173996
127.28 83.7476099426
128.37 72.5621414914
129.45 81.3575525813
130.54 100.0
