0.0 33.8693467337
1.08 47.4371859296
2.16 18.9949748744
3.25 19.8994974874
4.33 25.4271356784
5.41 28.1407035176
6.5 9.34673366834
7.58 0.0
9.74 15.5778894472
10.83 23.216080402
11.92 37.0854271357
13.0 49.0452261307
14.09 55.0753768844
15.18 37.8894472362
16.27 24.3216080402
17.36 27.6381909548
18.44 9.14572864322
19.54 14.9748743719
20.62 22.9145728643
21.72 41.9095477387
22.8 21.3065326633
23.88 21.1055276382
24.97 30.9547738693
26.05 35.9798994975
27.14 43.4170854271
28.23 17.0854271357
29.31 38.9949748744
30.4 24.9246231156
31.5 22.8140703518
32.58 41.9095477387
33.67 36.3819095477
34.76 28.6432160804
35.84 9.64824120603
36.93 20.2010050251
38.02 35.5778894472
39.1 13.1658291457
40.18 22.0100502513
41.27 21.4070351759
42.35 41.2060301508
43.44 25.9296482412
44.53 23.4170854271
45.61 27.135678392
46.7 44.0201005025
47.79 52.5628140704
48.89 41.7085427136
49.98 36.2814070352
51.06 48.6432160804
52.14 19.5979899497
53.23 25.2261306533
54.31 28.040201005
55.4 19.3969849246
56.48 5.02512562814
57.58 17.9899497487
58.66 39.4974874372
59.74 20.1005025126
60.83 40.5025125628
61.92 50.7537688442
63.01 35.7788944724
64.09 48.4422110553
65.18 39.5979899497
66.27 35.2763819095
67.36 48.1407035176
68.45 54.5728643216
69.54 42.7135678392
70.63 36.783919598
71.72 13.6683417085
72.81 37.3869346734
73.9 34.0703517588
74.98 47.5376884422
76.06 44.2211055276
77.14 52.6633165829
78.24 76.8844221106
79.32 68.9447236181
80.4 70.0502512563
81.49 65.527638191
82.57 68.2412060302
83.66 74.6733668342
84.75 72.864321608
85.84 71.959798995
86.92 71.5577889447
88.01 71.256281407
89.09 76.1809045226
90.18 73.6683417085
91.28 72.3618090452
92.38 86.7336683417
93.46 83.9195979899
94.54 82.5125628141
95.63 81.8090452261
96.72 91.5577889447
97.84 96.3819095477
98.97 98.7939698492
100.1 100.0
101.23 80.5025125628
102.31 90.8542713568
103.4 85.9296482412
104.48 93.567839196
105.61 82.3115577889
106.71 86.7336683417
107.79 78.8944723618
108.87 74.9748743719
109.96 88.1407035176
111.04 79.5979899497
112.12 75.2763819095
113.2 73.1658291457
114.3 72.1608040201
115.39 86.6331658291
116.48 78.8944723618
117.56 80.0
118.64 90.5527638191
119.73 95.8793969849
120.86 93.567839196
121.98 87.3366834171
123.07 79.1959798995
124.16 70.0502512563
125.24 85.6281407035
126.32 78.391959799
127.42 69.648241206
128.5 75.3768844221
129.59 88.3417085427
130.68 94.7738693467
