0.0 7.40740740741
1.12 3.38624338624
2.24 1.48148148148
3.35 0.42328042328
4.46 0.0
5.58 10.2645502646
6.7 4.86772486772
7.83 7.51322751323
10.07 27.9365079365
11.2 13.6507936508
12.33 17.1428571429
13.45 13.6507936508
14.57 17.1428571429
15.71 34.708994709
16.83 22.4338624339
17.96 10.8994708995
19.08 15.7671957672
20.21 23.4920634921
21.33 37.9894179894
22.47 34.6031746032
23.59 22.328042328
24.73 47.9365079365
25.85 34.2857142857
26.98 22.1164021164
28.1 31.9576719577
29.22 36.9312169312
30.35 23.4920634921
31.48 27.3015873016
32.61 39.8941798942
33.74 40.8465608466
34.87 35.9788359788
35.99 44.2328042328
37.12 48.253968254
38.25 34.4973544974
39.38 32.8042328042
40.51 42.6455026455
41.62 47.5132275132
42.75 28.7830687831
43.88 35.2380952381
45.01 38.5185185185
46.14 34.9206349206
47.27 22.4338624339
48.39 32.1693121693
49.51 36.9312169312
50.64 39.3650793651
51.77 40.6349206349
52.9 46.455026455
54.03 44.126984127
55.15 37.671957672
56.28 50.3703703704
57.41 56.6137566138
58.53 43.9153439153
59.65 37.5661375661
60.77 44.9735449735
61.89 48.6772486772
63.02 40.0
64.15 30.2645502646
65.27 41.3756613757
66.39 46.8783068783
67.52 33.7566137566
68.65 37.7777777778
69.78 45.0793650794
70.91 38.0952380952
72.03 34.708994709
73.16 43.4920634921
74.3 42.6455026455
75.41 36.9312169312
76.54 44.6560846561
77.66 48.5714285714
78.79 39.8941798942
79.92 35.5555555556
81.05 43.9153439153
82.17 42.8571428571
83.3 37.037037037
84.41 39.4708994709
85.54 51.2169312169
86.67 46.455026455
87.79 38.835978836
88.92 45.6084656085
90.05 54.2857142857
91.18 42.7513227513
92.31 37.037037037
93.43 55.2380952381
94.55 59.1534391534
95.68 66.3492063492
96.81 69.9470899471
97.93 71.746031746
99.05 77.8835978836
100.19 70.4761904762
101.32 82.5396825397
102.44 83.3862433862
103.57 83.7037037037
104.7 78.6243386243
105.82 81.3756613757
106.95 82.7513227513
108.08 83.4920634921
109.21 83.8095238095
110.34 78.6243386243
111.46 86.6666666667
112.59 85.3968253968
113.72 84.7619047619
114.84 84.4444444444
115.97 84.3386243386
117.09 89.5238095238
118.22 92.0634920635
119.35 88.1481481481
120.48 86.1375661376
121.61 90.3703703704
122.73 92.5925925926
123.85 93.6507936508
124.97 94.1798941799
126.09 94.3915343915
127.22 94.6031746032
128.35 94.6031746032
129.48 94.708994709
130.6 94.708994709
131.72 100.0
132.84 97.3544973545
133.97 95.9788359788
135.09 95.3439153439
