0.0 39.4708994709
1.08 48.0423280423
2.17 20.6349206349
3.25 6.87830687831
4.32 0.0
5.41 28.253968254
6.49 10.6878306878
7.58 1.90476190476
9.75 16.5079365079
10.84 15.3439153439
11.92 20.1058201058
13.01 11.9576719577
14.1 7.83068783069
15.19 16.2962962963
16.28 20.6349206349
17.36 38.6243386243
18.44 15.873015873
19.53 4.44444444444
20.61 35.873015873
21.7 14.4973544974
22.78 35.5555555556
23.86 40.7407407407
24.95 53.9682539683
26.03 60.6349206349
27.11 63.9153439153
28.2 54.9206349206
29.28 61.0582010582
30.37 48.253968254
31.47 47.1957671958
32.56 41.2698412698
33.64 38.4126984127
34.73 52.8042328042
35.82 44.126984127
36.9 45.0793650794
38.0 40.2116402116
39.08 37.8835978836
40.17 52.4867724868
41.26 44.0211640212
42.34 55.5555555556
43.42 56.0846560847
44.5 51.1111111111
45.59 43.2804232804
46.67 55.2380952381
47.76 61.164021164
48.85 48.3597883598
49.94 41.9047619048
51.02 54.4973544974
52.1 55.5555555556
53.19 45.5026455026
54.26 45.8201058201
55.35 61.7989417989
56.44 64.4444444444
57.53 49.9470899471
58.62 53.3333333333
59.71 44.3386243386
60.8 50.4761904762
61.88 58.835978836
62.97 63.0687830688
64.06 80.9523809524
65.15 58.2010582011
66.24 52.1693121693
67.32 64.9735449735
68.41 81.9047619048
69.49 69.3121693122
70.58 73.544973545
71.67 70.3703703704
72.76 68.7830687831
73.84 73.2275132275
74.93 86.1375661376
76.02 60.7407407407
77.1 64.0211640212
78.19 49.7354497354
79.27 58.4126984127
80.36 78.7301587302
81.44 57.037037037
82.52 72.6984126984
83.61 54.0740740741
84.7 81.7989417989
85.78 79.7883597884
86.88 62.962962963
87.96 49.2063492063
89.04 79.3650793651
90.13 57.3544973545
91.21 46.455026455
92.29 40.9523809524
93.38 59.3650793651
94.47 63.2804232804
95.57 70.4761904762
96.66 74.1798941799
97.75 60.1058201058
98.84 84.7619047619
99.92 75.9788359788
101.01 82.2222222222
102.1 80.0
103.19 78.835978836
104.28 78.3068783069
105.36 83.3862433862
106.45 80.5291005291
107.54 73.8624338624
108.62 75.873015873
109.72 55.6613756614
110.8 82.5396825397
111.89 74.9206349206
112.98 92.1693121693
114.07 74.3915343915
115.15 70.7936507937
116.23 74.2857142857
117.31 86.6666666667
118.41 82.2222222222
119.49 90.582010582
120.58 100.0
121.7 88.8888888889
122.79 83.3862433862
123.88 64.6560846561
124.96 65.9259259259
126.04 87.7248677249
127.13 88.0423280423
128.22 67.0899470899
129.31 88.253968254
130.4 77.7777777778
