0.0 23.5071090047
1.12 37.345971564
2.24 15.8293838863
3.37 38.1990521327
4.5 21.0426540284
5.62 7.67772511848
6.75 5.68720379147
7.87 0.0
10.1 26.5402843602
11.22 24.644549763
12.35 42.654028436
13.47 51.6587677725
14.59 37.2511848341
15.72 48.9099526066
16.85 50.0473933649
17.98 45.8767772512
19.1 39.0521327014
20.22 49.8578199052
21.35 55.2606635071
22.48 43.7914691943
23.61 19.0521327014
24.74 25.5924170616
25.86 28.9099526066
26.98 25.8767772512
28.11 43.2227488152
29.24 51.9431279621
30.36 56.3033175355
31.48 39.5260663507
32.6 50.1421800948
33.74 41.1374407583
34.86 36.682464455
35.98 34.5023696682
37.11 33.36492891
38.23 42.2748815166
39.35 32.5118483412
40.47 32.3222748815
41.6 13.36492891
42.72 8.5308056872
43.84 34.5971563981
44.96 52.4170616114
46.1 37.5355450237
47.22 25.4028436019
48.35 28.8151658768
49.48 30.5213270142
50.6 31.3744075829
51.73 31.8483412322
52.87 32.0379146919
53.99 27.3933649289
55.12 43.981042654
56.24 38.1042654028
57.36 49.3838862559
58.48 50.3317535545
59.62 36.4928909953
60.74 48.6255924171
61.87 40.3791469194
63.0 26.8246445498
64.13 20.0947867299
65.25 26.1611374408
66.38 29.1943127962
67.51 11.7535545024
68.63 21.990521327
69.76 27.1090047393
70.88 29.6682464455
72.0 11.9431279621
73.13 36.3033175355
74.25 34.3127962085
75.37 38.009478673
76.5 30.3317535545
77.62 45.4976303318
78.74 38.8625592417
79.86 16.5876777251
80.98 33.9336492891
82.11 47.2985781991
83.23 44.4549763033
84.36 57.345971564
85.48 68.4360189573
86.62 55.0710900474
87.74 57.9146919431
88.87 63.981042654
90.0 67.1090047393
91.13 54.4075829384
92.25 57.5355450237
93.38 59.0521327014
94.51 64.644549763
95.64 67.3933649289
96.76 78.1990521327
97.88 83.6966824645
99.01 76.8720379147
100.14 73.5545023697
101.26 86.0663507109
102.38 92.3222748815
103.55 85.971563981
104.68 92.2274881517
105.84 81.2322274882
106.97 85.1184834123
108.1 91.8483412322
109.26 100.0
110.42 85.0236966825
111.55 77.6303317536
112.68 73.8388625592
113.8 76.7772511848
114.92 73.4597156398
116.05 85.971563981
117.18 92.3222748815
118.36 95.4502369668
119.52 87.4881516588
120.64 93.0805687204
121.81 81.6113744076
122.94 75.8293838863
124.06 91.9431279621
125.22 81.0426540284
126.35 89.8578199052
127.51 80.0
128.64 75.0710900474
129.76 86.8246445498
130.88 78.4834123223
132.01 79.0521327014
133.14 79.336492891
134.26 88.9099526066
135.38 89.0047393365
