0.0 0.0
1.11 0.0
2.2 0.0
3.31 0.0
4.4 0.0
5.51 0.0
6.6 5.37634408602
7.71 2.68817204301
9.96 22.1505376344
11.08 16.4516129032
12.21 13.6559139785
13.33 22.9032258065
14.46 27.6344086022
15.59 19.1397849462
16.72 25.6989247312
17.84 34.4086021505
18.97 27.9569892473
20.09 19.3548387097
21.21 20.4301075269
22.33 31.7204301075
23.45 26.5591397849
24.58 29.4623655914
25.71 36.2365591398
26.83 39.5698924731
27.97 30.5376344086
29.09 36.7741935484
30.22 39.8924731183
31.35 30.752688172
32.47 31.5053763441
33.6 31.8279569892
34.73 37.4193548387
35.86 29.4623655914
36.99 36.2365591398
38.12 45.0537634409
39.25 38.6021505376
40.37 35.4838709677
41.49 39.247311828
42.62 51.8279569892
43.74 36.6666666667
44.87 39.8924731183
45.99 41.3978494624
47.13 36.8817204301
48.25 34.5161290323
49.38 38.8172043011
50.51 51.6129032258
51.62 47.311827957
52.74 39.7849462366
53.87 46.7741935484
54.99 50.3225806452
56.13 35.9139784946
57.25 34.0860215054
58.38 49.247311828
59.51 40.752688172
60.63 31.1827956989
61.75 37.0967741935
62.88 45.376344086
64.01 33.4408602151
65.13 32.9032258065
66.26 43.3333333333
67.39 43.1182795699
68.51 43.1182795699
69.63 43.0107526882
70.74 53.7634408602
71.86 48.3870967742
72.98 34.9462365591
74.11 49.7849462366
75.24 57.0967741935
76.37 44.7311827957
77.49 38.4946236559
78.62 40.752688172
79.74 52.5806451613
80.87 42.4731182796
81.99 42.688172043
83.13 59.0322580645
84.25 50.9677419355
85.38 36.2365591398
86.51 39.6774193548
87.63 52.0430107527
88.75 42.1505376344
89.87 42.5806451613
91.01 53.5483870968
92.12 53.6559139785
93.25 43.0107526882
94.37 43.0107526882
95.49 48.3870967742
96.61 45.6989247312
97.73 38.9247311828
98.86 40.9677419355
99.99 52.7956989247
101.12 58.6021505376
102.24 72.3655913978
103.37 79.1397849462
104.5 77.2043010753
105.63 76.2365591398
106.75 81.1827956989
107.87 83.5483870968
109.0 84.8387096774
110.13 85.376344086
111.26 85.6989247312
112.39 80.5376344086
113.51 83.2258064516
114.65 90.0
115.75 88.064516129
116.88 86.9892473118
118.0 91.935483871
119.13 99.6774193548
120.26 92.9032258065
121.39 94.8387096774
122.51 90.4301075269
123.65 88.1720430108
124.75 92.4731182796
125.87 94.623655914
126.99 90.3225806452
128.11 88.1720430108
129.23 92.4731182796
130.35 100.0
131.47 98.3870967742
132.6 97.6344086022
133.73 97.2043010753
134.85 91.6129032258
