22036.15 83.47
22037.32 83.24
22038.49 83.12
22039.66 83.06
22040.83 83.03
22041.99 83.01
22043.15 84.01
22044.32 84.50
22045.48 83.75
22046.65 83.38
22047.83 83.19
22048.99 83.59
22050.15 84.80
22051.31 83.40
22052.48 82.20
22053.64 82.10
22054.80 82.55
22055.97 82.77
22057.14 83.39
22058.31 83.69
22059.47 82.85
22060.64 82.42
22061.81 84.71
22062.99 83.36
22064.15 83.68
22065.32 82.84
22066.49 82.92
22067.66 83.46
22068.83 84.73
22070.00 83.36
22071.15 84.68
22072.33 83.84
22073.50 82.92
22074.66 82.96
22075.83 84.98
22077.00 83.99
22078.15 83.00
22079.31 84.00
22080.47 84.00
22081.62 85.00
22082.78 83.50
22083.94 82.75
22085.10 84.37
22086.26 85.19
22087.43 85.09
22088.59 85.55
22089.76 85.77
22090.93 83.89
22092.10 82.44
22093.26 83.72
22094.42 83.36
22095.59 82.68
22096.76 82.34
22097.93 83.17
22099.10 83.09
22100.26 83.54
22101.42 82.27
22102.59 82.64
22103.76 82.32
22104.93 82.16
22106.10 82.58
22107.26 83.29
22108.43 85.14
22109.60 84.07
22110.75 85.54
22111.92 83.77
22113.09 82.88
22114.25 83.44
22115.42 83.22
22116.58 83.61
22117.75 84.31
22118.92 83.15
22120.09 82.58
22121.25 83.29
22122.42 84.14
22123.58 83.07
22124.75 83.54
22125.91 82.77
22127.08 82.88
22128.24 84.44
22129.41 82.72
22130.58 83.36
22131.75 83.68
22132.91 84.34
22134.07 84.17
22135.23 83.59
22136.40 82.29
22137.56 82.15
22138.73 84.57
22139.91 84.29
22141.07 83.64
22142.23 82.82
22143.40 82.91
22144.56 81.96
22145.73 82.48
22146.90 82.74
22148.06 82.87
22149.22 83.43
22150.39 85.22
22151.55 85.61
22152.72 86.80
22153.88 89.40
22155.04 90.70
22156.19 94.35
22157.36 95.18
22158.53 95.59
22159.70 96.29
22160.86 95.65
22162.02 95.32
22163.18 94.66
22164.35 96.33
22165.52 95.67
22166.69 96.33
22167.86 97.67
22169.02 97.33
22170.18 98.17
22171.35 96.58
22172.52 95.29
22173.70 95.65
22174.86 97.32
22176.02 96.66
22177.18 97.83
22178.35 96.42
22179.52 96.71
22180.69 96.35
22181.86 97.18
22183.03 98.09
22184.18 97.54
22185.35 98.77
22186.52 98.89
22187.69 97.44
22188.86 96.22
22190.02 95.61
22191.18 97.31
22192.35 98.15
22193.52 96.58
22194.69 98.29
22195.86 96.64
22197.02 95.82
22198.18 95.41
22199.35 96.21
22200.52 95.60
22201.68 95.80
22202.84 95.90
22204.00 97.45
22205.15 98.23
22206.32 98.61
22207.50 98.81
22208.66 98.90
22209.83 96.95
22210.99 95.98
22212.16 96.49
22213.33 96.24
22214.50 97.62
22215.66 98.81
22216.84 97.41
22218.01 98.20
22219.17 96.60
22220.33 95.80
22221.49 97.40
22222.65 98.20
22223.82 98.10
22224.99 97.55
22226.15 96.78
22227.33 96.39
22228.50 97.69
22229.66 96.35
22230.83 95.67
22232.00 95.34
22233.16 95.67
22234.33 95.83
22235.50 95.92
22236.66 95.46
22237.83 95.23
22239.00 95.61
22240.16 97.31
22241.33 96.65
22242.50 96.83
22243.66 97.91
22244.84 96.96
22246.00 97.98
22247.15 97.49
22248.32 98.24
22249.49 98.62
22250.66 97.31
22251.84 96.66
22253.00 96.83
22254.15 96.41
22255.32 95.71
22256.49 95.85
22257.66 97.43
22258.84 96.71
22260.00 97.86
22261.15 97.43
22262.32 98.21
22263.49 96.61
22264.66 95.80
22265.83 96.40
22266.99 97.70
22268.15 98.35
22269.32 98.68
22270.49 97.84
22271.66 96.92
22272.83 95.96
22274.00 96.48
22275.15 96.24
22276.32 97.62
22277.49 97.31
22278.66 96.65
22279.83 96.83
22281.00 97.91
22282.15 98.46
22283.32 98.73
22284.49 98.86
22285.66 97.43
22286.83 98.22
22288.00 96.61
22289.16 95.80
22290.32 97.40
22291.48 96.70
22292.64 97.35
22293.82 96.68
22294.99 96.84
22296.15 95.92
22297.32 95.46
22298.49 95.23
22299.66 97.11
22300.83 96.56
22302.00 95.78
22303.15 95.89
22304.32 95.94
22305.49 95.47
22306.66 96.74
22307.84 96.87
22309.00 96.43
22310.15 96.22
22311.32 97.61
22312.49 98.30
22313.65 97.15
22314.83 96.58
22316.00 96.29
22317.15 95.64
22318.32 96.32
22319.49 97.66
22320.66 97.33
22321.83 96.17
22323.00 97.08
22324.15 96.04
22325.31 96.02
22326.48 95.51
22327.65 96.26
22328.83 95.63
22329.99 96.81
22331.16 95.91
22332.33 95.45
22333.50 95.73
22334.66 98.36
22335.83 98.68
22337.00 96.84
22338.15 97.92
22339.32 98.46
22340.49 97.73
22341.66 97.37
22342.83 98.18
22344.00 99.09
22345.15 99.55
22346.32 99.27
22347.49 98.14
22348.66 98.57
22349.84 98.78
22351.00 98.89
22352.15 99.45
22353.32 95.72
22354.49 91.86
22355.66 91.43
22356.83 89.22
22358.01 87.61
22359.17 87.30
22360.34 85.65
22361.50 85.83
22362.66 84.91
22363.83 84.96
22365.00 84.48
22366.15 85.74
22367.32 86.37
22368.49 84.68
22369.66 83.34
22370.83 85.17
22372.00 84.59
22373.16 83.79
22374.33 83.90
22375.49 82.95
22376.66 83.47
22377.83 85.24
22379.00 86.12
22380.16 84.56
22381.33 84.28
22382.50 83.14
22383.66 83.07
22384.83 83.03
22385.99 82.52
22387.16 82.76
22388.33 84.38
22389.50 84.19
22390.66 83.09
22391.83 85.05
22392.99 85.52
22394.16 84.26
22395.33 85.13
22396.50 84.57
22397.66 83.28
22398.83 84.64
22400.01 85.32
22401.17 84.16
22402.34 85.58
22403.50 85.79
22404.66 83.90
22405.83 83.45
22406.99 84.22
22408.16 83.61
22409.34 82.81
22410.50 82.90
22411.66 83.45
22412.83 83.73
22414.00 83.86
22415.15 83.43
22416.32 83.72
22417.49 84.86
22418.66 83.93
22419.83 82.96
22420.99 82.98
22422.15 82.99
22423.32 83.00
22424.48 85.00
22425.63 84.50
22426.79 83.25
22427.97 83.12
22429.14 83.06
22430.30 85.03
22431.46 86.02
22432.62 86.51
22433.80 84.25
22434.97 83.13
22436.14 83.56
22437.31 84.78
22438.47 83.39
22439.64 83.20
22440.81 84.10
22441.99 83.05
22443.15 82.02
22444.31 83.51
22445.48 82.76
22446.65 83.38
22447.83 82.69
22448.99 82.84
22450.15 84.42
22451.33 85.71
22452.50 85.86
22453.66 86.43
22454.83 84.21
22456.00 82.61
22457.16 82.30
22458.32 82.65
22459.49 82.83
22460.66 83.41
22461.83 84.21
22463.00 84.10
22464.15 83.55
22465.32 85.28
22466.49 84.14
22467.66 83.07
22468.83 82.53
22469.99 82.27
22471.16 82.13
22472.33 82.57
22473.50 82.78
22474.66 82.89
22475.83 82.95
22476.99 83.97
22478.15 83.49
22479.32 84.24
22480.49 84.12
22481.66 84.06
22482.83 84.03
22483.99 83.02
22485.15 82.51
22486.32 82.75
22487.49 82.38
22488.66 83.19
22489.83 82.59
22490.99 81.80
22492.16 82.90
22493.32 82.95
22494.49 84.97
22495.66 85.99
22496.83 84.49
22497.99 83.75
22499.16 84.87
22500.33 85.44
22501.50 84.22
22502.66 84.11
22503.83 85.05
22504.99 83.53
22506.16 82.76
22507.33 84.88
22508.50 83.44
22509.66 83.22
22510.83 82.61
22511.99 82.31
22513.16 82.65
22514.33 84.83
22515.50 84.41
22516.66 83.71
22517.83 83.35
22519.00 85.18
22520.16 83.59
22521.33 83.79
22522.50 82.90
22523.66 83.95
22524.83 82.97
22525.99 82.99
22527.16 82.49
22528.33 82.25
22529.50 82.12
22530.66 83.06
22531.83 83.03
22532.99 84.52
22534.16 83.76
22535.33 82.88
22536.50 83.44
22537.66 84.72
22538.83 84.36
22539.99 82.68
22541.16 83.34
22542.34 83.67
22543.50 82.83
22544.66 82.92
22545.83 82.46
22547.00 82.73
22548.15 82.36
22549.32 82.18
22550.49 84.09
22551.65 82.55
22552.83 83.27
22553.99 85.64
22555.16 88.82
22556.33 90.91
22557.50 93.45
22558.66 94.73
22559.83 95.36
22560.99 95.68
22562.15 95.34
22563.32 95.17
22564.49 96.09
22565.65 95.54
22566.83 96.27
22567.99 97.14
22569.16 96.57
22570.33 97.78
22571.50 96.39
22572.66 97.70
22573.83 98.35
22574.99 96.67
22576.16 96.34
22577.33 97.67
22578.50 96.83
22579.66 95.92
22580.83 95.96
22581.99 95.98
22583.15 96.49
22584.33 96.24
22585.50 96.62
22586.66 95.81
22587.83 95.41
22589.00 97.20
22590.15 96.10
22591.32 97.55
22592.49 96.78
22593.66 96.89
22594.83 96.44
22596.00 95.22
22597.15 96.11
22598.32 95.56
22599.49 95.78
22600.66 96.39
22601.83 95.69
22602.99 95.85
22604.16 97.42
22605.33 96.21
22606.50 96.11
22607.66 95.55
22608.83 95.78
22610.00 95.89
22611.15 97.44
22612.32 97.22
22613.49 97.11
22614.66 96.06
22615.83 97.53
22616.99 96.76
22618.16 97.88
22619.33 97.44
22620.50 96.72
22621.66 95.86
22622.83 96.93
22623.99 97.97
22625.16 96.98
22626.33 97.99
22627.50 97.00
22628.65 98.00
22629.82 98.50
22630.98 98.75
22632.15 97.37
22633.31 97.69
22634.49 96.84
22635.65 96.42
22636.83 96.21
22637.99 96.61
22639.16 96.80
22640.32 97.90
22641.48 96.45
22642.65 96.23
22643.82 97.61
22644.99 98.31
22646.15 96.65
22647.32 97.83
22648.49 98.41
22649.66 98.71
22650.83 97.35
22651.99 96.68
22653.16 97.84
22654.33 96.92
22655.50 96.46
22656.66 97.73
22657.83 96.86
22658.99 97.93
22660.15 96.47
22661.32 96.73
22662.49 97.37
22663.66 96.68
22664.83 97.84
22665.99 98.42
22667.16 96.71
22668.33 96.36
22669.50 95.68
22670.66 95.34
22671.83 97.67
22673.00 98.33
22674.15 97.67
22675.32 98.83
22676.49 98.92
22677.66 98.96
22678.83 98.48
22679.99 97.24
22681.16 97.62
22682.33 96.31
22683.50 96.15
22684.67 95.58
22685.83 95.29
22687.00 97.14
22688.15 96.57
22689.32 97.79
22690.49 96.39
22691.66 96.70
22692.82 96.85
22693.99 97.92
22695.15 96.46
22696.32 97.73
22697.49 97.37
22698.66 97.68
22699.83 96.84
22700.99 97.92
22702.16 97.46
22703.33 97.23
22704.50 96.12
22705.66 97.56
22706.83 98.78
22708.00 97.39
22709.15 96.19
22710.32 96.10
22711.49 95.55
22712.66 96.27
22713.83 96.64
22714.99 96.82
22716.16 96.91
22717.33 97.95
22718.50 98.48
22719.66 96.74
22720.83 96.37
22721.99 96.68
22723.15 97.34
22724.32 97.67
22725.49 96.84
22726.66 97.92
22727.83 97.96
22728.99 97.48
22730.15 96.74
22731.32 96.87
22732.49 96.93
22733.66 97.97
22734.83 97.48
22736.00 98.24
22737.15 98.12
22738.32 98.56
22739.49 97.78
22740.66 96.39
22741.83 97.70
22742.99 98.35
22744.16 97.67
22745.33 96.84
22746.50 97.92
22747.66 98.46
22748.83 98.73
22749.99 96.86
22751.16 96.43
22752.33 95.72
22753.50 97.36
22754.66 94.68
22755.83 92.84
22756.99 90.42
22758.16 88.21
22759.33 87.10
22760.50 87.05
22761.66 87.03
22762.83 85.51
22763.99 84.76
22765.16 84.38
22766.33 85.69
22767.50 86.34
22768.66 86.17
22769.83 84.59
22770.99 84.29
22772.16 84.15
22773.33 83.57
22774.50 83.79
22775.66 83.89
22776.83 84.45
22778.00 83.72
22779.15 84.36
22780.32 84.18
22781.49 85.59
22782.66 86.30
22783.83 86.65
22784.99 85.32
22786.17 84.66
22787.34 84.33
22788.50 84.17
22789.66 83.58
22790.83 84.29
22792.00 84.15
22793.16 85.57
22794.33 85.79
22795.50 83.89
22796.66 83.95
22797.83 83.97
22798.99 83.49
22800.16 83.74
22801.33 83.87
22802.50 83.44
22803.66 84.72
22804.83 83.86
22805.99 82.93
22807.16 83.46
22808.33 82.73
22809.50 82.37
22810.66 82.68
22811.83 83.34
22813.00 84.17
22814.15 83.09
22815.31 84.54
22816.48 85.27
22817.65 86.14
22818.83 85.57
22819.99 84.78
22821.15 83.89
22822.32 84.45
22823.49 83.22
22824.66 82.61
22825.83 83.31
22827.01 84.65
22828.17 84.33
22829.34 84.16
22830.50 83.58
22831.66 84.29
22832.83 84.65
22834.00 84.82
22835.15 85.91
22836.32 84.46
22837.49 85.23
22838.66 84.61
22839.83 84.31
22841.00 83.15
22842.16 83.58
22843.33 83.79
22844.50 85.39
22845.66 85.20
22846.83 84.10
22847.99 85.55
22849.16 84.77
22850.33 85.89
22851.50 84.44
22852.66 83.22
22853.83 83.61
22854.99 82.81
22856.16 84.40
22857.32 84.20
22858.48 83.60
22859.64 83.80
22860.82 83.90
22861.98 83.95
22863.15 83.98
22864.31 85.49
22865.48 84.24
22866.65 83.62
22867.82 83.31
22868.99 84.16
22870.16 82.58
22871.33 83.29
22872.50 84.14
22873.66 84.07
22874.82 83.54
22875.99 85.27
22877.15 84.13
22878.33 83.07
22879.50 83.53
22880.66 83.27
22881.83 83.63
22882.99 83.82
22884.16 83.91
22885.33 84.95
22886.50 85.98
22887.66 83.99
22888.83 83.49
22889.99 82.75
22891.16 83.37
22892.33 83.69
22893.50 83.84
22894.66 83.42
22895.83 83.71
22896.99 83.86
22898.16 83.43
22899.33 83.71
22900.50 83.36
22901.66 83.68
22902.83 82.84
22904.00 82.92
22905.15 81.96
22906.32 82.48
22907.49 82.24
22908.66 83.62
22909.83 84.31
22911.00 84.15
22912.16 85.58
22913.33 84.79
22914.50 83.39
22915.66 85.20
22916.82 84.10
22917.98 83.05
22919.14 82.52
22920.31 82.26
22921.48 83.13
22922.65 83.07
22923.82 83.03
22924.98 82.02
22926.14 81.51
22927.31 82.25
22928.47 84.13
22929.64 83.56
22930.81 83.28
22931.98 82.64
22933.15 82.32
22934.31 84.16
22935.48 84.08
22936.64 84.04
22937.81 85.02
22938.97 84.01
22940.13 84.51
22941.31 85.25
22942.47 86.13
22943.64 85.06
22944.81 86.03
22945.97 86.52
22947.14 84.76
22948.31 85.38
22949.47 86.19
22950.64 84.09
22951.81 83.05
22952.98 83.02
22954.14 83.51
22955.31 87.26
22956.48 89.63
22957.65 91.81
22958.82 92.41
22959.99 95.70
22961.15 95.35
22962.32 96.68
22963.49 97.84
22964.66 97.42
22965.83 97.21
22967.00 97.10
22968.15 98.05
22969.31 97.03
22970.49 96.51
22971.66 95.76
22972.83 95.38
22973.99 95.69
22975.16 97.34
22976.33 97.17
22977.50 96.09
22978.66 95.54
22979.83 95.77
22980.99 95.89
22982.16 95.44
22983.33 96.72
22984.50 98.36
22985.66 98.68
22986.83 98.84
22987.99 98.92
22989.16 97.46
22990.33 97.23
22991.50 96.62
22992.66 97.81
22993.83 97.40
22994.99 96.70
22996.15 96.35
22997.32 95.68
22998.49 96.34
22999.66 95.67
23000.83 97.33
23001.99 96.17
23003.16 97.58
23004.33 96.29
23005.50 96.15
23006.66 97.57
23007.83 96.79
23009.00 96.89
23010.15 96.45
23011.33 97.72
23012.50 97.36
23013.66 97.18
23014.83 98.09
23015.99 97.05
23017.16 98.02
23018.32 97.01
23019.49 96.51
23020.66 95.75
23021.83 97.38
23023.00 96.69
23024.16 95.84
23025.33 95.42
23026.50 95.21
23027.66 96.11
23028.83 97.55
23030.00 97.78
23031.16 96.89
23032.33 95.94
23033.50 96.47
23034.66 96.24
23035.83 97.62
23036.99 98.31
23038.16 96.65
23039.33 97.83
23040.50 96.91
23041.66 95.96
23042.83 96.48
23043.99 97.24
23045.16 98.12
23046.33 97.06
23047.49 96.53
23048.66 96.26
23049.83 96.63
23050.99 97.82
23052.16 96.41
23053.33 97.70
23054.49 96.85
23055.66 95.93
23056.83 95.46
23057.99 95.73
23059.16 95.37
23060.33 97.18
23061.50 98.09
23062.66 97.55
23063.83 96.27
23064.99 96.14
23066.16 97.57
23067.33 97.28
23068.50 98.14
23069.66 98.57
23070.83 96.79
23071.99 95.89
23073.15 95.95
23074.32 96.47
23075.49 95.74
23076.66 95.37
23077.83 97.18
23078.99 97.09
23080.15 98.55
23081.32 96.77
23082.49 97.89
23083.66 96.94
23084.83 96.47
23085.99 96.24
23087.16 96.12
23088.33 95.56
23089.50 95.28
23090.66 95.64
23091.83 95.32
23092.99 96.16
23094.16 97.58
23095.33 96.79
23096.50 96.39
23097.66 96.70
23098.82 97.35
23099.99 96.67
23101.15 97.84
23102.32 96.92
23103.50 96.96
23104.66 96.48
23105.83 96.24
23106.99 97.62
23108.16 98.31
23109.33 98.65
23110.50 98.83
23111.66 96.91
23112.83 96.46
23114.00 97.73
23115.16 98.36
23116.33 98.68
23117.50 96.84
23118.66 96.42
23119.83 96.21
23121.00 97.11
23122.16 97.55
23123.33 98.28
23124.50 99.14
23125.66 97.07
23126.83 97.03
23127.99 98.02
23129.15 96.51
23130.32 97.75
23131.49 96.88
23132.66 96.44
23133.83 96.72
23134.99 97.86
23136.16 96.93
23137.33 96.46
23138.50 97.73
23139.66 96.87
23140.83 97.93
23141.99 96.97
23143.16 96.98
23144.33 96.99
23145.50 98.00
23146.65 97.50
23147.81 98.75
23148.98 97.37
23150.15 98.19
23151.31 96.59
23152.48 97.80
23153.64 97.40
23154.81 95.70
23155.97 92.85
23157.14 90.92
23158.31 88.96
23159.47 86.48
23160.64 86.74
23161.81 86.87
23162.98 85.44
23164.15 86.22
23165.31 86.61
23166.48 85.30
23167.64 84.65
23168.81 84.33
23169.98 84.16
23171.15 85.58
23172.31 84.79
23173.48 83.90
23174.64 83.95
23175.81 84.97
23176.98 83.49
23178.15 83.74
23179.31 85.37
23180.48 85.69
23181.65 85.34
23182.82 84.67
23183.99 84.34
23185.15 83.17
23186.32 84.08
23187.48 85.54
23188.65 84.77
23189.82 83.39
23190.99 82.69
23192.15 82.35
23193.32 84.67
23194.49 83.34
23195.66 84.17
23196.83 84.58
23197.99 85.29
23199.16 84.65
23200.33 83.82
23201.50 84.91
23202.66 84.46
23203.83 85.23
23205.00 83.61
23206.15 82.81
23207.32 83.90
23208.48 83.45
23209.65 84.23
23210.82 83.61
23211.99 83.81
23213.15 85.40
23214.31 85.20
23215.48 84.60
23216.64 84.30
23217.81 84.15
23218.98 85.58
23220.15 84.79
23221.31 83.39
23222.48 83.70
23223.64 83.85
23224.81 84.42
23225.98 85.21
23227.15 83.61
23228.32 82.80
23229.48 82.90
23230.64 82.95
23231.81 83.98
23232.98 83.99
23234.14 82.99
23235.31 82.50
23236.47 84.75
23237.64 83.87
23238.81 83.44
23239.98 83.22
23241.15 82.61
23242.31 83.80
23243.47 83.90
23244.63 83.45
23245.80 82.73
23246.97 83.36
23248.14 85.18
23249.31 83.59
23250.47 85.30
23251.63 83.65
23252.80 82.32
23253.96 83.16
23255.13 83.58
23256.30 82.79
23257.46 83.40
23258.62 83.70
23259.79 84.35
23260.96 83.17
23262.13 84.09
23263.29 83.54
23264.46 85.27
23265.62 83.64
23266.80 83.32
23267.96 85.16
23269.13 83.58
23270.30 82.79
23271.46 83.39
23272.62 82.70
23273.79 82.85
23274.96 82.42
23276.13 83.21
23277.30 85.11
23278.47 86.05
23279.62 85.03
23280.80 84.51
23281.96 84.26
23283.13 85.63
23284.30 83.31
23285.47 84.16
23286.63 84.08
23287.81 83.54
23288.98 82.77
23290.15 83.38
23291.31 83.19
23292.48 83.10
23293.64 84.55
23294.81 82.27
23295.98 82.64
23297.15 81.82
23298.32 83.91
23299.49 83.95
23300.66 84.98
23301.83 83.99
23302.99 82.99
23304.15 84.50
23305.31 83.25
23306.48 85.12
23307.65 84.06
23308.81 83.03
23309.97 83.52
23311.14 82.76
23312.31 82.88
23313.47 81.94
23314.64 81.97
23315.81 82.98
23316.98 83.99
23318.14 84.00
23319.30 83.50
23320.46 83.75
23321.62 82.37
23322.80 84.69
23323.96 83.34
23325.13 83.17
23326.30 84.09
23327.46 83.04
23328.62 83.02
23329.79 83.51
23330.96 82.76
23332.13 82.88
23333.30 82.44
23334.46 82.22
23335.62 83.11
23336.80 83.55
23337.96 84.28
23339.14 83.64
23340.31 83.82
23341.47 83.41
23342.64 83.20
23343.80 83.60
23344.95 83.30
23346.11 84.15
23347.28 84.08
23348.44 85.54
23349.61 85.77
23350.78 86.38
23351.95 84.69
23353.12 83.85
23354.29 84.92
23355.46 85.96
23356.62 88.48
23357.80 92.24
23358.96 93.62
23360.13 92.81
23361.30 93.91
23362.47 93.95
23363.63 94.48
23364.80 95.24
23365.96 95.12
23367.13 97.06
23368.29 97.53
23369.46 96.26
23370.62 96.13
23371.80 95.57
23372.96 97.28
23374.13 96.64
23375.30 96.32
23376.47 96.66
23377.63 97.33
23378.80 96.67
23379.98 97.83
23381.14 96.42
23382.31 96.71
23383.48 96.35
23384.65 95.18
23385.82 95.09
23386.98 95.54
23388.15 95.77
23389.32 97.39
23390.49 97.19
23391.66 98.10
23392.83 96.55
23393.99 96.77
23395.16 96.39
23396.33 97.69
23397.50 96.85
23398.66 96.42
23399.83 96.21
23401.00 96.11
23402.16 96.55
23403.33 96.28
23404.50 97.64
23405.66 96.82
23406.83 97.91
23407.99 96.45
23409.16 95.73
23410.33 95.86
23411.50 95.93
23412.66 96.47
23413.83 97.73
23414.99 96.87
23416.16 96.93
23417.33 96.47
23418.50 96.23
23419.66 96.62
23420.83 96.31
23422.00 98.15
23423.16 98.58
23424.33 98.79
23425.50 98.39
23426.66 98.70
23427.82 97.85
23428.99 96.42
23430.15 96.21
23431.32 97.11
23432.49 96.55
23433.66 97.78
23434.83 98.39
23435.99 99.69
23437.16 98.85
23438.34 97.92
23439.50 96.46
23440.66 97.73
23441.83 96.87
23443.00 97.93
23444.15 96.47
23445.32 95.73
23446.49 96.37
23447.66 96.68
23448.83 95.84
23449.99 95.42
23451.16 97.21
23452.33 97.11
23453.50 96.05
23454.66 96.53
23455.83 98.26
23456.99 98.63
23458.16 97.82
23459.33 97.41
23460.50 98.20
23461.66 97.10
23462.83 97.05
23463.99 96.53
23465.16 97.76
23466.33 96.88
23467.50 95.94
23468.66 97.47
23469.83 97.24
23471.00 96.62
23472.16 98.31
23473.33 97.15
23474.50 98.08
23475.66 98.04
23476.82 96.52
23477.99 97.76
23479.15 96.88
23480.33 97.94
23481.50 96.97
23482.66 96.48
23483.83 95.74
23484.99 95.37
23486.16 97.19
23487.33 96.09
23488.49 96.55
23489.66 96.27
23490.83 96.64
23492.00 96.32
23493.16 97.66
23494.33 96.33
23495.50 95.66
23496.66 96.33
23497.83 97.67
23498.99 96.83
23500.16 97.92
23501.33 97.46
23502.50 98.23
23503.66 98.61
23504.83 96.81
23506.00 95.90
23507.15 95.45
23508.32 97.23
23509.49 97.61
23510.66 97.31
23511.83 96.15
23513.00 96.58
23514.15 95.79
23515.32 97.89
23516.49 98.45
23517.66 98.72
23518.83 98.36
23519.99 98.68
23521.16 97.34
23522.33 98.17
23523.50 97.09
23524.66 98.04
23525.82 96.52
23526.99 97.76
23528.15 98.38
23529.32 99.69
23530.50 99.35
23531.66 98.67
23532.83 97.34
23534.00 96.67
23535.16 96.33
23536.33 96.17
23537.50 97.08
23538.66 98.04
23539.82 98.02
23540.98 98.51
23542.15 98.76
23543.32 97.88
23544.49 96.44
23545.66 95.72
23546.83 96.86
23547.99 96.93
23549.16 97.96
23550.33 96.98
23551.50 98.49
23552.66 98.75
23553.83 98.87
23554.99 97.94
23556.16 96.97
23557.33 93.48
23558.50 91.24
23559.66 89.12
23560.83 87.56
23561.99 87.28
23563.16 86.14
23564.33 85.57
23565.50 84.79
23566.66 84.39
23567.83 84.20
23568.99 84.10
23570.15 84.05
23571.31 83.52
23572.49 83.26
23573.66 83.13
23574.83 84.07
23575.99 84.03
23577.15 84.02
23578.32 84.01
23579.49 84.00
23580.65 83.50
23581.82 83.75
23582.99 83.88
23584.15 85.44
23585.32 83.72
23586.49 83.86
23587.66 83.43
23588.83 83.71
23589.99 84.36
23591.16 83.18
23592.33 83.59
23593.50 84.79
23594.66 84.40
23595.82 84.20
23596.98 85.10
23598.14 83.55
23599.31 85.27
23600.47 85.14
23601.64 84.57
23602.81 84.28
23603.98 84.14
23605.15 84.57
23606.31 82.79
23607.48 83.89
23608.64 85.45
23609.81 86.22
23610.98 85.61
23612.15 84.81
23613.32 83.90
23614.48 83.45
23615.65 84.73
23616.82 84.36
23617.99 85.18
23619.15 84.59
23620.32 83.30
23621.49 83.65
23622.66 83.32
23623.83 82.66
23625.00 82.83
23626.15 84.92
23627.32 83.96
23628.49 83.48
23629.66 82.74
23630.83 83.87
23632.00 84.43
23633.15 83.72
23634.32 83.86
23635.49 82.93
23636.66 82.96
23637.83 83.48
23638.99 83.74
23640.16 83.87
23641.33 85.44
23642.50 84.72
23643.66 83.36
23644.83 82.68
23646.00 83.84
23647.15 84.92
23648.32 85.96
23649.49 85.48
23650.66 83.24
23651.83 85.12
23653.00 84.56
23654.15 83.28
23655.32 83.64
23656.49 84.82
23657.66 83.91
23658.83 83.45
23659.99 83.73
23661.16 83.86
23662.33 83.43
23663.50 84.72
23664.66 85.86
23665.83 86.43
23667.00 85.21
23668.16 84.61
23669.33 83.80
23670.49 82.90
23671.65 81.95
23672.83 82.98
23673.99 84.99
23675.15 82.99
23676.32 82.50
23677.49 83.25
23678.66 83.62
23679.83 82.81
23680.99 83.41
23682.17 82.20
23683.33 83.10
23684.49 82.55
23685.66 83.28
23686.83 82.64
23687.99 84.32
23689.16 83.16
23690.33 82.58
23691.50 82.79
23692.66 82.39
23693.83 82.70
23694.99 83.35
23696.16 84.67
23697.33 83.84
23698.50 82.92
23699.66 82.96
23700.83 82.48
23701.99 83.24
23703.16 82.62
23704.33 82.81
23705.50 82.40
23706.66 82.20
23707.82 82.60
23708.98 84.80
23710.14 84.90
23711.30 85.45
23712.46 84.73
23713.62 83.36
23714.79 83.18
23715.97 83.09
23717.13 83.55
23718.30 83.27
23719.46 84.64
23720.62 83.32
23721.79 83.16
23722.96 83.58
23724.13 82.79
23725.30 82.39
23726.46 82.70
23727.62 84.85
23728.78 85.92
23729.95 86.46
23731.12 84.23
23732.29 83.12
23733.46 84.56
23734.62 83.28
23735.79 83.14
23736.96 82.57
23738.13 82.78
23739.30 84.89
23740.46 85.95
23741.62 83.97
23742.79 82.99
23743.96 84.99
23745.12 84.50
23746.29 84.25
23747.46 83.12
23748.62 83.56
23749.79 82.78
23750.96 83.39
23752.13 82.70
23753.30 82.35
23754.47 83.67
23755.63 83.34
23756.81 85.67
23757.98 88.83
23759.15 90.92
23760.31 93.96
23761.48 93.98
23762.64 96.49
23763.81 96.24
23764.99 96.12
23766.15 96.56
23767.32 95.78
23768.49 95.89
23769.66 97.45
23770.83 98.22
23771.99 97.11
23773.16 96.56
23774.34 97.78
23775.50 98.39
23776.66 97.19
23777.83 98.10
23778.99 98.55
23780.16 99.27
23781.33 98.64
23782.50 97.32
23783.66 98.16
23784.83 98.58
23786.00 96.79
23787.15 97.89
23788.32 96.45
23789.49 97.72
23790.66 97.36
23791.83 96.68
23792.99 95.84
23794.16 95.92
23795.33 97.46
23796.50 96.23
23797.66 96.62
23798.83 97.81
23800.00 98.40
23801.15 98.70
23802.31 97.35
23803.48 97.68
23804.65 96.34
23805.82 97.67
23806.99 97.33
23808.15 96.17
23809.32 96.08
23810.48 96.04
23811.64 95.52
23812.81 96.26
23813.98 96.13
23815.15 96.57
23816.32 96.78
23817.49 96.39
23818.66 97.70
23819.82 96.85
23820.99 96.42
23822.15 97.71
23823.32 98.36
23824.49 98.68
23825.66 98.84
23826.83 96.92
23827.99 96.46
23829.16 96.73
23830.33 97.86
23831.50 98.43
23832.66 96.72
23833.83 97.86
23835.00 96.43
23836.16 97.21
23837.33 96.11
23838.50 95.55
23839.66 95.28
23840.83 96.14
23842.00 97.57
23843.15 96.78
23844.32 95.89
23845.49 95.95
23846.66 96.97
23847.83 96.99
23848.99 98.49
23850.15 99.75
23851.32 99.37
23852.49 97.69
23853.66 96.34
23854.83 96.17
23855.99 96.09
23857.16 98.04
23858.32 97.02
23859.48 96.01
23860.64 97.51
23861.81 98.25
23862.98 97.13
23864.15 96.06
23865.31 96.03
23866.48 96.02
23867.64 96.51
23868.81 96.25
23869.98 96.13
23871.15 95.56
23872.31 95.28
23873.48 96.14
23874.65 97.07
23875.81 97.54
23876.98 96.77
23878.15 97.88
23879.31 97.44
23880.48 96.22
23881.65 97.61
23882.82 97.31
23883.99 96.15
23885.16 96.08
23886.32 96.04
23887.48 97.52
23888.65 98.26
23889.82 96.63
23890.99 97.31
23892.15 96.66
23893.32 95.83
23894.49 97.41
23895.66 98.21
23896.83 98.60
23897.99 96.80
23899.15 97.90
23900.31 98.45
23901.48 98.73
23902.65 97.86
23903.82 96.93
23904.99 97.97
23906.15 96.48
23907.33 96.74
23908.50 97.87
23909.66 98.44
23910.83 98.22
23912.00 99.11
23913.16 98.05
23914.32 97.03
23915.49 98.01
23916.65 97.51
23917.82 98.25
23918.99 96.63
23920.15 96.31
23921.32 97.16
23922.49 98.08
23923.65 96.54
23924.82 97.77
23925.99 98.38
23927.15 97.69
23928.32 98.35
23929.49 97.67
23930.66 98.34
23931.83 96.67
23932.99 96.33
23934.16 95.67
23935.33 95.33
23936.50 95.67
23937.66 96.83
23938.83 96.92
23940.00 95.96
23941.15 96.98
23942.32 97.99
23943.49 98.99
23944.66 99.50
23945.82 97.25
23946.99 97.12
23948.15 98.06
23949.32 97.03
23950.48 96.02
23951.65 96.01
23952.82 97.50
23953.98 96.25
23955.15 96.13
23956.32 96.06
23957.48 93.53
23958.66 91.27
23959.83 88.13
23961.00 87.57
23962.16 85.78
23963.33 84.89
23964.50 84.95
23965.66 85.97
23966.83 84.99
23967.99 85.49
23969.16 84.75
23970.33 84.37
23971.50 84.19
23972.66 84.09
23973.83 85.05
23974.99 86.02
23976.15 85.01
23977.32 84.51
23978.49 84.25
23979.66 85.63
23980.83 85.31
23982.00 84.66
23983.16 84.33
23984.33 83.16
23985.50 82.58
23986.66 84.29
23987.83 83.15
23989.00 84.57
23990.15 83.79
23991.32 82.89
23992.49 83.45
23993.66 83.72
23994.83 83.86
23995.99 84.43
23997.16 84.22
23998.34 84.11
23999.51 84.05
24000.67 83.03
24001.83 82.51
24003.00 83.26
24004.15 82.63
24005.32 83.81
24006.49 83.91
24007.66 83.95
24008.83 83.98
24009.99 85.49
24011.15 84.24
24012.32 83.12
24013.49 85.06
24014.65 84.53
24015.82 84.27
24016.99 83.63
24018.15 84.82
24019.32 84.91
24020.49 85.95
24021.66 84.48
24022.83 84.24
24023.99 84.12
24025.16 85.56
24026.33 84.28
24027.50 85.64
24028.66 86.32
24029.83 84.66
24030.99 85.33
24032.16 85.66
24033.33 83.83
24034.50 85.42
24035.66 83.71
24036.83 83.85
24038.00 83.93
24039.15 83.96
24040.32 83.48
24041.49 82.74
24042.66 82.37
24043.83 84.69
24044.99 85.84
24046.15 84.42
24047.32 83.71
24048.49 83.36
24049.66 82.68
24050.83 82.34
24052.00 84.17
24053.16 84.08
24054.32 84.04
24055.48 85.52
24056.65 84.26
24057.82 83.13
24058.99 84.07
24060.15 84.03
24061.32 84.02
24062.49 84.01
24063.65 83.50
24064.81 83.75
24065.98 85.38
24067.15 86.19
24068.31 84.09
24069.47 84.05
24070.63 83.02
24071.79 83.51
24072.96 83.76
24074.13 83.38
24075.30 82.69
24076.46 82.34
24077.62 82.67
24078.79 83.34
24079.96 82.67
24081.13 84.83
24082.30 83.42
24083.47 84.21
24084.63 85.10
24085.79 83.55
24086.96 83.28
24088.13 83.14
24089.30 82.07
24090.46 82.03
24091.62 83.02
24092.78 85.01
24093.94 83.50
24095.10 85.25
24096.26 84.63
24097.43 83.31
24098.60 84.16
24099.77 84.08
24100.93 83.54
24102.10 85.27
24103.26 84.63
24104.42 84.32
24105.59 85.66
24106.77 84.33
24107.94 85.66
24109.10 83.83
24110.26 83.92
24111.43 85.46
24112.60 84.23
24113.77 84.11
24114.94 84.06
24116.10 83.53
24117.26 83.76
24118.43 83.38
24119.60 82.69
24120.77 83.35
24121.94 83.17
24123.10 83.59
24124.26 83.79
24125.44 82.90
24126.60 83.95
24127.77 82.97
24128.94 82.99
24130.10 81.49
24131.26 81.75
24132.43 81.87
24133.60 81.94
24134.77 83.47
24135.94 83.73
24137.10 82.87
24138.26 83.43
24139.43 83.72
24140.60 85.36
24141.77 84.68
24142.94 85.84
24144.10 84.92
24145.26 83.46
24146.43 83.23
24147.60 83.11
24148.77 84.56
24149.94 83.28
24151.10 84.64
24152.26 85.82
24153.43 84.41
24154.60 83.70
24155.77 83.85
24156.94 83.43
24158.10 84.71
24159.26 89.36
24160.43 90.68
24161.60 91.84
24162.77 93.92
24163.94 94.46
24165.10 94.23
24166.27 96.61
24167.44 95.31
24168.61 97.15
24169.78 96.58
24170.94 97.79
24172.11 96.39
24173.28 97.20
24174.44 98.10
24175.61 97.55
24176.78 97.77
24177.94 97.39
24179.11 96.19
24180.28 96.60
24181.44 97.30
24182.60 96.65
24183.77 95.32
24184.94 95.16
24186.10 95.58
24187.26 95.29
24188.43 96.65
24189.60 95.82
24190.77 96.41
24191.94 96.21
24193.10 95.60
24194.26 95.30
24195.42 97.15
24196.59 98.08
24197.76 98.54
24198.93 97.27
24200.10 98.13
24201.26 97.07
24202.42 97.03
24203.58 96.52
24204.76 95.76
24205.93 95.88
24207.10 95.44
24208.26 95.22
24209.42 96.11
24210.59 96.05
24211.76 97.53
24212.93 98.26
24214.10 98.63
24215.26 97.82
24216.42 97.91
24217.60 96.45
24218.77 97.73
24219.94 97.36
24221.10 96.68
24222.26 96.84
24223.43 96.42
24224.60 96.71
24225.77 98.36
24226.94 97.68
24228.11 96.34
24229.28 98.17
24230.45 98.08
24231.61 97.54
24232.78 96.27
24233.94 96.14
24235.11 95.57
24236.28 95.28
24237.45 95.14
24238.62 97.07
24239.78 96.54
24240.94 97.77
24242.11 98.38
24243.28 97.69
24244.45 96.35
24245.62 97.67
24246.78 98.34
24247.95 96.67
24249.12 98.33
24250.29 96.67
24251.46 96.33
24252.62 95.67
24253.79 95.33
24254.96 95.67
24256.13 97.33
24257.30 97.17
24258.47 97.08
24259.62 96.54
24260.79 97.77
24261.96 96.89
24263.13 95.94
24264.30 97.47
24265.46 97.74
24266.62 96.37
24267.79 97.18
24268.96 98.09
24270.12 97.55
24271.29 96.27
24272.46 96.64
24273.62 97.82
24274.79 98.41
24275.97 97.70
24277.13 96.85
24278.30 97.43
24279.47 97.21
24280.63 97.61
24281.80 97.80
24282.95 96.90
24284.11 97.95
24285.28 96.98
24286.45 96.49
24287.62 96.24
24288.78 95.62
24289.95 95.81
24291.12 96.41
24292.29 95.70
24293.45 97.35
24294.62 98.18
24295.78 96.59
24296.95 98.79
24298.12 97.40
24299.29 98.20
24300.45 96.60
24301.61 96.30
24302.78 96.15
24303.94 95.57
24305.11 96.29
24306.28 97.14
24307.45 96.57
24308.62 99.29
24309.78 97.64
24310.95 98.32
24312.12 99.16
24313.29 97.08
24314.45 96.54
24315.62 96.77
24316.78 97.89
24317.96 96.94
24319.13 96.97
24320.30 97.99
24321.46 96.99
24322.62 98.00
24323.78 98.50
24324.94 98.75
24326.11 97.37
24327.29 96.69
24328.46 97.84
24329.62 96.92
24330.79 95.96
24331.96 97.48
24333.13 96.24
24334.30 97.62
24335.46 98.31
24336.62 97.16
24337.80 98.08
24338.95 97.04
24340.11 98.02
24341.27 96.51
24342.44 96.25
24343.61 97.63
24344.78 98.31
24345.94 98.66
24347.11 97.83
24348.28 97.91
24349.45 96.96
24350.62 96.48
24351.78 95.74
24352.95 95.37
24354.12 96.18
24355.29 97.59
24356.46 98.30
24357.62 97.15
24358.79 94.57
24359.96 91.79
24361.13 90.39
24362.30 88.70
24363.46 88.35
24364.62 87.67
24365.79 85.84
24366.96 84.92
24368.14 84.46
24369.31 84.73
24370.47 85.36
24371.64 84.68
24372.81 85.34
24373.98 85.17
24375.15 84.59
24376.33 84.79
24377.50 84.40
24378.66 83.70
24379.82 82.85
24380.99 82.92
24382.15 83.96
24383.32 83.98
24384.49 83.99
24385.66 83.00
24386.82 85.00
24387.98 86.00
24389.13 86.50
24390.29 86.25
24391.46 85.12
24392.62 84.56
24393.79 83.78
24394.96 83.39
24396.13 84.70
24397.30 84.35
24398.47 85.67
24399.63 84.84
24400.80 84.42
24401.96 84.21
24403.13 83.60
24404.29 83.80
24405.45 83.90
24406.61 84.95
24407.78 83.48
24408.94 83.74
24410.12 83.37
24411.29 83.68
24412.46 83.84
24413.62 83.92
24414.79 82.96
24415.96 83.48
24417.13 83.74
24418.31 83.87
24419.47 82.94
24420.64 82.97
24421.81 82.48
24422.98 82.74
24424.15 83.37
24425.31 83.69
24426.49 82.84
24427.65 83.42
24428.82 82.71
24429.99 84.36
24431.15 82.68
24432.32 84.84
24433.49 84.42
24434.66 85.71
24435.83 84.85
24437.00 84.93
24438.15 83.96
24439.32 83.48
24440.49 83.74
24441.66 83.87
24442.83 82.94
24443.99 82.97
24445.16 82.98
24446.33 82.99
24447.50 83.50
24448.66 82.75
24449.83 82.37
24450.99 84.69
24452.16 83.34
24453.33 84.67
24454.50 83.34
24455.66 82.67
24456.83 82.33
24458.00 84.67
24459.15 85.33
24460.32 84.17
24461.49 83.08
24462.65 82.54
24463.82 84.27
24464.99 84.14
24466.15 83.07
24467.31 83.03
24468.49 83.52
24469.66 84.26
24470.83 84.13
24472.00 83.06
24473.15 83.03
24474.31 83.52
24475.48 82.76
24476.65 82.88
24477.83 83.44
24478.99 83.22
24480.16 83.61
24481.33 84.30
24482.49 85.15
24483.66 83.58
24484.83 82.79
24485.99 84.89
24487.15 84.45
24488.32 83.22
24489.49 82.61
24490.66 84.81
24491.83 83.40
24492.99 84.20
24494.15 83.10
24495.32 82.55
24496.49 82.78
24497.66 82.39
24498.83 83.19
24499.99 83.10
24501.15 83.05
24502.31 84.02
24503.47 83.01
24504.63 83.51
24505.80 82.75
24506.96 84.38
24508.13 84.69
24509.30 84.34
24510.47 84.17
24511.64 83.59
24512.81 84.29
24513.98 84.15
24515.15 85.07
24516.31 85.54
24517.48 84.77
24518.66 84.88
24519.82 83.44
24520.99 82.72
24522.15 83.36
24523.32 83.68
24524.49 82.84
24525.66 83.42
24526.83 84.21
24528.00 82.61
24529.16 84.30
24530.32 83.65
24531.49 82.83
24532.66 84.91
24533.83 84.96
24534.99 83.48
24536.16 85.24
24537.33 84.12
24538.50 85.06
24539.66 86.03
24540.83 85.01
24541.99 84.51
24543.16 83.75
24544.33 82.88
24545.50 82.44
24546.66 84.22
24547.83 83.11
24549.00 82.55
24550.15 84.28
24551.32 83.14
24552.49 83.57
24553.66 82.78
24554.83 83.39
24555.99 82.70
24557.15 83.85
24558.32 83.92
24559.49 86.96
24560.66 89.48
24561.83 91.74
24562.99 93.37
24564.16 94.69
24565.33 95.34
24566.50 97.17
24567.66 96.09
24568.83 95.54
24570.00 95.77
24571.15 95.89
24572.32 96.94
24573.49 97.97
24574.66 98.49
24575.83 96.74
24576.99 96.37
24578.16 96.19
24579.33 96.09
24580.49 96.55
24581.66 95.77
24582.83 97.39
24583.99 98.19
24585.16 97.10
24586.33 97.05
24587.49 96.02
24588.65 97.51
24589.82 97.76
24590.99 97.38
24592.15 98.19
24593.32 97.59
24594.49 98.30
24595.65 97.65
24596.82 98.32
24597.99 97.16
24599.15 98.08
24600.31 97.54
24601.48 96.27
24602.65 96.14
24603.82 95.57
24604.99 97.28
24606.15 96.14
24607.32 96.07
24608.48 95.54
24609.65 95.27
24610.83 97.13
24611.99 98.07
24613.15 98.53
24614.32 97.27
24615.49 96.63
24616.66 96.32
24617.83 96.16
24619.00 97.58
24620.15 98.29
24621.32 97.14
24622.49 96.07
24623.65 96.04
24624.81 96.02
24625.97 96.01
24627.13 95.50
24628.29 95.75
24629.46 95.88
24630.62 95.44
24631.79 97.22
24632.96 98.11
24634.13 97.55
24635.30 96.78
24636.46 97.89
24637.62 98.44
24638.79 97.22
24639.96 96.11
24641.13 97.56
24642.30 96.28
24643.46 98.14
24644.62 97.07
24645.78 97.53
24646.95 96.27
24648.12 98.13
24649.29 98.57
24650.46 98.78
24651.62 98.89
24652.80 97.45
24653.96 97.22
24655.13 96.11
24656.30 96.06
24657.46 97.53
24658.62 98.26
24659.79 97.13
24660.96 97.07
24662.12 99.03
24663.28 99.02
24664.44 99.51
24665.61 98.25
24666.78 96.63
24667.94 96.81
24669.11 96.41
24670.28 96.20
24671.44 96.10
24672.60 96.05
24673.75 96.03
24674.92 96.01
24676.08 96.01
24677.24 96.00
24678.41 97.00
24679.56 98.00
24680.71 97.00
24681.88 96.50
24683.04 96.25
24684.20 97.63
24685.37 98.31
24686.54 98.66
24687.70 99.83
24688.87 98.41
24690.04 98.21
24691.20 97.10
24692.36 96.05
24693.52 97.03
24694.68 98.01
24695.84 98.51
24697.01 97.25
24698.17 96.13
24699.34 95.56
24700.50 96.28
24701.66 96.14
24702.83 96.57
24704.01 96.79
24705.17 97.89
24706.34 97.45
24707.50 98.22
24708.66 97.61
24709.83 98.31
24711.00 98.65
24712.15 96.83
24713.32 97.91
24714.49 97.46
24715.66 98.23
24716.83 98.61
24717.99 98.81
24719.16 97.40
24720.32 97.20
24721.48 97.10
24722.64 98.05
24723.80 98.53
24724.96 96.76
24726.13 95.88
24727.30 97.94
24728.46 98.47
24729.62 98.24
24730.79 98.62
24731.96 97.31
24733.13 96.65
24734.30 97.33
24735.47 97.16
24736.63 97.58
24737.80 98.79
24738.96 97.90
24740.12 98.45
24741.29 98.22
24742.46 97.11
24743.62 98.06
24744.78 97.53
24745.95 98.26
24747.12 97.13
24748.29 96.57
24749.46 96.28
24750.62 95.64
24751.79 95.32
24752.96 95.16
24754.13 97.08
24755.29 96.54
24756.46 96.27
24757.62 97.64
24758.79 97.82
24759.96 93.91
24761.13 92.45
24762.30 90.23
24763.47 89.61
24764.63 88.31
24765.80 86.15
24766.96 85.08
24768.12 85.04
24769.28 84.52
24770.45 85.76
24771.62 84.88
24772.78 84.94
24773.94 84.47
24775.11 84.23
24776.28 84.62
24777.45 84.31
24778.62 84.15
24779.78 84.58
24780.95 84.29
24782.12 84.14
24783.29 85.57
24784.46 84.29
24785.62 83.64
24786.79 83.32
24787.97 83.16
24789.14 85.08
24790.30 84.54
24791.46 85.77
24792.62 84.89
24793.79 84.44
24794.96 85.72
24796.13 86.36
24797.31 85.18
24798.47 84.09
24799.63 85.05
24800.80 84.52
24801.96 83.26
24803.13 83.63
24804.30 83.82
24805.46 83.91
24806.62 84.95
24807.79 84.48
24808.96 83.24
24810.13 83.12
24811.30 83.56
24812.46 83.28
24813.62 83.14
24814.79 82.57
24815.96 83.78
24817.13 83.89
24818.30 82.95
24819.46 83.47
24820.62 82.74
24821.79 82.87
24822.96 82.93
24824.13 82.47
24825.30 84.73
24826.46 83.37
24827.62 85.18
24828.79 85.59
24829.96 86.30
24831.12 85.15
24832.29 83.57
24833.46 83.29
24834.62 83.64
24835.79 83.32
24836.96 82.66
24838.14 83.83
24839.31 83.92
24840.48 85.46
24841.65 85.23
24842.82 84.11
24843.99 83.56
24845.15 85.28
24846.33 84.14
24847.50 83.07
24848.66 82.53
24849.83 84.77
24850.99 84.38
24852.16 83.69
24853.33 82.85
24854.50 81.92
24855.66 82.96
24856.83 83.48
24857.99 83.24
24859.16 83.62
24860.33 83.81
24861.50 83.41
24862.66 84.70
24863.83 85.35
24864.99 84.68
24866.16 85.84
24867.33 86.42
24868.50 84.21
24869.66 85.60
24870.83 84.80
24871.99 85.90
24873.15 84.95
24874.31 84.48
24875.48 84.74
24876.65 84.37
24877.82 83.18
24878.99 84.59
24880.15 84.30
24881.32 84.15
24882.49 84.07
24883.65 83.54
24884.82 82.77
24885.99 83.38
24887.15 83.69
24888.33 83.85
24889.50 82.92
24890.66 81.96
24891.83 82.48
24892.99 82.24
24894.16 84.62
24895.33 85.81
24896.50 85.91
24897.66 84.45
24898.83 84.73
24900.00 83.36
24901.15 84.18
24902.32 83.09
24903.48 83.05
24904.64 84.02
24905.80 83.01
24906.96 84.01
24908.12 85.50
24909.28 84.75
24910.45 82.88
24911.62 82.94
24912.78 82.97
24913.94 83.48
24915.10 82.74
24916.26 83.37
24917.43 82.19
24918.60 83.09
24919.75 83.55
24920.92 85.27
24922.09 85.64
24923.26 84.82
24924.42 83.91
24925.59 82.95
24926.76 82.48
24927.93 82.24
24929.10 84.62
24930.26 83.31
24931.42 82.65
24932.59 83.33
24933.76 82.66
24934.93 81.83
24936.10 82.42
24937.26 82.71
24938.43 82.35
24939.60 83.18
24940.76 83.09
24941.92 83.54
24943.09 83.77
24944.25 85.39
24945.42 84.69
24946.58 83.85
24947.75 83.92
24948.92 82.96
24950.09 82.48
24951.25 82.24
24952.42 83.12
24953.58 82.56
24954.75 82.28
24955.92 82.64
24957.09 83.32
24958.25 83.16
24959.42 83.08
24960.58 87.04
24961.75 90.52
24962.91 93.76
24964.07 95.88
24965.23 96.94
24966.40 96.47
24967.56 96.23
24968.74 95.12
24969.91 95.06
24971.07 95.53
24972.23 95.76
24973.40 95.88
24974.56 95.44
24975.74 96.22
24976.91 96.11
24978.08 95.56
24979.24 95.28
24980.41 95.64
24981.58 95.82
24982.75 97.41
24983.91 97.20
24985.07 98.10
24986.23 96.55
24987.40 96.28
24988.56 96.64
24989.74 97.82
24990.91 98.41
24992.07 98.70
24993.23 97.85
24994.39 96.43
24995.56 96.21
24996.74 97.61
24997.91 96.30
24999.07 97.65
25000.23 96.83
25001.40 97.91
25002.56 96.96
25003.74 95.98
25004.91 97.49
25006.08 98.24
25007.24 96.62
25008.41 97.81
25009.58 96.41
25010.75 96.70
25011.91 97.85
25013.07 98.43
25014.23 98.71
25015.40 98.86
25016.56 98.93
25017.74 98.46
25018.91 98.73
25020.07 96.87
25021.23 97.43
25022.40 97.22
25023.56 96.11
25024.74 96.55
25025.91 97.78
25027.07 98.39
25028.23 98.69
25029.40 98.85
25030.56 97.92
25031.74 97.96
25032.91 97.48
25034.07 98.24
25035.23 96.62
25036.40 96.81
25037.56 98.41
25038.74 98.70
25039.90 97.35
25041.06 96.68
25042.22 97.34
25043.39 98.17
25044.55 97.08
25045.71 97.04
25046.89 96.02
25048.06 96.01
25049.22 97.51
25050.39 98.25
25051.55 98.63
25052.73 98.81
25053.90 97.41
25055.07 97.20
25056.23 98.10
25057.39 98.55
25058.56 98.78
25059.74 97.39
25060.91 98.19
25062.07 97.60
25063.23 96.80
25064.39 97.40
25065.55 96.20
25066.71 97.60
25067.89 98.30
25069.05 96.65
25070.21 97.82
25071.38 96.91
25072.55 96.96
25073.72 98.48
25074.89 96.74
25076.06 95.87
25077.22 95.43
25078.39 98.22
25079.55 98.61
25080.73 98.30
25081.90 97.65
25083.06 96.33
25084.23 96.66
25085.39 96.33
25086.56 95.67
25087.74 96.33
25088.91 97.67
25090.07 97.33
25091.23 97.17
25092.40 98.08
25093.55 97.04
25094.72 96.52
25095.89 96.26
25097.06 97.63
25098.22 96.82
25099.39 97.91
25100.56 98.45
25101.74 98.73
25102.91 98.86
25104.07 96.93
25105.23 97.97
25106.40 98.48
25107.56 98.74
25108.74 98.87
25109.91 98.94
25111.07 98.97
25112.23 98.98
25113.40 97.49
25114.56 96.25
25115.74 95.62
25116.91 96.81
25118.07 97.91
25119.23 96.45
25120.40 95.73
25121.56 97.36
25122.74 96.18
25123.91 97.59
25125.07 98.30
25126.23 97.15
25127.40 98.57
25128.56 99.29
25129.74 97.14
25130.91 98.57
25132.07 97.29
25133.23 96.64
25134.40 95.82
25135.56 95.91
25136.74 95.96
25137.91 95.48
25139.07 95.24
25140.23 96.12
25141.40 97.56
25142.56 98.28
25143.74 98.64
25144.91 97.32
25146.07 96.16
25147.23 95.58
25148.41 96.29
25149.58 95.64
25150.75 98.32
25151.91 98.66
25153.08 97.33
25154.24 98.17
25155.41 96.58
25156.58 96.79
25157.75 97.90
25158.91 97.95
25160.07 96.97
25161.23 94.99
25162.40 91.49
25163.56 91.25
25164.74 89.12
25165.91 87.06
25167.07 86.03
25168.23 86.52
25169.40 86.76
25170.56 85.38
25171.74 85.69
25172.91 84.84
25174.07 84.42
25175.23 84.21
25176.40 85.61
25177.57 84.80
25178.74 84.40
25179.90 84.70
25181.06 85.85
25182.22 84.93
25183.39 85.46
25184.55 84.73
25185.73 83.37
25186.90 83.18
25188.06 84.59
25189.22 83.80
25190.38 83.90
25191.55 84.45
25192.72 85.72
25193.89 85.36
25195.06 86.18
25196.22 85.09
25197.38 84.55
25198.55 84.77
25199.73 84.39
25200.90 85.69
25202.06 85.35
25203.22 84.67
25204.39 84.34
25205.55 84.17
25206.73 85.58
25207.90 84.79
25209.06 85.40
25210.22 84.20
25211.39 85.60
25212.55 84.30
25213.73 83.65
25214.90 85.32
25216.06 84.66
25217.22 83.33
25218.39 84.17
25219.55 83.08
25220.72 83.54
25221.89 84.27
25223.06 84.14
25224.23 83.07
25225.39 82.53
25226.56 82.77
25227.74 83.38
25228.91 82.69
25230.07 82.35
25231.23 84.17
25232.40 85.09
25233.55 84.54
25234.73 83.27
25235.90 84.64
25237.06 84.32
25238.22 83.16
25239.39 82.58
25240.55 82.79
25241.73 83.89
25242.90 82.95
25244.06 82.47
25245.22 83.24
25246.39 83.12
25247.55 84.56
25248.73 83.28
25249.90 85.14
25251.06 85.57
25252.22 84.78
25253.39 83.89
25254.55 83.95
25255.73 82.97
25256.90 84.49
25258.06 83.24
25259.22 85.12
25260.39 84.56
25261.55 83.78
25262.73 85.39
25263.90 84.70
25265.06 84.35
25266.22 83.17
25267.39 82.59
25268.55 82.29
25269.73 82.65
25270.90 82.82
25272.06 82.91
25273.22 82.46
25274.39 84.73
25275.55 85.36
25276.73 86.18
25277.90 86.59
25279.06 83.80
25280.22 84.40
25281.38 84.20
25282.54 84.10
25283.70 83.55
25284.87 82.77
25286.04 82.39
25287.20 82.19
25288.36 84.60
25289.52 83.80
25290.68 84.40
25291.85 83.70
25293.01 82.85
25294.17 82.92
25295.34 82.46
25296.50 83.23
25297.66 84.12
25298.84 84.06
25300.00 85.53
25301.15 84.26
25302.32 84.13
25303.49 83.07
25304.65 82.53
25305.82 83.27
25306.99 83.13
25308.16 82.57
25309.33 83.28
25310.50 83.64
25311.66 84.82
25312.83 83.41
25313.99 82.71
25315.16 82.35
25316.33 83.68
25317.50 84.34
25318.66 85.17
25319.84 84.58
25321.01 84.29
25322.17 84.15
25323.34 83.57
25324.50 82.79
25325.66 83.39
25326.83 82.70
25327.99 82.35
25329.16 83.17
25330.33 84.09
25331.50 83.04
25332.66 83.52
25333.83 83.26
25334.99 85.13
25336.16 84.57
25337.33 84.28
25338.50 84.64
25339.66 84.32
25340.83 84.66
25341.99 83.83
25343.16 84.42
25344.34 84.21
25345.50 83.10
25346.66 83.55
25347.84 83.78
25349.01 82.89
25350.17 83.44
25351.34 83.72
25352.50 83.86
25353.66 82.43
25354.84 83.22
25356.01 83.61
25357.18 83.80
25358.34 82.90
25359.50 82.45
25360.66 82.73
25361.84 83.36
25363.01 83.18
25364.17 83.59
25365.34 84.80
25366.50 84.40
25367.66 83.70
25368.82 84.35
25369.99 84.17
25371.15 83.59
25372.32 84.29
25373.49 83.15
25374.66 84.57
25375.83 83.29
25376.99 84.14
25378.16 83.57
25379.33 83.79
25380.50 83.89
25381.66 83.45
25382.83 84.72
25383.99 83.36
25385.16 84.68
25386.33 83.34
25387.50 85.17
25388.66 84.09
25389.84 84.54
25391.01 83.27
25392.18 84.14
25393.34 85.57
25394.51 83.28
25395.68 82.64
25396.86 84.82
25398.02 83.91
25399.18 83.96
25400.35 85.48
25401.52 84.74
25402.69 83.87
25403.86 83.93
25405.03 83.97
25406.19 83.48
25407.36 82.74
25408.53 83.37
25409.70 83.69
25410.87 83.84
25412.03 85.42
25413.19 85.21
25414.36 83.61
25415.53 83.30
25416.71 83.15
25417.88 83.58
25419.05 83.79
25420.21 83.89
25421.38 85.45
25422.55 84.72
25423.73 83.36
25424.91 83.68
25426.07 84.34
25427.23 83.17
25428.40 83.09
25429.56 85.04
25430.73 85.02
25431.90 83.51
25433.07 82.76
25434.24 83.38
25435.41 83.69
25436.58 85.34
25437.75 84.67
25438.91 83.84
25440.08 83.92
25441.24 82.96
25442.41 82.98
25443.58 83.99
25444.75 83.99
25445.91 83.00
25447.07 83.50
25448.23 83.25
25449.39 82.62
25450.56 84.81
25451.73 84.41
25452.90 83.20
25454.06 83.60
25455.22 83.80
25456.38 84.90
25457.54 83.45
25458.71 83.73
25459.89 83.86
25461.06 83.93
25462.22 84.97
25463.39 84.48
25464.55 83.24
25465.73 82.62
25466.90 82.31
25468.07 84.16
25469.23 85.58
25470.40 84.29
25471.56 83.64
25472.73 84.32
25473.90 84.16
25475.07 84.08
25476.22 84.04
25477.38 84.52
25478.55 83.76
25479.72 84.88
25480.89 84.44
25482.06 84.22
25483.22 83.61
25484.39 83.80
25485.55 82.90
25486.72 82.45
25487.88 82.23
25489.05 82.61
25490.21 82.31
25491.39 84.15
25492.55 83.08
25493.73 82.54
25494.89 83.27
25496.06 83.13
25497.23 83.07
25498.39 82.53
25499.56 83.27
25500.73 83.63
25501.90 83.82
25503.06 83.91
25504.22 82.95
25505.39 84.98
25506.55 83.49
25507.73 83.74
25508.90 82.87
25510.06 82.94
25511.22 83.97
25512.39 84.48
25513.55 83.24
25514.73 85.12
25515.90 84.06
25517.07 83.53
25518.23 82.77
25519.40 82.88
25520.56 82.44
25521.73 82.22
25522.90 83.11
25524.07 82.06
25525.23 82.53
25526.40 83.76
25527.56 83.38
25528.73 83.69
25529.90 84.35
25531.07 84.17
25532.23 82.59
25533.40 82.29
25534.56 83.15
25535.73 84.57
25536.90 83.79
25538.06 83.89
25539.22 83.95
25540.39 83.97
25541.55 84.49
25542.73 83.74
25543.90 83.37
25545.06 82.19
25546.23 83.09
25547.39 83.05
25548.55 82.52
25549.73 83.76
25550.90 83.38
25552.06 82.69
25553.22 82.35
25554.39 84.67
25555.56 83.34
25556.73 83.67
25557.90 82.33
25559.07 82.67
25560.23 82.33
25561.40 83.17
25562.57 83.58
25563.74 83.29
25564.91 83.15
25566.08 85.07
25567.24 83.54
25568.41 85.27
25569.58 85.63
25570.75 83.82
25571.91 83.41
25573.08 83.70
25574.23 83.35
25575.40 82.18
25576.57 84.59
25577.74 83.29
25578.91 84.15
25580.08 83.07
25581.24 83.04
25582.41 83.02
25583.58 82.51
25584.75 83.25
25585.91 82.63
25587.08 84.81
25588.24 84.41
25589.41 84.70
25590.58 83.35
25591.75 82.68
25592.91 84.84
25594.08 83.92
25595.24 85.46
25596.41 84.73
25597.58 84.36
25598.75 84.18
25599.91 83.59
25601.08 83.30
25602.23 83.65
25603.40 83.32
25604.56 83.66
25605.73 82.83
25606.89 82.42
25608.06 82.21
25609.23 83.10
25610.39 85.05
25611.55 85.53
25612.72 84.76
25613.89 84.38
25615.05 85.19
25616.21 84.60
25617.37 82.80
25618.53 83.40
25619.69 82.20
25620.86 83.10
25622.02 83.05
25623.17 82.52
25624.34 84.26
25625.50 83.13
25626.66 84.57
25627.84 84.28
25629.00 85.64
25630.15 83.82
25631.32 85.41
25632.49 85.21
25633.66 85.10
25634.83 84.55
25635.99 83.28
25637.16 82.64
25638.33 83.32
25639.50 83.66
25640.66 84.33
25641.83 83.66
25643.01 83.83
25644.17 83.92
25645.34 82.96
25646.50 84.98
25647.66 83.49
25648.84 83.74
25650.00 82.87
25651.15 83.44
25652.32 83.22
25653.49 82.61
25654.66 82.30
25655.82 84.15
25656.99 84.58
25658.15 85.29
25659.32 84.14
25660.49 83.57
25661.66 83.29
25662.83 84.64
25664.00 84.32
25665.15 84.66
25666.32 84.83
25667.49 84.42
25668.66 83.71
25669.83 84.85
25670.99 85.93
25672.16 84.96
25673.33 84.48
25674.50 83.24
25675.66 82.62
25676.83 84.81
25678.00 84.41
25679.16 84.20
25680.32 83.10
25681.48 84.55
25682.64 84.28
25683.81 84.14
25684.99 83.57
25686.15 84.78
25687.32 85.89
25688.49 83.95
25689.66 84.97
25690.83 84.49
25692.00 84.24
25693.15 84.12
25694.33 82.56
25695.50 82.28
25696.66 83.14
25697.83 83.57
25699.00 85.29
25700.16 84.64
25701.33 85.82
25702.50 84.41
25703.66 85.71
25704.83 84.35
25706.00 83.68
25707.15 85.34
25708.32 83.67
25709.49 82.33
25710.66 83.67
25711.83 83.83
25713.00 83.92
25714.15 82.96
25715.32 82.98
25716.49 84.49
25717.65 82.74
25718.82 84.87
25719.99 82.94
25721.15 84.97
25722.32 83.48
25723.49 82.24
25724.66 84.62
25725.83 85.81
25727.00 83.91
25728.16 82.95
25729.33 82.98
25730.50 82.99
25731.66 84.49
25732.83 83.75
25734.00 85.37
25735.16 84.19
25736.33 83.59
25737.50 85.30
25738.66 83.15
25739.83 84.57
25741.00 84.29
25742.15 82.64
25743.32 83.32
25744.49 82.66
25745.66 82.33
25746.83 84.67
25748.00 84.33
25749.15 83.17
25750.32 82.58
25751.49 82.29
25752.66 82.15
25753.83 83.07
25754.99 82.54
25756.16 81.77
25757.33 83.88
25758.50 82.94
25759.66 82.47
25760.83 83.24
25762.00 82.62
25763.15 81.81
25764.32 83.90
25765.48 84.95
25766.64 83.98
25767.81 84.49
25768.98 85.24
25770.15 86.12
25771.31 86.06
25772.47 85.03
25773.63 84.52
25774.80 83.26
25775.96 83.13
25777.13 82.56
25778.31 83.28
25779.47 85.14
25780.64 84.57
25781.81 83.79
25782.98 83.39
25784.15 82.70
25785.31 82.35
25786.49 81.17
25787.66 82.09
25788.83 83.04
25789.99 82.52
25791.15 83.26
25792.32 83.13
25793.49 85.07
25794.65 84.03
25795.81 83.02
25796.97 84.01
25798.13 83.00
25799.29 83.50
25800.45 85.25
25801.62 84.63
25802.78 84.31
25803.95 83.66
25805.12 84.83
25806.29 83.41
25807.46 83.71
25808.62 82.85
25809.79 84.93
25810.96 83.96
25812.13 83.98
25813.30 84.49
25814.46 83.75
25815.62 83.87
25816.79 83.44
25817.96 82.72
25819.14 83.36
25820.31 83.18
25821.47 84.09
25822.63 84.04
25823.79 85.52
25824.96 83.76
25826.13 83.88
25827.30 82.94
25828.46 83.47
25829.62 83.74
25830.79 82.87
25831.96 82.93
25833.13 82.47
25834.30 82.23
25835.46 82.12
25836.62 81.56
25837.79 82.78
25838.96 82.39
25840.13 82.69
25841.30 82.85
25842.46 83.42
25843.62 82.71
25844.79 83.36
25845.96 82.68
25847.13 82.84
25848.30 83.42
25849.46 84.71
25850.62 84.35
25851.79 85.18
25852.96 84.59
25854.13 83.29
25855.30 83.15
25856.47 83.57
25857.63 82.79
25858.80 83.39
25859.96 85.20
25861.13 84.10
25862.29 84.55
25863.46 85.77
25864.62 83.89
25865.79 83.94
25866.95 82.97
25868.11 83.49
25869.28 85.24
25870.45 85.62
25871.62 84.31
25872.78 83.66
25873.95 83.83
25875.12 84.41
25876.29 84.71
25877.46 84.35
25878.62 84.18
25879.79 83.09
25880.95 83.04
25882.11 83.52
25883.28 83.76
25884.45 82.38
25885.62 82.69
25886.78 81.85
25887.95 81.92
25889.12 81.96
25890.29 82.48
25891.45 82.24
25892.62 82.12
25893.78 83.56
25894.94 82.28
25896.11 84.64
25897.28 84.32
25898.45 84.66
25899.62 84.33
25900.78 83.66
25901.95 82.83
25903.12 82.42
25904.29 84.71
25905.46 84.35
25906.62 83.68
25907.79 82.84
25908.96 82.42
25910.13 82.21
25911.31 84.60
25912.47 84.30
25913.62 83.15
25914.79 83.08
25915.95 83.54
25917.12 83.27
25918.29 83.13
25919.46 83.07
25920.62 84.03
25921.78 83.02
25922.94 83.51
25924.10 83.75
25925.26 83.88
25926.43 83.94
25927.60 83.47
25928.76 84.23
25929.93 84.12
25931.10 83.56
25932.26 83.78
25933.42 82.89
25934.59 84.94
25935.75 84.47
25936.92 84.74
25938.09 85.37
25939.25 84.18
25940.42 84.09
25941.58 85.55
25942.75 84.27
25943.91 84.14
25945.09 83.57
25946.25 83.78
25947.42 82.89
25948.58 84.95
25949.75 83.47
25950.92 85.24
25952.09 85.62
25953.25 85.31
25954.42 86.15
25955.59 85.08
25956.75 83.54
25957.92 82.77
25959.09 82.38
25960.25 82.69
25961.42 83.35
25962.58 83.17
25963.75 83.59
25964.92 83.29
25966.09 83.65
25967.25 83.82
25968.42 82.91
25969.58 84.96
25970.75 84.48
25971.92 83.74
25973.09 82.87
25974.25 82.93
25975.42 82.47
25976.58 82.23
25977.75 82.62
25978.92 82.31
25980.09 83.65
25981.25 83.33
25982.42 83.66
25983.58 83.83
25984.75 85.42
25985.92 83.21
25987.09 84.10
25988.24 83.55
25989.41 85.28
25990.58 83.64
25991.75 83.32
25992.91 82.66
25994.08 83.33
25995.24 83.16
25996.42 83.58
25997.58 85.29
25998.75 85.15
25999.92 84.07
26001.08 85.54
26002.24 84.77
26003.41 85.38
26004.58 85.69
26005.74 84.35
26006.91 82.67
26008.07 82.34
26009.23 82.17
26010.40 83.08
26011.55 82.04
26012.71 82.02
26013.87 83.01
26015.03 83.01
26016.19 83.50
26017.35 82.75
26018.52 84.88
26019.70 84.44
26020.86 83.72
26022.03 84.36
26023.19 83.18
26024.36 82.09
26025.52 82.04
26026.68 82.52
26027.86 81.76
26029.02 81.88
26030.18 82.44
26031.35 82.72
26032.52 84.36
26033.70 84.18
26034.86 82.09
26036.02 82.55
26037.18 82.27
26038.35 81.64
26039.52 82.82
26040.70 82.91
26041.86 82.45
26043.02 83.73
26044.18 84.36
26045.35 85.68
26046.52 84.84
26047.70 84.42
26048.86 83.71
26050.02 82.86
26051.18 82.93
26052.35 84.96
26053.52 85.48
26054.69 85.24
26055.86 84.12
26057.02 83.06
26058.18 83.03
26059.34 83.52
26060.50 83.26
26061.66 85.13
26062.85 84.06
26064.01 83.03
26065.17 84.52
26066.34 84.26
26067.50 83.63
26068.66 84.31
26069.84 85.66
26071.01 83.83
26072.17 84.91
26073.34 83.46
26074.50 82.73
26075.66 84.86
26076.84 84.43
26078.01 84.72
26079.17 84.36
26080.34 83.18
26081.50 85.09
26082.66 83.54
26083.83 83.77
26085.00 82.89
26086.15 83.44
26087.32 83.72
26088.49 83.86
26089.65 82.43
26090.83 82.72
26091.99 82.86
26093.15 82.93
26094.32 82.96
26095.49 83.98
26096.65 82.49
26097.83 83.25
26098.99 82.12
26100.16 82.56
26101.33 83.78
26102.50 82.89
26103.66 82.45
26104.84 83.22
26106.00 82.61
26107.16 82.31
26108.33 82.15
26109.50 81.58
26110.66 82.79
26111.83 83.89
26113.00 82.95
26114.15 83.47
26115.32 82.74
26116.49 83.37
26117.66 84.68
26118.83 83.84
26120.00 83.92
26121.15 84.46
26122.32 84.23
26123.49 83.62
26124.66 82.81
26125.83 82.90
26126.99 83.95
26128.15 82.98
26129.32 83.49
26130.49 82.74
26131.66 82.87
26132.83 82.94
26134.00 84.97
26135.15 84.98
26136.32 83.99
26137.49 83.50
26138.65 83.75
26139.83 84.87
26140.99 83.44
26142.16 83.22
26143.33 84.61
26144.50 84.30
26145.66 84.65
26146.83 82.83
26148.00 83.41
26149.15 82.71
26150.32 82.35
26151.49 84.68
26152.66 85.34
26153.83 84.17
26155.01 85.58
26156.17 83.79
26157.34 84.40
26158.50 85.20
26159.66 84.60
26160.83 82.80
26161.99 82.90
26163.15 83.45
26164.32 83.22
26165.49 83.11
26166.66 84.56
26167.83 83.78
26169.00 83.39
26170.15 83.69
26171.32 83.35
26172.49 83.17
26173.66 82.59
26174.83 82.79
26176.00 82.40
26177.15 82.20
26178.31 83.10
26179.48 84.55
26180.65 83.27
26181.83 83.14
26182.99 84.07
26184.15 84.03
26185.31 83.52
26186.48 82.76
26187.65 82.88
26188.83 82.94
26189.99 83.47
26191.16 83.73
26192.33 83.37
26193.50 84.68
26194.66 84.84
26195.83 84.42
26197.00 83.71
26198.16 83.36
26199.33 83.18
26200.50 83.59
26201.66 83.79
26202.83 83.40
26203.99 83.70
26205.15 82.85
26206.33 82.92
26207.50 84.96
26208.66 83.48
26209.83 82.74
26211.00 82.37
26212.15 82.19
26213.32 82.09
26214.48 82.55
26215.65 83.27
26216.83 84.14
26217.99 84.07
26219.15 84.03
26220.31 83.52
26221.48 85.26
26222.65 85.63
26223.83 84.31
26225.00 83.16
26226.16 84.58
26227.33 84.29
26228.50 84.14
26229.66 83.07
26230.83 84.04
26231.99 84.02
26233.15 83.51
26234.32 82.75
26235.49 82.38
26236.66 82.69
26237.83 83.84
26239.00 82.92
26240.15 83.46
26241.32 82.73
26242.49 84.37
26243.66 83.18
26244.83 82.59
26246.00 82.30
26247.16 83.15
26248.33 84.07
26249.49 83.54
26250.66 83.27
26251.83 84.13
26253.00 83.57
26254.15 83.78
26255.32 83.89
26256.49 83.95
26257.66 83.97
26258.83 82.99
26260.00 83.49
26261.15 83.25
26262.32 83.62
26263.49 82.81
26264.66 84.91
26265.83 85.45
26267.00 83.73
26268.16 82.86
26269.33 82.93
26270.50 82.47
26271.66 82.23
26272.83 82.12
26274.00 83.06
26275.15 81.53
26276.32 81.76
26277.49 81.88
26278.65 83.44
26279.83 84.22
26280.99 83.11
26282.16 82.56
26283.33 82.78
26284.50 84.89
26285.66 83.94
26286.83 83.97
26288.00 82.99
26289.16 84.49
26290.32 83.75
26291.49 82.87
26292.66 84.44
26293.83 84.22
26295.00 85.61
26296.16 84.80
26297.32 84.90
26298.49 84.45
26299.66 84.23
26300.84 83.61
26302.01 85.31
26303.18 84.65
26304.34 83.33
26305.51 83.16
26306.70 85.08
26307.86 84.04
26309.02 84.02
26310.18 82.51
26311.34 84.76
26312.51 83.88
26313.69 83.44
26314.86 84.22
26316.02 83.61
26317.18 82.80
26318.34 83.90
26319.50 82.95
26320.66 83.48
26321.84 83.24
26323.01 83.62
26324.17 82.81
26325.34 82.90
26326.50 83.45
26327.66 82.73
26328.83 84.36
26330.00 85.18
26331.15 84.09
26332.31 83.55
26333.48 84.77
26334.65 85.89
26335.83 83.94
26336.99 83.97
26338.15 83.49
26339.33 83.24
26340.50 83.62
26341.66 83.81
26342.83 82.91
26344.00 84.95
26345.15 83.48
26346.32 85.24
26347.49 84.62
26348.66 83.31
26349.84 84.65
26351.01 85.33
26352.18 84.16
26353.34 85.08
26354.50 84.04
26355.66 84.52
26356.83 84.26
26358.00 83.63
26359.15 82.82
26360.32 83.91
26361.49 83.95
26362.66 82.98
26363.83 84.99
26365.00 84.49
26366.15 83.75
26367.32 83.37
26368.49 84.69
26369.66 82.84
26370.83 82.42
26372.00 82.21
26373.16 82.61
26374.33 82.30
26375.49 83.65
26376.66 82.83
26377.83 82.41
26379.00 82.71
26380.16 82.35
26381.33 83.68
26382.50 82.84
26383.66 83.42
26384.83 83.21
26386.00 85.10
26387.15 84.05
26388.31 83.53
26389.48 84.26
26390.65 83.13
26391.83 83.07
26392.99 82.53
26394.16 82.77
26395.33 82.88
26396.50 82.94
26397.66 82.47
26398.84 82.74
26400.01 82.37
26401.17 82.68
26402.34 84.34
26403.50 83.17
26404.66 85.09
26405.83 83.54
26407.00 83.27
26408.15 83.64
26409.32 83.32
26410.49 83.66
26411.66 82.83
26412.83 84.41
26414.00 84.21
26415.16 84.10
26416.32 84.05
26417.48 84.53
26418.65 85.26
26419.83 84.13
26420.99 83.07
26422.15 84.03
26423.31 83.52
26424.48 84.26
26425.65 83.13
26426.83 83.56
26427.99 82.78
26429.15 83.39
26430.32 83.70
26431.50 82.85
26432.66 82.42
26433.83 84.21
26435.00 85.61
26436.16 84.80
26437.32 82.90
26438.48 83.95
26439.64 83.98
26440.83 82.99
26441.99 82.49
26443.15 84.75
26444.32 83.37
26445.49 83.19
26446.66 82.59
26447.83 82.30
26448.99 84.15
26450.16 83.57
26451.33 82.79
26452.50 83.39
26453.66 84.70
26454.83 83.85
26455.99 85.42
26457.16 84.71
26458.33 84.36
26459.50 84.18
26460.66 83.09
26461.83 83.04
26462.99 83.52
26464.16 85.26
26465.33 86.13
26466.50 85.57
26467.66 83.78
26468.84 82.89
26470.00 82.45
26471.16 82.22
26472.33 84.61
26473.50 84.31
26474.66 85.15
26475.84 84.58
26477.01 83.29
26478.17 83.64
26479.34 83.82
26480.50 84.41
26481.68 84.21
26482.85 83.10
26484.01 82.05
26485.17 84.03
26486.33 84.01
26487.50 83.01
26488.66 82.50
26489.83 83.25
26491.00 82.13
26492.16 84.06
26493.32 83.03
26494.48 82.52
26495.65 82.76
26496.83 82.38
26497.99 82.69
26499.15 83.34
26500.32 83.17
26501.49 85.09
26502.65 84.54
26503.83 85.77
26504.99 85.39
26506.16 83.69
26507.33 85.35
26508.50 83.67
26509.66 83.84
26510.83 83.42
26512.00 82.71
26513.16 83.35
26514.33 82.68
26515.50 82.34
26516.67 84.17
26517.84 83.58
26519.01 83.79
26520.17 83.90
26521.33 85.45
26522.50 84.72
26523.66 84.36
26524.83 85.68
26526.00 83.34
26527.15 83.67
26528.32 82.34
26529.49 82.67
26530.66 82.33
26531.84 82.17
26533.01 82.08
26534.17 81.54
26535.34 83.77
26536.50 83.89
26537.68 83.44
26538.84 83.22
26540.01 83.61
26541.18 83.31
26542.35 84.15
26543.52 84.58
26544.69 84.29
26545.86 83.64
26547.02 82.82
26548.18 82.91
26549.35 83.46
26550.52 83.23
26551.69 82.61
26552.86 82.31
26554.02 83.65
26555.18 83.33
26556.35 82.66
26557.52 82.33
26558.69 82.67
26559.86 83.33
26561.02 84.67
26562.18 83.33
26563.35 83.17
26564.52 83.08
26565.69 83.04
26566.85 84.52
26568.02 82.76
26569.18 84.88
26570.34 84.94
26571.50 85.47
26572.68 84.24
26573.85 83.62
26575.02 83.31
26576.18 83.15
26577.35 83.08
26578.51 83.04
26579.68 83.52
26580.85 83.76
26582.02 83.88
26583.18 83.94
26584.35 83.47
26585.52 82.23
26586.69 82.62
26587.86 81.81
26589.02 81.90
26590.18 81.45
26591.35 82.23
26592.52 82.61
26593.69 83.31
26594.86 83.15
26596.02 82.58
26597.18 84.29
26598.35 84.14
26599.52 85.57
26600.69 84.29
26601.86 83.14
26603.02 83.57
26604.18 83.29
26605.35 83.14
26606.52 83.57
26607.69 82.79
26608.86 82.39
26610.02 82.20
26611.18 83.10
26612.34 82.55
26613.51 82.27
26614.69 84.64
26615.86 83.82
26617.02 84.41
26618.18 84.70
26619.34 83.85
26620.51 83.93
26621.69 83.96
26622.86 82.98
26624.02 84.49
26625.18 83.75
26626.35 82.87
26627.52 82.94
26628.69 82.47
26629.86 81.73
26631.02 82.37
26632.19 82.68
26633.35 82.84
26634.52 82.92
26635.69 83.46
26636.85 82.73
26638.02 83.37
26639.18 82.18
26640.35 84.09
26641.51 83.55
26642.69 84.27
26643.85 83.14
26645.02 84.57
26646.18 85.28
26647.34 84.14
26648.51 82.07
26649.68 84.54
26650.85 83.27
26652.02 84.13
26653.18 85.07
26654.34 85.53
26655.50 84.77
26656.68 84.38
26657.84 84.19
26659.01 85.10
26660.17 83.55
26661.34 83.77
26662.50 82.89
26663.68 81.94
26664.84 82.97
26666.00 81.99
26667.15 82.99
26668.32 82.50
26669.48 82.75
26670.65 82.37
26671.83 83.19
26672.99 83.09
26674.15 83.55
26675.33 84.27
26676.50 84.14
26677.67 83.07
26678.83 82.53
26680.00 82.77
26681.15 83.38
26682.32 83.19
26683.49 83.60
26684.65 85.30
26685.82 84.15
26686.99 83.07
26688.15 83.04
26689.31 83.52
26690.48 85.26
26691.65 83.63
26692.83 83.31
26693.99 83.16
26695.16 83.08
26696.32 83.54
26697.49 84.77
26698.66 84.38
26699.83 84.19
26701.00 85.60
26702.15 85.80
26703.31 86.40
26704.47 85.20
26705.63 86.10
26706.80 86.05
26707.96 84.02
26709.12 83.51
