0.0 0.729321587919
1.08 0.775082942455
2.17 1.08111200092
3.26 0.806543873699
4.34 0.526255577165
5.43 0.815124127674
6.51 0.817984212333
7.59 0.817984212333
8.66 32.7079281547
9.83 57.0901498684
10.99 45.8271364832
12.16 33.9063036266
13.33 59.1179498913
14.49 57.4247797735
15.66 43.7078137513
16.83 62.7330968997
17.99 75.6778400641
19.15 57.9824962819
20.32 55.2854364489
21.49 71.6680013728
22.66 63.6998055142
23.83 47.5603477863
25.0 66.230980437
26.17 78.5722457385
27.34 59.4296991191
28.51 64.1574190596
29.68 77.1050223087
30.85 64.7036952294
32.02 48.4898753003
33.19 36.2372726233
34.36 28.2519162567
35.49 57.579224345
36.66 74.2449376502
37.84 83.4372497426
39.01 67.7239446288
40.18 50.5748770164
41.36 67.7382450521
42.53 80.1824734012
43.69 61.666285322
44.86 59.698547077
46.03 75.0200205926
47.19 66.0908362888
48.37 50.1859055028
49.54 68.5447889258
50.7 80.5857453381
51.87 61.1514700835
53.03 65.4501773252
54.2 78.0374099073
55.37 66.1680585745
56.53 50.225946688
57.69 37.9619036723
58.86 29.2586660565
60.03 58.6546161766
61.19 75.4976547306
62.37 84.9187735957
63.53 69.4685962704
64.68 52.445372383
65.85 39.7894977691
67.02 31.4580711589
68.19 60.0388971514
69.36 59.8873126645
70.53 47.6575906647
71.69 66.4226061091
72.86 79.3816496968
74.03 86.7206269306
75.2 90.8162681615
76.38 67.6982038668
77.55 49.7025511955
78.71 37.2726232696
79.88 58.0854593296
81.05 74.639629333
82.23 60.753918316
83.39 45.8013957213
84.57 67.9270106395
85.73 80.5628646608
86.9 88.0248255348
88.07 71.3047706212
89.25 53.3663196431
90.42 40.1041070816
91.59 38.3365747626
92.75 63.7655874614
93.91 78.3405788811
95.08 86.4832399039
96.24 69.1053655188
97.41 51.8361743508
98.58 70.9443999542
99.75 73.492735385
100.91 56.8899439423
102.08 69.7517446516
103.25 81.189223201
104.41 64.8867406475
105.57 48.8674064752
106.73 68.3159821531
107.88 80.9003546505
109.03 61.7377874385
110.19 46.2933302826
111.35 34.9959958815
112.52 57.2331541014
113.69 73.9303283377
114.86 59.9673950349
116.03 45.8385768219
117.2 67.9441711475
118.37 80.7144491477
119.53 87.6730351218
120.69 71.4163139229
121.86 53.5636654845
123.03 71.6651412882
124.2 80.142432216
125.38 60.7882393319
126.55 45.2465392976
127.71 34.329596156
128.89 59.329596156
130.05 75.6921404874
131.23 84.8758723258
132.39 79.7420203638
133.55 60.0131563894
134.71 44.8604278687
135.88 34.1351103993
137.05 59.6642260611
138.23 76.2870380963
139.4 85.4593295962
140.57 90.4730580025
141.74 66.951721771
142.91 49.187735957
144.07 37.0152156504
145.25 59.6728063151
146.41 75.7207413339
147.58 60.2905846013
148.74 52.5769362773
149.91 72.0312321245
151.09 83.1855622926
152.25 89.0515959272
153.42 70.8185562293
154.59 53.1203523624
155.75 40.1269877588
156.91 50.360370667
158.09 70.0634938794
159.26 62.7531174923
160.43 48.5184761469
161.59 68.1415169889
162.75 80.8116920261
163.92 87.721656561
165.08 78.1603935476
166.25 58.9377645578
167.42 72.3515616062
168.59 82.7737101018
169.75 64.8209587004
170.92 48.6929413111
172.09 68.7993364604
173.26 77.8543644892
174.43 59.0693284521
175.59 44.6745223659
176.75 33.7575792243
177.93 58.6145749914
179.09 75.334629905
180.26 59.2409335316
181.43 61.4918201579
182.59 76.6302482553
183.75 85.3420661252
184.92 90.2728520764
186.08 70.426724631
187.25 52.353849674
188.42 39.1717194829
189.58 53.0288296534
190.74 71.6823017961
191.91 62.7073561377
193.11 48.0637226862
194.32 68.7735956984
195.52 81.2721656561
196.72 88.3794760325
197.92 73.484155131
199.12 55.0280288297
200.33 72.3973229608
201.53 80.0795103535
202.72 60.3277657019
203.92 61.7463676925
205.13 76.4729435991
206.33 65.9592723945
207.53 49.9771193227
208.72 38.5539411967
209.93 42.2806315067
211.13 66.022194257
212.33 60.7338977234
213.53 47.6518704954
214.73 67.9927925867
215.93 80.7401899096
217.13 87.9704839263
218.34 74.1391145178
219.55 55.3540784807
220.75 41.3854250086
221.96 32.2560347786
223.17 61.0113259352
224.39 59.5155016588
225.59 47.0398123784
226.8 67.403615147
228.01 80.4427411051
229.21 60.6509552683
230.42 70.6326507265
231.62 81.6296762384
232.82 64.9639629333
234.03 48.4784349617
235.24 69.6945429585
236.45 82.1616519849
237.66 88.8227891546
238.87 74.1362544331
240.07 55.6400869466
241.28 72.8463562521
242.49 81.8785036037
243.69 61.3688365176
244.9 45.5354078481
246.11 34.4754604736
247.32 60.4049879876
248.53 76.515844869
249.73 85.4278686649
250.93 73.0122411623
252.13 55.2196545018
253.33 72.2056972886
254.53 82.9882164512
255.72 62.495709873
256.93 71.2704496053
258.14 82.3761583343
259.36 65.6217824048
260.56 49.3793616291
261.77 70.1464363345
262.97 66.6571330511
264.17 52.1851046791
265.38 70.2608397209
266.58 81.7297792015
267.78 62.4385081798
268.99 46.2132479121
270.2 68.5619494337
271.41 64.2918430386
272.61 50.1458643176
273.81 38.6368836518
275.02 30.1681729779
276.24 59.5383823361
277.44 59.4926209816
278.65 47.4602448232
279.85 67.6124013271
281.06 80.2625557717
282.27 60.8454410251
283.47 69.5858597414
284.68 80.963276513
285.89 87.6530145292
287.1 91.8573389772
288.31 67.7868664912
289.52 49.4623040842
290.72 37.152499714
291.93 61.0284864432
293.13 76.6845898639
294.33 59.0578881135
295.53 67.1176066812
296.73 79.3015673264
297.93 65.5130991877
299.12 49.4680242535
300.33 69.7603249056
301.53 82.1959730008
302.73 88.8399496625
303.94 78.0059489761
305.15 58.4315295733
306.36 43.4961674866
307.57 33.4544102505
308.78 61.4689394806
309.99 62.60439309
311.19 50.0143004233
312.41 68.4618464707
313.61 80.828852534
314.81 88.0162452809
316.02 78.5951264157
317.23 58.869122526
318.43 43.8565381535
319.63 33.4915913511
320.84 61.0570872898
322.04 64.1145177897
323.25 50.6292186249
324.46 68.3388628303
325.66 80.7687907562
326.87 61.9580139572
328.07 66.9946230408
329.29 79.5246539298
330.49 65.9135110399
331.69 50.0972428784
332.89 69.7889257522
334.1 81.7784006407
335.31 88.7770278
336.51 78.6895092095
337.72 59.2008923464
338.93 44.1682873813
340.13 33.3600274568
341.33 60.9913053426
342.53 64.5120695573
343.72 50.6835602334
344.93 67.9355908935
346.13 80.2825763643
347.35 62.14391946
348.55 66.5169889029
349.77 79.4274110514
350.97 86.8865118408
352.18 91.3282233154
353.39 69.2397894978
354.6 69.6373412653
355.81 80.9890172749
357.02 67.9298707242
358.24 51.2498569958
359.44 39.3318842238
360.65 50.2488273653
361.86 70.1521565038
363.08 82.1044502917
364.29 88.5081798421
365.49 67.8297677611
366.69 50.1973458414
367.9 70.6984326736
369.11 68.9337604393
370.31 53.3234183732
371.51 40.6561034207
372.72 31.4637913282
373.93 59.8987530031
375.13 63.6797849216
376.33 50.2659878732
377.53 67.7296647981
378.73 80.1767532319
379.93 87.4041871639
381.14 81.1491820158
382.35 60.8597414483
383.56 45.1407161652
384.76 34.7042672463
385.97 61.2344125386
387.18 67.6352820043
388.39 52.8171833886
389.61 68.7192540899
390.81 81.1005605766
392.02 88.0076650269
393.24 82.7393890859
394.45 61.7978492163
395.66 74.0676124013
396.89 84.0607481981
398.09 65.0354650498
399.3 48.5127559776
400.51 69.5686992335
401.71 68.5133279945
402.92 52.9716279602
404.13 40.0497654731
405.34 31.3036265873
406.55 59.6756663997
407.75 63.7112458529
408.95 50.2831483812
410.17 67.8783892003
411.38 80.3969797506
412.59 87.7988788468
413.79 79.6304770621
415.0 59.2437936163
416.22 73.0751630248
417.43 83.5659535522
418.63 64.0716165198
419.83 47.6032490562
421.03 36.3659764329
422.24 59.0607481981
423.45 75.5577165084
424.66 84.9502345269
425.88 79.4931929985
427.08 59.8901727491
428.29 73.2553483583
429.5 83.6574762613
430.71 64.6893948061
431.92 48.3411508981
433.13 69.3398924608
434.32 68.1129161423
435.52 53.0545704153
436.73 69.4085344926
437.93 81.3036265873
439.13 62.6558746139
440.34 66.9145406704
441.54 79.3416085116
442.74 66.2510010296
443.95 50.2659878732
445.16 70.0148724402
446.37 70.8814780918
447.57 54.7277199405
448.77 70.10067498
449.98 81.649696831
451.19 63.1134881592
452.4 65.0011440339
453.61 78.2404759181
454.81 66.8430385539
456.01 50.8494451436
457.23 38.1306486672
458.43 46.3591122297
459.63 68.207298936
460.83 61.3974373641
462.03 47.5517675323
463.23 67.9441711475
464.43 77.2823475575
465.63 58.643175838
466.83 44.0310033177
468.02 33.4343896579
469.23 59.455439881
470.43 75.7550623498
471.64 85.05033749
472.85 90.41013614
474.06 93.3789040156
475.27 94.8604278687
476.48 95.8900583457
477.69 96.6880219655
478.89 97.2314380506
480.1 97.3601418602
481.31 97.5689280403
482.52 97.8148953209
483.73 98.0808831941
484.93 97.9264386226
486.13 98.1380848873
487.35 98.241047935
488.56 98.2953895435
489.76 98.4641345384
490.97 98.5470769935
492.17 98.5899782634
493.39 98.7558631735
494.6 98.6929413111
495.81 98.8073446974
497.01 98.718682073
498.23 98.818785036
499.43 98.727262327
500.64 98.8216451207
501.85 99.0132707928
503.05 98.9675094383
504.27 98.9417686764
505.47 99.0733325706
506.68 99.1391145178
507.89 99.0304313008
509.1 99.2592380734
510.31 99.5195057774
511.52 99.2191968882
512.72 99.4966251001
513.92 99.2077565496
515.13 99.2077565496
516.33 99.061892232
517.53 98.9903901155
518.73 98.9560690996
519.94 99.07905274
521.15 98.9989703695
522.37 99.1019334172
523.57 99.1534149411
524.77 99.179155703
525.98 98.9074476605
527.19 98.9131678298
528.41 99.3450406132
529.61 99.1305342638
530.81 99.4537238302
532.03 99.3307401899
533.23 99.2678183274
534.44 99.2363573962
535.65 99.0761926553
536.86 99.1419746024
538.07 99.3164397666
539.28 99.2592380734
540.49 99.5195057774
541.69 99.3622011212
542.9 99.1391145178
544.11 99.4594439995
545.33 99.3307401899
546.53 99.1248140945
547.73 99.4508637456
548.93 99.3278801053
550.13 99.2678183274
551.35 99.522365862
552.56 99.3622011212
553.77 99.4279830683
554.97 99.6024482325
556.18 99.4022423064
557.4 99.1619951951
558.61 99.0390115547
559.81 98.9789497769
561.02 99.0933531633
562.23 99.2906990047
563.43 99.5338062007
564.63 99.2277771422
565.84 99.2163368036
567.05 99.2106166343
568.25 99.2077565496
569.46 99.4909049308
570.66 99.6339091637
571.87 99.4194028143
573.08 99.4565839149
574.29 99.6167486558
575.49 99.4108225603
576.7 99.3078595126
577.91 99.2563779888
579.13 99.0876329939
580.34 99.430843153
581.55 99.4623040842
582.75 99.4766045075
583.96 99.3393204439
585.17 99.2735384967
586.39 99.5252259467
587.6 99.2220569729
588.8 99.4994851848
590.01 99.4937650154
591.22 99.4937650154
592.44 99.3479006979
593.64 99.4194028143
594.85 99.4565839149
596.05 99.4737444228
597.26 99.3393204439
598.47 99.413682645
599.68 99.4537238302
600.89 99.1848758723
602.09 99.4823246768
603.3 99.3421805285
604.51 99.1305342638
605.72 99.0247111314
606.93 98.9732296076
608.13 99.2306372269
609.34 99.2191968882
610.55 99.3536208672
611.75 99.422262899
612.97 99.4565839149
614.17 99.4737444228
615.39 99.3393204439
616.6 99.1305342638
617.81 99.1677153644
619.01 99.1848758723
620.23 99.4823246768
621.43 99.4851847615
622.63 99.4880448461
623.83 99.4909049308
625.02 99.3479006979
626.23 99.5624070472
627.43 99.5252259467
628.64 99.5080654387
629.85 99.6424894177
631.05 99.7111314495
632.26 99.4565839149
633.47 99.187735957
634.68 99.196316211
635.89 99.3450406132
637.09 99.1305342638
638.3 99.1677153644
639.51 99.187735957
640.72 99.3393204439
641.93 99.413682645
643.13 99.4537238302
644.34 99.3278801053
645.55 99.2678183274
646.76 99.0933531633
647.97 99.0046905388
649.17 99.3908019677
650.39 99.2992792587
651.6 99.1076535865
652.8 99.1562750257
654.01 99.0390115547
655.23 99.4079624757
656.44 99.7340121268
657.65 99.4708843382
658.87 99.4794645922
660.08 99.4851847615
661.29 99.4880448461
662.49 99.4909049308
663.69 99.4909049308
664.89 99.4909049308
666.09 99.4909049308
667.29 99.4909049308
668.49 99.3479006979
669.69 99.2763985814
670.9 99.0962132479
672.11 99.4365633223
673.33 99.6081684018
674.53 99.6911108569
675.73 99.5910078938
676.93 99.3993822217
678.13 99.3021393433
679.35 99.2535179041
680.56 99.2277771422
681.76 99.2163368036
682.97 99.4966251001
684.17 99.4937650154
685.39 99.2077565496
686.6 99.3479006979
687.8 99.7054112802
689.01 99.4565839149
690.22 99.3307401899
691.43 99.1248140945
692.63 99.1648552797
693.84 99.3278801053
695.05 99.1219540098
696.25 99.4508637456
697.46 99.4708843382
698.67 99.1934561263
699.88 99.4851847615
701.09 99.4880448461
702.29 99.7769133966
703.49 99.4909049308
704.69 99.4909049308
705.89 99.4909049308
707.09 99.2048964649
708.29 99.4909049308
709.49 99.4909049308
710.69 99.3479006979
711.9 99.1333943485
713.11 99.313579682
714.33 99.5452465393
715.53 99.3736414598
716.73 99.2906990047
717.93 99.5338062007
719.13 99.5109255234
720.34 99.2163368036
721.55 99.3536208672
722.75 99.422262899
723.96 99.4565839149
725.17 99.3307401899
726.38 99.2678183274
727.6 99.3793616291
728.81 99.4337032376
730.01 99.4623040842
731.21 99.6196087404
732.42 99.5566868779
733.63 99.3793616291
734.84 99.2935590893
736.05 99.3908019677
737.26 99.1562750257
738.47 99.0361514701
739.68 99.2649582428
740.89 99.6625100103
742.09 99.2906990047
743.3 99.3908019677
744.51 99.5852877245
745.72 99.3936620524
746.93 99.4422834916
748.13 99.1820157877
749.35 99.1934561263
750.56 99.4851847615
751.76 99.3450406132
752.97 99.4165427297
754.17 99.7397322961
755.39 99.4737444228
756.6 99.3393204439
757.8 99.2706784121
759.01 99.2392174808
760.23 99.07905274
761.43 99.1419746024
762.63 99.1734355337
763.83 99.0447317241
765.04 99.2678183274
766.25 99.3793616291
767.45 99.4365633223
768.66 99.4623040842
769.86 99.6196087404
771.07 99.413682645
772.28 99.3078595126
773.49 99.3993822217
774.7 99.4451435762
775.91 99.4680242535
777.12 99.4794645922
778.33 99.3421805285
779.53 99.4165427297
780.73 99.5967280632
781.93 99.6882507722
783.14 99.874156275
784.36 99.6825306029
785.57 99.7311520421
786.77 99.4680242535
787.97 99.4794645922
789.18 99.3421805285
790.4 99.4165427297
791.61 99.4537238302
792.81 99.3278801053
794.02 99.4108225603
795.23 99.3078595126
796.44 99.2563779888
797.65 99.3736414598
798.85 99.28783892
800.06 99.6768104336
801.27 99.296419174
802.48 99.2506578195
803.69 99.3707813751
804.89 99.430843153
806.1 99.3192998513
807.31 99.2620981581
808.52 99.3765015444
809.72 99.5767074705
810.93 99.5338062007
812.13 99.3679212905
813.35 99.7168516188
814.56 99.4594439995
815.76 99.4766045075
816.97 99.3393204439
818.17 99.2735384967
819.39 99.6682301796
820.6 99.4365633223
821.81 99.4623040842
823.01 99.3336002746
824.22 99.413682645
825.43 99.4508637456
826.63 99.6138885711
827.84 99.5538267933
829.05 99.3793616291
830.26 99.2906990047
831.47 99.5338062007
832.68 99.5137856081
833.89 99.5023452694
835.09 99.3536208672
836.3 99.5652671319
837.51 99.5280860313
838.72 99.6510696717
839.93 99.4279830683
841.13 99.3164397666
842.34 99.405102391
843.55 99.4480036609
844.75 99.1820157877
845.96 99.1934561263
847.17 99.1991762956
848.38 99.2020363803
849.59 99.2048964649
850.78 99.4909049308
851.98 99.3479006979
853.18 99.2763985814
854.4 99.5252259467
855.61 99.5080654387
856.81 99.4994851848
858.02 99.3536208672
859.23 99.2792586661
860.44 99.5280860313
861.65 99.6510696717
862.85 99.7139915341
864.06 99.4594439995
865.27 99.7626129733
866.48 99.6253289097
867.69 99.8455554284
868.9 99.8112344125
870.12 99.7940739046
871.33 99.4994851848
872.53 99.3507607825
873.73 99.2792586661
874.94 99.2420775655
876.16 99.3650612058
877.37 99.2849788354
878.58 99.2449376502
879.79 99.5109255234
880.99 99.7883537353
882.21 99.4966251001
883.41 99.7797734813
884.61 99.9199176296
885.81 99.5624070472
887.02 99.8140944972
888.23 99.9370781375
889.44 99.5709873012
890.65 99.530946116
891.86 99.7969339892
893.07 99.5023452694
894.28 99.4966251001
895.49 99.4937650154
896.69 99.4909049308
897.89 99.7769133966
899.09 99.6339091637
900.29 99.8484155131
901.5 99.9570987301
902.72 99.7225717881
903.93 99.4651641689
905.13 99.4766045075
906.34 99.4851847615
907.55 99.3450406132
908.75 99.5595469626
909.96 99.6682301796
911.17 99.4365633223
912.39 99.4651641689
913.6 99.4766045075
914.8 99.3421805285
916.01 99.4165427297
917.22 99.4537238302
918.43 99.6138885711
919.63 99.5538267933
920.84 99.665370095
922.05 99.4337032376
923.25 99.4623040842
924.45 99.4766045075
925.66 99.6281889944
926.87 99.5595469626
928.08 99.3822217138
929.29 99.5795675552
930.5 99.6768104336
931.71 99.7282919574
932.92 99.6081684018
934.13 99.5509667086
935.35 99.5195057774
936.56 99.648209587
937.77 99.5709873012
938.98 99.530946116
940.2 99.6539297563
941.41 99.7139915341
942.61 99.7454524654
943.81 99.4766045075
945.02 99.6253289097
946.23 99.5595469626
947.44 99.8112344125
948.65 99.9370781375
949.86 99.7139915341
951.07 99.4594439995
952.28 99.6167486558
953.49 99.4108225603
954.69 99.3078595126
955.9 99.3993822217
957.11 99.3021393433
958.33 99.6825306029
959.53 99.7311520421
960.73 99.4680242535
961.93 99.3364603592
963.14 99.413682645
964.37 99.7368722114
965.57 99.4708843382
966.77 99.4823246768
967.98 99.4851847615
969.2 99.4880448461
970.41 99.7769133966
971.61 99.4909049308
972.8 99.4909049308
974.0 99.4909049308
975.21 99.4909049308
976.41 99.3479006979
977.61 99.4194028143
978.81 99.4537238302
980.01 99.187735957
981.22 99.3393204439
982.43 99.2706784121
983.64 99.3822217138
984.85 99.4365633223
986.06 99.1762956184
987.26 99.1905960416
988.47 99.4851847615
989.68 99.4880448461
990.89 99.3450406132
992.09 99.4194028143
993.3 99.3107195973
994.51 99.6882507722
995.72 99.5881478092
996.93 99.53952637
998.14 99.5166456927
999.36 99.5023452694
1000.57 99.2106166343
1001.77 99.6367692484
1002.97 99.422262899
1004.18 99.313579682
1005.4 99.2592380734
1006.61 99.2306372269
1007.81 99.3622011212
1009.01 99.4251229836
1010.23 99.3164397666
1011.44 99.4022423064
1012.65 99.304999428
1013.86 99.3965221371
1015.07 99.1591351104
1016.28 99.3250200206
1017.49 99.6939709415
1018.69 99.8770163597
1019.9 99.5423864546
1021.11 99.5166456927
1022.31 99.5023452694
1023.51 99.2106166343
1024.71 99.2077565496
1025.92 99.4937650154
1027.13 99.3479006979
1028.33 99.5624070472
1029.54 99.6710902643
1030.75 99.4365633223
1031.96 99.4651641689
1033.17 99.7626129733
1034.38 99.6281889944
1035.59 99.8455554284
1036.8 99.6682301796
1038.01 99.7225717881
1039.21 99.4623040842
1040.41 99.3336002746
1041.62 99.2706784121
1042.83 99.522365862
1044.05 99.5080654387
1045.25 99.6424894177
1046.46 99.422262899
1047.67 99.5995881478
1048.88 99.6882507722
1050.09 99.4480036609
1051.3 99.3250200206
1052.51 99.2649582428
1053.72 99.3793616291
1054.93 99.2906990047
1056.13 99.2477977348
1057.35 99.2277771422
1058.56 99.5023452694
1059.76 99.3536208672
1060.97 99.422262899
1062.17 99.4565839149
1063.39 99.3307401899
1064.6 99.4108225603
1065.81 99.3078595126
1067.01 99.5423864546
1068.22 99.3736414598
1069.43 99.5738473859
1070.64 99.6768104336
1071.85 99.5824276399
1073.06 99.3936620524
1074.27 99.4422834916
1075.48 99.4680242535
1076.69 99.3364603592
1077.89 99.5566868779
1079.1 99.665370095
1080.31 99.7225717881
1081.52 99.6053083171
1082.72 99.405102391
1083.92 99.304999428
1085.13 99.2563779888
1086.34 99.3736414598
1087.55 99.28783892
1088.75 99.5338062007
1089.96 99.6539297563
1091.17 99.8598558517
1092.39 99.530946116
1093.6 99.5109255234
1094.8 99.6453495023
1096.01 99.7111314495
1097.21 99.4565839149
1098.42 99.3307401899
1099.63 99.4108225603
1100.84 99.5938679785
1102.05 99.5423864546
1103.25 99.3736414598
1104.47 99.2906990047
1105.68 99.3908019677
1106.89 99.5824276399
1108.09 99.5366662853
1109.3 99.5137856081
1110.5 99.5023452694
1111.7 99.4966251001
1112.91 99.7797734813
1114.12 99.4937650154
1115.33 99.3479006979
1116.53 99.4194028143
1117.73 99.7425923807
1118.93 99.4737444228
1120.13 99.3393204439
1121.35 99.5566868779
1122.56 99.3822217138
1123.77 99.1505548564
1124.97 99.4623040842
1126.17 99.3336002746
1127.39 99.2706784121
1128.6 99.2363573962
1129.81 99.5080654387
1131.01 99.6424894177
1132.22 99.7082713648
1133.43 99.7425923807
1134.63 99.4737444228
1135.84 99.4823246768
1137.05 99.6310490791
1138.26 99.5595469626
1139.47 99.3822217138
1140.68 99.4365633223
1141.89 99.179155703
1143.1 99.0475918087
1144.32 99.1276741792
1145.53 99.4508637456
1146.73 99.3278801053
1147.93 99.5538267933
1149.14 99.522365862
1150.37 99.5052053541
1151.57 99.3564809518
1152.78 99.422262899
1153.99 99.7425923807
1155.21 99.4737444228
1156.41 99.7683331427
1157.62 99.4880448461
1158.82 99.3450406132
1160.03 99.4194028143
1161.23 99.5967280632
1162.43 99.5452465393
1163.64 99.5166456927
1164.85 99.2191968882
1166.06 99.3536208672
1167.27 99.1362544331
1168.48 99.4565839149
1169.69 99.4737444228
1170.89 99.3393204439
1172.1 99.4165427297
1173.33 99.4537238302
1174.53 99.4708843382
1175.73 99.3393204439
1176.93 99.2706784121
1178.14 99.5252259467
1179.37 99.3650612058
1180.57 99.7139915341
1181.77 99.6024482325
1182.98 99.8312550051
1184.2 99.6625100103
1185.41 99.5767074705
1186.61 99.5338062007
1187.82 99.3679212905
1189.03 99.28783892
1190.24 99.2449376502
1191.45 99.2249170575
1192.65 99.3593410365
1193.87 99.5681272166
1195.08 99.3850817984
1196.29 99.5824276399
1197.5 99.6796705182
1198.71 99.7282919574
1199.92 99.8941768676
1201.13 99.6939709415
1202.34 99.8770163597
1203.55 99.3993822217
1204.76 99.7311520421
1205.97 99.3250200206
1207.19 99.5509667086
1208.41 99.5195057774
1209.61 99.5052053541
1210.81 99.4994851848
1212.02 99.6367692484
1213.23 99.8512755978
1214.44 99.8140944972
1215.65 99.7940739046
1216.86 99.6424894177
1218.07 99.5681272166
1219.28 99.5280860313
1220.49 99.6539297563
1221.7 99.8569957671
1222.91 99.8169545819
1224.12 99.5109255234
1225.33 99.7883537353
1226.53 99.4966251001
1227.73 99.4937650154
1228.93 99.6339091637
1230.13 99.8484155131
1231.34 99.9570987301
1232.56 99.7225717881
1233.77 99.4651641689
1234.98 99.4766045075
1236.2 99.3421805285
1237.41 99.4165427297
1238.62 99.3107195973
1239.82 99.3993822217
1241.03 99.5881478092
1242.23 99.3965221371
1243.43 99.5881478092
1244.64 99.3965221371
1245.85 99.2992792587
1247.07 99.53952637
1248.28 99.656789841
1249.49 99.7168516188
1250.69 99.6053083171
1251.91 99.405102391
1253.11 99.304999428
1254.33 99.3965221371
1255.53 99.1591351104
1256.73 99.3250200206
1257.94 99.4079624757
1259.15 99.304999428
1260.37 99.2563779888
1261.58 99.0876329939
1262.78 99.1448346871
1263.99 99.4623040842
1265.21 99.6196087404
1266.41 99.4108225603
1267.62 99.5938679785
1268.82 99.5423864546
1270.03 99.3736414598
1271.23 99.7197117035
1272.43 99.891316783
1273.63 99.8341150898
1274.83 99.5195057774
1276.03 99.3622011212
1277.23 99.4251229836
1278.43 99.6024482325
1279.63 99.4022423064
1280.84 99.304999428
1282.05 99.1105136712
1283.26 99.4451435762
1284.47 99.4680242535
1285.69 99.765473058
1286.89 99.7711932273
1288.1 99.9170575449
1289.32 99.9885596614
1290.53 99.5967280632
1291.73 99.8312550051
1292.93 99.6596499256
1294.13 99.4337032376
1295.34 99.3192998513
1296.55 99.2620981581
1297.75 99.2334973115
1298.96 99.3622011212
1300.17 99.5681272166
1301.38 99.2449376502
1302.59 99.5109255234
1303.79 99.6424894177
1305.0 99.4251229836
1306.21 99.5995881478
1307.42 99.4022423064
1308.63 99.304999428
1309.84 99.6825306029
1311.05 99.7311520421
1312.25 99.7540327194
1313.46 99.6224688251
1314.67 99.5566868779
1315.89 99.3793616291
1317.1 99.4365633223
1318.32 99.3192998513
1319.53 99.548106624
1320.73 99.3765015444
1321.93 99.5767074705
1323.13 99.6768104336
1324.34 99.5852877245
1325.56 99.5366662853
1326.77 99.3707813751
1327.97 99.430843153
1329.19 99.7483125501
1330.4 99.7626129733
1331.61 99.9113373756
1332.81 99.7025511955
1334.02 99.882736529
1335.23 99.9713991534
1336.43 99.7311520421
1337.63 99.8970369523
1338.84 99.5509667086
1340.05 99.522365862
1341.27 99.3622011212
1342.48 99.2849788354
1343.69 99.6739503489
1344.9 99.5824276399
1346.12 99.3936620524
1347.33 99.2992792587
1348.54 99.3936620524
1349.75 99.2992792587
1350.97 99.6825306029
1352.19 99.8712961904
1353.4 99.6825306029
1354.61 99.5852877245
1355.81 99.53952637
1357.02 99.5137856081
1358.22 99.5023452694
1359.43 99.782633566
1360.63 99.9227777142
1361.84 99.5652671319
1363.05 99.3850817984
1364.26 99.7225717881
1365.47 99.7511726347
1366.68 99.4766045075
1367.89 99.1991762956
1369.09 99.4880448461
1370.3 99.4880448461
1371.51 99.4909049308
1372.72 99.7769133966
1373.92 99.9199176296
1375.13 99.7054112802
1376.34 99.882736529
1377.55 99.5452465393
1378.76 99.5166456927
1379.97 99.3622011212
1381.19 99.2821187507
1382.41 99.3879418831
1383.61 99.7254318728
1384.81 99.6081684018
1386.03 99.8341150898
1387.23 99.8055142432
1388.43 99.7912138199
1389.63 99.9284978835
1390.84 99.5652671319
1392.05 99.3850817984
1393.26 99.7254318728
1394.47 99.4651641689
1395.68 99.3336002746
1396.89 99.413682645
1398.09 99.3078595126
1399.31 99.2563779888
1400.52 99.5166456927
1401.72 99.648209587
1402.93 99.5681272166
1404.13 99.8169545819
1405.35 99.5109255234
1406.56 99.4994851848
1407.76 99.639629333
1408.97 99.422262899
1410.18 99.313579682
1411.39 99.4022423064
1412.6 99.4451435762
1413.8 99.3250200206
1415.01 99.2649582428
1416.22 99.665370095
1417.43 99.2906990047
1418.63 99.2477977348
1419.85 99.656789841
1421.05 99.8598558517
1422.26 99.530946116
1423.47 99.6539297563
1424.68 99.8598558517
1425.89 99.6739503489
1427.09 99.5824276399
1428.31 99.6796705182
1429.52 99.8712961904
1430.73 99.53952637
1431.93 99.3707813751
1433.14 99.430843153
1434.36 99.4623040842
1435.57 99.4766045075
1436.77 99.3393204439
1437.97 99.5595469626
1439.19 99.5252259467
1440.41 99.2220569729
1441.61 99.3564809518
1442.81 99.2792586661
1444.02 99.2420775655
1445.23 99.2249170575
1446.44 99.2134767189
1447.65 99.3536208672
1448.86 99.7082713648
1450.07 99.7425923807
1451.28 99.6167486558
1452.49 99.4108225603
1453.69 99.5938679785
1454.9 99.3993822217
1456.11 99.4451435762
1457.33 99.4680242535
1458.53 99.3364603592
1459.73 99.413682645
1460.93 99.7368722114
1462.13 99.756892804
1463.34 99.7683331427
1464.55 99.9141974602
1465.75 99.5595469626
1466.97 99.6682301796
1468.18 99.7225717881
1469.39 99.4651641689
1470.6 99.4766045075
1471.8 99.4851847615
1473.01 99.4880448461
1474.21 99.3450406132
1475.42 99.2763985814
1476.63 99.0962132479
1477.84 99.4365633223
1479.05 99.3221599359
1480.26 99.1190939252
1481.47 99.4480036609
1482.68 99.756892804
1483.89 99.765473058
1485.09 99.9141974602
1486.31 99.7025511955
1487.52 99.882736529
1488.73 99.9742592381
1489.93 99.5881478092
1491.13 99.3965221371
1492.35 99.7311520421
1493.57 99.4680242535
1494.77 99.3364603592
1495.98 99.413682645
1497.2 99.5938679785
1498.41 99.3993822217
1499.61 99.7311520421
1500.81 99.7540327194
1502.02 99.4794645922
1503.23 99.6281889944
1504.43 99.5595469626
1505.63 99.3822217138
1506.84 99.4365633223
1508.05 99.4651641689
1509.26 99.4766045075
1510.47 99.4851847615
1511.68 99.6310490791
1512.89 99.5595469626
1514.09 99.5252259467
1515.32 99.5080654387
1516.53 99.6424894177
1517.73 99.5681272166
1518.93 99.5280860313
1520.14 99.5109255234
1521.36 99.3564809518
1522.57 99.2821187507
1523.77 99.3850817984
1524.98 99.296419174
1526.2 99.5366662853
1527.41 99.7997940739
1528.61 99.9313579682
1529.81 99.5681272166
1531.02 99.5280860313
1532.23 99.7969339892
1533.43 99.7854936506
1534.63 99.639629333
1535.84 99.422262899
1537.05 99.7425923807
1538.25 99.4737444228
1539.46 99.4823246768
1540.68 99.7711932273
1541.89 99.6310490791
1543.09 99.5624070472
1544.32 99.3822217138
1545.53 99.2935590893
1546.73 99.5366662853
1547.93 99.3707813751
1549.13 99.28783892
1550.35 99.2449376502
1551.56 99.5109255234
1552.76 99.5023452694
1553.97 99.639629333
1555.19 99.5652671319
1556.4 99.3850817984
1557.61 99.5795675552
1558.81 99.3936620524
1560.02 99.4422834916
1561.23 99.4651641689
1562.43 99.4794645922
1563.63 99.4851847615
1564.83 99.6310490791
1566.03 99.5595469626
1567.23 99.6682301796
1568.44 99.5795675552
1569.65 99.5366662853
1570.87 99.3707813751
1572.08 99.5738473859
1573.29 99.3879418831
1574.5 99.296419174
1575.71 99.2506578195
1576.92 99.2277771422
1578.12 99.5023452694
1579.33 99.3536208672
1580.53 99.422262899
1581.73 99.5995881478
1582.93 99.5452465393
1584.14 99.3765015444
1585.36 99.5767074705
1586.57 99.6768104336
1587.77 99.5824276399
1588.98 99.5366662853
1590.19 99.656789841
1591.41 99.5738473859
1592.61 99.3908019677
1593.82 99.296419174
1595.03 99.2506578195
1596.24 99.2277771422
1597.45 99.3593410365
1598.65 99.2821187507
1599.87 99.3879418831
1601.09 99.5824276399
1602.31 99.3936620524
1603.52 99.5852877245
1604.73 99.5366662853
1605.93 99.5137856081
1607.13 99.6453495023
1608.35 99.5681272166
1609.56 99.6739503489
1610.77 99.7254318728
1611.97 99.6081684018
1613.19 99.548106624
1614.41 99.5195057774
1615.61 99.648209587
1616.81 99.7139915341
1618.02 99.6024482325
1619.23 99.5452465393
1620.44 99.5195057774
1621.65 99.5052053541
1622.85 99.639629333
1624.06 99.5652671319
1625.27 99.6710902643
1626.48 99.5824276399
1627.69 99.5366662853
1628.91 99.5137856081
1630.11 99.5023452694
1631.33 99.4966251001
1632.53 99.6367692484
1633.73 99.4194028143
1634.93 99.5995881478
1636.14 99.6882507722
1637.36 99.7311520421
1638.57 99.7540327194
1639.77 99.765473058
1640.98 99.6281889944
1642.19 99.5595469626
1643.41 99.5252259467
1644.61 99.5080654387
1645.81 99.4994851848
1647.03 99.4966251001
1648.24 99.4937650154
1649.45 99.6339091637
1650.65 99.5624070472
1651.87 99.5280860313
1653.09 99.6510696717
1654.31 99.5709873012
1655.52 99.3879418831
1656.73 99.296419174
1657.93 99.3936620524
1659.13 99.7282919574
1660.35 99.6110284864
1661.57 99.6939709415
1662.77 99.4480036609
1663.98 99.6138885711
1665.19 99.8369751745
1666.41 99.665370095
1667.62 99.2906990047
1668.82 99.2477977348
1670.03 99.3707813751
1671.23 99.28783892
1672.44 99.2449376502
1673.65 99.5109255234
1674.86 99.5023452694
1676.07 99.4966251001
1677.28 99.3507607825
1678.49 99.2763985814
1679.7 99.5280860313
1680.92 99.3650612058
1682.13 99.2849788354
1683.34 99.6739503489
1684.55 99.5824276399
1685.76 99.5366662853
1686.97 99.5137856081
1688.18 99.6453495023
1689.39 99.5681272166
1690.6 99.3879418831
1691.81 99.296419174
1693.02 99.3936620524
1694.23 99.2992792587
1695.44 99.6796705182
1696.65 99.5852877245
1697.86 99.53952637
1699.08 99.3707813751
1700.29 99.430843153
1701.49 99.3192998513
1702.7 99.405102391
1703.91 99.4480036609
1705.12 99.4680242535
1706.33 99.765473058
1707.53 99.6281889944
1708.73 99.8455554284
1709.94 99.8112344125
1711.16 99.9370781375
1712.37 99.7139915341
1713.59 99.4594439995
1714.79 99.3336002746
1716.01 99.4108225603
1717.21 99.7368722114
1718.42 99.899897037
1719.63 99.6968310262
1720.84 99.4508637456
1722.05 99.756892804
1723.25 99.765473058
1724.46 99.6281889944
1725.67 99.7025511955
1726.88 99.4537238302
1728.09 99.3307401899
1729.31 99.4108225603
1730.52 99.4508637456
1731.73 99.756892804
1732.93 99.6224688251
1734.13 99.413682645
1735.35 99.3107195973
1736.56 99.5423864546
1737.77 99.5166456927
1738.97 99.3622011212
1740.19 99.2821187507
1741.41 99.3879418831
1742.61 99.296419174
1743.82 99.5366662853
1745.03 99.3707813751
1746.23 99.28783892
1747.44 99.3879418831
1748.65 99.296419174
1749.86 99.2506578195
1751.07 99.656789841
1752.28 99.7168516188
1753.49 99.6053083171
1754.7 99.405102391
1755.91 99.5910078938
1757.12 99.3965221371
1758.33 99.3021393433
1759.54 99.2535179041
1760.75 99.3707813751
1761.96 99.5738473859
1763.17 99.2477977348
1764.39 99.6539297563
1765.6 99.430843153
1766.81 99.4594439995
1768.02 99.3336002746
1769.23 99.5538267933
1770.44 99.522365862
1771.65 99.3650612058
1772.87 99.2849788354
1774.08 99.2449376502
1775.3 99.3679212905
1776.51 99.2849788354
1777.72 99.2449376502
1778.93 99.2249170575
1780.13 99.2163368036
1781.34 99.2106166343
1782.55 99.4937650154
1783.75 99.7769133966
1784.95 99.3479006979
1786.17 99.2763985814
1787.38 99.3850817984
1788.59 99.2935590893
1789.8 99.3936620524
1791.01 99.5852877245
1792.21 99.5366662853
1793.42 99.5137856081
1794.63 99.3593410365
1795.84 99.4251229836
1797.05 99.3164397666
1798.26 99.2592380734
1799.47 99.2334973115
1800.68 99.0761926553
1801.89 99.4251229836
1803.09 99.3164397666
1804.31 99.4022423064
1805.52 99.5910078938
1806.73 99.3965221371
1807.94 99.7311520421
1809.15 99.6110284864
1810.37 99.4079624757
1811.57 99.5910078938
1812.77 99.3993822217
1813.98 99.5881478092
1815.19 99.8255348358
1816.4 99.656789841
1817.61 99.430843153
1818.81 99.3192998513
1820.01 99.2620981581
1821.22 99.5195057774
1822.43 99.3622011212
1823.63 99.5681272166
1824.84 99.8169545819
1826.05 99.3679212905
1827.26 99.5709873012
1828.47 99.3879418831
1829.68 99.296419174
1830.89 99.2506578195
1832.1 99.3707813751
1833.32 99.28783892
1834.53 99.3908019677
1835.73 99.7254318728
1836.93 99.6081684018
1838.14 99.5509667086
1839.37 99.8055142432
1840.57 99.9342180529
1841.77 100.0
1842.98 99.8884566983
1844.19 99.6882507722
1845.4 99.5910078938
1846.61 99.6825306029
1847.81 99.7311520421
1849.02 99.7540327194
1850.23 99.3364603592
1851.44 99.2706784121
1852.65 99.3793616291
1853.87 99.2935590893
1855.09 99.2477977348
1856.31 99.0847729093
1857.52 99.28783892
1858.73 99.3879418831
1859.93 99.296419174
1861.14 99.3936620524
1862.36 99.5852877245
1863.57 99.3965221371
1864.77 99.1562750257
1865.98 99.3250200206
1867.19 99.4079624757
1868.41 99.4480036609
1869.61 99.1848758723
1870.81 99.3364603592
1872.02 99.2706784121
1873.23 99.5252259467
1874.44 99.3650612058
1875.65 99.4279830683
1876.85 99.3164397666
1878.06 99.4022423064
1879.27 99.5910078938
1880.48 99.6825306029
1881.69 99.3021393433
1882.91 99.2535179041
1884.12 99.3707813751
1885.33 99.28783892
1886.53 99.3908019677
1887.73 99.296419174
1888.94 99.3936620524
1890.15 99.2992792587
1891.37 99.2535179041
1892.58 99.3707813751
1893.78 99.28783892
1895.0 99.5338062007
1896.21 99.5109255234
1897.41 99.5023452694
1898.61 99.4966251001
1899.81 99.6367692484
1901.02 99.7054112802
1902.23 99.5995881478
1903.44 99.5452465393
1904.65 99.3736414598
1905.86 99.2906990047
1907.07 99.2477977348
1908.29 99.2249170575
1909.49 99.2163368036
1910.7 99.4966251001
1911.91 99.7797734813
1913.12 99.4909049308
1914.33 99.4909049308
1915.52 99.4909049308
1916.72 99.3479006979
1917.93 99.2763985814
1919.13 99.2420775655
1920.35 99.2220569729
1921.56 99.6424894177
1922.77 99.5681272166
1923.98 99.3850817984
1925.19 99.7254318728
1926.4 99.4651641689
1927.61 99.3336002746
1928.81 99.2706784121
1930.02 99.3793616291
1931.23 99.7225717881
1932.44 99.6053083171
1933.65 99.548106624
1934.85 99.5195057774
1936.06 99.3622011212
1937.27 99.2849788354
1938.48 99.530946116
1939.69 99.5109255234
1940.9 99.4994851848
1942.11 99.639629333
1943.33 99.8512755978
1944.53 99.6710902643
1945.73 99.4365633223
1946.94 99.3221599359
1948.17 99.405102391
1949.37 99.5910078938
1950.58 99.5423864546
1951.79 99.3736414598
1953.0 99.5738473859
1954.21 99.5338062007
1955.42 99.5109255234
1956.62 99.5023452694
1957.82 99.4966251001
1959.03 99.3507607825
1960.24 99.2763985814
1961.45 99.3850817984
1962.66 99.4365633223
1963.87 99.4651641689
1965.08 99.4766045075
1966.29 99.3421805285
1967.5 99.4165427297
1968.72 99.5967280632
1969.93 99.3993822217
1971.13 99.5881478092
1972.34 99.6825306029
1973.55 99.7311520421
1974.76 99.7540327194
1975.97 99.765473058
1977.18 99.4851847615
1978.39 99.6310490791
1979.6 99.5595469626
1980.81 99.6682301796
1982.02 99.5795675552
1983.23 99.5366662853
1984.44 99.5137856081
1985.65 99.5023452694
1986.85 99.639629333
1988.06 99.422262899
1989.27 99.4565839149
1990.48 99.4737444228
1991.69 99.6253289097
1992.89 99.413682645
1994.1 99.3107195973
1995.33 99.2563779888
1996.53 99.2306372269
1997.73 99.3622011212
1998.93 99.4251229836
2000.13 99.4594439995
2001.34 99.4737444228
2002.55 99.6253289097
2003.75 99.5595469626
2004.97 99.6682301796
2006.18 99.5795675552
2007.39 99.6768104336
2008.6 99.7282919574
2009.81 99.7511726347
2011.01 99.765473058
2012.22 99.6281889944
2013.43 99.5595469626
2014.64 99.3822217138
2015.85 99.5795675552
2017.07 99.5338062007
2018.29 99.3707813751
2019.49 99.28783892
2020.7 99.3879418831
2021.91 99.5824276399
2023.12 99.5366662853
2024.34 99.5137856081
2025.55 99.5023452694
2026.75 99.4966251001
2027.96 99.6367692484
2029.17 99.5652671319
2030.39 99.5280860313
2031.6 99.5080654387
2032.8 99.4994851848
2034.01 99.639629333
2035.21 99.5652671319
2036.42 99.3850817984
2037.63 99.5795675552
2038.84 99.5366662853
2040.05 99.5137856081
2041.26 99.3593410365
2042.47 99.4251229836
2043.68 99.4565839149
2044.89 99.4737444228
2046.09 99.4823246768
2047.31 99.4880448461
2048.52 99.3450406132
2049.73 99.2763985814
2050.93 99.3822217138
2052.14 99.4365633223
2053.36 99.6081684018
2054.58 99.6911108569
2055.78 99.5910078938
2056.99 99.6853906876
2058.2 99.5881478092
2059.41 99.3965221371
2060.61 99.4422834916
2061.81 99.6110284864
2063.02 99.5509667086
2064.23 99.5195057774
2065.43 99.5052053541
2066.63 99.3564809518
2067.84 99.422262899
2069.05 99.4565839149
2070.26 99.4737444228
2071.47 99.4823246768
2072.68 99.4880448461
2073.89 99.6310490791
2075.09 99.5624070472
2076.31 99.3822217138
2077.52 99.2935590893
2078.73 99.3936620524
2079.93 99.5852877245
2081.14 99.6796705182
2082.37 99.5852877245
2083.57 99.53952637
2084.78 99.656789841
2085.99 99.5738473859
2087.2 99.5338062007
2088.41 99.6539297563
2089.62 99.430843153
2090.82 99.6024482325
2092.03 99.405102391
2093.23 99.5910078938
2094.44 99.6825306029
2095.65 99.4451435762
2096.86 99.3250200206
2098.07 99.5509667086
2099.29 99.6625100103
2100.49 99.5767074705
2101.69 99.5338062007
2102.91 99.656789841
2104.12 99.430843153
2105.33 99.6024482325
2106.53 99.548106624
2107.73 99.5195057774
2108.93 99.5052053541
2110.13 99.4966251001
2111.33 99.3507607825
2112.54 99.5652671319
2113.75 99.6710902643
2114.96 99.7225717881
2116.17 99.7511726347
2117.39 99.7626129733
2118.6 99.6281889944
2119.81 99.5595469626
2121.01 99.6682301796
2122.22 99.5795675552
2123.43 99.5338062007
2124.64 99.5137856081
2125.85 99.3593410365
2127.06 99.4251229836
2128.27 99.5995881478
2129.49 99.6882507722
2130.69 99.5910078938
2131.91 99.53952637
2133.12 99.6596499256
2134.33 99.5738473859
2135.53 99.6768104336
2136.73 99.5824276399
2137.94 99.6796705182
2139.16 99.5852877245
2140.37 99.53952637
2141.58 99.5137856081
2142.79 99.5023452694
2144.0 99.4966251001
2145.21 99.4937650154
2146.41 99.4937650154
2147.62 99.4909049308
2148.81 99.4909049308
2150.01 99.4909049308
2151.21 99.6339091637
2152.41 99.7054112802
2153.62 99.7425923807
2154.83 99.7597528887
2156.04 99.7683331427
2157.25 99.4851847615
2158.45 99.4880448461
2159.66 99.6339091637
2160.87 99.5624070472
2162.08 99.5252259467
2163.3 99.6510696717
2164.51 99.4279830683
2165.72 99.4594439995
2166.93 99.4766045075
2168.13 99.4823246768
2169.34 99.3450406132
2170.55 99.5595469626
2171.76 99.3822217138
2172.97 99.5795675552
2174.18 99.5366662853
2175.4 99.3707813751
2176.61 99.28783892
2177.81 99.3879418831
2179.02 99.4394234069
2180.23 99.3221599359
2181.44 99.5509667086
2182.65 99.5195057774
2183.86 99.648209587
2185.07 99.5709873012
2186.29 99.6739503489
2187.5 99.5824276399
2188.71 99.5366662853
2189.93 99.5137856081
2191.13 99.3593410365
2192.34 99.2821187507
2193.55 99.3850817984
2194.76 99.296419174
2195.97 99.2506578195
2197.18 99.3707813751
2198.39 99.430843153
2199.6 99.6024482325
2200.8 99.548106624
2202.01 99.5195057774
2203.22 99.648209587
2204.43 99.5681272166
2205.63 99.530946116
2206.84 99.5109255234
2208.05 99.4994851848
2209.25 99.4966251001
2210.46 99.4937650154
2211.67 99.4909049308
2212.87 99.3479006979
2214.08 99.2763985814
2215.29 99.3850817984
2216.51 99.5795675552
2217.72 99.3936620524
2218.93 99.5852877245
2220.13 99.6796705182
2221.35 99.5852877245
2222.56 99.53952637
2223.77 99.5137856081
2224.97 99.3593410365
2226.18 99.4251229836
2227.39 99.4594439995
2228.6 99.4737444228
2229.81 99.4823246768
2231.01 99.4880448461
2232.22 99.6310490791
2233.43 99.4194028143
2234.63 99.5967280632
2235.84 99.6882507722
2237.05 99.5881478092
2238.25 99.6825306029
2239.46 99.7311520421
2240.67 99.7540327194
2241.88 99.4794645922
2243.09 99.4851847615
2244.3 99.4880448461
2245.51 99.4880448461
2246.72 99.4909049308
2247.92 99.6339091637
2249.12 99.5624070472
2250.34 99.3822217138
2251.55 99.4365633223
2252.76 99.3221599359
2253.97 99.2620981581
2255.18 99.5195057774
2256.39 99.648209587
2257.6 99.5709873012
2258.81 99.530946116
2260.01 99.5109255234
2261.21 99.4994851848
2262.41 99.639629333
2263.63 99.5652671319
2264.84 99.6710902643
2266.05 99.7225717881
2267.26 99.4651641689
2268.48 99.4766045075
2269.69 99.4851847615
2270.89 99.4880448461
2272.1 99.6310490791
2273.32 99.4194028143
2274.53 99.3107195973
2275.73 99.2592380734
2276.94 99.2306372269
2278.16 99.3622011212
2279.37 99.4251229836
2280.57 99.6024482325
2281.77 99.5452465393
2282.98 99.5195057774
2284.19 99.5052053541
