6301.26 100
6302.35 100
6303.44 100
6304.53 100
6305.62 100
6306.71 100
6307.8 100
6308.89 100
6309.97 100
6311.06 100
6312.14 100
6313.24 100
6314.33 100
6315.42 100
6316.51 100
6317.6 100
6318.69 100
6319.78 100
6320.87 100
6321.96 100
6323.04 100
6324.12 100
6325.21 100
6326.31 100
6327.4 100
6328.48 100
6329.56 100
6330.65 100
6331.74 100
6332.84 100
6333.92 100
6335.01 100
6336.1 100
6337.18 100
6338.27 100
6339.36 100
6340.45 100
6341.54 100
6342.63 100
6343.72 100
6344.81 100
6345.9 100
6346.98 100
6348.06 100
6349.16 100
6350.25 100
6351.34 100
6352.43 100
6353.52 100
6354.62 100
6355.71 100
6356.8 100
6357.89 100
6358.97 100
6360.07 100
6361.15 100
6362.24 100
6363.33 100
6364.42 100
6365.52 100
6366.6 100
6367.69 100
6368.78 100
6369.86 100
6370.95 100
6372.04 100
6373.12 100
6374.21 100
6375.3 100
6376.38 100
6377.46 100
6378.54 100
6379.63 100
6380.72 100
6381.81 100
6382.89 100
6383.98 100
6385.07 100
6386.14 100
6387.22 100
6388.3 100
6389.37 100
6390.45 100
6391.53 100
6392.62 100
6393.71 100
6394.8 100
6395.9 100
6396.97 100
6398.05 100
6399.13 100
6400.22 100
6401.32 100
6402.4 100
6403.48 100
6404.57 100
6405.65 100
6406.74 100
6407.83 100
6408.9 100
6409.99 100
6411.08 100
6412.16 100
6413.25 100
6414.34 100
6415.42 100
6416.51 100
6417.6 100
6418.68 100
6419.77 100
6420.86 100
6421.93 100
6423.01 100
6424.09 100
6425.17 100
6426.26 100
6427.35 100
6428.44 100
6429.52 100
6430.61 100
6431.7 100
6432.78 100
6433.86 100
6434.94 100
6436.03 100
6437.11 100
6438.2 100
6439.28 100
6440.37 100
6441.46 100
6442.56 100
6443.64 100
6444.73 100
6445.83 100
6446.91 100
6448.0 100
6449.08 100
6450.16 100
6451.24 100
6452.32 100
6453.41 100
6454.49 100
6455.58 100
6456.68 100
6457.76 100
6458.85 100
6459.93 100
6461.02 100
6462.1 100
6463.19 100
6464.28 100
6465.36 100
6466.45 100
6467.53 100
6468.62 100
6469.7 100
6470.79 100
6471.88 100
6472.96 100
6474.05 100
6475.13 100
6476.22 100
6477.3 100
6478.39 100
6479.47 100
6480.56 100
6481.65 100
6482.74 100
6483.84 100
6484.92 100
6486.02 100
6487.09 100
6488.16 100
6489.25 100
6490.34 100
6491.43 100
6492.52 100
6493.6 100
6494.68 100
6495.77 100
6496.86 100
6497.95 100
6499.04 100
6500.12 100
6501.2 100
6502.28 100
6503.36 100
6504.46 100
6505.54 100
6506.63 100
6507.72 100
6508.8 100
6509.88 100
6510.96 100
6512.04 100
6513.12 100
6514.22 100
6515.31 100
6516.4 100
6517.49 100
6518.57 100
6519.65 100
6520.74 100
6521.84 100
6522.92 100
6524.0 100
6525.08 100
6526.16 100
6527.25 100
6528.34 100
6529.43 100
6530.51 100
6531.6 100
6532.68 100
6533.77 100
6534.86 100
6535.94 100
6537.04 100
6538.12 100
6539.22 100
6540.31 100
6541.39 100
6542.48 100
6543.57 100
6544.66 100
6545.74 100
6546.84 100
6547.92 100
6549.01 100
6550.1 100
6551.18 100
6552.27 100
6553.36 100
6554.45 100
6555.55 100
6556.64 100
6557.72 100
6558.8 100
6559.88 100
6560.97 100
6562.06 100
6563.14 100
6564.23 100
6565.31 100
6566.4 100
6567.48 100
6568.57 100
6569.66 100
6570.75 100
6571.84 100
6572.91 100
6574.0 100
6575.08 100
6576.17 100
6577.25 100
6578.34 100
6579.43 100
6580.52 100
6581.6 100
6582.68 100
6583.76 100
6584.85 100
6585.92 100
6587.0 100
6588.08 100
6589.16 100
6590.25 100
6591.34 100
6592.44 100
6593.53 100
6594.61 100
6595.69 100
6596.77 100
6597.86 100
6598.94 100
6600.03 100
6601.12 100
6602.21 100
6603.3 100
6604.38 100
6605.46 100
6606.56 100
6607.64 100
6608.73 100
6609.83 100
6610.9 100
6611.99 100
6613.06 100
6614.15 100
6615.23 100
6616.32 100
6617.41 100
6618.5 100
6619.58 100
6620.67 100
6621.76 100
6622.85 100
6623.95 100
6625.04 100
6626.12 100
6627.21 100
6628.31 100
6629.4 100
6630.48 100
6631.56 100
6632.65 100
6633.74 100
6634.83 100
6635.92 100
6637.0 100
6638.07 100
6639.16 100
6640.25 100
6641.34 100
6642.42 100
6643.52 100
6644.6 100
6645.68 100
6646.78 100
6647.86 100
6648.94 100
6650.03 100
6651.12 100
6652.2 100
6653.28 100
6654.37 100
6655.46 100
6656.55 100
6657.64 100
6658.72 100
6659.82 100
6660.9 100
6661.98 100
6663.07 100
6664.15 100
6665.23 100
6666.32 100
6667.4 100
6668.49 100
6669.58 100
6670.67 100
6671.76 100
6672.84 100
6673.92 100
6675.01 100
6676.09 100
6677.17 100
6678.26 100
6679.35 100
6680.44 100
6681.53 100
6682.62 100
6683.7 100
6684.78 100
6685.87 100
6686.96 100
6688.04 100
6689.12 100
6690.21 100
6691.3 100
6692.39 100
6693.48 100
6694.57 100
6695.66 100
6696.75 100
6697.83 100
6698.91 100
6700.0 100
6701.08 100
6702.16 100
6703.25 100
6704.33 100
6705.43 100
6706.52 100
6707.6 100
6708.68 100
6709.77 100
6710.86 100
6711.94 100
6713.04 100
6714.12 100
6715.21 100
6716.3 100
6717.38 100
6718.47 100
6719.55 100
6720.64 100
6721.73 100
6722.83 100
6723.91 100
6724.99 100
6726.08 100
6727.16 100
6728.25 100
6729.34 100
6730.42 100
6731.51 100
6732.6 100
6733.69 100
6734.78 100
6735.87 100
6736.94 100
6738.02 100
6739.1 100
6740.19 100
6741.28 100
6742.37 100
6743.46 100
6744.55 100
6745.64 100
6746.72 100
6747.82 100
6748.9 100
6749.98 100
6751.06 100
6752.15 100
6753.24 100
6754.32 100
6755.4 100
6756.48 100
6757.57 100
6758.66 100
6759.74 100
6760.83 100
6761.92 100
6763.0 100
6764.08 100
6765.16 100
6766.25 100
6767.34 100
6768.44 100
6769.52 100
6770.6 100
6771.68 100
6772.77 100
6773.85 100
6774.94 100
6776.03 100
6777.11 100
6778.2 100
6779.29 100
6780.38 100
6781.46 100
6782.56 100
6783.64 100
6784.73 100
6785.82 100
6786.9 100
6787.99 100
6789.08 100
6790.16 100
6791.25 100
6792.34 100
6793.43 100
6794.52 100
6795.61 100
6796.71 100
6797.79 100
6798.88 100
6799.97 100
6801.06 100
6802.14 100
6803.24 100
6804.32 100
6805.41 100
6806.5 100
6807.59 100
6808.68 100
6809.76 100
6810.84 100
6811.92 100
6813.01 100
6814.09 100
6815.18 100
6816.26 100
6817.36 100
6818.44 100
6819.53 100
6820.62 100
6821.7 100
6822.8 100
6823.88 100
6824.97 100
6826.05 100
6827.13 100
6828.22 100
6829.31 100
6830.4 100
6831.49 100
6832.58 100
6833.67 100
6834.76 100
6835.84 100
6836.92 100
6838.0 100
6839.08 100
6840.16 100
6841.25 100
6842.34 100
6843.43 100
6844.52 100
6845.6 100
6846.69 100
6847.77 100
6848.86 100
6849.94 100
6851.04 100
6852.12 100
6853.21 100
6854.3 100
6855.38 100
6856.48 100
6857.56 100
6858.64 100
6859.72 100
6860.82 100
6861.89 100
6862.98 100
6864.06 100
6865.14 100
6866.24 100
6867.33 100
6868.43 100
6869.52 100
6870.6 100
6871.69 100
6872.78 100
6873.87 100
6874.96 100
6876.04 100
6877.12 100
6878.22 100
6879.31 100
6880.4 100
6881.49 100
6882.57 100
6883.66 100
6884.75 100
6885.84 100
6886.93 100
6888.02 100
6889.1 100
6890.19 100
6891.27 100
6892.36 100
6893.45 100
6894.54 100
6895.63 100
6896.71 100
6897.8 100
6898.88 100
6899.96 100
6901.06 100
6902.15 100
6903.24 100
6904.32 100
6905.41 100
6906.5 100
6907.59 100
6908.67 100
6909.75 100
6910.83 100
6911.92 100
6913.02 100
6914.1 100
6915.18 100
6916.26 100
6917.36 100
6918.44 100
6919.53 100
6920.62 100
6921.71 100
6922.8 100
6923.88 100
6924.97 100
6926.06 100
6927.15 100
6928.24 100
6929.33 100
6930.42 100
6931.51 100
6932.6 100
6933.67 100
6934.75 100
6935.83 100
6936.91 100
6938.0 100
6939.08 100
6940.16 100
6941.25 100
6942.34 100
6943.43 100
6944.52 100
6945.6 100
6946.68 100
6947.77 100
6948.87 100
6949.96 100
6951.04 100
6952.12 100
6953.22 100
6954.31 100
6955.4 100
6956.49 100
6957.57 100
6958.65 100
6959.73 100
6960.82 100
6961.89 100
6962.97 100
6964.06 100
6965.14 100
6966.23 100
6967.32 100
6968.4 100
6969.48 100
6970.57 100
6971.66 100
6972.74 100
6973.82 100
6974.89 100
6975.97 100
6977.06 100
6978.14 100
6979.22 100
6980.32 100
6981.4 100
6982.48 100
6983.57 100
6984.66 100
6985.75 100
6986.83 100
6987.91 100
6989.0 100
6990.08 100
6991.17 100
6992.26 100
6993.35 100
6994.44 100
6995.52 100
6996.61 100
6997.7 100
6998.79 100
6999.88 100
7000.96 100
7002.05 100
7003.14 100
7004.22 100
7005.32 100
7006.41 100
7007.51 100
7008.6 100
7009.68 100
7010.77 100
7011.86 100
7012.94 100
7014.03 100
7015.12 100
7016.21 100
7017.3 100
7018.38 100
7019.48 100
7020.57 100
7021.65 100
7022.74 100
7023.83 100
7024.9 100
7025.99 100
7027.08 100
7028.16 100
7029.25 100
7030.34 100
7031.42 100
7032.51 100
7033.6 100
7034.69 100
7035.78 100
7036.87 100
7037.96 100
7039.04 100
7040.13 100
7041.22 100
7042.31 100
7043.4 100
7044.48 100
7045.57 100
7046.66 100
7047.76 100
7048.84 100
7049.9 100
7050.99 100
7052.07 100
7053.15 100
7054.25 100
7055.34 100
7056.43 100
7057.51 100
7058.6 100
7059.69 100
7060.78 100
7061.86 100
7062.94 100
7064.03 100
7065.12 100
7066.21 100
7067.3 100
7068.38 100
7069.47 100
7070.55 100
7071.64 100
7072.73 100
7073.82 100
7074.89 100
7075.98 100
7077.07 100
7078.16 100
7079.24 100
7080.33 100
7081.42 100
7082.51 100
7083.59 100
7084.67 100
7085.76 100
7086.85 100
7087.94 100
7089.02 100
7090.11 100
7091.2 100
7092.28 100
7093.36 100
7094.45 100
7095.55 100
7096.64 100
7097.72 100
7098.81 100
7099.9 100
7100.98 100
7102.07 100
7103.15 100
7104.24 100
7105.32 100
7106.4 100
7107.48 100
7108.56 100
7109.65 100
7110.73 100
7111.82 100
7112.9 100
7113.98 100
7115.07 100
7116.16 100
7117.25 100
7118.34 100
7119.44 100
7120.52 100
7121.61 100
7122.71 100
7123.8 100
7124.87 100
7125.96 100
7127.04 100
7128.12 100
7129.22 100
7130.3 100
7131.38 100
7132.47 100
7133.56 100
7134.65 100
7135.74 100
7136.83 100
7137.9 100
7138.98 100
7140.07 100
7141.15 100
7142.24 100
7143.33 100
7144.42 100
7145.51 100
7146.6 100
7147.68 100
7148.76 100
7149.85 100
7150.94 100
7152.03 100
7153.11 100
7154.2 100
7155.29 100
7156.38 100
7157.47 100
7158.56 100
7159.64 100
7160.73 100
7161.82 100
7162.9 100
7163.98 100
7165.06 100
7166.14 100
7167.23 100
7168.32 100
7169.41 100
7170.5 100
7171.59 100
7172.67 100
7173.76 100
7174.85 100
7175.94 100
7177.03 100
7178.12 100
7179.21 100
7180.3 100
7181.39 100
7182.48 100
7183.57 100
7184.66 100
7185.75 100
7186.84 100
7187.93 100
7189.02 100
7190.1 100
7191.2 100
7192.28 100
7193.36 100
7194.45 100
7195.54 100
7196.63 100
7197.72 100
7198.81 100
7199.89 100
7200.98 100
7202.06 100
7203.14 100
7204.23 100
7205.32 100
7206.4 100
7207.49 100
7208.58 100
7209.66 100
7210.76 100
7211.84 100
7212.93 100
7214.02 100
7215.1 100
7216.18 100
7217.26 100
7218.35 100
7219.44 100
7220.52 100
7221.61 100
7222.7 100
7223.8 100
7224.87 100
7225.96 100
7227.05 100
7228.13 100
7229.22 100
7230.31 100
7231.39 100
7232.48 100
7233.57 100
7234.65 100
7235.74 100
7236.82 100
7237.91 100
7239.0 100
7240.08 100
7241.16 100
7242.25 100
7243.34 100
7244.42 100
7245.51 100
7246.6 100
7247.68 100
7248.77 100
7249.86 100
7250.95 100
7252.04 100
7253.12 100
7254.22 100
7255.31 100
7256.4 100
7257.49 100
7258.58 100
7259.67 100
7260.76 100
7261.85 100
7262.94 100
7264.02 100
7265.1 100
7266.2 100
7267.28 100
7268.37 100
7269.46 100
7270.55 100
7271.64 100
7272.73 100
7273.82 100
7274.89 100
7275.98 100
7277.08 100
7278.16 100
7279.25 100
7280.34 100
7281.43 100
7282.52 100
7283.6 100
7284.69 100
7285.79 100
7286.86 100
7287.95 100
7289.03 100
7290.11 100
7291.2 100
7292.28 100
7293.36 100
7294.45 100
7295.54 100
7296.63 100
7297.72 100
7298.81 100
7299.89 100
7300.98 100
7302.07 100
7303.16 100
7304.24 100
7305.32 100
7306.41 100
7307.5 100
7308.58 100
7309.67 100
7310.76 100
7311.85 100
7312.93 100
7314.02 100
7315.11 100
7316.2 100
7317.28 100
7318.37 100
7319.46 100
7320.54 100
7321.62 100
7322.72 100
7323.81 100
7324.89 100
7325.98 100
7327.07 100
7328.16 100
7329.25 100
7330.34 100
7331.43 100
7332.51 100
7333.6 100
7334.69 100
7335.79 100
7336.86 100
7337.95 100
7339.04 100
7340.12 100
7341.21 100
7342.3 100
7343.38 100
7344.46 100
7345.54 100
7346.63 100
7347.71 100
7348.81 100
7349.89 100
7350.98 100
7352.07 100
7353.14 100
7354.24 100
7355.33 100
7356.42 100
7357.51 100
7358.6 100
7359.68 100
7360.77 100
7361.86 100
7362.95 100
7364.04 100
7365.11 100
7366.2 100
7367.29 100
7368.38 100
7369.47 100
7370.56 100
7371.64 100
7372.74 100
7373.83 100
7374.92 100
7376.01 100
7377.09 100
7378.17 100
7379.26 100
7380.34 100
7381.42 100
7382.51 100
7383.59 100
7384.68 100
7385.76 100
7386.84 100
7387.92 100
7389.01 100
7390.1 100
7391.19 100
7392.27 100
7393.36 100
7394.45 100
7395.54 100
7396.64 100
7397.72 100
7398.81 100
7399.89 100
7400.98 100
7402.06 100
7403.15 100
7404.24 100
7405.32 100
7406.41 100
7407.5 100
7408.58 100
7409.67 100
7410.76 100
7411.85 100
7412.94 100
7414.03 100
7415.12 100
7416.21 100
7417.3 100
7418.39 100
7419.48 100
7420.57 100
7421.66 100
7422.75 100
7423.84 100
7424.92 100
7426.01 100
7427.09 100
7428.16 100
7429.25 100
7430.34 100
7431.44 100
7432.52 100
7433.61 100
7434.71 100
7435.8 100
7436.87 100
7437.96 100
7439.05 100
7440.13 100
7441.22 100
7442.3 100
7443.39 100
7444.48 100
7445.56 100
7446.65 100
7447.74 100
7448.82 100
7449.9 100
7450.98 100
7452.07 100
7453.15 100
7454.25 100
7455.34 100
7456.42 100
7457.52 100
7458.6 100
7459.69 100
7460.79 100
7461.87 100
7462.96 100
7464.04 100
7465.12 100
7466.21 100
7467.3 100
7468.39 100
7469.47 100
7470.56 100
7471.66 100
7472.75 100
7473.84 100
7474.93 100
7476.01 100
7477.1 100
7478.19 100
7479.29 100
7480.37 100
7481.45 100
7482.54 100
7483.63 100
7484.72 100
7485.81 100
7486.9 100
7487.98 100
7489.06 100
7490.15 100
7491.24 100
7492.33 100
7493.42 100
7494.5 100
7495.59 100
7496.67 100
7497.76 100
7498.84 100
7499.93 100
7501.02 100
7502.1 100
7503.2 100
7504.28 100
7505.37 100
7506.46 100
7507.55 100
7508.63 100
7509.72 100
7510.81 100
7511.89 100
7512.98 100
7514.07 100
7515.15 100
7516.24 100
7517.32 100
7518.42 100
7519.5 100
7520.6 100
7521.68 100
7522.78 100
7523.86 100
7524.95 100
7526.04 100
7527.12 100
7528.21 100
7529.3 100
7530.39 100
7531.48 100
7532.56 100
7533.64 100
7534.72 100
7535.81 100
7536.89 100
7537.98 100
7539.07 100
7540.16 100
7541.25 100
7542.34 100
7543.43 100
7544.52 100
7545.61 100
7546.7 100
7547.78 100
7548.87 100
7549.96 100
7551.04 100
7552.13 100
7553.22 100
7554.3 100
7555.39 100
7556.48 100
7557.56 100
7558.65 100
7559.74 100
7560.83 100
7561.91 100
7563.0 100
7564.08 100
7565.16 100
7566.25 100
7567.34 100
7568.43 100
7569.52 100
7570.61 100
7571.69 100
7572.79 100
7573.87 100
7574.96 100
7576.03 100
7577.1 100
7578.19 100
7579.27 100
7580.37 100
7581.45 100
7582.54 100
7583.63 100
7584.71 100
7585.8 100
7586.86 100
7587.94 100
7589.03 100
7590.11 100
7591.2 100
7592.28 100
7593.37 100
7594.46 100
7595.55 100
7596.63 100
7597.72 100
7598.81 100
7599.91 100
7600.99 100
7602.08 100
7603.16 100
7604.25 100
7605.34 100
7606.42 100
7607.52 100
7608.6 100
7609.69 100
7610.79 100
7611.86 100
7612.94 100
7614.04 100
7615.12 100
7616.21 100
7617.29 100
7618.37 100
7619.46 100
7620.56 100
7621.64 100
7622.72 100
7623.81 100
7624.89 100
7625.98 100
7627.07 100
7628.16 100
7629.25 100
7630.34 100
7631.43 100
7632.52 100
7633.62 100
7634.71 100
7635.8 100
7636.88 100
7637.97 100
7639.06 100
7640.14 100
7641.23 100
7642.32 100
7643.41 100
7644.51 100
7645.6 100
7646.68 100
7647.78 100
7648.86 100
7649.94 100
7651.04 100
7652.12 100
7653.21 100
7654.3 100
7655.39 100
7656.48 100
7657.56 100
7658.65 100
7659.74 100
7660.84 100
7661.92 100
7663.01 100
7664.1 100
7665.18 100
7666.27 100
7667.36 100
7668.45 100
7669.55 100
7670.64 100
7671.73 100
7672.82 100
7673.91 100
7674.99 100
7676.08 100
7677.17 100
7678.27 100
7679.35 100
7680.44 100
7681.53 100
7682.62 100
7683.72 100
7684.81 100
7685.89 100
7686.97 100
7688.06 100
7689.14 100
7690.23 100
7691.32 100
7692.4 100
7693.48 100
7694.57 100
7695.65 100
7696.73 100
7697.82 100
7698.91 100
7700.0 100
7701.08 100
7702.16 100
7703.25 100
7704.34 100
7705.43 100
7706.51 100
7707.6 100
7708.68 100
7709.77 100
7710.85 100
7711.94 100
7713.03 100
7714.12 100
7715.21 100
7716.3 100
7717.39 100
7718.47 100
7719.56 100
7720.65 100
7721.74 100
7722.82 100
7723.91 100
7725.0 100
7726.08 100
7727.16 100
7728.25 100
7729.34 100
7730.42 100
7731.51 100
7732.6 100
7733.69 100
7734.79 100
7735.87 100
7736.96 100
7738.05 100
7739.13 100
7740.22 100
7741.32 100
7742.4 100
7743.5 100
7744.58 100
7745.66 100
7746.76 100
7747.84 100
7748.93 100
7750.02 100
7751.1 100
7752.19 100
7753.27 100
7754.36 100
7755.45 100
7756.54 100
7757.62 100
7758.7 100
7759.79 100
7760.87 100
7761.96 100
7763.03 100
7764.12 100
7765.21 100
7766.31 100
7767.4 100
7768.48 100
7769.57 100
7770.66 100
7771.75 100
7772.84 100
7773.92 100
7775.01 100
7776.1 100
7777.18 100
7778.28 100
7779.36 100
7780.44 100
7781.53 100
7782.62 100
7783.7 100
7784.78 100
7785.85 100
7786.94 100
7788.03 100
7789.1 100
7790.2 100
7791.28 100
7792.37 100
7793.47 100
7794.56 100
7795.64 100
7796.74 100
7797.82 100
7798.92 100
7800.0 100
7801.08 100
7802.16 100
7803.25 100
7804.34 100
7805.43 100
7806.52 100
7807.61 100
7808.7 100
7809.79 100
7810.87 100
7811.95 100
7813.04 100
7814.12 100
7815.21 100
7816.29 100
7817.38 100
7818.47 100
7819.56 100
7820.65 100
7821.74 100
7822.82 100
7823.9 100
7825.0 100
7826.08 100
7827.16 100
7828.26 100
7829.35 100
7830.43 100
7831.52 100
7832.61 100
7833.7 100
7834.79 100
7835.87 100
7836.96 100
7838.05 100
7839.14 100
7840.22 100
7841.32 100
7842.41 100
7843.5 100
7844.58 100
7845.67 100
7846.76 100
7847.85 100
7848.93 100
7850.02 100
7851.1 100
7852.19 100
7853.28 100
7854.36 100
7855.45 100
7856.54 100
7857.63 100
7858.72 100
7859.81 100
7860.9 100
7861.99 100
7863.08 100
7864.16 100
7865.25 100
7866.34 100
7867.43 100
7868.5 100
7869.59 100
7870.68 100
7871.78 100
7872.86 100
7873.95 100
7875.03 100
7876.12 100
7877.2 100
7878.28 100
7879.37 100
7880.46 100
7881.54 100
7882.62 100
7883.71 100
7884.81 100
7885.88 100
7886.97 100
7888.06 100
7889.15 100
7890.24 100
7891.33 100
7892.42 100
7893.51 100
7894.6 100
7895.68 100
7896.78 100
7897.86 100
7898.94 100
7900.03 100
7901.11 100
7902.2 100
7903.28 100
7904.37 100
7905.47 100
7906.56 100
7907.64 100
7908.73 100
7909.82 100
7910.92 100
7912.0 100
7913.08 100
7914.16 100
7915.25 100
7916.34 100
7917.42 100
7918.52 100
7919.62 100
7920.7 100
7921.79 100
7922.87 100
7923.95 100
7925.04 100
7926.13 100
7927.22 100
7928.31 100
7929.4 100
7930.48 100
7931.57 100
7932.66 100
7933.75 100
7934.84 100
7935.93 100
7937.02 100
7938.1 100
7939.17 100
7940.26 100
7941.35 100
7942.43 100
7943.52 100
7944.61 100
7945.7 100
7946.78 100
7947.86 100
7948.94 100
7950.02 100
7951.1 100
7952.19 100
7953.28 100
7954.37 100
7955.46 100
7956.55 100
7957.63 100
7958.72 100
7959.81 100
7960.9 100
7961.97 100
7963.05 100
7964.14 100
7965.23 100
7966.32 100
7967.41 100
7968.5 100
7969.59 100
7970.68 100
7971.78 100
7972.86 100
7973.94 100
7975.03 100
7976.12 100
7977.22 100
7978.31 100
7979.4 100
7980.48 100
7981.56 100
7982.65 100
7983.74 100
7984.82 100
7985.91 100
7987.0 100
7988.08 100
7989.17 100
7990.26 100
7991.34 100
7992.42 100
7993.51 100
7994.6 100
7995.68 100
7996.78 100
7997.86 100
7998.95 100
8000.04 100
8001.12 100
8002.21 100
8003.3 100
8004.39 100
8005.47 100
8006.55 100
8007.64 100
8008.72 100
8009.81 100
8010.9 100
8011.98 100
8013.07 100
8014.16 100
8015.24 100
8016.33 100
8017.42 100
8018.51 100
8019.6 100
8020.67 100
8021.77 100
8022.85 100
8023.94 100
8025.02 100
8026.11 100
8027.19 100
8028.27 100
8029.36 100
8030.45 100
8031.54 100
8032.63 100
8033.72 100
8034.81 100
8035.9 100
8036.98 100
8038.06 100
8039.14 100
8040.23 100
8041.32 100
8042.42 100
8043.51 100
8044.59 100
8045.67 100
8046.77 100
8047.85 100
8048.94 100
8050.02 100
8051.11 100
8052.2 100
8053.29 100
8054.38 100
8055.46 100
8056.56 100
8057.64 100
8058.73 100
8059.82 100
8060.9 100
8061.99 100
8063.07 100
8064.15 100
8065.24 100
8066.33 100
8067.42 100
8068.51 100
8069.6 100
8070.68 100
8071.78 100
8072.86 100
8073.94 100
8075.03 100
8076.12 100
8077.21 100
8078.3 100
8079.39 100
8080.48 100
8081.56 100
8082.65 100
8083.74 100
8084.83 100
8085.91 100
8087.0 100
8088.08 100
8089.16 100
8090.25 100
8091.34 100
8092.43 100
8093.52 100
8094.6 100
8095.68 100
8096.79 100
8097.86 100
8098.95 100
8100.03 100
8101.12 100
8102.21 100
8103.3 100
8104.38 100
8105.46 100
8106.56 100
8107.64 100
8108.73 100
8109.83 100
8110.92 100
8112.01 100
8113.09 100
8114.18 100
8115.26 100
8116.35 100
8117.44 100
8118.52 100
8119.61 100
8120.71 100
8121.79 100
8122.88 100
8123.96 100
8125.05 100
8126.13 100
8127.22 100
8128.31 100
8129.4 100
8130.48 100
8131.58 100
8132.66 100
8133.76 100
8134.84 100
8135.93 100
8137.02 100
8138.11 100
8139.2 100
8140.29 100
8141.38 100
8142.48 100
8143.56 100
8144.65 100
8145.74 100
8146.83 100
8147.92 100
8149.01 100
8150.09 100
8151.17 100
8152.26 100
8153.35 100
8154.44 100
8155.53 100
8156.62 100
8157.71 100
8158.8 100
8159.89 100
8160.98 100
8162.06 100
8163.15 100
8164.23 100
8165.32 100
8166.41 100
8167.49 100
8168.58 100
8169.66 100
8170.76 100
8171.84 100
8172.93 100
8174.03 100
8175.11 100
8176.2 100
8177.28 100
8178.37 100
8179.46 100
8180.54 100
8181.63 100
8182.72 100
8183.82 100
8184.9 100
8185.99 100
8187.08 100
8188.16 100
8189.26 100
8190.35 100
8191.44 100
8192.52 100
8193.62 100
8194.71 100
8195.8 100
8196.88 100
8197.96 100
8199.05 100
8200.13 100
8201.22 100
8202.3 100
8203.38 100
8204.48 100
8205.56 100
8206.65 100
8207.74 100
8208.82 100
8209.92 100
8211.0 100
8212.08 100
8213.16 100
8214.25 100
8215.34 100
8216.43 100
8217.52 100
8218.62 100
8219.7 100
8220.78 100
8221.86 100
8222.95 100
8224.03 100
8225.12 100
8226.21 100
8227.31 100
8228.4 100
8229.48 100
8230.57 100
8231.66 100
8232.76 100
8233.83 100
8234.92 100
8236.01 100
8237.09 100
8238.17 100
8239.27 100
8240.36 100
8241.44 100
8242.52 100
8243.61 100
8244.71 100
8245.8 100
8246.87 100
8247.96 100
8249.05 100
8250.14 100
8251.23 100
8252.32 100
8253.4 100
8254.48 100
8255.57 100
8256.66 100
8257.76 100
8258.84 100
8259.93 100
8261.02 100
8262.11 100
8263.2 100
8264.29 100
8265.37 100
8266.46 100
8267.55 100
8268.63 100
8269.72 100
8270.81 100
8271.9 100
8272.98 100
8274.06 100
8275.14 100
8276.23 100
8277.32 100
8278.4 100
8279.48 100
8280.57 100
8281.66 100
8282.76 100
8283.84 100
8284.92 100
8286.02 100
8287.11 100
8288.2 100
8289.29 100
8290.37 100
8291.46 100
8292.55 100
8293.64 100
8294.72 100
8295.81 100
8296.9 100
8297.98 100
8299.07 100
8300.14 100
8301.24 100
8302.33 100
8303.42 100
8304.51 100
8305.6 100
8306.7 100
8307.78 100
8308.86 100
8309.95 100
8311.04 100
8312.13 100
8313.23 100
8314.32 100
8315.41 100
8316.51 100
8317.6 100
8318.69 100
8319.78 100
8320.86 100
8321.94 100
8323.04 100
8324.12 100
8325.2 100
8326.28 100
8327.37 100
8328.46 100
8329.55 100
8330.63 100
8331.72 100
8332.81 100
8333.9 100
8334.98 100
8336.07 100
8337.15 100
8338.24 100
8339.33 100
8340.42 100
8341.51 100
8342.59 100
8343.68 100
8344.77 100
8345.85 100
8346.94 100
8348.02 100
8349.11 100
8350.19 100
8351.28 100
8352.37 100
8353.46 100
8354.55 100
8355.64 100
8356.72 100
8357.81 100
8358.9 100
8359.98 100
8361.06 100
8362.14 100
8363.24 100
8364.33 100
8365.42 100
8366.51 100
8367.6 100
8368.68 100
8369.77 100
8370.85 100
8371.94 100
8373.03 100
8374.12 100
8375.21 100
8376.31 100
8377.39 100
8378.48 100
8379.57 100
8380.66 100
8381.76 100
8382.83 100
8383.92 100
8385.01 100
8386.1 100
8387.19 100
8388.27 100
8389.36 100
8390.45 100
8391.53 100
8392.62 100
8393.72 100
8394.8 100
8395.88 100
8396.97 100
8398.06 100
8399.15 100
8400.24 100
8401.32 100
8402.41 100
8403.5 100
8404.58 100
8405.68 100
8406.77 100
8407.85 100
8408.93 100
8410.02 100
8411.1 100
8412.19 100
8413.28 100
8414.36 100
8415.44 100
8416.52 100
8417.61 100
8418.7 100
8419.77 100
8420.84 100
8421.92 100
8423.01 100
8424.1 100
8425.18 100
8426.27 100
8427.36 100
8428.45 100
8429.54 100
8430.63 100
8431.7 100
8432.79 100
8433.86 100
8434.95 100
8436.04 100
8437.12 100
8438.21 100
8439.3 100
8440.38 100
8441.46 100
8442.54 100
8443.64 100
8444.72 100
8445.82 100
8446.91 100
8448.0 100
8449.08 100
8450.15 100
8451.24 100
8452.33 100
8453.42 100
8454.51 100
8455.6 100
8456.68 100
8457.77 100
8458.85 100
8459.94 100
8461.02 100
8462.11 100
8463.2 100
8464.29 100
8465.38 100
8466.47 100
8467.55 100
8468.63 100
8469.72 100
8470.81 100
8471.9 100
8472.99 100
8474.07 100
8475.15 100
8476.23 100
8477.32 100
8478.41 100
8479.5 100
8480.58 100
8481.67 100
8482.76 100
8483.85 100
8484.93 100
8486.02 100
8487.1 100
8488.18 100
8489.28 100
8490.36 100
8491.45 100
8492.53 100
8493.62 100
8494.71 100
8495.8 100
8496.88 100
8497.97 100
8499.06 100
8500.14 100
8501.23 100
8502.31 100
8503.4 100
8504.48 100
8505.57 100
8506.66 100
8507.76 100
8508.84 100
8509.91 100
8510.99 100
8512.08 100
8513.14 100
8514.23 100
8515.3 100
8516.38 100
8517.46 100
8518.54 100
8519.62 100
8520.71 100
8521.8 100
8522.86 100
8523.95 100
8525.03 100
8526.11 100
8527.2 100
8528.28 100
8529.37 100
8530.46 100
8531.54 100
8532.64 100
8533.72 100
8534.81 100
8535.91 100
8537.0 100
8538.08 100
8539.16 100
8540.25 100
8541.33 100
8542.42 100
8543.52 100
8544.6 100
8545.68 100
8546.77 100
8547.84 100
8548.92 100
8550.01 100
8551.1 100
8552.18 100
8553.27 100
8554.36 100
8555.45 100
8556.54 100
8557.62 100
8558.72 100
8559.81 100
8560.9 100
8561.98 100
8563.08 100
8564.16 100
8565.25 100
8566.34 100
8567.43 100
8568.52 100
8569.6 100
8570.68 100
8571.76 100
8572.84 100
8573.92 100
8575.0 100
8576.07 100
8577.15 100
8578.24 100
8579.32 100
8580.41 100
8581.5 100
8582.59 100
8583.67 100
8584.76 100
8585.84 100
8586.93 100
8588.02 100
8589.11 100
8590.19 100
8591.28 100
8592.38 100
8593.46 100
8594.54 100
8595.62 100
8596.72 100
8597.8 100
8598.88 100
8599.97 100
8601.06 100
8602.14 100
8603.22 100
8604.32 100
8605.4 100
8606.48 100
8607.57 100
8608.66 100
8609.76 100
8610.84 100
8611.92 100
8613.0 100
8614.08 100
8615.16 100
8616.25 100
8617.34 100
8618.43 100
8619.52 100
8620.6 100
8621.68 100
8622.77 100
8623.85 100
8624.93 100
8626.02 100
8627.1 100
8628.18 100
8629.26 100
8630.34 100
8631.42 100
8632.52 100
8633.6 100
8634.69 100
8635.78 100
8636.86 100
8637.95 100
8639.03 100
8640.12 100
8641.21 100
8642.3 100
8643.38 100
8644.46 100
8645.55 100
8646.63 100
8647.71 100
8648.79 100
8649.88 100
8650.97 100
8652.06 100
8653.14 100
8654.23 100
8655.32 100
8656.41 100
8657.5 100
8658.59 100
8659.68 100
8660.76 100
8661.84 100
8662.93 100
8664.02 100
8665.1 100
8666.19 100
8667.27 100
8668.36 100
8669.45 100
8670.54 100
8671.63 100
8672.72 100
8673.81 100
8674.9 100
8675.98 100
8677.07 100
8678.16 100
8679.24 100
8680.33 100
8681.42 100
8682.51 100
8683.59 100
8684.68 100
8685.76 100
8686.84 100
8687.93 100
8689.02 100
8690.11 100
8691.2 100
8692.28 100
8693.37 100
8694.47 100
8695.55 100
8696.64 100
8697.74 100
8698.82 100
8699.91 100
8701.0 100
8702.08 100
8703.16 100
8704.25 100
8705.34 100
8706.43 100
8707.52 100
8708.6 100
8709.69 100
8710.77 100
8711.85 100
8712.94 100
8714.02 100
8715.11 100
8716.2 100
8717.27 100
8718.36 100
8719.44 100
8720.53 100
8721.62 100
8722.71 100
8723.79 100
8724.87 100
8725.96 100
8727.04 100
8728.12 100
8729.21 100
8730.31 100
8731.4 100
8732.48 100
8733.56 100
8734.65 100
8735.75 100
8736.83 100
8737.91 100
8739.0 100
8740.08 100
8741.16 100
8742.25 100
8743.34 100
8744.43 100
8745.51 100
8746.6 100
8747.69 100
8748.78 100
8749.86 100
8750.96 100
8752.04 100
8753.12 100
8754.21 100
8755.29 100
8756.38 100
8757.47 100
8758.56 100
8759.64 100
8760.74 100
8761.82 100
8762.91 100
8764.0 100
8765.07 100
8766.16 100
8767.25 100
8768.34 100
8769.43 100
8770.51 100
8771.6 100
8772.68 100
8773.77 100
8774.85 100
8775.94 100
8777.03 100
8778.12 100
8779.21 100
8780.3 100
8781.39 100
8782.47 100
8783.56 100
8784.65 100
8785.74 100
8786.82 100
8787.91 100
8789.0 100
8790.08 100
8791.16 100
8792.26 100
8793.35 100
8794.44 100
8795.52 100
8796.61 100
8797.7 100
8798.78 100
8799.85 100
8800.94 100
8802.03 100
8803.11 100
8804.2 100
8805.28 100
8806.36 100
8807.45 100
8808.53 100
8809.62 100
8810.7 100
8811.8 100
8812.88 100
8813.97 100
8815.06 100
8816.14 100
8817.23 100
8818.31 100
8819.4 100
8820.49 100
8821.58 100
8822.66 100
8823.75 100
8824.83 100
8825.92 100
8827.01 100
8828.1 100
8829.18 100
8830.28 100
8831.36 100
8832.46 100
8833.54 100
8834.63 100
8835.72 100
8836.81 100
8837.9 100
8838.98 100
8840.06 100
8841.14 100
8842.23 100
8843.32 100
8844.41 100
8845.5 100
8846.58 100
8847.67 100
8848.75 100
8849.83 100
8850.92 100
8852.01 100
8853.09 100
8854.17 100
8855.26 100
8856.35 100
8857.44 100
8858.53 100
8859.61 100
8860.7 100
8861.77 100
8862.85 100
8863.94 100
8865.02 100
8866.11 100
8867.2 100
8868.27 100
8869.36 100
8870.45 100
8871.54 100
8872.63 100
8873.73 100
8874.81 100
8875.9 100
8876.98 100
8878.07 100
8879.15 100
8880.24 100
8881.32 100
8882.41 100
8883.5 100
8884.58 100
8885.67 100
8886.75 100
8887.84 100
8888.92 100
8890.01 100
8891.1 100
8892.18 100
8893.26 100
8894.36 100
8895.45 100
8896.54 100
8897.62 100
8898.71 100
8899.79 100
8900.88 100
8901.96 100
8903.04 100
8904.12 100
8905.21 100
8906.3 100
8907.38 100
8908.47 100
8909.56 100
8910.65 100
8911.75 100
8912.83 100
8913.92 100
8915.0 100
8916.07 100
8917.16 100
8918.24 100
8919.33 100
8920.42 100
8921.5 100
8922.58 100
8923.67 100
8924.76 100
8925.84 100
8926.92 100
8928.01 100
8929.1 100
8930.19 100
8931.28 100
8932.37 100
8933.46 100
8934.55 100
8935.63 100
8936.73 100
8937.81 100
8938.91 100
8940.0 100
8941.08 100
8942.17 100
8943.26 100
8944.34 100
8945.43 100
8946.52 100
8947.61 100
8948.7 100
8949.79 100
8950.88 100
8951.96 100
8953.05 100
8954.13 100
8955.22 100
8956.31 100
8957.4 100
8958.49 100
8959.58 100
8960.67 100
8961.75 100
8962.82 100
8963.9 100
8964.99 100
8966.07 100
8967.16 100
8968.24 100
8969.32 100
8970.41 100
8971.5 100
8972.57 100
8973.65 100
8974.74 100
8975.82 100
8976.92 100
8978.0 100
8979.08 100
8980.16 100
8981.24 100
8982.32 100
8983.41 100
8984.5 100
8985.59 100
8986.67 100
8987.75 100
8988.83 100
8989.92 100
8991.01 100
8992.1 100
8993.19 100
8994.28 100
8995.37 100
8996.46 100
8997.54 100
8998.64 100
8999.74 100
9000.82 100
9001.9 100
9002.98 100
9004.08 100
9005.16 100
9006.25 100
9007.33 100
9008.41 100
9009.5 100
9010.58 100
9011.67 100
9012.76 100
9013.84 100
9014.93 100
9016.01 100
9017.09 100
9018.17 100
9019.26 100
9020.36 100
9021.45 100
9022.53 100
9023.62 100
9024.7 100
9025.79 100
9026.87 100
9027.96 100
9029.05 100
9030.14 100
9031.24 100
9032.32 100
9033.4 100
9034.48 100
9035.57 100
9036.66 100
9037.75 100
9038.84 100
9039.92 100
9041.0 100
9042.08 100
9043.16 100
9044.25 100
9045.34 100
9046.42 100
9047.52 100
9048.6 100
9049.68 100
9050.77 100
9051.86 100
9052.95 100
9054.03 100
9055.12 100
9056.2 100
9057.29 100
9058.37 100
9059.46 100
9060.55 100
9061.63 100
9062.73 100
9063.81 100
9064.9 100
9065.98 100
9067.06 100
9068.14 100
9069.22 100
9070.3 100
9071.39 100
9072.47 100
9073.56 100
9074.65 100
9075.75 100
9076.82 100
9077.91 100
9079.0 100
9080.07 100
9081.15 100
9082.24 100
9083.33 100
9084.42 100
9085.5 100
9086.59 100
9087.68 100
9088.76 100
9089.84 100
9090.92 100
9092.01 100
9093.1 100
9094.19 100
9095.28 100
9096.36 100
9097.45 100
9098.54 100
9099.63 100
9100.72 100
9101.8 100
9102.89 100
9103.97 100
9105.06 100
9106.15 100
9107.24 100
9108.33 100
9109.42 100
9110.52 100
9111.6 100
9112.68 100
9113.77 100
9114.86 100
9115.95 100
9117.03 100
9118.12 100
9119.22 100
9120.32 100
9121.4 100
9122.48 100
9123.56 100
9124.65 100
9125.74 100
9126.82 100
9127.9 100
9128.99 100
9130.07 100
9131.15 100
9132.24 100
9133.32 100
9134.41 100
9135.5 100
9136.58 100
9137.66 100
9138.75 100
9139.83 100
9140.91 100
9142.0 100
9143.08 100
9144.16 100
9145.25 100
9146.34 100
9147.42 100
9148.5 100
9149.59 100
9150.68 100
9151.76 100
9152.85 100
9153.94 100
9155.03 100
9156.12 100
9157.21 100
9158.3 100
9159.39 100
9160.48 100
9161.56 100
9162.65 100
9163.74 100
9164.82 100
9165.9 100
9166.99 100
9168.08 100
9169.16 100
9170.24 100
9171.33 100
9172.42 100
9173.51 100
9174.6 100
9175.68 100
9176.77 100
9177.86 100
9178.95 100
9180.04 100
9181.12 100
9182.22 100
9183.3 100
9184.4 100
9185.48 100
9186.57 100
9187.66 100
9188.75 100
9189.83 100
9190.92 100
9192.01 100
9193.09 100
9194.17 100
9195.26 100
9196.35 100
9197.44 100
9198.53 100
9199.63 100
9200.72 100
9201.8 100
9202.88 100
9203.96 100
9205.05 100
9206.13 100
9207.22 100
9208.31 100
9209.4 100
9210.48 100
9211.57 100
9212.66 100
9213.75 100
9214.84 100
9215.92 100
9217.02 100
9218.1 100
9219.18 100
9220.27 100
9221.36 100
9222.45 100
9223.54 100
9224.62 100
9225.72 100
9226.8 100
9227.89 100
9228.98 100
9230.06 100
9231.16 100
9232.24 100
9233.33 100
9234.42 100
9235.51 100
9236.59 100
9237.68 100
9238.76 100
9239.85 100
9240.94 100
9242.04 100
9243.12 100
9244.21 100
9245.3 100
9246.38 100
9247.47 100
9248.55 100
9249.64 100
9250.72 100
9251.8 100
9252.88 100
9253.96 100
9255.05 100
9256.14 100
9257.24 100
9258.33 100
9259.42 100
9260.5 100
9261.58 100
9262.67 100
9263.76 100
9264.85 100
9265.94 100
9267.03 100
9268.11 100
9269.2 100
9270.28 100
9271.36 100
9272.45 100
9273.54 100
9274.62 100
9275.72 100
9276.8 100
9277.89 100
9278.97 100
9280.06 100
9281.14 100
9282.22 100
9283.31 100
9284.4 100
9285.49 100
9286.57 100
9287.66 100
9288.76 100
9289.82 100
9290.92 100
9292.0 100
9293.08 100
9294.17 100
9295.26 100
9296.35 100
9297.44 100
9298.52 100
9299.62 100
9300.72 100
9301.79 100
9302.88 100
9303.97 100
9305.06 100
9306.15 100
9307.23 100
9308.32 100
9309.41 100
9310.5 100
9311.59 100
9312.68 100
9313.76 100
9314.85 100
9315.93 100
9317.01 100
9318.1 100
9319.19 100
9320.28 100
9321.36 100
9322.45 100
9323.54 100
9324.62 100
9325.7 100
9326.8 100
9327.88 100
9328.97 100
9330.05 100
9331.13 100
9332.22 100
9333.3 100
9334.39 100
9335.48 100
9336.56 100
9337.64 100
9338.73 100
9339.8 100
9340.88 100
9341.97 100
9343.06 100
9344.15 100
9345.23 100
9346.32 100
9347.41 100
9348.5 100
9349.58 100
9350.68 100
9351.76 100
9352.84 100
9353.93 100
9355.02 100
9356.1 100
9357.19 100
9358.28 100
9359.37 100
9360.45 100
9361.54 100
9362.63 100
9363.73 100
9364.81 100
9365.9 100
9366.98 100
9368.07 100
9369.16 100
9370.25 100
9371.34 100
9372.43 100
9373.51 100
9374.6 100
9375.68 100
9376.78 100
9377.86 100
9378.94 100
9380.04 100
9381.12 100
9382.21 100
9383.3 100
9384.39 100
9385.48 100
9386.56 100
9387.65 100
9388.74 100
9389.82 100
9390.9 100
9392.0 100
9393.08 100
9394.17 100
9395.26 100
9396.35 100
9397.43 100
9398.52 100
9399.61 100
9400.7 100
9401.78 100
9402.87 100
9403.96 100
9405.04 100
9406.13 100
9407.23 100
9408.32 100
9409.4 100
9410.48 100
9411.58 100
9412.66 100
9413.74 100
9414.82 100
9415.91 100
9417.0 100
9418.08 100
9419.15 100
9420.24 100
9421.32 100
9422.41 100
9423.51 100
9424.6 100
9425.68 100
9426.76 100
9427.85 100
9428.94 100
9430.03 100
9431.11 100
9432.2 100
9433.29 100
9434.39 100
9435.48 100
9436.56 100
9437.65 100
9438.74 100
9439.82 100
9440.9 100
9441.99 100
9443.08 100
9444.16 100
9445.25 100
9446.34 100
9447.43 100
9448.52 100
9449.6 100
9450.68 100
9451.77 100
9452.86 100
9453.94 100
9455.03 100
9456.12 100
9457.21 100
9458.31 100
9459.4 100
9460.49 100
9461.58 100
9462.67 100
9463.75 100
9464.83 100
9465.92 100
9467.0 100
9468.08 100
9469.17 100
9470.26 100
9471.36 100
9472.44 100
9473.53 100
9474.62 100
9475.72 100
9476.8 100
9477.88 100
9478.97 100
9480.06 100
9481.14 100
9482.23 100
9483.32 100
9484.41 100
9485.5 100
9486.58 100
9487.67 100
9488.76 100
9489.84 100
9490.93 100
9492.02 100
9493.1 100
9494.19 100
9495.27 100
9496.36 100
9497.46 100
9498.55 100
9499.64 100
9500.73 100
9501.81 100
9502.91 100
9504.0 100
9505.08 100
9506.16 100
9507.25 100
9508.34 100
9509.44 100
9510.53 100
9511.62 100
9512.72 100
9513.8 100
9514.89 100
9515.97 100
9517.06 100
9518.14 100
9519.24 100
9520.32 100
9521.41 100
9522.51 100
9523.6 100
9524.68 100
9525.77 100
9526.86 100
9527.95 100
9529.04 100
9530.11 100
9531.2 100
9532.29 100
9533.38 100
9534.47 100
9535.55 100
9536.64 100
9537.73 100
9538.81 100
9539.9 100
9540.98 100
9542.06 100
9543.15 100
9544.24 100
9545.33 100
9546.43 100
9547.51 100
9548.6 100
9549.69 100
9550.78 100
9551.87 100
9552.96 100
9554.04 100
9555.12 100
9556.22 100
9557.32 100
9558.41 100
9559.5 100
9560.59 100
9561.67 100
9562.76 100
9563.85 100
9564.94 100
9566.02 100
9567.12 100
9568.2 100
9569.29 100
9570.37 100
9571.46 100
9572.55 100
9573.64 100
9574.73 100
9575.81 100
9576.9 100
9577.98 100
9579.06 100
9580.15 100
9581.23 100
9582.32 100
9583.41 100
9584.5 100
9585.58 100
9586.68 100
9587.76 100
9588.85 100
9589.94 100
9591.04 100
9592.12 100
9593.21 100
9594.31 100
9595.4 100
9596.49 100
9597.58 100
9598.68 100
9599.76 100
9600.85 100
9601.94 100
9603.03 100
9604.12 100
9605.2 100
9606.29 100
9607.37 100
9608.46 100
9609.55 100
9610.63 100
9611.73 100
9612.8 100
9613.88 100
9614.97 100
9616.06 100
9617.14 100
9618.23 100
9619.32 100
9620.41 100
9621.5 100
9622.58 100
9623.66 100
9624.74 100
9625.83 100
9626.92 100
9628.01 100
9629.1 100
9630.18 100
9631.28 100
9632.36 100
9633.45 100
9634.53 100
9635.62 100
9636.72 100
9637.8 100
9638.88 100
9639.97 100
9641.05 100
9642.13 100
9643.22 100
9644.3 100
9645.4 100
9646.48 100
9647.57 100
9648.67 100
9649.76 100
9650.84 100
9651.93 100
9653.02 100
9654.11 100
9655.2 100
9656.29 100
9657.38 100
9658.46 100
9659.55 100
9660.64 100
9661.73 100
9662.81 100
9663.9 100
9664.99 100
9666.07 100
9667.16 100
9668.24 100
9669.33 100
9670.42 100
9671.51 100
9672.6 100
9673.68 100
9674.76 100
9675.84 100
9676.92 100
9678.02 100
9679.1 100
9680.18 100
9681.26 100
9682.35 100
9683.44 100
9684.53 100
9685.62 100
9686.71 100
9687.79 100
9688.87 100
9689.96 100
9691.04 100
9692.12 100
9693.21 100
9694.3 100
9695.39 100
9696.48 100
9697.57 100
9698.65 100
9699.74 100
9700.82 100
9701.9 100
9702.99 100
9704.08 100
9705.16 100
9706.25 100
9707.34 100
9708.43 100
9709.52 100
9710.61 100
9711.71 100
9712.8 100
9713.88 100
9714.97 100
9716.06 100
9717.15 100
9718.24 100
9719.33 100
9720.42 100
9721.52 100
9722.6 100
9723.68 100
9724.77 100
9725.86 100
9726.95 100
9728.04 100
9729.12 100
9730.21 100
9731.3 100
9732.38 100
9733.47 100
9734.55 100
9735.63 100
9736.72 100
9737.8 100
9738.89 100
9739.97 100
9741.05 100
9742.13 100
9743.22 100
9744.31 100
9745.41 100
9746.49 100
9747.57 100
9748.66 100
9749.75 100
9750.84 100
9751.92 100
9753.01 100
9754.1 100
9755.19 100
9756.28 100
9757.36 100
9758.45 100
9759.54 100
9760.62 100
9761.72 100
9762.81 100
9763.89 100
9764.97 100
9766.06 100
9767.14 100
9768.23 100
9769.31 100
9770.4 100
9771.49 100
9772.58 100
9773.67 100
9774.75 100
9775.84 100
9776.93 100
9778.02 100
9779.1 100
9780.19 100
9781.28 100
9782.36 100
9783.45 100
9784.54 100
9785.63 100
9786.72 100
9787.8 100
9788.89 100
9789.97 100
9791.06 100
9792.15 100
9793.23 100
9794.32 100
9795.41 100
9796.5 100
9797.58 100
9798.68 100
9799.76 100
9800.85 100
9801.94 100
9803.03 100
9804.12 100
9805.2 100
9806.29 100
9807.38 100
9808.47 100
9809.55 100
9810.64 100
9811.73 100
9812.81 100
9813.9 100
9814.98 100
9816.06 100
9817.13 350
9818.3 350
9819.46 100
9820.63 100
9821.8 350
9822.96 350
9824.13 100
9825.3 350
9826.46 350
9827.62 100
9828.79 100
9829.96 350
9831.13 100
9832.3 100
9833.47 350
9834.64 350
9835.81 100
9836.98 350
9838.15 350
9839.32 100
9840.49 100
9841.66 100
9842.83 100
9843.96 350
9845.13 350
9846.31 350
9847.48 100
9848.65 100
9849.83 350
9851.0 350
9852.16 100
9853.33 100
9854.5 350
9855.66 100
9856.84 100
9858.01 350
9859.17 350
9860.34 100
9861.5 350
9862.67 350
9863.84 100
9865.0 100
9866.16 100
9867.33 100
9868.5 350
9869.66 350
9870.84 350
9872.0 100
9873.15 100
9874.32 100
9875.49 100
9876.66 350
9877.83 350
9879.0 100
9880.16 350
9881.33 350
9882.5 350
9883.67 350
9884.85 100
9886.02 100
9887.18 100
9888.35 350
9889.52 350
9890.7 100
9891.86 100
9893.04 350
9894.2 350
9895.37 350
9896.54 100
9897.72 100
9898.89 100
9900.06 100
9901.22 350
9902.38 350
9903.55 350
9904.71 100
9905.88 100
9907.05 350
9908.22 350
9909.38 100
9910.55 350
9911.72 350
9912.88 100
9914.04 100
9915.2 350
9916.35 350
9917.5 100
9918.66 100
9919.82 100
9920.99 350
9922.16 350
9923.33 100
9924.5 100
9925.67 350
9926.84 350
9928.0 350
9929.16 100
9930.33 100
9931.5 350
9932.67 350
9933.85 100
9935.02 100
9936.18 100
9937.36 350
9938.52 350
9939.7 350
9940.86 100
9942.02 100
9943.18 100
9944.35 100
9945.52 350
9946.7 350
9947.87 350
9949.04 350
9950.21 100
9951.38 100
9952.54 100
9953.72 350
9954.88 350
9956.05 100
9957.21 100
9958.38 350
9959.56 350
9960.72 350
9961.89 100
9963.06 100
9964.22 100
9965.38 350
9966.56 350
9967.73 100
9968.9 100
9970.06 350
9971.22 350
9972.39 350
9973.55 100
9974.72 100
9975.89 350
9977.06 350
9978.22 100
9979.39 100
9980.56 350
9981.73 350
9982.9 100
9984.06 100
9985.22 100
9986.4 350
9987.56 350
9988.73 100
9989.9 350
9991.06 350
9992.22 350
9993.39 350
9994.55 100
9995.72 100
9996.89 100
9998.05 350
9999.21 350
10000.38 100
10001.58 100
10002.79 350
10003.99 350
10005.19 350
10006.39 100
10007.59 100
10008.8 350
10010.0 350
10011.19 100
10012.39 100
10013.6 350
10014.8 100
10016.0 100
10017.19 100
10018.4 350
10019.6 350
10020.8 100
10022.0 100
10023.2 350
10024.4 350
10025.6 350
10026.81 100
10028.02 100
10029.22 100
10030.43 100
10031.64 350
10032.86 350
10034.06 100
10035.27 350
10036.48 350
10037.68 100
10038.89 350
10040.09 350
10041.29 100
10042.5 100
10043.71 350
10044.92 350
10046.13 350
10047.34 100
10048.54 100
10049.75 350
10050.96 350
10052.16 100
10053.37 100
10054.58 100
10055.79 350
10057.0 350
10058.2 350
10059.4 100
10060.6 100
10061.8 350
10063.0 350
10064.19 100
10065.4 350
10066.61 350
10067.83 100
10069.03 100
10070.24 350
10071.44 100
10072.64 100
10073.85 350
10075.05 350
10076.25 100
10077.46 100
10078.67 350
10079.88 100
10081.08 100
10082.28 100
10083.49 100
10084.71 350
10085.91 350
10087.12 100
10088.32 350
10089.53 350
10090.74 100
10091.94 350
10093.15 350
10094.36 350
10095.57 350
10096.78 100
10097.99 100
10099.19 100
10100.4 350
10101.6 350
10102.8 100
10104.0 350
10105.2 350
10106.4 100
10107.59 100
10108.8 350
10110.0 350
10111.2 350
10112.41 100
10113.62 100
10114.83 100
10116.04 100
10117.25 350
10118.46 350
10119.66 100
10120.88 350
10122.08 350
10123.28 350
10124.49 100
10125.7 100
10126.9 100
10128.1 100
10129.31 350
10130.51 350
10131.72 100
10132.93 350
10134.13 350
10135.34 100
10136.54 350
10137.76 350
10138.96 100
10140.16 100
10141.36 350
10142.57 350
10143.78 350
10144.98 100
10146.19 100
10147.4 100
10148.6 100
10149.8 350
10151.0 350
10152.19 100
10153.4 350
10154.6 350
10155.82 100
10157.02 350
10158.24 350
10159.44 350
10160.65 350
10161.86 100
10163.07 100
10164.28 350
10165.49 100
10166.71 100
10167.91 100
10169.12 350
10170.33 350
10171.55 350
10172.76 350
10173.96 100
10175.16 100
10176.37 350
10177.58 100
10178.78 100
10179.98 100
10181.19 100
10182.4 350
10183.6 350
10184.8 100
10186.0 350
10187.2 350
10188.4 350
10189.61 100
10190.82 100
10192.03 100
10193.23 100
10194.44 350
10195.65 350
10196.86 100
10198.08 350
10199.28 350
10200.49 350
10201.71 100
10202.92 100
10204.13 350
10205.36 350
10206.56 100
10207.77 100
10208.98 350
10210.18 350
10211.39 100
10212.6 100
10213.81 100
10215.02 350
10216.22 350
10217.42 100
10218.64 350
10219.85 350
10221.06 350
10222.26 100
10223.47 100
10224.69 350
10225.9 350
10227.1 100
10228.3 100
10229.5 100
10230.71 350
10231.92 350
10233.13 350
10234.35 100
10235.55 100
10236.76 350
10237.97 350
10239.18 100
10240.39 100
10241.6 350
10242.79 350
10243.99 100
10245.2 350
10246.4 350
10247.6 100
10248.81 350
10250.01 350
10251.21 100
10252.42 100
10253.63 350
10254.84 350
10256.04 100
10257.24 350
10258.45 350
10259.66 100
10260.87 350
10262.08 350
10263.28 100
10264.48 100
10265.7 100
10266.9 350
10268.1 350
10269.3 100
10270.5 100
10271.7 350
10272.9 350
10274.1 100
10275.3 100
10276.49 100
10277.7 350
10278.9 350
10280.11 350
10281.32 350
10282.53 350
10283.74 350
10284.95 350
10286.16 350
10287.36 350
10288.57 350
10289.78 350
10290.99 350
10292.2 350
10293.4 350
10294.6 350
10295.82 350
10297.03 350
10298.23 350
10299.44 350
10300.64 350
10301.86 350
10303.07 350
10304.28 350
10305.48 350
10306.7 350
10307.9 350
10309.11 350
10310.32 350
10311.52 350
10312.74 350
10313.94 350
10315.15 350
10316.36 350
10317.57 350
10318.78 350
10319.99 350
10321.19 350
10322.39 350
10323.6 350
10324.8 350
10326.0 350
10327.2 350
10328.41 350
10329.62 350
10330.84 350
10332.04 350
10333.24 350
10334.45 350
10335.66 350
10336.88 350
10338.08 350
10339.28 350
10340.5 350
10341.7 350
10342.91 350
10344.12 350
10345.33 350
10346.54 350
10347.75 350
10348.96 350
10350.16 350
10351.37 350
10352.58 350
10353.8 350
10355.0 350
10356.2 350
10357.4 350
10358.6 350
10359.82 350
10361.03 350
10362.24 350
10363.44 350
10364.65 350
10365.87 350
10367.08 350
10368.28 350
10369.49 350
10370.7 350
10371.9 350
10373.1 350
10374.31 350
10375.52 350
10376.72 350
10377.93 350
10379.13 350
10380.34 350
10381.55 350
10382.76 350
10383.96 350
10385.17 350
10386.38 350
10387.6 350
10388.81 350
10390.02 350
10391.22 350
10392.43 350
10393.64 350
10394.86 350
10396.07 350
10397.27 350
10398.48 350
10399.69 350
10400.91 350
10402.11 350
10403.32 350
10404.52 350
10405.73 350
10406.94 350
10408.15 350
10409.36 350
10410.56 350
10411.77 350
10412.98 350
10414.19 350
10415.4 350
10416.6 350
10417.81 350
10419.02 350
10420.22 350
10421.44 350
10422.64 350
10423.86 350
10425.07 350
10426.28 350
10427.48 350
10428.7 350
10429.9 350
10431.1 350
10432.3 350
10433.49 350
10434.7 350
10435.9 350
10437.11 350
10438.32 350
10439.52 350
10440.73 350
10441.94 350
10443.15 350
10444.36 350
10445.56 350
10446.77 350
10447.98 350
10449.19 350
10450.4 350
10451.6 350
10452.81 350
10454.02 350
10455.23 350
10456.44 350
10457.64 350
10458.86 350
10460.07 350
10461.27 350
10462.48 350
10463.7 350
10464.91 350
10466.12 350
10467.34 350
10468.55 350
10469.76 350
10470.96 350
10472.16 350
10473.36 350
10474.56 350
10475.76 350
10476.96 350
10478.16 350
10479.37 350
10480.58 350
10481.8 350
10483.0 350
10484.2 350
10485.4 350
10486.6 350
10487.82 350
10489.03 350
10490.23 350
10491.44 350
10492.64 350
10493.86 350
10495.07 350
10496.27 350
10497.48 350
10498.69 350
10499.9 350
10501.1 350
10502.31 350
10503.52 350
10504.72 350
10505.93 350
10507.14 350
10508.35 350
10509.56 350
10510.76 350
10511.96 350
10513.16 350
10514.36 350
10515.56 350
10516.76 350
10517.96 350
10519.16 350
10520.37 350
10521.58 350
10522.8 350
10524.0 350
10525.2 350
10526.4 350
10527.6 350
10528.81 350
10530.02 350
10531.22 350
10532.43 350
10533.64 350
10534.85 350
10536.07 350
10537.28 350
10538.48 350
10539.68 350
10540.89 350
10542.1 350
10543.31 350
10544.52 350
10545.73 350
10546.94 350
10548.15 350
10549.36 350
10550.56 350
10551.77 350
10552.98 350
10554.19 350
10555.4 350
10556.6 350
10557.82 350
10559.03 350
10560.23 350
10561.44 350
10562.64 350
10563.86 350
10565.07 350
10566.27 350
10567.48 350
10568.7 350
10569.9 350
10571.1 350
10572.3 350
10573.51 350
10574.72 350
10575.92 350
10577.13 350
10578.33 350
10579.54 350
10580.75 350
10581.96 350
10583.17 350
10584.38 350
10585.59 350
10586.8 350
10588.0 350
10589.2 350
10590.4 350
10591.61 350
10592.83 350
10594.04 350
10595.24 350
10596.44 350
10597.65 350
10598.87 350
10600.08 350
10601.28 350
10602.49 350
10603.7 350
10604.91 350
10606.12 350
10607.32 350
10608.53 350
10609.74 350
10610.95 350
10612.16 350
10613.36 350
10614.57 350
10615.78 350
10616.99 350
10618.19 350
10619.4 350
10620.6 350
10621.82 350
10623.03 350
10624.23 350
10625.44 350
10626.64 350
10627.86 350
10629.07 350
10630.28 350
10631.48 350
10632.69 350
10633.9 350
10635.1 350
10636.31 350
10637.52 350
10638.73 350
10639.94 350
10641.15 350
10642.36 350
10643.56 350
10644.77 350
10645.98 350
10647.19 350
10648.4 350
10649.6 350
10650.81 350
10652.02 350
10653.22 350
10654.43 350
10655.64 350
10656.85 350
10658.06 350
10659.25 350
10660.45 350
10661.65 350
10662.87 350
10664.08 350
10665.28 350
10666.49 350
10667.7 350
10668.91 350
10670.12 350
10671.32 350
10672.53 350
10673.74 350
10674.95 350
10676.16 350
10677.37 350
10678.59 350
10679.8 350
10681.0 350
10682.2 350
10683.41 350
10684.63 350
10685.84 350
10687.05 350
10688.26 350
10689.46 350
10690.68 350
10691.88 350
10693.08 350
10694.28 350
10695.49 350
10696.7 350
10697.91 350
10699.12 350
10700.33 350
10701.54 350
10702.75 350
10703.96 350
10705.16 350
10706.36 350
10707.56 350
10708.76 350
10709.97 350
10711.19 350
10712.4 350
10713.6 350
10714.81 350
10716.02 350
10717.22 350
10718.43 350
10719.64 350
10720.86 350
10722.07 350
10723.27 350
10724.48 350
10725.69 350
10726.9 350
10728.1 350
10729.31 350
10730.52 350
10731.72 350
10732.92 350
10734.13 350
10735.34 350
10736.55 350
10737.76 350
10738.97 350
10740.18 350
10741.39 350
10742.6 350
10743.82 350
10745.03 350
10746.24 350
10747.45 350
10748.67 350
10749.88 350
10751.08 350
10752.28 350
10753.49 350
10754.7 350
10755.91 350
10757.12 350
10758.33 350
10759.54 350
10760.75 350
10761.96 350
10763.16 350
10764.37 350
10765.58 350
10766.8 350
10768.0 350
10769.2 350
10770.4 350
10771.61 350
10772.84 350
10774.04 350
10775.24 350
10776.45 350
10777.67 350
10778.88 350
10780.08 350
10781.27 350
10782.47 350
10783.68 350
10784.88 350
10786.08 350
10787.28 350
10788.48 350
10789.69 350
10790.9 350
10792.11 350
10793.32 350
10794.53 350
10795.73 350
10796.94 350
10798.15 350
10799.36 350
10800.56 350
10801.77 350
10802.98 350
10804.19 350
10805.4 350
10806.61 350
10807.83 350
10809.04 350
10810.24 350
10811.44 350
10812.65 350
10813.87 350
10815.08 350
10816.28 350
10817.48 350
10818.7 350
10819.91 350
10821.12 350
10822.33 350
10823.54 350
10824.75 350
10825.96 350
10827.16 350
10828.37 350
10829.58 350
10830.78 350
10831.98 350
10833.18 350
10834.39 350
10835.6 350
10836.8 350
10838.01 350
10839.22 350
10840.43 350
10841.64 350
10842.85 350
10844.06 350
10845.27 350
10846.48 350
10847.68 350
10848.88 350
10850.09 350
10851.3 350
10852.52 350
10853.72 350
10854.93 350
10856.14 350
10857.35 350
10858.56 350
10859.77 350
10860.98 350
10862.19 350
10863.4 350
10864.6 350
10865.82 350
10867.03 350
10868.23 350
10869.44 350
10870.64 350
10871.86 350
10873.07 350
10874.28 350
10875.48 350
10876.69 350
10877.9 350
10879.11 350
10880.32 350
10881.53 350
10882.74 350
10883.95 350
10885.16 350
10886.36 350
10887.57 350
10888.78 350
10889.99 350
10891.19 350
10892.39 350
10893.6 350
10894.81 350
10896.02 350
10897.22 350
10898.43 350
10899.64 350
10900.86 350
10902.07 350
10903.27 350
10904.48 350
10905.68 350
10906.89 350
10908.1 350
10909.31 350
10910.52 350
10911.72 350
10912.94 350
10914.15 350
10915.36 350
10916.56 350
10917.77 350
10918.97 350
10920.17 350
10921.38 350
10922.59 350
10923.8 350
10925.0 350
10926.2 350
10927.4 350
10928.6 350
10929.82 350
10931.03 350
10932.24 350
10933.44 350
10934.64 350
10935.86 350
10937.07 350
10938.28 350
10939.48 350
10940.69 350
10941.9 350
10943.1 350
10944.31 350
10945.52 350
10946.73 350
10947.94 350
10949.15 350
10950.36 350
10951.57 350
10952.79 350
10954.0 350
10955.2 350
10956.4 350
10957.61 350
10958.84 350
10960.04 350
10961.25 350
10962.46 350
10963.68 350
10964.88 350
10966.09 350
10967.29 350
10968.5 350
10969.7 350
10970.9 350
10972.11 350
10973.32 350
10974.53 350
10975.74 350
10976.95 350
10978.16 350
10979.36 350
10980.57 350
10981.8 350
10983.0 350
10984.2 350
10985.4 350
10986.61 350
10987.84 350
10989.04 350
10990.24 350
10991.45 350
10992.67 350
10993.88 350
10995.08 350
10996.29 350
10997.5 350
10998.71 350
10999.92 350
11001.12 350
11002.34 350
11003.55 350
11004.76 350
11005.97 350
11007.18 350
11008.39 350
11009.6 350
11010.81 350
11012.02 350
11013.23 350
11014.44 350
11015.66 350
11016.88 350
11018.08 350
11019.28 350
11020.49 350
11021.7 350
11022.91 350
11024.12 350
11025.33 350
11026.54 350
11027.75 350
11028.96 350
11030.17 350
11031.38 350
11032.59 350
11033.8 350
11035.0 350
11036.2 350
11037.4 350
11038.6 350
11039.81 350
11041.03 350
11042.24 350
11043.45 350
11044.67 350
11045.88 350
11047.09 350
11048.29 350
11049.5 350
11050.7 350
11051.9 350
11053.11 350
11054.32 350
11055.54 350
11056.75 350
11057.96 350
11059.16 350
11060.38 350
11061.58 350
11062.8 350
11064.0 350
11065.2 350
11066.41 350
11067.62 350
11068.84 350
11070.05 350
11071.25 350
11072.46 350
11073.68 350
11074.88 350
11076.09 350
11077.29 350
11078.5 350
11079.7 350
11080.9 350
11082.1 350
11083.3 350
11084.5 350
11085.7 350
11086.9 350
11088.1 350
11089.31 350
11090.52 350
11091.73 350
11092.94 350
11094.16 350
11095.36 350
11096.57 350
11097.79 350
11099.0 350
11100.2 350
11101.4 350
11102.6 350
11103.81 350
11105.02 350
11106.22 350
11107.43 350
11108.64 350
11109.85 350
11111.06 350
11112.26 350
11113.47 350
11114.68 350
11115.89 350
11117.1 350
11118.31 350
11119.52 350
11120.72 350
11121.93 350
11123.14 350
11124.36 350
11125.57 350
11126.79 350
11128.0 350
11129.2 350
11130.4 350
11131.6 350
11132.81 350
11134.03 350
11135.24 350
11136.44 350
11137.66 350
11138.87 350
11140.08 350
11141.28 350
11142.49 350
11143.7 350
11144.9 350
11146.1 350
11147.31 350
11148.52 350
11149.74 350
11150.95 350
11152.16 350
11153.37 350
11154.59 350
11155.8 350
11157.01 350
11158.22 350
11159.44 350
11160.66 350
11161.87 350
11163.08 350
11164.28 350
11165.49 350
11166.69 350
11167.9 350
11169.1 350
11170.31 350
11171.52 350
11172.73 350
11173.94 350
11175.15 350
11176.36 350
11177.56 350
11178.77 350
11179.98 350
11181.19 350
11182.39 350
11183.6 350
11184.81 350
11186.02 350
11187.23 350
11188.44 350
11189.66 350
11190.88 350
11192.08 350
11193.28 350
11194.5 350
11195.7 350
11196.9 350
11198.1 350
11199.31 350
11200.52 350
11201.73 350
11202.94 350
11204.15 350
11205.36 350
11206.56 350
11207.78 350
11208.99 350
11210.19 350
11211.4 350
11212.6 350
11213.82 350
11215.03 350
11216.23 350
11217.44 350
11218.65 350
11219.86 350
11221.07 350
11222.27 350
11223.48 350
11224.69 350
11225.9 350
11227.1 350
11228.32 350
11229.52 350
11230.73 350
11231.94 350
11233.15 350
11234.36 350
11235.56 350
11236.78 350
11237.99 350
11239.2 350
11240.4 350
11241.61 350
11242.83 350
11244.04 350
11245.24 350
11246.44 350
11247.66 350
11248.88 350
11250.08 350
11251.28 350
11252.49 350
11253.7 350
11254.91 350
11256.12 350
11257.33 350
11258.54 350
11259.75 350
11260.96 350
11262.16 350
11263.37 350
11264.58 350
11265.8 350
11267.0 350
11268.2 350
11269.4 350
11270.6 350
11271.81 350
11273.02 350
11274.22 350
11275.44 350
11276.65 350
11277.86 350
11279.07 350
11280.27 350
11281.48 350
11282.68 350
11283.89 350
11285.1 350
11286.31 350
11287.52 350
11288.73 350
11289.94 350
11291.15 350
11292.36 350
11293.56 350
11294.78 350
11295.99 350
11297.2 350
11298.4 350
11299.6 350
11300.82 350
11302.04 350
11303.24 350
11304.45 350
11305.67 350
11306.88 350
11308.08 350
11309.28 350
11310.49 350
11311.7 350
11312.9 350
11314.1 350
11315.31 350
11316.52 350
11317.73 350
11318.94 350
11320.15 350
11321.36 350
11322.56 350
11323.79 350
11325.0 350
11326.2 350
11327.4 350
11328.61 350
11329.83 350
11331.04 350
11332.24 350
11333.45 350
11334.67 350
11335.88 350
11337.08 350
11338.28 350
11339.49 350
11340.7 350
11341.9 350
11343.1 350
11344.31 350
11345.52 350
11346.72 350
11347.93 350
11349.15 350
11350.36 350
11351.56 350
11352.79 350
11354.0 350
11355.2 350
11356.4 350
11357.6 350
11358.82 350
11360.03 350
11361.23 350
11362.44 350
11363.66 350
11364.87 350
11366.08 350
11367.28 350
11368.49 350
11369.7 350
11370.9 350
11372.1 350
11373.3 350
11374.5 350
11375.7 350
11376.91 350
11378.12 350
11379.34 350
11380.55 350
11381.76 350
11382.97 350
11384.18 350
11385.39 350
11386.59 350
11387.8 350
11389.0 350
11390.2 350
11391.4 350
11392.61 350
11393.83 350
11395.04 350
11396.24 350
11397.45 350
11398.66 350
11399.88 350
11401.08 350
11402.29 350
11403.5 350
11404.71 350
11405.92 350
11407.12 350
11408.34 350
11409.56 350
11410.78 350
11411.99 350
11413.2 350
11414.4 350
11415.6 350
11416.82 350
11418.03 350
11419.24 350
11420.44 350
11421.66 350
11422.88 350
11424.08 350
11425.28 350
11426.49 350
11427.7 350
11428.91 350
11430.12 350
11431.32 350
11432.53 350
11433.74 350
11434.95 350
11436.16 350
11437.38 350
11438.58 350
11439.8 350
11441.0 350
11442.2 350
11443.4 350
11444.61 350
11445.83 350
11447.04 350
11448.24 350
11449.45 350
11450.66 350
11451.88 350
11453.08 350
11454.28 350
11455.5 350
11456.71 350
11457.92 350
11459.12 350
11460.34 350
11461.56 350
11462.78 350
11463.99 350
11465.2 350
11466.4 350
11467.6 350
11468.82 350
11470.04 350
11471.24 350
11472.45 350
11473.66 350
11474.88 350
11476.09 350
11477.29 350
11478.5 350
11479.7 350
11480.91 350
11482.12 350
11483.33 350
11484.54 350
11485.75 350
11486.96 350
11488.17 350
11489.39 350
11490.6 350
11491.81 350
11493.02 350
11494.23 350
11495.44 350
11496.65 350
11497.86 350
11499.07 350
11500.28 350
11501.49 350
11502.7 350
11503.91 350
11505.12 350
11506.33 350
11507.55 350
11508.76 350
11509.96 350
11511.17 350
11512.38 350
11513.59 350
11514.8 350
11516.0 350
11517.2 350
11518.41 350
11519.63 350
11520.84 350
11522.06 350
11523.26 350
11524.48 350
11525.68 350
11526.89 350
11528.1 350
11529.31 350
11530.52 350
11531.72 350
11532.93 350
11534.14 350
11535.35 350
11536.56 350
11537.78 350
11538.99 350
11540.2 350
11541.4 350
11542.6 350
11543.82 350
11545.03 350
11546.24 350
11547.44 350
11548.66 350
11549.88 350
11551.08 350
11552.29 350
11553.5 350
11554.7 350
11555.91 350
11557.12 350
11558.33 350
11559.54 350
11560.75 350
11561.96 350
11563.17 350
11564.38 350
11565.59 350
11566.8 350
11568.01 350
11569.22 350
11570.43 350
11571.64 350
11572.86 350
11574.07 350
11575.28 350
11576.49 350
11577.7 350
11578.91 350
11580.12 350
11581.34 350
11582.55 350
11583.77 350
11584.98 350
11586.19 350
11587.4 350
11588.6 350
11589.81 350
11591.02 350
11592.22 350
11593.42 350
11594.64 350
11595.85 350
11597.06 350
11598.27 350
11599.48 350
11600.68 350
11601.89 350
11603.1 350
11604.31 350
11605.52 350
11606.73 350
11607.94 350
11609.15 350
11610.36 350
11611.56 350
11612.78 350
11613.99 350
11615.2 350
11616.41 350
11617.62 350
11618.84 350
11620.04 350
11621.24 350
11622.45 350
11623.66 350
11624.87 350
11626.08 350
11627.28 350
11628.48 350
11629.69 350
11630.9 350
11632.1 350
11633.31 350
11634.52 350
11635.73 350
11636.94 350
11638.15 350
11639.36 350
11640.57 350
11641.79 350
11643.0 350
11644.2 350
11645.4 350
11646.61 350
11647.84 350
11649.04 350
11650.24 350
11651.45 350
11652.66 350
11653.87 350
11655.08 350
11656.28 350
11657.49 350
11658.7 350
11659.91 350
11661.12 350
11662.34 350
11663.56 350
11664.78 350
11665.99 350
11667.2 350
11668.4 350
11669.61 350
11670.83 350
11672.04 350
11673.24 350
11674.45 350
11675.66 350
11676.88 350
11678.08 350
11679.28 350
11680.49 350
11681.7 350
11682.91 350
11684.12 350
11685.32 350
11686.53 350
11687.74 350
11688.95 350
11690.16 350
11691.38 350
11692.59 350
11693.8 350
11695.0 350
11696.2 350
11697.41 350
11698.62 350
11699.84 350
11701.05 350
11702.25 350
11703.47 350
11704.68 350
11705.88 350
11707.08 350
11708.28 350
11709.49 350
11710.7 350
11711.91 350
11713.12 350
11714.33 350
11715.54 350
11716.76 350
11717.96 350
11719.17 350
11720.38 350
11721.59 350
11722.8 350
11723.99 350
11725.19 350
11726.4 350
11727.6 350
11728.82 350
11730.03 350
11731.24 350
11732.45 350
11733.66 350
11734.87 350
11736.08 350
11737.28 350
11738.49 350
11739.7 350
11740.91 350
11742.12 350
11743.32 350
11744.53 350
11745.74 350
11746.95 350
11748.16 350
11749.37 350
11750.58 350
11751.8 350
11753.0 350
11754.2 350
11755.41 350
11756.64 350
11757.84 350
11759.05 350
11760.26 350
11761.47 350
11762.68 350
11763.89 350
11765.09 350
11766.29 350
11767.5 350
11768.71 350
11769.92 350
11771.13 350
11772.34 350
11773.55 350
11774.76 350
11775.97 350
11777.19 350
11778.4 350
11779.6 350
11780.81 350
11782.02 350
11783.23 350
11784.44 350
11785.65 350
11786.86 350
11788.07 350
11789.28 350
11790.49 350
11791.7 350
11792.91 350
11794.12 350
11795.32 350
11796.53 350
11797.74 350
11798.95 350
11800.16 350
11801.36 350
11802.57 350
11803.8 350
11805.0 350
11806.2 350
11807.4 350
11808.6 350
11809.81 350
11811.02 350
11812.22 350
11813.44 350
11814.65 350
11815.86 350
11817.07 350
11818.28 350
11819.48 350
11820.69 350
11821.9 350
11823.11 350
11824.32 350
11825.54 350
11826.76 350
11827.96 350
11829.17 350
11830.38 350
11831.59 350
11832.81 350
11834.02 350
11835.22 350
11836.43 350
11837.64 350
11838.86 350
11840.07 350
11841.27 350
11842.48 350
11843.68 350
11844.89 350
11846.1 350
11847.31 350
11848.52 350
11849.73 350
11850.94 350
11852.15 350
11853.36 350
11854.56 350
11855.78 350
11856.99 350
11858.2 350
11859.4 350
11860.61 350
11861.83 350
11863.05 350
11864.25 350
11865.46 350
11866.67 350
11867.88 350
11869.08 350
11870.28 350
11871.49 350
11872.7 350
11873.9 350
11875.1 350
11876.31 350
11877.52 350
11878.73 350
11879.94 350
11881.15 350
11882.36 350
11883.56 350
11884.78 350
11885.99 350
11887.2 350
11888.4 350
11889.61 350
11890.84 350
11892.04 350
11893.25 350
11894.46 350
11895.67 350
11896.88 350
11898.09 350
11899.29 350
11900.5 350
11901.7 350
11902.91 350
11904.12 350
11905.33 350
11906.54 350
11907.76 350
11908.96 350
11910.16 350
11911.38 350
11912.59 350
11913.8 350
11915.0 350
11916.2 350
11917.4 350
11918.6 350
11919.8 350
11921.01 350
11922.22 350
11923.43 350
11924.64 350
11925.86 350
11927.07 350
11928.28 350
11929.48 350
11930.69 350
11931.9 350
11933.11 350
11934.32 350
11935.53 350
11936.74 350
11937.96 350
11939.16 350
11940.38 350
11941.59 350
11942.8 350
11944.0 350
11945.2 350
11946.41 350
11947.63 350
11948.84 350
11950.05 350
11951.26 350
11952.47 350
11953.68 350
11954.88 350
11956.09 350
11957.28 350
11958.48 350
11959.68 350
11960.88 350
11962.09 350
11963.3 350
11964.51 350
11965.72 350
11966.92 350
11968.13 350
11969.34 350
11970.55 350
11971.77 350
11972.98 350
11974.19 350
11975.4 350
11976.6 350
11977.81 350
11979.02 350
11980.23 350
11981.44 350
11982.65 350
11983.87 350
11985.08 350
11986.28 350
11987.49 350
11988.7 350
11989.91 350
11991.12 350
11992.33 350
11993.54 350
11994.76 350
11995.97 350
11997.18 350
11998.4 350
11999.6 350
12000.81 350
12002.02 350
12003.23 350
12004.44 350
12005.65 350
12006.86 350
12008.07 350
12009.27 350
12010.48 350
12011.69 350
12012.9 350
12014.1 350
12015.31 350
12016.52 350
12017.72 350
12018.93 350
12020.14 350
12021.34 350
12022.55 350
12023.76 350
12024.98 350
12026.19 350
12027.4 350
12028.6 350
12029.82 350
12031.03 350
12032.24 350
12033.44 350
12034.65 350
12035.86 350
12037.07 350
12038.28 350
12039.48 350
12040.69 350
12041.9 350
12043.1 350
12044.31 350
12045.52 350
12046.72 350
12047.93 350
12049.14 350
12050.35 350
12051.56 350
12052.77 350
12053.98 350
12055.19 350
12056.39 350
12057.59 350
12058.81 350
12060.02 350
12061.23 350
12062.44 350
12063.65 350
12064.86 350
12066.07 350
12067.28 350
12068.48 350
12069.68 350
12070.88 350
12072.1 350
12073.31 350
12074.52 350
12075.73 350
12076.95 350
12078.16 350
12079.36 350
12080.57 350
12081.79 350
12083.0 350
12084.2 350
12085.41 350
12086.63 350
12087.84 350
12089.04 350
12090.24 350
12091.45 350
