6299.10 3.74
6300.18 4.87
6301.26 4.94
6302.35 5.47
6303.44 3.73
6304.53 2.87
6305.62 2.43
6306.71 2.22
6307.80 2.11
6308.89 3.55
6309.97 3.78
6311.06 4.39
6312.14 4.69
6313.24 3.85
6314.33 4.92
6315.42 5.46
6316.51 5.23
6317.60 5.12
6318.69 4.06
6319.78 3.53
6320.87 2.76
6321.96 3.88
6323.04 5.94
6324.12 5.47
6325.21 5.74
6326.31 5.37
6327.40 4.18
6328.48 7.09
6329.56 6.05
6330.65 5.52
6331.74 5.26
6332.84 4.63
6333.92 3.32
6335.01 4.16
6336.10 5.08
6337.18 3.54
6338.27 3.27
6339.36 4.63
6340.45 6.32
6341.54 7.16
6342.63 3.58
6343.72 4.29
6344.81 6.14
6345.90 4.07
6346.98 4.54
6348.06 6.27
6349.16 5.13
6350.25 4.07
6351.34 3.53
6352.43 2.27
6353.52 4.13
6354.62 2.57
6355.71 3.28
6356.80 2.14
6357.89 4.07
6358.97 2.54
6360.07 2.27
6361.15 3.63
6362.24 3.82
6363.33 4.41
6364.42 4.70
6365.52 3.85
6366.60 3.93
6367.69 2.46
6368.78 1.73
6369.86 2.87
6370.95 3.93
6372.04 1.97
6373.12 1.98
6374.21 4.99
6375.30 5.00
6376.38 3.00
6377.46 2.50
6378.54 3.25
6379.63 2.12
6380.72 2.06
6381.81 1.03
6382.89 3.02
6383.98 3.01
6385.07 4.00
6386.14 6.00
6387.22 4.00
6388.30 6.00
6389.37 7.00
6390.45 5.00
6391.53 5.50
6392.62 2.75
6393.71 4.38
6394.80 3.19
6395.90 2.09
6396.97 2.05
6398.05 3.02
6399.13 2.51
6400.22 3.76
6401.32 4.38
6402.40 5.19
6403.48 3.59
6404.57 4.30
6405.65 3.15
6406.74 4.07
6407.83 4.54
6408.90 4.77
6409.99 3.38
6411.08 2.19
6412.16 2.10
6413.25 2.05
6414.34 1.52
6415.42 3.26
6416.51 5.13
6417.60 3.57
6418.68 2.78
6419.77 2.39
6420.86 2.20
6421.93 3.60
6423.01 5.30
6424.09 4.65
6425.17 4.82
6426.26 3.91
6427.35 4.96
6428.44 3.48
6429.52 2.74
6430.61 3.87
6431.70 2.93
6432.78 2.47
6433.86 3.73
6434.94 4.37
6436.03 4.68
6437.11 4.84
6438.20 3.92
6439.28 4.46
6440.37 3.23
6441.46 5.12
6442.56 5.06
6443.64 3.53
6444.73 4.26
6445.83 4.63
6446.91 4.82
6448.00 3.41
6449.08 4.20
6450.16 3.60
6451.24 2.80
6452.32 4.40
6453.41 4.70
6454.49 4.85
6455.58 3.93
6456.68 3.46
6457.76 3.73
6458.85 2.87
6459.93 3.43
6461.02 2.72
6462.10 2.86
6463.19 2.43
6464.28 2.21
6465.36 4.11
6466.45 3.05
6467.53 2.53
6468.62 4.26
6469.70 3.13
6470.79 4.07
6471.88 2.53
6472.96 2.27
6474.05 3.63
6475.13 2.82
6476.22 2.41
6477.30 3.70
6478.39 2.85
6479.47 3.93
6480.56 2.96
6481.65 3.98
6482.74 4.49
6483.84 3.25
6484.92 2.12
6486.02 3.56
6487.09 2.78
6488.16 2.39
6489.25 3.20
6490.34 3.10
6491.43 3.05
6492.52 2.52
6493.60 2.26
6494.68 2.13
6495.77 3.57
6496.86 2.78
6497.95 3.39
6499.04 5.20
6500.12 3.60
6501.20 2.80
6502.28 3.90
6503.36 2.95
6504.46 2.47
6505.54 3.74
6506.63 4.37
6507.72 3.18
6508.80 4.59
6509.88 3.80
6510.96 2.40
6512.04 4.70
6513.12 3.35
6514.22 3.67
6515.31 4.34
6516.40 3.17
6517.49 4.08
6518.57 3.04
6519.65 4.02
6520.74 3.51
6521.84 2.76
6522.92 4.38
6524.00 4.69
6525.08 3.34
6526.16 4.67
6527.25 4.84
6528.34 4.92
6529.43 2.96
6530.51 3.48
6531.60 2.74
6532.68 3.87
6533.77 4.43
6534.86 3.72
6535.94 3.86
6537.04 4.43
6538.12 3.71
6539.22 3.36
6540.31 2.68
6541.39 3.84
6542.48 4.42
6543.57 3.21
6544.66 4.10
6545.74 4.55
6546.84 3.28
6547.92 4.14
6549.01 3.57
6550.10 4.28
6551.18 4.64
6552.27 4.82
6553.36 3.41
6554.45 2.71
6555.55 2.35
6556.64 2.18
6557.72 3.59
6558.80 4.29
6559.88 4.65
6560.97 5.82
6562.06 5.91
6563.14 3.46
6564.23 2.73
6565.31 3.86
6566.40 4.43
6567.48 3.72
6568.57 2.86
6569.66 3.93
6570.75 3.46
6571.84 4.23
6572.91 4.62
6574.00 3.31
6575.08 3.15
6576.17 2.58
6577.25 3.79
6578.34 4.39
6579.43 3.20
6580.52 2.60
6581.60 4.80
6582.68 3.40
6583.76 3.20
6584.85 2.60
6585.92 3.80
6587.00 2.90
6588.08 2.45
6589.16 2.22
6590.25 3.61
6591.34 4.31
6592.44 3.15
6593.53 3.08
6594.61 3.04
6595.69 4.02
6596.77 3.01
6597.86 2.50
6598.94 3.75
6600.03 4.38
6601.12 3.19
6602.21 4.09
6603.30 4.05
6604.38 4.52
6605.46 4.76
6606.56 3.38
6607.64 3.19
6608.73 4.10
6609.83 4.55
6610.90 4.77
6611.99 3.39
6613.06 3.69
6614.15 2.85
6615.23 3.92
6616.32 4.46
6617.41 4.73
6618.50 4.87
6619.58 4.93
6620.67 5.47
6621.76 5.23
6622.85 4.12
6623.95 3.56
6625.04 4.28
6626.12 3.64
6627.21 4.32
6628.31 3.16
6629.40 3.08
6630.48 3.04
6631.56 2.52
6632.65 2.76
6633.74 2.38
6634.83 3.19
6635.92 2.59
6637.00 2.30
6638.07 3.15
6639.16 2.57
6640.25 3.79
6641.34 2.89
6642.42 3.95
6643.52 2.97
6644.60 3.99
6645.68 2.99
6646.78 3.50
6647.86 2.75
6648.94 5.37
6650.03 5.19
6651.12 3.59
6652.20 4.30
6653.28 3.15
6654.37 2.57
6655.46 3.79
6656.55 2.89
6657.64 2.95
6658.72 2.47
6659.82 3.74
6660.90 4.37
6661.98 4.68
6663.07 3.34
6664.15 4.17
6665.23 4.59
6666.32 3.29
6667.40 2.65
6668.49 3.82
6669.58 2.91
6670.67 3.96
6671.76 4.48
6672.84 3.24
6673.92 4.12
6675.01 5.06
6676.09 5.53
6677.17 4.26
6678.26 4.63
6679.35 3.32
6680.44 3.16
6681.53 4.08
6682.62 4.54
6683.70 4.27
6684.78 4.63
6685.87 2.82
6686.96 2.41
6688.04 2.20
6689.12 3.60
6690.21 4.30
6691.30 4.65
6692.39 3.33
6693.48 2.66
6694.57 2.33
6695.66 3.67
6696.75 4.33
6697.83 4.67
6698.91 4.83
6700.00 3.42
6701.08 4.21
6702.16 5.10
6703.25 5.05
6704.33 6.53
6705.43 5.76
6706.52 5.38
6707.60 5.69
6708.68 3.85
6709.77 4.42
6710.86 3.21
6711.94 3.61
6713.04 3.30
6714.12 2.15
6715.21 2.08
6716.30 2.04
6717.38 2.02
6718.47 2.51
6719.55 3.25
6720.64 2.63
6721.73 2.31
6722.83 3.66
6723.91 2.83
6724.99 3.91
6726.08 4.46
6727.16 4.73
6728.25 3.86
6729.34 4.43
6730.42 4.72
6731.51 4.86
6732.60 3.43
6733.69 4.21
6734.78 3.11
6735.87 4.05
6736.94 2.03
6738.02 2.51
6739.10 2.76
6740.19 3.88
6741.28 4.44
6742.37 4.72
6743.46 5.36
6744.55 5.18
6745.64 5.09
6746.72 5.04
6747.82 5.02
6748.90 4.01
6749.98 4.51
6751.06 4.75
6752.15 3.38
6753.24 4.19
6754.32 3.09
6755.40 4.05
6756.48 4.52
6757.57 3.26
6758.66 2.63
6759.74 2.82
6760.83 3.91
6761.92 2.95
6763.00 2.98
6764.08 2.49
6765.16 3.74
6766.25 4.37
6767.34 5.19
6768.44 3.59
6769.52 4.80
6770.60 3.40
6771.68 3.20
6772.77 2.60
6773.85 2.30
6774.94 3.65
6776.03 2.82
6777.11 3.41
6778.20 4.21
6779.29 3.10
6780.38 2.55
6781.46 3.78
6782.56 2.89
6783.64 3.94
6784.73 3.47
6785.82 2.74
6786.90 3.87
6787.99 3.43
6789.08 3.22
6790.16 4.11
6791.25 4.55
6792.34 3.28
6793.43 2.64
6794.52 2.32
6795.61 2.16
6796.71 2.08
6797.79 3.54
6798.88 2.77
6799.97 2.38
6801.06 2.19
6802.14 3.10
6803.24 4.05
6804.32 3.52
6805.41 4.26
6806.50 4.63
6807.59 3.32
6808.68 4.16
6809.76 3.08
6810.84 2.54
6811.92 2.27
6813.01 3.63
6814.09 4.32
6815.18 4.66
6816.26 4.83
6817.36 3.41
6818.44 2.71
6819.53 2.85
6820.62 2.43
6821.70 3.71
6822.80 3.36
6823.88 2.68
6824.97 2.34
6826.05 3.67
6827.13 2.83
6828.22 3.92
6829.31 3.46
6830.40 2.73
6831.49 2.36
6832.58 3.68
6833.67 4.34
6834.76 3.17
6835.84 3.09
6836.92 2.54
6838.00 3.77
6839.08 2.89
6840.16 3.94
6841.25 4.97
6842.34 5.49
6843.43 4.74
6844.52 4.37
6845.60 4.19
6846.69 5.09
6847.77 4.55
6848.86 4.77
6849.94 2.39
6851.04 1.69
6852.12 1.85
6853.21 2.42
6854.30 2.71
6855.38 3.36
6856.48 4.18
6857.56 4.09
6858.64 4.04
6859.72 4.02
6860.82 4.01
6861.89 3.51
6862.98 2.75
6864.06 4.88
6865.14 5.44
6866.24 4.22
6867.33 4.11
6868.43 2.55
6869.52 2.28
6870.60 3.14
6871.69 3.57
6872.78 3.78
6873.87 4.89
6874.96 3.95
6876.04 2.97
6877.12 4.49
6878.22 3.74
6879.31 5.37
6880.40 3.19
6881.49 5.09
6882.57 4.55
6883.66 2.27
6884.75 4.14
6885.84 3.57
6886.93 1.78
6888.02 4.39
6889.10 2.20
6890.19 2.10
6891.27 3.55
6892.36 3.77
6893.45 3.89
6894.54 2.44
6895.63 2.72
6896.71 1.86
6897.80 3.43
6898.88 3.22
6899.96 2.11
6901.06 4.55
6902.15 2.78
6903.24 2.89
6904.32 1.44
6905.41 1.22
6906.50 2.61
6907.59 1.81
6908.67 0.90
6909.75 2.45
6910.83 3.23
6911.92 2.61
6913.02 2.31
6914.10 4.65
6915.18 3.83
6916.26 1.91
6917.36 1.46
6918.44 2.73
6919.53 1.36
6920.62 3.18
6921.71 3.09
6922.80 4.55
6923.88 4.27
6924.97 3.14
6926.06 3.57
6927.15 3.28
6928.24 2.14
6929.33 3.57
6930.42 3.79
6931.51 2.39
6932.60 4.20
6933.67 2.10
6934.75 3.05
6935.83 3.52
6936.91 1.76
6938.00 4.88
6939.08 3.94
6940.16 3.47
6941.25 3.74
6942.34 3.87
6943.43 4.93
6944.52 3.97
6945.60 3.98
6946.68 3.49
6947.77 2.25
6948.87 3.12
6949.96 3.06
6951.04 3.53
6952.12 3.27
6953.22 2.63
6954.31 2.82
6955.40 2.41
6956.49 3.20
6957.57 4.60
6958.65 5.80
6959.73 4.40
6960.82 4.20
6961.89 4.10
6962.97 5.55
6964.06 4.78
6965.14 2.39
6966.23 3.69
6967.32 1.85
6968.40 3.42
6969.48 2.21
6970.57 1.11
6971.66 0.55
6972.74 0.28
6973.82 0.14
6974.89 1.07
6975.97 2.53
6977.06 1.27
6978.14 3.13
6979.22 4.57
6980.32 4.78
6981.40 5.39
6982.48 6.20
6983.57 5.10
6984.66 4.05
6985.75 3.02
6986.83 2.51
6987.91 4.76
6989.00 3.38
6990.08 2.19
6991.17 2.09
6992.26 4.05
6993.35 3.52
6994.44 2.76
6995.52 2.38
6996.61 4.69
6997.70 5.85
6998.79 4.42
6999.88 3.71
7000.96 3.86
7002.05 2.93
7003.14 2.96
7004.22 3.48
7005.32 3.24
7006.41 5.12
7007.51 4.06
7008.60 3.03
7009.68 2.52
7010.77 2.76
7011.86 2.88
7012.94 3.44
7014.03 3.72
7015.12 4.86
7016.21 5.93
7017.30 6.46
7018.38 3.23
7019.48 5.12
7020.57 3.06
7021.65 2.03
7022.74 3.01
7023.83 2.51
7024.90 3.75
7025.99 3.38
7027.08 3.19
7028.16 3.59
7029.25 3.80
7030.34 3.90
7031.42 3.95
7032.51 3.97
7033.60 3.49
7034.69 4.24
7035.78 2.12
7036.87 2.56
7037.96 3.78
7039.04 3.39
7040.13 2.70
7041.22 4.35
7042.31 3.67
7043.40 3.34
7044.48 4.67
7045.57 5.33
7046.66 3.17
7047.76 4.08
7048.84 3.04
7049.90 3.52
7050.99 4.26
7052.07 4.63
7053.15 4.82
7054.25 4.91
7055.34 4.45
7056.43 3.73
7057.51 3.86
7058.60 3.43
7059.69 4.72
7060.78 3.36
7061.86 1.68
7062.94 0.84
7064.03 1.42
7065.12 1.21
7066.21 2.60
7067.30 4.30
7068.38 5.15
7069.47 5.08
7070.55 5.54
7071.64 5.77
7072.73 3.88
7073.82 4.44
7074.89 3.22
7075.98 2.61
7077.07 1.81
7078.16 3.90
7079.24 2.95
7080.33 4.98
7081.42 2.99
7082.51 2.99
7083.59 3.50
7084.67 1.75
7085.76 3.37
7086.85 2.19
7087.94 2.59
7089.02 3.80
7090.11 3.40
7091.20 4.70
7092.28 4.35
7093.36 3.67
7094.45 2.34
7095.55 4.17
7096.64 3.58
7097.72 2.29
7098.81 1.15
7099.90 4.07
7100.98 5.04
7102.07 4.02
7103.15 4.01
7104.24 4.00
7105.32 4.00
7106.40 3.50
7107.48 2.75
7108.56 2.88
7109.65 2.94
7110.73 2.97
7111.82 3.48
7112.90 3.74
7113.98 4.37
7115.07 3.69
7116.16 3.34
7117.25 2.67
7118.34 2.34
7119.44 2.67
7120.52 4.33
7121.61 4.17
7122.71 3.58
7123.80 2.79
7124.87 3.90
7125.96 3.45
7127.04 1.72
7128.12 2.36
7129.22 4.18
7130.30 5.09
7131.38 5.55
7132.47 6.27
7133.56 3.64
7134.65 2.82
7135.74 3.41
7136.83 2.70
7137.90 3.85
7138.98 3.43
7140.07 4.71
7141.15 4.86
7142.24 3.43
7143.33 3.21
7144.42 3.61
7145.51 3.80
7146.60 3.90
7147.68 3.45
7148.76 3.73
7149.85 4.86
7150.94 5.43
7152.03 4.72
7153.11 4.86
7154.20 3.93
7155.29 3.96
7156.38 2.48
7157.47 4.74
7158.56 3.87
7159.64 3.94
7160.73 3.47
7161.82 3.23
7162.90 2.62
7163.98 2.81
7165.06 3.40
7166.14 3.70
7167.23 1.85
7168.32 2.93
7169.41 3.46
7170.50 3.23
7171.59 2.62
7172.67 3.31
7173.76 4.65
7174.85 3.83
7175.94 4.91
7177.03 3.96
7178.12 2.48
7179.21 4.24
7180.30 5.62
7181.39 4.31
7182.48 4.65
7183.57 3.83
7184.66 3.41
7185.75 3.21
7186.84 3.10
7187.93 3.55
7189.02 2.28
7190.10 3.14
7191.20 5.07
7192.28 4.53
7193.36 4.27
7194.45 3.63
7195.54 4.32
7196.63 2.66
7197.72 1.83
7198.81 1.41
7199.89 2.21
7200.98 1.60
7202.06 2.80
7203.14 3.40
7204.23 2.70
7205.32 2.85
7206.40 3.43
7207.49 3.71
7208.58 4.86
7209.66 5.43
7210.76 3.71
7211.84 4.36
7212.93 4.18
7214.02 3.09
7215.10 3.54
7216.18 2.77
7217.26 2.89
7218.35 2.44
7219.44 4.22
7220.52 5.11
7221.61 3.06
7222.70 4.53
7223.80 4.26
7224.87 2.13
7225.96 3.07
7227.05 3.53
7228.13 2.77
7229.22 3.38
7230.31 2.69
7231.39 3.35
7232.48 2.17
7233.57 3.09
7234.65 2.54
7235.74 4.77
7236.82 5.39
7237.91 4.69
7239.00 3.35
7240.08 3.17
7241.16 3.59
7242.25 2.29
7243.34 2.65
7244.42 2.82
7245.51 2.91
7246.60 1.46
7247.68 3.73
7248.77 4.86
7249.86 3.43
7250.95 1.72
7252.04 2.86
7253.12 3.43
7254.22 3.71
7255.31 3.86
7256.40 3.43
7257.49 3.21
7258.58 2.11
7259.67 3.05
7260.76 4.53
7261.85 3.76
7262.94 3.38
7264.02 3.69
7265.10 3.85
7266.20 4.42
7267.28 3.71
7268.37 2.86
7269.46 3.43
7270.55 4.21
7271.64 3.61
7272.73 2.80
7273.82 2.90
7274.89 3.45
7275.98 5.23
7277.08 5.11
7278.16 3.06
7279.25 2.53
7280.34 3.26
7281.43 4.63
7282.52 3.82
7283.60 4.91
7284.69 3.45
7285.79 3.73
7286.86 3.36
7287.95 3.18
7289.03 3.59
7290.11 3.80
7291.20 2.40
7292.28 2.70
7293.36 1.85
7294.45 2.92
7295.54 1.96
7296.63 3.98
7297.72 4.49
7298.81 4.25
7299.89 3.62
7300.98 3.81
7302.07 2.41
7303.16 2.70
7304.24 2.85
7305.32 2.93
7306.41 2.96
7307.50 4.48
7308.58 4.74
7309.67 4.37
7310.76 4.19
7311.85 6.09
7312.93 4.55
7314.02 3.77
7315.11 3.89
7316.20 3.44
7317.28 3.72
7318.37 3.36
7319.46 4.18
7320.54 5.09
7321.62 5.55
7322.72 4.27
7323.81 3.64
7324.89 1.82
7325.98 2.91
7327.07 4.45
7328.16 3.73
7329.25 3.86
7330.34 1.93
7331.43 2.97
7332.51 3.48
7333.60 4.24
7334.69 4.12
7335.79 5.06
7336.86 5.53
7337.95 5.27
7339.04 2.63
7340.12 1.82
7341.21 2.41
7342.30 3.20
7343.38 3.60
7344.46 3.80
7345.54 3.90
7346.63 3.45
7347.71 3.73
7348.81 3.36
7349.89 4.18
7350.98 2.59
7352.07 2.30
7353.14 4.15
7354.24 4.07
7355.33 3.04
7356.42 2.52
7357.51 1.76
7358.60 2.88
7359.68 2.94
7360.77 2.47
7361.86 3.23
7362.95 3.12
7364.04 3.06
7365.11 3.53
7366.20 3.26
7367.29 3.63
7368.38 3.82
7369.47 2.91
7370.56 3.45
7371.64 2.23
7372.74 1.61
7373.83 2.31
7374.92 3.15
7376.01 1.58
7377.09 1.79
7378.17 4.39
7379.26 3.20
7380.34 3.60
7381.42 1.80
7382.51 2.40
7383.59 3.20
7384.68 2.60
7385.76 2.80
7386.84 1.90
7387.92 2.45
7389.01 2.22
7390.10 4.11
7391.19 4.06
7392.27 5.53
7393.36 5.26
7394.45 4.13
7395.54 5.07
7396.64 3.03
7397.72 2.52
7398.81 4.76
7399.89 2.88
7400.98 2.44
7402.06 3.22
7403.15 3.61
7404.24 3.80
7405.32 5.40
7406.41 3.70
7407.50 4.85
7408.58 4.43
7409.67 4.21
7410.76 3.61
7411.85 5.30
7412.94 4.65
7414.03 4.33
7415.12 2.66
7416.21 2.33
7417.30 4.67
7418.39 5.33
7419.48 6.67
7420.57 6.33
7421.66 5.67
7422.75 4.83
7423.84 4.42
7424.92 3.21
7426.01 4.60
7427.09 3.30
7428.16 3.65
7429.25 2.33
7430.34 5.16
7431.44 4.58
7432.52 3.29
7433.61 3.15
7434.71 4.57
7435.80 2.79
7436.87 3.39
7437.96 5.20
7439.05 4.10
7440.13 2.55
7441.22 2.77
7442.30 3.89
7443.39 3.44
7444.48 2.72
7445.56 3.36
7446.65 3.18
7447.74 3.09
7448.82 2.05
7449.90 2.52
7450.98 3.26
7452.07 2.63
7453.15 3.32
7454.25 3.66
7455.34 3.83
7456.42 4.91
7457.52 3.46
7458.60 4.23
7459.69 5.11
7460.79 4.56
7461.87 4.28
7462.96 5.14
7464.04 4.57
7465.12 3.78
7466.21 3.89
7467.30 4.45
7468.39 4.22
7469.47 4.61
7470.56 5.31
7471.66 4.65
7472.75 4.33
7473.84 4.16
7474.93 3.08
7476.01 3.54
7477.10 2.77
7478.19 4.39
7479.29 4.19
7480.37 3.10
7481.45 4.05
7482.54 5.02
7483.63 3.51
7484.72 3.26
7485.81 4.13
7486.90 4.06
7487.98 5.03
7489.06 5.52
7490.15 2.76
7491.24 1.88
7492.33 1.44
7493.42 2.72
7494.50 3.36
7495.59 2.68
7496.67 2.84
7497.76 3.92
7498.84 4.46
7499.93 3.73
7501.02 4.36
7502.10 5.18
7503.20 3.59
7504.28 3.30
7505.37 2.65
7506.46 3.32
7507.55 4.16
7508.63 4.58
7509.72 2.79
7510.81 1.90
7511.89 3.45
7512.98 3.72
7514.07 3.36
7515.15 3.68
7516.24 3.84
7517.32 3.42
7518.42 3.71
7519.50 4.86
7520.60 4.43
7521.68 2.71
7522.78 3.36
7523.86 3.68
7524.95 4.34
7526.04 4.17
7527.12 4.08
7528.21 2.54
7529.30 2.77
7530.39 2.39
7531.48 2.19
7532.56 3.60
7533.64 3.80
7534.72 4.40
7535.81 2.70
7536.89 3.85
7537.98 2.42
7539.07 4.71
7540.16 3.36
7541.25 2.68
7542.34 3.34
7543.43 3.17
7544.52 3.58
7545.61 3.79
7546.70 2.90
7547.78 1.45
7548.87 2.22
7549.96 3.11
7551.04 4.56
7552.13 4.78
7553.22 3.89
7554.30 1.94
7555.39 2.97
7556.48 2.99
7557.56 2.99
7558.65 3.50
7559.74 1.75
7560.83 2.87
7561.91 1.44
7563.00 2.72
7564.08 1.86
7565.16 2.93
7566.25 4.96
7567.34 5.48
7568.43 4.24
7569.52 4.12
7570.61 2.06
7571.69 2.03
7572.79 3.02
7573.87 5.01
7574.96 4.00
7576.03 5.00
7577.10 2.50
7578.19 4.25
7579.27 2.13
7580.37 1.06
7581.45 2.03
7582.54 3.02
7583.63 2.01
7584.71 1.00
7585.80 4.00
7586.86 3.50
7587.94 2.25
7589.03 1.63
7590.11 0.81
7591.20 0.41
7592.28 3.20
7593.37 2.60
7594.46 2.80
7595.55 2.40
7596.63 3.70
7597.72 4.35
7598.81 4.18
7599.91 3.59
7600.99 4.79
7602.08 3.40
7603.16 2.70
7604.25 3.35
7605.34 4.67
7606.42 2.34
7607.52 4.67
7608.60 4.33
7609.69 4.17
7610.79 3.08
7611.86 1.54
7612.94 1.77
7614.04 2.89
7615.12 1.94
7616.21 0.97
7617.29 0.99
7618.37 1.49
7619.46 2.25
7620.56 1.62
7621.64 3.81
7622.72 3.91
7623.81 3.45
7624.89 4.73
7625.98 3.86
7627.07 4.93
7628.16 3.97
7629.25 3.98
7630.34 3.49
7631.43 2.25
7632.52 4.12
7633.62 4.06
7634.71 3.53
7635.80 3.77
7636.88 3.38
7637.97 2.69
7639.06 3.35
7640.14 3.17
7641.23 3.59
7642.32 3.29
7643.41 4.15
7644.51 3.57
7645.60 4.79
7646.68 3.89
7647.78 3.45
7648.86 3.72
7649.94 4.36
7651.04 3.18
7652.12 4.09
7653.21 2.05
7654.30 1.52
7655.39 1.26
7656.48 2.13
7657.56 3.07
7658.65 3.53
7659.74 3.27
7660.84 3.63
7661.92 2.82
7663.01 3.41
7664.10 4.20
7665.18 4.60
7666.27 4.30
7667.36 4.15
7668.45 3.58
7669.55 3.29
7670.64 4.14
7671.73 4.57
7672.82 4.29
7673.91 3.64
7674.99 3.82
7676.08 4.41
7677.17 3.71
7678.27 2.85
7679.35 3.93
7680.44 4.46
7681.53 3.23
7682.62 3.62
7683.72 3.31
7684.81 3.15
7685.89 3.08
7686.97 3.54
7688.06 3.77
7689.14 3.88
7690.23 3.94
7691.32 2.97
7692.40 3.99
7693.48 3.99
7694.57 4.00
7695.65 5.00
7696.73 3.50
7697.82 4.25
7698.91 4.12
7700.00 3.56
7701.08 2.78
7702.16 3.39
7703.25 2.70
7704.34 3.85
7705.43 3.42
7706.51 3.71
7707.60 3.86
7708.68 3.43
7709.77 4.21
7710.85 4.11
7711.94 4.55
7713.03 4.28
7714.12 3.64
7715.21 3.82
7716.30 3.91
7717.39 3.45
7718.47 3.73
7719.56 3.36
7720.65 3.18
7721.74 4.09
7722.82 3.55
7723.91 3.77
7725.00 3.39
7726.08 3.69
7727.16 4.35
7728.25 3.67
7729.34 4.34
7730.42 4.67
7731.51 4.83
7732.60 3.92
7733.69 4.46
7734.79 3.23
7735.87 3.11
7736.96 4.06
7738.05 3.03
7739.13 3.01
7740.22 2.51
7741.32 2.75
7742.40 3.38
7743.50 3.69
7744.58 3.84
7745.66 3.92
7746.76 4.46
7747.84 4.23
7748.93 4.62
7750.02 4.81
7751.10 4.90
7752.19 3.95
7753.27 3.98
7754.36 3.99
7755.45 3.99
7756.54 3.00
7757.62 4.00
7758.70 4.50
7759.79 4.75
7760.87 3.87
7761.96 2.94
7763.03 3.47
7764.12 3.23
7765.21 3.12
7766.31 4.06
7767.40 3.53
7768.48 4.26
7769.57 3.63
7770.66 2.82
7771.75 2.41
7772.84 3.20
7773.92 3.10
7775.01 3.55
7776.10 2.78
7777.18 3.89
7778.28 2.94
7779.36 2.97
7780.44 3.99
7781.53 3.99
7782.62 4.00
7783.70 4.00
7784.78 3.50
7785.85 3.25
7786.94 3.12
7788.03 3.06
7789.10 3.53
7790.20 4.27
7791.28 4.63
7792.37 3.32
7793.47 3.16
7794.56 4.08
7795.64 3.04
7796.74 4.02
7797.82 2.51
7798.92 3.75
7800.00 3.38
7801.08 4.19
7802.16 3.59
7803.25 3.80
7804.34 3.40
7805.43 2.70
7806.52 2.35
7807.61 2.17
7808.70 3.09
7809.79 2.54
7810.87 2.77
7811.95 2.89
7813.04 2.44
7814.12 2.72
7815.21 2.86
7816.29 3.93
7817.38 4.47
7818.47 3.73
7819.56 3.37
7820.65 3.18
7821.74 3.09
7822.82 3.55
7823.90 4.27
7825.00 4.64
7826.08 3.82
7827.16 4.41
7828.26 3.70
7829.35 4.35
7830.43 4.68
7831.52 4.34
7832.61 4.17
7833.70 4.58
7834.79 4.29
7835.87 4.15
7836.96 4.57
7838.05 3.79
7839.14 4.39
7840.22 4.70
7841.32 3.35
7842.41 3.17
7843.50 3.09
7844.58 3.54
7845.67 4.27
7846.76 4.14
7847.85 3.07
7848.93 3.53
7850.02 4.27
7851.10 3.13
7852.19 4.07
7853.28 4.03
7854.36 4.02
7855.45 3.51
7856.54 4.25
7857.63 3.13
7858.72 2.56
7859.81 4.28
7860.90 4.14
7861.99 4.57
7863.08 4.29
7864.16 3.64
7865.25 4.32
7866.34 4.16
7867.43 3.58
7868.50 4.29
7869.59 3.15
7870.68 2.57
7871.78 3.79
7872.86 3.39
7873.95 3.20
7875.03 3.60
7876.12 2.80
7877.20 4.40
7878.28 3.20
7879.37 2.60
7880.46 2.80
7881.54 2.90
7882.62 3.45
7883.71 3.72
7884.81 3.86
7885.88 3.93
7886.97 3.47
7888.06 3.23
7889.15 4.12
7890.24 4.56
7891.33 4.78
7892.42 3.89
7893.51 3.44
7894.60 4.22
7895.68 3.61
7896.78 2.81
7897.86 3.40
7898.94 3.20
7900.03 4.10
7901.11 3.05
7902.20 3.53
7903.28 3.26
7904.37 4.13
7905.47 4.07
7906.56 3.03
7907.64 3.52
7908.73 3.26
7909.82 3.13
7910.92 2.56
7912.00 3.78
7913.08 3.89
7914.16 3.95
7915.25 3.47
7916.34 4.24
7917.42 4.62
7918.52 4.31
7919.62 3.15
7920.70 3.58
7921.79 4.29
7922.87 2.64
7923.95 3.32
7925.04 4.16
7926.13 3.58
7927.22 3.29
7928.31 4.15
7929.40 4.57
7930.48 4.79
7931.57 3.39
7932.66 3.70
7933.75 4.35
7934.84 4.17
7935.93 4.59
7937.02 4.79
7938.10 3.40
7939.17 3.20
7940.26 2.60
7941.35 2.80
7942.43 3.40
7943.52 3.20
7944.61 3.60
7945.70 3.80
7946.78 4.40
7947.86 4.20
7948.94 4.60
7950.02 4.80
7951.10 4.90
7952.19 3.95
7953.28 3.48
7954.37 3.74
7955.46 3.87
7956.55 2.93
7957.63 3.97
7958.72 2.98
7959.81 3.99
7960.90 3.00
7961.97 1.50
7963.05 2.25
7964.14 4.12
7965.23 4.56
7966.32 3.78
7967.41 2.89
7968.50 3.45
7969.59 3.22
7970.68 3.11
7971.78 3.56
7972.86 3.28
7973.94 3.64
7975.03 3.82
7976.12 3.41
7977.22 3.20
7978.31 2.60
7979.40 2.30
7980.48 2.15
7981.56 3.58
7982.65 3.79
7983.74 2.89
7984.82 2.95
7985.91 3.47
7987.00 3.74
7988.08 3.37
7989.17 4.18
7990.26 3.59
7991.34 3.80
7992.42 3.90
7993.51 2.95
7994.60 2.47
7995.68 3.74
7996.78 4.87
7997.86 3.93
7998.95 4.47
8000.04 3.73
8001.12 3.87
8002.21 4.43
8003.30 4.22
8004.39 3.61
8005.47 3.80
8006.55 3.90
8007.64 3.45
8008.72 3.73
8009.81 4.36
8010.90 3.68
8011.98 4.34
8013.07 3.17
8014.16 4.09
8015.24 3.04
8016.33 3.52
8017.42 4.76
8018.51 3.38
8019.60 2.69
8020.67 2.85
8021.77 3.92
8022.85 3.96
8023.94 3.98
8025.02 3.99
8026.11 4.00
8027.19 3.50
8028.27 3.25
8029.36 3.12
8030.45 2.56
8031.54 3.78
8032.63 2.89
8033.72 2.95
8034.81 3.97
8035.90 3.99
8036.98 2.99
8038.06 3.00
8039.14 2.50
8040.23 2.25
8041.32 2.12
8042.42 2.56
8043.51 2.78
8044.59 3.39
8045.67 3.70
8046.77 3.85
8047.85 3.92
8048.94 3.96
8050.02 3.98
8051.11 2.49
8052.20 3.25
8053.29 4.12
8054.38 4.56
8055.46 4.78
8056.56 3.89
8057.64 3.45
8058.73 3.72
8059.82 3.86
8060.90 3.93
8061.99 3.47
8063.07 2.23
8064.15 2.62
8065.24 3.31
8066.33 3.65
8067.42 2.83
8068.51 2.91
8069.60 2.96
8070.68 3.48
8071.78 3.74
8072.86 4.37
8073.94 4.68
8075.03 4.84
8076.12 3.92
8077.21 3.46
8078.30 3.23
8079.39 3.12
8080.48 3.06
8081.56 3.53
8082.65 2.26
8083.74 1.63
8084.83 2.82
8085.91 3.91
8087.00 4.45
8088.08 3.73
8089.16 3.86
8090.25 3.43
8091.34 2.22
8092.43 3.61
8093.52 2.80
8094.60 2.90
8095.68 3.95
8096.79 3.48
8097.86 3.74
8098.95 2.87
8100.03 2.93
8101.12 2.97
8102.21 3.98
8103.30 3.49
8104.38 3.75
8105.46 3.87
8106.56 3.44
8107.64 4.22
8108.73 3.11
8109.83 3.05
8110.92 2.53
8112.01 3.76
8113.09 3.38
8114.18 2.69
8115.26 3.85
8116.35 2.92
8117.44 2.46
8118.52 3.73
8119.61 3.87
8120.71 4.43
8121.79 4.72
8122.88 3.86
8123.96 3.93
8125.05 3.96
8126.13 3.98
8127.22 3.49
8128.31 2.75
8129.40 3.87
8130.48 4.44
8131.58 3.22
8132.66 4.11
8133.76 4.55
8134.84 4.28
8135.93 3.64
8137.02 4.82
8138.11 3.91
8139.20 3.45
8140.29 3.23
8141.38 3.11
8142.48 3.06
8143.56 3.03
8144.65 3.51
8145.74 3.26
8146.83 3.13
8147.92 3.56
8149.01 4.28
8150.09 4.64
8151.17 3.82
8152.26 3.91
8153.35 4.46
8154.44 4.73
8155.53 3.36
8156.62 3.68
8157.71 4.34
8158.80 3.17
8159.89 3.59
8160.98 3.29
8162.06 3.65
8163.15 2.82
8164.23 3.91
8165.32 2.96
8166.41 2.98
8167.49 2.49
8168.58 2.74
8169.66 2.87
8170.76 3.44
8171.84 3.22
8172.93 4.11
8174.03 3.05
8175.11 2.53
8176.20 3.76
8177.28 3.88
8178.37 3.94
8179.46 3.97
8180.54 3.99
8181.63 3.99
8182.72 4.50
8183.82 4.25
8184.90 4.62
8185.99 4.31
8187.08 3.66
8188.16 3.33
8189.26 4.16
8190.35 4.58
8191.44 3.29
8192.52 4.15
8193.62 4.07
8194.71 3.04
8195.80 4.52
8196.88 3.26
8197.96 3.13
8199.05 2.56
8200.13 2.28
8201.22 2.14
8202.30 2.57
8203.38 3.29
8204.48 3.14
8205.56 3.57
8206.65 4.29
8207.74 3.14
8208.82 3.57
8209.92 4.29
8211.00 3.14
8212.08 4.07
8213.16 3.04
8214.25 3.52
8215.34 4.26
8216.43 3.13
8217.52 2.56
8218.62 3.28
8219.70 4.14
8220.78 4.57
8221.86 4.79
8222.95 3.89
8224.03 3.95
8225.12 3.47
8226.21 3.24
8227.31 4.12
8228.40 3.06
8229.48 2.53
8230.57 3.76
8231.66 2.88
8232.76 3.94
8233.83 3.97
8234.92 3.49
8236.01 3.74
8237.09 4.37
8238.17 3.19
8239.27 3.09
8240.36 4.05
8241.44 4.02
8242.52 3.51
8243.61 3.26
8244.71 3.63
8245.80 3.31
8246.87 3.66
8247.96 3.33
8249.05 3.16
8250.14 3.08
8251.23 4.04
8252.32 3.02
8253.40 4.01
8254.48 4.51
8255.57 3.25
8256.66 4.13
8257.76 2.56
8258.84 3.28
8259.93 3.14
8261.02 3.57
8262.11 4.29
8263.20 4.14
8264.29 4.07
8265.37 4.04
8266.46 4.02
8267.55 3.51
8268.63 3.75
8269.72 4.38
8270.81 3.19
8271.90 2.59
8272.98 3.80
8274.06 2.90
8275.14 3.95
8276.23 2.97
8277.32 2.49
8278.40 3.74
8279.48 4.37
8280.57 4.69
8281.66 4.84
8282.76 4.42
8283.84 3.21
8284.92 3.11
8286.02 3.55
8287.11 4.28
8288.20 3.64
8289.29 4.32
8290.37 4.66
8291.46 3.33
8292.55 4.16
8293.64 3.58
8294.72 2.79
8295.81 3.40
8296.90 4.20
8297.98 3.10
8299.07 4.05
8300.14 4.52
8301.24 4.26
8302.33 3.63
8303.42 3.32
8304.51 3.66
8305.60 3.33
8306.70 4.16
8307.78 3.58
8308.86 3.29
8309.95 4.15
8311.04 4.57
8312.13 3.29
8313.23 4.14
8314.32 4.57
8315.41 3.29
8316.51 4.14
8317.60 3.57
8318.69 3.29
8319.78 2.64
8320.86 2.82
8321.94 3.41
8323.04 3.21
8324.12 3.60
8325.20 3.30
8326.28 4.15
8327.37 3.58
8328.46 4.29
8329.55 4.14
8330.63 4.57
8331.72 3.79
8332.81 4.39
8333.90 4.20
8334.98 4.60
8336.07 3.30
8337.15 4.15
8338.24 3.07
8339.33 3.04
8340.42 2.52
8341.51 2.76
8342.59 3.38
8343.68 3.69
8344.77 2.84
8345.85 2.92
8346.94 2.96
8348.02 3.98
8349.11 2.99
8350.19 3.50
8351.28 3.75
8352.37 2.87
8353.46 2.94
8354.55 2.47
8355.64 2.23
8356.72 3.62
8357.81 2.81
8358.90 3.90
8359.98 3.45
8361.06 3.23
8362.14 3.61
8363.24 4.31
8364.33 2.65
8365.42 2.83
8366.51 3.41
8367.60 2.71
8368.68 3.85
8369.77 3.93
8370.85 4.96
8371.94 4.48
8373.03 3.74
8374.12 2.87
8375.21 3.94
8376.31 3.47
8377.39 3.73
8378.48 3.37
8379.57 3.68
8380.66 3.84
8381.76 3.42
8382.83 3.71
8383.92 3.86
8385.01 4.93
8386.10 3.46
8387.19 3.23
8388.27 3.62
8389.36 3.81
8390.45 2.90
8391.53 2.45
8392.62 3.23
8393.72 3.11
8394.80 3.56
8395.88 3.78
8396.97 3.39
8398.06 4.19
8399.15 3.60
8400.24 3.30
8401.32 3.65
8402.41 3.32
8403.50 3.66
8404.58 3.83
8405.68 3.42
8406.77 3.21
8407.85 3.10
8408.93 2.55
8410.02 2.28
8411.10 3.64
8412.19 3.32
8413.28 4.16
8414.36 3.08
8415.44 3.04
8416.52 4.02
8417.61 3.01
8418.70 4.00
8419.77 5.00
8420.84 4.50
8421.92 4.25
8423.01 3.63
8424.10 3.81
8425.18 3.91
8426.27 3.95
8427.36 3.48
8428.45 3.74
8429.54 3.37
8430.63 3.18
8431.70 3.59
8432.79 4.30
8433.86 4.15
8434.95 3.57
8436.04 4.79
8437.12 3.39
8438.21 4.20
8439.30 3.10
8440.38 3.05
8441.46 3.52
8442.54 4.26
8443.64 3.63
8444.72 3.32
8445.82 3.16
8446.91 4.08
8448.00 3.54
8449.08 2.77
8450.15 3.88
8451.24 3.94
8452.33 4.47
8453.42 4.74
8454.51 4.37
8455.60 3.18
8456.68 4.09
8457.77 3.55
8458.85 3.77
8459.94 2.89
8461.02 3.44
8462.11 4.22
8463.20 4.11
8464.29 3.56
8465.38 3.78
8466.47 4.39
8467.55 3.69
8468.63 3.85
8469.72 4.42
8470.81 4.21
8471.90 3.11
8472.99 4.05
8474.07 4.03
8475.15 4.01
8476.23 5.01
8477.32 3.50
8478.41 3.75
8479.50 2.88
8480.58 3.44
8481.67 2.72
8482.76 3.36
8483.85 3.18
8484.93 3.59
8486.02 3.29
8487.10 4.15
8488.18 4.57
8489.28 3.29
8490.36 4.14
8491.45 3.07
8492.53 3.04
8493.62 3.52
8494.71 4.26
8495.80 3.63
8496.88 4.31
8497.97 3.16
8499.06 4.08
8500.14 3.04
8501.23 3.52
8502.31 3.76
8503.40 3.88
8504.48 3.94
8505.57 3.97
8506.66 3.98
8507.76 2.99
8508.84 3.00
8509.91 3.00
8510.99 4.00
8512.08 3.00
8513.14 4.00
8514.23 3.00
8515.30 4.00
8516.38 3.00
8517.46 4.00
8518.54 3.50
8519.62 3.25
8520.71 2.62
8521.80 2.81
8522.86 3.41
8523.95 3.70
8525.03 3.85
8526.11 3.93
8527.20 2.96
8528.28 3.48
8529.37 4.24
8530.46 4.12
8531.54 4.56
8532.64 3.78
8533.72 3.89
8534.81 3.95
8535.91 2.97
8537.00 4.49
8538.08 3.24
8539.16 4.12
8540.25 4.06
8541.33 4.53
8542.42 4.77
8543.52 4.38
8544.60 4.19
8545.68 4.10
8546.77 3.05
8547.84 3.02
8548.92 3.51
8550.01 4.26
8551.10 3.13
8552.18 3.56
8553.27 4.28
8554.36 4.64
8555.45 4.82
8556.54 3.41
8557.62 3.71
8558.72 2.85
8559.81 3.43
8560.90 4.21
8561.98 4.61
8563.08 4.30
8564.16 4.15
8565.25 3.58
8566.34 3.29
8567.43 4.14
8568.52 3.07
8569.60 3.04
8570.68 4.02
8571.76 4.01
8572.84 4.00
8573.92 4.00
8575.00 3.50
8576.07 4.25
8577.15 3.13
8578.24 4.06
8579.32 4.03
8580.41 4.52
8581.50 4.76
8582.59 3.88
8583.67 3.94
8584.76 2.97
8585.84 2.98
8586.93 2.49
8588.02 3.75
8589.11 2.87
8590.19 3.94
8591.28 2.97
8592.38 3.98
8593.46 4.49
8594.54 3.25
8595.62 4.12
8596.72 3.06
8597.80 3.53
8598.88 3.27
8599.97 4.13
8601.06 4.07
8602.14 3.53
8603.22 3.77
8604.32 3.88
8605.40 3.44
8606.48 4.22
8607.57 3.61
8608.66 3.81
8609.76 4.40
8610.84 3.70
8611.92 4.35
8613.00 3.18
8614.08 4.09
8615.16 4.54
8616.25 3.27
8617.34 3.64
8618.43 2.82
8619.52 2.91
8620.60 2.45
8621.68 2.23
8622.77 3.11
8623.85 3.06
8624.93 3.03
8626.02 3.01
8627.10 3.01
8628.18 3.00
8629.26 3.50
8630.34 2.75
8631.42 3.88
8632.52 3.44
8633.60 3.72
8634.69 2.86
8635.78 3.93
8636.86 3.46
8637.95 4.23
8639.03 4.62
8640.12 2.31
8641.21 1.65
8642.30 0.83
8643.38 2.41
8644.46 1.21
8645.55 0.60
8646.63 2.30
8647.71 3.65
8648.79 3.83
8649.88 3.91
8650.97 1.96
8652.06 3.48
8653.14 5.24
8654.23 5.12
8655.32 3.56
8656.41 4.28
8657.50 5.14
8658.59 3.07
8659.68 2.53
8660.76 3.27
8661.84 2.63
8662.93 3.32
8664.02 3.66
8665.10 3.83
8666.19 4.91
8667.27 4.96
8668.36 5.98
8669.45 6.49
8670.54 6.24
8671.63 5.62
8672.72 4.31
8673.81 4.16
8674.90 2.08
8675.98 1.54
8677.07 3.77
8678.16 2.88
8679.24 3.94
8680.33 4.97
8681.42 5.99
8682.51 4.49
8683.59 4.25
8684.68 4.12
8685.76 4.56
8686.84 4.28
8687.93 2.64
8689.02 3.32
8690.11 5.16
8691.20 4.58
8692.28 5.29
8693.37 5.65
8694.47 4.82
8695.55 4.91
8696.64 2.96
8697.74 2.98
8698.82 3.99
8699.91 5.49
8701.00 3.75
8702.08 3.37
8703.16 3.69
8704.25 2.34
8705.34 2.67
8706.43 1.84
8707.52 4.42
8708.60 4.21
8709.69 3.60
8710.77 2.30
8711.85 2.65
8712.94 2.33
8714.02 1.16
8715.11 1.08
8716.20 1.04
8717.27 1.52
8718.36 2.76
8719.44 4.38
8720.53 2.19
8721.62 4.10
8722.71 4.05
8723.79 2.02
8724.87 3.01
8725.96 2.01
8727.04 1.50
8728.12 3.25
8729.21 4.13
8730.31 3.56
8731.40 2.78
8732.48 4.39
8733.56 3.70
8734.65 2.35
8735.75 3.67
8736.83 2.84
8737.91 3.92
8739.00 3.96
8740.08 2.48
8741.16 4.24
8742.25 3.12
8743.34 2.06
8744.43 4.03
8745.51 5.51
8746.60 3.26
8747.69 4.13
8748.78 2.56
8749.86 1.28
8750.96 3.14
8752.04 2.07
8753.12 1.04
8754.21 0.52
8755.29 1.76
8756.38 1.38
8757.47 3.19
8758.56 3.09
8759.64 3.05
8760.74 4.52
8761.82 3.26
8762.91 2.63
8764.00 1.82
8765.07 0.91
8766.16 3.45
8767.25 4.23
8768.34 4.11
8769.43 4.06
8770.51 5.03
8771.60 4.51
8772.68 4.26
8773.77 3.63
8774.85 3.81
8775.94 3.91
8777.03 3.45
8778.12 4.73
8779.21 5.36
8780.30 5.68
8781.39 4.84
8782.47 4.92
8783.56 5.46
8784.65 4.23
8785.74 2.12
8786.82 3.06
8787.91 2.03
8789.00 2.51
8790.08 4.26
8791.16 3.63
8792.26 4.31
8793.35 4.16
8794.44 3.08
8795.52 4.04
8796.61 4.02
8797.70 3.01
8798.78 4.50
8799.85 4.75
8800.94 3.38
8802.03 4.19
8803.11 5.59
8804.20 4.80
8805.28 5.90
8806.36 5.95
8807.45 5.47
8808.53 5.24
8809.62 4.62
8810.70 5.31
8811.80 4.15
8812.88 3.58
8813.97 1.79
8815.06 2.89
8816.14 3.95
8817.23 2.47
8818.31 3.74
8819.40 3.37
8820.49 5.18
8821.58 3.09
8822.66 3.05
8823.75 4.02
8824.83 4.01
8825.92 2.51
8827.01 1.75
8828.10 2.88
8829.18 1.44
8830.28 2.22
8831.36 4.11
8832.46 4.55
8833.54 2.28
8834.63 3.64
8835.72 3.82
8836.81 3.41
8837.90 3.20
8838.98 3.10
8840.06 3.05
8841.14 3.03
8842.23 1.51
8843.32 2.26
8844.41 1.13
8845.50 2.56
8846.58 1.28
8847.67 2.14
8848.75 3.57
8849.83 3.79
8850.92 2.39
8852.01 3.70
8853.09 4.35
8854.17 5.67
8855.26 5.84
8856.35 4.42
8857.44 5.21
8858.53 3.60
8859.61 3.80
8860.70 3.90
8861.77 4.45
8862.85 4.23
8863.94 3.61
8865.02 1.81
8866.11 2.40
8867.20 2.70
8868.27 3.85
8869.36 4.93
8870.45 2.46
8871.54 4.23
8872.63 2.62
8873.73 2.81
8874.81 4.40
8875.90 4.70
8876.98 4.85
8878.07 3.43
8879.15 1.71
8880.24 2.86
8881.32 1.43
8882.41 3.71
8883.50 1.86
8884.58 2.93
8885.67 4.46
8886.75 5.23
8887.84 3.62
8888.92 3.31
8890.01 2.15
8891.10 4.08
8892.18 3.04
8893.26 3.52
8894.36 2.26
8895.45 3.13
8896.54 4.06
8897.62 5.03
8898.71 5.02
8899.79 6.01
8900.88 5.50
8901.96 3.75
8903.04 3.88
8904.12 1.94
8905.21 4.47
8906.30 3.73
8907.38 5.37
8908.47 5.68
8909.56 6.34
8910.65 6.17
8911.75 4.09
8912.83 4.04
8913.92 2.52
8915.00 3.76
8916.07 3.88
8917.16 2.94
8918.24 2.97
8919.33 1.49
8920.42 0.74
8921.50 1.37
8922.58 1.19
8923.67 3.59
8924.76 3.30
8925.84 2.65
8926.92 2.82
8928.01 3.41
8929.10 1.71
8930.19 3.85
8931.28 2.43
8932.37 3.71
8933.46 3.86
8934.55 4.93
8935.63 5.46
8936.73 6.23
8937.81 4.62
8938.91 4.31
8940.00 5.65
8941.08 3.33
8942.17 3.16
8943.26 3.08
8944.34 3.54
8945.43 3.77
8946.52 3.89
8947.61 3.44
8948.70 4.22
8949.79 4.11
8950.88 5.06
8951.96 5.53
8953.05 4.76
8954.13 3.88
8955.22 3.44
8956.31 2.72
8957.40 4.36
8958.49 5.18
8959.58 5.59
8960.67 4.80
8961.75 2.40
8962.82 3.20
8963.90 3.60
8964.99 3.30
8966.07 3.15
8967.16 3.07
8968.24 3.04
8969.32 3.02
8970.41 2.01
8971.50 4.00
8972.57 5.00
8973.65 5.50
8974.74 4.25
8975.82 3.13
8976.92 4.06
8978.00 5.03
8979.08 3.02
8980.16 3.01
8981.24 3.50
8982.32 3.25
8983.41 2.63
8984.50 3.31
8985.59 2.66
8986.67 2.83
8987.75 3.41
8988.83 3.71
8989.92 3.85
8991.01 2.93
8992.10 4.46
8993.19 4.23
8994.28 4.12
8995.37 2.56
8996.46 3.28
8997.54 3.64
8998.64 2.32
8999.74 3.66
9000.82 2.83
9001.90 3.41
9002.98 3.71
9004.08 4.35
9005.16 4.18
9006.25 4.09
9007.33 2.04
9008.41 2.52
9009.50 2.76
9010.58 1.38
9011.67 2.69
9012.76 2.35
9013.84 3.17
9014.93 4.09
9016.01 6.04
9017.09 5.52
9018.17 5.26
9019.26 3.13
9020.36 4.07
9021.45 4.03
9022.53 4.52
9023.62 3.26
9024.70 3.63
9025.79 2.31
9026.87 3.66
9027.96 4.83
9029.05 3.41
9030.14 3.21
9031.24 4.60
9032.32 4.80
9033.40 3.90
9034.48 3.45
9035.57 2.23
9036.66 3.61
9037.75 3.81
9038.84 3.90
9039.92 2.45
9041.00 3.73
9042.08 3.86
9043.16 3.43
9044.25 3.72
9045.34 4.86
9046.42 5.93
9047.52 4.96
9048.60 2.48
9049.68 1.74
9050.77 1.37
9051.86 3.19
9052.95 2.59
9054.03 2.80
9055.12 4.90
9056.20 2.95
9057.29 1.97
9058.37 2.99
9059.46 1.99
9060.55 2.50
9061.63 2.75
9062.73 2.37
9063.81 3.19
9064.90 3.59
9065.98 2.80
9067.06 1.90
9068.14 0.95
9069.22 0.47
9070.30 2.74
9071.39 2.87
9072.47 3.43
9073.56 2.22
9074.65 4.11
9075.75 4.05
9076.82 4.53
9077.91 3.76
9079.00 3.38
9080.07 3.69
9081.15 3.85
9082.24 1.92
9083.33 4.46
9084.42 3.23
9085.50 1.62
9086.59 1.81
9087.68 2.90
9088.76 3.45
9089.84 5.23
9090.92 5.61
9092.01 3.31
9093.10 5.65
9094.19 4.83
9095.28 4.41
9096.36 5.71
9097.45 6.35
9098.54 3.68
9099.63 4.84
9100.72 4.42
9101.80 4.21
9102.89 4.10
9103.97 3.55
9105.06 3.28
9106.15 3.14
9107.24 3.07
9108.33 3.53
9109.42 3.27
9110.52 4.63
9111.60 2.82
9112.68 2.91
9113.77 3.45
9114.86 3.73
9115.95 2.86
9117.03 3.43
9118.12 2.22
9119.22 4.11
9120.32 4.05
9121.40 2.03
9122.48 3.01
9123.56 3.01
9124.65 3.50
9125.74 3.25
9126.82 3.63
9127.90 1.81
9128.99 2.41
9130.07 1.70
9131.15 2.35
9132.24 2.68
9133.32 3.34
9134.41 4.17
9135.50 2.08
9136.58 4.04
9137.66 5.02
9138.75 5.01
9139.83 5.01
9140.91 6.50
9142.00 6.25
9143.08 5.63
9144.16 5.81
9145.25 4.91
9146.34 2.95
9147.42 3.98
9148.50 3.99
9149.59 2.99
9150.68 3.50
9151.76 2.75
9152.85 1.87
9153.94 3.44
9155.03 3.72
9156.12 5.36
9157.21 5.68
9158.30 5.84
9159.39 3.92
9160.48 3.46
9161.56 2.73
9162.65 3.36
9163.74 3.68
9164.82 4.34
9165.90 5.17
9166.99 3.59
9168.08 4.79
9169.16 3.90
9170.24 3.95
9171.33 3.47
9172.42 3.74
9173.51 3.37
9174.60 2.68
9175.68 4.34
9176.77 3.67
9177.86 4.34
9178.95 3.17
9180.04 4.58
9181.12 4.29
9182.22 3.65
9183.30 3.82
9184.40 3.41
9185.48 3.71
9186.57 3.35
9187.66 3.68
9188.75 5.34
9189.83 4.17
9190.92 2.58
9192.01 4.79
9193.09 4.40
9194.17 3.20
9195.26 3.60
9196.35 4.30
9197.44 3.65
9198.53 3.82
9199.63 2.41
9200.72 3.21
9201.80 4.10
9202.88 3.05
9203.96 3.53
9205.05 2.76
9206.13 2.88
9207.22 3.44
9208.31 2.72
9209.40 3.36
9210.48 2.68
9211.57 3.34
9212.66 3.17
9213.75 2.59
9214.84 2.29
9215.92 1.15
9217.02 3.57
9218.10 5.29
9219.18 5.64
9220.27 4.32
9221.36 3.66
9222.45 3.83
9223.54 3.92
9224.62 3.96
9225.72 3.48
9226.80 2.24
9227.89 4.62
9228.98 5.31
9230.06 6.15
9231.16 4.08
9232.24 3.54
9233.33 2.77
9234.42 4.38
9235.51 3.69
9236.59 4.85
9237.68 2.92
9238.76 3.46
9239.85 3.73
9240.94 4.37
9242.04 4.18
9243.12 5.59
9244.21 4.80
9245.30 4.40
9246.38 4.20
9247.47 2.60
9248.55 2.80
9249.64 1.90
9250.72 2.95
9251.80 3.47
9252.88 3.74
9253.96 3.87
9255.05 4.43
9256.14 4.72
9257.24 5.36
9258.33 6.18
9259.42 4.09
9260.50 2.04
9261.58 4.02
9262.67 4.01
9263.76 3.51
9264.85 2.75
9265.94 4.88
9267.03 3.94
9268.11 3.97
9269.20 5.48
9270.28 3.74
9271.36 3.37
9272.45 4.69
9273.54 4.84
9274.62 5.42
9275.72 3.71
9276.80 3.36
9277.89 1.68
9278.97 2.34
9280.06 3.67
9281.14 2.83
9282.22 3.92
9283.31 4.46
9284.40 3.73
9285.49 1.86
9286.57 3.43
9287.66 3.72
9288.76 2.86
9289.82 3.93
9290.92 2.46
9292.00 4.23
9293.08 5.12
9294.17 4.56
9295.26 5.28
9296.35 4.64
9297.44 3.82
9298.52 2.41
9299.62 3.70
9300.72 2.85
9301.79 2.93
9302.88 3.46
9303.97 3.73
9305.06 3.87
9306.15 4.43
9307.23 4.72
9308.32 3.86
9309.41 4.93
9310.50 5.46
9311.59 5.23
9312.68 4.62
9313.76 3.81
9314.85 3.40
9315.93 3.70
9317.01 2.35
9318.10 1.18
9319.19 3.59
9320.28 3.29
9321.36 4.65
9322.45 3.32
9323.54 3.66
9324.62 3.33
9325.70 3.67
9326.80 2.33
9327.88 1.17
9328.97 2.08
9330.05 3.04
9331.13 4.52
9332.22 2.76
9333.30 3.38
9334.39 3.19
9335.48 2.60
9336.56 1.80
9337.64 1.90
9338.73 0.95
9339.80 2.47
9340.88 3.74
9341.97 2.37
9343.06 2.18
9344.15 2.09
9345.23 3.05
9346.32 2.52
9347.41 4.26
9348.50 3.63
9349.58 2.32
9350.68 2.16
9351.76 3.08
9352.84 3.54
9353.93 3.77
9355.02 3.88
9356.10 2.44
9357.19 2.72
9358.28 2.36
9359.37 3.68
9360.45 2.34
9361.54 2.17
9362.63 1.59
9363.73 3.79
9364.81 3.40
9365.90 3.20
9366.98 2.10
9368.07 4.55
9369.16 2.77
9370.25 1.89
9371.34 1.94
9372.43 3.97
9373.51 1.99
9374.60 4.49
9375.68 5.25
9376.78 4.12
9377.86 3.56
9378.94 3.78
9380.04 5.39
9381.12 5.20
9382.21 4.10
9383.30 3.55
9384.39 2.77
9385.48 2.39
9386.56 3.19
9387.65 2.10
9388.74 3.55
9389.82 4.77
9390.90 5.39
9392.00 3.69
9393.08 5.35
9394.17 5.17
9395.26 5.09
9396.35 3.54
9397.43 3.77
9398.52 4.39
9399.61 4.19
9400.70 3.10
9401.78 3.55
9402.87 4.27
9403.96 3.64
9405.04 4.32
9406.13 3.16
9407.23 4.58
9408.32 3.29
9409.40 4.64
9410.48 4.32
9411.58 6.16
9412.66 4.58
9413.74 4.29
9414.82 4.15
9415.91 5.07
9417.00 3.04
9418.08 2.02
9419.15 3.01
9420.24 4.00
9421.32 5.50
9422.41 3.25
9423.51 3.13
9424.60 4.06
9425.68 4.03
9426.76 3.02
9427.85 3.51
9428.94 3.75
9430.03 2.88
9431.11 4.44
9432.20 3.22
9433.29 3.11
9434.39 2.55
9435.48 1.78
9436.56 4.39
9437.65 3.69
9438.74 2.35
9439.82 2.67
9440.90 3.34
9441.99 5.17
9443.08 4.58
9444.16 3.29
9445.25 3.65
9446.34 4.82
9447.43 3.91
9448.52 4.96
9449.60 3.98
9450.68 2.49
9451.77 2.24
9452.86 3.62
9453.94 3.81
9455.03 3.91
9456.12 3.45
9457.21 2.73
9458.31 4.36
9459.40 3.18
9460.49 3.59
9461.58 3.80
9462.67 3.40
9463.75 3.70
9464.83 3.85
9465.92 4.42
9467.00 4.21
9468.08 4.61
9469.17 5.30
9470.26 4.15
9471.36 3.08
9472.44 4.54
9473.53 3.27
9474.62 3.63
9475.72 3.32
9476.80 3.66
9477.88 3.83
9478.97 3.91
9480.06 3.96
9481.14 2.48
9482.23 4.74
9483.32 4.37
9484.41 3.18
9485.50 4.09
9486.58 5.05
9487.67 3.02
9488.76 2.01
9489.84 2.51
9490.93 1.75
9492.02 2.38
9493.10 3.69
9494.19 3.34
9495.27 3.67
9496.36 3.34
9497.46 2.17
9498.55 4.08
9499.64 5.54
9500.73 4.27
9501.81 4.64
9502.91 3.32
9504.00 5.16
9505.08 6.08
9506.16 6.04
9507.25 6.02
9508.34 6.51
9509.44 3.75
9510.53 4.88
9511.62 3.44
9512.72 4.22
9513.80 3.61
9514.89 3.80
9515.97 4.90
9517.06 5.45
9518.14 3.73
9519.24 4.86
9520.32 5.93
9521.41 4.47
9522.51 3.23
9523.60 3.12
9524.68 3.56
9525.77 3.78
9526.86 3.39
9527.95 3.19
9529.04 2.60
9530.11 1.30
9531.20 2.15
9532.29 4.07
9533.38 4.54
9534.47 2.27
9535.55 3.63
9536.64 2.32
9537.73 4.16
9538.81 3.08
9539.90 4.04
9540.98 2.02
9542.06 3.51
9543.15 2.25
9544.24 2.63
9545.33 2.31
9546.43 2.66
9547.51 3.83
9548.60 3.41
9549.69 5.21
9550.78 3.10
9551.87 3.55
9552.96 4.28
9554.04 4.64
9555.12 4.32
9556.22 5.66
9557.32 4.83
9558.41 3.91
9559.50 3.96
9560.59 2.48
9561.67 2.74
9562.76 1.37
9563.85 2.68
9564.94 4.34
9566.02 5.17
9567.12 4.09
9568.20 4.04
9569.29 3.52
9570.37 3.76
9571.46 3.38
9572.55 2.69
9573.64 2.35
9574.73 3.17
9575.81 4.09
9576.90 3.54
9577.98 3.77
9579.06 3.89
9580.15 5.44
9581.23 2.72
9582.32 2.86
9583.41 2.93
9584.50 3.47
9585.58 3.73
9586.68 4.87
9587.76 2.93
9588.85 3.47
9589.94 4.23
9591.04 3.12
9592.12 5.06
9593.21 5.53
9594.31 5.76
9595.40 5.38
9596.49 2.69
9597.58 4.35
9598.68 2.67
9599.76 2.84
9600.85 4.92
9601.94 4.46
9603.03 3.23
9604.12 3.61
9605.20 4.81
9606.29 4.90
9607.37 3.95
9608.46 3.48
9609.55 2.74
9610.63 3.37
9611.73 4.68
9612.80 4.84
9613.88 3.92
9614.97 3.96
9616.06 2.48
9617.14 1.74
9618.23 1.37
9619.32 2.69
9620.41 3.84
9621.50 2.92
9622.58 1.96
9623.66 2.48
9624.74 3.24
9625.83 3.62
9626.92 3.81
9628.01 4.91
9629.10 2.95
9630.18 3.48
9631.28 2.24
9632.36 2.12
9633.45 3.06
9634.53 3.03
9635.62 2.51
9636.72 3.76
9637.80 2.38
9638.88 2.69
9639.97 3.84
9641.05 3.92
9642.13 4.46
9643.22 3.73
9644.30 3.87
9645.40 3.43
9646.48 3.22
9647.57 3.11
9648.67 2.05
9649.76 3.03
9650.84 3.51
9651.93 2.26
9653.02 3.63
9654.11 2.81
9655.20 3.41
9656.29 2.20
9657.38 3.60
9658.46 3.30
9659.55 4.65
9660.64 3.33
9661.73 2.66
9662.81 2.83
9663.90 3.42
9664.99 3.21
9666.07 3.60
9667.16 3.30
9668.24 4.15
9669.33 5.08
9670.42 4.04
9671.51 4.02
9672.60 4.01
9673.68 4.00
9674.76 3.50
9675.84 3.25
9676.92 4.13
9678.02 4.06
9679.10 4.03
9680.18 4.02
9681.26 4.51
9682.35 4.75
9683.44 3.38
9684.53 2.19
9685.62 3.59
9686.71 1.80
9687.79 2.90
9688.87 4.95
9689.96 3.47
9691.04 3.74
9692.12 4.87
9693.21 3.93
9694.30 4.47
9695.39 4.23
9696.48 3.12
9697.57 3.06
9698.65 3.03
9699.74 3.51
9700.82 4.26
9701.90 4.63
9702.99 4.31
9704.08 4.16
9705.16 4.08
9706.25 3.54
9707.34 2.27
9708.43 3.13
9709.52 3.07
9710.61 4.53
9711.71 3.27
9712.80 3.13
9713.88 4.57
9714.97 3.28
9716.06 4.64
9717.15 2.82
9718.24 2.91
9719.33 4.96
9720.42 4.98
9721.52 4.49
9722.60 4.74
9723.68 3.87
9724.77 3.94
9725.86 1.97
9726.95 3.48
9728.04 2.74
9729.12 2.37
9730.21 4.19
9731.30 4.59
9732.38 5.80
9733.47 3.90
9734.55 2.45
9735.63 3.22
9736.72 4.61
9737.80 3.81
9738.89 4.40
9739.97 2.70
9741.05 3.35
9742.13 2.68
9743.22 4.34
9744.31 4.17
9745.41 4.08
9746.49 3.04
9747.57 3.52
9748.66 3.76
9749.75 2.88
9750.84 2.94
9751.92 2.97
9753.01 3.49
9754.10 3.74
9755.19 4.37
9756.28 3.69
9757.36 2.34
9758.45 2.17
9759.54 4.09
9760.62 4.54
9761.72 5.27
9762.81 3.64
9763.89 1.82
9764.97 2.41
9766.06 1.20
9767.14 1.10
9768.23 4.05
9769.31 2.03
9770.40 4.51
9771.49 4.76
9772.58 2.38
9773.67 4.69
9774.75 4.84
9775.84 3.92
9776.93 4.96
9778.02 3.98
9779.10 3.49
9780.19 3.25
9781.28 3.62
9782.36 3.81
9783.45 3.91
9784.54 3.45
9785.63 4.23
9786.72 2.61
9787.80 2.81
9788.89 2.90
9789.97 3.45
9791.06 3.73
9792.15 3.36
9793.23 3.68
9794.32 3.84
9795.41 3.42
9796.50 2.71
9797.58 4.36
9798.68 3.68
9799.76 2.34
9800.85 2.67
9801.94 4.33
9803.03 3.17
9804.12 3.08
9805.20 2.54
9806.29 2.77
9807.38 3.39
9808.47 2.69
9809.55 2.85
9810.64 3.92
9811.73 2.96
9812.81 1.98
9813.90 2.99
9814.98 3.00
9816.06 3.00
9817.13 114.50
9818.30 199.75
9819.46 160.37
9820.63 118.69
9821.80 206.84
9822.96 200.92
9824.13 152.96
9825.30 219.48
9826.46 264.74
9827.62 202.87
9828.79 193.44
9829.96 250.72
9831.13 222.86
9832.30 166.43
9833.47 231.71
9834.64 274.86
9835.81 207.93
9836.98 224.46
9838.15 269.73
9839.32 226.37
9840.49 169.68
9841.66 126.84
9842.83 98.92
9843.96 201.46
9845.13 259.73
9846.31 291.87
9847.48 236.93
9848.65 176.97
9849.83 236.98
9851.00 280.49
9852.16 215.75
9853.33 208.87
9854.50 262.44
9855.66 231.22
9856.84 175.61
9858.01 239.80
9859.17 281.90
9860.34 213.95
9861.50 228.98
9862.67 272.99
9863.84 231.49
9865.00 175.75
9866.16 132.87
9867.33 102.44
9868.50 205.22
9869.66 264.11
9870.84 297.05
9872.00 243.03
9873.15 183.51
9874.32 139.26
9875.49 110.13
9876.66 210.06
9877.83 209.53
9879.00 166.77
9880.16 232.38
9881.33 277.69
9882.50 303.35
9883.67 317.67
9884.85 236.84
9886.02 173.92
9887.18 130.46
9888.35 203.23
9889.52 261.11
9890.70 212.56
9891.86 160.28
9893.04 237.64
9894.20 281.82
9895.37 307.91
9896.54 249.45
9897.72 186.73
9898.89 140.36
9900.06 134.18
9901.22 223.09
9902.38 274.05
9903.55 302.52
9904.71 241.76
9905.88 181.38
9907.05 248.19
9908.22 257.10
9909.38 199.05
9910.55 244.02
9911.72 284.01
9912.88 227.01
9914.04 171.00
9915.20 239.00
9916.35 283.00
9917.50 216.00
9918.66 162.00
9919.82 122.50
9920.99 200.25
9922.16 258.63
9923.33 209.81
9924.50 160.41
9925.67 237.70
9926.84 282.35
9928.00 306.68
9929.16 249.84
9930.33 187.42
9931.50 250.71
9932.67 280.35
9933.85 212.68
9935.02 158.34
9936.18 120.17
9937.36 207.58
9938.52 264.79
9939.70 296.90
9940.86 278.95
9942.02 209.97
9943.18 156.99
9944.35 119.49
9945.52 208.75
9946.70 266.87
9947.87 298.94
9949.04 316.47
9950.21 234.23
9951.38 172.12
9952.54 129.56
9953.72 208.78
9954.88 264.89
9956.05 210.94
9957.21 183.97
9958.38 251.99
9959.56 290.99
9960.72 311.50
9961.89 247.75
9963.06 185.87
9964.22 140.44
9965.38 176.22
9966.56 245.11
9967.73 219.55
9968.90 169.78
9970.06 238.39
9971.22 282.69
9972.39 306.85
9973.55 273.42
9974.72 206.21
9975.89 253.11
9977.06 289.55
9978.22 226.78
9979.39 170.39
9980.56 240.69
9981.73 272.35
9982.90 206.67
9984.06 156.34
9985.22 118.17
9986.40 205.08
9987.56 263.54
9988.73 207.27
9989.90 215.14
9991.06 268.07
9992.22 298.53
9993.39 315.77
9994.55 246.38
9995.72 183.19
9996.89 137.10
9998.05 185.55
9999.21 250.77
10000.38 219.39
10001.58 168.19
10002.79 240.60
10003.99 284.30
10005.19 309.15
10006.39 257.07
10007.59 192.54
10008.80 253.27
10010.00 280.13
10011.19 211.07
10012.39 216.03
10013.60 267.52
10014.80 230.76
10016.00 174.88
10017.19 134.94
10018.40 147.97
10019.60 230.98
10020.80 212.49
10022.00 166.75
10023.20 237.87
10024.40 282.44
10025.60 307.72
10026.81 259.36
10028.02 193.68
10029.22 144.84
10030.43 112.92
10031.64 213.46
10032.86 208.23
10034.06 164.61
10035.27 235.81
10036.48 281.40
10037.68 212.20
10038.89 247.10
10040.09 285.55
10041.29 227.28
10042.50 169.64
10043.71 243.82
10044.92 287.41
10046.13 310.70
10047.34 259.35
10048.54 194.68
10049.75 254.84
10050.96 286.42
10052.16 214.71
10053.37 159.35
10054.58 120.68
10055.79 211.34
10057.00 267.67
10058.20 298.83
10059.40 255.42
10060.60 193.21
10061.80 252.60
10063.00 290.30
10064.19 218.65
10065.40 249.33
10066.61 288.16
10067.83 229.58
10069.03 172.79
10070.24 245.40
10071.44 233.20
10072.64 182.60
10073.85 245.80
10075.05 285.90
10076.25 218.45
10077.46 161.72
10078.67 239.86
10079.88 224.93
10081.08 175.47
10082.28 135.23
10083.49 105.62
10084.71 208.31
10085.91 208.15
10087.12 166.08
10088.32 236.54
10089.53 280.77
10090.74 212.88
10091.94 243.44
10093.15 283.22
10094.36 306.61
10095.57 321.31
10096.78 237.15
10097.99 173.08
10099.19 130.04
10100.40 213.52
10101.60 268.26
10102.80 206.63
10104.00 234.81
10105.20 277.41
10106.40 229.20
10107.59 173.10
10108.80 244.05
10110.00 287.53
10111.20 310.76
10112.41 272.88
10113.62 204.44
10114.83 152.22
10116.04 117.11
10117.25 215.06
10118.46 219.03
10119.66 175.01
10120.88 239.51
10122.08 282.75
10123.28 307.88
10124.49 274.94
10125.70 205.97
10126.90 153.48
10128.10 117.24
10129.31 213.62
10130.51 224.31
10131.72 177.16
10132.93 239.08
10134.13 282.54
10135.34 216.77
10136.54 234.38
10137.76 278.19
10138.96 230.60
10140.16 175.30
10141.36 244.15
10142.57 286.07
10143.78 310.54
10144.98 275.27
10146.19 207.13
10147.40 154.57
10148.60 116.78
10149.80 213.39
10151.00 225.70
10152.19 177.35
10153.40 237.67
10154.60 280.84
10155.82 217.42
10157.02 232.71
10158.24 277.85
10159.44 303.93
10160.65 319.46
10161.86 242.23
10163.07 243.62
10164.28 283.31
10165.49 237.65
10166.71 179.33
10167.91 137.66
10169.12 175.83
10170.33 245.42
10171.55 287.21
10172.76 309.60
10173.96 237.30
10175.16 175.65
10176.37 247.33
10177.58 241.16
10178.78 186.58
10179.98 142.29
10181.19 110.15
10182.40 209.57
10183.60 222.79
10184.80 175.89
10186.00 236.95
10187.20 280.47
10188.40 305.74
10189.61 283.87
10190.82 212.93
10192.03 157.97
10193.23 121.48
10194.44 214.24
10195.65 236.62
10196.86 184.81
10198.08 240.41
10199.28 283.70
10200.49 307.85
10201.71 289.43
10202.92 216.21
10204.13 259.11
10205.36 294.05
10206.56 227.53
10207.77 169.76
10208.98 243.38
10210.18 239.69
10211.39 185.35
10212.60 140.17
10213.81 109.59
10215.02 208.79
10216.22 222.90
10217.42 175.95
10218.64 237.47
10219.85 281.24
10221.06 307.12
10222.26 278.56
10223.47 207.28
10224.69 255.64
10225.90 292.32
10227.10 224.16
10228.30 166.58
10229.50 127.29
10230.71 206.64
10231.92 264.32
10233.13 297.16
10234.35 278.08
10235.55 209.54
10236.76 256.27
10237.97 292.64
10239.18 226.32
10240.39 169.16
10241.60 242.58
10242.79 238.29
10243.99 185.64
10245.20 242.82
10246.40 284.41
10247.60 219.21
10248.81 234.10
10250.01 277.55
10251.21 231.78
10252.42 175.89
10253.63 244.94
10254.84 247.97
10256.04 191.49
10257.24 245.24
10258.45 285.62
10259.66 220.81
10260.87 227.41
10262.08 273.70
10263.28 233.85
10264.48 177.93
10265.70 133.46
10266.90 162.23
10268.10 238.62
10269.30 214.81
10270.50 166.40
10271.70 237.70
10272.90 270.35
10274.10 205.18
10275.30 154.09
10276.49 117.04
10277.70 208.02
10278.90 265.01
10280.11 297.51
10281.32 316.25
10282.53 326.63
10283.74 331.81
10284.95 335.41
10286.16 338.20
10287.36 340.10
10288.57 340.55
10289.78 341.28
10290.99 342.14
10292.20 343.07
10293.40 342.53
10294.60 343.27
10295.82 343.63
10297.03 343.82
10298.23 344.41
10299.44 344.70
10300.64 344.85
10301.86 345.43
10303.07 345.21
10304.28 345.61
10305.48 345.30
10306.70 345.65
10307.90 345.33
10309.11 345.66
10310.32 346.33
10311.52 346.17
10312.74 346.08
10313.94 346.54
10315.15 346.77
10316.36 346.39
10317.57 347.19
10318.78 348.10
10319.99 347.05
10321.19 348.02
10322.39 347.01
10323.60 347.01
10324.80 346.50
10326.00 346.25
10327.20 346.13
10328.41 346.56
10329.62 346.28
10330.84 346.64
10332.04 346.82
10333.24 346.91
10334.45 345.96
10335.66 345.98
10336.88 347.49
10338.08 346.74
10339.28 347.87
10340.50 347.44
10341.70 347.22
10342.91 347.11
10344.12 346.55
10345.33 346.78
10346.54 347.39
10347.75 347.19
10348.96 348.10
10350.16 347.55
10351.37 346.77
10352.58 347.89
10353.80 347.44
10355.00 346.72
10356.20 347.86
10357.40 347.43
10358.60 347.22
10359.82 348.11
10361.03 347.55
10362.24 347.78
10363.44 348.39
10364.65 347.69
10365.87 346.85
10367.08 346.42
10368.28 346.21
10369.49 346.61
10370.70 347.30
10371.90 348.15
10373.10 347.08
10374.31 347.04
10375.52 347.02
10376.72 347.01
10377.93 348.00
10379.13 348.50
10380.34 347.75
10381.55 347.88
10382.76 348.44
10383.96 347.72
10385.17 347.36
10386.38 347.18
10387.60 346.59
10388.81 347.79
10390.02 347.90
10391.22 347.95
10392.43 347.47
10393.64 347.24
10394.86 348.12
10396.07 347.06
10397.27 348.03
10398.48 348.01
10399.69 348.01
10400.91 347.50
10402.11 347.75
10403.32 347.88
10404.52 347.94
10405.73 347.47
10406.94 347.73
10408.15 347.87
10409.36 346.93
10410.56 347.97
10411.77 347.48
10412.98 346.74
10414.19 346.37
10415.40 346.19
10416.60 347.09
10417.81 347.05
10419.02 347.52
10420.22 347.76
10421.44 347.88
10422.64 347.94
10423.86 347.47
10425.07 346.74
10426.28 346.87
10427.48 346.93
10428.70 347.97
10429.90 347.98
10431.10 347.99
10432.30 348.00
10433.49 347.50
10434.70 348.25
10435.90 348.12
10437.11 348.06
10438.32 348.53
10439.52 348.77
10440.73 347.88
10441.94 346.94
10443.15 346.97
10444.36 347.49
10445.56 346.74
10446.77 346.87
10447.98 346.94
10449.19 347.47
10450.40 347.73
10451.60 347.87
10452.81 347.43
10454.02 347.22
10455.23 346.61
10456.44 346.30
10457.64 347.65
10458.86 347.33
10460.07 346.66
10461.27 346.83
10462.48 346.42
10463.70 347.71
10464.91 348.85
10466.12 347.93
10467.34 347.96
10468.55 347.98
10469.76 347.99
10470.96 348.00
10472.16 348.00
10473.36 348.00
10474.56 348.00
10475.76 348.00
10476.96 347.50
10478.16 347.25
10479.37 346.62
10480.58 347.81
10481.80 348.41
10483.00 348.70
10484.20 348.35
10485.40 347.68
10486.60 347.34
10487.82 347.17
10489.03 347.08
10490.23 347.04
10491.44 348.02
10492.64 348.01
10493.86 347.01
10495.07 347.50
10496.27 348.75
10497.48 347.88
10498.69 347.44
10499.90 346.72
10501.10 346.86
10502.31 347.43
10503.52 346.71
10504.72 347.86
10505.93 347.93
10507.14 346.96
10508.35 347.98
10509.56 347.99
10510.76 349.00
10511.96 348.00
10513.16 348.00
10514.36 348.00
10515.56 347.00
10516.76 348.00
10517.96 348.00
10519.16 347.50
10520.37 346.75
10521.58 347.38
10522.80 348.19
10524.00 347.59
10525.20 347.30
10526.40 348.15
10527.60 348.07
10528.81 347.04
10530.02 347.52
10531.22 347.76
10532.43 347.88
10533.64 347.44
10534.85 347.22
10536.07 347.61
10537.28 347.80
10538.48 347.90
10539.68 348.45
10540.89 348.23
10542.10 347.61
10543.31 347.31
10544.52 347.65
10545.73 346.83
10546.94 346.41
10548.15 347.21
10549.36 348.60
10550.56 347.30
10551.77 347.65
10552.98 348.33
10554.19 347.66
10555.40 347.83
10556.60 346.92
10557.82 346.96
10559.03 347.98
10560.23 347.49
10561.44 347.74
10562.64 348.87
10563.86 347.94
10565.07 347.47
10566.27 347.23
10567.48 347.12
10568.70 346.56
10569.90 346.78
10571.10 346.89
10572.30 346.44
10573.51 347.22
10574.72 347.61
10575.92 347.81
10577.13 347.90
10578.33 348.45
10579.54 347.73
10580.75 347.36
10581.96 347.68
10583.17 347.84
10584.38 347.92
10585.59 347.96
10586.80 347.48
10588.00 347.74
10589.20 348.37
10590.40 348.69
10591.61 349.34
10592.83 348.67
10594.04 348.84
10595.24 347.92
10596.44 347.96
10597.65 347.48
10598.87 347.74
10600.08 347.87
10601.28 347.43
10602.49 347.72
10603.70 347.36
10604.91 347.18
10606.12 347.59
10607.32 347.29
10608.53 348.65
10609.74 347.32
10610.95 347.16
10612.16 347.58
10613.36 347.79
10614.57 347.40
10615.78 347.20
10616.99 347.60
10618.19 348.30
10619.40 348.15
10620.60 347.57
10621.82 348.79
10623.03 347.89
10624.23 347.95
10625.44 347.47
10626.64 347.24
10627.86 348.62
10629.07 347.81
10630.28 347.90
10631.48 347.45
10632.69 347.73
10633.90 347.86
10635.10 348.43
10636.31 348.22
10637.52 347.61
10638.73 347.30
10639.94 348.15
10641.15 348.08
10642.36 348.04
10643.56 347.52
10644.77 348.26
10645.98 348.13
10647.19 348.56
10648.40 347.78
10649.60 347.39
10650.81 347.70
10652.02 347.85
10653.22 346.92
10654.43 346.96
10655.64 346.98
10656.85 346.99
10658.06 347.00
10659.25 348.00
10660.45 347.50
10661.65 347.25
10662.87 348.12
10664.08 348.06
10665.28 348.03
10666.49 347.52
10667.70 347.26
10668.91 348.13
10670.12 348.56
10671.32 348.78
10672.53 347.89
10673.74 348.95
10674.95 348.47
10676.16 349.24
10677.37 349.12
10678.59 349.06
10679.80 348.03
10681.00 347.51
10682.20 347.26
10683.41 347.13
10684.63 347.56
10685.84 347.28
10687.05 347.14
10688.26 348.07
10689.46 349.04
10690.68 348.02
10691.88 349.01
10693.08 349.50
10694.28 348.25
10695.49 349.13
10696.70 349.56
10697.91 348.28
10699.12 348.14
10700.33 349.07
10701.54 348.04
10702.75 348.02
10703.96 348.01
10705.16 348.00
10706.36 349.00
10707.56 348.50
10708.76 349.25
10709.97 349.63
10711.19 348.81
10712.40 347.91
10713.60 347.95
10714.81 347.98
10716.02 347.49
10717.22 348.24
10718.43 348.62
10719.64 347.81
10720.86 347.91
10722.07 347.95
10723.27 347.48
10724.48 347.74
10725.69 347.87
10726.90 348.43
10728.10 348.22
10729.31 348.61
10730.52 347.80
10731.72 347.90
10732.92 347.95
10734.13 348.48
10735.34 348.24
10736.55 347.62
10737.76 348.31
10738.97 348.65
10740.18 348.83
10741.39 348.41
10742.60 348.21
10743.82 348.10
10745.03 348.55
10746.24 348.28
10747.45 348.14
10748.67 348.57
10749.88 348.78
10751.08 348.89
10752.28 347.95
10753.49 348.47
10754.70 348.24
10755.91 349.12
10757.12 349.56
10758.33 348.78
10759.54 347.89
10760.75 348.44
10761.96 347.72
10763.16 347.36
10764.37 347.68
10765.58 347.34
10766.80 348.67
10768.00 348.84
10769.20 347.92
10770.40 347.46
10771.61 347.73
10772.84 348.86
10774.04 347.93
10775.24 347.97
10776.45 347.98
10777.67 347.99
10778.88 349.00
10780.08 348.00
10781.27 348.00
10782.47 348.00
10783.68 348.00
10784.88 347.50
10786.08 347.75
10787.28 347.87
10788.48 346.94
10789.69 347.47
10790.90 347.23
10792.11 347.62
10793.32 347.81
10794.53 346.90
10795.73 346.95
10796.94 347.98
10798.15 347.99
10799.36 347.49
10800.56 347.75
10801.77 347.37
10802.98 348.69
10804.19 348.34
10805.40 348.17
10806.61 348.09
10807.83 348.04
10809.04 347.02
10810.24 348.51
10811.44 347.76
10812.65 347.38
10813.87 347.19
10815.08 347.09
10816.28 347.55
10817.48 347.77
10818.70 347.39
10819.91 347.69
10821.12 347.35
10822.33 347.67
10823.54 346.84
10824.75 347.42
10825.96 348.71
10827.16 349.35
10828.37 348.18
10829.58 348.09
10830.78 348.04
10831.98 347.02
10833.18 347.01
10834.39 348.01
10835.60 347.50
10836.80 348.25
10838.01 348.63
10839.22 347.81
10840.43 347.91
10841.64 348.95
10842.85 348.48
10844.06 349.24
10845.27 348.62
10846.48 348.81
10847.68 347.90
10848.88 347.45
10850.09 347.23
10851.30 348.11
10852.52 348.06
10853.72 348.53
10854.93 347.76
10856.14 348.38
10857.35 348.69
10858.56 347.85
10859.77 347.42
10860.98 347.21
10862.19 347.61
10863.40 347.30
10864.60 347.15
10865.82 347.08
10867.03 348.04
10868.23 347.52
10869.44 347.76
10870.64 347.88
10871.86 347.44
10873.07 347.72
10874.28 347.36
10875.48 348.18
10876.69 347.59
10877.90 348.29
10879.11 348.65
10880.32 348.32
10881.53 347.66
10882.74 347.83
10883.95 347.92
10885.16 347.46
10886.36 348.23
10887.57 348.61
10888.78 348.81
10889.99 348.40
10891.19 347.70
10892.39 347.35
10893.60 347.18
10894.81 347.59
10896.02 347.29
10897.22 348.15
10898.43 348.57
10899.64 349.29
10900.86 348.14
10902.07 348.07
10903.27 348.54
10904.48 348.77
10905.68 347.88
10906.89 347.44
10908.10 347.72
10909.31 348.36
10910.52 348.18
10911.72 347.59
10912.94 347.30
10914.15 347.65
10915.36 348.32
10916.56 348.16
10917.77 348.08
10918.97 348.04
10920.17 348.02
10921.38 349.01
10922.59 348.01
10923.80 347.50
10925.00 347.75
10926.20 348.88
10927.40 347.94
10928.60 347.47
10929.82 348.23
10931.03 347.62
10932.24 346.81
10933.44 347.90
10934.64 347.45
10935.86 347.23
10937.07 347.11
10938.28 348.06
10939.48 348.53
10940.69 348.76
10941.90 348.88
10943.10 347.94
10944.31 347.97
10945.52 348.49
10946.73 348.24
10947.94 347.62
10949.15 347.81
10950.36 346.91
10951.57 346.45
10952.79 346.73
10954.00 347.86
10955.20 347.43
10956.40 348.22
10957.61 348.11
10958.84 348.05
10960.04 347.53
10961.25 347.76
10962.46 348.88
10963.68 347.94
10964.88 348.97
10966.09 347.99
10967.29 347.49
10968.50 347.75
10969.70 348.37
10970.90 348.19
10972.11 348.09
10973.32 347.05
10974.53 347.52
10975.74 346.76
10976.95 347.88
10978.16 347.94
10979.36 347.47
10980.57 347.74
10981.80 347.87
10983.00 347.93
10984.20 347.47
10985.40 347.23
10986.61 348.12
10987.84 347.56
10989.04 348.78
10990.24 348.39
10991.45 349.19
10992.67 348.60
10993.88 348.30
10995.08 348.15
10996.29 347.57
10997.50 347.29
10998.71 347.14
10999.92 347.07
11001.12 347.54
11002.34 348.27
11003.55 347.63
11004.76 348.32
11005.97 348.66
11007.18 348.83
11008.39 349.41
11009.60 348.71
11010.81 349.35
11012.02 347.68
11013.23 348.84
11014.44 347.42
11015.66 348.21
11016.88 348.10
11018.08 348.05
11019.28 348.03
11020.49 348.51
11021.70 349.26
11022.91 349.13
11024.12 349.06
11025.33 348.53
11026.54 348.27
11027.75 348.13
11028.96 348.57
11030.17 349.28
11031.38 349.14
11032.59 348.07
11033.80 349.04
11035.00 348.02
11036.20 348.01
11037.40 348.50
11038.60 349.25
11039.81 349.63
11041.03 348.81
11042.24 347.91
11043.45 347.95
11044.67 347.48
11045.88 347.74
11047.09 347.37
11048.29 347.68
11049.50 348.34
11050.70 347.67
11051.90 348.34
11053.11 347.67
11054.32 347.33
11055.54 348.17
11056.75 348.58
11057.96 348.79
11059.16 348.40
11060.38 347.70
11061.58 347.35
11062.80 347.67
11064.00 346.84
11065.20 347.42
11066.41 347.71
11067.62 347.35
11068.84 347.18
11070.05 346.59
11071.25 346.79
11072.46 347.90
11073.68 348.45
11074.88 347.72
11076.09 348.36
11077.29 348.18
11078.50 347.59
11079.70 348.80
11080.90 349.40
11082.10 349.20
11083.30 348.10
11084.50 347.55
11085.70 347.77
11086.90 348.39
11088.10 347.69
11089.31 347.35
11090.52 346.67
11091.73 347.84
11092.94 347.92
11094.16 348.96
11095.36 348.98
11096.57 349.49
11097.79 349.74
11099.00 348.37
11100.20 349.19
11101.40 348.59
11102.60 347.80
11103.81 347.40
11105.02 347.20
11106.22 347.10
11107.43 347.55
11108.64 348.27
11109.85 347.14
11111.06 348.07
11112.26 348.53
11113.47 347.77
11114.68 348.38
11115.89 347.69
11117.10 347.35
11118.31 348.67
11119.52 348.84
11120.72 348.92
11121.93 348.46
11123.14 348.23
11124.36 347.61
11125.57 347.81
11126.79 347.40
11128.00 348.20
11129.20 347.60
11130.40 348.30
11131.60 348.65
11132.81 348.33
11134.03 348.16
11135.24 347.58
11136.44 347.79
11137.66 348.90
11138.87 348.95
11140.08 349.47
11141.28 348.74
11142.49 349.37
11143.70 349.68
11144.90 348.84
11146.10 349.42
11147.31 348.21
11148.52 348.11
11149.74 347.55
11150.95 347.28
11152.16 348.64
11153.37 348.32
11154.59 347.66
11155.80 347.33
11157.01 347.66
11158.22 347.33
11159.44 348.67
11160.66 349.33
11161.87 348.67
11163.08 348.33
11164.28 348.17
11165.49 348.08
11166.69 348.04
11167.90 349.02
11169.10 349.51
11170.31 348.26
11171.52 347.63
11172.73 348.81
11173.94 348.91
11175.15 347.95
11176.36 346.98
11177.56 347.99
11178.77 347.99
11179.98 348.00
11181.19 349.00
11182.39 349.50
11183.60 348.75
11184.81 349.37
11186.02 348.19
11187.23 348.09
11188.44 347.55
11189.66 347.27
11190.88 347.64
11192.08 348.82
11193.28 348.41
11194.50 349.20
11195.70 349.10
11196.90 349.05
11198.10 349.53
11199.31 348.26
11200.52 347.63
11201.73 348.82
11202.94 347.91
11204.15 347.45
11205.36 347.73
11206.56 347.36
11207.78 347.18
11208.99 348.09
11210.19 348.55
11211.40 348.27
11212.60 349.14
11213.82 348.07
11215.03 348.03
11216.23 348.52
11217.44 347.76
11218.65 347.38
11219.86 347.69
11221.07 347.84
11222.27 347.42
11223.48 347.21
11224.69 348.61
11225.90 347.30
11227.10 347.15
11228.32 348.58
11229.52 349.29
11230.73 348.14
11231.94 348.57
11233.15 349.29
11234.36 348.64
11235.56 348.32
11236.78 348.66
11237.99 349.33
11239.20 348.17
11240.40 347.58
11241.61 347.79
11242.83 347.90
11244.04 347.95
11245.24 347.47
11246.44 348.24
11247.66 348.12
11248.88 347.06
11250.08 347.53
11251.28 347.26
11252.49 347.13
11253.70 347.07
11254.91 347.03
11256.12 347.52
11257.33 348.76
11258.54 348.88
11259.75 348.44
11260.96 347.72
11262.16 348.36
11263.37 347.68
11264.58 347.84
11265.80 347.92
11267.00 347.46
11268.20 347.73
11269.40 348.86
11270.60 348.93
11271.81 348.97
11273.02 349.48
11274.22 348.24
11275.44 348.62
11276.65 348.81
11277.86 347.91
11279.07 347.95
11280.27 347.98
11281.48 347.99
11282.68 347.49
11283.89 347.25
11285.10 346.62
11286.31 347.81
11287.52 347.41
11288.73 346.70
11289.94 347.85
11291.15 348.93
11292.36 348.96
11293.56 349.48
11294.78 348.74
11295.99 349.37
11297.20 349.69
11298.40 348.34
11299.60 347.67
11300.82 348.84
11302.04 347.92
11303.24 347.46
11304.45 347.73
11305.67 348.36
11306.88 347.68
11308.08 348.84
11309.28 348.92
11310.49 347.96
11311.70 348.48
11312.90 348.24
11314.10 347.62
11315.31 347.81
11316.52 347.91
11317.73 347.95
11318.94 347.98
11320.15 348.49
11321.36 348.24
11322.56 348.12
11323.79 348.06
11325.00 348.53
11326.20 348.27
11327.40 348.13
11328.61 348.07
11329.83 347.53
11331.04 347.27
11332.24 347.63
11333.45 347.32
11334.67 348.16
11335.88 349.08
11337.08 349.54
11338.28 348.27
11339.49 348.13
11340.70 349.07
11341.90 349.03
11343.10 348.52
11344.31 347.76
11345.52 348.88
11346.72 347.94
11347.93 347.97
11349.15 348.98
11350.36 348.49
11351.56 348.25
11352.79 347.62
11354.00 347.31
11355.20 348.16
11356.40 347.58
11357.60 347.29
11358.82 347.14
11360.03 348.07
11361.23 348.04
11362.44 348.52
11363.66 348.26
11364.87 347.63
11366.08 348.31
11367.28 347.66
11368.49 347.83
11369.70 347.91
11370.90 347.96
11372.10 347.98
11373.30 348.49
11374.50 348.24
11375.70 348.62
11376.91 348.31
11378.12 348.16
11379.34 347.58
11380.55 348.29
11381.76 347.64
11382.97 347.32
11384.18 347.16
11385.39 347.08
11386.59 348.04
11387.80 347.52
11389.00 347.76
11390.20 348.38
11391.40 348.19
11392.61 347.60
11393.83 348.30
11395.04 348.65
11396.24 348.32
11397.45 348.16
11398.66 348.58
11399.88 348.29
11401.08 347.65
11402.29 347.32
11403.50 347.16
11404.71 347.08
11405.92 347.54
11407.12 347.27
11408.34 347.64
11409.56 348.32
11410.78 347.66
11411.99 348.33
11413.20 348.16
11414.40 348.08
11415.60 348.54
11416.82 348.27
11418.03 348.64
11419.24 348.82
11420.44 348.41
11421.66 348.20
11422.88 348.10
11424.08 348.55
11425.28 348.78
11426.49 348.39
11427.70 348.19
11428.91 348.10
11430.12 348.05
11431.32 348.52
11432.53 348.26
11433.74 348.63
11434.95 348.32
11436.16 348.16
11437.38 348.08
11438.58 348.04
11439.80 348.02
11441.00 348.51
11442.20 347.75
11443.40 348.38
11444.61 348.69
11445.83 348.84
11447.04 348.92
11448.24 348.96
11449.45 348.48
11450.66 348.24
11451.88 348.12
11453.08 348.06
11454.28 348.03
11455.50 348.02
11456.71 348.01
11457.92 348.50
11459.12 348.25
11460.34 348.13
11461.56 348.56
11462.78 348.28
11463.99 347.64
11465.20 347.32
11466.40 347.66
11467.60 348.83
11468.82 348.42
11470.04 348.71
11471.24 347.85
11472.45 348.43
11473.66 349.21
11474.88 348.61
11476.09 347.30
11477.29 347.15
11478.50 347.58
11479.70 347.29
11480.91 347.14
11482.12 348.07
11483.33 348.04
11484.54 348.02
11485.75 347.51
11486.96 347.25
11488.17 348.13
11489.39 347.56
11490.60 347.28
11491.81 348.64
11493.02 348.32
11494.23 348.16
11495.44 348.08
11496.65 348.54
11497.86 348.27
11499.07 347.64
11500.28 347.32
11501.49 347.66
11502.70 347.33
11503.91 348.66
11505.12 348.33
11506.33 348.17
11507.55 347.58
11508.76 347.79
11509.96 347.40
11511.17 347.70
11512.38 347.85
11513.59 347.92
11514.80 348.96
11516.00 348.48
11517.20 349.24
11518.41 349.12
11519.63 349.56
11520.84 348.78
11522.06 347.89
11523.26 347.45
11524.48 347.72
11525.68 348.86
11526.89 349.43
11528.10 348.72
11529.31 347.86
11530.52 348.93
11531.72 348.96
11532.93 348.48
11534.14 348.74
11535.35 347.87
11536.56 347.44
11537.78 347.72
11538.99 347.86
11540.20 348.93
11541.40 348.46
11542.60 347.73
11543.82 347.37
11545.03 348.18
11546.24 348.09
11547.44 347.55
11548.66 347.27
11549.88 347.64
11551.08 347.32
11552.29 348.16
11553.50 347.58
11554.70 347.29
11555.91 347.64
11557.12 347.32
11558.33 347.16
11559.54 348.58
11560.75 348.79
11561.96 348.40
11563.17 347.70
11564.38 348.35
11565.59 347.67
11566.80 347.34
11568.01 347.17
11569.22 347.58
11570.43 348.29
11571.64 347.15
11572.86 348.57
11574.07 347.79
11575.28 347.89
11576.49 347.45
11577.70 348.22
11578.91 348.11
11580.12 347.56
11581.34 347.28
11582.55 347.14
11583.77 347.57
11584.98 347.28
11586.19 347.14
11587.40 347.07
11588.60 347.04
11589.81 347.02
11591.02 348.01
11592.22 349.00
11593.42 347.50
11594.64 347.25
11595.85 347.63
11597.06 347.31
11598.27 347.66
11599.48 348.33
11600.68 348.16
11601.89 348.08
11603.10 347.54
11604.31 347.77
11605.52 347.39
11606.73 347.19
11607.94 347.10
11609.15 346.55
11610.36 347.77
11611.56 347.39
11612.78 347.69
11613.99 348.35
11615.20 347.67
11616.41 348.84
11617.62 348.42
11618.84 347.71
11620.04 348.35
11621.24 347.68
11622.45 348.34
11623.66 349.17
11624.87 348.58
11626.08 347.79
11627.28 347.40
11628.48 347.20
11629.69 348.10
11630.90 347.55
11632.10 348.27
11633.31 349.14
11634.52 347.57
11635.73 348.28
11636.94 347.64
11638.15 347.32
11639.36 347.16
11640.57 347.58
11641.79 347.29
11643.00 347.65
11644.20 348.82
11645.40 348.41
11646.61 348.21
11647.84 349.10
11649.04 349.55
11650.24 349.78
11651.45 349.39
11652.66 348.69
11653.87 348.35
11655.08 348.67
11656.28 348.84
11657.49 348.92
11658.70 347.46
11659.91 347.23
11661.12 347.61
11662.34 347.31
11663.56 347.15
11664.78 346.58
11665.99 347.29
11667.20 347.64
11668.40 347.32
11669.61 347.66
11670.83 348.33
11672.04 347.67
11673.24 346.83
11674.45 347.42
11675.66 347.71
11676.88 347.85
11678.08 346.93
11679.28 347.46
11680.49 347.23
11681.70 348.12
11682.91 347.56
11684.12 347.78
11685.32 347.39
11686.53 347.69
11687.74 348.35
11688.95 348.67
11690.16 347.34
11691.38 347.17
11692.59 347.58
11693.80 347.29
11695.00 347.65
11696.20 347.32
11697.41 347.66
11698.62 347.33
11699.84 347.17
11701.05 347.58
11702.25 347.29
11703.47 348.15
11704.68 348.07
11705.88 348.04
11707.08 348.02
11708.28 348.51
11709.49 348.75
11710.70 348.38
11711.91 348.19
11713.12 347.59
11714.33 347.30
11715.54 347.15
11716.76 347.07
11717.96 347.04
11719.17 348.02
11720.38 349.01
11721.59 348.00
11722.80 348.00
11723.99 348.00
11725.19 347.50
11726.40 347.25
11727.60 347.13
11728.82 347.06
11730.03 348.53
11731.24 348.27
11732.45 347.63
11733.66 348.82
11734.87 347.91
11736.08 347.45
11737.28 347.23
11738.49 347.61
11739.70 348.81
11740.91 348.40
11742.12 348.20
11743.32 348.10
11744.53 347.55
11745.74 347.28
11746.95 348.14
11748.16 348.07
11749.37 348.03
11750.58 348.52
11751.80 349.26
11753.00 348.63
11754.20 347.81
11755.41 347.41
11756.64 347.70
11757.84 348.35
11759.05 348.18
11760.26 347.59
11761.47 348.29
11762.68 348.15
11763.89 348.07
11765.09 348.04
11766.29 348.02
11767.50 347.51
11768.71 347.25
11769.92 347.63
11771.13 347.81
11772.34 347.91
11773.55 347.95
11774.76 347.48
11775.97 347.74
11777.19 348.37
11778.40 347.68
11779.60 348.34
11780.81 348.67
11782.02 348.84
11783.23 348.92
11784.44 348.96
11785.65 347.98
11786.86 348.49
11788.07 348.24
11789.28 348.62
11790.49 348.31
11791.70 348.16
11792.91 348.08
11794.12 348.04
11795.32 348.52
11796.53 347.76
11797.74 347.88
11798.95 347.94
11800.16 348.47
11801.36 347.73
11802.57 347.37
11803.80 347.18
11805.00 347.09
11806.20 347.55
11807.40 347.77
11808.60 347.89
11809.81 347.94
11811.02 348.47
11812.22 348.24
11813.44 348.62
11814.65 348.31
11815.86 348.65
11817.07 348.83
11818.28 348.91
11819.48 348.96
11820.69 348.48
11821.90 348.24
11823.11 347.62
11824.32 348.31
11825.54 348.15
11826.76 347.58
11827.96 347.29
11829.17 347.64
11830.38 348.32
11831.59 348.16
11832.81 348.08
11834.02 348.04
11835.22 348.02
11836.43 348.51
11837.64 348.26
11838.86 348.13
11840.07 348.06
11841.27 348.03
11842.48 348.52
11843.68 348.26
11844.89 347.63
11846.10 348.31
11847.31 348.16
11848.52 348.08
11849.73 347.54
11850.94 347.77
11852.15 347.88
11853.36 347.94
11854.56 347.97
11855.78 347.99
11856.99 347.49
11858.20 347.25
11859.40 347.62
11860.61 347.81
11861.83 348.41
11863.05 348.70
11864.25 348.35
11865.46 348.68
11866.67 348.34
11867.88 347.67
11869.08 347.83
11870.28 348.42
11871.49 348.21
11872.70 348.10
11873.90 348.05
11875.10 347.53
11876.31 347.76
11877.52 347.88
11878.73 347.94
11879.94 347.97
11881.15 347.99
11882.36 348.49
11883.56 348.25
11884.78 347.62
11885.99 347.31
11887.20 347.66
11888.40 348.33
11889.61 348.66
11890.84 348.33
11892.04 348.17
11893.25 348.58
11894.46 348.29
11895.67 348.15
11896.88 348.57
11898.09 347.79
11899.29 348.39
11900.50 347.70
11901.70 348.35
11902.91 348.67
11904.12 347.84
11905.33 347.42
11906.54 348.21
11907.76 348.60
11908.96 348.30
11910.16 348.15
11911.38 348.58
11912.59 347.79
11913.80 348.39
11915.00 348.20
11916.20 348.10
11917.40 348.05
11918.60 348.02
11919.80 347.51
11921.01 348.26
11922.22 348.63
11923.43 348.81
11924.64 348.91
11925.86 348.95
11927.07 348.48
11928.28 348.24
11929.48 348.62
11930.69 348.31
11931.90 348.15
11933.11 348.08
11934.32 347.54
11935.53 347.77
11936.74 348.38
11937.96 348.69
11939.16 348.35
11940.38 348.17
11941.59 348.59
11942.80 348.29
11944.00 348.65
11945.20 348.32
11946.41 348.66
11947.63 348.33
11948.84 348.17
11950.05 348.08
11951.26 348.04
11952.47 348.02
11953.68 348.01
11954.88 348.01
11956.09 348.00
11957.28 348.00
11958.48 348.00
11959.68 348.50
11960.88 348.75
11962.09 348.88
11963.30 348.94
11964.51 348.97
11965.72 347.98
11966.92 347.99
11968.13 348.50
11969.34 348.25
11970.55 348.12
11971.77 348.56
11972.98 347.78
11974.19 347.89
11975.40 347.95
11976.60 347.97
11977.81 347.49
11979.02 348.24
11980.23 347.62
11981.44 348.31
11982.65 348.16
11983.87 347.58
11985.08 347.29
11986.28 347.64
11987.49 347.82
11988.70 347.41
11989.91 348.21
11991.12 348.10
11992.33 348.55
11993.54 348.28
11994.76 348.64
11995.97 348.32
11997.18 348.16
11998.40 348.08
11999.60 347.54
12000.81 347.27
12002.02 347.63
12003.23 347.32
12004.44 347.16
12005.65 347.58
12006.86 347.79
12008.07 348.39
12009.27 348.20
12010.48 348.10
12011.69 348.55
12012.90 348.27
12014.10 348.14
12015.31 348.07
12016.52 348.03
12017.72 348.02
12018.93 348.01
12020.14 348.00
12021.34 347.50
12022.55 347.25
12023.76 347.63
12024.98 348.31
12026.19 347.66
12027.40 348.33
12028.60 348.66
12029.82 348.33
12031.03 348.17
12032.24 348.08
12033.44 347.54
12034.65 347.77
12035.86 347.89
12037.07 347.94
12038.28 347.97
12039.48 347.99
12040.69 348.49
12041.90 347.75
12043.10 348.37
12044.31 348.69
12045.52 348.34
12046.72 348.67
12047.93 348.84
12049.14 348.92
12050.35 347.96
12051.56 347.98
12052.77 347.99
12053.98 347.99
12055.19 348.00
12056.39 348.50
12057.59 348.25
12058.81 347.62
12060.02 347.81
12061.23 347.41
12062.44 347.20
12063.65 348.10
12064.86 348.55
12066.07 348.28
12067.28 348.14
12068.48 348.07
12069.68 348.03
12070.88 348.52
12072.10 348.26
12073.31 348.63
12074.52 348.81
12075.73 347.91
12076.95 347.95
12078.16 347.98
12079.36 347.99
12080.57 348.49
12081.79 347.75
12083.00 347.37
12084.20 347.19
12085.41 347.09
12086.63 347.55
12087.84 347.77
12089.04 348.39
12090.24 348.19
12091.45 348.10
12092.66 348.05
