17640.32 8.23
17641.45 6.11
17642.58 6.56
17643.71 5.78
17644.84 4.89
17645.96 5.94
17647.09 4.97
17648.21 5.49
17649.34 62.24
17650.50 58.12
17651.66 83.56
17652.83 102.78
17654.03 97.89
17655.19 121.45
17656.40 101.72
17657.60 129.86
17658.81 125.43
17660.02 116.72
17661.23 134.36
17662.43 111.68
17663.64 138.84
17664.85 107.42
17666.06 134.71
17667.26 129.35
17668.47 121.68
17669.67 137.84
17670.87 114.92
17672.07 139.96
17673.27 122.48
17674.47 122.24
17675.68 137.12
17676.89 116.56
17678.09 141.78
17679.29 114.39
17680.50 125.19
17681.70 105.10
17682.90 117.55
17684.10 134.27
17685.30 118.64
17686.50 142.82
17687.70 114.91
17688.91 129.45
17690.11 136.73
17691.32 121.36
17692.53 142.18
17693.74 115.59
17694.94 139.80
17696.15 137.90
17697.34 126.45
17698.55 144.72
17699.77 161.86
17700.97 172.93
17702.18 179.47
17703.39 185.23
17704.59 187.12
17705.81 189.06
17707.02 190.53
17708.22 192.26
17709.42 193.63
17710.64 194.32
17711.85 193.16
17713.06 193.08
17714.25 195.04
17715.45 194.52
17716.66 194.26
17717.86 196.13
17719.07 195.56
17720.27 196.78
17721.48 196.39
17722.69 196.20
17723.89 197.60
17725.09 196.80
17726.28 196.40