10560.27 7.67
10561.39 7.83
10562.52 8.42
10563.65 9.21
10564.78 7.60
10565.90 8.80
10567.01 8.40
10568.13 7.20
10569.25 56.60
10570.41 56.30
10571.57 98.65
10572.74 95.83
10573.90 101.91
10575.10 118.96
10576.30 103.98
10577.50 128.99
10578.70 102.99
10579.90 118.50
10581.09 126.75
10582.29 113.87
10583.49 134.94
10584.69 110.47
10585.90 133.23
10587.10 109.12
10588.30 127.06
10589.50 131.03
10590.70 119.01
10591.90 137.51
10593.10 113.75
10594.30 139.88
10595.50 131.44
10596.70 123.72
10597.90 138.86
10599.10 116.43
10600.30 141.21
10601.50 112.61
10602.70 137.30
10603.90 122.65
10605.10 122.83
10606.30 137.91
10607.50 118.96
10608.70 140.48
10609.90 112.24
10611.10 125.62
10612.30 135.31
10613.50 121.15
10614.70 141.58
10615.90 116.29
10617.10 141.64
10618.30 137.32
10619.50 156.16
10620.70 169.08
10621.90 176.54
10623.10 181.77
10624.30 184.39
10625.50 186.69
10626.70 188.35
10627.90 189.17
10629.10 190.09
10630.30 191.54
10631.50 191.77
10632.70 191.89
10633.90 191.94
10635.10 191.97
10636.30 192.99
10637.50 192.99
10638.70 193.00
10639.89 193.00
10641.09 193.00
10642.27 193.50
10643.47 194.25
10644.68 194.12
10645.89 194.56
10647.10 194.28