22583.71 5.49
22584.84 5.74
22585.97 5.87
22587.10 6.44
22588.23 5.22
22589.35 6.11
22590.49 5.05
22591.61 5.53
22592.74 29.26
22593.91 51.13
22595.07 89.07
22596.23 83.03
22597.39 113.52
22598.61 90.76
22599.78 112.38
22600.99 121.19
22602.19 109.09
22603.39 132.05
22604.60 106.02
22605.79 135.01
22607.00 131.51
22608.20 120.75
22609.40 125.88
22610.61 114.94
22611.82 136.97
22613.02 111.98
22614.23 139.49
22615.43 133.75
22616.65 124.37
22617.86 141.69
22619.07 115.84
22620.26 141.92
22621.48 126.96
22622.68 124.98
22623.88 138.99
22625.08 119.50
22626.28 135.75
22627.49 113.87
22628.69 140.94
22629.89 122.97
22631.09 123.48
22632.29 137.74
22633.50 120.37
22634.70 143.69
22635.90 113.84
22637.10 127.42
22638.30 135.71
22639.50 120.86
22640.70 141.43
22641.90 114.71
22643.10 144.86
22644.30 163.43
22645.50 175.21
22646.70 182.11
22647.91 185.55
22649.11 188.78
22650.32 189.39
22651.53 190.19
22652.74 192.60
22653.94 191.80
22655.15 193.90
22656.34 193.45
22657.55 193.72
22658.76 195.36
22659.97 194.68
22661.18 194.34
22662.39 196.67
22663.60 196.34
22664.80 197.17
22666.00 196.08
22667.18 197.54
22668.39 196.77
22669.61 196.39
22670.82 197.19