9856.40 6.59
9857.48 7.29
9858.57 7.15
9859.66 7.57
9860.75 6.29
9861.83 6.64
9862.92 7.32
9864.00 6.16
9865.08 36.08
9866.19 55.54
9867.32 89.27
9868.45 84.64
9869.58 114.32
9870.74 95.66
9871.87 125.83
9873.05 112.41
9874.21 115.71
9875.38 128.85
9876.54 114.43
9877.71 135.21
9878.89 111.11
9880.06 137.05
9881.22 108.03
9882.38 134.51
9883.55 119.76
9884.72 121.88
9885.89 134.44
9887.06 117.72
9888.22 140.36
9889.38 114.18
9890.55 140.59
9891.72 126.79
9892.90 125.90
9894.05 138.45
9895.21 121.22
9896.38 142.11
9897.54 115.06
9898.70 138.53
9899.86 113.26
9901.05 140.63
9902.21 127.82
9903.38 128.41
9904.54 138.70
9905.70 121.35
9906.86 140.68
9908.04 116.34
9909.20 142.17
9910.36 122.58
9911.53 127.29
9912.70 139.15
9913.86 123.57
9915.04 142.79
9916.20 160.39
9917.36 172.20
9918.52 180.10
9919.68 184.55
9920.85 187.77
9922.02 189.89
9923.18 190.94
9924.34 191.47
9925.51 191.24
9926.68 193.12
9927.85 194.06
9929.02 194.53
9930.18 194.76
9931.34 194.38
9932.51 194.69
9933.68 195.85
9934.86 195.92
9936.03 195.96
9937.19 196.48
9938.36 196.24
9939.53 195.62
9940.70 197.31
9941.86 197.66