15360.83 7.49
15361.96 7.75
15363.09 6.37
15364.20 5.69
15365.32 5.34
15366.45 5.67
15367.58 6.84
15368.72 6.92
15369.84 58.46
15371.01 80.73
15372.17 85.36
15373.34 109.68
15374.54 94.84
15375.71 123.92
15376.92 98.96
15378.08 112.48
15379.27 125.24
15380.48 110.62
15381.68 132.31
15382.90 106.16
15384.10 128.58
15385.30 100.29
15386.50 119.64
15387.71 128.82
15388.92 114.91
15390.13 137.46
15391.34 112.23
15392.54 133.61
15393.75 135.81
15394.96 123.40
15396.16 142.20
15397.36 116.10
15398.56 142.05
15399.76 131.03
15400.97 126.51
15402.17 126.26
15403.38 118.63
15404.58 139.31
15405.79 116.66
15406.99 143.83
15408.19 130.41
15409.40 126.71
15410.60 141.35
15411.80 121.18
15413.00 145.09
15414.19 116.04
15415.39 126.52
15416.59 138.76
15417.79 123.88
15418.99 144.94
15420.19 161.97
15421.39 172.99
15422.60 180.49
15423.80 184.25
15425.00 187.62
15426.19 189.31
15427.40 191.16
15428.61 192.58
15429.81 192.79
15431.02 192.89
15432.22 194.95
15433.42 193.97
15434.62 194.49
15435.84 194.24
15437.04 196.12
15438.24 195.56
15439.45 194.78
15440.66 194.39
15441.87 196.20
15443.08 195.60
15444.27 195.80
15445.47 195.40
15446.67 197.20