0.0 1.3373954353
1.08 1.69885366106
2.17 1.6265620159
3.26 1.84343695136
4.35 1.18248476712
5.43 1.36321388
6.52 1.71434472787
7.6 1.11535681091
8.68 16.5651141175
9.79 26.6136527936
10.92 44.0307755861
12.05 41.6399876071
13.18 56.9658163792
14.34 47.3303728183
15.47 62.9092223484
16.65 55.9795517918
17.81 57.6835691418
18.98 64.4686564081
20.14 57.0226169576
21.31 67.7527625736
22.49 55.3082722297
23.66 68.7028813384
24.82 53.7178560364
25.98 67.3913043478
27.15 59.7748631622
28.32 60.8695652174
29.49 67.3551585253
30.66 58.7214706186
31.82 70.4120623774
32.98 56.8935247341
34.15 70.530827223
35.32 63.4049364866
36.5 62.945368171
37.65 69.4257977899
38.81 60.5287617474
39.98 71.3157079418
41.14 57.3479293607
42.3 69.4671073015
43.46 56.4184653516
44.65 70.5514819787
45.81 63.9367964474
46.98 64.2414540948
48.14 69.5548900134
49.3 60.5958897036
50.46 70.5773004234
51.64 58.008881545
52.8 71.3466900754
53.96 61.2310234431
55.13 63.6631209336
56.3 69.7872560157
57.46 61.7422286481
58.64 71.6668387896
59.8 80.7549313229
60.96 86.8532479603
62.12 90.9325622225
63.28 93.2304038005
64.45 94.893111639
65.62 95.9878136941
66.78 96.5300010327
67.94 96.8036765465
69.11 96.6849117009
70.28 97.6556852215
71.45 98.1410719818
72.62 98.383765362
73.78 98.5025302076
74.94 98.3063100279
76.11 98.466384385
77.28 99.065372302
78.46 99.1015181245
79.63 99.1221728803
80.79 99.3906847052
81.96 99.2667561706
83.13 98.9466074564
84.3 99.8192708871
85.46 100.0
