0.0 1.92590260285
1.12 2.00986565911
2.25 2.31947942905
3.38 2.73404701931
4.51 1.88916876574
5.63 2.51889168766
6.74 2.30898404702
7.86 1.6792611251
8.98 27.6028547439
10.14 27.4454240134
11.3 49.669395466
12.47 48.1895465995
13.63 51.3801427372
14.83 60.3274559194
16.03 52.4664147775
17.23 65.5908900084
18.43 51.9468933669
19.63 60.0860621327
20.82 64.4154072208
22.02 57.6563811923
23.22 68.7132661629
24.42 55.8721662469
25.63 67.8159109992
26.83 55.1637279597
28.03 64.5780856423
29.23 66.6614189757
30.43 60.3536943745
31.63 70.061922754
32.83 57.5934089001
34.03 71.3056255248
35.23 66.8765743073
36.43 62.825356843
37.63 70.7703610411
38.83 58.9997900924
40.03 72.0035684299
41.23 56.9951721243
42.43 69.9517212427
43.63 62.2638539043
44.83 62.3583123426
46.03 70.2718303946
47.23 60.3274559194
48.43 71.6204869857
49.63 56.8010075567
50.83 63.822418136
52.03 68.9074307305
53.23 61.4767002519
54.43 72.1977329975
55.63 58.9263224181
56.83 72.2292191436
58.03 69.9622166247
59.23 79.8488664987
60.43 86.6288832914
61.63 90.5436607893
62.83 93.2882031906
64.03 94.6630982368
65.23 95.8700671704
66.43 96.7411838791
67.63 97.1714945424
68.83 97.6542821159
70.03 98.4151973132
71.23 98.5358942065
72.43 98.5988664987
73.63 98.6251049538
74.83 98.6408480269
76.03 99.1761125105
77.23 99.1761125105
78.43 99.1813602015
79.62 99.1813602015
80.82 99.1813602015
82.0 99.4437447523
83.2 99.8373215785
84.41 99.7691015953
85.62 100.0
86.83 99.8530646516
