0.0 2.18491735537
1.13 1.08987603306
2.26 1.32231404959
3.39 0.919421487603
4.52 0.459710743802
5.64 1.0020661157
6.77 0.501033057851
7.89 0.769628099174
9.02 30.0826446281
10.18 27.9545454545
11.34 41.0950413223
12.51 51.0227272727
13.71 48.4969008264
14.87 60.666322314
16.08 50.4752066116
17.28 65.0103305785
18.49 62.722107438
19.7 58.2231404959
20.91 67.3347107438
22.11 55.6198347107
23.32 69.6487603306
24.53 53.4194214876
25.74 67.5154958678
26.94 64.7469008264
28.15 60.7851239669
29.35 69.132231405
30.55 57.2933884298
31.75 70.2272727273
32.95 61.1983471074
34.15 61.0743801653
35.36 68.7603305785
36.57 58.1404958678
37.77 71.1673553719
38.97 57.0196280992
40.18 62.5981404959
41.38 52.2210743802
42.58 58.6518595041
43.78 67.2882231405
44.98 59.2148760331
46.18 71.7045454545
47.38 57.2882231405
48.59 64.798553719
49.79 68.5588842975
51.0 60.6198347107
52.21 71.3739669421
53.42 57.6394628099
54.62 70.1446280992
55.83 69.1632231405
57.02 63.2489669421
58.23 72.6859504132
59.45 81.5392561983
60.65 87.257231405
61.86 90.6353305785
63.07 93.6105371901
64.27 94.5867768595
65.49 95.5888429752
66.7 96.3481404959
67.9 97.2417355372
69.1 97.9493801653
70.32 98.305785124
71.53 97.7066115702
72.74 97.6652892562
73.93 98.6776859504
75.13 98.4090909091
76.34 98.2747933884
77.54 99.2407024793
78.75 98.9462809917
79.95 99.576446281
81.16 99.375
82.37 99.2768595041
83.57 100.0
84.77 99.5867768595
85.96 99.3801652893
