0.0 1.32169962311
1.13 1.69342764211
2.26 1.62114719397
3.39 1.06871805462
4.52 1.04806649801
5.64 1.3010480665
6.77 1.42495740616
7.9 1.486912076
9.02 29.3974908359
10.19 26.3152460117
11.35 43.0997986473
12.52 51.2365119521
13.73 48.5931127059
14.9 60.4367804223
16.09 49.8373689917
17.3 65.4499457897
18.51 60.3438484176
19.71 58.0515256337
20.92 66.1985647168
22.12 55.0415612577
23.33 68.0520419227
24.54 52.6098404667
25.74 66.8336000826
26.95 62.3315607414
28.15 60.0753781816
29.36 69.0175021942
30.58 57.4836078269
31.78 70.0449171356
32.98 55.4184521658
34.19 59.2028499148
35.39 66.7716454128
36.62 57.653983169
37.82 70.901956735
39.03 56.8795497961
40.24 63.2866952347
41.44 50.7460374826
42.65 56.8692240178
43.86 66.3792658372
45.06 58.7485156694
46.27 70.6747896123
47.48 56.7659662347
48.68 63.4880479116
49.88 68.6612628427
51.08 61.6913624864
52.28 71.6350869947
53.48 58.2735298673
54.68 73.0239041768
55.88 70.328876039
57.07 64.8510506479
58.29 72.693479271
59.49 82.2964530952
60.69 88.3886622954
61.89 91.1766224379
63.08 93.3450358821
64.27 95.4618204347
65.47 95.7457793381
66.67 96.4066291497
67.88 96.7318911663
69.07 96.8971036192
70.28 97.2378543033
71.48 97.9245185606
72.68 98.5285765915
73.88 98.0535907894
75.07 98.8486757189
76.28 98.7299292684
77.48 99.1842635139
78.68 98.9003046105
79.88 99.5301770871
81.07 99.3288244101
82.28 100.0
83.48 99.8244617688
84.68 99.4733853064
85.89 99.561154422
