0.0 0.0829187396352
1.13 0.0414593698176
2.26 0.0207296849088
3.37 0.269485903814
4.5 0.134742951907
5.62 0.0673714759536
6.75 0.808457711443
7.88 0.922470978441
9.01 7.45750414594
10.17 24.201907131
11.34 41.6407545605
12.51 40.510986733
13.67 56.2759121061
14.88 46.532960199
16.04 62.9145936982
17.25 60.9970978441
18.45 57.1880182421
19.65 66.1639718076
20.86 55.10986733
22.07 68.2369402985
23.28 60.5462271973
24.48 60.333747927
25.68 58.6701907131
26.88 57.3175787728
28.08 67.0087064677
29.28 56.0478855721
30.49 69.7450248756
31.69 57.9342868988
32.9 60.5773217247
34.1 67.8638059701
35.31 58.5458126036
36.51 70.73486733
37.71 56.0945273632
38.92 63.5468490879
40.12 68.0503731343
41.32 60.7172470978
42.52 66.8946932007
43.72 59.3594527363
44.92 70.8799751244
46.12 57.4626865672
47.32 67.8586235489
48.52 68.910655058
49.72 62.4429933665
50.92 71.9009121061
52.12 58.7531094527
53.32 72.6523631841
54.52 67.1589966833
55.72 64.4174958541
56.92 72.1133913765
58.12 60.9297263682
59.32 72.7041873964
60.52 82.2139303483
61.72 88.2669983416
62.92 91.811774461
64.12 93.8432835821
65.32 95.3772802653
66.51 96.4033996683
67.7 97.1755804312
68.91 97.5642620232
70.12 98.01513267
71.32 98.2379767828
72.52 98.3519900498
73.72 98.6681177446
74.92 98.8287728027
76.12 98.9065091211
77.32 98.9427860697
78.52 99.2226368159
79.72 99.3625621891
80.92 99.4351160862
82.12 99.725331675
83.32 99.8756218905
84.52 99.9481757877
85.73 99.9844527363
86.94 100.0
