35138.58 0.60
35139.69 0.30
35140.81 1.65
35141.94 2.33
35143.07 2.66
35144.20 1.33
35145.32 0.67
35146.45 1.83
35147.57 0.92
35148.70 1.96
35149.83 0.98
35150.94 0.49
35152.07 1.24
35153.19 2.12
35154.33 1.06
35155.45 0.53
35156.57 0.27
35157.70 1.63
35158.83 2.32
35159.96 1.16
35161.09 0.58
35162.20 0.29
35163.32 0.14
35164.45 0.07
35165.56 1.04
35166.69 2.02
35167.82 2.01
35168.94 1.00
35170.05 0.50
35171.17 0.25
35172.30 0.13
35173.41 0.06
35174.53 0.03
35175.64 0.02
35176.75 0.01
35177.86 0.00
35178.97 0.00
35180.07 0.00
35181.18 0.50
35182.30 0.25
35183.43 1.63
35184.56 1.31
35185.69 0.66
35186.81 0.33
35187.94 0.66
35189.06 0.33
35190.18 0.17
35191.31 1.58
35192.45 2.29
35193.57 1.15
35194.70 0.57
35195.83 0.79
35196.95 0.39
35198.07 0.20
35199.18 0.10
35200.31 0.55
35201.44 0.77
35202.57 0.39
35203.69 0.19
35204.81 0.10
35205.93 0.05
35207.04 0.52
35208.16 1.76
35209.29 0.88
35210.41 0.44
35211.53 0.72
35212.66 0.36
35213.78 1.68
35214.90 0.84
35216.01 0.42
35217.13 0.21
35218.25 0.11
35219.38 1.55
35220.51 2.28
35221.64 1.64
35222.76 1.32
35223.89 2.16
35225.02 2.58
35226.14 1.29
35227.26 0.64
35228.39 1.82
35229.51 0.91
35230.64 1.96
35231.76 0.98
35232.87 0.49
35233.99 0.24
35235.11 0.12
35236.23 0.56
35237.36 0.28
35238.48 0.14
35239.60 0.07
35240.71 0.04
35241.83 0.52
35242.96 0.26
35244.08 0.63
35245.20 0.81
35246.32 0.91
35247.45 0.45
35248.57 0.23
35249.69 0.11
35250.81 3.06
35251.94 7.03
35253.06 11.51
35254.22 17.76
35255.39 23.38
35256.57 27.69
35257.73 34.84
35258.90 40.92
35260.06 44.46
35261.22 50.23
35262.39 55.12
35263.57 60.56
35264.74 66.28
35265.91 71.14
35267.08 75.57
35268.24 81.28
35269.41 86.14
35270.58 90.57
35271.75 94.29
35272.92 99.14
35274.09 103.57
35275.29 107.79
35276.50 111.39
35277.69 113.70
35278.89 116.85
35280.10 118.92
35281.30 123.46
35282.50 126.73
35283.69 130.87
35284.89 131.43
35286.10 133.72
35287.30 135.86
35288.50 138.93
35289.70 139.46
35290.90 143.23
35292.10 143.62
35293.31 146.31
35294.52 147.15
35295.73 149.08
35296.94 150.04
35298.14 152.02
35299.33 152.01
35300.54 152.50
35301.74 155.25
35302.95 156.13
35304.16 157.56
35305.37 158.28
35306.58 158.14
35307.79 160.07
35308.99 161.54
35310.20 160.77
35311.40 161.88
35312.61 161.94
35313.82 164.47
35315.03 164.24
35316.23 164.12
35317.44 165.56
35318.65 165.78
35319.85 166.89
35321.05 167.44
35322.26 168.22
35323.46 168.11
35324.67 168.56
35325.88 168.78
35327.08 169.89
35328.28 170.44
35329.49 170.72
35330.69 171.36
35331.90 171.68
35333.11 171.84
35334.32 173.42
35335.53 172.71
35336.73 172.86
35337.94 173.43
35339.15 173.21
35340.36 175.11
35341.57 175.05
35342.78 177.03
35343.98 176.51
35345.18 176.76
35346.39 176.38
35347.62 177.19
35348.82 176.59
35350.03 176.30
35351.23 177.15
35352.44 178.07
35353.64 177.04
35354.84 177.02
35356.04 178.01
35357.24 178.00
35358.44 178.00
35359.63 179.50
35360.83 178.75
35362.04 179.38
35363.24 179.69
35364.45 179.34
35365.66 181.17
35366.86 182.09
35368.07 181.54
35369.27 180.77
35370.48 180.39
35371.69 181.69
35372.89 182.35
35374.10 182.17
35375.30 182.09
35376.50 182.54
35377.70 182.27
35378.90 182.14
35380.10 181.57
35381.30 182.28
35382.50 182.64
35383.70 182.82
35384.90 184.91
35386.10 184.46
35387.31 184.23
35388.52 183.11
35389.73 184.06
35390.94 185.53
35392.14 184.76
35393.35 184.38
35394.57 184.69
35395.78 184.35
35396.98 184.67
35398.18 185.34
35399.39 185.17
35400.61 184.58
35401.82 185.79
35403.02 184.90
35404.22 184.45
35405.44 185.72
35406.65 185.86
35407.86 185.93
35409.06 185.47
35410.26 185.23
35411.47 185.62
35412.68 185.31
35413.89 187.15
35415.10 188.08
35416.30 187.54
35417.50 186.77
35418.69 186.38
35419.89 187.19
35421.10 186.60
35422.30 186.30
35423.50 187.65
35424.70 187.82
35425.90 187.91
35427.10 186.96
35428.30 187.48
35429.51 187.74
35430.72 189.37
35431.93 188.68
35433.14 188.34
35434.34 188.17
35435.56 188.59
35436.77 188.79
35437.98 189.90
35439.17 189.95
35440.38 188.97
35441.60 190.49
35442.81 190.24
35444.01 191.12
35445.21 191.06
35446.42 189.53
35447.63 190.77
35448.84 190.88
35450.04 189.44
35451.24 172.72
35452.45 148.86
35453.66 126.43
35454.86 107.22
35456.07 95.11
35457.24 82.55
35458.41 74.78
35459.58 66.39
35460.75 59.69
35461.92 55.35
35463.09 52.17
35464.25 48.09
35465.42 44.04
35466.57 42.02
35467.73 39.51
35468.90 37.76
35470.06 34.88
35471.23 32.94
35472.40 33.97
35473.57 32.48
35474.73 30.24
35475.90 29.12
35477.06 27.56
35478.22 26.78
35479.39 25.39
35480.57 26.20
35481.74 25.60
35482.89 24.80
35484.05 23.90
35485.21 21.95
35486.38 22.47
35487.56 21.74
35488.73 20.37
35489.89 19.18
35491.06 19.59
35492.22 19.80
35493.38 17.90
35494.55 18.95
35495.72 17.97
35496.89 17.49
35498.05 18.24
35499.21 17.62
35500.38 18.31
35501.56 16.66
35502.73 15.83
35503.89 14.91
35505.06 14.96
35506.22 15.98
35507.39 15.99
35508.57 17.49
35509.74 16.25
35510.90 14.12
35512.07 14.56
35513.23 13.28
35514.40 14.14
35515.57 13.57
35516.74 12.79
35517.91 12.39
35519.08 13.70
35520.24 14.35
35521.42 14.67
35522.58 13.84
35523.75 12.92
35524.92 11.96
35526.09 11.98
35527.25 11.99
35528.43 11.99
35529.59 10.00
35530.76 12.00
35531.91 13.00
35533.07 12.00
35534.22 10.50
35535.39 9.75
35536.52 11.87
35537.69 9.94
35538.82 8.97
35539.94 9.98
35541.07 8.99
35542.19 9.00
35543.32 8.50
35544.44 8.25
35545.57 8.12
35546.70 8.06
35547.82 8.53
35548.95 8.27
35550.08 11.13
35551.25 9.57
35552.37 8.78
35553.50 8.39
35554.62 8.70
35555.75 8.85
35556.88 8.92
35558.01 8.46
35559.14 8.23
35560.27 8.12
35561.42 8.56
35562.54 8.28
35563.67 7.64
35564.80 7.82
35565.92 7.91
35567.05 8.45
35568.17 8.73
35569.30 9.86
35570.44 9.43
35571.57 8.22
35572.70 9.61
35573.83 8.30
35574.96 8.65
35576.09 6.33
35577.21 7.16
35578.35 6.58
35579.48 7.29
35580.61 6.65
35581.74 6.82
35582.87 7.91
35584.01 7.96
35585.13 7.48
35586.26 6.74
35587.39 6.37
35588.52 8.68
35589.65 9.34
35590.78 8.17
35591.91 6.59
35593.04 6.79
35594.16 7.40
35595.29 8.20
35596.43 6.10
35597.55 7.05
35598.68 7.02
35599.81 5.51
35600.95 5.26
35602.07 6.13
35603.20 5.56
35604.33 4.78
35605.46 5.39
35606.58 7.20
35607.71 5.60
35608.84 4.80
35609.96 5.90
35611.08 6.45
35612.21 6.72
35613.35 5.36
35614.47 6.18
35615.60 6.09
35616.72 5.05
35617.85 5.52
35618.98 4.76
35620.10 4.88
35621.22 5.94
35622.35 6.47
35623.48 6.74
35624.61 6.37
35625.75 5.18
35626.87 4.59
35628.00 4.30
35629.12 4.15
35630.25 4.57
35631.38 5.79
35632.51 5.39
35633.63 6.20
35634.76 5.10
35635.89 5.55
35637.01 6.27
35638.15 5.14
35639.29 6.07
35640.42 5.03
35641.55 6.02
35642.67 5.01
35643.80 4.50
35644.92 4.25
35646.05 4.13
35647.17 5.56
35648.31 4.78
35649.44 4.39
35650.57 5.70
35651.69 13.35
35652.85 29.17
35654.02 48.59
35655.18 64.29
35656.35 80.15
35657.52 93.57
35658.69 104.29
35659.89 112.64
35661.10 121.82
35662.30 128.91
35663.50 134.46
35664.70 140.73
35665.91 144.36
35667.12 148.18
35668.33 151.09
35669.54 155.05
35670.74 157.02
35671.94 159.51
35673.15 161.76
35674.36 164.38
35675.57 166.19
35676.78 169.59
35677.98 170.30
35679.18 171.15
35680.40 172.07
35681.61 173.54
35682.82 174.77
35684.02 175.38
35685.22 175.69
35686.43 175.85
35687.64 177.42
35688.85 178.71
35690.05 178.36
35691.26 179.68
35692.46 180.34
35693.67 181.67
35694.88 182.33
35696.09 181.67
35697.29 182.33
35698.50 182.67
35699.69 182.33
35700.90 183.67
35702.10 184.33
35703.30 185.17
35704.51 185.08
35705.71 184.54
35706.92 184.77
35708.13 184.39
35709.33 184.19
35710.55 184.60
35711.75 184.80
35712.95 185.40
35714.15 185.20
35715.35 185.60
35716.56 185.80
35717.76 187.90
35718.96 186.95
35720.17 186.47
35721.38 187.24
35722.60 187.62
35723.80 187.81
35725.00 188.90
35726.19 188.45
35727.41 188.23
35728.62 189.11
35729.83 188.56
35731.04 188.78
35732.24 188.39
35733.45 188.69
35734.66 188.35
35735.87 188.17
35737.08 188.59
35738.28 189.29
35739.49 189.15
35740.69 190.57
35741.90 191.79
35743.10 191.89
35744.30 190.95
35745.50 191.97
35746.70 191.99
35747.90 192.49
35749.10 192.75
35750.30 191.37
35751.50 192.19
35752.70 192.59
35753.90 192.30
35755.10 192.15
35756.31 191.07
35757.52 192.54
35758.73 191.27
35759.94 191.63
35761.15 192.32
35762.36 192.66
35763.57 192.33
35764.78 193.66
35765.99 192.33
35767.20 191.67
35768.41 191.33
35769.62 191.67
35770.83 192.33
35772.04 191.67
35773.24 192.83
35774.46 192.42
35775.66 192.21
35776.87 192.10
35778.07 191.55
35779.27 191.28
35780.48 191.64
35781.69 192.32
35782.89 192.66
35784.10 191.83
35785.30 193.41
35786.50 192.71
35787.70 192.35
35788.90 192.68
35790.10 192.84
35791.30 191.92
35792.50 192.96
35793.70 193.98
35794.90 193.99
35796.11 193.99
35797.32 192.50
35798.53 193.75
35799.74 193.37
35800.95 194.19
35802.16 194.09
35803.36 192.55
35804.57 191.77
35805.78 192.39
35806.99 192.19
35808.20 194.10
35809.41 193.05
35810.62 194.02
35811.82 193.51
35813.03 194.26
35814.23 194.63
35815.44 194.81
35816.65 194.41
35817.85 194.70
35819.05 194.85
35820.26 194.43
35821.46 195.71
35822.67 194.86
35823.88 194.93
35825.09 194.96
35826.29 196.48
35827.50 194.74
35828.69 194.37
35829.90 195.69
35831.10 195.34
35832.31 195.17
35833.53 194.59
35834.74 196.29
35835.95 195.15
35837.16 196.07
35838.36 196.54
35839.57 195.27
35840.78 195.13
35841.99 195.07
35843.20 195.53
35844.41 194.77
35845.62 195.88
35846.82 195.44
35848.03 196.72
35849.23 195.36
35850.44 194.68
35851.64 194.34
35852.85 168.67
35854.05 143.84
35855.26 122.42
35856.46 106.71
35857.67 92.85
35858.84 81.93
35860.01 72.46
35861.17 66.73
35862.33 61.37
35863.50 58.18
35864.66 52.59
35865.83 49.80
35866.99 46.40
35868.15 44.70
35869.32 42.35
35870.49 40.17
35871.66 38.59
35872.82 36.29
35873.99 34.15
35875.16 32.57
35876.33 30.29
35877.50 31.14
35878.65 29.57
35879.82 28.79
35880.98 27.89
35882.14 25.95
35883.31 24.97
35884.48 25.99
35885.65 24.49
35886.82 24.25
35887.98 25.62
35889.16 23.81
35890.33 23.41
35891.50 23.20
35892.66 21.60
35893.82 19.80
35894.98 19.90
35896.14 19.95
35897.31 21.48
35898.49 20.74
35899.66 18.37
35900.82 19.18
35901.99 17.59
35903.16 16.80
35904.33 16.40
35905.50 16.20
35906.65 15.60
35907.81 15.80
35908.97 15.40
35910.13 15.20
35911.30 15.60
35912.46 16.30
35913.62 16.15
35914.79 15.57
35915.96 14.79
35917.13 14.89
35918.30 16.95
35919.46 15.97
35920.64 14.49
35921.80 15.74
35922.96 13.87
35924.13 12.94
35925.30 12.47
35926.46 12.23
35927.64 12.12
35928.81 12.06
35929.97 12.03
35931.14 13.51
35932.31 12.76
35933.47 13.38
35934.64 14.19
35935.81 14.59
35936.98 13.30
35938.15 12.15
35939.33 13.57
35940.50 10.79
35941.65 9.39
35942.78 12.20
35943.94 12.10
35945.10 13.55
35946.26 10.77
35947.43 10.89
35948.60 9.94
35949.72 8.97
35950.85 10.49
35952.01 11.74
35953.17 9.87
35954.30 11.44
35955.47 11.22
35956.64 9.61
35957.77 10.30
35958.93 10.15
35960.10 11.08
35961.26 11.04
35962.43 9.52
35963.56 10.26
35964.73 11.13
35965.90 9.56
35967.02 9.78
35968.14 11.39
35969.32 9.20
35970.44 10.10
35971.60 10.55
35972.76 10.27
35973.93 9.14
35975.06 8.57
35976.19 8.78
35977.32 8.39
35978.45 9.70
35979.58 8.85
35980.70 9.92
35981.82 8.96
35982.95 8.48
35984.08 8.24
35985.20 7.62
35986.33 9.31
35987.46 8.66
35988.60 9.33
35989.73 8.66
35990.87 8.33
35991.99 9.67
35993.12 9.83
35994.25 10.42
35995.42 9.21
35996.55 8.60
35997.69 8.30
35998.81 8.15
35999.95 8.08
36001.07 7.04
36002.19 9.02
36003.32 10.01
36004.49 10.50
36005.65 9.25
36006.78 8.63
36007.91 7.81
36009.04 7.91
36010.16 7.95
36011.29 7.98
36012.42 7.99
36013.54 8.49
36014.67 7.75
36015.80 6.87
36016.92 8.94
36018.05 8.47
36019.18 6.73
36020.30 7.87
36021.42 7.93
36022.55 7.47
36023.68 7.73
36024.81 7.37
36025.94 7.18
36027.07 5.59
36028.19 6.30
36029.32 5.15
36030.46 4.57
36031.58 6.29
36032.71 8.64
36033.84 7.32
36034.97 6.16
36036.10 5.08
36037.22 4.54
36038.34 5.27
36039.47 6.14
36040.61 6.57
36041.74 5.28
36042.85 5.64
36043.98 6.32
36045.12 5.16
36046.25 5.58
36047.37 6.29
36048.51 5.15
36049.64 6.07
36050.76 6.54
36051.89 6.77
36053.01 18.88
36054.17 35.44
36055.34 56.22
36056.51 72.11
36057.68 87.56
36058.85 99.78
36060.01 109.89
36061.21 118.94
36062.42 126.97
36063.63 133.49
36064.84 138.74
36066.05 144.37
36067.25 148.69
36068.46 152.34
36069.66 155.67
36070.87 159.34
36072.08 161.67
36073.28 162.83
36074.50 165.42
36075.69 169.71
36076.89 171.35
36078.10 173.18
36079.30 174.09
36080.50 174.54
36081.69 175.27
36082.89 175.64
36084.10 176.32
36085.30 177.16
36086.50 178.58
36087.70 179.29
36088.90 181.14
36090.10 182.07
36091.30 182.54
36092.50 183.27
36093.70 184.63
36094.90 185.82
36096.10 186.41
36097.30 186.20
36098.50 186.10
36099.69 187.05
36100.89 187.53
36102.10 186.26
36103.31 186.63
36104.53 186.32
36105.73 187.16
36106.94 189.08
36108.14 189.04
36109.34 190.52
36110.56 191.26
36111.77 189.63
36112.98 188.81
36114.18 188.91
36115.40 188.45
36116.61 188.73
36117.82 188.86
36119.02 190.93
36120.22 190.47
36121.43 191.73
36122.64 192.37
36123.85 191.18
36125.05 191.59
36126.26 191.80
36127.46 192.90
36128.66 192.45
36129.86 192.72
36131.07 193.86
36132.27 193.43
36133.48 193.22
36134.69 192.11
36135.89 192.55
36137.10 192.28
36138.30 191.64
36139.50 191.32
36140.70 192.16
36141.90 193.58
36143.11 192.29
36144.32 191.64
36145.53 192.32
36146.74 193.66
36147.95 192.33
36149.16 194.17
36150.37 194.58
36151.58 194.29
36152.79 194.15
36154.00 193.57
36155.19 194.29
36156.41 193.64
36157.62 193.82
36158.83 193.91
36160.04 193.46
36161.24 193.73
36162.45 194.86
36163.66 194.43
36164.86 194.72
36166.07 194.36
36167.27 194.18
36168.48 194.09
36169.68 194.54
36170.89 196.27
36172.10 195.14
36173.30 194.57
36174.50 194.28
36175.70 194.14
36176.90 194.57
36178.10 194.79
36179.30 194.89
36180.50 194.95
36181.70 195.47
36182.90 196.74
36184.10 196.37
36185.30 195.68
36186.50 196.34
36187.70 195.67
36188.90 195.34
36190.10 195.67
36191.30 195.83
36192.50 195.92
36193.70 195.96
36194.90 195.98
36196.10 195.99
36197.30 195.99
36198.50 196.00
36199.69 196.00
36200.89 197.50
36202.09 198.25
36203.29 197.62
36204.50 197.31
36205.69 196.66
36206.90 196.83
36208.10 196.41
36209.30 197.21
36210.50 196.60
36211.70 196.30
36212.89 196.65
36214.10 197.83
36215.30 197.41
36216.50 198.21
36217.70 197.10
36218.90 196.55
36220.10 196.28
36221.31 197.14
36222.53 196.57
36223.73 196.28
36224.94 196.14
36226.15 196.07
36227.35 197.54
36228.57 196.77
36229.78 196.38
36230.98 197.19
36232.20 197.60
36233.41 196.80
36234.62 196.40
36235.82 196.70
36237.01 197.35
36238.21 197.67
36239.42 196.84
36240.63 197.92
36241.84 198.46
36243.05 198.73
36244.25 197.36
36245.46 196.68
36246.67 196.84
36247.88 197.92
36249.08 197.46
36250.28 196.73
36251.49 196.87
36252.69 196.93
36253.89 170.47
36255.10 145.23
36256.31 124.62
36257.53 107.31
36258.73 93.15
36259.90 82.58
36261.06 72.79
36262.23 66.89
36263.40 61.95
36264.56 56.97
36265.73 53.99
36266.89 50.49
36268.06 47.75
36269.22 43.87
36270.40 41.94
36271.56 40.47
36272.73 39.73
36273.89 37.87
36275.06 36.93
36276.23 34.97
36277.41 33.48
36278.57 31.74
36279.74 29.87
36280.91 28.94
36282.08 30.47
36283.24 28.73
36284.41 27.37
36285.58 27.68
36286.75 26.34
36287.92 25.67
36289.09 26.34
36290.25 25.17
36291.41 23.58
36292.58 23.29
36293.75 21.65
36294.92 21.82
36296.09 22.41
36297.25 22.71
36298.41 20.85
36299.58 19.43
36300.75 19.71
36301.92 20.36
36303.09 19.68
36304.25 17.84
36305.41 17.92
36306.58 18.96
36307.76 16.98
36308.92 16.99
36310.09 17.99
36311.25 17.00
36312.41 16.00
36313.57 16.00
36314.73 16.50
36315.89 15.75
36317.06 16.37
36318.22 17.69
36319.40 16.84
36320.56 14.42
36321.73 14.71
36322.90 14.36
36324.06 14.68
36325.22 15.84
36326.41 15.42
36327.57 13.71
36328.74 13.85
36329.91 13.43
36331.08 12.71
36332.24 13.36
36333.41 13.18
36334.59 12.59
36335.76 12.29
36336.93 12.65
36338.10 13.82
36339.26 14.41
36340.43 14.71
36341.60 13.35
36342.76 13.68
36343.94 11.84
36345.10 13.42
36346.28 12.21
36347.44 13.60
36348.60 13.80
36349.76 12.40
36350.92 12.20
36352.09 11.60
36353.25 11.80
36354.41 10.90
36355.57 12.45
36356.74 11.73
36357.92 11.36
36359.09 10.68
36360.25 9.84
36361.37 10.42
36362.55 12.21
36363.72 10.11
36364.89 11.05
36366.05 10.03
36367.21 10.01
36368.40 9.01
36369.51 10.00
36370.67 11.00
36371.83 9.50
36372.95 10.75
36374.12 9.38
36375.26 11.19
36376.42 11.09
36377.59 9.55
36378.71 8.77
36379.84 8.39
36380.97 8.19
36382.10 10.60
36383.26 9.30
36384.39 9.15
36385.52 10.07
36386.68 9.04
36387.81 9.02
36388.94 8.51
36390.06 9.75
36391.18 8.88
36392.31 8.44
36393.44 9.72
36394.57 9.36
36395.69 8.68
36396.82 8.84
36397.95 8.42
36399.08 8.21
36400.21 9.60
36401.34 8.30
36402.46 8.65
36403.60 7.83
36404.72 7.91
36405.85 8.46
36406.98 8.23
36408.10 8.11
36409.23 9.56
36410.37 10.28
36411.55 9.14
36412.68 10.07
36413.84 9.03
36414.97 8.52
36416.10 9.76
36417.23 8.88
36418.35 9.94
36419.48 9.47
36420.62 8.73
36421.74 8.37
36422.87 8.18
36424.00 7.59
36425.12 6.80
36426.25 8.90
36427.37 8.45
36428.50 8.72
36429.62 6.86
36430.75 5.43
36431.88 6.72
36433.00 6.86
36434.12 6.93
36435.25 6.96
36436.39 7.98
36437.51 8.49
36438.64 6.75
36439.77 5.37
36440.90 5.19
36442.03 4.59
36443.16 5.80
36444.28 6.40
36445.40 6.70
36446.52 7.35
36447.65 5.67
36448.78 4.84
36449.90 4.92
36451.03 5.46
36452.15 6.23
36453.28 8.11
36454.41 23.06
36455.57 43.53
36456.74 61.26
36457.91 76.63
36459.08 91.82
36460.24 102.91
36461.45 112.45
36462.66 121.73
36463.86 130.36
36465.07 137.68
36466.27 143.34
36467.48 147.67
36468.69 150.84
36469.90 155.42
36471.10 157.21
36472.31 159.60
36473.53 162.80
36474.73 165.40
36475.93 167.20
36477.13 168.60
36478.33 171.80
36479.53 172.90
36480.73 174.45
36481.94 174.73
36483.15 175.36
36484.36 177.18
36485.57 178.59
36486.78 179.30
36487.98 180.15
36489.18 180.57
36490.40 180.29
36491.60 181.64
36492.80 184.32
36494.00 184.66
36495.19 184.33
36496.40 184.17
36497.61 184.08
36498.81 185.54
36500.01 186.27
36501.21 186.14
36502.42 187.07
36503.62 187.03
36504.82 187.52
36506.03 187.76
36507.23 188.88
36508.44 188.44
36509.65 188.22
36510.86 188.61
36512.07 190.30
36513.26 190.15
36514.47 190.08
36515.67 190.04
36516.87 190.02
36518.07 191.01
36519.27 191.50
36520.47 191.25
36521.68 190.63
36522.89 191.31
36524.10 191.16
36525.30 190.58
36526.51 191.29
36527.72 191.14
36528.93 191.07
36530.13 191.54
36531.34 192.27
36532.56 191.63
36533.77 193.32
36534.98 192.16
36536.18 192.08
36537.39 192.04
36538.59 192.52
36539.80 192.76
36541.00 192.38
36542.20 192.19
36543.40 192.59
36544.60 193.80
36545.79 193.90
36546.99 193.95
36548.19 193.47
36549.40 193.74
36550.60 193.37
36551.81 193.18
36553.01 194.09
36554.21 194.55
36555.41 194.27
36556.62 194.14
36557.83 194.07
36559.03 194.03
36560.23 194.02
36561.44 194.51
36562.65 194.75
36563.85 194.88
36565.05 194.94
36566.26 194.47
36567.46 194.23
36568.67 194.12
36569.88 194.56
36571.09 194.78
36572.30 194.39
36573.51 195.19
36574.72 195.10
36575.93 194.55
36577.14 194.27
36578.34 194.64
36579.56 195.32
36580.77 194.66
36581.98 194.83
36583.18 194.91
36584.39 195.46
36585.61 195.23
36586.82 196.11
36588.02 196.06
36589.22 196.03
36590.43 196.51
36591.64 196.26
36592.85 196.63
36594.05 196.31
36595.26 196.16
36596.46 196.08
36597.66 196.54
36598.87 196.27
36600.08 196.13
36601.28 196.07
36602.48 196.03
36603.68 196.52
36604.89 196.26
36606.10 196.63
36607.30 196.31
36608.52 196.16
36609.73 196.08
36610.93 196.04
36612.13 196.02
36613.33 196.01
36614.55 196.00
36615.75 196.50
36616.95 196.25
36618.16 197.63
36619.37 196.81
36620.58 196.41
36621.79 196.20
36622.99 196.10
36624.19 196.05
36625.40 196.03
36626.60 197.01
36627.80 197.51
36629.00 197.25
36630.20 197.13
36631.41 196.56
36632.62 196.78
36633.82 197.89
36635.02 196.95
36636.22 196.47
36637.43 197.24
36638.64 196.62
36639.85 196.31
36641.05 196.65
36642.26 197.33
36643.46 197.16
36644.67 198.08
36645.88 198.04
36647.08 197.02
36648.28 196.51
36649.49 196.76
36650.69 196.38
36651.90 196.69
36653.10 197.84
36654.30 179.92
36655.51 155.46
36656.72 132.23
36657.93 113.12
36659.14 99.56
36660.30 87.78
36661.46 78.39
36662.63 70.69
36663.80 64.85
36664.96 60.42
36666.13 57.21
36667.30 52.61
36668.47 50.30
36669.63 47.65
36670.80 43.83
36671.96 41.91
36673.13 38.96
36674.30 38.48
36675.46 37.24
36676.63 35.62
36677.80 33.81
36678.96 32.90
36680.12 31.95
36681.29 30.98
36682.46 31.49
36683.63 30.24
36684.80 30.62
36685.96 30.31
36687.13 28.66
36688.30 26.33
36689.47 26.66
36690.64 25.33
36691.81 24.67
36692.98 24.33
36694.15 23.67
36695.32 22.33
36696.49 22.67
36697.66 22.83
36698.82 22.92
36699.99 21.46
36701.16 20.73
36702.33 19.86
36703.51 19.93
36704.68 21.47
36705.85 21.73
36707.01 18.87
36708.17 17.43
36709.35 16.22
36710.53 17.11
36711.71 16.05
36712.87 16.03
36714.03 16.01
36715.19 16.51
36716.36 16.75
36717.53 15.38
36718.71 15.69
36719.88 16.34
36721.05 15.67
36722.21 15.84
36723.39 15.92
36724.55 15.46
36725.72 14.73
36726.89 14.36
36728.06 14.18
36729.22 13.09
36730.39 14.05
36731.56 13.02
36732.72 12.51
36733.89 12.26
36735.05 13.63
36736.21 14.31
36737.39 13.16
36738.56 14.08
36739.72 14.04
36740.88 13.52
36742.05 14.26
36743.21 14.63
36744.39 14.81
36745.56 14.91
36746.73 14.45
36747.90 12.23
36749.06 11.11
36750.23 13.06
36751.40 14.03
36752.56 14.01
36753.73 13.01
36754.89 12.50
36756.06 11.25
36757.22 10.63
36758.39 10.31
36759.56 11.66
36760.73 13.33
36761.90 11.66
36763.06 11.33
36764.22 10.17
36765.40 11.58
36766.56 10.79
36767.73 10.40
36768.89 10.20
36770.05 10.60
36771.21 9.30
36772.34 10.15
36773.52 9.07
36774.65 10.04
36775.82 11.52
36776.98 10.76
36778.15 10.88
36779.32 10.94
36780.49 9.47
36781.62 8.73
36782.76 8.37
36783.89 9.68
36785.02 8.84
36786.14 9.92
36787.27 8.96
36788.40 9.98
36789.52 9.49
36790.65 10.25
36791.82 9.12
36792.96 9.06
36794.09 8.53
36795.21 9.77
36796.35 10.38
36797.53 10.19
36798.70 9.10
36799.82 8.55
36800.95 8.27
36802.08 9.64
36803.20 8.82
36804.33 8.41
36805.47 8.20
36806.59 8.10
36807.72 9.55
36808.85 8.78
36809.98 9.89
36811.10 9.94
36812.23 8.97
36813.35 9.99
36814.48 7.99
36815.61 8.00
36816.73 9.50
36817.85 8.75
36818.98 8.37
36820.12 7.69
36821.25 7.84
36822.39 7.92
36823.51 7.46
36824.64 7.73
36825.77 7.37
36826.91 6.68
36828.03 7.34
36829.16 6.67
36830.29 7.84
36831.41 7.92
36832.54 7.96
36833.67 7.48
36834.80 7.74
36835.92 6.87
36837.05 6.93
36838.17 7.97
36839.30 7.98
36840.42 7.99
36841.55 8.00
36842.67 7.50
36843.80 9.25
36844.93 8.12
36846.07 8.06
36847.19 7.53
36848.32 7.27
36849.45 7.63
36850.58 6.82
36851.71 6.91
36852.84 7.95
36853.97 7.98
36855.10 22.49
36856.26 41.24
36857.42 60.62
36858.59 76.31
36859.76 90.66
36860.94 102.33
36862.14 112.16
36863.35 121.08
36864.56 128.04
36865.76 136.02
36866.96 141.51
36868.17 147.26
36869.38 150.63
36870.59 154.81
36871.80 157.41
36873.00 161.20
36874.19 164.10
36875.40 166.05
36876.59 167.53
36877.80 169.76
36879.00 171.38
36880.19 172.69
36881.39 174.35
36882.61 175.17
36883.82 177.09
36885.01 177.54
36886.21 178.77
36887.42 179.89
36888.63 179.94
36889.84 180.97
36891.04 182.49
36892.24 183.24
36893.45 183.12
36894.66 183.56
36895.87 185.28
36897.08 185.64
36898.28 185.32
36899.50 185.66
36900.69 185.83
36901.89 186.42
36903.10 186.71
36904.30 187.35
36905.51 188.18
36906.72 189.59
36907.93 188.79
36909.14 188.40
36910.34 189.20
36911.55 191.10
36912.75 190.05
36913.95 189.52
36915.16 190.26
36916.38 191.13
36917.59 190.57
36918.80 191.28
36920.00 190.64
36921.19 191.32
36922.40 193.16
36923.60 193.08
36924.79 192.04
36925.99 192.52
36927.20 191.76
36928.40 193.38
36929.60 192.69
36930.80 191.85
36932.01 191.92
36933.21 191.46
36934.41 193.23
36935.62 193.12
36936.84 192.56
36938.05 193.78
36939.25 194.39
36940.46 192.69
36941.66 192.85
36942.87 193.92
36944.08 193.96
36945.28 193.98
36946.48 194.49
36947.68 194.75
36948.89 194.37
36950.10 194.19
36951.30 194.09
36952.51 194.55
36953.72 194.27
36954.93 194.14
36956.14 194.57
36957.35 194.28
36958.57 194.64
36959.78 194.32
36960.98 194.66
36962.18 194.83
36963.39 194.92
36964.60 194.46
36965.80 195.23
36967.00 196.11
36968.20 195.06
36969.40 195.53
36970.60 194.76
36971.80 195.38
36973.00 196.19
36974.19 196.10
36975.40 196.05
36976.60 196.02
36977.80 196.51
36979.00 195.76
36980.20 195.88
36981.40 195.94
36982.60 196.47
36983.81 196.23
36985.01 196.12
36986.22 196.06
36987.42 196.03
36988.62 196.01
36989.83 196.01
36991.03 196.00
36992.22 196.00
36993.42 196.00
36994.62 196.00
36995.82 196.00
36997.01 196.00
36998.21 196.00
36999.41 197.00
37000.61 196.50
37001.81 196.25
37003.01 197.63
37004.22 197.81
37005.44 196.91
37006.65 197.95
37007.85 197.98
37009.05 197.99
37010.26 196.99
37011.46 197.00
37012.66 198.00
37013.85 197.50
37015.05 197.25
37016.26 198.12
37017.46 198.06
37018.66 198.53
37019.87 197.27
37021.08 196.63
37022.28 196.32
37023.50 196.66
37024.69 197.33
37025.89 196.66
37027.10 196.83
37028.30 197.42
37029.52 198.21
37030.73 198.60
37031.94 198.80
37033.14 198.40
37034.33 197.20
37035.55 197.10
37036.75 197.05
37037.95 198.03
37039.16 198.51
37040.37 198.76
37041.58 197.38
37042.79 196.69
37044.00 196.84
37045.19 196.92
37046.41 197.46
37047.62 197.23
37048.82 197.12
37050.03 198.06
37051.23 198.53
37052.44 197.76
37053.65 197.38
37054.85 198.19
37056.06 198.60
37057.26 181.30
37058.46 156.65
37059.67 134.32
37060.88 114.66
37062.08 100.83
37063.28 88.42
37064.45 79.21
37065.62 71.60
37066.78 65.80
37067.94 60.90
37069.10 57.45
37070.26 52.73
37071.44 50.36
37072.61 47.68
37073.78 44.34
37074.95 43.67
37076.12 40.84
37077.29 38.42
37078.46 37.21
37079.63 35.60
37080.79 35.30
37081.95 34.65
37083.13 32.83
37084.30 30.41
37085.46 29.21
37086.63 29.10
37087.80 30.05
37088.96 28.53
37090.13 29.26
37091.30 27.63
37092.47 26.32
37093.64 26.66
37094.81 26.83
37095.98 26.91
37097.14 24.96
37098.31 22.48
37099.49 21.74
37100.66 22.37
37101.83 21.68
37103.00 20.84
37104.16 21.92
37105.33 21.96
37106.50 20.98
37107.66 21.49
37108.83 22.25
37110.00 20.12
37111.16 19.06
37112.33 17.53
37113.51 16.77
37114.68 16.88
37115.85 16.94
37117.01 17.97
37118.17 18.49
37119.34 17.24
37120.52 16.12
37121.69 16.06
37122.85 15.03
37124.01 14.52
37125.17 15.26
37126.34 15.63
37127.52 17.31
37128.69 16.16
37129.85 16.08
37131.01 16.04
37132.17 16.02
37133.33 16.01
37134.51 16.50
37135.67 17.75
37136.84 16.38
37138.01 14.19
37139.17 13.09
37140.33 12.55
37141.51 12.27
37142.68 12.64
37143.85 12.82
37145.01 13.91
37146.17 14.45
37147.35 13.23
37148.53 12.61
37149.70 12.31
37150.86 12.15
37152.03 12.58
37153.19 11.79
37154.37 11.89
37155.53 11.95
37156.70 11.97
37157.87 10.99
37159.04 11.49
37160.20 11.25
37161.38 10.62
37162.54 11.81
37163.71 11.91
37164.88 10.95
37166.05 10.48
37167.21 10.24
37168.38 11.12
37169.55 10.56
37170.71 10.78
37171.88 11.89
37173.05 11.94
37174.21 11.47
37175.38 12.74
37176.54 11.87
37177.71 10.43
37178.88 10.72
37180.05 10.86
37181.21 9.43
37182.34 9.21
37183.48 9.11
37184.61 10.05
37185.77 10.53
37186.94 10.76
37188.10 9.38
37189.23 8.69
37190.37 8.85
37191.50 9.92
37192.63 8.96
37193.75 8.48
37194.88 8.24
37196.01 9.62
37197.14 10.31
37198.31 9.66
37199.45 8.83
37200.57 9.91
37201.70 10.46
37202.86 9.23
37203.99 8.61
37205.12 8.31
37206.26 8.15
37207.38 8.08
37208.50 9.04
37209.62 8.52
37210.76 8.26
37211.88 8.13
37213.01 8.56
37214.14 8.28
37215.26 8.14
37216.39 8.07
37217.51 9.54
37218.64 10.27
37219.81 10.63
37220.98 9.32
37222.10 8.66
37223.23 8.33
37224.38 8.16
37225.50 8.08
37226.62 9.04
37227.75 10.02
37228.91 9.01
37230.04 8.51
37231.17 7.25
37232.30 7.63
37233.42 7.81
37234.55 7.91
37235.68 7.95
37236.81 6.98
37237.94 7.49
37239.07 7.24
37240.19 7.62
37241.32 7.31
37242.46 7.16
37243.59 9.08
37244.71 7.04
37245.84 7.52
37246.98 7.26
37248.10 8.13
37249.22 8.06
37250.36 8.03
37251.49 7.52
37252.62 7.26
37253.75 6.63
37254.87 7.81
37256.00 7.91
37257.12 9.45
37258.25 23.73
37259.41 43.86
37260.58 61.93
37261.75 76.97
37262.92 90.48
37264.09 102.74
37265.29 112.37
37266.50 121.69
37267.70 129.34
37268.90 136.17
37270.10 142.09
37271.30 146.54
37272.51 151.27
37273.73 154.64
37274.94 158.82
37276.14 162.41
37277.36 164.20
37278.56 166.10
37279.76 168.55
37280.97 170.78
37282.17 171.39
37283.38 173.69
37284.58 174.85
37285.79 175.92
37286.99 177.46
37288.19 178.23
37289.40 179.12
37290.61 180.06
37291.81 181.53
37293.01 182.26
37294.22 183.13
37295.43 183.57
37296.64 183.78
37297.85 185.39
37299.05 186.20
37300.26 186.10
37301.46 186.05
37302.66 186.02
37303.86 186.01
37305.06 187.01
37306.26 187.50
37307.46 187.75
37308.67 187.88
37309.88 187.94
37311.08 189.47
37312.28 189.73
37313.50 189.87
37314.69 189.93
37315.90 189.97
37317.10 189.98
37318.30 189.99
37319.51 191.50
37320.71 191.25
37321.92 191.62
37323.13 191.81
37324.33 192.41
37325.55 191.70
37326.75 191.85
37327.96 192.43
37329.17 192.21
37330.37 192.61
37331.58 192.80
37332.78 192.40
37333.98 192.70
37335.19 192.85
37336.40 192.93
37337.60 192.96
37338.80 193.48
37340.00 193.24
37341.20 194.12
37342.41 194.06
37343.62 194.03
37344.82 194.02
37346.03 194.51
37347.23 194.25
37348.44 194.63
37349.65 194.31
37350.85 194.16
37352.06 195.08
37353.26 195.04
37354.46 195.02
37355.66 194.51
37356.87 194.25
37358.08 195.13
37359.29 195.56
37360.50 194.78
37361.70 194.39
37362.90 195.20
37364.10 194.60
37365.30 195.80
37366.51 195.40
37367.71 195.20
37368.92 196.10
37370.12 195.55
37371.33 195.77
37372.54 195.39
37373.75 195.19
37374.97 196.10
37376.17 196.05
37377.37 196.02
37378.57 196.01
37379.78 196.51
37380.98 196.75
37382.19 196.38
37383.40 196.19
37384.60 196.09
37385.79 196.05
37386.99 196.02
37388.19 196.51
37389.40 196.76
37390.60 196.88
37391.80 196.44
37393.00 196.72
37394.20 196.36
37395.40 196.68
37396.61 196.34
37397.82 196.67
37399.02 196.83
37400.22 196.92
37401.43 196.96
37402.64 197.48
37403.85 197.74
37405.05 196.87
37406.26 196.43
37407.46 196.72
37408.67 196.86
37409.88 196.43
37411.09 196.21
37412.29 196.61
37413.50 196.80
37414.69 196.90
37415.89 196.95
37417.10 196.98
37418.30 197.49
37419.51 198.24
37420.72 198.12
37421.93 197.56
37423.14 196.78
37424.35 196.39
37425.56 196.70
37426.77 196.85
37427.98 196.92
37429.18 196.46
37430.40 197.73
37431.60 198.37
37432.81 198.18
37434.01 197.59
37435.21 197.30
37436.42 197.15
37437.63 197.07
37438.83 197.04
37440.03 198.02
37441.22 198.01
37442.42 198.00
37443.62 198.00
37444.82 198.00
37446.01 197.50
37447.21 197.75
37448.42 197.88
37449.63 197.94
37450.84 198.47
37452.05 198.73
37453.25 198.87
37454.46 198.43
37455.66 198.22
37456.87 198.11
37458.09 185.55
37459.29 160.28
37460.50 137.64
37461.70 117.82
37462.90 101.91
37464.10 91.45
37465.26 81.23
37466.43 73.61
37467.60 68.81
37468.76 63.90
37469.92 59.45
37471.09 53.23
37472.26 50.61
37473.43 49.31
37474.60 46.15
37475.76 43.08
37476.92 41.04
37478.08 39.02
37479.24 39.01
37480.41 37.00
37481.57 36.00
37482.73 34.50
37483.89 33.75
37485.07 32.38
37486.23 31.69
37487.40 30.34
37488.56 30.67
37489.73 29.34
37490.90 27.67
37492.06 27.33
37493.22 26.67
37494.39 25.33
37495.56 24.67
37496.73 24.33
37497.89 24.17
37499.06 24.58
37500.22 23.79
37501.39 21.90
37502.55 20.95
37503.72 20.47
37504.89 20.24
37506.05 20.12
37507.21 20.06
37508.38 20.53
37509.55 19.76
37510.72 18.88
37511.89 18.44
37513.05 18.72
37514.21 18.86
37515.39 17.93
37516.56 16.97
37517.73 16.48
37518.89 16.24
37520.06 17.62
37521.22 18.31
37522.39 17.16
37523.56 16.58
37524.73 15.79
37525.89 15.89
37527.05 16.45
37528.21 16.72
37529.39 15.36
37530.55 15.68
37531.72 15.84
37532.89 15.42
37534.05 16.21
37535.22 15.61
37536.40 15.80
37537.55 16.40
37538.71 15.70
37539.88 15.85
37541.05 15.43
37542.21 13.71
37543.38 14.36
37544.55 14.18
37545.72 14.09
37546.88 14.04
37548.04 13.02
37549.20 12.51
37550.37 13.76
37551.54 12.88
37552.71 12.44
37553.88 12.22
37555.05 12.11
37556.22 12.05
37557.38 12.53
37558.55 12.76
37559.72 12.38
37560.89 12.19
37562.05 12.60
37563.21 12.80
37564.38 12.40
37565.53 11.20
37566.71 11.10
37567.87 11.05
37569.03 10.52
37570.19 10.26
37571.36 10.63
37572.54 10.32
37573.70 10.16
37574.87 10.08
37576.03 10.54
37577.19 10.77
37578.36 10.88
37579.53 10.94
37580.70 10.47
37581.85 9.74
37582.98 9.87
37584.11 10.43
37585.28 9.22
37586.41 9.11
37587.55 8.55
37588.68 9.28
37589.81 9.14
37590.94 8.57
37592.07 9.78
37593.19 8.89
37594.32 8.45
37595.46 7.72
37596.58 7.86
37597.71 8.93
37598.85 9.97
37599.98 9.48
37601.10 8.74
37602.23 8.37
37603.36 7.69
37604.50 8.34
37605.62 8.17
37606.75 9.59
37607.88 8.79
37609.01 7.90
37610.13 8.45
37611.26 8.72
37612.38 8.36
37613.51 7.68
37614.64 7.84
37615.77 7.92
37616.90 9.46
37618.02 8.73
37619.15 8.37
37620.29 8.18
37621.41 9.59
37622.55 8.80
37623.67 9.90
37624.80 8.45
37625.92 8.72
37627.05 8.36
37628.17 9.18
37629.31 8.59
37630.44 7.80
37631.57 9.40
37632.70 8.70
37633.82 8.35
37634.95 9.17
37636.09 8.59
37637.20 9.79
37638.32 8.40
37639.45 8.70
37640.57 8.35
37641.71 7.67
37642.84 9.34
37643.97 8.67
37645.10 7.83
37646.22 7.92
37647.37 6.96
37648.50 6.98
37649.61 7.99
37650.74 7.49
37651.86 7.75
37653.00 7.37
37654.10 7.19
37655.23 6.09
37656.36 6.55
37657.49 7.77
37658.62 13.89
37659.79 31.44
37660.96 49.72
37662.13 66.86
37663.30 82.43
37664.47 97.22
37665.64 108.61
37666.85 117.30
37668.05 126.15
37669.25 133.58
37670.46 138.29
37671.66 143.64
37672.87 147.82
37674.08 152.41
37675.28 155.71
37676.50 160.35
37677.69 162.18
37678.89 164.59
37680.10 166.29
37681.30 169.15
37682.52 171.07
37683.72 172.54
37684.93 173.77
37686.14 176.38
37687.35 176.19
37688.56 178.60
37689.76 179.30
37690.96 179.65
37692.17 180.82
37693.37 181.91
37694.59 182.46
37695.80 183.73
37697.00 183.86
37698.19 183.93
37699.40 184.47
37700.60 185.73
37701.81 185.87
37703.01 187.43
37704.21 187.72
37705.42 188.36
37706.63 188.18
37707.84 189.59
37709.05 188.79
37710.25 188.90
37711.45 189.95
37712.66 189.47
37713.86 190.74
37715.08 190.37
37716.28 191.18
37717.50 190.59
37718.69 190.30
37719.89 191.65
37721.10 192.32
37722.30 192.66
37723.51 191.83
37724.72 191.92
37725.93 191.96
37727.14 192.98
37728.35 191.99
37729.56 192.49
37730.77 193.25
37731.98 192.12
37733.18 191.56
37734.40 191.78
37735.60 193.39
37736.80 194.20
37738.00 193.60
37739.19 194.30
37740.39 194.65
37741.60 194.82
37742.80 194.41
37744.00 194.21
37745.20 194.10
37746.40 194.55
37747.60 194.78
37748.80 194.89
37750.00 194.44
37751.20 194.22
37752.41 195.61
37753.62 196.31
37754.83 195.15
37756.05 196.08
37757.25 196.54
37758.46 195.77
37759.66 196.38
37760.87 195.69
37762.07 197.35
37763.27 197.17
37764.49 195.59
37765.69 196.29
37766.90 196.15
37768.10 195.57
37769.30 195.79
37770.51 196.39
37771.72 196.20
37772.92 196.10
37774.12 196.05
37775.32 196.02
37776.53 196.01
37777.73 197.01
37778.94 196.50
37780.14 196.25
37781.35 197.63
37782.57 196.81
37783.78 196.41
37784.98 197.20
37786.18 196.60
37787.38 196.30
37788.58 196.15
37789.79 196.58
37791.00 196.29
37792.20 196.14
37793.40 196.57
37794.60 197.79
37795.80 197.89
37797.01 196.95
37798.21 196.47
37799.41 196.24
37800.62 197.62
37801.83 196.81
37803.04 196.90
37804.23 197.95
37805.44 197.48
37806.65 196.74
37807.85 196.87
37809.06 197.93
37810.26 197.47
37811.48 198.23
37812.69 198.62
37813.89 197.31
37815.10 196.65
37816.31 196.83
37817.53 196.41
37818.73 196.71
37819.94 196.85
37821.15 196.93
37822.36 197.96
37823.57 198.48
37824.78 197.74
37825.98 197.37
37827.19 197.69
37828.40 197.34
37829.60 197.17
37830.81 197.09
37832.01 197.54
37833.21 197.77
37834.41 198.39
37835.62 197.69
37836.83 197.85
37838.04 198.42
37839.24 198.71
37840.45 198.86
37841.66 198.43
37842.86 197.71
37844.07 198.36
37845.27 197.68
37846.49 197.84
37847.69 197.92
37848.90 198.46
37850.11 198.23
37851.32 198.61
37852.53 198.81
37853.74 198.40
37854.94 198.20
37856.14 198.10
37857.35 198.05
37858.55 197.03
37859.76 173.01
37860.96 147.51
37862.17 126.25
37863.37 110.63
37864.59 95.31
37865.76 86.66
37866.93 76.83
37868.10 69.41
37869.26 63.21
37870.44 60.10
37871.62 55.05
37872.78 51.03
37873.95 49.01
37875.11 47.01
37876.28 44.00
37877.44 42.00
37878.60 39.50
37879.76 38.25
37880.93 37.13
37882.10 37.56
37883.26 34.78
37884.44 32.89
37885.60 33.45
37886.77 30.72
37887.94 30.86
37889.10 29.43
37890.26 27.72
37891.43 29.36
37892.60 28.18
37893.76 27.09
37894.92 25.54
37896.09 26.27
37897.25 25.14
37898.41 25.07
37899.57 25.03
37900.73 24.02
37901.90 23.51
37903.06 21.75
37904.22 21.38
37905.40 20.69
37906.56 21.84
37907.73 21.42
37908.89 22.21
37910.06 20.61
37911.23 19.30
37912.40 19.65
37913.56 17.83
37914.73 18.91
37915.89 19.46
37917.06 17.73
37918.22 17.86
37919.39 16.93
37920.56 16.97
37921.73 15.98
37922.89 17.49
37924.05 16.75
37925.21 17.87
37926.38 16.94
37927.55 15.97
37928.72 15.48
37929.89 15.74
37931.05 17.37
37932.21 16.69
37933.38 16.34
37934.55 14.17
37935.72 16.59
37936.89 14.29
37938.05 14.65
37939.22 13.32
37940.38 12.66
37941.55 13.83
37942.72 13.42
37943.89 12.71
37945.05 12.35
37946.21 13.68
37947.39 12.84
37948.56 13.42
37949.73 12.71
37950.90 13.85
37952.07 12.93
37953.23 13.96
37954.40 12.98
37955.56 13.49
37956.74 12.25
37957.90 12.12
37959.07 12.06
37960.23 11.53
37961.40 13.27
37962.57 12.63
37963.73 13.82
37964.90 12.91
37966.07 10.95
37967.22 12.98
37968.39 11.49
37969.56 11.24
37970.73 10.62
37971.90 10.31
37973.06 9.16
37974.19 10.08
37975.35 10.54
37976.52 10.77
37977.69 10.38
37978.85 9.19
37979.98 10.10
37981.15 9.55
37982.29 8.77
37983.41 10.39
37984.58 10.19
37985.76 9.10
37986.88 9.05
37988.00 10.02
37989.15 9.51
37990.29 8.76
37991.42 9.88
37992.54 8.94
37993.67 9.97
37994.80 8.98
37995.92 9.99
37997.05 9.00
37998.17 9.00
37999.29 10.00
38000.45 9.00
38001.57 8.50
38002.69 9.75
38003.82 8.87
38004.94 9.94
38006.07 8.97
38007.20 9.98
38008.32 9.99
38009.46 8.50
38010.58 9.25
38011.71 8.62
38012.85 8.31
38013.98 9.66
38015.11 8.83
38016.25 9.91
38017.37 8.96
38018.50 8.48
38019.62 8.24
38020.75 8.12
38021.88 9.56
38023.01 8.78
38024.14 8.89
38025.26 8.44
38026.39 8.22
38027.52 9.61
38028.65 8.81
38029.78 8.40
38030.90 8.20
38032.02 9.60
38033.14 9.80
38034.27 8.90
38035.39 9.95
38036.52 8.48
38037.66 9.74
38038.79 8.87
38039.92 8.43
38041.05 7.72
38042.17 7.86
38043.30 8.93
38044.44 8.46
38045.56 8.73
38046.69 7.37
38047.82 7.68
38048.95 7.34
38050.07 7.67
38051.19 7.84
38052.33 7.42
38053.46 7.71
38054.60 7.35
38055.72 7.68
38056.85 7.34
38057.98 7.67
38059.11 7.33
38060.24 21.17
38061.41 40.58
38062.57 60.29
38063.74 76.15
38064.91 90.07
38066.07 102.04
38067.27 113.02
38068.48 121.51
38069.69 128.75
38070.89 136.38
38072.10 141.19
38073.30 147.09
38074.52 150.55
38075.73 155.77
38076.94 158.39
38078.14 161.19
38079.35 164.60
38080.55 167.80
38081.75 168.90
38082.95 170.95
38084.16 172.47
38085.37 173.74
38086.57 175.37
38087.78 176.68
38088.99 178.34
38090.20 179.17
38091.40 180.09
38092.60 181.54
38093.80 182.27
38095.01 183.14
38096.21 183.07
38097.41 183.53
38098.62 184.27
38099.83 185.13
38101.04 186.07
38102.24 186.53
38103.46 186.77
38104.66 187.38
38105.87 187.69
38107.08 187.85
38108.29 188.42
38109.50 189.21
38110.70 189.61
38111.90 190.80
38113.10 190.90
38114.30 190.95
38115.51 190.98
38116.72 190.99
38117.93 191.99
38119.14 191.50
38120.34 192.25
38121.55 192.62
38122.76 191.81
38123.97 191.41
38125.17 192.20
38126.37 192.10
38127.57 193.05
38128.78 193.53
38129.99 193.26
38131.20 194.13
38132.41 194.07
38133.62 194.53
38134.82 193.77
38136.03 193.88
38137.23 194.44
38138.44 194.22
38139.65 194.61
38140.85 194.31
38142.07 195.65
38143.27 194.83
38144.49 194.41
38145.69 194.71
38146.90 195.35
38148.10 195.18
38149.31 194.59
38150.53 194.79
38151.73 194.90
38152.94 194.95
38154.14 194.97
38155.35 195.49
38156.56 195.74
38157.77 195.37
38158.98 195.19
38160.18 195.59
38161.40 195.30
38162.60 195.15
38163.80 195.07
38165.00 195.54
38166.20 195.77
38167.40 195.88
38168.60 195.94
38169.80 196.47
38171.00 196.74
38172.20 196.87
38173.40 196.43
38174.60 196.22
38175.81 196.11
38177.01 196.55
38178.21 196.28
38179.42 195.64
38180.63 196.32
38181.84 196.16
38183.05 197.58
38184.26 198.29
38185.47 198.14
38186.68 197.57
38187.89 197.29
38189.10 197.64
38190.30 196.82
38191.51 197.91
38192.72 197.46
38193.93 198.23
38195.14 198.61
38196.35 198.31
38197.56 198.15
38198.77 197.08
38199.97 197.54
38201.17 197.27
38202.38 197.13
38203.59 197.57
38204.80 197.78
38206.00 197.89
38207.19 197.95
38208.40 197.97
38209.60 198.99
38210.80 198.99
38212.00 199.00
38213.18 198.50
38214.38 198.75
38215.59 198.87
38216.80 198.44
38218.00 198.72
38219.20 199.36
38220.40 199.18
38221.60 199.09
38222.80 199.04
38224.00 199.52
38225.20 199.26
38226.40 198.63
38227.60 198.82
38228.80 199.91
38230.01 199.45
38231.21 199.23
38232.42 199.11
38233.63 199.06
38234.83 199.03
38236.03 198.51
38237.23 198.76
38238.45 199.38
38239.66 199.69
38240.86 199.34
38242.07 199.67
38243.27 199.84
38244.50 199.42
38245.69 199.71
38246.89 199.35
38248.10 199.18
38249.31 200.09
38250.53 200.04
38251.73 200.02
38252.94 199.51
38254.14 199.76
38255.35 200.38
38256.56 200.19
38257.77 200.09
38258.97 200.05
38260.17 184.02
38261.37 158.01
38262.57 136.51
38263.78 117.75
38264.99 102.88
38266.20 91.44
38267.37 83.22
38268.54 73.11
38269.72 68.55
38270.89 62.28
38272.05 57.64
38273.21 54.32
38274.38 50.66
38275.55 47.33
38276.72 45.16
38277.89 43.58
38279.05 41.79
38280.21 41.40
38281.38 38.70
38282.54 36.35
38283.71 34.67
38284.88 32.84
38286.05 33.92
38287.21 32.96
38288.38 31.98
38289.55 29.99
38290.72 30.49
38291.89 29.25
38293.05 27.12
38294.22 27.56
38295.39 26.28
38296.57 25.14
38297.73 25.57
38298.90 24.79
38300.07 24.39
38301.23 24.20
38302.40 23.10
38303.56 22.05
38304.73 21.02
38305.89 22.01
38307.05 22.01
38308.21 21.00
38309.37 20.50
38310.53 20.25
38311.70 19.63
38312.87 19.81
38314.04 18.91
38315.21 17.45
38316.37 18.23
38317.54 17.11
38318.71 18.06
38319.88 17.03
38321.04 16.51
38322.21 16.76
38323.38 15.88
38324.55 14.94
38325.72 15.47
38326.89 15.23
38328.05 17.12
38329.22 17.06
38330.39 16.03
38331.56 16.01
38332.73 15.01
38333.89 15.00
38335.05 17.00
38336.21 16.50
38337.37 16.25
38338.55 15.13
38339.73 15.56
38340.89 14.78
38342.06 13.39
38343.22 14.20
38344.39 13.60
38345.55 14.80
38346.71 14.90
38347.88 15.45
38349.05 13.72
38350.21 12.86
38351.38 14.43
38352.55 13.22
38353.73 13.11
38354.90 12.55
38356.06 12.28
38357.22 12.14
38358.39 11.57
38359.56 11.78
38360.73 11.89
38361.89 12.45
38363.07 11.72
38364.23 11.86
38365.40 11.93
38366.57 11.47
38367.74 12.23
38368.91 12.12
38370.09 12.06
38371.25 11.53
38372.41 11.76
38373.58 9.88
38374.71 9.94
38375.84 9.97
38376.97 12.49
38378.14 10.24
38379.30 10.12
38380.48 9.06
38381.61 8.53
38382.74 8.77
38383.88 8.38
38385.01 9.69
38386.14 10.85
38387.30 10.92
38388.48 10.96
38389.65 11.48
38390.82 9.74
38391.95 8.87
38393.08 8.44
38394.21 8.22
38395.34 10.11
38396.52 9.55
38397.65 8.78
38398.78 8.39
38399.91 8.19
38401.05 9.60
38402.17 8.80
38403.30 8.40
38404.42 7.70
38405.55 9.35
38406.67 8.67
38407.80 8.34
38408.93 9.17
38410.05 8.58
38411.17 9.79
38412.30 10.40
38413.47 9.20
38414.59 10.10
38415.75 10.55
38416.92 9.27
38418.05 8.64
38419.17 9.82
38420.30 8.91
38421.44 8.45
38422.56 9.73
38423.69 8.86
38424.82 8.43
38425.95 8.22
38427.07 7.61
38428.20 8.30
38429.33 8.15
38430.47 8.08
38431.59 8.04
38432.71 7.52
38433.84 8.26
38434.97 8.13
38436.10 8.06
38437.22 7.53
38438.35 9.27
38439.48 8.63
38440.61 8.32
38441.75 7.66
38442.87 7.33
38444.00 9.16
38445.12 8.58
38446.25 7.29
38447.38 7.15
38448.51 7.07
38449.64 7.04
38450.77 7.52
38451.89 7.76
38453.03 7.38
38454.15 8.19
38455.29 8.59
38456.41 8.30
38457.54 7.15
38458.67 6.57
38459.80 8.79
38460.92 7.39
38462.05 7.20
38463.17 7.10
38464.30 8.05
38465.41 8.02
38466.55 7.01
38467.67 7.01
38468.80 7.00
38469.91 7.00
38471.03 7.50
38472.15 7.75
38473.28 7.38
38474.41 8.19
38475.54 7.59
38476.67 6.80
38477.79 6.90
38478.91 6.95
38480.04 6.97
38481.16 5.99
38482.29 6.99
38483.41 7.00
38484.53 8.00
38485.66 6.00
38486.78 6.00
38487.89 6.50
38489.01 7.25
38490.14 7.62
38491.28 6.81
38492.40 6.91
38493.53 5.45
38494.66 4.73
38495.78 5.36
38496.91 5.18
38498.04 4.59
38499.16 5.80
38500.29 4.90
38501.41 5.45
38502.53 5.72
38503.67 5.36
38504.80 4.68
38505.91 5.84
38507.04 5.42
38508.17 5.21
38509.32 6.11
38510.45 7.05
38511.57 7.03
38512.70 8.01
38513.82 6.01
38514.95 6.00
38516.07 5.50
38517.19 4.75
38518.32 5.38
38519.46 5.69
38520.58 6.34
38521.71 5.17
38522.85 6.09
38523.98 5.54
38525.11 4.77
38526.24 5.89
38527.37 4.94
38528.50 5.97
38529.61 4.99
38530.73 5.99
38531.87 5.00
38532.99 4.50
38534.11 5.75
38535.24 4.87
38536.37 5.94
38537.50 5.47
38538.62 4.73
38539.75 4.37
38540.87 4.18
38542.00 5.59
38543.12 4.80
38544.25 5.40
38545.37 6.20
38546.50 5.10
38547.62 6.05
38548.75 5.52
38549.87 6.26
38551.00 5.13
38552.12 5.57
38553.26 6.28
38554.38 6.64
38555.51 5.32
38556.64 6.16
38557.77 5.08
38558.89 6.04
38560.01 6.52
38561.14 5.26
38562.26 6.13
38563.39 5.07
38564.52 5.53
38565.65 6.27
38566.78 6.63
38567.91 5.32
38569.04 4.66
38570.16 4.33
38571.30 4.16
38572.43 4.08
38573.55 4.04
38574.67 4.02
38575.80 4.51
38576.93 4.76
38578.06 4.88
38579.19 4.94
38580.32 4.47
38581.46 5.73
38582.59 5.37
38583.71 4.68
38584.84 4.34
38585.97 4.67
38587.10 4.34
38588.23 4.17
38589.36 4.08
38590.48 5.54
38591.61 6.27
38592.74 6.64
38593.87 5.32
38595.00 4.66
38596.12 4.33
38597.26 4.16
38598.38 5.58
38599.51 5.79
38600.64 4.90
38601.77 4.45
38602.89 5.72
38604.02 5.86
38605.15 4.93
38606.28 4.47
38607.41 4.23
38608.54 4.62
38609.67 5.81
38610.80 4.90
38611.92 4.45
38613.05 4.73
38614.17 5.86
38615.32 5.93
38616.45 4.97
38617.58 4.48
38618.70 5.74
38619.83 4.87
38620.95 5.94
38622.08 4.97
38623.20 4.48
38624.33 4.24
38625.46 4.12
38626.60 4.06
38627.71 4.03
38628.84 5.52
38629.97 6.26
38631.10 5.13
38632.23 4.56
38633.36 4.28
38634.50 4.14
38635.61 5.07
38636.73 6.04
38637.87 5.52
38639.00 4.76
38640.09 5.38
38641.21 4.69
38642.34 4.34
38643.46 5.67
38644.60 4.34
38645.72 3.67
38646.85 3.83
38647.98 4.42
38649.10 4.71
38650.23 4.35
38651.36 4.18
38652.49 4.59
38653.62 3.79
38654.75 4.40
38655.87 3.70
38656.99 3.85
38658.12 3.92
38659.25 3.96
38660.37 3.98
38661.51 3.49
38662.64 3.25
38663.77 3.12
38664.90 3.56
38666.01 3.78
38667.14 3.89
38668.27 3.45
38669.40 4.22
38670.53 4.11
38671.67 4.06
38672.80 4.03
38673.91 4.01
38675.04 4.01
38676.16 4.00
38677.28 4.00
38678.40 4.00
38679.51 4.50
38680.64 5.75
38681.77 5.38
38682.90 6.19
38684.03 5.09
38685.15 4.55
38686.28 4.27
38687.41 4.14
38688.55 4.07
38689.67 4.03
38690.81 4.02
38691.93 5.51
38693.06 4.75
38694.19 4.38
38695.32 3.19
38696.46 3.59
38697.58 3.80
38698.70 3.90
38699.82 3.95
38700.96 4.97
38702.09 4.99
38703.20 3.49
38704.33 2.75
38705.46 3.37
38706.60 4.69
38707.72 5.84
38708.85 5.42
38709.98 4.21
38711.11 3.11
38712.24 3.55
38713.37 3.78
38714.50 4.39
38715.63 3.69
38716.75 3.85
38717.88 2.92
38719.01 3.46
38720.14 3.73
38721.27 4.87
38722.39 5.93
38723.52 4.47
38724.65 3.73
38725.78 3.87
38726.91 2.93
38728.04 3.47
38729.16 3.73
38730.29 5.37
38731.42 5.18
38732.55 4.09
38733.67 3.55
38734.80 3.77
38735.92 3.89
38737.05 3.44
38738.17 3.72
38739.32 2.86
38740.45 3.43
38741.58 2.72
38742.71 3.36
38743.84 3.68
38744.97 2.84
38746.10 4.42
38747.22 5.21
38748.36 4.60
38749.49 3.80
38750.61 5.40
38751.74 5.20
38752.87 4.60
38753.99 5.30
38755.11 6.15
38756.25 4.58
38757.38 4.79
38758.51 3.89
38759.63 3.95
38760.76 4.47
38761.89 3.24
38763.02 2.62
38764.15 2.31
38765.28 2.15
38766.41 4.08
38767.54 3.54
38768.67 2.77
38769.79 2.88
38770.92 3.44
38772.05 3.72
38773.18 4.86
38774.32 5.93
38775.45 5.47
38776.59 4.23
38777.71 3.62
38778.85 3.81
38779.98 3.90
38781.10 3.95
38782.23 3.98
38783.36 3.99
38784.49 2.99
38785.62 3.00
38786.73 3.00
38787.85 3.50
38788.98 3.25
38790.10 3.62
38791.23 3.81
38792.36 3.91
38793.49 3.95
38794.62 3.98
38795.75 3.49
38796.87 3.24
38798.00 3.12
38799.12 3.56
38800.25 3.28
38801.38 3.14
38802.50 3.57
38803.62 3.79
38804.76 3.89
38805.89 3.95
38807.01 3.97
38808.14 2.99
38809.27 2.99
38810.39 3.00
38811.51 3.50
38812.64 3.75
38813.77 3.87
38814.90 3.94
38816.03 2.97
38817.15 3.48
38818.28 3.74
38819.41 3.37
38820.53 3.69
38821.66 3.84
38822.80 3.42
38823.93 3.71
38825.05 3.86
38826.18 3.43
38827.32 3.71
38828.45 3.86
38829.57 3.93
38830.70 3.96
38831.82 3.98
38832.95 3.99
38834.08 4.00
38835.20 3.00
38836.32 3.00
38837.44 3.00
38838.56 3.50
38839.69 3.75
38840.82 3.87
38841.95 2.94
38843.07 2.97
38844.19 2.48
38845.32 1.74
38846.46 2.37
38847.59 1.69
38848.71 1.84
38849.84 3.42
38850.97 3.71
38852.10 5.36
38853.22 2.68
38854.35 1.34
38855.48 3.17
38856.61 1.58
38857.74 1.79
38858.86 2.40
38859.98 2.70
38861.10 1.35
38862.23 1.67
38863.36 1.84
38864.49 2.92
38865.62 2.46
38866.74 1.23
38867.87 1.61
38869.00 1.81
38870.12 2.40
38871.24 2.20
38872.37 2.10
38873.50 4.55
38874.63 2.78
38875.76 2.39
38876.89 2.69
38878.02 2.35
38879.15 2.67
38880.28 1.34
38881.41 2.17
38882.54 2.58
38883.67 2.29
38884.80 2.65
38885.93 2.32
38887.05 3.16
38888.19 3.08
38889.32 3.04
38890.45 2.02
38891.57 1.01
38892.70 2.51
38893.82 2.75
38894.96 2.38
38896.09 2.19
38897.21 1.09
38898.33 0.55
38899.46 1.77
38900.59 4.39
38901.71 3.69
38902.84 2.85
38903.97 2.42
38905.10 2.71
38906.22 2.86
38907.35 1.93
38908.48 0.96
38909.60 1.98
38910.72 2.49
38911.85 3.75
38912.98 2.37
38914.11 2.19
38915.24 2.09
38916.36 3.55
38917.49 3.27
38918.62 2.14
38919.76 2.07
38920.88 1.03
38922.00 1.52
38923.12 2.26
38924.26 2.63
38925.39 2.31
38926.52 1.16
38927.65 2.08
38928.77 2.54
38929.90 2.27
38931.03 2.13
38932.15 3.07
38933.28 2.53
38934.41 2.27
38935.55 2.13
38936.68 3.07
38937.80 1.53
38938.92 2.77
38940.05 2.38
38941.17 2.69
38942.31 2.85
38943.44 2.92
38944.57 2.46
38945.69 2.73
38946.83 2.37
38947.96 2.68
38949.09 2.34
38950.22 1.67
38951.35 1.34
38952.48 1.67
38953.61 3.33
38954.75 2.67
38955.87 3.33
38957.00 1.67
38958.12 2.33
38959.26 2.67
38960.38 3.33
38961.51 2.67
38962.64 1.33
38963.77 1.67
38964.89 0.83
38966.02 1.42
38967.15 2.21
38968.28 2.10
38969.41 2.55
38970.54 2.78
38971.67 2.89
38972.80 1.94
38973.91 1.47
38975.04 1.74
38976.17 2.37
38977.31 2.18
38978.44 2.09
38979.56 2.05
38980.69 2.52
38981.82 3.26
38982.95 2.63
38984.07 1.82
38985.20 1.91
38986.33 1.95
38987.46 2.48
38988.58 2.74
38989.71 2.37
38990.85 2.18
38991.98 3.59
38993.10 3.80
38994.23 4.90
38995.35 2.45
38996.48 1.22
38997.61 1.11
38998.75 2.06
38999.87 2.53
39001.00 1.76
39002.12 1.38
39003.26 2.19
39004.39 2.60
39005.51 2.30
39006.64 1.15
39007.77 1.07
39008.90 4.04
39010.02 3.52
39011.14 1.76
39012.27 1.88
39013.40 2.44
39014.53 2.72
39015.66 2.86
39016.79 3.93
39017.91 2.46
39019.04 2.23
39020.17 2.12
39021.32 2.06
39022.44 2.53
39023.57 1.76
39024.69 0.88
39025.82 0.44
39026.94 1.72
39028.07 2.36
39029.19 2.68
39030.32 3.34
39031.45 4.67
39032.57 4.84
39033.71 2.92
39034.85 1.96
39035.98 2.48
39037.11 1.74
39038.24 1.37
39039.37 1.68
39040.50 3.34
39041.62 2.17
39042.76 2.59
39043.88 1.29
39045.00 1.65
39046.12 1.82
39047.25 2.41
39048.37 3.21
39049.51 3.10
39050.64 2.55
39051.76 3.28
39052.89 2.64
39054.01 3.32
39055.15 2.66
39056.28 3.33
39057.41 3.66
39058.54 2.83
39059.66 3.42
39060.80 3.21
39061.92 3.10
39063.05 3.55
39064.18 3.28
39065.32 2.64
39066.45 3.32
39067.58 2.66
39068.70 3.33
39069.83 3.66
39070.96 2.83
39072.09 2.42
39073.21 3.21
39074.35 3.60
39075.47 5.30
39076.60 6.15
39077.73 4.58
39078.87 3.79
39080.00 3.39
39081.09 1.70
39082.21 2.85
39083.33 3.42
39084.46 3.71
39085.59 3.86
39086.72 3.43
39087.85 3.21
39088.98 3.11
39090.11 4.55
39091.24 2.28
39092.37 2.14
39093.50 1.07
39094.62 2.03
39095.74 2.52
39096.87 1.76
39098.00 0.88
39099.12 1.44
39100.25 2.22
39101.38 1.61
39102.51 1.30
39103.64 2.15
39104.77 2.58
39105.89 1.29
39107.02 0.64
39108.15 1.82
39109.27 0.91
39110.39 1.96
39111.52 2.48
39112.65 1.74
39113.78 0.87
39114.90 1.43
39116.03 2.22
39117.15 2.61
39118.30 2.80
39119.41 2.90
39120.53 1.45
39121.67 1.23
39122.80 0.61
39123.92 1.81
39125.05 0.90
39126.16 1.45
39127.30 1.73
39128.43 2.36
39129.55 2.18
39130.68 1.09
39131.80 0.55
39132.92 1.77
39134.05 0.89
39135.17 1.94
39136.31 1.47
39137.44 1.24
39138.57 0.62
39139.70 1.81
39140.83 1.90
39141.94 0.95
39143.07 1.98
39144.19 1.49
39145.32 1.24
39146.45 0.62
39147.57 0.81
39148.69 0.41
39149.82 1.70
39150.95 3.35
39152.07 2.18
39153.20 2.59
39154.33 3.29
39155.46 2.15
39156.59 1.07
39157.71 1.04
39158.84 1.52
39159.97 1.26
39161.10 2.13
39162.23 4.06
39163.35 3.53
39164.48 1.77
39165.61 0.88
39166.73 0.44
39167.85 1.72
39168.98 1.36
39170.10 0.68
39171.23 1.84
39172.35 2.42
39173.48 2.71
39174.61 1.86
39175.75 1.43
39176.87 0.71
39178.00 1.86
39179.09 0.93
39180.21 1.46
39181.34 2.23
39182.46 2.62
39183.60 2.81
39184.72 2.90
39185.84 1.45
39186.97 0.73
39188.10 0.36
39189.21 0.18
39190.34 1.59
39191.47 2.30
39192.60 1.65
39193.72 1.32
39194.85 1.66
39195.98 0.83
39197.10 0.42
39198.22 1.21
39199.35 2.10
39200.48 1.55
39201.61 0.78
39202.73 0.39
39203.85 2.19
39204.97 1.10
39206.09 0.55
39207.21 2.27
39208.34 1.14
39209.48 2.07
39210.60 1.53
39211.73 0.77
39212.85 0.38
39213.98 1.69
39215.11 0.85
39216.23 0.42
39217.35 1.21
39218.48 2.11
39219.62 1.55
39220.75 1.28
39221.87 0.64
39222.99 0.32
39224.12 1.66
39225.25 1.33
39226.38 1.66
39227.50 2.33
39228.62 1.17
39229.76 2.08
39230.88 2.04
39232.00 1.02
39233.12 2.01
39234.24 2.51
39235.38 2.75
39236.51 1.88
39237.64 0.94
39238.75 0.47
39239.87 0.73
39241.00 0.37
39242.12 0.68
39243.24 0.34
39244.36 0.17
39245.48 0.09
39246.60 2.54
39247.72 4.27
39248.85 2.64
39249.98 2.82
39251.10 1.41
39252.22 1.70
39253.35 2.35
39254.48 1.68
39255.60 0.84
39256.72 1.42
39257.85 2.21
39258.98 1.60
39260.10 1.30
39261.21 0.65
39262.34 1.83
39263.48 1.41
39264.61 2.21
39265.75 2.60
39266.86 1.30
39267.99 2.15
39269.11 1.08
39270.24 1.04
39271.37 0.52
39272.50 0.26
39273.61 0.63
39274.73 0.31
39275.86 1.66
39276.98 0.83
39278.10 0.41
39279.22 0.21
39280.35 1.60
39281.47 0.80
39282.59 1.90
39283.71 0.95
39284.83 1.98
39285.96 1.49
39287.08 0.74
39288.19 0.87
39289.31 0.44
39290.44 1.72
39291.57 2.36
39292.69 3.18
39293.83 2.09
39294.95 1.04
39296.07 0.52
39297.19 1.76
39298.32 2.38
39299.45 2.69
39300.57 1.35
39301.71 1.17
39302.84 1.09
39303.96 2.04
39305.08 1.52
39306.20 0.76
39307.32 1.88
39308.45 1.44
39309.58 1.22
39310.71 2.11
39311.84 2.56
39312.98 1.28
39314.10 0.64
39315.23 1.82
39316.36 0.91
39317.48 0.45
39318.60 0.23
39319.72 1.11
39320.86 2.06
39321.98 1.03
39323.10 0.51
39324.23 0.76
39325.35 0.88
39326.48 0.44
39327.60 2.22
39328.73 3.61
39329.86 1.80
39330.99 1.40
39332.11 0.70
39333.23 0.35
39334.35 1.68
39335.49 2.34
39336.62 1.67
39337.74 0.83
39338.86 0.42
39339.98 0.21
39341.11 0.60
39342.23 0.30
39343.35 0.15
39344.48 1.08
39345.60 0.54
39346.72 0.27
39347.84 3.13
39348.97 3.07
39350.10 2.53
39351.22 1.27
39352.35 0.63
39353.48 1.82
39354.60 0.91
39355.72 0.45
39356.84 0.73
39357.97 0.36
39359.09 0.68
39360.21 1.84
39361.33 0.92
39362.46 1.46
39363.59 2.23
39364.71 2.62
39365.85 1.81
39366.98 0.90
39368.10 1.45
39369.22 0.73
39370.35 1.86
39371.48 0.93
39372.60 2.47
39373.73 2.23
39374.87 2.12
39376.00 1.06
39377.12 2.03
39378.24 1.51
39379.37 0.76
39380.50 3.38
39381.63 2.19
39382.76 2.59
39383.89 4.30
39385.02 4.15
39386.15 3.57
39387.29 3.79
39388.42 3.39
39389.54 1.70
39390.67 1.35
39391.80 2.17
39392.93 2.59
39394.06 1.79
39395.18 0.90
39396.31 0.95
39397.44 1.97
39398.56 2.49
39399.69 1.74
39400.82 1.37
39401.95 1.19
39403.07 0.59
39404.19 1.80
39405.31 0.90
39406.44 1.95
39407.56 2.47
39408.69 1.24
39409.82 1.12
39410.96 2.06
39412.08 1.53
39413.21 0.76
39414.34 1.38
39415.47 2.19
39416.60 2.60
39417.71 2.30
39418.84 2.65
39419.97 2.82
39421.10 1.41
39422.23 2.21
39423.36 2.60
39424.49 1.30
39425.61 0.65
39426.73 0.33
39427.86 0.66
39428.98 0.33
39430.10 0.17
39431.23 1.58
39432.36 2.29
39433.49 1.15
39434.62 1.57
39435.75 2.29
39436.87 1.14
39438.00 0.57
39439.12 0.79
39440.24 0.89
39441.36 0.45
39442.48 1.72
39443.61 2.36
39444.74 2.68
39445.87 1.84
39447.00 1.42
39448.12 1.21
39449.26 0.61
39450.39 1.80
39451.51 2.40
39452.64 2.70
39453.76 2.85
39454.89 2.93
39456.01 3.46
39457.14 2.73
39458.27 1.37
39459.41 0.68
39460.53 0.84
39461.65 0.42
39462.77 1.71
39463.90 2.36
39465.02 1.18
39466.15 2.09
39467.28 2.54
39468.41 2.77
39469.53 2.89
39470.67 1.94
39471.79 0.97
39472.91 2.49
39474.04 2.74
39475.16 1.37
39476.30 1.19
39477.43 1.09
39478.55 1.05
39479.68 0.52
39480.80 0.26
39481.91 1.63
39483.04 0.82
39484.16 1.91
39485.30 1.45
39486.43 1.73
39487.55 1.36
39488.68 0.68
39489.80 0.84
39490.92 0.42
39492.04 0.21
39493.16 1.61
39494.30 0.80
39495.41 0.40
39496.53 0.20
39497.64 0.10
39498.76 1.55
39499.88 0.78
39501.00 0.39
39502.12 1.19
39503.25 0.60
39504.37 0.30
39505.49 0.65
39506.62 1.82
39507.75 2.41
39508.87 1.21
39510.01 1.10
39511.12 0.55
39512.25 1.78
39513.38 2.39
39514.50 1.19
39515.63 2.10
39516.75 1.05
39517.87 2.02
39519.00 2.51
39520.12 1.76
39521.26 0.88
39522.38 0.94
39523.50 1.47
39524.62 0.73
39525.75 1.87
39526.87 0.93
39528.00 1.97
39529.09 0.98
39530.20 0.49
39531.32 1.75
39532.45 0.87
39533.57 0.44
39534.69 1.72
39535.82 1.86
39536.95 1.93
39538.07 1.96
39539.19 0.98
39540.32 1.99
39541.44 1.50
39542.57 0.75
39543.70 0.87
39544.82 0.44
39545.94 1.72
39547.07 2.36
39548.19 2.68
39549.32 1.34
39550.45 1.67
39551.58 1.83
39552.70 0.92
39553.82 0.46
39554.95 1.73
39556.07 1.36
39557.20 2.18
39558.33 1.59
39559.46 1.80
39560.58 1.90
39561.71 1.95
39562.83 2.47
39563.96 1.24
39565.09 0.62
39566.21 1.81
39567.35 0.90
39568.46 0.45
39569.59 0.73
39570.71 1.86
39571.84 2.43
39572.97 1.72
39574.10 2.36
39575.22 2.68
39576.35 1.34
39577.48 0.67
39578.60 1.83
39579.73 1.92
39580.85 0.96
39581.98 1.98
39583.10 0.99
39584.23 1.99
39585.35 1.00
39586.48 1.50
39587.60 1.25
39588.73 1.62
39589.86 1.31
39590.98 0.66
39592.10 0.33
39593.23 1.16
39594.36 2.08
39595.49 1.04
39596.61 2.02
39597.73 1.01
39598.86 2.01
39599.99 2.00
39601.10 1.00
39602.22 2.00
39603.33 1.00
39604.46 1.00
39605.58 1.00
39606.69 0.50
39607.81 1.75
39608.94 0.88
39610.06 0.44
39611.18 1.72
39612.31 1.36
39613.44 0.68
39614.56 1.84
39615.69 2.42
39616.82 2.71
39617.96 2.85
39619.08 1.93
39620.21 1.96
39621.34 1.98
39622.47 1.49
39623.59 0.75
39624.71 1.87
39625.83 0.94
39626.96 1.97
39628.08 0.98
39629.19 0.49
39630.32 0.75
39631.44 0.37
39632.56 1.69
39633.69 0.84
39634.81 1.92
39635.94 0.96
39637.05 0.48
39638.17 0.74
39639.30 1.87
39640.42 1.94
39641.56 2.47
39642.69 1.73
39643.82 0.87
39644.94 0.43
39646.07 1.72
39647.19 1.36
39648.32 1.18
39649.46 0.59
39650.57 0.29
39651.70 1.65
39652.83 2.32
39653.96 1.66
39655.09 0.83
39656.21 0.42
39657.34 1.71
39658.48 2.35
39659.61 2.18
39660.74 1.09
39661.86 0.54
39662.98 0.27
39664.11 1.64
39665.24 2.32
39666.38 1.66
39667.50 0.83
39668.62 0.41
39669.75 0.21
39670.87 1.60
39672.00 2.30
39673.09 2.15
39674.22 2.58
39675.35 3.79
39676.48 1.89
39677.61 0.95
39678.73 0.47
39679.85 0.24
39680.98 1.62
39682.10 0.81
39683.23 1.90
39684.35 2.45
39685.48 1.73
39686.61 1.36
39687.73 0.68
39688.85 0.34
39689.98 0.17
39691.10 1.09
39692.21 0.54
39693.33 0.27
39694.46 1.64
39695.58 0.82
39696.71 1.91
39697.84 2.45
39698.97 1.73
39700.10 0.86
39701.22 1.93
39702.34 0.97
39703.46 0.48
39704.59 0.74
39705.70 0.37
39706.82 1.69
39707.95 2.34
39709.07 2.17
39710.20 1.09
39711.32 0.54
39712.44 0.27
39713.56 2.14
39714.69 1.07
39715.82 1.53
39716.95 2.27
39718.07 3.63
39719.20 1.82
39720.32 0.91
39721.44 1.95
39722.57 1.48
39723.69 0.74
39724.82 0.37
39725.94 1.68
39727.06 0.84
39728.17 0.42
39729.30 0.21
39730.42 1.61
39731.55 2.30
39732.68 2.65
39733.81 2.83
39734.94 2.91
39736.07 2.96
39737.19 1.48
39738.32 0.74
39739.45 0.37
39740.57 0.18
39741.69 0.09
39742.80 0.05
39743.91 1.02
39745.04 1.51
39746.17 1.26
39747.31 1.13
39748.44 2.06
39749.57 1.53
39750.70 2.27
39751.82 1.13
39752.96 1.07
39754.08 2.03
39755.20 2.52
39756.33 1.26
39757.46 2.13
39758.60 2.06
39759.71 2.03
39760.84 1.02
39761.96 0.51
39763.08 0.25
39764.19 0.13
39765.32 0.56
39766.44 0.78
39767.56 0.39
39768.68 1.70
39769.81 0.85
39770.93 1.42
39772.05 0.71
39773.18 0.36
39774.30 1.18
39775.42 0.59
39776.55 0.79
39777.67 0.40
39778.80 1.70
39779.91 0.85
39781.03 1.92
39782.16 1.46
39783.29 2.23
39784.42 2.62
39785.56 1.31
39786.69 0.65
39787.81 0.33
39788.94 0.66
39790.06 0.33
39791.18 0.17
39792.30 0.08
39793.41 0.04
39794.53 0.02
39795.64 0.01
39796.76 0.51
39797.89 0.25
39799.01 0.13
39800.13 0.06
39801.24 1.53
39802.38 2.27
39803.51 2.63
39804.64 2.82
39805.77 2.91
39806.90 2.95
39808.03 1.98
39809.15 0.99
39810.28 0.49
39811.40 1.75
39812.53 2.37
39813.66 1.69
39814.78 0.84
39815.90 0.42
39817.02 1.21
39818.15 2.11
39819.29 1.05
39820.41 1.53
39821.55 2.26
39822.68 1.63
39823.81 1.82
39824.94 2.41
39826.07 1.70
39827.18 0.85
39828.31 1.43
39829.44 0.71
39830.56 1.36
39831.69 2.18
39832.82 2.59
39833.94 2.79
39835.07 2.90
39836.19 1.45
39837.32 1.22
39838.46 0.61
39839.59 1.81
39840.71 1.40
39841.84 1.20
39842.96 0.60
39844.08 1.80
39845.20 2.40
39846.32 1.20
39847.44 1.10
39848.57 0.55
39849.69 1.78
39850.83 1.39
39851.96 2.19
39853.08 2.60
39854.20 1.80
39855.32 0.90
39856.44 1.95
39857.57 0.97
39858.69 0.49
39859.81 1.74
39860.94 0.87
39862.06 1.94
39863.19 2.47
39864.33 2.73
39865.46 2.87
39866.59 2.93
39867.71 2.97
39868.84 1.48
39869.97 2.24
39871.10 1.12
39872.22 0.56
39873.35 1.28
39874.48 2.14
39875.61 1.07
39876.73 2.04
39877.86 1.52
39878.98 0.76
39880.10 0.38
39881.23 1.69
39882.36 2.34
39883.49 1.17
39884.62 2.09
39885.74 1.04
39886.87 2.02
