29827.51 1.79
29828.64 1.39
29829.76 0.70
29830.89 1.85
29832.01 2.42
29833.14 1.21
29834.26 0.61
29835.40 0.80
29836.51 0.90
29837.62 0.45
29838.75 1.73
29839.88 0.86
29841.00 0.43
29842.12 1.72
29843.25 2.36
29844.38 1.68
29845.51 2.34
29846.64 2.67
29847.76 2.83
29848.89 1.42
29850.02 0.71
29851.14 0.35
29852.26 0.18
29853.38 1.59
29854.50 0.79
29855.62 0.90
29856.74 0.45
29857.86 1.22
29858.99 0.61
29860.10 0.31
29861.23 0.15
29862.34 0.08
29863.46 0.04
29864.57 0.02
29865.68 1.51
29866.81 1.25
29867.94 0.63
29869.07 0.81
29870.18 0.41
29871.30 0.20
29872.41 0.10
29873.54 0.05
29874.64 0.03
29875.75 0.01
29876.87 1.51
29878.00 2.25
29879.12 1.63
29880.25 0.81
29881.37 1.91
29882.50 2.45
29883.62 2.73
29884.75 1.36
29885.86 0.68
29886.99 0.34
29888.10 0.17
29889.22 0.09
29890.34 1.54
29891.47 0.77
29892.59 0.89
29893.70 0.44
29894.82 0.22
29895.94 0.11
29897.06 0.06
29898.17 0.03
29899.28 1.51
29900.42 1.76
29901.55 0.88
29902.66 0.44
29903.79 1.72
29904.92 1.86
29906.05 2.43
29907.17 1.71
29908.30 0.86
29909.42 1.93
29910.55 0.96
29911.66 0.48
29912.79 1.74
29913.91 0.87
29915.04 1.94
29916.16 0.97
29917.28 0.98
29918.40 0.49
29919.51 0.25
29920.64 0.12
29921.76 0.06
29922.87 0.03
29923.99 0.02
29925.10 0.51
29926.23 0.25
29927.35 0.13
29928.48 1.56
29929.60 0.78
29930.71 0.39
29931.83 0.20
29932.95 0.10
29934.07 1.05
29935.18 0.52
29936.31 1.76
29937.43 0.88
29938.55 0.44
29939.68 2.22
29940.81 4.61
29941.94 7.81
29943.07 9.90
29944.19 12.95
29945.36 15.98
29946.54 17.99
29947.70 20.99
29948.86 23.00
29950.02 28.00
29951.18 29.50
29952.34 32.75
29953.50 35.87
29954.67 37.94
29955.84 40.97
29957.01 43.98
29958.17 45.99
29959.34 49.00
29960.50 51.50
29961.66 55.25
29962.83 59.12
29964.00 60.06
29965.15 63.53
29966.33 65.77
29967.50 66.88
29968.66 69.94
29969.83 70.97
29971.00 72.99
29972.15 74.99
29973.32 76.50
29974.48 78.75
29975.66 80.37
29976.83 82.69
29977.99 83.84
29979.15 85.92
29980.32 87.96
29981.49 89.98
29982.66 90.99
29983.83 93.50
29985.00 96.25
29986.16 96.12
29987.33 97.56
29988.50 97.78
29989.66 99.89
29990.83 101.45
29992.04 102.22
29993.24 103.11
29994.45 104.06
29995.66 105.03
29996.86 106.51
29998.07 106.26
29999.27 108.63
30000.48 108.31
30001.70 109.16
30002.90 109.58
30004.10 109.79
30005.30 110.89
30006.50 111.45
30007.70 113.22
30008.91 114.11
30010.11 115.06
30011.31 115.53
30012.53 115.76
30013.74 115.88
30014.94 116.94
30016.15 117.97
30017.35 117.99
30018.57 117.99
30019.77 119.00
30020.96 120.00
30022.15 120.00
30023.35 120.00
30024.55 121.50
30025.75 121.75
30026.94 122.87
30028.15 122.94
30029.35 122.97
30030.56 122.48
30031.77 124.24
30032.98 124.62
30034.18 123.81
30035.39 124.41
30036.60 125.70
30037.79 125.85
30038.99 126.93
30040.20 126.46
30041.40 127.23
30042.60 126.62
30043.80 127.81
30045.00 126.90
30046.20 126.45
30047.40 126.23
30048.60 128.61
30049.80 129.81
30051.00 130.40
30052.19 129.70
30053.39 130.35
30054.60 128.68
30055.80 128.34
30057.00 129.17
30058.19 128.08
30059.39 128.04
30060.59 129.52
30061.80 129.76
30063.00 131.88
30064.19 130.94
30065.40 130.47
30066.60 130.24
30067.81 132.62
30069.02 132.31
30070.23 131.15
30071.44 133.08
30072.65 134.04
30073.86 133.52
30075.07 132.76
30076.27 132.88
30077.48 132.94
30078.70 133.97
30079.90 134.48
30081.10 133.24
30082.30 132.62
30083.50 132.31
30084.71 132.16
30085.92 133.58
30087.13 134.29
30088.34 133.14
30089.55 132.57
30090.76 132.29
30091.97 133.14
30093.18 134.07
30094.38 135.04
30095.58 136.02
30096.78 135.51
30097.99 135.75
30099.19 135.38
30100.40 135.69
30101.60 136.34
30102.80 137.17
30104.00 136.59
30105.19 136.79
30106.40 136.40
30107.60 136.20
30108.80 137.60
30109.99 137.80
30111.19 138.40
30112.39 137.20
30113.59 136.60
30114.79 136.80
30116.00 136.40
30117.19 137.70
30118.39 136.85
30119.60 136.43
30120.81 136.21
30122.02 137.61
30123.22 137.80
30124.42 137.40
30125.62 138.20
30126.82 138.60
30128.02 137.30
30129.22 138.15
30130.42 137.08
30131.63 137.04
30132.83 137.02
30134.03 139.01
30135.23 139.50
30136.44 140.75
30137.66 140.38
30138.86 137.19
30140.07 118.59
30141.27 100.80
30142.47 87.40
30143.65 74.70
30144.82 65.35
30145.99 56.67
30147.15 53.84
30148.32 49.42
30149.49 46.21
30150.66 41.10
30151.84 36.05
30153.00 33.53
30154.15 30.76
30155.32 29.38
30156.49 28.19
30157.66 26.10
30158.84 25.05
30160.00 24.02
30161.15 25.01
30162.32 23.51
30163.49 23.25
30164.66 21.63
30165.83 20.81
30167.00 19.91
30168.16 18.95
30169.33 17.48
30170.50 16.74
30171.67 16.37
30172.84 16.18
30174.01 16.09
30175.17 16.05
30176.34 15.02
30177.51 15.51
30178.68 15.76
30179.85 15.88
30181.02 14.94
30182.18 14.47
30183.34 15.73
30184.52 13.87
30185.69 13.43
30186.86 13.72
30188.02 14.36
30189.18 14.18
30190.35 14.09
30191.52 12.54
30192.69 11.27
30193.86 11.14
30195.02 11.57
30196.18 13.28
30197.35 12.64
30198.53 10.82
30199.70 9.91
30200.83 8.96
30201.95 9.98
30203.08 10.49
30204.24 9.24
30205.37 10.62
30206.54 10.81
30207.70 9.41
30208.83 10.20
30209.99 10.60
30211.15 10.80
30212.31 10.90
30213.47 9.45
30214.60 8.73
30215.73 8.86
30216.86 8.93
30217.99 9.97
30219.11 8.98
30220.25 8.49
30221.37 8.25
30222.52 8.62
30223.64 8.31
30224.77 9.16
30225.90 10.08
30227.06 7.54
30228.19 9.27
30229.32 7.63
30230.45 9.32
30231.58 7.66
30232.71 6.33
30233.84 8.16
30234.97 7.58
30236.10 5.79
30237.23 6.40
30238.35 6.70
30239.48 6.85
30240.61 5.92
30241.74 4.96
30242.86 5.98
30244.00 5.49
30245.11 6.25
30246.25 6.62
30247.38 5.31
30248.52 4.66
30249.65 4.83
30250.78 5.91
30251.91 4.96
30253.03 4.98
30254.16 4.49
30255.28 4.24
30256.41 4.12
30257.55 4.56
30258.68 4.78
30259.81 4.39
30260.94 5.20
30262.07 5.10
30263.18 5.55
30264.32 6.27
30265.44 6.64
30266.57 6.82
30267.70 6.91
30268.83 6.95
30269.96 5.48
30271.08 6.24
30272.20 5.12
30273.33 4.56
30274.46 3.78
30275.59 5.39
30276.71 6.19
30277.84 6.10
30278.97 6.55
30280.10 5.27
30281.23 4.64
30282.36 4.32
30283.49 5.66
30284.62 6.33
30285.76 5.16
30286.89 4.58
30288.01 5.29
30289.13 6.15
30290.27 5.57
30291.39 6.29
30292.53 5.14
30293.66 6.07
30294.79 4.04
30295.92 4.02
30297.05 2.51
30298.17 3.25
30299.30 3.63
30300.43 2.81
30301.56 4.91
30302.68 4.45
30303.81 4.23
30304.95 3.61
30306.08 5.31
30307.20 4.65
30308.33 5.83
30309.46 6.41
30310.59 5.21
30311.73 3.60
30312.85 5.30
30313.98 4.65
30315.10 5.83
30316.24 4.91
30317.37 4.46
30318.50 5.23
30319.62 5.61
30320.76 4.81
30321.89 4.40
30323.01 5.70
30324.13 3.35
30325.27 5.18
30326.40 2.59
30327.53 4.79
30328.66 3.90
30329.79 4.95
30330.91 5.47
30332.05 4.24
30333.17 3.12
30334.31 4.56
30335.44 5.78
30336.57 4.89
30337.70 4.44
30338.82 4.22
30339.94 9.61
30341.07 20.81
30342.24 33.90
30343.40 42.95
30344.56 53.98
30345.73 62.49
30346.90 69.74
30348.06 76.87
30349.22 82.44
30350.39 86.22
30351.55 90.61
30352.72 94.30
30353.88 98.65
30355.05 101.33
30356.25 103.66
30357.46 105.83
30358.68 110.42
30359.89 112.21
30361.10 113.60
30362.30 115.30
30363.50 116.15
30364.71 118.08
30365.91 119.54
30367.12 121.77
30368.33 122.88
30369.54 124.44
30370.75 124.72
30371.94 126.36
30373.15 126.18
30374.36 126.09
30375.56 128.05
30376.77 129.52
30377.99 128.26
30379.19 128.13
30380.40 128.57
30381.60 129.78
30382.80 130.89
30384.00 132.45
30385.20 133.72
30386.40 132.86
30387.60 132.93
30388.80 132.47
30390.00 133.73
30391.19 132.87
30392.40 133.93
30393.60 134.47
30394.80 134.23
30396.00 134.62
30397.20 135.31
30398.41 135.65
30399.62 137.33
30400.83 136.66
30402.04 136.33
30403.24 136.17
30404.45 137.58
30405.66 136.79
30406.87 136.40
30408.07 136.20
30409.27 136.10
30410.47 137.55
30411.69 139.27
30412.90 140.14
30414.10 139.57
30415.30 138.78
30416.50 138.39
30417.70 138.20
30418.91 138.10
30420.12 138.05
30421.32 138.52
30422.53 138.26
30423.74 138.63
30424.94 140.32
30426.15 139.16
30427.36 139.08
30428.56 138.54
30429.77 138.77
30430.98 140.88
30432.18 141.44
30433.39 140.72
30434.59 140.36
30435.80 140.68
30437.00 141.34
30438.19 140.67
30439.40 140.34
30440.61 140.17
30441.82 140.08
30443.02 140.54
30444.22 140.77
30445.42 141.89
30446.64 140.94
30447.85 140.47
30449.06 140.24
30450.26 140.12
30451.47 140.06
30452.68 140.03
30453.89 141.01
30455.09 142.01
30456.29 141.00
30457.49 141.00
30458.70 142.00
30459.90 141.00
30461.09 141.00
30462.28 140.50
30463.48 141.75
30464.70 140.88
30465.91 140.94
30467.11 140.97
30468.32 143.48
30469.53 143.74
30470.74 144.87
30471.94 143.94
30473.15 142.47
30474.37 142.73
30475.58 143.87
30476.78 143.43
30477.99 143.22
30479.20 142.61
30480.40 143.30
30481.59 143.15
30482.80 143.08
30483.99 143.04
30485.19 143.52
30486.40 144.26
30487.60 145.63
30488.80 146.31
30490.00 146.66
30491.19 146.83
30492.40 144.91
30493.60 143.96
30494.80 143.48
30496.00 143.24
30497.19 143.12
30498.40 143.56
30499.60 143.28
30500.80 143.64
30502.01 143.32
30503.21 144.16
30504.42 144.08
30505.62 145.54
30506.83 146.27
30508.04 145.13
30509.24 146.07
30510.44 146.53
30511.66 145.27
30512.86 145.13
30514.07 146.07
30515.27 144.53
30516.48 143.77
30517.70 143.88
30518.90 144.44
30520.10 143.72
30521.31 143.86
30522.52 143.93
30523.73 143.47
30524.94 143.73
30526.15 144.37
30527.35 145.68
30528.56 144.84
30529.77 144.92
30530.98 143.96
30532.18 143.98
30533.39 143.99
30534.59 144.00
30535.80 144.00
30536.99 144.00
30538.18 144.50
30539.39 143.75
30540.59 129.87
30541.80 111.94
30543.01 95.97
30544.17 84.98
30545.34 75.49
30546.52 67.25
30547.69 59.12
30548.86 53.06
30550.02 48.53
30551.18 44.27
30552.35 40.63
30553.52 39.82
30554.69 37.91
30555.86 35.45
30557.03 32.23
30558.20 32.61
30559.36 30.31
30560.53 29.15
30561.70 28.58
30562.86 27.29
30564.02 25.64
30565.18 24.82
30566.35 25.41
30567.52 22.71
30568.69 22.85
30569.86 21.43
30571.02 20.71
30572.18 21.36
30573.35 21.68
30574.52 19.34
30575.69 17.67
30576.86 18.33
30578.02 17.17
30579.19 16.58
30580.36 16.79
30581.53 16.40
30582.70 15.70
30583.86 17.35
30585.02 15.67
30586.18 13.84
30587.35 14.42
30588.52 14.21
30589.69 14.10
30590.85 14.55
30592.02 14.78
30593.18 12.89
30594.34 12.94
30595.52 13.47
30596.69 14.24
30597.86 14.12
30599.02 13.06
30600.19 12.03
30601.35 13.01
30602.52 11.51
30603.69 10.75
30604.86 9.88
30605.99 10.94
30607.16 9.97
30608.29 9.98
30609.42 11.49
30610.59 11.25
30611.75 11.12
30612.92 11.06
30614.08 12.53
30615.24 13.27
30616.41 12.13
30617.58 10.07
30618.75 11.03
30619.91 10.52
30621.08 9.26
30622.21 8.63
30623.34 8.31
30624.48 8.16
30625.61 8.08
30626.74 8.54
30627.86 8.77
30628.99 8.38
30630.12 8.19
30631.26 9.10
30632.39 10.05
30633.55 10.52
30634.72 10.76
30635.89 9.38
30637.02 10.19
30638.18 9.10
30639.32 8.05
30640.44 7.52
30641.57 9.26
30642.70 8.63
30643.83 7.82
30644.96 7.91
30646.09 5.95
30647.21 6.98
30648.34 8.99
30649.47 7.99
30650.60 7.50
30651.72 6.25
30652.85 6.62
30653.98 6.81
30655.11 5.41
30656.24 6.20
30657.37 8.10
30658.51 7.55
30659.65 6.28
30660.78 5.14
30661.91 6.07
30663.04 5.03
30664.15 6.02
30665.28 5.01
30666.41 4.50
30667.54 4.75
30668.67 4.38
30669.80 4.19
30670.92 5.59
30672.05 6.30
30673.17 6.65
30674.30 5.32
30675.43 5.16
30676.57 4.58
30677.69 5.79
30678.82 4.90
30679.94 5.95
30681.08 6.47
30682.19 6.74
30683.33 5.37
30684.46 5.18
30685.58 6.09
30686.70 6.55
30687.83 6.77
30688.97 5.39
30690.09 4.69
30691.21 5.85
30692.34 4.92
30693.47 5.96
30694.60 4.98
30695.73 4.49
30696.86 5.75
30697.99 6.37
30699.12 6.69
30700.25 6.84
30701.38 5.42
30702.52 4.71
30703.65 4.36
30704.79 4.18
30705.91 5.59
30707.05 4.79
30708.17 4.40
30709.30 5.70
30710.42 4.85
30711.55 4.92
30712.68 3.96
30713.80 3.98
30714.92 3.99
30716.05 5.00
30717.17 6.00
30718.29 5.00
30719.41 4.50
30720.54 4.25
30721.67 4.12
30722.80 4.06
30723.91 5.53
30725.05 5.77
30726.17 6.38
30727.30 4.19
30728.43 3.60
30729.56 3.30
30730.68 3.65
30731.81 4.82
30732.94 4.41
30734.07 3.71
30735.19 3.85
30736.32 3.93
30737.45 5.46
30738.58 6.23
30739.70 6.62
30740.83 10.81
30742.00 19.40
30743.15 32.20
30744.31 44.10
30745.48 53.55
30746.66 64.28
30747.83 73.14
30748.99 79.07
30750.15 85.03
30751.31 89.52
30752.48 94.26
30753.66 98.13
30754.83 101.06
30756.02 106.03
30757.22 109.52
30758.42 111.76
30759.64 115.38
30760.85 117.19
30762.06 118.09
30763.25 119.55
30764.46 121.27
30765.67 122.64
30766.88 123.32
30768.08 125.16
30769.29 126.58
30770.50 126.79
30771.70 126.89
30772.90 127.45
30774.10 128.72
30775.30 129.36
30776.51 132.18
30777.72 132.09
30778.92 132.05
30780.12 133.02
30781.32 134.01
30782.52 134.51
30783.73 135.25
30784.94 135.63
30786.15 135.81
30787.35 137.41
30788.56 136.70
30789.77 136.35
30790.98 136.18
30792.18 136.09
30793.39 137.54
30794.59 138.27
30795.80 139.64
30797.00 138.32
30798.20 139.66
30799.40 140.83
30800.60 140.41
30801.80 139.21
30803.00 139.60
30804.18 139.80
30805.39 139.90
30806.58 140.45
30807.78 141.73
30808.99 142.36
30810.20 141.18
30811.40 141.09
30812.59 142.05
30813.79 141.02
30814.99 142.01
30816.19 141.01
30817.40 142.00
30818.59 143.50
30819.79 142.75
30821.00 143.88
30822.19 144.44
30823.40 143.72
30824.61 143.36
30825.82 143.18
30827.02 144.09
30828.22 143.54
30829.42 143.77
30830.64 143.89
30831.85 145.44
30833.06 143.72
30834.26 143.86
30835.47 144.43
30836.68 144.72
30837.90 145.86
30839.10 143.93
30840.30 143.46
30841.51 142.73
30842.71 142.87
30843.92 143.93
30845.13 145.47
30846.34 144.73
30847.55 145.87
30848.75 144.93
30849.95 145.97
30851.15 144.98
30852.36 145.99
30853.56 145.00
30854.76 144.50
30855.96 144.75
30857.17 144.87
30858.38 144.94
30859.58 144.47
30860.79 144.73
30862.00 145.87
30863.19 146.43
30864.40 144.72
30865.60 145.86
30866.80 144.93
30868.00 146.46
30869.19 145.23
30870.40 144.62
30871.60 144.31
30872.80 145.15
30874.00 144.58
30875.19 146.29
30876.40 145.14
30877.60 145.07
30878.79 146.04
30879.99 146.52
30881.20 146.76
30882.40 145.88
30883.60 145.94
30884.80 144.97
30886.01 144.98
30887.21 144.99
30888.42 144.50
30889.63 145.75
30890.84 146.37
30892.05 146.69
30893.25 146.84
30894.46 145.42
30895.67 147.71
30896.88 146.86
30898.09 147.93
30899.29 147.46
30900.50 147.23
30901.70 147.62
30902.91 146.31
30904.11 146.65
30905.32 146.83
30906.54 145.41
30907.75 146.71
30908.95 145.85
30910.16 146.43
30911.37 145.71
30912.58 146.36
30913.78 146.18
30914.99 146.09
30916.19 146.54
30917.40 146.77
30918.60 147.39
30919.81 147.69
30921.02 148.35
30922.22 148.17
30923.42 147.09
30924.63 146.54
30925.84 145.77
30927.05 147.89
30928.25 146.94
30929.46 145.97
30930.67 147.99
30931.88 146.99
30933.08 146.50
30934.27 146.25
30935.49 146.12
30936.70 147.06
30937.90 149.03
30939.10 149.52
30940.31 148.76
30941.51 134.38
30942.72 114.69
30943.93 100.34
30945.14 87.67
30946.31 77.34
30947.49 69.67
30948.66 62.33
30949.83 55.17
30951.00 50.58
30952.15 45.79
30953.32 42.90
30954.50 39.45
30955.66 37.72
30956.83 36.86
30958.00 33.93
30959.16 33.97
30960.33 30.98
30961.51 29.49
30962.68 29.75
30963.85 26.87
30965.02 26.94
30966.18 25.97
30967.34 24.98
30968.51 24.49
30969.68 22.25
30970.85 21.12
30972.02 20.56
30973.18 20.28
30974.35 18.64
30975.52 19.32
30976.69 18.16
30977.86 19.08
30979.02 18.04
30980.18 16.52
30981.34 16.26
30982.51 16.63
30983.68 15.32
30984.86 15.66
30986.02 14.83
30987.18 15.41
30988.35 16.21
30989.52 15.10
30990.68 15.55
30991.85 17.28
30993.02 16.14
30994.18 15.57
30995.36 14.28
30996.52 15.64
30997.69 15.32
30998.86 14.66
31000.02 13.33
31001.18 12.67
31002.35 13.83
31003.52 13.42
31004.69 13.71
31005.86 12.85
31007.02 10.93
31008.18 12.96
31009.35 12.48
31010.52 11.24
31011.69 11.12
31012.86 12.56
31014.03 10.28
31015.18 9.64
31016.31 8.82
31017.44 9.91
31018.57 9.46
31019.71 8.73
31020.84 8.36
31021.97 10.18
31023.14 9.09
31024.26 10.05
31025.43 10.02
31026.59 10.51
31027.76 9.76
31028.89 8.88
31030.02 8.44
31031.15 8.22
31032.28 8.11
31033.42 9.05
31034.55 8.53
31035.68 8.26
31036.81 11.13
31037.98 10.07
31039.14 10.53
31040.31 10.77
31041.47 10.88
31042.65 10.44
31043.82 9.22
31044.94 8.61
31046.07 8.31
31047.20 8.15
31048.33 9.08
31049.46 8.54
31050.58 8.27
31051.71 9.63
31052.84 9.32
31053.97 8.16
31055.10 7.08
31056.22 7.54
31057.35 5.77
31058.47 6.88
31059.60 6.94
31060.73 5.97
31061.85 5.99
31062.98 5.49
31064.10 6.25
31065.24 5.62
31066.36 6.81
31067.50 7.41
31068.62 7.70
31069.76 7.35
31070.89 7.18
31072.01 5.59
31073.14 4.79
31074.26 5.90
31075.39 6.95
31076.51 6.97
31077.64 6.99
31078.77 5.99
31079.90 6.50
31081.02 6.25
31082.15 6.62
31083.28 6.81
31084.41 5.41
31085.55 6.20
31086.67 6.60
31087.79 6.80
31088.92 6.40
31090.05 5.70
31091.16 6.35
31092.29 5.18
31093.42 6.09
31094.55 5.04
31095.68 4.52
31096.81 4.26
31097.94 5.13
31099.07 6.07
31100.18 6.53
31101.32 5.27
31102.45 6.13
31103.58 6.57
31104.71 5.28
31105.84 4.64
31106.97 4.32
31108.10 4.66
31109.22 5.83
31110.35 5.42
31111.49 5.71
31112.62 6.35
31113.75 5.18
31114.89 5.09
31116.00 4.04
31117.11 5.02
31118.25 4.51
31119.37 4.76
31120.51 4.38
31121.63 5.69
31122.76 4.84
31123.89 5.92
31125.02 5.46
31126.14 4.73
31127.26 4.87
31128.40 4.43
31129.52 4.72
31130.65 4.36
31131.78 4.18
31132.91 4.59
31134.03 4.79
31135.15 5.40
31136.28 4.70
31137.41 3.85
31138.54 3.42
31139.66 3.71
31140.80 4.86
31141.92 10.43
31143.09 22.71
31144.25 35.36
31145.42 45.68
31146.58 57.84
31147.75 66.42
31148.92 73.21
31150.09 79.10
31151.25 85.55
31152.42 90.28
31153.58 96.64
31154.75 100.32
31155.96 105.16
31157.17 108.08
31158.37 110.54
31159.58 112.77
31160.78 115.88
31161.99 117.44
31163.19 119.22
31164.41 121.11
31165.62 122.56
31166.83 123.28
31168.04 126.14
31169.24 128.57
31170.45 127.78
31171.66 128.39
31172.87 130.20
31174.07 132.60
31175.26 132.30
31176.47 132.15
31177.68 133.07
31178.89 133.54
31180.10 134.27
31181.30 134.13
31182.50 135.07
31183.70 135.53
31184.91 135.77
31186.11 136.38
31187.32 137.19
31188.53 138.10
31189.74 138.55
31190.94 138.77
31192.15 139.39
31193.36 139.69
31194.57 139.35
31195.78 139.67
31196.99 139.84
31198.20 139.92
31199.40 139.96
31200.61 141.48
31201.82 142.24
31203.02 142.62
31204.23 141.81
31205.43 141.40
31206.64 143.20
31207.84 141.60
31209.04 142.30
31210.23 142.65
31211.44 142.33
31212.66 141.66
31213.87 143.33
31215.08 145.17
31216.28 144.08
31217.49 144.04
31218.70 144.02
31219.89 144.01
31221.09 144.01
31222.29 144.00
31223.50 143.00
31224.69 143.00
31225.88 143.50
31227.08 143.75
31228.28 143.88
31229.50 144.44
31230.70 144.72
31231.90 144.36
31233.10 144.18
31234.30 144.59
31235.50 144.29
31236.70 145.65
31237.90 145.82
31239.10 144.41
31240.30 144.71
31241.50 145.85
31242.70 146.43
31243.90 145.21
31245.10 146.11
31246.31 145.05
31247.51 146.03
31248.71 146.51
31249.92 146.26
31251.13 146.63
31252.34 146.31
31253.55 145.66
31254.75 145.33
31255.96 144.66
31257.17 144.33
31258.38 145.67
31259.58 145.83
31260.79 146.42
31262.00 147.21
31263.20 147.10
31264.40 147.55
31265.61 145.78
31266.83 146.39
31268.03 146.19
31269.23 146.10
31270.44 146.55
31271.66 146.27
31272.86 147.14
31274.07 146.57
31275.27 146.78
31276.49 146.39
31277.70 146.70
31278.90 148.85
31280.10 147.92
31281.31 146.46
31282.51 148.23
31283.72 148.62
31284.93 147.31
31286.14 146.15
31287.34 146.08
31288.55 146.04
31289.75 146.02
31290.94 146.01
31292.15 146.00
31293.34 147.50
31294.55 149.25
31295.75 148.13
31296.96 147.56
31298.17 148.78
31299.38 148.39
31300.58 149.70
31301.79 150.35
31303.00 149.67
31304.19 148.34
31305.40 149.17
31306.61 148.58
31307.82 149.29
31309.02 147.65
31310.23 147.82
31311.43 147.41
31312.65 149.21
31313.86 147.60
31315.07 147.30
31316.26 149.15
31317.48 149.08
31318.68 149.04
31319.88 147.52
31321.10 149.26
31322.30 148.63
31323.50 148.81
31324.70 149.41
31325.91 148.70
31327.11 148.35
31328.32 149.18
31329.53 148.59
31330.74 149.79
31331.94 148.40
31333.15 149.70
31334.35 150.35
31335.57 149.17
31336.78 148.59
31337.99 149.29
31339.19 149.15
31340.40 149.57
31341.61 148.79
31342.82 138.89
31344.02 119.45
31345.23 103.22
31346.43 89.61
31347.61 78.81
31348.78 71.90
31349.94 61.95
31351.11 55.98
31352.28 52.49
31353.45 48.24
31354.62 44.12
31355.79 41.06
31356.95 37.53
31358.12 38.27
31359.30 34.63
31360.48 33.32
31361.64 33.16
31362.81 30.58
31363.98 29.29
31365.15 29.64
31366.31 28.32
31367.49 27.66
31368.66 25.83
31369.83 23.42
31371.00 23.21
31372.16 22.60
31373.32 21.30
31374.49 20.65
31375.66 21.83
31376.83 22.41
31377.99 20.21
31379.16 18.10
31380.33 20.05
31381.50 19.53
31382.66 19.26
31383.83 17.63
31385.00 16.82
31386.16 17.91
31387.33 16.95
31388.50 17.98
31389.66 17.49
31390.83 15.24
31391.99 17.12
31393.16 15.56
31394.33 15.78
31395.50 15.39
31396.66 13.70
31397.83 12.85
31398.99 13.92
31400.16 12.96
31401.33 12.48
31402.50 12.74
31403.66 12.37
31404.83 12.19
31406.00 13.09
31407.16 12.55
31408.32 13.77
31409.49 12.89
31410.66 12.44
31411.83 13.72
31412.99 14.36
31414.16 12.18
31415.33 11.59
31416.50 11.30
31417.66 13.15
31418.83 10.57
31419.99 9.79
31421.12 9.89
31422.25 10.45
31423.42 9.22
31424.55 10.61
31425.72 9.31
31426.86 8.65
31427.99 11.33
31429.15 11.66
31430.32 11.83
31431.49 9.92
31432.62 10.96
31433.79 9.48
31434.91 8.74
31436.04 10.37
31437.20 10.68
31438.36 9.34
31439.49 9.67
31440.62 8.84
31441.76 8.42
31442.88 8.21
31444.01 8.10
31445.13 8.55
31446.26 8.78
31447.39 8.39
31448.51 8.69
31449.64 8.35
31450.77 8.17
31451.90 9.09
31453.02 8.54
31454.15 9.77
31455.28 8.89
31456.41 9.94
31457.54 8.97
31458.67 6.99
31459.79 7.49
31460.92 6.75
31462.05 7.37
31463.18 7.69
31464.31 7.84
31465.43 7.92
31466.56 7.96
31467.69 9.48
31468.82 8.24
31469.95 7.12
31471.07 7.56
31472.20 5.78
31473.32 6.39
31474.45 5.70
31475.58 6.35
31476.71 5.67
31477.84 5.34
31478.96 6.17
31480.09 5.58
31481.21 6.79
31482.34 5.40
31483.48 6.20
31484.60 6.10
31485.73 6.05
31486.85 6.52
31487.98 6.76
31489.11 5.38
31490.24 4.69
31491.36 5.35
31492.50 5.17
31493.62 6.09
31494.76 5.04
31495.89 4.52
31497.01 5.76
31498.14 5.38
31499.27 6.19
31500.40 5.10
31501.52 5.05
31502.65 5.02
31503.78 5.01
31504.91 6.01
31506.04 5.00
31507.15 6.00
31508.27 5.00
31509.39 4.50
31510.52 4.25
31511.64 4.63
31512.78 5.81
31513.91 4.91
31515.05 4.45
31516.17 4.23
31517.31 4.11
31518.44 4.06
31519.57 4.53
31520.70 5.76
31521.83 5.88
31522.96 4.94
31524.08 4.97
31525.20 5.99
31526.33 4.99
31527.46 6.00
31528.58 5.00
31529.70 5.00
31530.81 5.50
31531.94 6.25
31533.07 5.12
31534.19 5.06
31535.31 6.03
31536.44 6.52
31537.57 6.26
31538.70 6.63
31539.83 5.81
31540.96 4.91
31542.08 5.95
31543.20 10.98
31544.36 22.99
31545.53 34.49
31546.70 46.75
31547.86 56.37
31549.03 67.19
31550.19 73.59
31551.36 81.30
31552.53 87.65
31553.70 91.32
31554.86 95.66
31556.03 101.33
31557.23 104.67
31558.44 107.33
31559.66 111.67
31560.87 114.83
31562.07 115.42
31563.27 118.71
31564.49 119.85
31565.69 123.43
31566.90 123.71
31568.10 123.86
31569.30 124.43
31570.50 125.21
31571.70 127.11
31572.91 128.05
31574.11 129.03
31575.32 131.01
31576.53 131.51
31577.74 133.25
31578.94 134.13
31580.16 134.56
31581.37 136.28
31582.58 135.64
31583.78 135.82
31584.99 136.41
31586.20 137.71
31587.41 137.85
31588.62 136.93
31589.83 137.46
31591.04 137.23
31592.24 140.12
31593.45 140.56
31594.67 140.28
31595.88 140.14
31597.09 140.07
31598.29 141.53
31599.50 142.27
31600.70 142.13
31601.91 142.57
31603.11 142.78
31604.32 142.89
31605.53 142.45
31606.74 141.22
31607.95 142.11
31609.16 142.06
31610.37 144.03
31611.57 143.01
31612.77 143.51
31613.98 144.25
31615.18 143.63
31616.39 143.31
31617.61 144.16
31618.82 145.58
31620.02 144.29
31621.23 143.64
31622.43 143.82
31623.65 143.91
31624.86 143.96
31626.07 143.98
31627.27 143.99
31628.48 144.49
31629.69 144.25
31630.90 145.62
31632.10 144.81
31633.30 144.41
31634.50 144.70
31635.70 145.85
31636.90 144.93
31638.10 146.96
31639.30 145.48
31640.50 145.74
31641.70 145.37
31642.90 146.19
31644.10 146.59
31645.31 145.80
31646.51 146.40
31647.71 145.20
31648.92 146.10
31650.12 146.05
31651.33 145.02
31652.54 145.51
31653.75 145.26
31654.95 146.13
31656.16 146.06
31657.36 146.53
31658.57 147.77
31659.78 146.88
31660.99 146.44
31662.20 146.72
31663.40 146.36
31664.62 146.68
31665.83 147.34
31667.03 147.17
31668.23 147.09
31669.44 147.54
31670.66 146.77
31671.86 146.89
31673.07 146.94
31674.27 146.47
31675.48 147.74
31676.69 146.87
31677.90 148.93
31679.10 149.97
31680.30 148.48
31681.50 149.74
31682.70 147.87
31683.91 146.94
31685.11 146.47
31686.32 148.23
31687.53 148.12
31688.74 149.56
31689.94 148.78
31691.15 147.39
31692.36 147.69
31693.57 147.85
31694.78 147.42
31695.99 148.71
31697.20 148.86
31698.40 148.43
31699.61 147.71
31700.82 147.86
31702.02 147.93
31703.23 148.96
31704.43 149.98
31705.65 149.49
31706.86 149.25
31708.07 148.62
31709.27 148.31
31710.48 148.16
31711.69 148.08
31712.89 148.54
31714.10 148.27
31715.31 149.63
31716.52 148.82
31717.73 148.41
31718.94 148.70
31720.14 148.85
31721.34 149.93
31722.55 150.46
31723.76 149.23
31724.97 148.62
31726.18 149.31
31727.39 148.65
31728.60 149.83
31729.81 148.91
31731.02 148.46
31732.22 148.23
31733.42 149.61
31734.64 148.81
31735.85 148.40
31737.05 149.70
31738.25 148.85
31739.47 148.93
31740.67 149.46
31741.88 148.73
31743.10 148.37
31744.31 132.18
31745.51 113.59
31746.72 97.30
31747.89 84.65
31749.06 74.32
31750.22 66.66
31751.39 60.83
31752.55 54.92
31753.72 50.96
31754.89 48.98
31756.06 44.49
31757.22 41.74
31758.39 39.87
31759.55 37.94
31760.72 34.97
31761.89 32.48
31763.06 32.24
31764.22 32.62
31765.39 30.31
31766.55 27.16
31767.72 25.58
31768.89 25.29
31770.06 24.64
31771.22 25.82
31772.39 22.91
31773.55 21.46
31774.73 20.73
31775.90 21.86
31777.06 20.93
31778.22 21.97
31779.39 19.98
31780.55 17.99
31781.72 17.00
31782.88 17.50
31784.04 18.25
31785.20 17.12
31786.37 17.06
31787.53 18.03
31788.69 18.52
31789.86 16.76
31791.02 17.88
31792.18 16.94
31793.35 16.47
31794.52 17.73
31795.69 16.87
31796.86 14.43
31798.02 14.72
31799.18 14.86
31800.35 13.43
31801.52 12.71
31802.69 12.36
31803.86 12.18
31805.02 13.59
31806.18 14.29
31807.35 13.15
31808.52 12.57
31809.69 12.79
31810.86 13.89
31812.02 13.95
31813.18 12.97
31814.35 13.99
31815.52 14.49
31816.70 11.25
31817.86 12.62
31819.03 10.81
31820.20 9.91
31821.32 9.95
31822.46 8.98
31823.58 8.99
31824.71 8.99
31825.84 11.50
31827.00 9.75
31828.12 9.87
31829.25 9.44
31830.39 9.72
31831.51 10.36
31832.68 9.18
31833.81 10.09
31834.97 9.04
31836.10 8.52
31837.23 8.26
31838.36 8.13
31839.50 8.07
31840.62 9.53
31841.75 8.77
31842.88 8.38
31844.01 9.19
31845.14 8.60
31846.26 9.80
31847.39 9.40
31848.52 8.70
31849.64 8.35
31850.77 8.17
31851.90 8.09
31853.02 8.04
31854.14 8.52
31855.26 8.26
31856.39 8.13
31857.52 8.07
31858.65 8.03
31859.78 8.02
31860.91 9.51
31862.04 8.75
31863.17 8.38
31864.31 9.69
31865.44 8.34
31866.57 7.17
31867.70 8.09
31868.82 6.54
31869.95 5.27
31871.07 6.64
31872.20 5.32
31873.33 8.16
31874.48 6.58
31875.60 6.29
31876.73 5.64
31877.86 6.32
31878.99 5.16
31880.12 5.08
31881.24 7.54
31882.37 5.77
31883.50 5.89
31884.63 5.94
31885.76 4.97
31886.89 4.49
31888.01 4.24
31889.14 4.12
31890.27 5.06
31891.40 6.03
31892.52 5.52
31893.66 6.26
31894.79 5.13
31895.92 4.56
31897.05 4.78
31898.17 5.89
31899.30 4.95
31900.42 5.97
31901.56 5.49
31902.68 6.24
31903.81 5.12
31904.95 6.06
31906.07 6.53
31907.20 5.77
31908.33 4.88
31909.47 4.44
31910.59 5.72
31911.72 6.36
31912.85 5.18
31913.99 4.59
31915.11 4.30
31916.25 4.15
31917.37 4.07
31918.50 4.54
31919.63 4.27
31920.76 5.13
31921.89 6.07
31923.02 5.53
31924.15 4.77
31925.28 4.38
31926.41 5.69
31927.54 5.85
31928.67 5.42
31929.80 5.21
31930.92 6.11
31932.06 6.55
31933.19 5.28
31934.31 6.14
31935.46 5.07
31936.58 6.03
31937.71 5.52
31938.84 4.76
31939.97 5.88
31941.10 4.94
31942.23 5.97
31943.36 4.48
31944.49 11.74
31945.66 21.87
31946.83 34.94
31948.00 47.47
31949.16 57.73
31950.33 68.37
31951.50 76.18
31952.66 82.09
31953.83 87.05
31954.99 93.02
31956.15 96.51
31957.32 100.26
31958.53 103.13
31959.74 107.06
31960.94 110.53
31962.15 112.27
31963.35 115.13
31964.56 119.07
31965.76 121.53
31966.97 122.77
31968.18 123.38
31969.39 126.19
31970.60 126.10
31971.80 128.55
31973.00 127.77
31974.19 129.39
31975.40 130.19
31976.62 132.60
31977.83 132.80
31979.03 132.40
31980.23 133.20
31981.44 134.10
31982.65 136.55
31983.86 137.77
31985.07 137.89
31986.26 138.44
31987.47 137.22
31988.68 138.11
31989.90 138.56
31991.10 138.28
31992.31 138.14
31993.52 139.07
31994.72 140.03
31995.92 141.52
31997.13 140.76
31998.34 140.88
31999.55 141.94
32000.75 140.97
32001.95 140.48
32003.15 141.74
32004.36 143.37
32005.57 143.69
32006.78 143.84
32007.98 143.42
32009.18 144.71
32010.39 143.36
32011.61 144.18
32012.82 144.09
32014.02 144.04
32015.21 144.52
32016.42 144.26
32017.63 144.63
32018.84 143.82
32020.05 143.91
32021.25 145.45
32022.47 144.73
32023.68 145.86
32024.88 146.43
32026.08 146.72
32027.28 146.36
32028.49 145.18
32029.70 144.59
32030.91 144.29
32032.11 146.65
32033.32 147.32
32034.53 146.66
32035.74 145.33
32036.94 145.67
32038.15 144.83
32039.36 144.42
32040.57 145.71
32041.78 146.35
32042.99 145.68
32044.20 145.84
32045.40 146.92
32046.61 146.96
32047.82 146.98
32049.02 145.49
32050.22 145.24
32051.42 146.12
32052.64 148.06
32053.84 147.53
32055.05 147.77
32056.25 147.88
32057.47 146.44
32058.67 148.22
32059.88 148.61
32061.09 147.81
32062.29 146.90
32063.50 146.45
32064.70 146.23
32065.90 146.11
32067.10 146.56
32068.30 148.28
32069.50 147.14
32070.70 146.57
32071.90 146.28
32073.10 148.14
32074.30 148.07
32075.50 147.04
32076.70 147.52
32077.90 149.26
32079.10 148.63
32080.30 148.31
32081.50 148.16
32082.70 148.58
32083.90 149.29
32085.10 149.64
32086.30 148.82
32087.50 148.41
32088.70 147.71
32089.91 147.85
32091.11 148.43
32092.33 149.21
32093.54 149.61
32094.75 148.80
32095.94 148.40
32097.15 148.70
32098.34 149.35
32099.55 149.68
32100.76 148.34
32101.97 148.17
32103.18 149.08
32104.38 148.54
32105.60 148.27
32106.80 148.14
32108.00 148.07
32109.19 148.03
32110.39 148.52
32111.62 148.26
32112.83 148.13
32114.03 148.06
32115.23 149.03
32116.43 148.52
32117.65 149.76
32118.86 148.88
32120.07 148.44
32121.26 148.22
32122.47 148.61
32123.68 149.80
32124.88 148.90
32126.08 148.45
32127.28 149.23
32128.49 148.61
32129.70 148.81
32130.90 148.90
32132.10 148.45
32133.30 149.73
32134.50 150.36
32135.70 150.18
32136.90 149.09
32138.09 150.05
32139.28 150.52
32140.49 149.76
32141.70 148.88
32142.90 148.44
32144.10 149.72
32145.30 134.36
32146.50 116.68
32147.70 99.84
32148.86 85.92
32150.02 76.46
32151.18 68.23
32152.35 61.62
32153.53 56.31
32154.70 51.15
32155.86 46.58
32157.03 43.29
32158.19 41.14
32159.36 38.57
32160.53 35.79
32161.70 35.39
32162.86 32.70
32164.02 31.35
32165.18 31.17
32166.34 28.59
32167.51 29.29
32168.68 26.65
32169.85 26.32
32171.02 26.16
32172.18 24.58
32173.34 25.79
32174.51 22.90
32175.68 22.95
32176.85 21.97
32178.02 19.99
32179.18 18.99
32180.34 18.50
32181.50 19.25
32182.66 18.62
32183.83 19.31
32185.00 17.66
32186.16 16.83
32187.33 16.41
32188.50 16.21
32189.66 15.60
32190.83 15.30
32191.99 17.65
32193.16 16.83
32194.33 15.41
32195.50 15.21
32196.66 16.10
32197.82 14.05
32198.98 15.03
32200.14 13.51
32201.31 14.26
32202.48 13.63
32203.65 14.31
32204.82 14.16
32205.99 13.08
32207.15 14.04
32208.32 13.52
32209.48 12.76
32210.65 11.88
32211.82 13.44
32212.99 13.72
32214.16 12.86
32215.33 11.43
32216.50 12.71
32217.67 11.86
32218.83 11.43
32220.00 10.71
32221.16 10.86
32222.34 11.43
32223.50 9.71
32224.63 8.86
32225.76 8.43
32226.89 8.21
32228.02 9.11
32229.15 12.05
32230.31 10.03
32231.49 10.01
32232.65 11.01
32233.82 9.50
32234.94 10.75
32236.11 10.38
32237.28 9.19
32238.41 10.09
32239.58 9.05
32240.70 8.52
32241.83 8.26
32242.95 8.63
32244.08 8.32
32245.21 8.16
32246.34 9.58
32247.47 8.79
32248.60 8.39
32249.72 8.20
32250.85 10.60
32252.01 9.30
32253.13 9.65
32254.26 8.82
32255.39 9.41
32256.52 9.21
32257.65 9.10
32258.78 8.55
32259.91 8.78
32261.03 8.39
32262.15 9.69
32263.27 10.35
32264.45 10.67
32265.62 9.34
32266.75 9.17
32267.88 8.08
32269.00 8.04
32270.10 8.02
32271.23 9.51
32272.36 8.76
32273.49 7.88
32274.62 7.94
32275.75 7.97
32276.88 6.98
32278.00 6.99
32279.12 6.50
32280.24 6.75
32281.37 6.37
32282.50 5.19
32283.62 6.09
32284.75 5.05
32285.87 6.02
32287.00 6.01
32288.12 5.51
32289.25 6.25
32290.38 6.63
32291.50 6.81
32292.63 5.41
32293.75 5.70
32294.87 5.85
32296.00 4.93
32297.12 4.96
32298.25 4.48
32299.38 5.74
32300.51 5.37
32301.63 5.69
32302.76 4.84
32303.89 4.92
32305.02 4.96
32306.14 5.98
32307.27 4.99
32308.39 6.00
32309.52 5.00
32310.63 6.00
32311.75 6.00
32312.87 6.00
32314.00 5.00
32315.10 5.00
32316.22 4.50
32317.35 4.25
32318.48 4.12
32319.60 5.56
32320.72 6.28
32321.85 6.64
32322.98 6.82
32324.11 6.91
32325.24 5.46
32326.37 5.73
32327.50 4.86
32328.62 4.93
32329.75 5.97
32330.88 5.48
32332.00 4.74
32333.12 5.87
32334.25 6.44
32335.38 6.22
32336.51 5.61
32337.63 6.30
32338.76 6.65
32339.89 5.33
32341.02 6.16
32342.15 5.58
32343.27 6.29
32344.41 5.15
32345.54 6.57
32346.67 17.29
32347.83 29.14
32349.00 42.07
32350.15 53.54
32351.32 64.27
32352.49 71.13
32353.66 79.07
32354.82 85.03
32355.98 91.02
32357.14 95.01
32358.31 99.50
32359.47 102.25
32360.68 106.63
32361.89 110.81
32363.09 112.41
32364.29 114.20
32365.49 116.60
32366.69 119.80
32367.89 122.40
32369.09 123.70
32370.28 124.35
32371.49 125.18
32372.70 128.09
32373.90 129.54
32375.10 129.77
32376.30 129.89
32377.50 130.94
32378.70 131.47
32379.91 132.24
32381.11 133.62
32382.32 133.81
32383.53 135.40
32384.73 135.70
32385.93 136.35
32387.14 136.68
32388.34 136.34
32389.55 137.67
32390.76 137.83
32391.97 138.92
32393.18 139.46
32394.39 140.73
32395.61 141.86
32396.82 142.43
32398.02 141.22
32399.23 140.61
32400.44 141.80
32401.64 140.90
32402.84 141.95
32404.04 143.48
32405.24 143.74
32406.46 144.87
32407.66 144.43
32408.87 144.22
32410.08 144.11
32411.28 144.05
32412.48 144.03
32413.69 144.51
32414.89 143.76
32416.10 143.38
32417.30 143.69
32418.50 145.34
32419.70 145.17
32420.90 146.09
32422.09 146.54
32423.29 146.77
32424.50 145.39
32425.70 144.69
32426.90 144.35
32428.10 144.67
32429.30 144.84
32430.50 145.92
32431.70 144.96
32432.90 145.48
32434.10 146.24
32435.30 146.62
32436.50 147.31
32437.70 145.65
32438.91 145.33
32440.11 147.66
32441.32 147.83
32442.54 146.42
32443.75 146.21
32444.95 146.60
32446.15 145.80
32447.35 146.40
32448.55 146.20
32449.75 146.60
32450.95 147.80
32452.15 146.90
32453.35 146.45
32454.57 147.73
32455.78 147.36
32456.99 149.18
32458.19 148.59
32459.40 147.30
32460.61 146.65
32461.83 146.82
32463.03 146.91
32464.23 148.46
32465.45 148.23
32466.66 148.11
32467.86 147.56
32469.07 148.78
32470.27 147.89
32471.48 148.44
32472.69 148.22
32473.90 148.11
32475.10 147.06
32476.31 147.53
32477.51 149.26
32478.72 150.13
32479.93 149.07
32481.13 148.53
32482.34 148.27
32483.55 148.13
32484.75 149.07
32485.95 148.53
32487.16 148.77
32488.37 148.38
32489.59 149.69
32490.79 150.35
32492.00 149.17
32493.19 148.59
32494.40 148.29
32495.62 148.15
32496.83 149.57
32498.03 148.79
32499.23 148.89
32500.45 149.95
32501.66 149.97
32502.86 148.99
32504.07 149.99
32505.26 149.50
32506.47 149.25
32507.67 148.62
32508.88 149.31
32510.09 150.16
32511.29 150.58
32512.50 149.29
32513.70 148.64
32514.90 148.82
32516.10 148.41
32517.31 149.21
32518.52 150.10
32519.72 149.05
32520.92 149.53
32522.13 148.76
32523.34 149.38
32524.55 148.69
32525.75 148.35
32526.96 149.17
32528.17 150.09
32529.37 150.54
32530.59 150.77
32531.80 150.89
32533.00 149.44
32534.19 150.22
32535.40 150.11
32536.62 149.06
32537.83 149.03
32539.03 150.01
32540.23 150.01
32541.45 150.50
32542.65 150.25
32543.86 149.13
32545.07 149.06
32546.26 136.53
32547.47 118.27
32548.68 101.63
32549.90 87.82
32551.06 77.41
32552.23 68.20
32553.39 62.10
32554.57 57.55
32555.74 52.78
32556.91 48.89
32558.08 44.44
32559.24 42.72
32560.41 39.36
32561.58 37.68
32562.75 37.84
32563.92 34.92
32565.09 33.46
32566.25 30.73
32567.44 29.37
32568.61 29.68
32569.78 26.84
32570.94 25.42
32572.11 24.71
32573.28 24.36
32574.46 25.18
32575.62 25.09
32576.78 22.54
32577.95 22.77
32579.12 22.89
32580.29 22.94
32581.46 21.47
32582.62 19.24
32583.80 19.12
32584.96 19.56
32586.13 18.28
32587.30 16.64
32588.47 16.82
32589.63 16.91
32590.80 17.95
32591.97 16.48
32593.13 16.24
32594.30 17.62
32595.46 16.31
32596.62 16.15
32597.79 14.08
32598.95 15.54
32600.12 15.27
32601.29 13.63
32602.46 12.82
32603.62 14.41
32604.80 14.20
32605.95 13.10
32607.11 12.55
32608.28 13.78
32609.45 12.89
32610.62 13.94
32611.78 12.97
32612.95 13.49
32614.12 12.74
32615.29 10.87
32616.46 12.94
32617.63 11.97
32618.79 11.98
32619.96 13.49
32621.13 12.25
32622.31 11.12
32623.48 11.56
32624.65 9.78
32625.77 8.89
32626.90 8.45
32628.02 8.22
32629.15 9.11
32630.29 10.06
32631.45 10.53
32632.62 9.76
32633.75 8.88
32634.88 11.94
32636.05 9.97
32637.17 8.99
32638.31 9.99
32639.44 9.00
32640.56 8.50
32641.68 9.75
32642.81 8.87
32643.94 10.94
32645.11 9.97
32646.24 8.98
32647.36 9.49
32648.49 8.75
32649.62 8.37
32650.75 8.69
32651.87 9.84
32653.00 8.92
32654.12 8.96
32655.25 9.98
32656.39 8.99
32657.50 8.50
32658.62 8.25
32659.76 7.62
32660.88 9.31
32662.01 8.66
32663.14 7.83
32664.26 9.41
32665.39 9.21
32666.52 9.10
32667.66 10.05
32668.82 9.03
32669.95 8.51
32671.08 7.76
32672.20 7.88
32673.33 8.44
32674.46 7.72
32675.58 7.86
32676.72 7.43
32677.84 7.71
32678.97 7.36
32680.10 7.68
32681.22 7.34
32682.34 7.67
32683.48 6.33
32684.60 5.17
32685.73 8.08
32686.86 7.04
32687.98 7.02
32689.10 6.01
32690.22 5.51
32691.36 4.75
32692.48 5.88
32693.61 5.94
32694.74 7.47
32695.87 5.73
32697.00 6.37
32698.11 6.68
32699.25 5.34
32700.37 6.17
32701.50 6.59
32702.63 5.29
32703.76 4.65
32704.89 4.32
32706.01 4.16
32707.14 5.58
32708.26 6.29
32709.40 5.15
32710.52 6.07
32711.65 5.04
32712.77 4.52
32713.90 5.76
32715.02 4.88
32716.14 5.94
32717.27 5.47
32718.40 4.73
32719.52 5.37
32720.65 5.18
32721.78 5.09
32722.90 6.05
32724.02 5.02
32725.14 5.51
32726.27 5.26
32727.40 6.13
32728.53 6.56
32729.66 5.78
32730.79 4.89
32731.92 4.45
32733.05 5.72
32734.18 4.86
32735.31 5.93
32736.45 4.97
32737.58 5.98
32738.71 5.49
32739.83 6.25
32740.97 6.12
32742.10 5.06
32743.22 6.03
32744.34 6.52
32745.48 5.26
32746.60 7.13
32747.73 19.06
32748.89 33.03
32750.05 46.02
32751.21 54.51
32752.38 64.75
32753.55 72.38
32754.72 79.69
32755.89 85.34
32757.06 91.67
32758.22 95.34
32759.39 100.67
32760.60 105.33
32761.80 108.17
32763.01 111.58
32764.21 112.79
32765.42 114.40
32766.62 117.70
32767.83 119.85
32769.03 121.42
32770.23 124.71
32771.44 126.86
32772.65 127.43
32773.85 127.71
32775.06 127.86
32776.26 128.93
32777.47 129.96
32778.67 130.98
32779.87 132.49
32781.07 133.75
32782.27 134.37
32783.49 134.69
32784.69 135.34
32785.89 136.17
32787.10 136.59
32788.30 137.79
32789.50 136.90
32790.69 137.95
32791.89 138.47
32793.10 140.74
32794.30 141.37
32795.50 139.68
32796.69 140.84
32797.89 140.42
32799.10 140.21
32800.30 140.11
32801.51 140.55
32802.72 141.78
32803.93 140.89
32805.14 141.44
32806.34 142.22
32807.56 143.61
32808.77 142.81
32809.98 143.40
32811.17 143.20
32812.37 144.60
32813.58 144.30
32814.78 143.15
32815.99 143.58
32817.20 143.79
32818.40 143.89
32819.61 144.45
32820.82 145.72
32822.02 144.86
32823.22 145.43
32824.44 144.72
32825.65 144.86
32826.85 145.43
32828.06 144.71
32829.26 144.86
32830.47 145.43
32831.68 144.71
32832.89 145.86
32834.09 144.93
32835.29 144.46
32836.50 145.73
32837.69 146.87
32838.89 145.93
32840.10 146.47
32841.30 146.73
32842.50 146.37
32843.69 145.18
32844.89 145.09
32846.10 146.05
32847.30 146.52
32848.50 147.26
32849.69 146.63
32850.89 146.82
32852.10 148.91
32853.30 147.95
32854.50 146.98
32855.70 147.49
32856.90 146.74
32858.11 148.87
32859.32 148.94
32860.53 147.97
32861.73 149.48
32862.94 148.74
32864.15 148.37
32865.36 148.19
32866.57 149.59
32867.78 147.80
32868.98 148.90
32870.17 149.45
32871.38 148.72
32872.61 148.36
32873.82 148.68
32875.02 148.34
32876.22 148.17
32877.44 149.59
32878.65 148.79
32879.85 148.40
32881.05 149.20
32882.25 148.60
32883.45 148.30
32884.65 149.65
32885.85 149.82
32887.05 148.91
32888.26 148.96
32889.46 148.48
32890.67 149.74
32891.88 150.37
32893.09 149.18
32894.29 148.59
32895.50 148.80
32896.68 148.90
32897.88 148.45
32899.08 148.72
32900.28 149.86
32901.48 148.93
32902.69 148.47
32903.89 149.23
32905.10 148.62
32906.30 148.31
32907.50 148.65
32908.70 148.83
32909.90 148.41
32911.10 149.21
32912.31 149.10
32913.51 149.05
32914.71 148.53
32915.92 148.76
32917.13 149.88
32918.33 150.44
32919.56 149.22
32920.77 150.11
32921.98 149.06
32923.18 150.03
32924.38 149.01
32925.59 149.01
32926.79 148.50
32927.99 148.75
32929.19 148.88
32930.40 148.94
32931.61 149.97
32932.82 148.98
32934.02 148.49
32935.22 148.75
32936.44 149.37
32937.64 149.19
32938.85 148.59
32940.05 148.30
32941.26 148.65
32942.46 148.32
32943.67 148.16
32944.88 148.08
32946.08 148.04
32947.27 138.02
32948.47 120.51
32949.68 103.76
32950.89 89.38
32952.05 78.19
32953.21 71.59
32954.38 63.80
32955.55 57.40
32956.71 52.70
32957.88 49.35
32959.05 46.17
32960.21 43.09
32961.37 41.04
32962.55 39.52
32963.72 37.76
32964.89 33.88
32966.05 33.44
32967.21 31.72
32968.38 29.86
32969.56 28.93
32970.73 27.97
32971.90 25.98
32973.06 24.99
32974.22 26.00
32975.38 25.50
32976.55 22.75
32977.72 22.37
32978.89 21.69
32980.05 22.34
32981.21 20.67
32982.38 19.84
32983.56 20.92
32984.73 21.46
32985.89 20.73
32987.06 18.86
32988.22 18.93
32989.39 17.47
32990.57 16.73
32991.73 16.87
32992.91 15.93
32994.07 17.47
32995.23 16.73
32996.40 15.37
32997.57 17.18
32998.74 15.59
32999.91 15.80
33001.07 13.90
33002.22 12.95
33003.39 15.97
33004.57 13.99
33005.73 14.49
33006.90 15.75
33008.07 15.37
33009.23 15.19
33010.40 14.59
33011.57 13.30
33012.74 12.15
33013.91 12.07
33015.07 11.54
33016.23 12.77
33017.40 11.38
33018.57 11.69
33019.73 12.85
33020.90 11.92
33022.07 11.96
33023.23 9.98
33024.36 9.49
33025.49 9.75
33026.62 9.87
33027.74 8.94
33028.87 11.97
33030.04 9.98
33031.17 10.99
33032.33 12.00
33033.50 13.50
33034.65 11.25
33035.82 9.62
33036.94 10.31
33038.12 10.16
33039.29 9.58
33040.43 8.79
33041.55 9.89
33042.68 9.45
33043.81 10.22
33044.98 9.11
33046.10 8.56
33047.23 9.28
33048.36 10.14
33049.53 9.07
33050.66 10.03
33051.82 9.02
33052.95 8.51
33054.08 8.25
33055.20 9.13
33056.33 8.56
33057.46 9.78
33058.58 8.89
33059.71 8.95
33060.84 8.47
33061.97 8.24
33063.10 9.62
33064.22 8.81
33065.35 9.90
33066.47 8.95
33067.60 8.48
33068.72 9.74
33069.85 8.87
33070.98 6.43
33072.10 8.72
33073.23 9.86
33074.36 8.43
33075.49 8.21
33076.62 7.11
33077.76 6.55
33078.88 8.78
33080.01 9.89
33081.13 8.44
33082.26 9.22
33083.39 9.11
33084.51 8.06
33085.64 9.53
33086.77 6.76
33087.90 5.38
33089.01 8.19
33090.15 6.60
33091.28 6.30
33092.40 6.65
33093.52 6.82
33094.66 6.91
33095.78 5.46
33096.90 6.23
33098.02 7.61
33099.16 7.31
33100.29 7.15
33101.43 5.58
33102.56 6.29
33103.69 5.14
33104.82 6.07
33105.94 6.54
33107.07 5.27
33108.20 4.63
33109.33 5.82
33110.46 6.41
33111.59 6.70
33112.71 5.35
33113.84 6.18
33114.97 5.59
33116.10 5.29
33117.23 4.65
33118.36 5.82
33119.49 4.91
33120.62 5.96
33121.75 4.98
33122.87 4.49
33124.00 4.24
33125.12 5.62
33126.25 4.81
33127.37 5.91
33128.50 6.45
33129.63 5.23
33130.76 4.61
33131.89 5.81
33133.02 4.90
33134.14 5.95
33135.27 4.98
33136.39 5.99
33137.52 6.49
33138.65 5.75
33139.78 6.37
33140.91 5.19
33142.04 4.59
33143.16 4.80
33144.29 5.90
33145.42 4.95
33146.54 5.97
33147.67 5.49
33148.80 4.74
33149.92 4.37
33151.05 5.69
33152.17 5.84
33153.31 5.42
33154.44 4.71
33155.56 4.86
33156.69 5.43
33157.82 4.71
33158.95 3.86
33160.07 4.93
33161.19 4.46
33162.32 5.73
33163.45 6.37
33164.58 4.68
33165.70 5.84
33166.82 6.42
33167.95 6.71
33169.08 5.36
33170.21 4.18
33171.34 5.09
33172.47 4.54
33173.60 5.77
33174.72 4.89
33175.85 5.94
33176.98 4.97
33178.11 4.49
33179.24 4.24
33180.37 3.12
33181.51 5.06
33182.64 4.53
33183.76 4.27
33184.90 5.63
33186.03 4.82
33187.15 5.91
33188.28 4.45
33189.42 5.73
33190.55 4.36
33191.68 5.68
33192.81 4.34
33193.94 4.17
33195.07 3.59
33196.19 5.29
33197.32 6.15
33198.46 6.57
33199.59 5.29
33200.71 5.64
33201.84 5.82
33202.97 4.91
33204.10 5.96
33205.23 4.98
33206.35 2.99
33207.48 2.99
33208.61 3.00
33209.73 2.50
33210.85 3.25
33211.98 3.62
33213.12 5.31
33214.25 4.16
33215.38 5.58
33216.52 3.79
33217.64 3.89
33218.77 2.95
33219.89 3.97
33221.03 2.99
33222.16 4.99
33223.28 6.00
33224.41 6.50
33225.53 4.75
33226.66 4.37
33227.79 3.19
33228.91 4.59
33230.04 3.80
33231.16 5.40
33232.29 3.70
33233.42 3.35
33234.55 3.67
33235.68 3.84
33236.81 3.92
33237.94 3.46
33239.07 2.73
33240.19 3.36
33241.32 5.18
33242.45 4.09
33243.58 3.05
33244.70 4.52
33245.83 5.76
33246.96 4.88
33248.09 5.44
33249.21 4.22
33250.35 4.11
33251.48 3.06
33252.61 5.03
33253.74 4.01
33254.87 3.01
33256.00 5.00
33257.08 4.00
33258.19 3.50
33259.31 3.75
33260.44 5.38
33261.57 4.19
33262.70 3.09
33263.82 5.05
33264.95 4.02
33266.07 3.01
33267.19 4.51
33268.33 3.25
33269.46 3.63
33270.58 5.31
33271.71 4.16
33272.85 3.08
33273.97 3.54
33275.10 3.77
33276.22 3.88
33277.35 3.44
33278.48 3.22
33279.61 3.11
33280.74 3.56
33281.87 4.28
33283.00 4.14
33284.12 4.57
33285.25 3.78
33286.37 3.89
33287.50 3.95
33288.62 3.97
33289.76 4.49
33290.88 3.74
33292.01 3.87
33293.13 3.94
33294.26 3.47
33295.39 3.23
33296.51 2.62
33297.64 2.31
33298.77 4.65
33299.90 2.83
33301.03 2.41
33302.15 3.21
33303.28 4.60
33304.41 3.30
33305.53 3.65
33306.67 2.83
33307.80 2.41
33308.92 2.21
33310.05 2.60
33311.17 3.30
33312.30 2.65
33313.43 4.83
33314.56 3.41
33315.69 3.21
33316.82 2.60
33317.94 2.30
33319.06 2.65
33320.17 3.83
33321.31 2.91
33322.44 2.46
33323.56 4.73
33324.69 3.36
33325.82 2.68
33326.94 2.84
33328.07 2.92
33329.19 3.96
33330.32 2.98
33331.45 2.99
33332.58 3.00
33333.70 2.50
33334.82 2.25
33335.94 3.62
33337.07 4.31
33338.20 3.16
33339.33 4.08
33340.46 3.04
33341.59 2.52
33342.71 2.26
33343.84 2.63
33344.97 2.81
33346.10 2.41
33347.23 3.20
33348.35 3.10
33349.48 2.55
33350.61 2.78
33351.73 2.89
33352.87 2.44
33354.00 2.22
33355.09 2.11
33356.22 2.06
33357.35 2.03
33358.48 1.51
33359.60 2.26
33360.73 2.63
33361.85 3.31
33362.99 2.66
33364.11 3.83
33365.24 2.91
33366.37 1.96
33367.50 1.98
33368.62 1.99
33369.75 1.99
33370.87 2.50
33371.99 2.75
33373.12 2.37
33374.25 2.69
33375.38 2.84
33376.51 2.42
33377.64 2.71
33378.76 2.36
33379.89 2.18
33381.01 2.59
33382.14 2.29
33383.27 2.65
33384.40 2.32
33385.52 2.16
33386.65 2.58
33387.78 2.29
33388.91 2.15
33390.04 2.57
33391.16 2.79
33392.29 2.39
33393.42 2.70
33394.54 3.85
33395.67 2.92
33396.80 2.96
33397.92 2.98
33399.05 1.99
33400.17 2.50
33401.30 4.75
33402.43 3.87
33403.55 1.94
33404.68 2.47
33405.81 1.73
33406.94 1.87
33408.07 1.93
33409.19 2.97
33410.32 2.48
33411.44 3.24
33412.57 3.12
33413.70 2.06
33414.82 1.53
33415.95 1.27
33417.08 1.13
33418.21 2.07
33419.34 2.53
33420.47 2.77
33421.60 1.88
33422.71 0.94
33423.83 0.97
33424.96 1.49
33426.08 2.24
33427.20 2.12
33428.33 1.56
33429.46 2.28
33430.59 1.64
33431.71 4.32
33432.85 3.66
33433.98 3.33
33435.11 4.17
33436.24 3.08
33437.36 2.04
33438.49 2.02
33439.61 1.01
33440.73 0.51
33441.87 1.75
33443.00 2.88
33444.09 3.44
33445.21 1.72
33446.33 0.86
33447.46 1.43
33448.59 2.71
33449.71 2.86
33450.84 1.43
33451.97 3.71
33453.10 1.86
33454.21 2.93
33455.35 1.96
33456.48 2.48
33457.60 1.74
33458.72 0.87
33459.84 0.94
33460.97 2.97
33462.10 1.98
33463.21 0.99
33464.34 1.00
33465.46 2.00
33466.58 2.50
33467.71 2.25
33468.84 1.12
33469.97 0.56
33471.09 1.28
33472.21 2.14
33473.35 2.07
33474.48 2.04
33475.60 2.02
33476.71 2.51
33477.84 1.75
33478.97 2.38
33480.10 2.69
33481.22 2.84
33482.35 2.42
33483.47 2.71
33484.60 2.86
33485.72 2.93
33486.85 2.46
33487.98 1.73
33489.10 0.87
33490.22 0.43
33491.34 0.22
33492.46 0.11
33493.59 1.05
33494.71 0.53
33495.84 0.26
33496.96 0.63
33498.09 1.82
33499.21 2.41
33500.34 1.20
33501.47 1.10
33502.59 0.55
33503.71 0.28
33504.84 0.14
33505.96 0.07
33507.07 0.03
33508.17 0.02
33509.29 0.01
33510.42 2.00
33511.53 2.00
33512.65 1.00
33513.77 0.50
33514.89 0.75
33516.01 0.38
33517.13 1.19
33518.27 3.59
33519.40 3.30
33520.51 3.15
33521.64 2.57
33522.77 2.29
33523.90 2.64
33525.02 1.82
33526.15 2.41
33527.28 2.71
33528.42 2.85
33529.55 2.43
33530.67 1.71
33531.80 1.36
33532.93 0.68
33534.05 1.84
33535.17 1.92
33536.30 1.96
33537.43 1.48
33538.55 0.74
33539.67 1.87
33540.80 2.43
33541.92 1.22
33543.05 0.61
33544.17 0.30
33545.29 0.15
33546.41 0.08
33547.53 1.54
33548.66 2.27
33549.78 2.63
33550.91 2.82
33552.04 2.91
33553.16 1.45
33554.29 2.23
33555.42 2.11
33556.55 1.56
33557.68 0.78
33558.80 1.39
33559.92 1.69
33561.05 0.85
33562.17 0.42
33563.29 0.21
33564.42 1.61
33565.55 1.30
33566.68 0.65
33567.80 0.33
33568.92 0.16
33570.04 0.08
33571.14 0.04
33572.26 1.02
33573.38 0.51
33574.50 0.26
33575.62 0.13
33576.75 0.56
33577.87 1.78
33579.00 1.89
33580.11 0.95
33581.24 0.47
33582.36 0.24
33583.48 1.12
33584.61 1.06
33585.74 2.03
33586.87 2.01
33588.00 1.51
33589.10 2.25
33590.22 2.63
33591.35 1.31
33592.48 0.66
33593.60 0.33
33594.72 0.66
33595.85 1.83
33596.98 2.42
33598.10 1.21
33599.23 0.60
33600.35 0.30
33601.46 0.15
33602.58 0.08
33603.69 1.54
33604.82 1.77
33605.94 0.88
33607.07 1.44
33608.19 1.72
33609.32 0.86
33610.44 0.43
33611.56 0.22
33612.68 0.11
33613.80 1.05
33614.92 1.53
33616.05 0.76
33617.16 1.88
33618.29 1.44
33619.42 4.22
33620.55 3.11
33621.68 1.56
33622.81 1.28
33623.94 2.14
33625.07 2.07
33626.18 1.03
33627.31 2.02
33628.43 1.01
33629.55 0.50
33630.66 0.25
33631.78 0.13
33632.90 0.06
33634.01 0.03
33635.12 0.02
33636.23 1.01
33637.37 2.00
33638.48 2.00
33639.60 2.50
33640.72 2.75
33641.85 2.38
33642.98 1.19
33644.10 0.59
33645.22 0.80
33646.34 1.90
33647.46 0.95
33648.58 1.97
33649.71 1.99
33650.83 0.99
33651.95 0.50
33653.07 0.25
33654.18 0.12
33655.30 0.06
33656.41 0.03
33657.53 0.52
33658.66 0.26
33659.78 0.13
33660.90 0.56
33662.02 2.28
33663.14 2.64
33664.27 1.32
33665.41 0.66
33666.54 1.83
33667.67 1.92
33668.79 0.96
33669.91 0.48
33671.03 0.74
33672.16 1.87
33673.29 1.93
33674.42 2.47
33675.54 2.73
33676.67 1.37
33677.80 2.18
33678.92 2.09
33680.04 1.05
33681.15 0.52
33682.28 1.76
33683.41 2.38
33684.54 2.19
33685.66 1.10
33686.78 0.55
33687.90 0.27
33689.01 0.14
33690.13 0.07
33691.24 1.53
33692.37 2.27
33693.50 1.13
33694.61 1.07
33695.74 2.03
33696.87 2.02
33697.99 1.01
33699.11 0.50
33700.23 0.25
33701.35 0.63
33702.48 1.81
33703.61 2.41
33704.75 2.20
33705.86 1.10
33706.98 0.55
33708.10 0.28
33709.23 1.64
33710.36 0.82
33711.48 1.41
33712.61 1.20
33713.74 2.10
33714.86 1.05
33715.98 0.53
33717.11 0.76
33718.23 1.88
33719.36 0.94
33720.48 0.47
33721.60 1.74
33722.73 0.87
33723.85 0.43
33724.97 0.22
33726.09 1.61
33727.22 2.30
33728.34 1.15
33729.47 0.58
33730.60 0.79
33731.71 1.89
33732.84 1.95
33733.97 2.47
33735.10 2.24
33736.22 1.12
33737.35 2.06
33738.48 1.53
33739.61 2.26
33740.74 2.13
33741.87 1.07
33742.99 0.53
33744.12 0.77
33745.24 1.88
33746.37 0.94
33747.49 0.97
33748.61 0.49
33749.73 0.24
33750.85 0.12
33751.97 1.06
33753.10 2.03
33754.21 2.02
33755.33 1.01
33756.46 0.50
33757.58 1.75
33758.71 2.38
33759.84 1.19
33760.97 0.59
33762.09 0.30
33763.20 0.15
33764.32 0.07
33765.43 0.04
33766.55 1.52
33767.68 2.26
33768.81 1.13
33769.94 0.56
33771.05 0.28
33772.17 1.64
33773.30 2.32
33774.42 2.66
33775.55 1.33
33776.68 0.67
33777.81 1.83
33778.94 0.92
33780.06 1.96
33781.18 2.48
33782.30 1.24
33783.42 0.62
33784.55 0.81
33785.67 0.40
33786.78 0.20
33787.90 1.60
33789.01 0.80
33790.13 0.40
33791.25 1.70
33792.37 0.85
33793.50 0.93
33794.62 1.96
33795.74 0.98
33796.87 1.99
33798.00 2.50
33799.09 2.75
33800.21 1.37
33801.34 2.19
33802.46 1.09
33803.59 1.05
33804.70 0.52
33805.82 1.26
33806.95 2.13
33808.07 1.07
33809.19 0.53
33810.32 0.77
33811.45 1.88
33812.57 1.94
33813.69 0.97
33814.82 0.49
33815.94 0.24
33817.05 0.12
33818.17 0.06
33819.28 0.03
33820.40 0.02
33821.50 0.01
33822.61 0.00
33823.71 0.00
33824.82 1.00
33825.94 1.50
33827.06 1.75
33828.18 1.38
33829.32 2.19
33830.45 2.59
33831.57 1.30
33832.69 0.65
33833.82 0.82
33834.94 1.91
33836.06 1.96
33837.19 2.48
33838.31 1.24
33839.44 1.12
33840.57 2.06
33841.69 1.03
33842.81 0.51
33843.93 0.26
33845.05 0.13
33846.17 0.06
33847.29 1.53
33848.41 0.77
33849.54 1.88
33850.67 2.44
33851.79 2.72
33852.92 1.36
33854.05 0.68
33855.16 0.34
33856.28 0.17
33857.41 1.59
33858.55 0.79
33859.66 0.40
33860.78 0.20
33861.89 0.10
33863.00 0.05
33864.11 1.52
33865.24 0.76
33866.36 0.88
33867.48 0.44
33868.60 0.22
33869.71 1.61
33870.85 0.81
33871.97 0.90
33873.09 0.95
33874.21 1.98
33875.34 1.49
33876.46 0.74
33877.59 1.87
33878.71 2.44
33879.85 1.22
33880.98 1.11
33882.11 1.55
33883.23 1.28
33884.36 2.14
33885.49 2.57
33886.62 2.78
33887.74 1.39
33888.87 0.70
33889.99 0.35
33891.11 0.17
33892.23 0.09
33893.34 0.04
33894.46 0.02
33895.57 1.01
33896.69 0.51
33897.82 0.25
33898.94 0.63
33900.07 1.81
33901.19 0.91
33902.31 0.45
33903.44 0.73
33904.56 1.86
33905.69 1.93
33906.82 0.97
33907.94 0.48
33909.05 0.24
33910.17 0.12
33911.29 0.06
33912.41 1.03
33913.53 0.52
33914.66 0.26
33915.78 0.13
33916.90 0.06
33918.01 0.03
33919.12 0.02
33920.24 0.01
33921.35 0.00
33922.46 0.00
33923.56 1.50
33924.68 1.75
33925.81 0.88
33926.93 0.44
33928.05 1.72
33929.18 2.36
33930.31 2.18
33931.44 1.09
33932.56 0.54
33933.68 0.27
33934.80 0.14
33935.91 0.07
33937.02 0.03
33938.13 0.02
33939.24 0.01
33940.35 0.00
33941.46 0.50
33942.58 1.75
33943.71 1.88
33944.83 0.94
33945.95 0.47
33947.07 1.73
33948.19 0.87
33949.31 0.43
33950.44 0.72
33951.56 1.86
33952.69 2.43
33953.82 2.21
33954.94 1.11
33956.07 1.05
33957.19 0.53
33958.32 1.26
33959.45 0.63
33960.57 0.32
33961.69 0.16
33962.81 0.58
33963.94 1.79
33965.06 0.89
33966.17 1.45
33967.30 1.22
33968.42 0.61
33969.54 0.31
33970.66 0.15
33971.78 0.08
33972.89 0.04
33974.01 0.02
33975.12 0.51
33976.25 1.75
33977.38 0.88
33978.50 0.44
33979.60 1.22
33980.73 0.61
33981.85 0.30
33982.97 0.65
33984.09 0.33
33985.21 0.16
33986.33 0.08
33987.44 0.54
33988.57 0.27
33989.69 1.64
33990.82 2.32
33991.94 1.16
33993.07 0.58
33994.18 0.29
33995.30 0.14
33996.41 0.07
33997.53 0.04
33998.64 1.52
33999.77 1.76
34000.90 0.88
34002.01 0.44
34003.13 0.22
34004.25 0.11
34005.37 0.05
34006.48 0.03
34007.59 0.01
34008.70 0.01
34009.81 0.00
34010.91 1.00
34012.03 1.50
34013.16 1.75
34014.29 0.88
34015.41 1.44
34016.53 0.72
34017.66 0.36
34018.78 1.68
34019.90 0.84
34021.01 0.42
34022.14 0.71
34023.26 0.35
34024.39 0.18
34025.51 0.09
34026.63 1.04
34027.75 0.52
34028.87 0.26
34029.99 0.13
34031.11 0.07
34032.23 1.53
34033.36 0.77
34034.48 0.38
34035.60 1.69
34036.73 2.35
34037.85 1.17
34038.99 1.09
34040.10 0.54
34041.22 0.27
34042.34 0.14
34043.46 0.07
34044.57 0.03
34045.69 0.02
34046.80 1.51
34047.93 0.75
34049.05 0.38
34050.16 1.19
34051.29 2.09
34052.41 1.05
34053.53 1.52
34054.66 2.26
34055.78 2.63
34056.91 1.32
34058.04 1.16
34059.17 0.58
34060.30 1.79
34061.41 0.89
34062.53 0.45
34063.66 1.72
34064.78 0.86
34065.90 0.43
34067.01 0.22
34068.14 1.61
34069.28 1.30
34070.40 2.15
34071.53 1.08
34072.65 0.54
34073.77 1.77
34074.90 1.38
34076.02 0.69
34077.14 0.85
34078.26 0.42
34079.39 1.71
34080.52 2.36
34081.65 1.18
34082.78 2.09
34083.90 2.54
34085.01 1.27
34086.14 2.14
34087.28 1.57
34088.40 0.78
34089.51 1.89
34090.64 0.95
34091.76 0.47
34092.88 1.74
34094.01 0.87
34095.13 0.43
34096.25 1.72
34097.38 0.86
34098.50 0.43
34099.60 1.71
34100.73 0.86
34101.85 0.43
34102.97 0.71
34104.10 0.86
34105.21 0.43
34106.34 1.21
34107.46 0.61
34108.59 1.80
34109.70 0.90
34110.82 0.45
34111.94 1.73
34113.06 0.86
34114.18 1.93
34115.30 0.97
34116.43 0.98
34117.54 0.49
34118.66 0.25
34119.78 0.12
34120.90 0.06
34122.01 1.53
34123.14 1.77
34124.26 0.88
34125.39 0.44
34126.51 0.22
34127.64 0.61
34128.76 1.81
34129.89 1.90
34131.01 0.95
34132.13 0.48
34133.25 0.24
34134.37 0.12
34135.49 1.56
34136.62 0.78
34137.73 0.39
34138.85 0.19
34139.98 0.10
34141.10 0.05
34142.21 0.02
34143.32 0.01
34144.43 0.01
34145.55 1.50
34146.67 0.75
34147.79 0.38
34148.91 1.69
34150.04 2.34
34151.17 1.17
34152.30 0.59
34153.42 1.29
34154.55 2.15
34155.68 1.57
34156.81 0.79
34157.93 0.39
34159.05 0.20
34160.16 1.60
34161.29 2.30
34162.42 1.65
34163.54 0.82
34164.66 0.41
34165.79 1.71
34166.91 0.85
34168.03 0.43
34169.15 0.21
34170.28 1.61
34171.41 2.30
34172.53 1.15
34173.66 0.58
34174.79 1.29
34175.91 2.14
34177.04 1.07
34178.15 0.54
34179.28 1.27
34180.40 2.13
34181.53 1.07
34182.65 1.53
34183.78 1.27
34184.91 1.13
34186.04 0.57
34187.16 1.78
34188.29 0.89
34189.41 1.95
34190.54 2.47
34191.66 2.74
34192.80 1.87
34193.92 0.93
34195.04 0.47
34196.16 1.73
34197.29 0.87
34198.41 0.43
34199.54 0.22
34200.66 1.61
34201.80 2.30
34202.91 1.15
34204.04 1.58
34205.16 1.29
34206.29 0.64
34207.41 0.82
34208.54 1.41
34209.67 2.21
34210.81 2.60
34211.93 1.30
34213.05 1.65
34214.17 0.83
34215.31 0.91
34216.44 1.46
34217.56 2.23
34218.69 1.11
34219.82 0.56
34220.95 0.78
34222.07 1.89
34223.19 2.44
34224.31 1.22
34225.44 0.61
34226.56 0.31
34227.69 0.15
34228.81 0.08
34229.92 0.04
34231.03 0.02
34232.14 0.01
34233.25 0.00
34234.35 0.00
34235.46 0.50
34236.57 0.25
34237.69 0.13
34238.82 0.06
34239.94 0.03
34241.05 0.02
34242.16 0.01
34243.28 1.50
34244.39 2.25
34245.52 2.63
34246.66 2.81
34247.78 1.41
34248.91 0.70
34250.03 0.35
34251.15 0.68
34252.28 1.84
34253.40 0.92
34254.52 1.46
34255.65 0.73
34256.77 0.36
34257.89 0.18
34259.01 0.59
34260.13 1.80
34261.26 2.40
34262.39 2.70
34263.51 2.85
34264.64 1.92
34265.77 2.46
34266.89 1.23
34268.02 1.62
34269.16 2.31
34270.29 1.15
34271.41 0.58
34272.53 0.29
34273.66 0.14
34274.78 0.07
34275.89 1.54
34277.02 2.27
34278.14 1.13
34279.28 2.07
34280.40 1.03
34281.52 0.52
34282.64 0.76
34283.77 1.38
34284.89 0.69
34286.01 0.34
34287.14 1.67
34288.26 0.84
34289.39 0.42
34290.51 0.21
34291.64 0.60
34292.76 1.80
34293.87 0.90
34294.98 0.45
34296.10 0.23
34297.23 1.61
34298.36 2.31
34299.50 1.15
34300.62 0.58
34301.74 0.29
34302.86 0.14
34303.99 0.07
34305.10 0.04
34306.21 0.02
34307.32 0.51
34308.45 0.75
34309.57 0.88
34310.69 1.94
34311.82 1.47
34312.94 0.73
34314.07 0.87
34315.19 0.93
34316.32 1.97
34317.45 1.48
34318.57 0.74
34319.70 1.87
34320.82 1.94
34321.95 1.97
34323.07 1.98
34324.19 2.49
34325.32 1.75
34326.45 0.87
34327.57 1.94
34328.70 2.47
34329.83 2.23
34330.96 2.12
34332.09 2.56
34333.21 2.28
34334.34 1.14
34335.48 1.07
34336.60 1.53
34337.72 0.77
34338.84 0.38
34339.96 1.69
34341.09 1.85
34342.21 0.92
34343.33 0.46
34344.46 0.23
34345.57 0.12
34346.70 1.06
34347.82 0.53
34348.94 0.26
34350.07 1.63
34351.19 2.32
34352.33 2.16
34353.46 1.08
34354.59 2.04
34355.71 1.02
34356.83 0.51
34357.95 0.25
34359.07 0.13
34360.19 1.56
34361.32 2.28
34362.45 1.14
34363.57 0.57
34364.69 0.29
34365.82 0.14
34366.94 1.57
34368.06 0.79
34369.17 0.39
34370.30 0.20
34371.41 0.10
34372.53 0.05
34373.64 0.02
34374.74 0.01
34375.85 0.01
34376.97 0.00
34378.07 0.00
34379.17 0.00
34380.28 0.00
34381.39 0.00
34382.50 0.00
34383.59 0.00
34384.69 0.00
34385.80 0.00
34386.91 0.50
34388.03 0.25
34389.14 0.13
34390.28 0.56
34391.40 1.28
34392.52 0.64
34393.64 0.32
34394.76 0.66
34395.89 1.33
34397.02 2.17
34398.14 1.08
34399.27 2.04
34400.39 1.02
34401.51 0.51
34402.64 1.76
34403.77 1.88
34404.90 2.44
34406.02 1.72
34407.14 0.86
34408.26 0.43
34409.39 0.21
34410.51 0.11
34411.63 0.05
34412.74 0.03
34413.85 0.01
34414.97 0.51
34416.10 1.75
34417.23 1.38
34418.37 1.19
34419.50 0.59
34420.62 0.30
34421.73 0.15
34422.85 0.07
34423.97 1.54
34425.10 2.27
34426.22 1.13
34427.35 0.57
34428.48 1.78
34429.60 2.39
34430.73 2.20
34431.86 2.10
34432.98 1.05
34434.10 0.52
34435.22 0.26
34436.35 1.63
34437.47 0.82
34438.59 0.41
34439.71 0.20
34440.83 0.60
34441.96 1.80
34443.07 0.90
34444.18 0.45
34445.31 1.73
34446.44 0.86
34447.56 0.43
34448.68 0.22
34449.80 0.11
34450.91 0.05
34452.02 0.03
34453.14 0.01
34454.25 0.01
34455.37 0.00
34456.47 0.00
34457.57 0.00
34458.68 0.00
34459.78 0.00
34460.89 1.00
34462.01 1.50
34463.13 1.75
34464.26 0.88
34465.38 0.44
34466.50 0.22
34467.62 0.11
34468.74 0.05
34469.85 0.03
34470.97 0.01
34472.08 0.01
34473.19 1.50
34474.31 0.75
34475.44 0.38
34476.56 0.19
34477.68 0.59
34478.80 0.30
34479.91 0.15
34481.03 0.57
34482.16 0.79
34483.28 0.39
34484.40 0.20
34485.51 0.10
34486.63 0.05
34487.74 0.02
34488.85 0.01
34489.97 0.01
34491.08 0.00
34492.18 0.00
34493.29 1.50
34494.41 0.75
34495.53 0.38
34496.66 0.19
34497.78 1.59
34498.90 0.80
34500.01 0.40
34501.13 0.20
34502.25 0.10
34503.37 0.05
34504.48 1.52
34505.61 2.26
34506.75 1.63
34507.87 0.82
34509.00 1.91
34510.09 0.95
34511.20 1.48
34512.33 0.74
34513.46 0.37
34514.57 0.18
34515.69 0.09
34516.81 0.05
34517.92 0.02
34519.03 0.01
34520.14 0.01
34521.26 0.00
34522.37 0.00
34523.47 0.50
34524.58 0.25
34525.70 0.13
34526.82 0.06
34527.94 0.03
34529.05 0.02
34530.16 0.01
34531.28 0.50
34532.39 0.25
34533.51 1.63
34534.65 0.81
34535.77 0.41
34536.89 0.20
34538.00 1.60
34539.12 2.30
34540.24 2.65
34541.37 1.33
34542.50 0.66
34543.62 0.33
34544.74 0.17
34545.86 0.08
34546.98 0.04
34548.09 0.02
34549.19 0.01
34550.31 0.51
34551.44 0.25
34552.56 0.13
34553.68 0.06
34554.79 0.03
34555.91 0.02
34557.02 0.01
34558.13 0.00
34559.24 0.00
34560.34 0.00
34561.45 0.50
34562.57 0.25
34563.69 0.13
34564.81 1.06
34565.94 1.03
34567.05 0.52
34568.18 0.26
34569.30 0.13
34570.41 0.06
34571.53 0.53
34572.66 0.77
34573.78 0.38
34574.90 0.19
34576.01 0.10
34577.13 1.05
34578.26 1.02
34579.38 1.51
34580.51 0.76
34581.64 0.88
34582.75 0.44
34583.87 0.22
34585.00 1.11
34586.10 1.05
34587.21 0.53
34588.35 1.76
34589.48 1.38
34590.60 0.69
34591.71 0.35
34592.84 0.17
34593.96 0.09
34595.07 0.04
34596.18 1.02
34597.31 1.01
34598.43 0.51
34599.56 0.75
34600.68 1.38
34601.81 0.69
34602.93 0.34
34604.05 0.17
34605.16 0.59
34606.29 0.79
34607.41 0.40
34608.53 0.20
34609.65 0.10
34610.76 0.05
34611.87 0.02
34612.98 0.01
34614.10 0.01
34615.21 0.00
34616.33 1.50
34617.45 0.75
34618.57 0.38
34619.69 0.19
34620.81 0.09
34621.92 0.05
34623.03 0.02
34624.14 0.01
34625.25 0.01
34626.37 0.00
34627.46 0.00
34628.57 1.50
34629.70 2.25
34630.82 1.13
34631.95 0.56
34633.07 0.28
34634.18 0.14
34635.30 0.07
34636.42 0.54
34637.54 0.27
34638.66 0.13
34639.78 0.07
34640.90 0.03
34642.00 0.02
34643.10 0.01
34644.21 0.00
34645.32 0.00
34646.42 0.00
34647.53 0.00
34648.63 0.00
34649.73 0.00
34650.84 0.00
34651.94 0.00
34653.05 1.50
34654.17 1.75
34655.30 0.88
34656.41 0.44
34657.53 0.22
34658.66 1.61
34659.79 0.80
34660.91 1.90
34662.03 1.45
34663.16 0.73
34664.29 0.86
34665.41 0.93
34666.53 0.47
34667.66 0.23
34668.78 0.12
34669.90 1.56
34671.03 2.28
34672.15 2.64
34673.28 1.82
34674.41 0.91
34675.53 0.45
34676.66 1.73
34677.79 1.36
34678.91 2.18
34680.04 1.09
34681.15 0.55
34682.28 0.77
34683.40 1.89
34684.52 1.44
34685.65 0.72
34686.77 0.36
34687.89 1.68
34689.02 0.84
34690.13 0.42
34691.25 0.21
34692.37 0.11
34693.50 0.05
34694.61 0.03
34695.73 0.01
34696.84 1.51
34697.97 0.75
34699.09 0.38
34700.20 0.19
34701.32 0.59
34702.44 0.30
34703.56 0.15
34704.68 0.07
34705.79 0.04
34706.90 0.02
34708.01 0.01
34709.12 0.50
34710.24 0.25
34711.37 0.13
34712.50 0.56
34713.62 0.78
34714.74 0.39
34715.86 0.20
34716.99 0.60
34718.11 1.80
34719.23 2.40
34720.37 2.20
34721.50 1.10
34722.61 0.55
34723.73 1.77
34724.86 0.89
34725.98 0.44
34727.10 0.22
34728.22 1.61
34729.36 1.81
34730.50 0.90
34731.60 0.45
34732.71 0.23
34733.84 0.11
34734.96 0.06
34736.07 0.53
34737.19 0.26
34738.31 0.13
34739.43 0.07
34740.55 1.53
34741.68 0.77
34742.80 0.38
34743.91 1.69
34745.04 0.85
34746.16 0.42
34747.28 0.71
34748.41 0.36
34749.53 0.18
34750.66 0.09
34751.78 1.54
34752.90 0.77
34754.01 0.39
34755.14 0.69
34756.26 0.35
34757.38 0.17
34758.51 1.09
34759.63 0.54
