11685.04 2.94
11686.16 2.97
11687.29 1.99
11688.42 0.99
11689.54 2.50
11690.66 2.75
11691.78 2.87
11692.92 2.94
11694.04 2.97
11695.16 1.48
11696.29 0.74
11697.41 0.37
11698.53 1.69
11699.66 0.84
11700.78 0.42
11701.90 0.21
11703.01 0.11
11704.13 2.55
11705.26 3.28
11706.38 3.64
11707.51 1.82
11708.64 0.91
11709.76 0.45
11710.88 1.73
11712.01 0.86
11713.12 1.93
11714.25 1.47
11715.38 0.73
11716.50 0.37
11717.62 0.18
11718.74 0.09
11719.85 0.05
11720.96 0.02
11722.07 0.01
11723.18 0.01
11724.29 1.50
11725.41 0.75
11726.53 2.38
11727.66 2.69
11728.79 2.84
11729.92 1.42
11731.04 1.71
11732.16 2.36
11733.30 2.18
11734.43 2.09
11735.54 1.04
11736.66 1.52
11737.80 2.26
11738.92 1.13
11740.05 2.57
11741.18 2.78
11742.30 1.39
11743.43 1.20
11744.56 2.10
11745.68 1.05
11746.80 2.02
11747.92 1.01
11749.04 1.51
11750.17 2.75
11751.30 1.38
11752.42 0.69
11753.54 0.84
11754.66 2.42
11755.78 3.71
11756.91 3.86
11758.04 3.93
11759.16 1.96
11760.29 0.98
11761.41 0.99
11762.53 2.00
11763.65 1.00
11764.77 0.50
11765.88 2.25
11767.01 3.12
11768.14 1.56
11769.26 0.78
11770.39 2.39
11771.51 3.20
11772.64 2.10
11773.77 1.55
11774.90 0.77
11776.01 1.39
11777.13 2.69
11778.26 3.35
11779.39 3.17
11780.51 1.59
11781.64 0.79
11782.76 0.40
11783.87 0.20
11784.98 0.10
11786.10 0.05
11787.21 1.02
11788.34 2.51
11789.47 2.26
11790.59 1.13
11791.72 2.56
11792.85 3.28
11793.98 3.64
11795.10 3.82
11796.23 2.41
11797.36 17.71
11798.54 126.35
11799.74 247.18
11800.95 343.09
11802.15 409.54
11803.36 455.77
11804.57 485.39
11805.78 507.19
11806.99 521.60
11808.19 531.30
11809.40 540.15
11810.62 545.57
11811.83 550.29
11813.04 555.14
11814.25 558.57
11815.46 561.29
11816.67 563.14
11817.88 565.07
11819.08 568.04
11820.28 569.52
11821.49 570.76
11822.70 573.38
11823.90 575.19
11825.11 577.09
11826.32 578.05
11827.53 579.02
11828.74 579.01
11829.94 580.51
11831.16 581.75
11832.37 582.38
11833.59 582.69
11834.80 582.84
11836.00 583.92
11837.20 584.96
11838.41 584.98
11839.64 586.49
11840.84 587.25
11842.05 586.62
11843.25 586.31
11844.46 587.66
11845.66 588.83
11846.88 588.91
11848.08 587.96
11849.28 588.98
11850.49 588.49
11851.70 588.24
11852.91 588.12
11854.12 588.56
11855.33 588.78
11856.54 589.39
11857.74 591.20
11858.96 592.10
11860.16 591.55
11861.37 591.27
11862.60 591.14
11863.80 591.57
11865.00 591.78
11866.20 592.39
11867.40 593.70
11868.61 594.35
11869.83 594.17
11871.04 593.59
11872.26 593.29
11873.47 593.15
11874.68 593.57
11875.89 594.79
11877.10 595.39
11878.31 594.70
11879.52 593.85
11880.72 594.42
11881.93 594.21
11883.14 593.61
11884.35 594.80
11885.58 595.90
11886.78 595.45
11887.99 593.73
11889.20 593.86
11890.40 593.43
11891.62 592.72
11892.84 592.36
11894.04 592.68
11895.24 592.84
11896.46 592.42
11897.67 594.71
11898.88 596.35
11900.09 597.18
11901.30 597.59
11902.50 598.29
11903.71 597.65
11904.92 597.82
11906.13 597.91
11907.34 597.46
11908.56 596.73
11909.77 597.86
11910.98 597.43
11912.19 596.72
11913.40 596.36
11914.62 596.18
11915.83 596.59
11917.03 596.79
11918.24 598.40
11919.45 598.70
11920.66 596.85
11921.87 595.92
11923.07 595.96
11924.28 595.98
11925.48 596.49
11926.70 598.25
11927.91 599.12
11929.12 599.56
11930.33 598.78
11931.54 598.89
11932.75 599.95
11933.96 599.97
11935.17 599.99
11936.38 598.49
11937.60 597.25
11938.81 597.12
11940.02 595.06
11941.22 594.03
11942.44 594.52
11943.65 595.26
11944.86 596.13
11946.08 596.56
11947.28 598.28
11948.49 598.14
11949.70 599.57
11950.90 600.79
11952.12 601.89
11953.33 602.45
11954.54 602.72
11955.76 602.36
11956.96 602.68
11958.17 602.34
11959.38 601.17
11960.60 601.59
11961.81 602.29
11963.02 602.15
11964.23 602.07
11965.45 602.04
11966.66 600.02
11967.86 601.01
11969.07 601.50
11970.28 600.25
11971.48 599.63
11972.70 600.31
11973.91 599.16
11975.12 601.08
11976.33 600.04
11977.54 600.52
11978.75 601.26
11979.96 600.13
11981.18 599.06
11982.39 598.53
11983.61 598.77
11984.83 598.38
11986.04 598.19
11987.25 598.60
11988.46 599.80
11989.67 597.90
11990.87 598.95
11992.08 599.97
11993.28 597.49
11994.49 595.74
11995.70 599.37
11996.90 602.19
11998.11 603.59
11999.32 538.80
12000.53 469.40
12001.74 409.70
12002.95 360.35
12004.16 320.17
12005.38 287.09
12006.58 260.54
12007.79 238.27
12008.99 219.14
12010.20 203.57
12011.40 189.78
12012.61 177.39
12013.82 167.20
12015.02 158.60
12016.22 150.30
12017.42 142.65
12018.63 136.82
12019.84 130.91
12021.05 124.46
12022.25 120.23
12023.46 116.61
12024.66 112.81
12025.87 108.90
12027.07 105.45
12028.27 101.73
12029.48 98.36
12030.65 95.68
12031.82 91.84
12032.98 88.42
12034.15 85.71
12035.32 82.86
12036.49 80.93
12037.66 78.96
12038.82 77.48
12039.98 77.24
12041.15 74.62
12042.32 72.31
12043.49 70.16
12044.66 69.08
12045.82 68.54
12046.98 67.77
12048.15 66.38
12049.32 66.19
12050.49 65.60
12051.65 62.80
12052.81 60.90
12053.97 59.45
12055.14 58.22
12056.30 58.61
12057.46 59.31
12058.63 59.15
12059.80 56.58
12060.96 54.79
12062.13 53.39
12063.30 52.20
12064.46 52.10
12065.62 52.55
12066.78 52.77
12067.94 50.89
12069.11 50.44
12070.28 49.22
12071.45 47.61
12072.62 46.81
12073.78 46.90
12074.94 46.95
12076.10 45.48
12077.26 44.74
12078.44 43.37
12079.61 43.68
12080.78 44.84
12081.94 45.42
12083.10 44.71
12084.26 44.86
12085.44 44.93
12086.61 43.96
12087.78 43.48
12088.94 42.74
12090.10 40.87
12091.26 39.94
12092.44 38.47
12093.61 38.23
12094.78 38.12
12095.94 37.56
12097.11 37.28
12098.28 36.64
12099.45 38.32
12100.62 37.66
12101.78 36.83
12102.95 35.91
12104.12 35.96
12105.29 34.98
12106.46 34.49
12107.62 34.24
12108.80 34.12
12109.96 35.56
12111.13 36.28
12112.30 36.64
12113.46 36.82
12114.62 34.41
12115.79 33.21
12116.96 32.60
12118.12 32.30
12119.29 32.15
12120.46 32.08
12121.62 33.04
12122.78 33.02
12123.94 32.51
12125.10 32.25
12126.26 31.13
12127.44 30.56
12128.61 30.28
12129.78 31.14
12130.94 32.07
12132.10 31.54
12133.27 31.27
12134.45 32.13
12135.62 31.57
12136.78 31.28
12137.95 31.14
12139.12 30.57
12140.29 28.79
12141.46 27.89
12142.62 27.45
12143.79 27.22
12144.96 26.61
12146.13 26.31
12147.30 26.15
12148.46 26.08
12149.62 26.04
12150.79 27.02
12151.95 27.51
12153.12 27.25
12154.29 26.13
12155.46 25.06
12156.62 24.53
12157.78 24.27
12158.95 24.13
12160.13 24.57
12161.30 25.28
12162.46 26.64
12163.62 27.32
12164.79 26.66
12165.95 26.83
12167.11 26.42
12168.28 25.21
12169.45 25.60
12170.61 26.30
12171.77 26.15
12172.94 26.58
12174.10 26.79
12175.26 26.89
12176.44 26.45
12177.60 26.22
12178.76 26.11
12179.93 26.06
12181.09 25.03
12182.24 23.51
12183.41 22.76
12184.58 22.38
12185.75 22.19
12186.92 22.09
12188.08 21.55
12189.24 21.77
12190.41 23.39
12191.58 24.19
12192.76 22.60
12193.92 22.30
12195.08 23.15
12196.24 24.07
12197.40 24.54
12198.57 24.77
12199.74 138.38
12200.95 285.19
12202.16 390.10
12203.37 459.05
12204.59 502.02
12205.79 529.01
12207.00 545.51
12208.20 558.75
12209.40 566.38
12210.62 571.69
12211.82 576.84
12213.03 580.42
12214.24 583.21
12215.46 585.61
12216.68 586.80
12217.87 587.40
12219.07 588.20
12220.27 590.60
12221.48 591.80
12222.68 591.90
12223.88 591.95
12225.09 591.98
12226.30 591.99
12227.50 592.49
12228.70 594.25
12229.92 595.62
12231.12 595.31
12232.34 596.66
12233.56 597.83
12234.77 598.41
12235.98 599.21
12237.20 598.60
12238.39 598.80
12239.60 597.90
12240.80 598.45
12242.00 599.73
12243.20 600.36
12244.41 601.18
12245.64 600.59
12246.84 600.30
12248.06 600.15
12249.27 600.07
12250.48 600.04
12251.68 602.02
12252.89 602.51
12254.10 602.25
12255.30 602.63
12256.51 602.81
12257.72 602.91
12258.93 602.45
12260.14 603.23
12261.35 603.61
12262.58 604.31
12263.79 604.15
12265.00 603.08
12266.20 602.54
12267.40 602.27
12268.62 602.13
12269.83 602.57
12271.04 603.78
12272.24 603.39
12273.45 603.20
12274.66 604.60
12275.88 604.30
12277.08 603.65
12278.29 603.32
12279.50 604.66
12280.71 603.83
12281.92 602.92
12283.13 602.96
12284.34 603.98
12285.55 604.99
12286.76 604.49
12287.97 605.25
12289.19 605.62
12290.40 605.31
12291.61 605.66
12292.82 605.33
12294.03 605.66
12295.23 605.83
12296.44 605.42
12297.66 603.71
12298.86 605.35
12300.08 605.18
12301.28 604.09
12302.49 603.54
12303.70 603.27
12304.90 603.64
12306.12 604.82
12307.33 605.91
12308.54 605.95
12309.75 604.98
12310.96 604.49
12312.16 603.74
12313.37 604.87
12314.58 605.44
12315.80 605.72
12317.01 605.86
12318.22 606.43
12319.44 606.21
12320.66 605.11
12321.88 605.55
12323.08 605.28
12324.28 605.14
12325.49 605.07
12326.69 606.03
12327.89 606.02
12329.10 606.01
12330.30 605.00
12331.49 604.50
12332.69 605.75
12333.90 605.88
12335.11 606.44
12336.32 606.72
12337.53 605.36
12338.74 605.18
12339.94 606.09
12341.15 604.54
12342.36 604.27
12343.58 604.64
12344.78 605.32
12345.99 605.66
12347.20 605.83
12348.42 606.41
12349.64 604.71
12350.85 604.85
12352.06 604.93
12353.27 603.46
12354.48 603.23
12355.68 602.62
12356.89 602.31
12358.10 601.65
12359.30 602.83
12360.52 603.91
12361.73 603.46
12362.94 602.73
12364.15 601.86
12365.36 599.43
12366.58 594.72
12367.79 591.36
12368.99 598.18
12370.20 602.59
12371.40 603.79
12372.61 603.90
12373.82 604.45
12375.03 605.72
12376.23 606.36
12377.44 606.18
12378.65 606.09
12379.86 604.55
12381.06 605.27
12382.28 605.14
12383.49 605.07
12384.70 603.53
12385.90 604.77
12387.12 605.88
12388.32 604.94
12389.54 604.97
12390.75 604.99
12391.96 604.49
12393.16 605.75
12394.37 604.37
12395.60 603.69
12396.80 604.84
12398.00 604.92
12399.20 603.46
12400.42 554.23
12401.64 488.62
12402.85 428.81
12404.06 378.90
12405.26 337.95
12406.47 304.48
12407.67 277.24
12408.88 254.62
12410.08 235.81
12411.28 219.90
12412.48 205.45
12413.68 192.73
12414.89 182.86
12416.09 173.43
12417.29 164.22
12418.50 156.61
12419.70 149.80
12420.89 142.90
12422.09 138.45
12423.29 133.73
12424.50 127.86
12425.70 122.93
12426.90 118.47
12428.10 114.73
12429.30 112.37
12430.50 109.18
12431.70 106.09
12432.90 104.05
12434.09 100.02
12435.28 97.01
12436.44 96.01
12437.60 93.00
12438.75 90.50
12439.91 88.25
12441.08 86.13
12442.24 86.06
12443.40 84.03
12444.57 82.02
12445.73 81.01
12446.89 80.00
12448.04 77.00
12449.19 76.00
12450.34 75.00
12451.50 73.00
12452.65 72.50
12453.81 72.25
12454.98 70.63
12456.14 68.31
12457.31 66.66
12458.48 65.33
12459.65 66.16
12460.82 64.08
12461.98 63.04
12463.14 63.02
12464.30 63.01
12465.46 63.01
12466.62 62.50
12467.78 60.75
12468.95 58.38
12470.12 58.69
12471.30 58.84
12472.46 56.92
12473.62 55.46
12474.79 54.23
12475.96 53.62
12477.13 52.81
12478.30 52.40
12479.46 52.20
12480.62 53.10
12481.78 51.55
12482.94 50.28
12484.11 50.14
12485.28 50.57
12486.45 50.78
12487.61 50.89
12488.78 50.95
12489.94 48.97
12491.10 47.49
12492.26 46.74
12493.44 45.87
12494.60 46.44
12495.76 46.72
12496.93 46.36
12498.10 45.18
12499.26 44.59
12500.44 44.29
12501.60 45.15
12502.76 45.07
12503.92 45.04
12505.09 45.02
12506.24 45.01
12507.40 44.50
12508.57 44.25
12509.74 43.63
12510.90 43.31
12512.06 42.16
12513.22 40.08
12514.38 39.04
12515.55 39.52
12516.72 38.76
12517.89 37.88
12519.05 39.44
12520.21 38.22
12521.38 37.61
12522.55 37.30
12523.71 37.15
12524.88 38.08
12526.04 38.04
12527.19 38.52
12528.36 37.76
12529.53 36.88
12530.70 37.94
12531.86 38.47
12533.02 38.73
12534.18 37.37
12535.35 37.18
12536.52 36.59
12537.69 36.30
12538.85 36.15
12540.02 34.57
12541.18 33.79
12542.35 32.89
12543.52 33.45
12544.69 32.72
12545.86 32.36
12547.02 33.18
12548.18 32.59
12549.35 32.30
12550.51 32.15
12551.68 33.07
12552.84 33.54
12554.01 33.77
12555.17 33.88
12556.34 33.94
12557.50 32.97
12558.66 30.99
12559.83 30.49
12561.00 31.75
12562.15 32.37
12563.32 32.69
12564.49 32.34
12565.66 31.67
12566.82 31.34
12567.99 31.17
12569.16 29.58
12570.33 29.29
12571.50 29.15
12572.67 29.07
12573.83 29.04
12574.99 30.02
12576.15 30.51
12577.32 30.75
12578.49 30.38
12579.66 28.69
12580.82 27.84
12581.98 26.92
12583.15 26.96
12584.32 28.48
12585.49 28.74
12586.66 29.37
12587.82 29.69
12588.99 29.84
12590.15 27.92
12591.32 26.96
12592.49 26.48
12593.65 25.74
12594.82 25.37
12595.98 25.19
12597.15 25.09
12598.31 26.05
12599.47 25.52
12600.64 124.76
12601.84 273.38
12603.05 381.69
12604.25 452.85
12605.46 496.42
12606.67 525.21
12607.87 544.11
12609.09 555.55
12610.29 563.28
12611.50 568.64
12612.70 574.32
12613.90 576.16
12615.11 579.58
12616.32 582.29
12617.54 584.14
12618.76 584.57
12619.97 586.29
12621.18 588.14
12622.40 588.57
12623.61 590.29
12624.82 591.64
12626.04 591.32
12627.25 590.66
12628.46 592.33
12629.66 593.17
12630.88 593.58
12632.09 593.79
12633.29 594.90
12634.50 595.45
12635.71 594.72
12636.92 594.36
12638.13 595.68
12639.34 596.34
12640.56 595.67
12641.77 596.84
12642.98 597.42
12644.19 597.71
12645.40 597.35
12646.61 597.18
12647.83 596.09
12649.03 597.54
12650.24 597.27
12651.45 596.64
12652.66 597.82
12653.88 597.91
12655.08 598.95
12656.28 598.98
12657.49 598.49
12658.70 599.74
12659.91 600.37
12661.12 596.69
12662.33 594.34
12663.56 594.17
12664.77 592.09
12665.98 590.54
12667.18 595.27
12668.40 597.64
12669.61 599.82
12670.82 601.41
12672.03 602.20
12673.23 602.60
12674.44 601.30
12675.65 599.65
12676.86 599.83
12678.06 600.91
12679.27 601.46
12680.48 600.73
12681.68 602.36
12682.89 602.68
12684.10 603.34
12685.31 603.67
12686.52 603.34
12687.74 603.17
12688.96 602.58
12690.16 603.79
12691.37 603.90
12692.59 603.95
12693.79 603.97
12695.00 604.99
12696.20 604.49
12697.42 604.25
12698.64 603.62
12699.84 604.81
12701.05 605.41
12702.26 604.20
12703.47 603.60
12704.67 603.80
12705.88 604.90
12707.07 605.95
12708.27 605.98
12709.48 605.49
12710.69 606.24
12711.90 606.12
12713.12 605.56
12714.33 605.78
12715.55 605.39
12716.76 605.20
12717.96 605.60
12719.17 606.30
12720.38 605.65
12721.60 605.32
12722.80 605.16
12724.01 605.58
12725.21 606.79
12726.43 607.40
12727.64 606.20
12728.84 605.60
12730.04 606.30
12731.24 605.65
12732.45 604.82
12733.66 603.91
12734.87 603.96
12736.07 605.48
12737.28 606.24
12738.48 606.12
12739.69 605.56
12740.90 606.28
12742.10 606.64
12743.31 606.32
12744.52 605.66
12745.74 605.83
12746.94 606.91
12748.16 607.46
12749.37 607.73
12750.60 606.36
12751.80 605.68
12753.00 606.84
12754.20 607.42
12755.42 607.71
12756.64 606.36
12757.85 605.18
12759.06 604.59
12760.26 605.79
12761.48 605.40
12762.68 606.20
12763.89 607.10
12765.10 607.05
12766.30 607.52
12767.51 607.76
12768.72 606.88
12769.92 606.94
12771.13 606.47
12772.35 606.74
12773.57 605.87
12774.78 605.93
12775.99 606.47
12777.20 605.73
12778.41 606.37
12779.63 606.18
12780.84 605.59
12782.04 605.80
12783.24 605.90
12784.45 606.95
12785.66 607.47
12786.88 607.24
12788.08 607.62
12789.29 606.31
12790.51 605.65
12791.72 605.33
12792.93 606.16
12794.14 606.08
12795.35 607.04
12796.56 606.02
12797.77 607.01
12798.98 606.51
12800.20 605.75
12801.41 553.88
12802.62 489.94
12803.83 430.47
12805.04 380.73
12806.24 340.37
12807.44 307.68
12808.65 281.34
12809.86 259.17
12811.06 240.09
12812.26 223.04
12813.46 210.02
12814.66 198.01
12815.86 186.51
12817.07 176.25
12818.27 169.13
12819.48 161.06
12820.68 154.53
12821.88 147.77
12823.08 141.88
12824.27 137.44
12825.47 132.72
12826.67 127.86
12827.87 123.93
12829.07 120.47
12830.27 116.73
12831.47 113.87
12832.67 110.93
12833.87 106.47
12835.07 104.73
12836.27 100.87
12837.47 98.43
12838.63 98.22
12839.80 94.11
12840.97 93.55
12842.13 91.78
12843.30 90.39
12844.46 88.19
12845.62 85.10
12846.78 82.05
12847.94 81.52
12849.10 79.26
12850.26 77.63
12851.43 77.32
12852.60 75.16
12853.76 75.08
12854.92 73.04
12856.08 71.02
12857.23 71.01
12858.39 71.00
12859.55 70.50
12860.71 69.75
12861.88 67.38
12863.05 67.19
12864.21 65.59
12865.38 64.80
12866.55 63.90
12867.71 63.95
12868.88 61.97
12870.04 61.49
12871.20 60.74
12872.36 59.37
12873.54 58.69
12874.70 56.84
12875.86 58.42
12877.02 59.21
12878.18 56.11
12879.35 56.05
12880.51 55.03
12881.67 55.51
12882.84 53.76
12884.01 53.88
12885.17 54.44
12886.34 55.22
12887.50 55.11
12888.66 54.05
12889.82 51.03
12890.98 50.51
12892.16 51.76
12893.33 51.38
12894.50 50.19
12895.66 49.59
12896.82 47.30
12897.98 47.15
12899.15 46.57
12900.32 47.29
12901.50 46.14
12902.66 47.57
12903.82 47.29
12904.99 46.14
12906.16 46.57
12907.33 46.79
12908.50 46.89
12909.66 44.95
12910.82 44.97
12911.98 44.99
12913.14 44.99
12914.30 43.00
12915.46 42.00
12916.62 41.50
12917.78 42.25
12918.94 41.62
12920.11 41.31
12921.28 40.66
12922.45 39.83
12923.62 40.41
12924.78 39.71
12925.96 39.35
12927.12 40.18
12928.29 39.09
12929.45 38.04
12930.61 37.52
12931.78 38.76
12932.94 38.88
12934.10 38.94
12935.26 38.97
12936.42 37.49
12937.59 36.74
12938.75 37.37
12939.92 37.69
12941.09 37.34
12942.25 37.67
12943.42 36.34
12944.59 36.17
12945.76 36.58
12946.92 36.29
12948.09 36.15
12949.25 36.57
12950.42 35.29
12951.58 34.14
12952.75 34.07
12953.91 34.04
12955.07 34.52
12956.23 34.76
12957.41 33.38
12958.58 32.69
12959.75 33.84
12960.91 33.92
12962.07 33.96
12963.23 33.98
12964.40 33.99
12965.56 34.00
12966.72 34.00
12967.87 32.00
12969.02 31.00
12970.18 30.50
12971.34 31.25
12972.50 32.62
12973.66 30.81
12974.83 30.41
12976.00 29.70
12977.15 30.35
12978.32 29.68
12979.49 28.84
12980.65 28.42
12981.82 28.21
12982.98 28.10
12984.14 28.05
12985.30 28.03
12986.46 27.51
12987.63 28.76
12988.80 29.88
12989.96 30.44
12991.13 30.22
12992.30 30.61
12993.46 28.30
12994.62 27.65
12995.78 27.83
12996.95 27.91
12998.11 29.46
12999.28 29.73
13000.45 27.86
13001.61 171.93
13002.82 311.97
13004.03 408.98
13005.22 469.99
13006.43 509.50
13007.64 534.25
13008.85 549.12
13010.06 560.06
13011.27 566.53
13012.47 572.77
13013.68 576.88
13014.89 579.94
13016.10 581.47
13017.30 583.24
13018.51 585.12
13019.72 587.56
13020.93 588.28
13022.14 589.64
13023.36 590.82
13024.58 592.41
13025.78 593.20
13026.98 594.10
13028.19 593.55
13029.40 593.78
13030.61 594.39
13031.82 594.69
13033.03 594.85
13034.23 596.42
13035.44 597.71
13036.65 598.36
13037.86 597.68
13039.07 597.34
13040.28 597.17
13041.48 598.08
13042.69 598.54
13043.90 598.27
13045.11 598.14
13046.32 598.07
13047.54 600.03
13048.75 600.02
13049.95 601.01
13051.16 601.00
13052.36 600.00
13053.57 601.00
13054.77 601.50
13055.98 600.25
13057.20 599.63
13058.41 600.81
13059.62 600.41
13060.83 601.70
13062.04 601.35
13063.24 600.68
13064.45 602.34
13065.66 602.67
13066.87 601.83
13068.07 602.92
13069.28 601.96
13070.49 602.98
13071.70 601.49
13072.90 602.74
13074.10 602.37
13075.31 601.69
13076.53 601.34
13077.74 602.67
13078.95 602.84
13080.15 603.42
13081.36 603.71
13082.58 603.85
13083.80 602.93
13085.00 602.46
13086.20 603.23
13087.42 604.12
13088.64 604.56
13089.84 603.28
13091.05 604.14
13092.26 605.07
13093.47 604.53
13094.68 603.77
13095.88 604.88
13097.09 605.44
13098.29 604.22
13099.50 604.11
13100.71 603.56
13101.92 602.78
13103.13 604.39
13104.34 604.69
13105.56 604.85
13106.76 603.92
13107.97 603.46
13109.18 604.73
13110.40 603.87
13111.61 602.93
13112.82 604.47
13114.03 604.73
13115.24 604.37
13116.45 603.68
13117.66 603.34
13118.86 604.67
13120.08 604.84
13121.28 604.42
13122.49 604.21
13123.71 603.60
13124.92 604.80
13126.11 605.40
13127.32 605.70
13128.54 605.85
13129.75 604.93
13130.96 605.96
13132.17 605.98
13133.38 604.99
13134.60 604.50
13135.80 604.25
13137.00 603.62
13138.20 605.31
13139.42 605.66
13140.63 604.83
13141.84 604.41
13143.05 604.21
13144.26 604.10
13145.47 604.05
13146.68 604.03
13147.88 604.01
13149.08 604.01
13150.28 605.00
13151.48 606.00
13152.68 605.50
13153.88 605.25
13155.09 604.63
13156.30 604.31
13157.51 604.66
13158.72 605.83
13159.93 604.91
13161.14 605.46
13162.35 605.23
13163.57 605.61
13164.78 606.31
13165.98 606.65
13167.19 606.83
13168.41 606.41
13169.63 606.21
13170.84 606.60
13172.04 605.30
13173.24 604.65
13174.45 603.83
13175.66 605.41
13176.87 605.71
13178.08 604.35
13179.28 604.68
13180.49 605.34
13181.70 605.67
13182.91 604.83
13184.12 604.42
13185.34 604.21
13186.56 603.60
13187.76 603.80
13188.96 605.40
13190.16 604.70
13191.37 605.35
13192.60 606.18
13193.80 604.59
13195.00 603.79
13196.20 603.90
13197.41 605.45
13198.62 606.22
13199.84 604.61
13201.04 605.31
13202.25 544.65
13203.46 478.83
13204.68 420.91
13205.88 373.46
13207.09 334.73
13208.30 303.36
13209.50 277.68
13210.70 255.84
13211.90 237.42
13213.10 222.21
13214.30 209.11
13215.51 197.05
13216.71 186.53
13217.93 176.76
13219.13 168.88
13220.33 160.94
13221.54 153.97
13222.74 147.49
13223.95 141.74
13225.15 136.87
13226.36 132.94
13227.58 128.97
13228.78 125.48
13229.98 120.74
13231.18 116.37
13232.40 113.69
13233.60 109.84
13234.80 106.92
13236.00 103.96
13237.19 101.48
13238.41 98.74
13239.58 96.37
13240.74 95.19
13241.91 94.09
13243.07 92.55
13244.23 91.27
13245.41 89.14
13246.58 87.07
13247.74 84.53
13248.91 82.27
13250.08 80.63
13251.24 79.32
13252.41 77.66
13253.58 76.33
13254.74 75.16
13255.91 73.58
13257.08 72.79
13258.24 71.40
13259.41 70.70
13260.57 70.35
13261.74 69.67
13262.90 68.34
13264.06 67.17
13265.22 67.58
13266.40 67.29
13267.56 67.15
13268.73 65.57
13269.90 64.29
13271.06 63.64
13272.22 63.32
13273.40 62.16
13274.56 61.58
13275.73 61.29
13276.90 60.65
13278.06 59.82
13279.23 57.91
13280.41 57.96
13281.58 56.98
13282.74 55.49
13283.91 54.24
13285.08 53.62
13286.24 52.81
13287.42 53.41
13288.58 54.20
13289.74 53.10
13290.90 52.05
13292.06 51.03
13293.22 50.01
13294.40 50.01
13295.55 49.00
13296.70 50.50
13297.86 50.25
13299.02 49.13
13300.19 48.06
13301.35 47.03
13302.52 47.02
13303.68 46.01
13304.84 45.50
13306.00 44.75
13307.15 43.88
13308.32 45.44
13309.49 45.72
13310.66 43.86
13311.82 42.93
13312.99 43.96
13314.15 44.98
13315.31 44.99
13316.48 43.50
13317.64 43.75
13318.81 42.87
13319.98 43.94
13321.14 43.97
13322.31 43.48
13323.48 42.74
13324.64 42.37
13325.81 41.19
13326.98 39.59
13328.14 38.80
13329.30 39.40
13330.46 40.20
13331.62 41.10
13332.78 41.05
13333.94 40.52
13335.10 39.26
13336.26 38.63
13337.43 37.32
13338.60 36.66
13339.77 36.33
13340.94 36.16
13342.10 35.58
13343.26 36.29
13344.43 37.65
13345.60 37.32
13346.76 38.16
13347.93 38.08
13349.09 37.54
13350.25 37.77
13351.42 37.39
13352.58 37.19
13353.75 37.10
13354.91 37.05
13356.07 37.02
13357.22 37.01
13358.40 36.51
13359.56 36.25
13360.73 36.13
13361.90 36.06
13363.05 35.03
13364.20 34.52
13365.37 34.26
13366.54 33.13
13367.71 31.56
13368.88 31.78
13370.04 32.39
13371.20 32.20
13372.36 32.10
13373.54 32.05
13374.70 32.02
13375.86 32.01
13377.02 32.01
13378.18 30.50
13379.34 30.25
13380.50 30.63
13381.66 30.31
13382.83 31.66
13384.00 32.33
13385.16 32.66
13386.33 31.83
13387.50 31.42
13388.66 30.21
13389.83 29.10
13390.99 30.05
13392.15 30.53
13393.32 30.76
13394.49 29.88
13395.65 28.94
13396.82 27.97
13397.98 27.99
13399.15 27.99
13400.32 28.50
13401.48 29.25
13402.65 135.12
13403.86 281.06
13405.06 386.53
13406.26 455.27
13407.47 497.63
13408.68 525.82
13409.89 543.91
13411.10 554.95
13412.30 561.98
13413.52 568.99
13414.73 573.49
13415.94 576.25
13417.16 578.12
13418.37 580.06
13419.58 582.03
13420.78 584.52
13421.99 586.76
13423.20 587.88
13424.41 587.94
13425.62 588.47
13426.83 589.73
13428.04 590.37
13429.25 591.18
13430.46 592.59
13431.67 591.80
13432.88 591.40
13434.08 592.20
13435.28 594.10
13436.49 594.55
13437.70 594.77
13438.90 596.39
13440.12 596.19
13441.33 596.60
13442.55 597.80
13443.74 598.90
13444.95 597.95
13446.15 598.97
13447.36 599.49
13448.58 598.74
13449.79 599.87
13451.00 599.44
13452.20 598.72
13453.41 599.86
13454.62 599.93
13455.83 598.96
13457.04 598.48
13458.24 599.74
13459.45 600.87
13460.66 599.44
13461.86 600.72
13463.07 601.36
13464.28 600.68
13465.49 600.34
13466.70 601.17
13467.91 601.58
13469.12 601.29
13470.33 602.15
13471.56 601.07
13472.77 602.04
13473.97 602.02
13475.18 601.51
13476.40 600.75
13477.60 602.38
13478.81 602.69
13480.02 602.84
13481.22 602.92
13482.43 602.96
13483.64 601.98
13484.84 602.99
13486.05 604.00
13487.25 603.50
13488.46 602.25
13489.66 603.12
13490.87 604.06
13492.08 603.53
13493.28 602.27
13494.49 602.13
13495.70 603.07
13496.90 603.53
13498.11 603.27
13499.32 602.13
13500.56 602.07
13501.76 601.53
13502.97 601.27
13504.18 601.63
13505.40 603.32
13506.60 603.16
13507.81 604.08
13509.02 603.04
13510.22 603.02
13511.43 603.01
13512.64 602.00
13513.84 602.50
13515.04 602.25
13516.25 600.63
13517.47 600.31
13518.68 600.66
13519.89 600.33
13521.10 599.66
13522.30 600.83
13523.52 600.92
13524.73 600.46
13525.94 600.23
13527.15 599.61
13528.36 599.31
13529.58 599.65
13530.80 599.33
13532.00 598.66
13533.20 599.33
13534.41 600.67
13535.63 599.83
13536.84 598.92
13538.04 600.46
13539.24 600.73
13540.45 600.86
13541.66 600.43
13542.86 601.22
13544.08 601.61
13545.28 600.80
13546.49 600.90
13547.69 600.95
13548.90 600.48
13550.10 600.74
13551.32 600.87
13552.54 599.93
13553.74 600.97
13554.96 600.48
13556.16 600.74
13557.37 599.87
13558.59 598.94
13559.80 599.97
13561.00 599.98
13562.20 599.49
13563.40 599.25
13564.61 599.62
13565.83 599.81
13567.03 600.41
13568.24 601.20
13569.45 600.10
13570.66 601.05
13571.87 601.53
13573.08 601.26
13574.28 599.63
13575.49 600.82
13576.70 601.91
13577.91 599.95
13579.12 599.48
13580.33 594.24
13581.56 593.62
13582.77 593.81
13583.98 592.40
13585.18 593.20
13586.40 595.60
13587.60 595.80
13588.80 598.90
13590.00 598.45
13591.20 600.23
13592.41 601.11
13593.63 599.56
13594.84 599.28
13596.04 600.14
13597.25 598.57
13598.46 603.28
13599.66 605.14
13600.88 608.57
13602.08 609.29
13603.29 561.14
13604.50 498.07
13605.70 439.54
13606.91 389.27
13608.12 348.13
13609.34 314.57
13610.56 286.78
13611.77 263.89
13612.98 244.45
13614.18 228.22
13615.40 213.61
13616.60 201.31
13617.80 190.65
13619.00 180.33
13620.19 171.66
13621.40 163.83
13622.60 157.92
13623.80 150.96
13625.00 145.98
13626.19 139.99
13627.40 134.49
13628.60 130.25
13629.80 127.12
13631.00 122.56
13632.19 119.78
13633.40 117.39
13634.59 112.70
13635.79 109.35
13636.99 106.17
13638.19 103.09
13639.40 101.54
13640.59 98.77
13641.75 95.89
13642.91 94.94
13644.08 93.97
13645.24 91.49
13646.41 88.74
13647.58 87.37
13648.74 87.19
13649.92 84.59
13651.08 83.80
13652.23 83.40
13653.40 80.20
13654.55 78.60
13655.71 77.30
13656.87 77.15
13658.04 76.57
13659.20 74.79
13660.36 72.39
13661.54 72.20
13662.70 72.10
13663.86 71.55
13665.02 70.27
13666.18 67.64
13667.35 66.32
13668.53 65.16
13669.70 64.58
13670.86 64.79
13672.02 63.89
13673.18 62.95
13674.35 61.47
13675.53 60.74
13676.70 59.37
13677.86 59.68
13679.02 59.84
13680.18 57.92
13681.35 56.96
13682.53 56.48
13683.70 55.24
13684.86 54.62
13686.03 54.31
13687.19 53.66
13688.36 53.83
13689.54 54.41
13690.70 54.71
13691.86 54.85
13693.02 54.43
13694.18 54.21
13695.35 53.61
13696.53 51.30
13697.69 49.65
13698.86 48.83
13700.02 49.91
13701.18 50.46
13702.35 50.73
13703.53 50.36
13704.70 49.18
13705.86 47.59
13707.02 46.30
13708.18 45.65
13709.35 44.82
13710.53 44.41
13711.70 44.21
13712.86 44.10
13714.02 44.05
13715.18 43.53
13716.34 42.76
13717.52 42.38
13718.69 42.19
13719.86 43.10
13721.02 44.05
13722.18 44.02
13723.34 43.01
13724.51 42.01
13725.69 41.00
13726.84 40.50
13728.00 40.25
13729.15 40.13
13730.32 40.06
13731.48 40.03
13732.64 40.02
13733.80 38.51
13734.96 38.25
13736.13 37.63
13737.30 39.31
13738.46 39.16
13739.63 40.08
13740.79 40.04
13741.95 39.52
13743.12 37.76
13744.29 36.38
13745.46 37.19
13746.62 37.09
13747.78 38.05
13748.94 38.52
13750.11 38.76
13751.29 38.38
13752.46 37.69
13753.62 37.35
13754.79 37.67
13755.96 37.84
13757.13 37.42
13758.30 37.21
13759.46 35.60
13760.63 34.80
13761.79 33.90
13762.95 33.45
13764.12 32.73
13765.29 32.36
13766.46 32.18
13767.62 32.09
13768.78 32.05
13769.94 33.02
13771.10 34.01
13772.26 34.51
13773.43 34.75
13774.60 34.88
13775.76 34.94
13776.93 34.97
13778.10 34.48
13779.26 34.24
13780.43 32.62
13781.59 32.81
13782.76 32.91
13783.93 32.95
13785.10 32.48
13786.26 32.24
13787.42 31.12
13788.59 30.56
13789.76 30.78
13790.93 30.89
13792.10 30.94
13793.26 30.97
13794.43 29.49
13795.59 28.74
13796.76 27.87
13797.93 28.94
13799.10 29.97
13800.26 28.98
13801.42 28.49
13802.59 28.25
13803.76 148.12
13804.97 293.56
13806.18 398.28
13807.39 464.64
13808.60 507.82
13809.81 534.41
13811.02 551.21
13812.22 563.10
13813.43 570.05
13814.64 576.53
13815.85 579.76
13817.06 583.88
13818.26 586.94
13819.46 587.97
13820.67 589.99
13821.88 590.99
13823.09 592.50
13824.29 592.75
13825.50 593.37
13826.70 595.19
13827.92 595.09
13829.13 595.55
13830.34 596.27
13831.56 595.64
13832.77 595.32
13833.98 593.16
13835.19 591.08
13836.39 593.04
13837.59 593.52
13838.80 593.76
13840.00 594.88
13841.20 593.94
13842.40 595.97
13843.61 598.98
13844.82 599.99
13846.03 599.50
13847.22 600.25
13848.44 601.62
13849.64 600.81
13850.85 601.91
13852.06 600.45
13853.26 600.73
13854.48 601.36
13855.68 601.18
13856.90 600.59
13858.10 600.80
13859.30 601.90
13860.51 601.45
13861.71 602.72
13862.92 601.36
13864.13 599.68
13865.34 599.34
13866.56 599.17
13867.77 600.59
13868.98 600.29
13870.18 600.65
13871.40 600.32
13872.60 600.16
13873.81 599.58
13875.02 601.29
13876.23 602.15
13877.45 601.07
13878.66 600.54
13879.87 600.27
13881.07 601.13
13882.28 600.57
13883.50 601.78
13884.71 602.89
13885.92 601.95
13887.12 602.47
13888.33 603.24
13889.56 603.12
13890.77 602.06
13891.98 603.53
13893.18 604.26
13894.39 604.63
13895.60 603.32
13896.81 602.16
13898.02 603.58
13899.23 604.29
13900.44 602.64
13901.64 603.82
13902.86 604.91
13904.06 604.96
13905.27 606.48
13906.48 608.24
13907.69 608.62
13908.90 608.81
13910.10 609.90
13911.31 610.45
13912.53 609.23
13913.75 609.11
13914.96 609.06
13916.17 610.53
13917.39 611.26
13918.60 611.63
13919.81 611.32
13921.03 611.16
13922.24 610.08
13923.45 609.54
13924.66 610.77
13925.86 611.38
13927.07 611.69
13928.28 610.85
13929.48 610.92
13930.69 610.46
13931.90 609.73
13933.11 610.87
13934.32 611.43
13935.54 611.72
13936.76 610.86
13937.97 610.43
13939.18 611.71
13940.40 610.36
13941.60 611.18
13942.81 610.09
13944.02 610.54
13945.22 611.27
13946.43 611.64
13947.64 611.32
13948.86 610.66
13950.07 611.83
13951.28 611.41
13952.51 611.21
13953.72 610.10
13954.93 609.55
13956.14 610.78
13957.34 611.39
13958.56 611.69
13959.77 610.35
13960.98 611.67
13962.19 611.34
13963.40 610.17
13964.61 611.58
13965.82 612.29
13967.03 611.15
13968.24 610.07
13969.44 611.04
13970.65 610.02
13971.86 610.01
13973.06 611.00
13974.26 612.00
13975.46 611.00
13976.66 612.00
13977.86 612.50
13979.07 611.25
13980.27 612.13
13981.50 612.06
13982.70 611.53
13983.91 611.27
13985.12 612.13
13986.34 612.07
13987.56 611.03
13988.76 610.52
13989.97 611.26
13991.18 610.63
13992.40 609.81
13993.60 610.91
13994.81 610.95
13996.02 611.98
13997.22 612.49
13998.44 612.24
13999.65 610.62
14000.86 611.81
14002.07 610.91
14003.28 610.45
14004.48 591.23
14005.69 529.11
14006.91 465.56
14008.12 411.28
14009.34 366.14
14010.56 329.07
14011.77 298.53
14012.98 273.77
14014.18 253.38
14015.39 236.19
14016.60 220.10
14017.80 207.05
14018.99 196.02
14020.19 185.51
14021.40 177.26
14022.60 168.63
14023.81 160.81
14025.02 154.41
14026.22 148.20
14027.42 143.60
14028.62 138.80
14029.82 133.40
14031.02 128.20
14032.22 123.60
14033.42 119.80
14034.62 116.90
14035.82 114.95
14037.02 112.48
14038.23 109.74
14039.44 106.87
14040.64 104.93
14041.84 102.97
14043.04 100.48
14044.24 96.74
14045.41 94.37
14046.58 92.19
14047.74 90.09
14048.90 88.05
14050.06 87.52
14051.22 86.76
14052.38 85.38
14053.55 83.69
14054.72 81.85
14055.89 80.42
14057.06 78.21
14058.22 76.11
14059.39 74.55
14060.56 74.78
14061.73 74.89
14062.90 73.94
14064.06 71.47
14065.22 69.74
14066.38 68.37
14067.55 67.18
14068.73 66.59
14069.90 65.30
14071.06 64.65
14072.22 65.82
14073.38 64.91
14074.55 63.46
14075.72 62.23
14076.89 61.11
14078.06 60.06
14079.22 59.03
14080.38 58.01
14081.54 57.51
14082.71 58.75
14083.88 58.88
14085.04 57.44
14086.20 55.72
14087.37 56.86
14088.54 55.93
14089.70 54.46
14090.86 53.23
14092.03 54.12
14093.19 54.06
14094.35 52.03
14095.52 53.01
14096.68 53.01
14097.84 51.00
14098.99 49.50
14100.15 48.75
14101.32 49.88
14102.50 50.44
14103.66 49.22
14104.82 47.61
14105.99 48.80
14107.15 49.40
14108.31 48.70
14109.47 47.85
14110.64 46.43
14111.81 45.21
14112.98 45.11
14114.14 46.05
14115.30 46.53
14116.46 45.26
14117.63 44.13
14118.80 45.07
14119.95 43.53
14121.12 43.27
14122.29 44.13
14123.46 44.07
14124.62 44.03
14125.78 42.02
14126.94 41.01
14128.10 41.00
14129.25 41.00
14130.41 41.00
14131.57 40.00
14132.72 41.50
14133.88 41.75
14135.04 41.38
14136.21 39.69
14137.38 38.84
14138.54 37.92
14139.71 37.96
14140.88 37.48
14142.04 36.74
14143.20 37.87
14144.37 39.44
14145.54 39.72
14146.70 39.36
14147.86 37.68
14149.03 36.84
14150.19 36.42
14151.37 35.21
14152.54 34.60
14153.70 35.30
14154.86 34.65
14156.02 34.33
14157.19 33.66
14158.37 33.83
14159.54 33.92
14160.70 34.46
14161.86 35.23
14163.03 35.11
14164.19 34.06
14165.36 33.03
14166.53 32.51
14167.70 32.26
14168.86 32.13
14170.03 32.06
14171.18 32.03
14172.34 32.02
14173.51 32.01
14174.67 31.50
14175.83 33.25
14177.00 33.13
14178.16 34.06
14179.33 34.03
14180.50 33.02
14181.66 31.51
14182.82 30.75
14183.99 30.38
14185.16 29.69
14186.33 30.34
14187.51 29.67
14188.68 29.34
14189.85 29.17
14191.02 29.58
14192.18 29.29
14193.34 28.65
14194.52 28.82
14195.69 29.41
14196.86 30.21
14198.02 30.60
14199.18 30.80
14200.34 30.40
14201.50 28.70
14202.66 28.85
14203.82 29.93
14204.99 30.46
14206.16 191.23
14207.38 329.62
14208.60 422.31
14209.80 481.65
14211.00 518.83
14212.20 540.91
14213.41 554.96
14214.62 565.98
14215.82 572.99
14217.04 576.99
14218.24 582.00
14219.44 584.50
14220.65 587.75
14221.86 588.87
14223.06 590.94
14224.27 592.97
14225.47 592.98
14226.68 593.99
14227.89 595.50
14229.10 596.75
14230.30 597.87
14231.52 597.94
14232.74 596.97
14233.94 597.48
14235.15 598.74
14236.37 599.37
14237.59 598.69
14238.79 599.34
14240.00 599.17
14241.20 601.09
14242.40 601.04
14243.60 600.52
14244.81 601.76
14246.02 602.38
14247.23 601.19
14248.44 603.10
14249.65 602.55
14250.86 604.27
14252.06 604.64
14253.28 603.82
14254.50 605.41
14255.70 605.70
14256.91 604.85
14258.11 605.93
14259.33 604.96
14260.55 605.98
14261.76 605.49
14262.96 606.75
14264.17 606.87
14265.38 605.94
14266.59 606.97
14267.80 606.48
14269.00 606.24
14270.20 606.12
14271.41 606.06
14272.62 607.53
14273.82 607.77
14275.04 607.38
14276.24 607.19
14277.45 608.60
14278.66 609.30
14279.87 608.65
14281.07 609.32
14282.28 609.16
14283.50 608.08
14284.70 609.54
14285.90 609.77
14287.10 610.39
14288.32 610.19
14289.54 609.10
14290.74 609.55
14291.96 608.77
14293.17 608.39
14294.38 609.69
14295.58 610.35
14296.80 609.17
14298.00 608.59
14299.20 608.79
14300.40 608.40
14301.60 609.70
14302.80 610.35
14304.01 610.17
14305.22 609.59
14306.44 609.29
14307.64 610.15
14308.86 611.07
14310.07 610.54
14311.27 610.77
14312.50 609.88
14313.70 608.94
14314.90 608.47
14316.10 609.74
14317.32 609.87
14318.54 608.93
14319.75 610.47
14320.96 609.73
14322.17 609.37
14323.38 610.18
14324.59 610.59
14325.80 609.80
14327.00 609.40
14328.19 611.20
14329.40 611.60
14330.60 610.30
14331.80 611.15
14333.01 611.07
14334.21 610.04
14335.42 610.02
14336.63 611.51
14337.83 611.75
14339.04 611.88
14340.25 611.94
14341.46 611.97
14342.66 611.98
14343.88 610.49
14345.08 609.75
14346.29 608.87
14347.50 610.44
14348.70 611.22
14349.92 611.11
14351.13 611.05
14352.34 609.53
14353.56 608.76
14354.77 610.38
14355.98 610.69
14357.19 609.85
14358.40 608.92
14359.60 609.46
14360.80 610.23
14362.01 611.12
14363.22 610.06
14364.43 609.53
14365.63 610.26
14366.85 610.63
14368.06 610.32
14369.27 609.16
14370.49 610.08
14371.69 610.54
14372.90 610.27
14374.11 609.63
14375.32 608.82
14376.55 608.41
14377.75 609.70
14378.95 609.85
14380.17 608.93
14381.38 609.96
14382.59 607.98
14383.80 606.99
14385.00 606.50
14386.19 607.25
14387.40 608.62
14388.61 609.81
14389.82 608.91
14391.03 608.95
14392.23 608.98
14393.44 607.49
14394.65 608.74
14395.86 608.87
14397.07 607.94
14398.28 607.47
14399.50 607.73
14400.71 606.37
14401.92 607.18
14403.12 608.09
14404.33 609.05
14405.55 601.02
14406.75 538.01
14407.96 473.01
14409.16 417.00
14410.37 370.50
14411.58 332.75
14412.79 301.88
14414.00 276.44
14415.20 255.22
14416.40 238.11
14417.60 222.05
14418.79 209.03
14419.99 198.01
14421.19 187.51
14422.40 178.75
14423.60 169.88
14424.80 162.94
14426.00 155.47
14427.19 150.23
14428.40 143.62
14429.60 138.81
14430.80 133.90
14431.99 129.45
14433.19 125.73
14434.40 121.36
14435.60 117.68
14436.80 113.84
14438.00 110.92
14439.19 107.96
14440.39 104.98
14441.60 102.49
14442.80 99.75
14443.96 97.87
14445.12 95.94
14446.29 93.47
14447.46 92.23
14448.63 90.12
14449.80 88.56
14450.96 87.78
14452.13 87.39
14453.30 86.19
14454.46 84.10
14455.62 82.05
14456.78 80.52
14457.95 78.76
14459.12 77.38
14460.29 76.69
14461.46 75.35
14462.62 74.67
14463.79 73.34
14464.96 72.67
14466.13 70.83
14467.30 69.42
14468.46 68.71
14469.62 68.35
14470.79 68.18
14471.96 67.59
14473.13 66.79
14474.30 65.90
14475.46 64.45
14476.62 63.72
14477.79 63.36
14478.96 62.68
14480.13 62.34
14481.30 61.17
14482.46 59.59
14483.62 58.29
14484.79 58.65
14485.96 58.82
14487.12 58.91
14488.29 58.46
14489.46 57.23
14490.63 55.11
14491.80 53.56
14492.96 53.28
14494.13 52.64
14495.30 52.32
14496.46 52.66
14497.63 53.33
14498.81 53.16
14499.98 51.08
14501.14 49.54
14502.30 48.77
14503.46 48.39
14504.63 48.19
14505.80 48.10
14506.96 47.05
14508.12 46.52
14509.29 46.26
14510.46 46.13
14511.62 46.07
14512.79 45.53
14513.96 44.77
14515.13 44.38
14516.30 45.19
14517.46 45.10
14518.62 43.55
14519.79 42.77
14520.96 42.39
14522.13 42.19
14523.30 42.10
14524.46 42.55
14525.62 43.27
14526.79 41.64
14527.96 40.82
14529.13 40.41
14530.30 40.20
14531.46 40.10
14532.62 40.05
14533.78 39.53
14534.94 38.76
14536.11 39.38
14537.28 40.69
14538.44 40.85
14539.61 38.92
14540.78 37.96
14541.94 37.48
14543.10 37.24
14544.26 38.12
14545.43 39.06
14546.59 40.03
14547.75 39.52
14548.92 39.26
14550.09 39.13
14551.25 39.06
14552.41 38.53
14553.58 37.27
14554.74 36.13
14555.91 35.07
14557.07 34.53
14558.23 33.77
14559.40 33.38
14560.56 33.69
14561.72 33.35
14562.89 34.17
14564.06 35.59
14565.22 34.79
14566.39 33.90
14567.55 32.95
14568.72 32.47
14569.89 32.74
14571.06 32.37
14572.22 32.18
14573.38 32.09
14574.54 32.55
14575.71 33.77
14576.88 32.89
14578.04 32.44
14579.20 31.22
14580.37 31.61
14581.54 30.81
14582.70 31.40
14583.86 30.70
14585.02 30.85
14586.18 30.43
14587.36 29.71
14588.52 29.36
14589.69 29.68
14590.85 29.84
14592.02 28.92
14593.18 28.46
14594.36 28.23
14595.52 28.11
14596.69 28.56
14597.86 28.78
14599.02 29.89
14600.19 28.94
14601.36 27.97
14602.53 29.49
14603.70 30.24
14604.86 30.62
14606.02 30.81
14607.19 193.91
14608.40 330.95
14609.60 422.48
14610.80 478.74
14612.00 514.87
14613.20 536.93
14614.41 551.97
14615.62 561.98
14616.82 567.99
14618.03 573.50
14619.23 576.75
14620.44 580.87
14621.65 582.44
14622.86 585.72
14624.07 587.86
14625.27 587.93
14626.49 589.96
14627.70 591.98
14628.90 591.49
14630.10 591.75
14631.30 592.37
14632.52 594.19
14633.73 594.09
14634.94 593.55
14636.15 594.77
14637.37 594.39
14638.58 594.19
14639.78 595.10
14641.00 594.05
14642.20 593.52
14643.40 594.26
14644.61 595.63
14645.82 595.32
14647.03 598.16
14648.24 599.08
14649.45 597.04
14650.66 597.52
14651.88 596.26
14653.08 597.13
14654.29 596.56
14655.50 597.28
14656.70 597.64
14657.90 598.32
14659.12 601.66
14660.33 602.33
14661.56 603.67
14662.78 605.33
14663.98 606.17
14665.20 606.08
14666.40 605.04
14667.60 606.52
14668.81 606.76
14670.02 606.88
14671.22 607.44
14672.43 606.22
14673.64 607.61
14674.85 608.30
14676.05 607.15
14677.26 608.08
14678.48 608.54
14679.68 608.77
14680.89 607.38
14682.10 607.69
14683.31 606.85
14684.53 608.42
14685.74 608.21
14686.96 607.61
14688.17 607.80
14689.37 609.40
14690.58 609.70
14691.78 610.85
14692.99 609.93
14694.19 610.96
14695.40 610.48
14696.61 609.74
14697.82 610.87
14699.03 610.44
14700.24 610.22
14701.45 610.11
14702.66 611.55
14703.88 611.28
14705.08 610.64
14706.28 610.32
14707.50 611.66
14708.72 610.83
14709.93 611.91
14711.14 610.96
14712.36 611.48
14713.57 610.74
14714.78 612.37
14715.99 612.18
14717.20 611.59
14718.40 612.80
14719.60 611.90
14720.80 612.95
14722.00 612.47
14723.21 611.74
14724.42 612.87
14725.62 612.93
14726.84 612.47
14728.04 611.73
14729.24 612.87
14730.45 613.43
14731.66 613.72
14732.87 612.36
14734.08 613.18
14735.28 613.59
14736.51 612.79
14737.71 613.40
14738.92 613.70
14740.13 613.85
14741.35 613.92
14742.56 612.46
14743.76 613.23
14744.97 613.62
14746.18 612.31
14747.40 611.65
14748.60 612.83
14749.81 611.91
14751.02 612.96
14752.23 611.98
14753.43 612.49
14754.64 613.24
14755.85 612.12
14757.06 613.06
14758.26 613.53
14759.48 612.27
14760.70 612.63
14761.91 612.32
14763.12 611.66
14764.35 611.33
14765.56 612.66
14766.77 612.33
14767.98 613.17
14769.20 613.08
14770.39 614.04
14771.60 614.02
14772.80 612.51
14774.00 612.76
14775.20 611.88
14776.41 612.94
14777.62 611.97
14778.82 612.98
14780.04 612.99
14781.23 613.50
14782.44 613.25
14783.66 612.62
14784.87 611.81
14786.07 612.91
14787.28 612.45
14788.50 611.73
14789.71 611.86
14790.91 611.93
14792.12 611.47
14793.35 611.23
14794.56 612.62
14795.78 612.81
14796.99 611.90
14798.18 612.45
14799.40 611.73
14800.60 612.36
14801.81 612.18
14803.02 611.59
14804.22 611.80
14805.42 612.40
14806.64 610.70
14807.84 562.85
14809.05 499.42
14810.26 440.21
14811.48 390.11
14812.70 349.05
14813.90 314.53
14815.11 286.76
14816.32 264.38
14817.54 245.69
14818.74 229.35
14819.95 214.17
14821.16 201.59
14822.37 190.79
14823.58 181.40
14824.78 173.20
14825.98 165.10
14827.18 158.05
14828.38 151.52
14829.58 145.76
14830.78 140.38
14831.98 135.69
14833.18 131.35
14834.39 126.67
14835.59 123.34
14836.80 120.67
14838.00 117.83
14839.19 114.42
14840.40 110.21
14841.60 107.10
14842.79 104.05
14843.99 101.53
14845.20 100.76
14846.40 97.88
14847.56 94.94
14848.73 93.47
14849.90 92.74
14851.06 89.87
14852.22 87.43
14853.39 85.72
14854.56 83.86
14855.73 82.93
14856.90 82.46
14858.06 81.73
14859.22 80.87
14860.38 79.93
14861.55 78.47
14862.72 77.73
14863.89 76.37
14865.06 74.68
14866.22 72.34
14867.38 70.67
14868.55 69.34
14869.72 68.17
14870.89 68.08
14872.05 67.04
14873.20 66.02
14874.36 65.01
14875.52 64.01
14876.69 63.00
14877.84 62.00
14878.99 62.50
14880.15 61.25
14881.32 61.13
14882.50 61.56
14883.66 60.78
14884.83 58.89
14885.99 57.95
14887.16 56.97
14888.34 55.99
14889.50 56.49
14890.66 57.25
14891.83 57.12
14893.00 56.56
14894.15 56.28
14895.32 55.64
14896.50 54.82
14897.66 53.91
14898.82 52.96
14899.99 53.48
14901.15 51.74
14902.32 50.37
14903.50 49.18
14904.66 50.09
14905.82 50.55
14906.99 50.77
14908.16 50.89
14909.34 50.94
14910.50 48.47
14911.66 46.74
14912.83 46.37
14914.00 46.68
14915.15 47.34
14916.32 47.17
14917.50 47.09
14918.66 47.04
14919.82 47.02
14920.98 47.01
14922.14 47.01
14923.31 46.50
14924.49 46.25
14925.66 45.63
14926.82 45.31
14928.00 44.66
14929.15 43.33
14930.32 43.16
14931.50 43.08
14932.66 42.54
14933.82 41.77
14934.99 40.39
14936.16 39.19
14937.34 39.10
14938.50 40.05
14939.66 39.02
14940.82 38.01
14941.98 38.01
14943.14 38.50
14944.30 39.75
14945.47 39.38
14946.64 40.19
14947.81 40.09
14948.97 40.05
14950.13 38.02
14951.29 37.01
14952.46 37.01
14953.62 36.50
14954.78 35.75
14955.94 35.38
14957.11 34.69
14958.28 36.84
14959.45 36.92
14960.62 34.96
14961.79 35.98
14962.95 36.49
14964.11 36.25
14965.29 34.62
14966.46 34.31
14967.63 33.16
14968.80 33.08
14969.95 34.54
14971.12 34.77
14972.29 35.38
14973.46 34.69
14974.63 34.35
14975.80 33.67
14976.96 32.84
14978.13 32.42
14979.30 32.71
14980.47 32.35
14981.64 33.68
14982.81 32.34
14983.98 31.17
14985.14 32.08
14986.30 32.54
14987.47 32.77
14988.64 32.89
14989.81 32.44
14990.98 32.22
14992.14 32.11
14993.31 32.06
14994.49 30.53
14995.66 29.76
14996.82 29.38
14997.99 29.69
14999.15 30.35
15000.32 29.67
15001.50 30.34
15002.66 30.67
15003.83 28.83
15005.00 28.42
15006.16 28.21
15007.34 27.60
15008.50 27.30
15009.66 27.65
15010.82 27.33
15011.99 27.16
15013.16 28.08
15014.32 28.54
15015.50 29.27
15016.66 30.14
15017.82 30.07
15018.99 29.03
15020.15 29.52
15021.32 29.26
15022.50 28.63
15023.66 27.31
15024.83 26.66
15026.00 25.83
15027.15 25.41
15028.32 27.21
15029.50 26.60
15030.66 25.80
15031.82 25.40
15032.98 25.20
15034.14 24.60
15035.30 25.30
15036.46 26.15
15037.63 27.58
15038.80 26.29
15039.96 26.14
15041.13 26.07
15042.29 25.54
15043.46 25.27
15044.63 24.13
15045.80 25.57
15046.96 26.78
15048.12 26.89
15049.29 26.95
15050.46 26.47
15051.63 26.74
15052.81 25.87
15053.98 24.93
15055.14 25.97
15056.31 26.48
15057.49 26.74
15058.66 25.87
15059.82 24.94
15061.00 23.97
15062.15 22.98
15063.32 22.49
15064.50 22.25
15065.66 22.62
15066.83 22.31
15068.00 22.66
15069.16 22.33
15070.35 22.66
15071.51 23.83
15072.68 22.92
15073.85 22.46
15075.02 22.23
15076.18 21.61
15077.35 22.31
15078.53 22.15
15079.70 22.08
15080.86 21.54
15082.02 21.27
15083.18 20.63
15084.35 22.32
15085.52 23.16
15086.69 24.08
15087.85 24.54
15089.02 24.27
15090.18 23.63
15091.35 23.32
15092.52 23.16
15093.69 23.08
15094.85 23.54
15096.02 24.27
15097.18 23.13
15098.35 21.57
15099.52 21.78
15100.69 22.39
15101.86 23.20
15103.02 22.10
15104.18 22.55
15105.35 22.77
15106.51 22.89
15107.68 22.44
15108.85 22.72
15110.02 20.86
15111.18 20.93
15112.35 21.47
15113.52 22.23
15114.69 22.62
15115.86 22.81
15117.02 22.90
15118.18 21.95
15119.36 22.48
15120.52 22.24
15121.69 20.62
15122.86 21.81
15124.02 22.40
15125.18 22.70
15126.35 22.85
15127.51 22.43
15128.68 22.21
15129.85 21.11
15131.02 20.05
15132.18 20.53
15133.35 19.76
15134.51 19.88
15135.68 19.94
15136.84 20.97
15138.00 21.99
15139.15 21.99
15140.33 20.00
15141.49 19.00
15142.65 18.50
15143.81 18.25
15144.98 18.12
15146.14 18.06
15147.30 18.03
15148.47 19.02
15149.63 20.01
15150.79 21.00
15151.94 19.50
15153.10 19.25
15154.26 20.63
15155.43 20.31
15156.60 19.16
15157.76 18.08
15158.92 20.04
15160.08 20.52
15161.24 21.26
15162.41 20.63
15163.58 19.31
15164.74 17.66
15165.91 18.33
15167.08 19.66
15168.24 20.33
15169.41 20.17
15170.58 20.58
15171.74 20.79
15172.91 20.90
15174.07 20.95
15175.23 20.47
15176.40 19.74
15177.56 18.87
15178.73 17.43
15179.90 17.72
15181.06 17.86
15182.22 16.93
15183.39 16.96
15184.55 16.48
15185.72 16.24
15186.89 16.12
15188.06 16.56
15189.22 16.28
15190.38 16.14
15191.55 17.57
15192.72 18.29
15193.89 19.14
15195.06 19.07
15196.22 19.04
15197.38 19.52
15198.55 19.76
15199.72 17.88
15200.89 16.94
15202.05 16.47
15203.21 16.23
15204.38 17.12
15205.54 18.06
15206.70 18.03
15207.86 17.51
15209.03 17.26
15210.19 18.13
15211.36 19.06
15212.52 18.53
15213.70 17.27
15214.87 16.13
15216.03 16.07
15217.19 15.03
15218.35 15.02
15219.51 15.51
15220.68 15.75
15221.85 15.88
15223.01 15.94
15224.17 15.97
15225.35 14.98
15226.51 15.49
15227.68 15.75
15228.85 15.37
15230.02 14.69
15231.18 14.34
15232.35 14.17
15233.51 14.59
15234.68 16.79
15235.84 17.90
15237.00 17.45
15238.15 17.72
15239.33 18.36
15240.50 18.68
15241.66 18.84
15242.82 18.92
15243.99 18.46
15245.16 17.73
15246.34 18.37
15247.51 18.18
15248.68 16.59
15249.85 16.30
15251.01 16.65
15252.17 17.32
15253.34 17.16
15254.52 15.58
15255.69 14.79
15256.86 15.90
15258.02 16.95
15259.18 17.47
15260.34 17.74
15261.51 18.37
15262.68 18.18
15263.85 18.09
15265.01 18.05
15266.17 18.02
15267.34 18.01
15268.50 18.01
15269.66 18.00
15270.82 18.00
15271.98 17.50
15273.14 17.75
15274.30 17.88
15275.47 17.44
15276.64 15.72
15277.81 16.86
15278.98 16.93
15280.14 16.96
15281.31 17.48
15282.49 16.74
15283.66 14.87
15284.83 13.94
15285.99 13.97
15287.16 15.48
15288.34 16.24
15289.50 16.62
15290.66 15.31
15291.83 14.66
15293.00 14.83
15294.15 15.91
15295.33 16.46
15296.50 16.73
15297.66 16.86
15298.83 16.93
15300.00 15.97
15301.15 13.98
15302.33 12.99
15303.50 12.50
15304.66 12.75
15305.82 12.37
15306.99 13.69
15308.16 15.34
15309.34 16.17
15310.50 15.59
15311.66 15.29
15312.83 16.15
15314.00 16.57
15315.15 15.79
15316.33 14.89
15317.50 13.95
15318.66 14.47
15319.83 13.74
15321.00 12.87
15322.15 12.93
15323.33 12.47
15324.50 13.23
15325.66 13.62
15326.83 13.81
15328.00 14.40
15329.15 14.70
15330.31 14.85
15331.49 14.93
15332.66 13.46
15333.83 13.23
15334.99 13.12
15336.16 12.56
15337.34 13.78
15338.50 14.39
15339.66 13.19
15340.83 12.60
15342.00 12.30
15343.14 12.15
15344.32 12.07
15345.49 12.04
15346.65 12.02
15347.81 12.01
15348.98 12.00
15350.13 12.00
15351.29 12.00
15352.46 12.50
15353.62 12.25
15354.78 11.63
15355.95 13.31
15357.12 14.16
15358.29 14.08
15359.46 14.54
15360.62 14.77
15361.79 14.88
15362.95 13.44
15364.12 12.72
15365.28 12.86
15366.46 13.93
15367.62 14.47
15368.79 14.73
15369.95 14.87
15371.11 14.43
15372.29 13.22
15373.46 12.61
15374.63 11.80
15375.79 11.90
15376.95 13.45
15378.11 14.23
15379.28 14.61
15380.46 14.81
15381.63 14.90
15382.79 14.95
15383.95 12.98
15385.12 11.99
15386.29 13.49
15387.46 13.75
15388.63 12.37
15389.80 12.69
15390.96 12.84
15392.12 12.42
15393.29 11.21
15394.46 11.61
15395.63 13.30
15396.79 14.15
15397.96 13.58
15399.13 12.29
15400.30 11.14
15401.46 11.57
15402.63 12.29
15403.80 13.64
15404.96 14.32
15406.13 12.16
15407.30 11.08
15408.46 13.04
15409.63 13.02
15410.78 12.01
15411.94 13.51
15413.11 13.75
15414.28 12.88
15415.46 12.44
15416.62 11.22
15417.80 11.11
15418.96 13.05
15420.12 14.03
15421.28 14.51
15422.46 13.26
15423.63 11.63
15424.80 10.81
15425.96 10.41
15427.13 12.70
15428.29 13.85
15429.46 13.93
15430.63 14.46
15431.80 14.73
15432.96 14.87
15434.13 14.93
15435.30 14.97
15436.47 13.98
15437.63 12.99
15438.80 11.50
15439.96 12.75
15441.13 12.37
15442.30 11.19
15443.47 10.59
15444.64 10.80
15445.80 12.90
15446.95 13.45
15448.12 13.72
15449.29 13.86
15450.46 13.43
15451.63 13.72
15452.80 12.86
15453.96 12.43
15455.13 11.21
15456.30 11.61
15457.47 11.80
15458.63 11.40
15459.79 10.70
15460.95 10.35
15462.12 10.18
15463.29 9.59
15464.42 9.79
15465.54 9.40
15466.67 9.20
15467.78 9.10
15468.90 9.55
15470.02 11.27
15471.18 12.14
15472.35 11.07
15473.52 10.53
15474.69 10.27
15475.86 9.63
15476.98 9.82
15478.11 9.91
15479.24 11.95
15480.41 12.48
15481.58 11.74
15482.74 11.87
15483.92 10.93
15485.08 10.97
15486.24 9.98
15487.37 10.49
15488.54 10.25
15489.70 9.62
15490.82 11.31
15491.99 12.16
15493.16 12.08
15494.33 12.04
15495.49 11.02
15496.65 10.51
15497.82 10.25
15498.99 9.63
15500.11 11.31
15501.28 12.16
15502.46 12.58
15503.63 12.79
15504.80 12.89
15505.96 12.95
15507.13 11.47
15508.30 11.74
15509.47 12.37
15510.65 12.68
15511.82 12.84
15512.98 12.92
15514.15 12.96
15515.33 12.48
15516.50 11.74
15517.66 10.87
15518.82 11.94
15520.00 9.97
15521.11 9.98
15522.24 10.49
15523.41 10.25
15524.58 9.62
15525.70 10.31
15526.86 10.16
15528.03 9.58
15529.15 10.79
15530.33 11.89
15531.50 12.45
15532.66 12.72
15533.82 12.86
15534.99 12.43
15536.16 11.22
15537.34 10.61
15538.50 10.80
15539.66 11.90
15540.82 11.95
15541.98 12.48
15543.15 12.74
15544.34 12.87
15545.50 11.93
15546.66 9.97
15547.80 9.48
15548.91 10.24
15550.08 11.62
15551.24 12.31
15552.41 11.66
15553.58 12.33
15554.74 12.66
15555.91 12.33
15557.08 11.17
15558.24 9.58
15559.37 10.79
15560.54 10.90
15561.70 10.95
15562.86 9.97
15563.98 8.99
15565.12 8.49
15566.24 8.25
15567.37 8.12
15568.50 8.06
15569.62 9.53
15570.74 11.27
15571.91 12.13
15573.08 11.07
15574.23 10.03
15575.40 9.52
15576.52 8.76
15577.65 9.38
15578.78 10.19
15579.94 11.09
15581.10 11.55
15582.26 11.27
15583.43 10.64
15584.60 9.32
15585.73 9.66
15586.86 10.83
15588.03 9.41
15589.15 10.21
15590.33 11.60
15591.49 11.30
15592.65 11.65
15593.82 12.33
15594.98 12.16
15596.15 11.08
15597.32 10.54
15598.49 10.27
15599.66 11.14
15600.83 11.57
15602.00 11.28
15603.15 11.14
15604.33 10.57
15605.50 10.79
15606.66 9.39
15607.78 9.20
15608.90 10.10
15610.06 11.55
15611.22 12.27
15612.39 11.64
15613.56 10.82
15614.73 9.41
15615.86 8.70
15616.98 8.85
15618.10 9.93
15619.22 10.46
15620.40 9.73
15621.51 8.87
15622.64 8.93
15623.77 9.97
15624.90 9.98
15626.02 10.99
15627.18 11.50
15628.34 11.75
15629.50 11.87
15630.66 11.44
15631.83 11.72
15633.00 11.86
15634.15 10.93
15635.33 9.46
15636.46 8.73
15637.59 8.37
15638.71 8.18
15639.84 10.09
15641.00 10.55
15642.15 10.77
15643.33 9.39
15644.46 9.69
15645.58 9.85
15646.72 9.92
15647.84 10.46
15649.01 10.73
15650.17 9.37
15651.30 8.68
15652.42 9.34
15653.54 10.17
15654.71 11.09
15655.87 11.54
15657.04 11.77
15658.20 11.89
15659.36 11.94
15660.53 11.97
15661.70 11.49
15662.86 9.74
15663.99 8.87
15665.11 9.44
15666.24 10.72
15667.41 10.86
15668.58 10.93
15669.74 10.46
15670.92 9.23
15672.04 8.12
15673.17 8.06
15674.30 9.53
15675.42 10.26
15676.59 10.63
15677.76 10.32
15678.93 9.16
15680.06 10.58
15681.22 10.79
15682.38 10.39
15683.55 9.20
15684.68 9.10
15685.80 10.05
15686.95 10.52
15688.12 10.26
15689.29 10.63
15690.46 11.32
15691.63 11.16
15692.81 11.08
15693.97 10.54
15695.14 10.27
15696.32 9.13
15697.45 9.57
15698.58 10.28
15699.74 10.64
15700.91 10.82
15702.08 10.91
15703.24 10.96
15704.41 10.48
15705.58 10.74
15706.74 10.87
15707.91 10.93
15709.08 10.97
15710.24 9.48
15711.37 8.74
15712.50 8.87
15713.62 9.94
15714.74 10.47
15715.91 10.73
15717.08 10.87
15718.24 10.93
15719.42 10.47
15720.58 10.73
15721.75 10.87
15722.92 10.93
15724.09 10.97
15725.25 10.98
15726.42 10.49
15727.58 10.75
15728.76 9.87
15729.89 10.44
15731.06 10.72
15732.22 9.86
15733.35 8.43
15734.48 7.21
15735.60 7.11
15736.73 6.55
15737.86 7.28
15738.99 7.14
15740.11 9.07
15741.24 10.03
15742.40 10.02
15743.56 10.51
15744.73 10.25
15745.90 9.13
15747.02 9.06
15748.14 9.53
15749.27 10.27
15750.45 10.13
15751.62 10.57
15752.79 10.28
15753.95 10.14
15755.12 10.07
15756.29 10.04
15757.46 8.52
15758.58 8.76
15759.71 9.88
15760.84 8.44
15761.97 7.72
15763.10 6.86
15764.22 6.43
15765.34 6.71
15766.48 6.36
15767.60 6.18
15768.72 6.59
15769.85 8.29
15770.98 9.65
15772.10 10.32
15773.26 9.66
15774.39 9.83
15775.52 10.42
15776.69 10.21
15777.86 10.60
15779.02 9.30
15780.14 9.65
15781.26 8.83
15782.39 9.41
15783.52 8.21
15784.66 7.60
15785.78 6.80
15786.90 6.90
15788.02 6.45
15789.14 7.23
15790.27 9.11
15791.40 9.56
15792.52 7.78
15793.65 6.89
15794.78 6.44
15795.91 6.22
15797.03 6.61
15798.16 8.31
15799.31 7.65
15800.44 7.83
15801.57 6.91
15802.70 6.46
15803.82 7.23
15804.95 8.11
15806.07 8.56
15807.19 9.78
15808.33 10.39
15809.50 10.69
15810.66 10.85
15811.82 10.92
15812.99 10.46
15814.16 9.23
15815.29 8.62
15816.42 8.81
15817.54 9.90
15818.66 10.45
15819.84 8.23
15820.97 7.11
15822.10 6.56
15823.23 6.28
15824.36 6.14
15825.48 7.57
15826.61 7.78
15827.74 7.89
15828.87 8.95
15829.99 9.47
15831.12 9.24
15832.26 9.62
15833.38 8.81
15834.52 7.90
15835.64 6.95
15836.77 6.48
15837.90 6.24
15839.02 6.62
15840.14 8.81
15841.28 9.40
15842.39 9.20
15843.51 9.10
15844.64 8.05
15845.76 7.03
15846.89 6.51
15848.02 6.26
15849.15 6.13
15850.28 7.06
15851.40 8.03
15852.52 9.02
15853.65 9.51
15854.78 10.25
15855.94 9.63
15857.07 9.81
15858.19 10.41
15859.36 10.20
15860.52 10.60
15861.68 9.80
15862.80 9.90
15863.92 7.45
15865.04 6.73
15866.17 6.86
15867.31 6.93
15868.43 7.47
15869.56 6.73
15870.69 6.37
15871.82 7.18
15872.94 8.09
15874.06 9.05
15875.18 9.52
15876.32 8.26
15877.45 8.63
15878.58 8.82
15879.71 7.41
15880.83 7.70
15881.95 7.85
15883.08 6.93
15884.20 6.46
15885.33 5.73
15886.46 5.87
15887.58 5.93
15888.71 5.97
15889.84 7.98
15890.97 8.99
15892.10 8.00
15893.21 7.00
15894.33 6.50
15895.46 6.25
15896.58 6.62
15897.70 7.31
15898.82 8.66
15899.96 8.33
15901.08 7.16
15902.20 6.58
15903.32 6.29
15904.46 7.15
15905.58 9.07
15906.71 7.04
15907.84 6.52
15908.96 6.26
15910.09 8.13
15911.22 7.56
15912.35 6.78
15913.48 6.39
15914.60 6.20
15915.72 6.10
15916.85 7.55
15917.98 8.77
15919.11 8.89
15920.24 7.44
15921.36 7.72
15922.49 8.86
15923.62 9.43
15924.74 9.72
15925.87 8.86
15927.00 6.93
15928.12 6.46
15929.25 7.73
15930.38 8.37
15931.51 6.68
15932.64 6.34
15933.76 6.17
15934.89 6.59
15936.02 8.29
15937.14 9.15
15938.27 9.07
15939.40 8.04
15940.51 8.02
15941.64 8.51
15942.76 9.25
15943.89 7.13
15945.02 6.56
15946.14 7.78
15947.27 8.89
15948.39 8.45
15949.52 7.22
15950.65 8.61
15951.78 7.81
15952.91 7.40
15954.03 6.70
15955.15 6.35
15956.27 7.68
15957.40 8.34
15958.53 7.67
15959.66 6.83
15960.78 7.42
15961.91 8.71
15963.04 9.35
15964.17 9.68
15965.29 9.84
15966.42 9.42
15967.55 8.21
15968.68 7.60
15969.80 6.30
15970.92 6.15
15972.05 6.58
15973.17 6.29
15974.31 7.14
15975.44 8.07
15976.56 9.04
15977.69 9.52
15978.82 9.26
15979.95 7.63
15981.08 7.31
15982.20 7.66
15983.32 8.33
15984.46 8.66
15985.58 9.33
15986.71 9.67
15987.84 9.83
15988.97 9.92
15990.10 7.46
15991.23 6.73
15992.36 5.86
15993.49 5.43
15994.62 5.72
15995.75 7.36
15996.88 6.18
15998.01 5.59
15999.14 5.79
16000.26 7.40
16001.39 6.20
16002.50 7.60
16003.62 8.30
16004.74 9.15
16005.88 7.07
16007.00 8.54
16008.12 7.27
16009.24 6.13
16010.37 7.57
16011.50 6.78
16012.62 7.39
16013.75 8.20
16014.88 7.60
16016.00 7.30
16017.11 8.15
16018.24 8.57
16019.37 7.79
16020.50 8.89
16021.61 7.45
16022.74 8.22
16023.87 7.11
16025.00 6.56
16026.12 6.28
16027.24 6.14
16028.37 7.57
16029.50 6.28
16030.62 6.14
16031.75 5.57
16032.87 6.29
16034.00 6.14
16035.12 5.57
16036.25 6.79
16037.38 6.89
16038.51 5.95
16039.64 5.47
16040.76 6.24
16041.89 7.12
16043.02 7.56
16044.14 6.28
16045.27 6.14
16046.39 7.07
16047.52 6.03
16048.64 5.52
16049.77 5.76
16050.90 5.38
16052.02 5.69
16053.14 5.34
16054.27 5.67
16055.39 7.34
16056.52 6.17
16057.65 6.58
16058.78 6.29
16059.90 8.15
16061.04 6.57
16062.16 6.29
16063.28 5.64
16064.41 5.82
16065.54 6.91
16066.67 6.46
16067.79 7.73
16068.92 7.36
16070.05 8.18
16071.17 8.09
16072.30 8.05
16073.41 6.02
16074.53 5.51
16075.66 6.76
16076.79 7.88
16077.92 5.94
16079.04 7.47
16080.16 6.73
16081.30 6.87
16082.41 5.43
16083.54 5.72
16084.66 5.86
16085.79 6.93
16086.92 7.96
16088.06 7.98
16089.17 7.49
16090.31 8.25
16091.44 7.62
16092.57 7.31
16093.70 6.16
16094.82 7.08
16095.94 8.04
16097.07 6.52
16098.18 7.26
16099.32 7.63
16100.45 7.31
16101.58 6.16
16102.70 6.58
16103.82 6.79
16104.96 5.89
16106.08 6.45
16107.20 7.72
16108.32 6.86
16109.45 5.93
16110.58 5.97
16111.71 4.98
16112.83 5.99
16113.96 7.00
16115.08 8.00
16116.20 7.00
16117.32 6.00
16118.44 5.00
16119.55 7.00
16120.67 7.50
16121.80 6.75
16122.92 5.37
16124.04 5.19
16125.16 5.59
16126.30 6.30
16127.41 5.15
16128.54 6.07
16129.66 5.54
16130.78 5.77
16131.92 5.38
16133.04 5.69
16134.16 6.35
16135.30 6.17
16136.42 6.59
16137.55 6.29
16138.67 6.65
16139.80 7.32
16140.92 7.16
16142.05 5.58
16143.17 7.29
16144.31 7.65
16145.44 7.32
16146.57 5.66
16147.70 5.33
16148.82 4.67
16149.94 6.33
16151.08 6.17
16152.20 5.58
16153.32 5.79
16154.45 7.40
16155.57 7.70
16156.69 6.35
16157.82 7.67
16158.94 7.84
16160.07 7.92
16161.20 7.46
16162.32 6.23
16163.45 6.61
16164.58 5.31
16165.70 7.15
16166.83 6.08
16167.94 7.04
16169.06 5.52
16170.18 6.26
16171.32 5.63
16172.45 5.31
16173.58 6.16
16174.70 6.58
16175.82 7.79
16176.96 7.39
16178.08 7.20
16179.21 7.10
16180.33 6.05
16181.46 7.02
16182.58 7.01
16183.70 5.51
16184.83 4.75
16185.95 6.38
16187.08 5.19
16188.20 6.09
16189.32 6.55
16190.44 5.77
16191.57 6.39
16192.70 6.19
16193.82 5.60
16194.94 6.80
16196.06 5.40
16197.18 6.70
16198.31 7.35
16199.44 7.17
16200.56 6.59
16201.69 7.29
16202.82 6.15
16203.94 7.07
16205.07 6.54
16206.18 6.77
16207.32 5.38
16208.44 6.19
16209.57 6.10
16210.70 5.55
16211.82 5.27
16212.94 6.14
16214.08 5.57
16215.19 6.78
16216.32 6.89
16217.45 7.45
16218.58 7.72
16219.71 6.86
16220.83 6.93
16221.96 5.97
16223.09 4.98
16224.21 5.99
16225.34 6.00
16226.46 6.00
16227.58 6.50
16228.70 6.25
16229.82 5.62
16230.94 5.81
16232.07 6.91
16233.20 6.45
16234.32 6.23
16235.45 5.61
16236.58 5.31
16237.71 5.15
16238.84 5.08
16239.96 4.54
16241.08 5.77
16242.20 4.88
16243.32 6.44
16244.45 5.22
16245.58 5.11
16246.71 5.06
16247.83 5.53
16248.96 5.76
16250.09 5.88
16251.21 6.44
16252.34 6.22
16253.46 6.61
16254.60 5.31
16255.72 5.15
16256.85 5.08
16257.97 5.54
16259.10 6.77
16260.22 6.88
16261.36 5.94
16262.48 4.97
16263.61 5.99
16264.74 6.99
16265.86 7.50
16266.99 7.25
16268.11 7.62
16269.24 6.81
16270.37 6.91
16271.50 6.45
16272.62 7.23
16273.74 7.61
16274.88 6.31
16276.00 5.15
16277.12 5.08
16278.25 6.54
16279.38 6.27
16280.50 6.63
16281.62 7.32
16282.76 7.16
16283.88 7.58
16285.01 7.29
16286.13 7.14
16287.26 7.07
16288.38 6.54
16289.50 7.27
16290.63 5.63
16291.76 4.82
16292.88 5.91
16294.01 6.45
16295.13 6.73
16296.26 7.36
16297.39 7.18
16298.52 7.09
16299.64 7.05
16300.76 5.52
16301.89 4.76
16303.02 4.88
16304.14 4.94
16305.26 5.97
16306.38 7.49
16307.52 7.24
16308.64 7.12
16309.77 6.56
16310.90 5.78
16312.02 6.39
16313.14 6.70
16314.26 6.85
16315.40 5.42
16316.52 4.71
16317.64 6.36
16318.77 6.68
16319.90 7.34
16321.03 6.67
16322.15 6.33
16323.28 6.17
16324.40 6.58
16325.52 5.79
16326.66 6.40
16327.78 7.20
16328.90 7.10
16330.02 7.05
16331.14 7.02
16332.27 6.51
16333.40 6.26
16334.52 5.13
16335.65 6.06
16336.77 5.03
16337.89 4.52
16339.02 4.26
16340.14 4.63
16341.27 4.81
16342.40 5.91
16343.52 6.45
16344.65 6.73
16345.78 6.86
16346.91 5.93
16348.03 6.47
16349.15 6.73
16350.29 6.87
16351.42 5.43
16352.55 5.22
16353.67 6.11
16354.80 7.05
16355.92 7.03
16357.04 7.01
16358.16 6.01
16359.30 6.50
16360.42 5.25
16361.55 5.13
16362.68 5.06
16363.79 5.53
16364.92 6.27
16366.05 6.13
16367.18 5.07
16368.31 5.03
16369.44 4.02
16370.56 5.51
16371.69 6.25
16372.82 6.63
16373.95 5.31
16375.08 4.66
16376.20 4.33
16377.33 4.16
16378.46 5.58
16379.59 4.79
16380.71 6.40
16381.84 6.20
16382.97 5.10
16384.09 5.55
16385.21 6.77
16386.34 6.89
16387.47 5.44
16388.59 5.72
16389.73 5.36
16390.85 5.18
16391.98 4.59
16393.11 4.30
16394.24 5.65
16395.36 5.82
16396.49 5.41
16397.62 6.21
16398.76 5.60
16399.87 6.30
16400.99 6.65
16402.12 6.83
16403.25 5.91
16404.38 4.46
16405.51 4.73
16406.63 4.86
16407.76 5.93
16408.89 6.47
16410.02 6.73
16411.14 6.87
16412.26 6.93
16413.40 4.47
16414.52 5.73
16415.65 6.37
16416.78 6.18
16417.90 6.09
16419.01 6.55
16420.13 5.27
16421.26 5.14
16422.39 6.07
16423.50 6.53
16424.63 6.77
16425.75 6.88
16426.89 5.44
16428.01 4.72
16429.13 4.86
16430.26 5.43
16431.39 4.22
16432.52 5.61
16433.65 4.80
16434.77 4.90
16435.89 4.45
16437.02 5.73
16438.15 5.86
16439.28 4.93
16440.41 3.97
16441.54 4.98
16442.66 5.99
16443.79 6.00
16444.92 5.00
16446.03 6.00
16447.15 6.50
16448.28 5.75
16449.40 6.37
16450.52 6.19
16451.65 6.59
16452.78 6.30
16453.90 6.15
16455.02 5.07
16456.14 4.54
16457.26 5.27
16458.39 7.13
16459.52 7.07
16460.65 7.03
16461.77 5.52
16462.90 5.76
16464.02 4.88
16465.14 4.94
16466.26 5.97
16467.40 4.98
16468.51 4.99
16469.65 4.50
16470.77 5.75
16471.90 6.37
16473.02 5.19
16474.15 4.59
16475.27 5.80
16476.40 3.90
16477.52 4.45
16478.64 5.72
16479.77 3.86
16480.90 2.93
16482.02 4.97
16483.14 5.98
16484.26 6.49
16485.40 6.25
16486.52 6.12
16487.65 5.06
16488.77 6.03
16489.89 4.02
16491.01 5.51
16492.14 6.25
16493.27 6.13
16494.40 5.06
16495.52 4.03
16496.65 4.02
16497.77 5.51
16498.90 6.25
16500.02 6.63
16501.15 5.31
16502.29 4.66
16503.42 3.83
16504.55 5.41
16505.68 4.71
16506.81 4.35
16507.93 4.18
16509.06 5.09
16510.18 5.54
16511.31 4.77
16512.44 4.39
16513.56 5.69
16514.69 5.85
16515.82 4.92
16516.94 5.46
16518.07 6.23
16519.19 6.62
16520.33 5.81
16521.46 5.40
16522.58 4.70
16523.70 5.85
16524.82 5.43
16525.95 4.71
16527.07 5.86
16528.20 4.93
16529.33 4.46
16530.45 5.73
16531.58 4.87
16532.70 4.93
16533.83 4.47
16534.96 4.23
16536.08 4.12
16537.21 4.06
16538.34 4.53
16539.47 3.76
16540.59 3.88
16541.72 3.94
16542.85 3.47
16543.98 4.24
16545.10 5.62
16546.24 4.81
16547.36 5.90
16548.49 4.95
16549.61 6.48
16550.74 6.24
16551.87 6.12
16553.00 6.06
16554.11 6.03
16555.24 5.01
16556.36 4.51
16557.49 4.25
16558.62 4.13
16559.75 5.06
16560.88 4.53
16562.00 4.77
16563.12 5.88
16564.25 6.44
16565.38 6.22
16566.51 5.11
16567.64 5.56
16568.77 4.78
16569.90 6.39
16571.02 6.69
16572.14 5.35
16573.27 4.67
16574.39 5.34
16575.52 5.67
16576.65 6.33
16577.78 6.17
16578.91 5.08
16580.03 3.54
16581.15 4.77
16582.28 5.39
16583.41 6.19
16584.54 6.10
16585.67 5.05
16586.79 4.52
16587.92 4.26
16589.04 5.63
16590.16 4.82
16591.30 4.41
16592.43 3.70
16593.55 4.85
16594.67 5.93
16595.81 6.46
16596.93 4.73
16598.06 5.37
16599.19 5.18
16600.31 6.09
16601.44 5.05
16602.57 4.52
16603.69 5.26
16604.82 6.13
16605.95 5.07
16607.07 5.53
16608.19 6.27
16609.32 6.63
16610.45 4.82
16611.58 5.41
16612.70 5.70
16613.83 4.85
16614.95 5.43
16616.08 6.21
16617.20 5.11
16618.33 4.55
16619.46 5.78
16620.59 4.89
16621.72 4.44
16622.84 5.22
16623.97 5.61
16625.10 5.81
16626.23 6.40
16627.35 6.70
16628.48 5.85
16629.60 6.43
16630.73 4.71
16631.86 5.36
16633.00 5.18
16634.12 4.09
16635.25 4.04
16636.36 5.52
16637.49 5.26
16638.62 5.63
16639.75 4.32
16640.89 3.66
16642.01 3.83
16643.13 3.91
16644.26 4.46
16645.39 6.23
16646.52 6.11
16647.65 6.56
16648.77 5.28
16649.90 4.64
16651.02 5.32
16652.14 5.66
16653.26 6.33
16654.40 6.16
16655.52 6.58
16656.65 6.29
16657.78 6.15
16658.91 4.57
16660.03 4.79
16661.15 4.89
16662.29 4.45
16663.42 5.22
16664.55 6.11
16665.67 6.56
16666.80 6.78
16667.92 6.89
16669.05 6.94
16670.17 6.47
16671.30 5.24
16672.43 5.12
16673.55 6.06
16674.68 6.03
16675.80 6.01
16676.92 5.51
16678.05 4.75
16679.16 5.38
16680.30 5.69
16681.42 6.34
16682.55 6.67
16683.68 6.34
16684.81 5.67
16685.93 4.83
16687.06 3.92
16688.18 3.46
16689.31 3.73
16690.44 4.86
16691.56 5.93
16692.69 5.97
16693.82 6.48
16694.94 6.74
16696.08 5.37
16697.20 4.69
16698.33 4.34
16699.46 5.17
16700.59 4.59
16701.71 4.79
16702.84 5.40
16703.96 6.20
16705.08 5.10
16706.20 5.05
16707.32 6.02
16708.45 4.51
16709.58 5.76
16710.71 4.88
16711.84 3.94
16712.97 3.47
16714.09 4.73
16715.21 4.37
16716.34 4.18
16717.47 4.09
16718.58 5.05
16719.70 6.02
16720.83 6.01
16721.96 6.01
16723.08 5.00
16724.20 5.00
16725.31 5.50
16726.44 4.75
16727.56 4.88
16728.69 4.44
16729.82 3.22
16730.95 4.61
16732.08 4.80
16733.20 4.40
16734.31 4.70
16735.44 3.35
16736.57 5.18
16737.70 4.09
16738.82 4.04
16739.94 3.52
16741.07 3.76
16742.19 4.88
16743.32 4.44
16744.45 4.72
16745.57 5.36
16746.70 5.68
16747.82 3.84
16748.94 3.92
16750.08 4.46
16751.19 5.23
16752.32 5.62
16753.46 6.31
16754.59 6.15
16755.72 5.08
16756.83 6.04
16757.96 5.52
16759.08 5.76
16760.20 6.38
16761.33 6.19
16762.46 6.09
16763.58 6.55
16764.71 6.27
16765.84 5.64
16766.97 5.82
16768.09 4.41
16769.21 5.20
16770.34 4.60
16771.46 5.80
16772.58 6.40
16773.70 6.70
16774.82 6.85
16775.95 6.43
16777.08 6.21
16778.20 6.11
16779.33 4.05
16780.46 3.03
16781.59 2.51
16782.71 3.76
16783.84 3.38
16784.97 3.69
16786.10 3.34
16787.22 3.17
16788.35 3.09
16789.48 4.54
16790.60 4.27
16791.72 5.64
16792.85 5.82
16793.98 5.91
16795.11 5.45
16796.23 5.73
16797.36 6.36
16798.49 6.18
16799.62 6.59
16800.75 5.30
16801.88 4.15
16803.00 4.07
16804.12 3.54
16805.25 4.77
16806.37 5.88
16807.50 5.94
16808.62 6.47
16809.75 4.24
16810.89 4.12
16812.01 4.56
16813.13 5.78
16814.26 5.89
16815.39 4.94
16816.52 3.97
16817.64 3.99
16818.77 3.99
16819.90 5.00
16821.01 4.00
16822.12 4.00
16823.24 4.00
16824.36 4.00
16825.49 3.50
16826.61 4.75
16827.74 5.37
16828.86 5.69
16830.00 3.84
16831.11 4.42
16832.24 5.71
16833.37 5.86
16834.50 5.43
16835.62 3.71
16836.75 2.86
16837.87 2.93
16839.00 3.46
16840.11 3.73
16841.24 3.87
16842.37 3.93
16843.50 3.47
16844.62 4.23
16845.75 5.12
16846.88 5.06
16848.00 5.03
16849.11 6.01
16850.24 6.01
16851.36 4.50
16852.49 4.25
16853.62 5.13
16854.76 4.06
16855.88 4.53
16857.01 3.77
16858.14 4.38
16859.28 5.19
16860.41 4.10
16861.53 4.55
16862.66 3.77
16863.79 4.89
16864.92 4.44
16866.04 4.72
16867.16 5.86
16868.29 5.43
16869.42 5.22
16870.55 5.61
16871.68 6.30
16872.81 4.65
16873.93 5.33
16875.06 4.66
16876.18 4.83
16877.31 5.42
16878.44 4.71
16879.57 4.35
16880.70 5.68
16881.82 4.84
16882.94 4.92
16884.07 5.46
16885.20 5.23
16886.33 4.61
16887.46 4.81
16888.59 4.90
16889.71 3.45
16890.84 2.73
16891.97 4.36
16893.09 4.18
16894.21 4.09
16895.34 3.55
16896.47 3.77
16897.60 4.39
16898.71 4.69
16899.84 4.85
16900.97 4.42
16902.10 3.71
16903.23 2.86
16904.35 3.43
16905.49 4.21
16906.61 3.61
16907.74 3.30
16908.86 4.65
16909.99 5.33
16911.11 5.66
16912.24 5.83
16913.37 6.42
16914.50 5.71
16915.62 5.35
16916.75 3.68
16917.88 2.84
16919.00 2.92
16920.12 3.96
16921.25 3.98
16922.38 3.99
16923.51 2.99
16924.63 3.50
16925.76 3.75
16926.88 4.87
16928.01 4.44
16929.13 4.22
16930.26 5.11
16931.41 3.55
16932.53 4.78
16933.66 4.39
16934.79 4.19
16935.92 4.10
16937.05 5.05
16938.16 5.02
16939.29 5.51
16940.42 4.76
16941.55 3.38
16942.67 4.69
16943.80 5.84
16944.92 5.92
16946.05 5.96
16947.17 5.48
16948.30 5.24
16949.43 4.62
16950.55 5.81
16951.68 4.41
16952.82 3.70
16953.94 3.85
16955.07 3.43
16956.20 4.21
16957.33 4.11
16958.47 4.55
16959.58 5.28
16960.71 5.64
16961.84 5.82
16962.97 5.41
16964.10 5.20
16965.22 4.10
16966.35 4.05
16967.47 3.53
16968.60 2.76
16969.72 4.38
16970.84 4.69
16971.97 3.85
16973.10 3.42
16974.22 3.71
16975.35 5.36
16976.48 5.18
16977.60 5.09
16978.73 4.04
16979.85 3.52
16980.99 3.76
16982.11 4.88
16983.23 5.44
16984.36 6.22
16985.49 6.11
16986.62 4.06
16987.75 5.03
16988.87 5.01
16989.99 5.51
16991.12 3.75
16992.25 3.38
16993.37 4.19
16994.50 4.59
16995.62 4.80
16996.75 3.90
16997.87 4.45
16999.00 4.22
17000.11 5.11
17001.25 3.56
17002.38 4.78
17003.51 5.39
17004.63 5.69
17005.76 4.35
17006.89 3.17
17008.02 2.59
17009.14 2.79
17010.28 2.90
17011.40 5.45
17012.52 5.72
17013.65 5.86
17014.78 4.43
17015.91 3.22
17017.05 2.61
17018.17 2.80
17019.29 3.40
17020.41 5.20
17021.54 5.60
17022.66 5.30
17023.78 3.65
17024.91 3.33
17026.05 4.66
17027.16 5.33
17028.29 5.17
17029.42 4.08
17030.54 4.54
17031.67 5.27
17032.80 5.14
17033.92 5.57
17035.05 5.78
17036.17 5.39
17037.31 3.70
17038.43 2.85
17039.56 4.42
17040.68 4.71
17041.81 3.36
17042.94 3.18
17044.07 3.09
17045.19 3.04
17046.31 4.52
17047.43 5.26
17048.57 4.13
17049.69 3.07
17050.82 4.03
17051.95 4.02
17053.08 3.01
17054.20 4.00
17055.31 4.00
17056.43 3.00
17057.55 4.00
17058.66 5.00
17059.79 5.00
17060.91 4.50
17062.03 3.75
17063.15 2.88
17064.28 3.94
17065.41 5.47
17066.54 5.23
17067.66 5.62
17068.79 5.81
17069.92 5.90
17071.04 5.95
17072.16 6.48
17073.29 6.24
17074.42 5.62
17075.55 4.31
17076.68 3.65
17077.81 2.83
17078.94 2.41
17080.07 4.21
17081.20 3.60
17082.31 3.80
17083.43 4.90
17084.56 4.95
17085.68 4.98
17086.81 4.99
17087.94 4.49
17089.07 3.25
17090.19 3.62
17091.33 4.31
17092.46 4.16
17093.59 3.58
17094.72 2.79
17095.84 2.89
17096.97 2.45
17098.10 2.22
17099.23 4.61
17100.36 5.31
17101.49 6.15
17102.62 6.08
17103.75 4.04
17104.88 3.02
17106.00 3.01
17107.12 4.00
17108.24 3.50
17109.36 2.75
17110.49 3.88
17111.62 4.94
17112.75 3.47
17113.88 4.73
17115.00 5.37
17116.12 4.68
17117.25 4.84
17118.38 4.42
17119.51 3.71
17120.64 3.36
17121.76 4.18
17122.89 3.59
17124.02 3.29
17125.14 3.65
17126.28 3.32
17127.41 3.16
17128.54 4.08
17129.66 3.04
17130.78 4.02
17131.90 4.51
17133.02 4.76
17134.15 4.88
17135.28 4.44
17136.41 4.22
17137.54 4.61
17138.67 4.30
17139.80 4.15
17140.92 4.58
17142.05 4.79
17143.17 4.89
17144.30 4.95
17145.42 4.97
17146.56 3.99
17147.68 2.99
17148.81 2.50
17149.94 2.25
17151.07 2.12
17152.20 2.06
17153.32 2.53
17154.44 3.77
17155.57 2.88
17156.70 2.44
17157.82 2.72
17158.94 3.36
17160.08 4.18
17161.19 4.59
17162.32 4.80
17163.45 3.90
17164.57 4.45
17165.70 4.22
17166.83 4.11
17167.96 3.56
17169.08 4.28
17170.20 4.14
17171.33 3.07
17172.46 4.03
17173.58 5.02
17174.71 5.01
17175.83 5.50
17176.96 5.75
17178.08 5.88
17179.20 5.44
17180.33 4.22
17181.46 4.61
17182.58 4.80
17183.71 3.90
17184.84 4.45
17185.96 5.23
17187.09 4.11
17188.22 3.06
17189.34 5.03
17190.48 3.51
17191.60 4.76
17192.73 4.88
17193.86 3.94
17194.99 2.97
17196.12 4.48
17197.25 3.74
17198.37 2.37
17199.50 3.69
17200.63 4.34
17201.75 4.67
17202.89 3.84
17204.01 3.92
17205.13 4.46
17206.27 4.23
17207.39 4.61
17208.52 3.81
17209.65 4.40
17210.77 3.70
17211.89 4.85
17213.02 4.93
17214.15 5.46
17215.28 5.23
17216.41 5.12
17217.55 5.06
17218.66 5.53
17219.80 3.76
17220.92 2.88
17222.04 3.44
17223.16 2.72
17224.29 3.36
17225.42 4.68
17226.55 3.84
17227.68 2.92
17228.81 2.96
17229.93 2.98
17231.06 2.99
17232.18 4.50
17233.31 4.75
17234.44 3.87
17235.57 2.94
17236.70 2.47
17237.82 2.23
17238.95 2.12
17240.08 2.06
17241.19 4.03
17242.32 4.01
17243.44 4.51
17244.57 3.25
17245.70 3.63
17246.83 4.31
17247.96 4.16
17249.09 4.58
17250.21 5.29
17251.34 4.64
17252.46 3.32
17253.59 4.66
17254.71 5.33
17255.84 5.67
17256.97 5.33
17258.10 5.67
17259.23 5.83
17260.35 2.92
17261.49 2.96
17262.61 3.98
17263.74 3.49
17264.87 4.74
17266.00 4.37
17267.12 4.19
17268.26 4.59
17269.38 3.80
17270.50 4.40
17271.62 4.70
17272.75 5.35
17273.88 3.67
17275.00 4.34
17276.12 3.17
17277.27 2.58
17278.39 3.79
17279.52 3.90
17280.65 2.95
17281.78 2.97
17282.91 2.49
17284.03 3.24
17285.16 4.62
17286.28 4.81
17287.41 4.91
17288.54 5.45
17289.67 3.23
17290.80 3.11
17291.92 3.06
17293.05 3.53
17294.17 4.26
17295.30 4.13
17296.43 3.57
17297.56 4.28
17298.68 3.64
17299.81 3.32
17300.94 3.16
17302.07 4.58
17303.19 4.29
17304.32 4.15
17305.45 3.07
17306.57 4.04
17307.69 4.52
17308.82 4.76
17309.94 5.38
17311.08 4.19
17312.20 3.09
17313.33 2.55
17314.46 2.77
17315.59 4.39
17316.71 4.69
17317.84 4.35
17318.97 3.17
17320.10 3.09
17321.22 3.04
17322.35 4.52
17323.47 4.76
17324.60 3.38
17325.72 3.69
17326.85 3.35
17327.98 3.17
17329.10 3.59
17330.23 4.29
17331.36 4.15
17332.49 3.57
17333.62 3.29
17334.75 3.64
17335.88 3.32
17337.00 4.16
17338.12 4.58
17339.26 3.29
17340.39 3.65
17341.51 3.82
17342.64 3.91
17343.77 2.96
17344.90 2.48
17346.02 3.74
17347.14 2.87
17348.28 2.93
17349.41 4.47
17350.54 4.23
17351.67 5.12
17352.79 5.56
17353.92 5.28
17355.05 5.14
17356.18 5.07
17357.31 5.03
17358.44 5.02
17359.57 3.51
17360.70 3.25
17361.82 2.63
17362.95 3.31
17364.08 4.16
17365.20 5.08
17366.33 4.54
17367.46 4.77
17368.59 5.38
17369.72 4.19
17370.84 4.60
17371.96 4.80
17373.08 4.90
17374.21 4.95
17375.33 5.47
17376.46 5.24
17377.59 5.12
17378.72 4.56
17379.84 5.78
17380.97 5.39
17382.10 5.19
17383.23 5.10
17384.36 5.05
17385.48 5.52
17386.60 5.26
17387.73 3.63
17388.86 2.82
17389.99 2.91
17391.12 3.45
17392.25 2.73
17393.37 3.36
17394.50 3.68
17395.62 2.84
17396.75 3.42
17397.86 3.71
17399.00 4.36
17400.12 3.18
17401.26 3.09
17402.37 2.04
17403.50 2.02
17404.62 2.51
17405.75 2.76
17406.87 3.88
17408.01 4.94
17409.12 5.47
17410.26 4.23
17411.39 4.62
17412.51 4.81
17413.64 4.90
17414.76 4.95
17415.89 4.98
17417.02 5.49
17418.14 5.74
17419.28 5.37
17420.41 5.19
17421.54 4.59
17422.66 4.80
17423.79 4.40
17424.91 4.70
17426.03 4.85
17427.15 5.42
17428.28 5.21
17429.41 4.61
17430.55 4.80
17431.66 4.90
17432.78 5.45
17433.92 3.73
17435.05 3.36
17436.17 2.68
17437.30 3.84
17438.42 4.92
17439.55 4.46
17440.68 2.73
17441.81 2.87
17442.94 2.43
17444.07 2.22
17445.19 2.61
17446.33 2.30
17447.45 3.15
17448.58 3.08
17449.70 3.04
17450.82 4.02
17451.94 4.51
17453.08 4.75
17454.19 4.88
17455.32 4.94
17456.45 4.97
17457.58 4.98
17458.71 3.49
17459.83 1.75
17460.97 3.87
17462.09 2.94
17463.21 2.47
17464.34 1.73
17465.47 1.87
17466.60 1.93
17467.72 2.97
17468.84 3.98
17469.97 3.99
17471.10 4.00
17472.22 4.50
17473.34 4.75
17474.47 4.37
17475.59 4.69
17476.72 3.34
17477.84 3.17
17478.97 2.59
17480.10 3.79
17481.22 4.90
17482.34 4.95
