42182.41 2.29
42183.54 2.14
42184.67 1.57
42185.80 2.79
42186.92 2.39
42188.05 1.70
42189.17 2.35
42190.30 1.17
42191.44 1.59
42192.56 0.79
42193.68 0.90
42194.80 0.45
42195.91 1.22
42197.04 0.61
42198.16 1.81
42199.30 0.90
42200.41 0.95
42201.53 0.48
42202.66 2.24
42203.78 1.12
42204.91 0.56
42206.03 1.28
42207.16 1.14
42208.29 2.07
42209.41 1.53
42210.53 0.77
42211.66 1.88
42212.78 0.94
42213.91 1.47
42215.03 2.24
42216.16 1.12
42217.29 0.56
42218.41 0.78
42219.53 0.39
42220.65 0.69
42221.77 0.35
42222.89 0.17
42224.01 1.59
42225.14 2.29
42226.26 1.15
42227.39 0.57
42228.51 0.29
42229.63 0.14
42230.76 0.57
42231.88 1.29
42233.01 1.14
42234.14 0.57
42235.26 0.29
42236.39 1.14
42237.52 2.07
42238.65 1.04
42239.77 1.02
42240.90 2.01
42242.02 1.50
42243.14 1.25
42244.26 1.63
42245.39 0.81
42246.51 2.41
42247.64 1.20
42248.76 1.10
42249.88 1.05
42251.00 0.53
42252.11 0.26
42253.23 0.13
42254.35 0.07
42255.47 1.03
42256.60 1.02
42257.71 0.51
42258.84 0.75
42259.96 0.38
42261.08 1.19
42262.20 1.59
42263.32 0.80
42264.44 0.40
42265.56 0.70
42266.68 0.35
42267.80 1.67
42268.92 2.34
42270.05 2.17
42271.17 1.08
42272.30 0.54
42273.41 0.27
42274.54 0.64
42275.66 0.32
42276.79 0.66
42277.91 0.33
42279.03 0.66
42280.15 0.33
42281.27 0.17
42282.39 1.58
42283.52 1.29
42284.65 2.15
42285.78 2.07
42286.90 1.54
42288.02 0.77
42289.14 0.38
42290.26 0.69
42291.37 0.35
42292.50 0.17
42293.60 0.09
42294.71 9.54
42295.84 31.27
42297.01 57.64
42298.17 87.32
42299.34 118.66
42300.57 147.33
42301.78 175.16
42302.98 199.58
42304.18 219.79
42305.39 239.40
42306.61 253.70
42307.82 266.85
42309.03 276.92
42310.23 286.96
42311.45 295.48
42312.66 303.24
42313.87 308.12
42315.08 313.06
42316.28 318.03
42317.49 322.52
42318.71 325.76
42319.92 328.88
42321.13 331.44
42322.35 333.72
42323.57 336.36
42324.78 338.68
42325.99 341.84
42327.20 342.92
42328.41 344.46
42329.64 345.73
42330.85 347.36
42332.06 348.68
42333.27 349.84
42334.48 351.42
42335.69 352.71
42336.90 354.86
42338.11 355.93
42339.33 355.96
42340.54 356.98
42341.75 357.99
42342.96 358.50
42344.16 359.75
42345.38 360.37
42346.60 360.69
42347.80 361.34
42349.01 362.17
42350.22 362.59
42351.44 363.29
42352.65 363.65
42353.86 363.82
42355.07 364.41
42356.28 365.21
42357.49 365.60
42358.70 365.80
42359.90 366.40
42361.10 367.70
42362.30 368.35
42363.51 369.68
42364.72 369.84
42365.93 369.92
42367.15 370.46
42368.36 370.73
42369.59 370.36
42370.80 370.68
42372.00 371.34
42373.20 372.17
42374.41 372.59
42375.64 372.29
42376.85 373.15
42378.06 373.57
42379.27 373.79
42380.48 373.89
42381.69 373.95
42382.90 374.47
42384.11 374.24
42385.32 375.12
42386.54 375.56
42387.75 376.28
42388.96 376.14
42390.17 376.07
42391.38 376.03
42392.60 375.52
42393.80 376.26
42395.01 376.63
42396.22 377.31
42397.44 377.66
42398.66 377.83
42399.87 378.41
42401.08 378.71
42402.29 378.85
42403.50 378.93
42404.71 378.96
42405.91 378.98
42407.12 378.99
42408.33 379.50
42409.54 379.25
42410.75 379.62
42411.96 380.31
42413.17 381.16
42414.39 380.58
42415.61 380.79
42416.82 381.39
42418.03 380.70
42419.23 380.85
42420.44 380.42
42421.65 380.71
42422.86 381.36
42424.07 381.68
42425.28 381.84
42426.49 381.42
42427.70 381.71
42428.91 381.85
42430.12 381.93
42431.34 381.96
42432.55 381.98
42433.76 381.99
42434.97 382.50
42436.18 382.25
42437.39 383.12
42438.62 382.56
42439.83 382.78
42441.04 382.89
42442.24 383.95
42443.45 383.47
42444.66 383.74
42445.87 383.87
42447.07 384.43
42448.28 384.22
42449.50 384.11
42450.71 383.55
42451.92 383.78
42453.14 384.39
42454.35 384.19
42455.58 384.10
42456.79 384.05
42458.00 384.52
42459.18 384.26
42460.39 384.63
42461.61 384.32
42462.83 385.16
42464.04 385.08
42465.24 386.04
42466.45 385.52
42467.66 385.26
42468.87 385.13
42470.09 385.56
42471.30 385.28
42472.51 385.64
42473.71 385.82
42474.92 386.41
42476.13 386.71
42477.35 386.35
42478.57 386.18
42479.79 386.09
42481.00 386.04
42482.17 386.02
42483.38 386.51
42484.60 386.76
42485.81 387.38
42487.02 387.69
42488.23 388.34
42489.44 387.67
42490.65 387.34
42491.87 387.67
42493.08 387.33
42494.29 387.17
42495.51 387.08
42496.71 388.04
42497.92 371.52
42499.13 321.76
42500.33 273.38
42501.55 232.19
42502.76 200.10
42503.97 175.55
42505.17 154.27
42506.39 137.64
42507.61 125.32
42508.82 113.66
42510.02 104.83
42511.22 97.41
42512.39 91.21
42513.57 85.10
42514.73 80.55
42515.90 76.28
42517.06 72.64
42518.22 69.82
42519.39 66.91
42520.57 62.95
42521.73 60.98
42522.90 58.49
42524.06 56.74
42525.22 53.37
42526.39 52.19
42527.57 49.59
42528.73 48.80
42529.89 46.40
42531.05 46.70
42532.21 45.35
42533.38 43.67
42534.56 42.34
42535.73 41.17
42536.90 39.58
42538.06 39.29
42539.22 37.15
42540.39 37.57
42541.57 36.29
42542.73 35.64
42543.90 33.82
42545.06 32.91
42546.22 32.46
42547.39 31.73
42548.57 31.36
42549.73 31.68
42550.90 29.84
42552.06 30.92
42553.22 31.46
42554.39 30.23
42555.57 31.12
42556.74 29.06
42557.90 28.03
42559.06 27.51
42560.22 26.76
42561.39 27.88
42562.57 25.44
42563.73 27.22
42564.90 25.61
42566.06 25.80
42567.21 24.40
42568.37 24.70
42569.54 25.35
42570.71 24.18
42571.88 24.09
42573.04 23.54
42574.20 23.77
42575.36 22.89
42576.53 22.94
42577.69 22.47
42578.86 22.24
42580.03 21.62
42581.19 20.81
42582.36 20.40
42583.52 20.20
42584.68 20.10
42585.84 21.55
42587.01 22.28
42588.17 20.64
42589.34 20.32
42590.51 19.66
42591.68 18.33
42592.85 18.16
42594.01 19.58
42595.17 20.29
42596.35 19.15
42597.52 18.57
42598.69 18.79
42599.85 17.39
42601.02 18.20
42602.18 18.60
42603.35 16.80
42604.50 17.90
42605.66 16.45
42606.82 16.22
42607.99 17.61
42609.16 18.31
42610.33 16.65
42611.50 15.83
42612.65 16.41
42613.82 15.71
42614.98 15.35
42616.15 16.18
42617.32 17.59
42618.49 16.29
42619.66 16.15
42620.82 15.57
42621.99 14.29
42623.16 15.14
42624.33 16.07
42625.50 14.04
42626.65 15.02
42627.81 15.51
42628.98 15.75
42630.15 15.88
42631.32 15.44
42632.49 13.72
42633.66 14.86
42634.82 14.43
42635.99 15.21
42637.16 15.61
42638.33 15.30
42639.50 15.65
42640.65 13.33
42641.82 12.16
42642.98 12.08
42644.14 12.04
42645.30 14.02
42646.46 14.01
42647.62 13.01
42648.79 14.00
42649.94 13.00
42651.10 13.50
42652.26 14.25
42653.43 13.63
42654.60 14.81
42655.76 13.41
42656.93 14.70
42658.09 14.85
42659.25 14.93
42660.43 13.46
42661.59 12.73
42662.76 12.37
42663.94 12.18
42665.10 14.09
42666.26 13.05
42667.43 13.52
42668.60 11.26
42669.76 11.63
42670.93 11.82
42672.10 13.91
42673.26 11.95
42674.43 11.98
42675.60 11.49
42676.76 11.24
42677.93 12.12
42679.10 13.06
42680.26 12.53
42681.43 11.77
42682.60 13.88
42683.76 12.94
42684.93 11.47
42686.10 11.24
42687.26 10.62
42688.43 11.81
42689.60 12.40
42690.76 12.20
42691.91 11.60
42693.07 11.80
42694.22 10.40
42695.38 10.20
42696.55 10.10
42697.72 9.05
42698.84 53.53
42700.01 115.76
42701.21 170.88
42702.43 215.44
42703.64 250.22
42704.85 276.11
42706.07 296.06
42707.28 311.53
42708.49 323.76
42709.70 332.38
42710.91 339.19
42712.12 345.60
42713.33 349.80
42714.55 353.40
42715.76 356.70
42716.96 360.35
42718.18 362.17
42719.39 364.09
42720.61 366.04
42721.82 367.52
42723.03 369.26
42724.23 370.63
42725.44 371.32
42726.66 373.16
42727.87 374.08
42729.07 374.04
42730.28 375.02
42731.48 376.01
42732.70 376.50
42733.90 376.75
42735.11 377.88
42736.32 379.44
42737.55 379.22
42738.76 380.11
42739.98 380.05
42741.19 380.03
42742.39 380.51
42743.62 380.76
42744.84 380.88
42746.05 381.44
42747.26 382.72
42748.48 382.36
42749.69 382.68
42750.90 383.34
42752.11 383.17
42753.32 383.58
42754.54 384.29
42755.75 385.15
42756.96 385.07
42758.16 385.04
42759.37 385.52
42760.60 385.26
42761.80 385.13
42763.01 385.56
42764.22 386.28
42765.44 386.14
42766.65 386.07
42767.86 386.04
42769.07 385.52
42770.28 385.76
42771.48 385.88
42772.69 386.44
42773.90 386.22
42775.11 386.61
42776.32 387.30
42777.54 388.15
42778.76 388.08
42779.96 387.54
42781.17 387.77
42782.39 387.88
42783.60 388.44
42784.81 388.22
42786.03 388.11
42787.23 388.06
42788.44 388.03
42789.65 388.01
42790.86 388.01
42792.07 388.50
42793.28 388.75
42794.48 388.38
42795.70 388.69
42796.91 388.84
42798.12 388.92
42799.34 388.96
42800.56 388.98
42801.77 388.99
42802.98 389.50
42804.19 389.25
42805.41 389.62
42806.63 389.81
42807.83 390.41
42809.05 390.20
42810.25 390.10
42811.46 390.55
42812.67 389.78
42813.88 390.39
42815.09 390.19
42816.30 390.10
42817.51 390.05
42818.72 389.52
42819.94 390.26
42821.15 390.13
42822.36 390.07
42823.58 390.03
42824.79 390.02
42826.00 390.51
42827.18 390.75
42828.39 390.88
42829.61 390.44
42830.83 390.22
42832.05 390.61
42833.26 391.30
42834.47 391.65
42835.67 391.33
42836.89 391.66
42838.10 391.33
42839.31 391.17
42840.52 391.58
42841.73 392.29
42842.95 392.15
42844.17 391.57
42845.39 391.29
42846.61 391.14
42847.83 392.07
42849.03 391.54
42850.24 391.77
42851.46 391.88
42852.67 391.94
42853.87 391.47
42855.08 391.74
42856.29 391.87
42857.50 392.43
42858.71 391.72
42859.92 391.36
42861.14 391.68
42862.35 392.84
42863.58 392.42
42864.80 393.21
42866.00 393.10
42867.20 392.55
42868.42 392.28
42869.64 392.14
42870.85 392.07
42872.06 392.03
42873.26 392.02
42874.47 393.01
42875.67 392.50
42876.88 392.75
42878.10 392.38
42879.31 392.19
42880.52 392.59
42881.73 392.30
42882.94 392.65
42884.15 392.32
42885.36 392.66
42886.59 392.33
42887.80 392.17
42889.00 392.08
42890.19 392.54
42891.42 392.77
42892.64 392.89
42893.84 392.94
42895.05 392.97
42896.26 393.99
42897.47 393.99
42898.67 370.50
42899.88 320.75
42901.09 272.37
42902.30 233.19
42903.50 202.59
42904.71 178.30
42905.92 158.65
42907.13 142.32
42908.33 130.66
42909.55 119.33
42910.76 110.67
42911.97 102.33
42913.17 97.17
42914.34 91.58
42915.51 85.79
42916.68 80.90
42917.84 76.95
42919.01 73.97
42920.17 70.49
42921.33 66.24
42922.50 66.62
42923.66 65.31
42924.83 61.66
42926.00 59.83
42927.16 57.41
42928.33 56.21
42929.50 53.60
42930.66 50.80
42931.82 48.90
42932.98 48.45
42934.15 48.23
42935.33 46.11
42936.50 45.06
42937.66 43.53
42938.83 45.26
42940.00 42.63
42941.16 41.32
42942.33 40.66
42943.50 39.83
42944.66 39.91
42945.83 39.46
42947.00 39.73
42948.16 36.86
42949.33 35.93
42950.50 35.47
42951.66 34.23
42952.83 33.62
42954.00 33.81
42955.16 32.40
42956.33 31.70
42957.50 31.85
42958.65 31.93
42959.82 31.46
42960.98 32.23
42962.15 32.12
42963.33 32.06
42964.50 32.03
42965.65 32.01
42966.82 30.51
42967.99 28.75
42969.15 27.38
42970.32 26.69
42971.49 27.84
42972.66 25.42
42973.82 25.71
42974.99 25.86
42976.16 24.93
42977.33 24.96
42978.50 24.48
42979.65 24.74
42980.82 26.37
42981.98 26.19
42983.15 24.59
42984.32 24.30
42985.49 24.15
42986.66 24.07
42987.82 24.04
42988.98 22.02
42990.14 22.01
42991.31 23.00
42992.47 23.50
42993.63 23.25
42994.81 22.13
42995.98 22.56
42997.15 21.28
42998.32 20.64
42999.49 21.82
43000.66 21.41
43001.83 22.21
43003.01 22.10
43004.17 22.55
43005.33 22.28
43006.50 21.14
43007.67 20.57
43008.84 18.78
43010.01 19.89
43011.17 19.95
43012.33 19.47
43013.50 18.74
43014.66 17.87
43015.83 18.43
43017.00 18.22
43018.16 17.11
43019.33 17.05
43020.50 17.53
43021.65 18.26
43022.82 18.13
43023.98 18.07
43025.14 18.03
43026.31 16.52
43027.48 15.76
43028.65 17.38
43029.82 18.19
43030.98 18.09
43032.14 17.55
43033.31 16.77
43034.48 15.89
43035.66 14.44
43036.82 15.72
43037.99 17.36
43039.16 18.18
43040.33 17.59
43041.50 16.30
43042.66 17.65
43043.83 16.32
43045.00 15.16
43046.16 15.58
43047.33 15.29
43048.50 15.65
43049.65 15.32
43050.82 15.16
43051.99 15.08
43053.14 17.04
43054.30 17.52
43055.46 16.76
43056.63 16.38
43057.80 15.69
43058.96 16.35
43060.14 15.67
43061.30 16.34
43062.47 16.17
43063.64 15.58
43064.81 14.79
43065.98 14.40
43067.14 14.20
43068.30 15.60
43069.47 13.80
43070.62 14.40
43071.78 15.20
43072.94 14.60
43074.10 15.30
43075.26 15.15
43076.43 15.07
43077.60 14.04
43078.75 15.02
43079.91 13.01
43081.08 12.00
43082.23 14.00
43083.40 13.00
43084.55 12.50
43085.71 12.25
43086.88 13.63
43088.05 13.81
43089.21 13.41
43090.37 12.70
43091.54 12.85
43092.71 13.43
43093.88 14.21
43095.05 13.61
43096.21 14.80
43097.37 14.90
43098.54 18.95
43099.71 75.48
43100.88 135.74
43102.09 189.37
43103.29 230.68
43104.50 262.34
43105.71 286.17
43106.92 304.59
43108.14 318.29
43109.35 329.65
43110.58 338.32
43111.80 344.66
43113.00 349.33
43114.20 353.67
43115.42 357.83
43116.64 360.92
43117.85 363.46
43119.06 365.23
43120.27 367.61
43121.48 369.81
43122.69 370.90
43123.90 372.45
43125.11 373.23
43126.32 374.61
43127.55 375.81
43128.76 376.90
43129.97 377.45
43131.18 378.73
43132.40 379.36
43133.61 379.68
43134.82 380.34
43136.03 381.17
43137.23 381.59
43138.45 382.29
43139.66 382.65
43140.87 382.82
43142.08 383.91
43143.29 384.46
43144.50 384.23
43145.71 385.61
43146.92 385.81
43148.14 385.40
43149.35 385.70
43150.56 386.85
43151.77 386.43
43152.99 386.71
43154.20 386.86
43155.41 386.93
43156.64 386.96
43157.84 387.48
43159.05 387.74
43160.26 387.87
43161.47 387.94
43162.68 388.47
43163.89 388.23
43165.10 389.62
43166.31 389.81
43167.53 388.90
43168.74 389.45
43169.96 389.23
43171.17 389.61
43172.39 389.31
43173.61 390.15
43174.83 390.58
43176.04 390.29
43177.25 390.14
43178.47 390.57
43179.67 390.29
43180.89 390.64
43182.10 390.32
43183.31 390.16
43184.53 391.08
43185.74 391.54
43186.95 390.77
43188.16 391.39
43189.38 391.19
43190.60 390.60
43191.80 391.30
43193.00 391.15
43194.20 391.57
43195.41 392.29
43196.63 391.64
43197.84 391.32
43199.06 391.66
43200.27 391.83
43201.48 391.92
43202.69 391.96
43203.90 392.48
43205.11 392.74
43206.32 392.87
43207.55 392.93
43208.76 392.47
43209.97 392.23
43211.18 392.12
43212.40 392.06
43213.60 392.53
43214.81 392.26
43216.03 393.13
43217.23 393.07
43218.44 392.53
43219.65 392.77
43220.86 393.88
43222.07 394.44
43223.28 394.72
43224.49 393.86
43225.70 392.93
43226.91 393.97
43228.12 394.48
43229.34 394.74
43230.56 394.37
43231.77 394.69
43232.99 394.84
43234.19 393.92
43235.41 393.46
43236.63 393.23
43237.84 393.12
43239.06 393.56
43240.27 393.28
43241.48 393.64
43242.69 394.32
43243.90 394.16
43245.11 394.08
43246.32 394.04
43247.53 394.02
43248.74 394.01
43249.95 394.01
43251.16 394.00
43252.36 394.00
43253.57 394.00
43254.78 394.50
43255.98 394.75
43257.19 394.88
43258.41 394.94
43259.63 394.97
43260.83 394.48
43262.04 394.74
43263.25 394.37
43264.47 394.69
43265.67 394.84
43266.88 394.42
43268.10 394.21
43269.31 394.61
43270.53 394.30
43271.74 394.65
43272.95 394.83
43274.16 394.41
43275.37 394.21
43276.60 394.60
43277.80 394.30
43279.00 394.65
43280.18 394.33
43281.41 395.16
43282.63 394.58
43283.83 394.79
43285.04 394.90
43286.24 395.95
43287.45 394.97
43288.66 394.99
43289.87 394.99
43291.07 396.00
43292.27 396.50
43293.48 396.25
43294.69 396.12
43295.91 395.56
43297.12 395.78
43298.33 396.39
43299.55 372.20
43300.76 323.10
43301.97 276.55
43303.17 236.77
43304.39 206.89
43305.60 181.44
43306.80 161.72
43308.00 144.86
43309.20 132.43
43310.41 122.22
43311.62 113.11
43312.83 105.05
43314.03 98.53
43315.20 92.76
43316.36 86.88
43317.53 83.44
43318.70 81.22
43319.86 76.61
43321.03 73.31
43322.20 70.65
43323.36 66.83
43324.54 64.41
43325.71 64.21
43326.89 61.60
43328.05 59.80
43329.21 58.40
43330.37 56.20
43331.55 54.10
43332.71 53.05
43333.88 50.03
43335.05 49.51
43336.21 48.26
43337.39 48.13
43338.56 48.56
43339.73 46.28
43340.89 44.14
43342.06 44.07
43343.22 42.04
43344.40 41.02
43345.56 41.01
43346.73 40.50
43347.89 38.75
43349.06 38.38
43350.22 36.69
43351.40 37.84
43352.56 36.92
43353.73 34.96
43354.89 36.48
43356.06 36.24
43357.22 34.12
43358.40 32.56
43359.57 31.78
43360.73 31.39
43361.90 30.70
43363.06 30.85
43364.22 30.42
43365.40 31.21
43366.57 31.61
43367.73 31.80
43368.89 29.90
43370.05 31.45
43371.21 30.73
43372.40 29.36
43373.57 29.68
43374.73 28.34
43375.90 27.17
43377.06 29.09
43378.22 28.54
43379.40 28.27
43380.56 27.64
43381.73 25.82
43382.90 28.41
43384.06 26.20
43385.22 25.60
43386.39 25.80
43387.55 26.40
43388.71 26.20
43389.88 25.10
43391.04 24.55
43392.20 25.78
43393.37 24.89
43394.55 24.44
43395.71 24.72
43396.88 23.86
43398.05 23.93
43399.21 22.97
43400.39 22.48
43401.56 21.24
43402.73 22.12
43403.89 22.06
43405.05 22.03
43406.21 21.02
43407.39 20.51
43408.56 21.75
43409.73 20.88
43410.89 20.44
43412.06 20.22
43413.22 21.61
43414.40 21.80
43415.56 21.90
43416.72 20.95
43417.89 20.48
43419.05 21.74
43420.21 22.37
43421.39 21.18
43422.56 20.09
43423.72 19.55
43424.89 19.27
43426.06 18.64
43427.22 18.82
43428.40 19.41
43429.57 19.20
43430.73 17.60
43431.89 16.80
43433.05 16.40
43434.21 16.20
43435.39 16.10
43436.56 17.55
43437.73 16.78
43438.91 15.89
43440.07 17.44
43441.23 17.22
43442.41 16.61
43443.57 17.81
43444.74 18.40
43445.90 17.70
43447.06 16.85
43448.22 16.43
43449.40 16.71
43450.57 17.86
43451.73 18.43
43452.91 17.71
43454.08 18.36
43455.24 17.18
43456.41 16.59
43457.57 15.29
43458.74 17.15
43459.91 16.57
43461.08 16.29
43462.24 16.14
43463.41 16.07
43464.58 15.04
43465.74 15.02
43466.90 15.01
43468.06 17.00
43469.22 16.00
43470.39 17.50
43471.55 18.25
43472.72 17.63
43473.89 18.31
43475.07 16.66
43476.23 16.83
43477.40 16.41
43478.57 16.71
43479.73 15.35
43480.90 15.18
43482.06 16.09
43483.22 16.04
43484.39 15.02
43485.56 14.51
43486.73 13.26
43487.90 12.63
43489.06 14.31
43490.22 14.66
43491.40 14.83
43492.56 15.41
43493.73 13.71
43494.90 12.85
43496.07 12.43
43497.23 12.71
43498.40 13.86
43499.57 12.93
43500.73 48.46
43501.90 107.73
43503.10 164.87
43504.31 211.93
43505.53 248.47
43506.74 276.23
43507.96 296.62
43509.17 311.81
43510.39 324.40
43511.60 334.20
43512.80 341.10
43514.01 347.05
43515.21 352.03
43516.43 356.01
43517.64 359.51
43518.85 362.75
43520.06 364.88
43521.26 366.94
43522.47 368.97
43523.67 370.48
43524.88 371.74
43526.09 373.37
43527.30 374.19
43528.51 376.09
43529.72 377.05
43530.93 378.02
43532.14 379.51
43533.35 380.26
43534.58 380.63
43535.79 381.81
43537.00 382.41
43538.18 382.20
43539.39 382.60
43540.60 383.30
43541.80 383.15
43543.01 383.08
43544.21 383.54
43545.43 384.27
43546.64 384.63
43547.85 385.32
43549.06 385.66
43550.27 385.83
43551.48 385.91
43552.69 385.96
43553.90 385.98
43555.10 387.49
43556.31 387.74
43557.53 388.37
43558.74 388.19
43559.96 388.09
43561.16 389.05
43562.37 389.02
43563.59 389.01
43564.80 389.01
43566.00 389.00
43567.19 390.00
43568.40 389.50
43569.60 389.75
43570.81 389.88
43572.03 389.94
43573.24 390.47
43574.45 390.73
43575.66 390.87
43576.87 390.93
43578.07 390.97
43579.28 390.98
43580.49 391.49
43581.70 391.25
43582.91 391.12
43584.12 392.06
43585.33 392.03
43586.55 392.02
43587.76 392.01
43588.97 392.00
43590.17 392.00
43591.37 392.00
43592.58 391.50
43593.79 392.25
43595.00 392.63
43596.18 392.31
43597.40 391.66
43598.61 391.33
43599.83 391.16
43601.05 391.58
43602.25 392.29
43603.46 392.15
43604.67 392.57
43605.88 392.29
43607.09 392.14
43608.30 392.57
43609.51 392.79
43610.72 392.89
43611.93 392.45
43613.15 392.72
43614.37 392.86
43615.59 392.43
43616.80 392.72
43618.00 393.86
43619.20 393.43
43620.41 393.21
43621.63 393.61
43622.84 393.80
43624.04 393.90
43625.24 393.45
43626.45 393.73
43627.67 393.36
43628.88 393.18
43630.09 393.59
43631.30 393.80
43632.51 393.90
43633.72 393.95
43634.93 393.97
43636.14 393.99
43637.35 394.49
43638.57 394.25
43639.79 394.12
43641.01 394.06
43642.21 394.03
43643.42 394.02
43644.63 394.51
43645.84 394.25
43647.05 394.63
43648.26 394.31
43649.48 393.66
43650.69 393.83
43651.90 393.91
43653.11 394.46
43654.33 394.23
43655.55 394.11
43656.77 394.56
43657.98 394.78
43659.19 394.39
43660.40 394.69
43661.61 394.35
43662.83 394.67
43664.04 394.34
43665.25 394.67
43666.46 394.33
43667.67 395.67
43668.89 395.33
43670.10 395.17
43671.31 394.58
43672.53 394.29
43673.75 395.15
43674.96 395.07
43676.16 395.04
43677.38 394.52
43678.60 395.26
43679.80 396.13
43681.01 395.56
43682.22 395.28
43683.44 395.14
43684.65 395.57
43685.86 395.29
43687.07 396.14
43688.28 396.07
43689.49 396.04
43690.70 396.52
43691.91 396.26
43693.12 395.63
43694.34 396.31
43695.56 396.16
43696.78 395.58
43697.99 395.79
43699.20 395.89
43700.40 395.95
43701.61 372.47
43702.83 323.24
43704.04 277.12
43705.25 239.06
43706.45 207.53
43707.66 181.76
43708.86 163.38
43710.07 146.69
43711.27 134.85
43712.48 123.92
43713.69 116.46
43714.89 107.23
43716.10 99.62
43717.27 95.31
43718.44 90.65
43719.61 84.83
43720.78 80.91
43721.94 76.46
43723.11 74.73
43724.28 72.86
43725.45 68.93
43726.62 67.47
43727.78 65.73
43728.95 62.37
43730.12 60.68
43731.29 58.34
43732.46 56.67
43733.62 55.34
43734.79 53.67
43735.96 53.83
43737.13 51.42
43738.30 50.21
43739.46 49.10
43740.63 48.05
43741.79 47.03
43742.96 47.01
43744.13 45.51
43745.30 44.25
43746.46 43.13
43747.63 43.06
43748.79 42.03
43749.95 42.02
43751.12 41.01
43752.29 40.00
43753.45 38.00
43754.62 38.50
43755.78 37.25
43756.95 38.13
43758.12 37.06
43759.29 34.03
43760.46 33.02
43761.62 34.01
43762.80 32.50
43763.95 32.75
43765.12 33.88
43766.29 31.94
43767.46 32.47
43768.62 33.23
43769.80 32.12
43770.96 32.56
43772.13 31.28
43773.30 29.64
43774.46 29.82
43775.63 28.91
43776.80 30.45
43777.96 29.73
43779.13 30.36
43780.30 29.18
43781.46 28.59
43782.63 28.80
43783.79 29.90
43784.95 29.45
43786.12 28.22
43787.29 27.11
43788.46 26.06
43789.62 25.03
43790.79 26.01
43791.95 26.51
43793.12 26.75
43794.29 25.38
43795.46 24.69
43796.63 25.84
43797.80 24.92
43798.96 24.46
43800.13 24.73
43801.30 23.87
43802.46 23.93
43803.64 25.47
43804.81 23.73
43805.98 21.87
43807.14 23.43
43808.31 23.22
43809.48 23.61
43810.65 22.30
43811.81 23.65
43812.98 21.83
43814.16 20.91
43815.33 21.96
43816.50 20.98
43817.66 21.99
43818.83 22.49
43820.00 21.25
43821.16 20.62
43822.33 20.81
43823.50 20.41
43824.67 20.20
43825.83 20.10
43826.99 20.05
43828.15 20.03
43829.32 20.51
43830.49 19.76
43831.66 19.88
43832.82 18.94
43833.99 20.97
43835.16 20.48
43836.33 21.24
43837.50 19.12
43838.67 19.06
43839.83 21.03
43840.99 18.52
43842.16 18.76
43843.33 17.38
43844.50 18.19
43845.66 17.59
43846.83 18.30
43847.99 17.15
43849.16 16.57
43850.33 18.29
43851.50 17.64
43852.67 16.32
43853.83 16.66
43855.00 17.33
43856.16 16.67
43857.33 17.83
43858.50 18.42
43859.66 18.71
43860.83 17.35
43862.01 17.18
43863.17 16.09
43864.33 16.04
43865.51 16.02
43866.67 17.51
43867.84 16.26
43869.01 16.13
43870.17 16.06
43871.33 16.03
43872.51 16.52
43873.68 15.76
43874.85 14.88
43876.01 15.44
43877.17 15.72
43878.34 17.36
43879.52 15.68
43880.69 14.84
43881.85 15.42
43883.02 15.21
43884.19 15.60
43885.35 15.80
43886.52 15.40
43887.68 15.20
43888.84 14.60
43890.00 15.30
43891.15 15.65
43892.32 15.83
43893.50 15.91
43894.66 14.46
43895.83 15.23
43897.00 15.61
43898.16 14.81
43899.33 15.40
43900.50 15.70
43901.66 22.85
43902.83 79.93
43904.01 141.46
43905.21 192.73
43906.42 233.37
43907.63 264.18
43908.84 288.09
43910.04 306.55
43911.25 320.27
43912.46 330.64
43913.67 339.32
43914.89 345.16
43916.10 351.08
43917.30 355.04
43918.51 359.02
43919.72 362.51
43920.94 365.25
43922.15 367.13
43923.37 369.06
43924.58 370.53
43925.79 372.27
43927.00 373.63
43928.20 374.32
43929.41 375.66
43930.63 377.33
43931.85 378.66
43933.06 379.33
43934.27 381.17
43935.48 381.58
43936.69 382.29
43937.90 383.15
43939.11 383.57
43940.32 383.79
43941.55 385.39
43942.76 385.20
43943.96 385.60
43945.17 385.80
43946.39 385.90
43947.60 386.45
43948.80 386.72
43950.01 387.86
43951.23 387.93
43952.44 387.97
43953.65 388.48
43954.86 389.24
43956.07 389.12
43957.28 389.06
43958.48 389.03
43959.69 389.52
43960.91 389.26
43962.12 389.63
43963.34 389.81
43964.57 390.41
43965.79 390.20
43967.00 390.60
43968.17 391.30
43969.39 390.65
43970.60 390.83
43971.81 391.41
43973.03 391.21
43974.23 392.10
43975.44 391.55
43976.65 391.78
43977.87 391.89
43979.07 392.44
43980.28 392.22
43981.51 392.61
43982.72 392.81
43983.94 392.40
43985.15 392.20
43986.35 392.10
43987.57 393.05
43988.78 393.03
43989.99 393.01
43991.20 393.01
43992.41 393.50
43993.62 393.25
43994.83 394.13
43996.05 393.56
43997.26 394.28
43998.48 393.64
43999.69 393.32
44000.91 394.16
44002.12 394.08
44003.33 394.54
44004.55 394.27
44005.76 394.64
44006.98 394.32
44008.19 394.66
44009.40 394.33
44010.62 395.16
44011.83 394.58
44013.04 394.79
44014.25 394.90
44015.46 394.45
44016.67 394.72
44017.88 394.36
44019.09 394.18
44020.30 394.59
44021.51 394.30
44022.72 394.65
44023.94 394.82
44025.15 395.91
44026.37 395.96
44027.59 395.48
44028.80 395.24
44030.00 395.12
44031.20 395.06
44032.40 395.03
44033.60 395.01
44034.80 395.51
44036.01 395.75
44037.22 395.38
44038.44 395.19
44039.65 395.59
44040.86 396.30
44042.07 396.15
44043.28 396.57
44044.48 395.79
44045.69 395.89
44046.90 395.95
44048.11 395.97
44049.32 395.99
44050.54 396.49
44051.75 396.25
44052.96 396.12
44054.17 396.06
44055.39 396.03
44056.60 396.02
44057.80 396.01
44059.00 396.00
44060.19 396.00
44061.39 396.00
44062.60 396.50
44063.80 397.25
44065.00 396.63
44066.21 396.81
44067.43 396.41
44068.64 396.20
44069.85 396.60
44071.06 396.30
44072.26 396.65
44073.47 396.33
44074.68 396.66
44075.89 396.33
44077.10 396.67
44078.31 396.83
44079.53 396.92
44080.74 396.46
44081.96 396.73
44083.17 396.36
44084.39 397.18
44085.60 396.59
44086.80 396.80
44088.00 396.40
44089.19 396.70
44090.40 397.35
44091.61 397.17
44092.83 398.09
44094.03 397.04
44095.23 397.02
44096.44 397.01
44097.66 396.51
44098.87 396.75
44100.08 397.88
44101.28 397.44
44102.51 378.72
44103.72 329.86
44104.93 282.43
44106.14 242.71
44107.34 211.36
44108.56 185.68
44109.77 165.84
44110.98 149.42
44112.19 136.21
44113.40 125.10
44114.60 116.05
44115.79 109.53
44117.00 102.26
44118.19 96.63
44119.37 90.82
44120.54 86.91
44121.71 82.95
44122.88 78.98
44124.05 76.99
44125.21 72.49
44126.38 70.25
44127.55 66.62
44128.72 64.31
44129.89 63.16
44131.05 61.58
44132.21 58.79
44133.39 57.39
44134.56 56.70
44135.73 55.85
44136.89 54.42
44138.06 52.71
44139.22 49.86
44140.39 50.43
44141.57 49.21
44142.73 48.61
44143.90 48.30
44145.06 46.65
44146.22 45.33
44147.39 42.66
44148.56 42.33
44149.73 42.17
44150.90 40.58
44152.06 40.79
44153.22 39.90
44154.39 39.95
44155.56 39.47
44156.73 38.24
44157.90 37.12
44159.07 37.06
44160.23 36.53
44161.40 36.76
44162.56 35.38
44163.73 34.69
44164.89 34.85
44166.06 33.92
44167.23 32.46
44168.39 32.23
44169.56 32.62
44170.73 32.31
44171.90 32.15
44173.06 31.08
44174.22 31.04
44175.38 32.52
44176.55 30.26
44177.72 30.63
44178.89 30.31
44180.05 29.16
44181.21 29.08
44182.38 31.04
44183.55 29.52
44184.72 28.76
44185.89 29.88
44187.05 28.44
44188.21 27.72
44189.38 28.36
44190.55 26.18
44191.72 27.09
44192.89 27.04
44194.05 25.52
44195.21 24.76
44196.38 25.88
44197.54 24.94
44198.71 24.47
44199.88 24.74
44201.05 24.37
44202.21 24.18
44203.38 25.59
44204.54 24.80
44205.70 23.90
44206.86 24.45
44208.03 23.72
44209.19 24.36
44210.37 24.18
44211.53 22.09
44212.69 22.05
44213.85 21.02
44215.01 21.51
44216.17 21.26
44217.35 21.63
44218.53 22.31
44219.69 22.16
44220.86 21.08
44222.02 21.54
44223.18 20.77
44224.36 20.38
44225.53 20.19
44226.70 20.10
44227.86 21.55
44229.03 21.27
44230.19 20.64
44231.37 21.82
44232.53 22.41
44233.70 21.20
44234.86 22.10
44236.02 22.05
44237.18 20.03
44238.36 20.01
44239.53 19.01
44240.69 20.00
44241.85 20.00
44243.01 19.00
44244.16 18.50
44245.32 18.75
44246.50 19.38
44247.66 18.69
44248.83 16.84
44249.99 17.42
44251.16 17.21
44252.33 17.11
44253.51 16.05
44254.67 16.53
44255.84 17.26
44257.01 16.63
44258.17 15.82
44259.34 16.41
44260.52 17.20
44261.68 16.10
44262.84 17.55
44264.01 16.78
44265.17 15.89
44266.34 16.44
44267.53 16.22
44268.69 16.61
44269.86 17.81
44271.03 18.40
44272.19 17.20
44273.36 16.60
44274.53 16.30
44275.70 16.15
44276.86 16.08
44278.03 17.54
44279.19 15.77
44280.37 15.38
44281.53 16.19
44282.70 16.10
44283.86 15.55
44285.03 16.27
44286.19 16.14
44287.37 16.07
44288.53 16.03
44289.69 17.52
44290.86 16.76
44292.03 16.38
44293.19 15.19
44294.37 14.59
44295.53 14.30
44296.70 14.65
44297.86 15.32
44299.03 15.66
44300.19 15.83
44301.37 15.92
44302.53 15.96
44303.70 72.98
44304.86 134.49
44306.07 187.74
44307.28 231.37
44308.49 263.69
44309.70 287.84
44310.91 305.92
44312.12 320.46
44313.34 331.23
44314.56 339.62
44315.78 346.31
44317.00 352.15
44318.18 355.58
44319.39 359.29
44320.60 362.64
44321.81 365.32
44323.03 367.66
44324.23 369.83
44325.44 371.92
44326.66 373.96
44327.87 375.48
44329.08 376.24
44330.29 377.62
44331.51 378.81
44332.73 379.40
44333.94 380.70
44335.15 381.35
44336.37 382.18
44337.59 382.59
44338.80 382.79
44340.00 383.90
44341.19 384.45
44342.41 385.22
44343.63 385.11
44344.84 385.56
44346.05 385.78
44347.26 386.39
44348.47 386.69
44349.67 386.85
44350.88 387.42
44352.09 387.71
44353.30 388.36
44354.51 387.68
44355.73 387.84
44356.95 387.92
44358.16 387.96
44359.37 388.98
44360.59 388.99
44361.80 388.99
44363.00 389.50
44364.19 389.75
44365.40 389.37
44366.61 390.19
44367.83 391.09
44369.04 391.55
44370.25 391.27
44371.47 391.64
44372.68 391.32
44373.90 391.16
44375.11 392.08
44376.32 391.54
44377.54 392.27
44378.76 392.63
44379.97 392.82
44381.18 392.91
44382.39 392.95
44383.60 392.98
44384.81 392.99
44386.02 393.49
44387.23 393.25
44388.44 393.62
44389.65 393.31
44390.87 393.66
44392.08 393.83
44393.29 393.91
44394.51 393.96
44395.73 393.98
44396.94 393.99
44398.15 394.49
44399.37 394.25
44400.59 394.12
44401.80 394.56
44403.01 394.78
44404.22 394.89
44405.43 394.95
44406.64 394.97
44407.85 394.49
44409.06 394.74
44410.27 394.37
44411.49 394.69
44412.70 395.34
44413.91 394.67
44415.13 394.84
44416.35 395.42
44417.57 395.21
44418.79 395.10
44420.00 395.55
44421.18 395.28
44422.39 395.64
44423.60 395.32
44424.81 395.66
44426.03 395.33
44427.23 395.66
44428.45 395.83
44429.66 395.92
44430.87 395.46
44432.08 395.73
44433.29 395.86
44434.51 395.93
44435.72 396.47
44436.94 396.23
44438.15 396.12
44439.37 396.56
44440.59 396.28
44441.80 396.14
44443.00 396.07
44444.20 396.53
44445.41 396.27
44446.63 396.63
44447.84 396.82
44449.05 396.41
44450.26 396.70
44451.47 396.85
44452.67 396.93
44453.89 397.46
44455.11 397.23
44456.32 397.12
44457.55 397.06
44458.76 397.03
44459.96 397.01
44461.18 397.51
44462.39 397.25
44463.61 397.13
44464.83 397.06
44466.03 397.03
44467.23 397.02
44468.44 396.51
44469.66 397.25
44470.87 397.13
44472.09 397.56
44473.30 397.28
44474.52 397.64
44475.73 397.32
44476.95 397.66
44478.16 397.83
44479.37 397.42
44480.60 397.21
44481.80 397.60
44483.00 397.80
44484.19 398.40
44485.40 397.70
44486.60 397.85
44487.81 398.43
44489.03 397.71
44490.23 397.36
44491.45 397.68
44492.66 397.84
44493.87 397.42
44495.08 397.21
44496.29 397.60
44497.51 397.30
44498.71 397.65
44499.93 397.83
44501.15 397.41
44502.37 397.71
44503.59 371.35
44504.80 321.68
44506.01 276.34
44507.21 238.17
44508.42 207.58
44509.63 183.29
44510.84 163.15
44512.05 147.57
44513.25 134.79
44514.46 124.39
44515.67 115.20
44516.87 109.10
44518.07 102.05
44519.27 95.52
44520.45 91.26
44521.62 86.13
44522.79 82.07
44523.95 79.53
44525.12 75.77
44526.29 73.38
44527.46 70.69
44528.63 67.35
44529.80 66.17
44530.96 63.09
44532.12 62.04
44533.29 60.52
44534.46 59.76
44535.62 58.38
44536.79 55.19
44537.96 53.60
44539.13 52.80
44540.30 51.90
44541.46 50.95
44542.62 48.97
44543.79 47.49
44544.96 47.74
44546.13 45.87
44547.30 44.94
44548.46 44.47
44549.63 43.23
44550.80 41.62
44551.96 40.81
44553.13 39.90
44554.29 39.95
44555.46 39.98
44556.62 39.99
44557.79 39.49
44558.96 37.25
44560.13 36.62
44561.30 36.31
44562.46 36.16
44563.63 36.58
44564.80 35.79
44565.96 35.39
44567.13 35.20
44568.30 33.60
44569.46 32.30
44570.63 31.65
44571.80 30.82
44572.96 30.91
44574.13 32.96
44575.30 32.48
44576.46 32.24
44577.63 30.12
44578.81 29.06
44579.97 30.03
44581.13 31.01
44582.30 29.51
44583.46 29.75
44584.63 29.38
44585.80 28.69
44586.96 28.34
44588.13 28.17
44589.30 28.59
44590.46 28.79
44591.63 29.40
44592.79 28.20
44593.95 27.10
44595.11 27.05
44596.28 26.02
44597.44 25.01
44598.60 25.01
44599.76 25.00
44600.92 25.00
44602.08 24.50
44603.24 25.25
44604.41 26.13
44605.58 26.56
44606.75 25.28
44607.92 24.64
44609.09 24.32
44610.25 25.66
44611.42 24.83
44612.58 24.42
44613.76 23.71
44614.93 23.35
44616.10 24.18
44617.26 22.59
44618.43 22.29
44619.60 21.15
44620.77 22.07
44621.93 22.54
44623.10 21.77
44624.26 20.88
44625.43 20.44
44626.60 20.22
44627.76 21.61
44628.93 22.31
44630.10 21.15
44631.27 20.58
44632.44 20.29
44633.61 20.14
44634.78 21.57
44635.94 22.29
44637.11 22.64
44638.28 21.32
44639.45 22.16
44640.62 21.08
44641.78 22.04
44642.94 21.02
44644.10 20.51
44645.26 21.76
44646.43 21.38
44647.60 19.69
44648.76 18.84
44649.93 20.92
44651.10 18.46
44652.26 18.23
44653.43 18.62
44654.60 20.31
44655.77 18.65
44656.94 18.33
44658.10 18.66
44659.26 17.83
44660.43 16.92
44661.60 16.96
44662.76 17.98
44663.93 18.49
44665.10 17.24
44666.26 16.62
44667.43 16.31
44668.60 17.66
44669.77 16.83
44670.94 15.91
44672.10 17.46
44673.27 16.73
44674.44 15.86
44675.61 17.43
44676.78 18.22
44677.94 17.11
44679.12 16.05
44680.28 17.53
44681.45 16.76
44682.62 16.38
44683.78 15.19
44684.95 15.60
44686.11 17.30
44687.28 17.15
44688.45 16.07
44689.61 15.54
44690.78 16.27
44691.94 16.63
44693.11 16.32
44694.29 16.16
44695.46 16.08
44696.62 16.04
44697.79 16.02
44698.95 16.01
44700.11 15.00
44701.27 15.50
44702.43 16.25
44703.60 18.13
44704.78 76.56
44705.94 138.28
44707.15 191.14
44708.36 233.57
44709.58 265.79
44710.80 289.39
44712.00 307.70
44713.20 322.35
44714.41 332.67
44715.63 340.84
44716.84 347.42
44718.05 352.21
44719.27 356.60
44720.48 360.80
44721.69 364.40
44722.90 366.70
44724.10 369.35
44725.31 371.18
44726.53 372.59
44727.74 374.29
44728.96 376.15
44730.17 377.07
44731.38 378.04
44732.60 378.52
44733.80 379.76
44735.01 380.38
44736.22 381.19
44737.44 382.09
44738.64 383.05
44739.85 383.52
44741.06 384.26
44742.27 384.63
44743.49 385.32
44744.71 385.66
44745.92 386.33
44747.14 386.66
44748.36 386.33
44749.58 386.67
44750.80 387.33
44752.01 387.67
44753.22 387.83
44754.44 389.42
44755.65 390.21
44756.87 390.10
44758.07 390.05
44759.28 390.03
44760.49 390.51
44761.71 390.26
44762.92 390.13
44764.14 391.06
44765.36 391.53
44766.58 392.27
44767.80 392.13
44769.00 392.07
44770.20 392.03
44771.40 392.02
44772.60 391.51
44773.81 391.75
44775.03 392.38
44776.23 392.19
44777.45 392.09
44778.67 392.55
44779.88 392.27
44781.09 392.64
44782.30 392.82
44783.51 393.41
44784.73 393.20
44785.94 393.60
44787.15 393.80
44788.36 393.40
44789.57 393.70
44790.78 393.85
44792.00 393.93
44793.18 393.96
44794.39 393.98
44795.60 393.99
44796.81 395.00
44798.02 395.00
44799.22 395.00
44800.43 395.00
44801.63 395.00
44802.83 394.50
44804.03 394.25
44805.25 394.62
44806.47 395.81
44807.67 396.41
44808.88 396.20
44810.08 396.10
44811.28 396.05
44812.50 395.53
44813.71 395.26
44814.92 395.63
44816.13 395.32
44817.35 395.66
44818.57 395.83
44819.78 395.41
44820.99 395.71
44822.20 396.35
44823.41 395.68
44824.63 396.34
44825.83 395.67
44827.04 395.83
44828.25 395.92
44829.48 395.46
44830.69 396.23
44831.91 396.11
44833.12 396.56
44834.35 396.78
44835.56 396.39
44836.77 396.19
44837.98 396.10
44839.19 396.05
44840.39 396.52
44841.60 396.76
44842.81 395.88
44844.02 396.44
44845.23 395.72
44846.44 396.36
44847.65 396.18
44848.86 396.59
44850.07 396.30
44851.28 396.15
44852.50 396.07
44853.70 396.54
44854.91 396.77
44856.12 396.88
44857.34 396.94
44858.55 395.97
44859.76 396.49
44860.97 396.74
44862.18 396.87
44863.39 396.94
44864.60 396.97
44865.81 396.48
44867.02 396.24
44868.23 396.62
44869.44 396.31
44870.66 397.16
44871.88 397.08
44873.08 397.04
44874.28 397.52
44875.51 397.26
44876.72 397.13
44877.95 397.06
44879.16 397.53
44880.37 397.77
44881.59 397.38
44882.80 397.69
44884.00 397.85
44885.20 397.92
44886.41 397.96
44887.62 398.48
44888.83 397.74
44890.03 397.37
44891.24 397.69
44892.46 397.84
44893.67 397.92
44894.87 397.96
44896.08 397.98
44897.29 397.99
44898.51 398.00
44899.71 398.00
44900.91 398.00
44902.12 398.50
44903.32 397.75
44904.55 373.87
44905.76 325.94
44906.96 278.97
44908.17 240.98
44909.37 209.99
44910.59 186.00
44911.78 165.50
44912.98 148.75
44914.19 135.37
44915.40 126.19
44916.60 116.09
44917.79 109.55
44919.00 104.27
44920.19 97.14
44921.36 91.57
44922.53 86.78
44923.69 83.39
44924.86 79.70
44926.02 75.85
44927.18 71.92
44928.35 69.96
44929.52 68.48
44930.69 65.74
44931.85 62.87
44933.02 61.44
44934.19 59.22
44935.36 57.61
44936.53 57.30
44937.69 56.15
44938.86 54.08
44940.02 54.04
44941.18 52.52
44942.35 51.76
44943.53 49.88
44944.69 48.44
44945.86 48.22
44947.03 46.11
44948.20 45.05
44949.36 43.53
44950.53 42.76
44951.70 42.38
44952.86 42.69
44954.03 42.85
44955.19 42.92
44956.36 42.96
44957.53 40.98
44958.69 38.99
44959.86 39.00
44961.02 39.00
44962.17 37.50
44963.35 36.75
44964.52 35.87
44965.69 35.44
44966.85 34.22
44968.02 34.11
44969.19 33.55
44970.36 33.28
44971.53 33.14
44972.69 32.57
44973.86 32.78
44975.03 33.89
44976.19 33.45
44977.36 33.72
44978.53 31.86
44979.69 29.93
44980.86 30.47
44982.03 31.73
44983.19 29.87
44984.36 28.93
44985.53 29.97
44986.69 29.98
44987.85 30.49
44989.02 30.75
44990.18 28.37
44991.35 27.19
44992.52 26.59
44993.69 27.30
44994.85 26.65
44996.01 25.32
44997.17 24.66
44998.35 25.83
44999.52 24.92
45000.69 24.46
45001.86 24.23
45003.03 24.11
45004.20 25.56
45005.36 26.28
45006.53 25.14
45007.69 24.57
45008.86 24.28
45010.03 24.14
45011.19 24.07
45012.35 25.04
45013.52 24.02
45014.69 24.51
45015.85 24.25
45017.02 23.63
45018.19 23.81
45019.36 21.91
45020.53 20.95
45021.69 20.48
45022.86 20.24
45024.03 21.62
45025.19 20.81
45026.36 20.40
45027.52 20.20
45028.68 20.10
45029.84 20.05
45031.00 20.03
45032.15 21.01
45033.32 21.01
45034.50 20.50
45035.66 20.25
45036.82 20.63
45037.99 20.31
45039.16 21.66
45040.34 22.33
45041.50 22.66
45042.66 21.33
45043.84 20.67
45045.01 19.33
45046.17 20.17
45047.35 21.58
45048.52 19.79
45049.69 18.90
45050.85 20.95
45052.02 19.47
45053.18 18.74
45054.35 18.37
45055.52 17.68
45056.69 18.84
45057.85 17.42
45059.02 17.21
45060.18 16.61
45061.35 18.80
45062.51 17.90
45063.67 18.95
45064.84 18.98
45066.01 17.49
45067.17 16.74
45068.34 17.87
45069.51 18.44
45070.68 17.72
45071.85 17.36
45073.01 16.68
45074.17 15.84
45075.35 17.42
45076.52 18.21
45077.69 17.60
45078.85 16.80
45080.01 15.90
45081.17 17.45
45082.35 17.23
45083.52 18.11
45084.69 18.56
45085.85 18.78
45087.03 16.89
45088.18 17.94
45089.35 16.97
45090.52 16.49
45091.69 15.24
45092.86 16.12
45094.03 17.56
45095.19 16.78
45096.36 16.39
45097.53 16.20
45098.69 16.10
45099.86 16.05
45101.01 17.52
45102.17 16.76
45103.35 15.38
45104.52 15.19
45105.69 51.10
45106.85 109.55
45108.06 166.27
45109.27 213.14
45110.49 250.07
45111.69 278.03
45112.90 299.02
45114.10 314.51
45115.31 326.75
45116.54 336.38
45117.75 343.69
45118.96 349.84
45120.16 354.42
45121.37 358.71
45122.59 362.86
45123.80 364.93
45125.00 367.46
45126.20 369.73
45127.41 371.87
45128.63 373.43
45129.83 374.72
45131.04 376.86
45132.25 377.43
45133.48 378.21
45134.69 379.61
45135.90 380.80
45137.10 381.40
45138.30 382.70
45139.51 382.85
45140.71 383.43
45141.93 384.21
45143.15 385.61
45144.36 385.30
45145.57 385.65
45146.78 386.33
45148.00 386.16
45149.18 387.08
45150.39 387.54
45151.60 388.27
45152.80 388.64
45154.01 388.82
45155.22 388.91
45156.44 389.45
45157.64 389.73
45158.85 389.86
45160.06 389.93
45161.27 390.47
45162.50 390.73
45163.70 391.37
45164.91 391.68
45166.12 391.34
45167.35 391.67
45168.56 391.34
45169.78 392.17
45170.99 391.58
45172.19 392.29
45173.40 392.15
45174.61 392.07
45175.82 391.54
45177.03 391.77
45178.24 392.38
45179.46 392.19
45180.67 392.60
45181.88 393.30
45183.09 393.15
45184.30 393.57
45185.51 393.29
45186.73 393.64
45187.94 393.82
45189.15 393.91
45190.36 394.46
45191.58 394.23
45192.80 394.11
45194.00 394.06
45195.20 394.03
45196.41 394.01
45197.62 394.51
45198.83 394.25
45200.04 394.63
45201.25 394.81
45202.47 395.41
45203.68 395.70
45204.89 395.35
45206.10 395.68
45207.31 395.34
45208.53 395.17
45209.75 395.58
45210.96 395.29
45212.16 395.65
45213.38 395.32
45214.60 395.66
45215.80 395.83
45217.01 395.92
45218.22 395.96
45219.43 395.98
45220.64 395.49
45221.84 395.74
45223.06 395.37
45224.27 395.69
45225.49 395.84
45226.70 395.42
45227.91 395.71
45229.12 396.36
45230.35 396.18
45231.56 396.09
45232.77 396.04
45233.98 396.52
45235.19 396.26
45236.40 396.13
45237.61 396.07
45238.82 396.53
45240.03 395.77
45241.24 395.38
45242.47 395.69
45243.67 395.85
45244.88 395.92
45246.09 395.96
45247.29 395.98
45248.51 395.99
45249.72 396.00
45250.92 396.00
45252.12 396.00
45253.33 396.00
45254.53 396.00
45255.73 396.00
45256.93 396.50
45258.14 395.75
45259.35 395.38
45260.57 396.19
45261.78 397.09
45262.99 397.05
45264.19 396.02
45265.40 396.51
45266.61 396.76
45267.83 396.88
45269.03 396.44
45270.24 396.72
45271.47 397.36
45272.68 397.68
45273.89 397.34
45275.10 397.67
45276.32 397.83
45277.54 397.42
45278.76 397.71
45279.97 397.35
45281.18 397.68
45282.39 397.34
45283.60 397.67
45284.81 397.83
45286.02 397.42
45287.23 398.21
45288.45 397.60
45289.66 398.30
45290.87 398.15
45292.08 398.08
45293.28 398.04
45294.50 397.52
45295.71 398.26
45296.92 398.13
45298.14 397.56
45299.35 397.78
45300.56 397.89
45301.77 397.95
45302.99 397.97
45304.19 397.99
45305.40 397.99
45306.60 349.00
45307.80 298.50
45309.00 255.75
45310.20 220.87
45311.40 194.44
45312.60 172.22
45313.80 155.61
45315.00 141.30
45316.19 130.15
45317.40 121.58
45318.60 113.79
45319.80 107.39
45321.00 100.70
45322.19 95.35
45323.36 89.67
45324.53 84.84
45325.69 82.92
45326.86 78.46
45328.03 74.73
45329.19 71.36
45330.36 69.68
45331.53 67.34
45332.69 65.17
45333.86 62.59
45335.03 62.79
45336.19 59.40
45337.35 59.20
45338.51 57.10
45339.68 56.05
45340.84 54.02
45342.00 53.01
45343.15 52.01
45344.33 50.00
45345.49 49.00
45346.65 48.00
45347.81 47.50
45348.97 47.25
45350.14 45.63
45351.31 43.31
45352.50 41.66
45353.66 40.83
45354.82 40.41
45355.99 40.21
45357.16 41.60
45358.33 40.80
45359.50 38.40
45360.65 38.20
45361.81 37.60
45362.97 36.80
45364.13 37.90
45365.29 37.45
45366.46 36.23
45367.64 34.61
45368.81 34.31
45369.98 34.65
45371.15 34.83
45372.33 34.91
45373.50 34.96
45374.65 33.48
45375.82 32.24
45376.98 32.62
45378.15 31.31
45379.33 30.65
45380.50 29.83
45381.65 30.41
45382.82 31.21
45383.98 29.60
45385.14 28.80
45386.30 30.90
45387.47 29.45
45388.64 30.73
45389.82 30.36
45390.98 30.68
45392.15 28.34
45393.33 28.17
45394.50 27.09
45395.65 29.04
45396.81 28.02
45397.98 27.01
45399.14 26.51
45400.33 25.25
45401.50 26.13
45402.66 26.56
45403.82 25.28
45404.99 24.64
45406.16 24.32
45407.34 25.66
45408.50 24.33
45409.66 25.17
45410.84 26.08
45412.00 25.04
45413.15 25.52
45414.33 24.76
45415.50 24.38
45416.65 23.69
45417.82 25.35
45418.99 25.17
45420.16 24.59
45421.34 23.79
45422.50 23.40
45423.66 21.70
45424.82 21.85
45425.99 20.92
45427.16 20.46
45428.33 21.23
45429.50 20.62
45430.67 21.81
45431.84 22.40
45433.00 21.70
45434.15 20.85
45435.33 21.93
45436.50 20.96
45437.66 20.48
45438.83 20.24
45440.01 20.12
45441.17 19.06
45442.34 19.53
45443.50 19.77
45444.67 19.88
45445.84 21.44
45447.01 19.72
45448.18 19.86
45449.34 19.43
45450.51 19.22
45451.69 21.11
45452.85 21.05
45454.02 19.53
45455.18 19.76
45456.35 19.88
45457.52 19.44
45458.69 19.22
45459.85 18.61
45461.02 17.31
45462.19 18.65
45463.36 20.33
45464.53 19.66
45465.69 19.33
45466.86 17.67
45468.03 16.33
45469.20 17.17
45470.37 18.58
45471.53 18.79
45472.70 18.90
45473.86 17.45
45475.03 16.72
45476.19 17.86
45477.36 18.43
45478.53 18.72
45479.70 16.86
45480.85 16.93
45482.02 16.46
45483.18 15.73
45484.35 17.37
45485.52 18.18
45486.69 17.09
45487.85 15.55
45489.01 15.27
45490.18 17.14
45491.35 17.07
45492.51 16.53
45493.68 15.27
45494.85 15.13
45496.01 16.07
45497.17 15.03
45498.34 15.52
45499.52 17.26
45500.69 17.13
45501.85 16.56
45503.02 16.28
45504.18 15.64
45505.35 17.32
45506.52 16.66
45507.69 16.33
45508.85 16.17
45510.02 15.58
45511.18 16.29
45512.35 16.15
45513.52 15.07
45514.68 17.04
45515.84 16.52
45517.01 16.26
45518.17 15.13
45519.35 14.06
45520.51 14.03
45521.68 14.52
45522.85 15.26
45524.01 14.63
45525.18 15.81
45526.35 15.91
45527.52 13.95
45528.69 13.98
45529.85 14.99
45531.02 15.49
45532.18 14.75
45533.35 14.37
45534.52 14.69
45535.69 15.34
45536.85 14.17
45538.02 13.59
45539.19 12.79
45540.36 14.90
45541.52 13.45
45542.69 12.72
45543.85 13.86
45545.02 14.43
45546.18 15.72
45547.35 13.86
45548.52 14.93
45549.69 13.46
45550.86 13.73
45552.03 13.37
45553.20 12.68
45554.36 12.34
45555.53 13.67
45556.70 12.84
45557.86 13.42
45559.03 15.21
45560.20 15.10
45561.36 14.05
45562.52 13.03
45563.69 12.51
45564.86 12.26
45566.02 13.63
45567.18 12.81
45568.35 12.41
45569.52 12.70
45570.68 12.35
45571.85 12.18
45573.02 12.09
45574.17 12.04
45575.34 12.02
45576.50 13.01
45577.67 12.51
45578.84 12.25
45580.01 12.13
45581.17 12.06
45582.34 13.03
45583.50 14.02
45584.66 13.51
45585.83 12.75
45587.00 12.38
45588.16 12.69
45589.33 13.84
45590.50 13.42
45591.67 12.71
45592.84 11.36
45594.01 11.68
45595.17 13.34
45596.33 12.67
45597.50 12.33
45598.66 12.17
45599.83 13.58
45601.00 12.29
45602.16 12.15
45603.33 13.07
45604.50 14.04
45605.65 12.02
45606.82 11.01
45607.99 10.00
45609.14 10.50
45610.32 12.75
45611.48 11.38
45612.65 11.69
45613.82 11.84
45614.98 10.92
45616.16 10.46
45617.33 9.23
45618.46 9.62
45619.60 12.31
45620.77 11.65
45621.94 11.33
45623.11 9.66
45624.24 10.33
45625.41 10.17
45626.58 9.58
45627.71 9.79
45628.84 9.90
45629.96 8.95
45631.09 9.47
45632.21 8.74
45633.34 9.37
45634.48 8.68
45635.60 9.34
45636.72 11.17
45637.89 11.09
45639.05 10.54
45640.21 12.27
45641.37 10.64
45642.54 10.32
45643.71 10.66
45644.88 9.83
45646.01 9.41
45647.14 12.21
45648.32 11.10
45649.49 10.05
45650.65 10.03
45651.82 10.51
45652.99 10.76
45654.16 10.88
45655.33 9.94
45656.46 10.47
45657.63 10.73
45658.80 9.87
45659.92 8.93
45661.05 8.97
45662.18 8.48
45663.32 8.24
45664.45 9.62
45665.57 11.81
45666.75 11.41
45667.91 9.70
45669.04 8.85
45670.16 8.43
45671.30 8.21
45672.42 8.11
45673.56 9.05
45674.69 10.03
45675.85 10.51
45677.02 9.26
45678.15 9.63
45679.28 9.81
45680.41 10.41
45681.58 9.20
45682.70 8.60
45683.82 8.80
45684.94 9.90
45686.06 9.45
45687.18 10.73
45688.35 10.86
45689.52 9.43
45690.65 9.22
45691.78 10.11
45692.95 9.55
45694.08 8.78
45695.21 8.39
45696.34 8.69
45697.47 8.85
45698.60 8.42
45699.73 8.71
45700.86 10.36
45702.03 10.68
45703.19 9.34
45704.33 10.67
45705.50 10.83
45706.65 9.42
45707.78 8.71
45708.90 8.85
45710.02 8.43
45711.15 8.21
45712.29 8.61
45713.41 9.80
45714.53 9.40
45715.67 9.20
45716.79 9.60
45717.91 9.30
45719.04 8.65
45720.17 8.83
45721.32 9.91
45722.45 9.96
45723.58 8.98
45724.70 8.49
45725.82 9.74
45726.95 9.37
45728.08 8.69
45729.21 9.84
45730.33 10.42
45731.50 9.21
45732.64 8.61
45733.77 8.30
45734.90 8.15
45736.02 8.08
45737.15 8.04
45738.27 8.02
45739.40 9.51
45740.53 8.75
45741.66 8.38
45742.78 9.69
45743.91 10.34
45745.08 9.67
45746.21 8.34
45747.34 8.67
45748.47 8.33
45749.60 8.17
45750.73 7.58
45751.86 7.29
45752.98 7.65
45754.11 7.82
45755.24 9.41
45756.37 10.21
45757.54 9.10
45758.67 10.05
45759.83 9.53
45760.97 10.26
45762.14 8.63
45763.27 8.32
45764.41 8.66
45765.55 7.83
45766.67 7.91
45767.80 9.46
45768.93 8.23
45770.06 8.11
45771.19 8.06
45772.33 8.03
45773.46 8.01
45774.58 8.51
45775.71 9.75
45776.84 8.38
45777.97 8.19
45779.10 9.59
45780.22 9.80
45781.35 8.90
45782.48 8.45
45783.61 8.22
45784.75 8.11
45785.87 8.06
45787.00 8.53
45788.12 9.76
45789.25 8.88
45790.37 8.94
45791.50 9.97
45792.62 10.49
45793.79 9.74
45794.92 10.37
45796.09 10.69
45797.25 9.34
45798.37 8.67
45799.51 8.34
45800.64 9.67
45801.77 8.83
45802.89 9.92
45804.02 8.96
45805.14 8.98
45806.27 8.99
45807.40 8.49
45808.53 7.75
45809.66 9.37
45810.78 10.19
45811.95 9.09
45813.07 8.55
45814.20 8.27
45815.33 9.64
45816.47 8.32
45817.60 8.16
45818.73 7.58
45819.86 9.29
45820.98 10.14
45822.16 9.07
45823.28 9.54
45824.41 8.77
45825.54 8.38
45826.67 8.69
45827.80 8.35
45828.93 8.17
45830.06 8.09
45831.18 7.54
45832.32 6.77
45833.45 6.89
45834.57 7.44
45835.70 7.72
45836.83 6.86
45837.96 6.93
45839.09 7.47
45840.21 7.73
45841.34 7.87
45842.47 7.93
45843.60 7.47
45844.73 6.73
45845.85 7.37
45846.99 7.18
45848.12 8.09
45849.24 9.55
45850.37 8.27
45851.50 8.64
45852.63 8.32
45853.77 8.66
45854.89 8.83
45856.02 9.91
45857.15 9.46
45858.28 8.73
45859.41 7.86
45860.54 6.93
45861.66 7.47
45862.79 7.73
45863.93 7.87
45865.05 7.93
45866.18 8.47
45867.32 7.73
45868.45 7.87
45869.58 7.43
45870.70 7.72
45871.83 7.86
45872.96 7.93
45874.09 8.46
45875.22 7.73
45876.34 7.87
45877.47 7.93
45878.60 6.47
45879.73 6.73
45880.87 6.37
45882.00 7.18
45883.12 7.59
45884.25 7.30
45885.38 7.15
45886.51 7.57
45887.64 7.79
45888.77 7.89
45889.90 7.45
45891.03 7.22
45892.16 7.11
45893.29 7.06
45894.41 7.53
45895.54 7.76
45896.67 7.88
45897.80 7.44
45898.92 6.22
45900.05 7.11
45901.18 7.06
45902.32 7.53
45903.45 7.76
45904.57 7.88
45905.70 7.94
45906.83 7.47
45907.96 7.24
45909.09 7.12
45910.22 7.06
45911.34 8.03
45912.48 7.51
45913.61 7.26
45914.75 7.13
45915.87 7.06
45917.00 7.03
45918.09 7.52
45919.22 7.26
45920.35 7.63
45921.48 7.81
45922.61 7.91
45923.75 7.45
45924.87 7.73
45926.00 6.86
45927.12 7.43
45928.25 7.72
45929.37 7.86
45930.50 7.93
45931.63 7.46
45932.76 7.23
45933.89 7.62
45935.02 6.81
45936.14 7.40
45937.27 7.70
45938.40 5.35
45939.53 6.68
45940.66 7.34
45941.79 7.67
45942.92 7.33
45944.05 7.67
45945.18 7.33
45946.32 7.67
45947.46 7.33
45948.60 6.17
45949.72 7.08
45950.84 7.04
45951.97 7.52
45953.10 6.76
45954.23 6.38
45955.36 7.19
45956.49 7.60
45957.62 6.80
45958.74 7.40
45959.87 7.70
45961.00 7.85
45962.12 7.42
45963.26 7.71
45964.39 7.36
45965.52 7.68
45966.65 7.84
45967.78 7.92
45968.90 7.96
45970.03 7.48
45971.16 6.74
45972.29 6.87
45973.42 6.43
45974.54 7.22
45975.67 6.11
45976.81 6.55
45977.94 7.28
45979.07 7.14
45980.19 7.57
45981.32 7.28
45982.45 7.64
45983.57 7.82
45984.71 7.41
45985.84 7.71
45986.98 7.85
45988.11 5.43
45989.24 6.71
45990.37 6.86
45991.50 6.93
45992.63 7.46
45993.76 7.73
45994.89 6.37
45996.02 6.18
45997.14 7.09
45998.28 7.05
45999.40 6.52
46000.53 6.76
46001.66 7.38
46002.79 6.69
46003.91 6.85
46005.05 6.92
46006.17 7.46
46007.32 7.73
46008.45 6.37
46009.59 6.18
46010.71 7.09
46011.84 7.55
46012.97 7.77
46014.10 7.89
46015.23 7.44
46016.36 6.22
46017.49 6.11
46018.62 6.06
46019.74 7.03
46020.87 6.01
46022.00 6.01
46023.12 5.50
46024.25 6.75
46025.37 7.38
46026.51 6.69
46027.64 5.84
46028.76 6.92
46029.89 7.46
46031.01 7.73
46032.15 6.87
46033.28 7.43
46034.41 6.22
46035.55 6.11
46036.68 6.05
46037.80 5.53
46038.93 6.26
46040.06 6.13
46041.18 7.07
46042.32 7.03
46043.45 6.02
46044.57 7.01
46045.71 6.50
46046.83 7.25
46047.96 6.13
46049.10 7.06
46050.22 7.03
46051.35 6.52
46052.48 6.26
46053.61 6.13
46054.74 7.06
46055.87 7.03
46057.00 6.52
46058.10 7.26
46059.23 6.13
46060.36 6.56
46061.49 5.78
46062.62 5.89
46063.74 5.95
46064.87 6.47
46066.00 6.24
46067.12 7.12
46068.26 5.06
46069.38 6.53
46070.51 5.76
46071.64 5.88
46072.77 6.94
46073.89 7.47
46075.03 6.74
46076.16 6.37
46077.30 5.68
46078.41 5.84
46079.54 5.92
46080.67 5.96
46081.80 5.48
46082.92 6.74
46084.05 7.37
46085.17 6.69
46086.32 6.34
46087.45 7.17
46088.57 7.59
46089.70 7.79
46090.83 6.90
46091.96 6.45
46093.08 7.22
46094.20 6.61
46095.33 5.81
46096.47 5.40
46097.58 6.70
46098.71 6.35
46099.84 7.18
46100.97 7.59
46102.10 5.29
46103.22 5.65
46104.35 5.32
46105.48 6.66
46106.62 6.33
46107.75 5.67
46108.87 6.83
46110.00 6.42
46111.12 6.21
46112.26 6.10
46113.39 6.05
46114.51 5.53
46115.65 5.76
46116.78 4.88
46117.90 5.94
46119.02 4.47
46120.15 3.74
46121.28 4.87
46122.41 6.43
46123.54 6.22
46124.67 5.61
46125.80 6.30
46126.92 7.15
46128.05 7.58
46129.18 6.79
46130.32 7.39
46131.45 6.20
46132.58 5.60
46133.70 5.80
46134.82 5.90
46135.94 6.95
46137.07 5.97
46138.19 6.99
46139.32 5.49
46140.45 5.25
46141.58 4.12
46142.71 3.56
46143.84 4.78
46144.97 6.39
46146.10 7.20
46147.22 6.10
46148.35 5.55
46149.48 4.27
46150.61 4.64
46151.74 5.82
46152.86 6.41
46154.00 5.70
46155.09 5.85
46156.21 6.43
46157.34 6.71
46158.48 5.86
46159.60 5.43
46160.73 6.21
46161.87 5.11
46163.00 5.05
46164.12 4.53
46165.25 3.76
46166.38 3.38
46167.51 4.19
46168.63 6.10
46169.76 6.05
46170.89 5.02
46172.01 5.51
46173.14 6.76
46174.28 5.88
46175.40 6.94
46176.52 7.47
46177.65 6.23
46178.78 6.12
46179.91 4.56
46181.04 3.78
46182.16 4.39
46183.30 4.19
46184.43 4.10
46185.55 4.05
46186.68 4.02
46187.80 5.51
46188.93 4.76
46190.05 4.88
46191.17 5.94
46192.32 4.97
46193.45 4.98
46194.58 4.49
46195.71 4.25
46196.84 4.12
46197.97 4.06
46199.09 4.53
46200.21 4.77
46201.35 6.38
46202.48 5.69
46203.61 4.35
46204.74 4.67
46205.87 5.34
46207.00 5.17
46208.12 4.08
46209.25 4.54
46210.38 3.77
46211.50 3.89
46212.63 4.94
46213.75 4.97
46214.88 5.49
46216.01 5.74
46217.14 4.37
46218.27 5.19
46219.40 5.59
46220.52 5.30
46221.65 5.15
46222.78 5.07
46223.91 5.04
46225.03 5.52
46226.16 4.26
46227.31 4.13
46228.44 5.06
46229.56 5.53
46230.69 5.77
46231.82 5.38
46232.95 4.19
46234.07 4.60
46235.19 3.80
46236.32 3.90
46237.45 4.45
46238.58 4.22
46239.71 3.61
46240.84 3.81
46241.97 4.40
46243.09 3.70
46244.21 3.35
46245.35 4.18
46246.48 5.09
46247.60 4.04
46248.72 4.02
46249.85 5.01
46250.98 5.01
46252.11 4.50
46253.23 4.75
46254.36 3.88
46255.49 4.44
46256.62 4.22
46257.74 4.61
46258.87 5.30
46260.00 4.15
46261.10 3.58
46262.23 5.29
46263.36 4.14
46264.50 3.57
46265.62 3.79
46266.75 3.39
46267.87 3.70
46269.00 4.85
46270.09 4.92
46271.21 4.46
46272.34 4.73
46273.48 3.87
46274.61 4.43
46275.74 4.72
46276.87 4.36
46277.99 5.18
46279.12 4.09
46280.25 4.04
46281.37 4.52
46282.50 4.76
46283.62 4.88
46284.75 4.94
46285.88 4.97
46287.01 3.99
46288.14 3.49
46289.27 4.25
46290.40 3.62
46291.53 3.81
46292.66 3.91
46293.79 4.95
46294.92 3.98
46296.05 3.99
46297.17 4.49
46298.31 4.75
46299.44 4.87
46300.57 4.94
46301.70 4.47
46302.83 3.73
46303.96 3.37
46305.09 3.68
46306.21 4.84
46307.34 4.42
46308.46 5.21
46309.60 5.11
46310.72 4.05
46311.85 4.53
46312.98 3.76
46314.10 3.88
46315.23 3.94
46316.35 4.47
46317.48 4.74
46318.61 3.87
46319.74 4.43
46320.87 3.72
46322.00 4.36
46323.10 3.68
46324.23 3.34
46325.36 3.67
46326.49 3.33
46327.62 4.67
46328.75 5.33
46329.88 5.17
46331.01 5.08
46332.13 4.04
46333.26 4.02
46334.39 3.51
46335.52 4.26
46336.66 3.63
46337.79 4.31
46338.91 4.66
46340.04 4.33
46341.17 3.66
46342.31 3.33
46343.44 3.17
46344.58 3.08
46345.70 4.04
46346.82 5.02
46347.95 3.01
46349.07 3.01
46350.19 3.00
46351.32 3.50
46352.44 3.75
46353.57 3.88
46354.69 5.94
46355.83 5.47
46356.96 4.23
46358.09 2.62
46359.22 4.31
46360.35 6.15
46361.48 5.58
46362.62 3.29
46363.74 3.64
46364.87 4.82
46366.00 4.91
46367.12 3.96
46368.26 3.48
46369.38 3.74
46370.51 3.87
46371.64 3.93
46372.77 3.97
46373.90 4.48
46375.02 3.74
46376.15 3.37
46377.29 3.19
46378.42 5.59
46379.55 5.30
46380.68 4.15
46381.81 4.07
46382.94 4.54
46384.07 4.27
46385.19 3.63
46386.32 3.82
46387.45 3.91
46388.58 3.45
46389.71 4.23
46390.84 4.11
46391.97 4.06
46393.10 4.03
46394.21 4.51
46395.35 4.26
46396.49 4.63
46397.62 4.31
46398.76 4.16
46399.89 4.08
46401.01 4.04
46402.13 4.52
46403.26 4.76
46404.39 3.88
46405.51 3.44
46406.65 3.22
46407.77 4.11
46408.91 5.05
46410.03 5.03
46411.16 4.01
46412.29 5.01
46413.42 5.00
46414.54 4.50
46415.66 5.25
46416.80 4.63
46417.93 3.81
46419.05 4.91
46420.18 4.45
46421.31 3.73
46422.44 3.36
46423.57 3.68
46424.70 3.34
46425.83 4.17
46426.96 4.09
46428.09 5.04
46429.21 4.02
46430.34 4.01
46431.47 4.01
46432.60 4.00
46433.71 4.00
46434.83 4.00
46435.95 4.00
46437.07 3.50
46438.19 3.25
46439.31 3.63
46440.46 3.31
46441.59 3.66
46442.71 4.33
46443.85 4.16
46444.98 4.08
46446.10 4.04
46447.22 4.02
46448.35 4.01
46449.48 4.01
46450.60 4.00
46451.72 3.50
46452.84 3.25
46453.97 3.63
46455.10 3.81
46456.23 3.41
46457.36 3.70
46458.49 4.35
46459.62 4.18
46460.75 4.59
46461.88 4.29
46463.01 4.15
46464.14 3.57
46465.26 3.79
46466.39 3.39
46467.52 3.20
46468.65 3.10
46469.78 4.05
46470.91 4.02
46472.03 4.01
46473.16 4.01
46474.29 4.00
46475.40 4.00
46476.51 3.50
46477.64 3.75
46478.77 4.38
46479.91 3.69
46481.04 3.34
46482.17 3.67
46483.30 4.34
46484.44 4.17
46485.57 3.58
46486.70 3.29
46487.83 3.15
46488.96 4.07
46490.08 4.04
46491.20 4.02
46492.32 4.01
46493.45 4.50
46494.58 4.25
46495.71 4.13
46496.84 4.06
46497.96 4.03
46499.09 4.02
46500.21 3.51
46501.35 4.25
46502.48 4.13
46503.61 4.06
46504.74 4.03
46505.87 3.52
46507.01 3.76
46508.13 3.88
46509.26 3.94
46510.38 3.97
46511.51 3.98
46512.64 3.99
46513.77 4.00
46514.89 4.00
46516.01 4.00
46517.12 3.50
46518.25 4.25
46519.38 3.62
46520.51 3.31
46521.64 3.66
46522.77 3.33
46523.89 3.66
46525.02 3.83
46526.14 3.92
46527.27 3.96
46528.41 2.48
46529.54 2.74
46530.66 3.87
46531.79 3.93
46532.92 4.47
46534.05 3.73
46535.17 3.87
46536.31 3.43
46537.44 4.22
46538.57 4.11
46539.71 4.05
46540.83 3.53
46541.96 3.76
46543.09 3.38
46544.21 3.19
46545.34 3.60
46546.47 3.80
46547.60 3.40
46548.71 3.70
46549.84 3.35
46550.97 3.67
46552.10 3.34
46553.23 3.17
46554.36 3.58
46555.49 3.79
46556.62 3.90
46557.75 3.95
46558.87 3.97
46560.00 3.99
46561.12 3.49
46562.25 3.25
46563.38 3.12
46564.51 3.06
46565.64 3.53
46566.76 4.27
46567.90 3.63
46569.02 3.82
46570.16 3.41
46571.30 4.20
46572.42 4.10
46573.55 4.05
46574.67 4.03
46575.80 4.51
46576.93 4.26
46578.05 4.63
46579.19 4.31
46580.32 4.16
46581.46 3.58
46582.59 3.29
46583.71 3.64
46584.84 3.82
46585.96 3.91
46587.09 3.96
46588.21 3.98
46589.34 3.99
46590.48 3.49
46591.60 3.75
46592.73 3.87
46593.86 3.44
46594.99 3.22
46596.11 3.61
46597.25 3.80
46598.37 4.40
46599.50 3.70
46600.62 3.35
46601.75 3.18
46602.87 3.09
46603.99 3.54
46605.12 3.27
46606.26 3.64
46607.38 3.82
46608.51 3.91
46609.64 3.45
46610.77 4.23
46611.90 3.61
46613.03 3.31
46614.15 3.65
46615.29 3.33
46616.42 3.66
46617.55 3.83
46618.68 2.42
46619.81 3.21
46620.94 3.60
46622.06 3.80
46623.19 3.40
46624.32 3.20
46625.44 3.60
46626.56 3.80
46627.68 3.40
46628.80 2.20
46629.92 3.10
46631.05 3.55
46632.18 3.28
46633.32 3.14
46634.45 3.07
46635.57 3.53
46636.70 3.77
46637.83 3.88
46638.96 3.44
46640.09 3.22
46641.22 3.61
46642.35 3.31
46643.48 3.15
46644.61 3.58
46645.73 3.79
46646.86 3.89
46648.00 2.45
46649.10 2.72
46650.23 3.36
46651.36 3.18
46652.49 3.09
46653.61 3.55
46654.74 3.77
46655.87 3.39
46657.00 3.69
46658.12 3.35
46659.26 3.67
46660.39 3.84
46661.51 3.92
46662.65 3.96
46663.77 3.98
46664.90 3.49
46666.02 3.24
46667.15 3.12
46668.29 3.06
46669.42 3.03
46670.55 3.02
46671.67 3.51
46672.80 3.75
46673.93 3.38
46675.05 3.69
46676.17 3.84
46677.30 3.92
46678.44 2.46
46679.57 3.23
46680.69 3.62
46681.82 3.81
46682.96 3.90
46684.08 3.95
46685.20 3.48
46686.33 3.74
46687.46 3.37
46688.59 3.18
46689.71 3.59
46690.84 3.80
46691.96 3.90
46693.08 3.95
46694.20 3.97
46695.32 3.49
46696.46 3.74
46697.58 3.37
46698.71 4.19
46699.84 4.09
46700.96 4.05
46702.09 3.52
46703.21 3.76
46704.34 3.88
46705.48 3.44
46706.60 3.22
46707.73 3.61
46708.87 3.31
46710.00 3.65
46711.12 3.83
46712.26 3.91
46713.38 3.96
46714.51 3.98
46715.64 3.49
46716.77 3.74
46717.89 3.87
46719.03 3.44
46720.16 3.72
46721.30 3.86
46722.42 3.93
46723.55 3.96
46724.68 3.48
46725.81 3.24
46726.94 3.62
46728.07 2.81
46729.19 2.91
46730.33 3.45
46731.46 3.73
46732.59 3.36
46733.71 3.68
46734.84 3.84
46735.97 3.92
46737.10 3.46
46738.22 3.73
46739.35 3.87
46740.49 3.93
46741.61 3.97
46742.73 3.98
46743.87 3.99
46745.00 3.50
46746.09 3.25
46747.22 3.12
46748.35 3.56
46749.48 3.78
46750.61 3.39
46751.74 3.70
46752.87 2.85
46754.00 2.92
46755.09 3.46
46756.21 3.23
46757.35 3.62
46758.48 3.81
46759.61 3.40
46760.73 3.70
46761.86 3.85
46762.99 3.43
46764.12 3.21
46765.26 3.11
46766.39 3.05
46767.51 3.53
46768.64 3.76
46769.77 3.38
46770.89 3.69
46772.03 3.35
46773.16 3.17
46774.30 3.09
46775.42 3.04
46776.54 3.52
46777.67 3.26
46778.80 3.13
46779.93 3.07
46781.06 3.03
46782.18 3.02
46783.30 3.51
46784.44 3.25
46785.56 3.63
46786.69 3.81
46787.82 3.91
46788.95 3.95
46790.08 3.98
46791.20 3.99
46792.32 3.99
46793.45 3.50
46794.57 3.75
46795.70 3.87
46796.83 3.44
46797.96 3.72
46799.09 3.36
46800.21 3.68
46801.35 3.34
46802.48 3.17
46803.61 3.08
46804.74 3.04
46805.87 3.02
46806.99 3.51
46808.12 3.76
46809.26 3.88
46810.38 3.94
46811.51 3.97
46812.64 3.98
46813.77 3.99
46814.90 3.50
46816.02 3.25
46817.14 3.62
46818.28 2.31
46819.42 2.66
46820.54 3.33
46821.67 3.16
46822.80 3.58
46823.92 3.29
46825.05 3.15
46826.18 3.07
46827.30 3.54
46828.44 3.27
46829.57 3.13
46830.69 3.57
46831.82 3.78
46832.96 3.39
46834.08 3.20
46835.20 3.10
46836.32 3.55
46837.45 3.27
46838.57 3.64
46839.70 3.82
46840.84 3.41
46841.96 2.20
46843.09 2.10
46844.21 2.55
46845.34 2.28
46846.47 3.14
46847.60 3.57
46848.73 3.28
46849.86 3.14
46850.98 3.57
46852.12 3.29
46853.25 3.64
46854.38 3.32
46855.51 3.16
46856.64 3.08
46857.76 3.54
46858.89 3.77
46860.02 3.39
46861.15 3.19
46862.29 3.60
46863.42 3.30
46864.54 3.65
46865.67 3.32
46866.80 2.66
46867.92 3.33
46869.05 3.17
46870.18 3.08
46871.31 3.04
46872.44 3.02
46873.56 3.51
46874.69 3.26
46875.82 3.63
46876.96 3.31
46878.09 3.66
46879.22 3.33
46880.35 3.66
46881.48 3.33
46882.61 3.67
46883.74 3.33
46884.87 3.67
46885.99 3.83
46887.12 3.92
46888.25 2.46
46889.38 2.73
46890.50 3.36
46891.62 3.68
46892.76 3.34
46893.88 3.67
46895.01 3.34
46896.14 3.17
46897.28 3.08
46898.41 2.04
46899.53 2.52
46900.67 2.76
46901.79 2.88
46902.92 2.94
46904.05 3.47
46905.18 2.74
46906.31 2.87
46907.44 2.93
46908.57 2.97
46909.70 3.48
46910.82 3.24
46911.94 3.62
46913.07 4.31
46914.20 3.66
46915.33 3.33
46916.47 3.16
46917.60 3.58
46918.72 3.79
46919.85 3.40
46920.98 3.70
46922.11 3.35
46923.24 3.17
46924.37 3.59
46925.50 3.29
46926.63 3.15
46927.76 3.57
46928.90 2.29
46930.01 3.14
46931.14 3.57
46932.28 3.29
46933.41 3.64
46934.55 3.32
46935.68 3.16
46936.81 3.58
46937.94 3.29
46939.07 3.15
46940.19 3.57
46941.32 3.29
46942.46 3.14
46943.60 3.07
46944.71 3.04
46945.84 3.52
46946.97 3.26
46948.10 2.13
46949.23 2.06
46950.35 3.03
46951.48 3.02
46952.61 3.51
46953.75 3.25
46954.87 2.63
46956.00 3.31
46957.12 3.16
46958.26 3.58
46959.40 2.29
46960.53 3.14
46961.66 2.57
46962.78 2.79
46963.91 2.89
46965.04 3.45
46966.17 2.72
46967.30 2.36
46968.42 3.18
46969.55 3.59
46970.68 3.30
46971.81 3.65
46972.94 3.82
46974.06 3.41
46975.19 2.71
46976.32 3.35
46977.45 3.18
46978.57 3.59
46979.70 3.79
46980.82 3.90
46981.94 3.95
46983.07 3.47
46984.20 3.24
46985.32 3.62
46986.45 3.31
46987.58 3.65
46988.71 3.83
46989.84 3.41
46990.97 3.21
46992.10 3.60
46993.23 3.30
46994.35 3.15
46995.49 3.58
46996.62 3.79
46997.74 3.89
46998.87 2.95
47000.00 3.47
47001.12 3.74
47002.27 3.37
47003.40 3.18
47004.53 2.59
47005.66 3.30
47006.79 2.15
47007.92 1.57
47009.05 2.79
47010.18 2.39
47011.31 2.20
47012.44 3.10
47013.56 3.55
47014.69 3.77
47015.82 2.89
47016.95 2.44
47018.07 2.72
47019.20 3.36
47020.33 2.68
47021.46 3.34
47022.58 3.67
47023.71 3.84
47024.85 3.92
47025.98 3.46
47027.10 3.73
47028.23 3.86
47029.36 2.93
47030.49 3.47
47031.62 3.23
47032.75 3.62
47033.88 2.81
47035.01 3.40
47036.13 3.20
47037.27 3.10
47038.39 3.05
47039.52 2.53
47040.66 2.76
47041.79 3.38
47042.91 3.69
47044.04 3.85
47045.17 3.92
47046.30 2.46
47047.42 1.23
47048.55 2.12
47049.69 3.06
47050.82 3.03
47051.95 2.51
47053.07 3.26
47054.20 3.13
47055.33 3.56
47056.46 3.78
47057.60 2.89
47058.72 4.45
47059.85 5.22
47060.99 4.11
47062.12 2.06
47063.25 2.53
47064.38 2.26
47065.50 3.13
47066.64 2.07
47067.76 2.03
47068.89 3.52
47070.02 3.26
47071.15 2.13
47072.28 2.56
47073.41 3.28
47074.55 2.64
47075.67 2.32
47076.80 2.66
47077.92 2.33
47079.05 2.67
47080.18 2.83
47081.31 2.92
47082.44 3.46
47083.57 3.23
47084.71 3.11
47085.84 3.56
47086.97 3.28
47088.10 3.64
47089.22 3.82
47090.35 3.91
47091.48 2.95
47092.61 3.48
47093.74 3.24
47094.87 3.62
47096.00 3.81
47097.12 3.90
47098.25 3.45
47099.38 3.23
47100.51 3.11
47101.65 3.56
47102.78 3.78
47103.91 3.89
47105.04 3.44
47106.16 3.72
47107.29 3.86
47108.41 3.93
47109.55 3.47
47110.68 3.73
47111.81 2.87
47112.94 2.93
47114.06 2.97
47115.18 3.48
47116.32 3.24
47117.45 3.62
47118.57 3.81
47119.71 2.91
47120.84 2.95
47121.97 2.98
47123.10 3.49
47124.22 3.74
47125.35 3.87
47126.48 3.44
47127.61 2.72
47128.75 2.86
47129.87 2.93
47131.00 3.46
47132.12 3.73
47133.25 3.87
47134.37 3.93
47135.51 3.47
47136.64 3.23
47137.77 3.62
47138.89 3.81
47140.02 3.90
47141.14 3.95
47142.28 3.48
47143.41 3.24
47144.55 2.62
47145.67 2.81
47146.80 3.40
47147.92 3.70
47149.05 3.35
47150.18 3.18
47151.32 4.09
47152.44 4.04
47153.57 2.52
47154.70 2.26
47155.83 2.63
47156.95 3.32
47158.09 2.16
47159.21 3.08
47160.34 3.54
47161.47 3.77
47162.60 3.88
47163.72 3.94
47164.85 3.47
47165.98 3.74
47167.12 2.87
47168.25 3.43
47169.38 2.22
47170.51 2.11
47171.65 3.05
47172.78 2.53
47173.90 3.26
47175.03 2.63
47176.15 2.82
47177.28 2.41
47178.41 3.20
47179.54 3.10
47180.67 3.05
47181.79 3.53
47182.92 2.76
47184.05 2.88
47185.17 3.44
47186.30 2.72
47187.43 2.86
47188.55 3.43
47189.68 3.72
47190.82 3.36
47191.94 3.68
47193.08 3.34
47194.20 3.17
47195.33 3.08
47196.46 3.04
47197.59 3.02
47198.71 3.51
47199.85 3.26
47200.98 3.63
47202.12 2.81
47203.25 3.41
47204.37 3.70
47205.50 3.85
47206.61 3.93
47207.75 3.46
47208.87 2.73
47210.00 2.87
47211.12 2.43
47212.27 2.22
47213.40 3.11
47214.53 2.55
47215.66 2.78
47216.78 3.39
47217.91 2.69
47219.04 2.85
47220.16 3.42
47221.29 3.71
47222.42 2.86
47223.55 2.43
47224.68 2.71
47225.81 3.36
47226.94 3.68
47228.07 3.34
47229.20 3.17
47230.33 3.58
47231.46 3.29
47232.59 3.65
47233.71 3.32
47234.85 2.66
47235.98 2.83
47237.11 3.42
47238.24 3.71
47239.38 3.85
47240.51 2.93
47241.64 2.46
47242.77 2.73
47243.89 3.37
47245.03 3.68
47246.16 3.34
47247.29 2.67
47248.42 1.84
47249.55 2.92
47250.67 2.46
47251.80 2.73
47252.93 2.36
47254.05 3.18
47255.17 3.59
47256.31 2.80
47257.43 3.40
47258.56 2.20
47259.69 3.10
47260.82 3.55
47261.95 3.77
47263.07 2.89
47264.19 2.94
47265.32 3.47
47266.45 3.74
47267.57 3.87
47268.71 3.93
47269.83 3.47
47270.96 2.73
47272.09 2.87
47273.21 2.43
47274.35 1.72
47275.48 2.36
47276.61 2.18
47277.74 3.09
47278.87 2.04
47280.00 2.52
47281.09 2.26
47282.21 3.13
47283.35 3.57
47284.48 3.78
47285.61 3.89
47286.74 3.45
47287.87 2.72
47289.00 1.86
47290.12 1.43
47291.27 2.72
47292.41 2.86
47293.53 3.43
47294.67 2.71
47295.80 3.36
47296.93 2.68
47298.05 3.34
47299.19 3.17
47300.32 2.58
47301.45 2.79
47302.58 2.40
47303.70 2.70
47304.83 2.35
47305.96 2.17
47307.09 2.59
47308.21 3.29
47309.34 3.15
47310.47 3.57
47311.60 3.29
47312.73 3.14
47313.87 2.07
47315.00 3.04
47316.09 2.52
47317.21 2.76
47318.35 2.38
47319.48 3.19
47320.61 3.59
47321.74 2.80
47322.86 3.40
47323.99 2.70
47325.12 2.35
47326.26 2.67
47327.39 1.84
47328.51 1.42
47329.64 1.71
47330.77 1.35
47331.89 1.68
47333.03 2.34
47334.15 2.67
47335.28 2.33
47336.41 2.17
47337.54 3.08
47338.67 2.04
47339.79 3.02
47340.92 2.51
47342.06 2.26
47343.19 2.13
47344.32 3.06
47345.45 3.03
47346.57 3.52
47347.71 3.26
47348.84 3.13
47349.97 3.56
47351.10 3.28
47352.23 2.64
47353.36 2.82
47354.49 3.41
47355.62 2.71
47356.75 3.35
47357.88 2.68
47359.01 3.34
47360.14 3.67
47361.28 3.33
47362.41 3.17
47363.55 3.08
47364.67 3.54
47365.80 3.27
47366.93 2.64
47368.05 3.32
47369.17 3.66
47370.31 2.83
47371.44 1.91
47372.57 2.96
47373.70 1.98
47374.82 1.99
47375.95 2.99
47377.07 2.50
47378.19 2.25
47379.32 2.62
47380.45 2.81
47381.58 1.91
47382.71 1.95
47383.83 2.98
47384.96 2.99
47386.09 3.49
47387.21 2.75
47388.34 3.37
47389.47 3.69
47390.60 3.34
47391.73 3.17
47392.86 3.59
47394.00 2.29
47395.10 2.65
47396.22 3.32
47397.35 3.16
47398.48 2.08
47399.60 2.04
47400.72 2.52
47401.85 3.26
47402.98 3.63
47404.11 2.82
47405.24 3.41
47406.39 3.20
47407.51 2.10
47408.64 1.55
47409.77 2.78
47410.90 2.89
47412.01 2.94
47413.14 3.47
47414.28 2.74
47415.40 2.87
47416.52 2.93
47417.65 3.47
47418.78 2.23
47419.91 2.62
47421.04 3.31
47422.17 2.65
47423.30 2.83
47424.43 2.41
47425.55 2.21
47426.69 2.10
47427.82 2.05
47428.95 2.03
47430.07 2.51
47431.20 2.26
47432.33 3.13
47433.47 2.56
47434.59 3.28
47435.72 2.64
47436.85 1.82
47437.98 1.41
47439.11 2.71
47440.24 3.35
47441.38 2.18
47442.51 3.09
47443.64 2.04
47444.77 2.02
47445.89 3.01
47447.02 3.51
47448.14 3.75
47449.28 2.88
47450.40 1.94
47451.52 1.97
47452.65 2.48
47453.78 2.24
47454.91 2.12
47456.04 2.06
47457.16 1.53
47458.30 1.27
47459.42 1.63
47460.55 2.82
47461.67 2.41
47462.80 3.20
47463.92 2.10
47465.05 3.05
47466.17 2.53
47467.31 2.26
47468.44 1.63
47469.57 2.32
47470.71 2.16
47471.84 3.08
47472.96 3.54
47474.09 2.77
47475.22 2.88
47476.35 2.44
47477.48 2.72
47478.60 1.86
47479.73 1.93
47480.86 2.47
47481.99 3.23
47483.12 3.12
47484.27 2.56
47485.40 2.28
47486.53 2.64
47487.66 1.82
47488.78 2.91
47489.91 3.45
47491.04 2.73
47492.17 3.36
47493.30 2.68
47494.43 2.34
47495.55 2.67
47496.68 2.34
47497.82 2.17
47498.95 3.08
47500.07 2.54
47501.20 3.27
47502.33 2.14
47503.46 3.07
47504.60 2.53
47505.72 2.27
47506.85 3.13
47507.98 3.57
47509.12 2.78
47510.26 2.39
47511.39 2.20
47512.51 3.10
47513.64 2.55
47514.77 1.77
47515.90 1.89
47517.02 1.44
47518.15 1.22
47519.28 1.61
47520.41 1.81
47521.55 2.40
47522.67 2.20
47523.80 2.10
47524.92 1.55
47526.05 1.78
47527.18 1.89
47528.31 2.44
47529.44 2.22
47530.57 2.11
47531.70 3.06
47532.83 3.03
47533.96 3.01
47535.08 3.51
47536.21 2.75
47537.35 1.88
47538.48 2.94
47539.60 2.47
47540.73 2.73
47541.86 3.37
47542.99 3.68
47544.12 2.84
47545.26 2.42
47546.39 1.71
47547.52 1.86
47548.65 2.93
47549.78 2.96
47550.90 2.98
47552.03 2.49
47553.15 3.25
47554.29 2.62
47555.42 2.31
47556.55 2.66
47557.68 2.83
47558.81 2.41
47559.95 3.21
47561.08 2.60
47562.20 1.80
47563.32 1.90
47564.45 1.45
47565.58 2.73
47566.71 2.36
47567.85 2.68
47568.98 2.34
47570.11 1.67
47571.25 1.84
47572.39 2.92
47573.51 2.96
47574.64 2.48
47575.77 3.24
47576.89 3.62
47578.02 3.81
47579.16 2.90
47580.28 2.95
47581.41 1.98
47582.54 2.49
47583.67 1.74
47584.80 1.87
47585.91 1.94
47587.04 1.97
47588.16 2.48
47589.29 2.24
47590.42 1.62
47591.55 1.81
47592.67 1.91
47593.81 1.95
47594.94 1.98
47596.07 1.99
47597.19 2.99
47598.32 1.50
47599.45 1.75
47600.58 1.87
47601.71 2.44
47602.84 2.22
47603.97 2.11
47605.11 2.05
47606.23 2.03
47607.36 1.51
47608.50 2.76
47609.63 2.38
47610.75 3.19
47611.88 2.59
47613.01 1.80
47614.13 1.40
47615.27 1.70
47616.39 2.35
47617.52 2.67
47618.65 2.84
47619.78 2.42
47620.91 2.21
47622.04 1.60
47623.17 1.30
47624.29 2.15
47625.42 2.08
47626.54 3.04
47627.67 2.02
47628.80 2.01
47629.91 1.50
47631.04 1.75
47632.16 1.88
47633.29 2.44
47634.42 2.22
47635.55 2.11
47636.69 2.05
47637.81 2.03
47638.94 1.51
47640.07 2.76
47641.19 2.38
47642.32 2.19
47643.46 2.09
47644.59 2.55
47645.71 2.77
47646.84 2.39
47647.97 3.19
47649.10 2.60
47650.21 3.30
47651.34 3.65
47652.48 2.82
47653.60 3.41
47654.73 2.21
47655.87 2.10
47657.00 2.05
47658.08 3.03
47659.20 3.51
47660.33 2.26
47661.47 2.13
47662.60 3.06
47663.72 3.53
47664.85 2.77
47665.98 3.38
47667.11 2.69
47668.25 1.85
47669.38 2.92
47670.50 3.46
47671.63 2.73
47672.76 3.37
47673.90 2.18
47675.03 1.59
47676.15 1.80
47677.28 1.90
47678.40 1.45
47679.53 1.22
47680.66 2.61
47681.78 3.31
47682.91 2.65
47684.04 2.33
47685.17 2.16
47686.30 2.58
47687.43 1.79
47688.55 1.40
47689.68 1.70
47690.80 1.35
47691.93 1.67
47693.06 1.84
47694.19 2.42
47695.32 1.71
47696.45 1.85
47697.57 1.93
47698.71 1.46
47699.84 1.73
47700.97 1.37
47702.10 1.68
47703.23 1.34
47704.36 1.67
47705.49 1.34
47706.62 1.67
47707.74 1.83
47708.87 1.42
47710.00 1.21
47711.12 1.60
47712.27 1.30
47713.39 1.15
47714.52 1.08
47715.65 2.04
47716.78 1.52
47717.91 1.26
47719.04 2.63
47720.17 1.81
47721.30 1.91
47722.42 1.95
47723.55 1.98
47724.68 2.99
47725.81 2.49
47726.94 2.25
47728.07 1.62
47729.19 1.81
47730.32 1.91
47731.46 2.45
47732.58 2.73
47733.71 1.86
47734.84 2.93
47735.97 2.47
47737.10 2.73
47738.22 3.37
47739.36 3.68
47740.49 2.84
47741.62 1.92
47742.75 2.46
47743.87 2.73
47745.00 2.37
47746.12 2.18
47747.26 2.09
47748.39 1.55
47749.52 1.77
47750.65 1.89
47751.78 1.94
47752.91 2.47
47754.04 2.24
47755.17 2.62
47756.31 2.31
47757.44 3.15
47758.57 3.58
47759.70 2.79
47760.83 1.89
47761.96 1.95
47763.08 2.97
47764.20 3.49
47765.33 2.74
47766.46 2.37
47767.59 2.19
47768.72 2.09
47769.85 2.05
47770.98 2.02
47772.11 2.01
47773.24 2.01
47774.37 2.00
47775.49 2.00
47776.61 2.00
47777.73 1.50
47778.86 1.75
47779.98 1.88
47781.12 2.94
47782.26 2.97
47783.39 2.48
47784.51 1.74
47785.64 1.37
47786.77 1.69
47787.89 1.84
47789.02 1.92
47790.15 1.96
47791.28 1.48
47792.40 1.24
47793.53 2.62
47794.66 2.31
47795.80 2.16
47796.93 2.08
47798.06 2.04
47799.17 3.02
47800.31 2.51
47801.44 2.25
47802.57 2.13
47803.71 2.06
47804.83 1.53
47805.96 2.77
47807.09 2.88
47808.21 1.94
47809.34 2.97
47810.47 2.99
47811.60 2.49
47812.71 2.25
47813.85 1.62
47814.98 1.31
47816.11 1.16
47817.25 1.08
47818.38 2.54
47819.51 2.27
47820.64 2.13
47821.78 3.07
47822.91 2.03
47824.03 2.02
47825.16 1.51
47826.29 1.75
47827.42 1.38
47828.55 2.19
47829.68 2.09
47830.81 2.05
47831.94 2.02
47833.07 1.51
47834.19 1.76
47835.32 1.88
47836.45 1.44
47837.58 1.72
47838.70 1.86
47839.83 2.93
47840.96 3.46
47842.09 2.73
47843.21 1.37
47844.35 1.18
47845.47 0.59
47846.60 2.30
47847.71 3.15
47848.85 3.07
47849.97 3.54
47851.10 3.27
47852.22 1.63
47853.35 2.82
47854.48 2.91
47855.61 1.45
47856.74 2.23
47857.87 3.11
47859.00 1.56
47860.12 0.78
47861.26 2.39
47862.39 3.19
47863.52 3.60
47864.65 3.30
47865.78 3.65
47866.90 3.82
47868.02 1.91
47869.15 1.46
47870.28 1.23
47871.41 1.61
47872.55 1.31
47873.68 1.15
47874.81 1.58
47875.94 1.29
47877.06 1.64
47878.19 1.32
47879.32 1.66
47880.45 1.83
47881.58 1.92
47882.70 1.96
47883.83 2.48
47884.96 2.24
47886.09 2.12
47887.22 2.06
47888.35 2.53
47889.48 2.76
47890.61 2.38
47891.74 2.19
47892.86 3.10
47894.00 2.55
47895.10 1.77
47896.22 1.89
47897.35 1.44
47898.48 1.22
47899.61 1.61
47900.75 1.31
47901.88 2.15
47903.01 2.08
47904.13 3.04
47905.26 1.52
47906.39 2.26
47907.52 2.63
47908.65 3.31
47909.79 2.66
47910.92 1.83
47912.04 1.91
47913.17 2.96
47914.30 1.98
47915.43 1.99
47916.55 1.99
47917.68 1.50
47918.81 1.75
47919.94 1.87
47921.07 1.44
47922.19 2.72
47923.32 2.36
47924.46 1.68
47925.59 1.84
47926.71 2.92
47927.84 2.46
47928.97 3.23
47930.10 2.11
47931.23 1.56
47932.37 2.78
47933.50 1.89
47934.62 1.44
47935.75 1.72
47936.87 1.86
47938.00 1.43
47939.12 1.72
47940.26 2.36
47941.39 2.18
47942.52 2.59
47943.65 2.29
47944.78 2.15
47945.91 2.07
47947.04 2.04
47948.16 2.02
47949.29 2.01
47950.42 1.50
47951.55 1.25
47952.68 1.13
47953.82 1.56
47954.95 1.78
47956.07 1.39
47957.20 1.70
47958.32 2.85
47959.46 3.42
47960.59 2.71
47961.71 2.36
47962.85 2.18
47963.98 1.59
47965.11 1.29
47966.25 2.65
47967.39 2.32
47968.52 3.16
47969.65 2.58
47970.78 2.29
47971.91 2.15
47973.04 2.07
47974.16 1.54
47975.30 1.27
47976.43 1.13
47977.56 1.07
47978.69 0.53
47979.81 0.77
47980.94 0.88
47982.06 1.44
47983.19 1.72
47984.32 1.36
47985.45 1.68
47986.58 1.34
47987.71 1.17
47988.84 1.59
47989.97 1.79
47991.10 1.90
47992.22 1.95
47993.35 1.47
47994.48 1.74
47995.61 1.87
