10115.24 0.01
10116.35 0.00
10117.46 0.00
10118.56 0.00
10119.67 0.50
10120.78 0.25
10121.90 0.13
10123.02 0.06
10124.13 0.03
10125.24 0.02
10126.35 0.01
10127.46 0.00
10128.56 0.00
10129.66 0.00
10130.77 0.00
10131.87 0.00
10132.98 0.00
10134.08 0.00
10135.18 0.00
10136.29 0.00
10137.39 0.00
10138.50 0.50
10139.61 0.25
10140.73 0.13
10141.86 0.06
10142.97 0.03
10144.08 0.02
10145.19 0.51
10146.31 0.25
10147.43 0.13
10148.55 0.06
10149.66 0.03
10150.78 0.02
10151.89 0.01
10153.00 0.00
10154.08 0.00
10155.18 0.00
10156.28 1.50
10157.40 0.75
10158.51 0.38
10159.64 0.69
10160.76 0.34
10161.88 0.67
10163.00 0.34
10164.11 0.17
10165.24 0.08
10166.35 0.54
10167.47 0.27
10168.59 0.14
10169.71 0.07
10170.83 0.53
10171.95 0.27
10173.07 0.13
10174.19 0.57
10175.31 0.28
10176.43 0.14
10177.55 0.07
10178.66 0.04
10179.77 0.02
10180.88 1.01
10182.00 0.50
10183.10 0.25
10184.22 0.13
10185.34 0.06
10186.45 0.03
10187.56 1.02
10188.69 0.51
10189.81 0.25
10190.93 0.13
10192.05 0.06
10193.15 0.03
10194.26 0.02
10195.38 0.51
10196.50 0.25
10197.62 0.63
10198.74 0.31
10199.87 0.66
10201.00 0.33
10202.12 0.66
10203.24 0.83
10204.36 0.42
10205.48 0.21
10206.60 0.10
10207.72 0.55
10208.84 0.28
10209.96 0.14
10211.08 0.57
10212.20 0.28
10213.31 0.14
10214.43 0.07
10215.55 0.54
10216.68 1.77
10217.80 0.88
10218.91 0.44
10220.04 1.72
10221.16 0.86
10222.28 0.43
10223.40 0.22
10224.52 0.61
10225.66 0.80
10226.77 1.90
10227.89 2.45
10229.02 1.73
10230.14 0.86
10231.27 2.93
10232.40 2.97
10233.52 3.48
10234.65 4.24
10235.78 4.12
10236.91 4.06
10238.04 4.03
10239.15 6.02
10240.28 6.01
10241.40 6.50
10242.52 6.75
10243.64 8.88
10244.77 7.94
10245.90 9.47
10247.02 8.73
10248.14 7.87
10249.26 8.43
10250.39 9.22
10251.52 8.61
10252.65 10.30
10253.81 10.65
10254.99 9.33
10256.11 11.16
10257.28 11.58
10258.44 9.79
10259.56 10.40
10260.72 10.70
10261.88 11.35
10263.04 11.17
10264.20 13.59
10265.36 14.79
10266.52 14.40
10267.68 15.20
10268.84 15.60
10270.00 14.80
10271.15 14.90
10272.31 15.45
10273.48 15.22
10274.65 16.11
10275.82 15.06
10277.00 15.03
10278.14 16.01
10279.30 15.51
10280.47 15.25
10281.63 15.63
10282.80 16.81
10283.96 17.91
10285.14 16.45
10286.30 16.73
10287.46 15.86
10288.62 17.93
10289.79 19.47
10290.95 19.23
10292.13 19.62
10293.30 19.81
10294.46 20.40
10295.62 20.20
10296.78 21.60
10297.94 22.30
10299.10 21.15
10300.26 21.58
10301.44 21.29
10302.60 21.64
10303.76 22.82
10304.93 23.41
10306.10 23.71
10307.26 23.85
10308.42 24.43
10309.59 23.71
10310.76 23.36
10311.93 23.18
10313.10 24.09
10314.26 26.04
10315.42 26.02
10316.58 25.51
10317.74 26.26
10318.91 24.63
10320.08 24.31
10321.24 27.16
10322.41 26.58
10323.58 26.79
10324.74 26.89
10325.90 27.45
10327.06 26.72
10328.22 27.36
10329.38 28.18
10330.54 27.59
10331.70 27.30
10332.86 27.65
10334.02 27.82
10335.18 28.91
10336.35 30.46
10337.52 30.23
10338.69 31.11
10339.86 30.56
10341.02 30.28
10342.18 31.14
10343.35 31.57
10344.52 31.28
10345.69 31.64
10346.85 31.32
10348.02 29.16
10349.18 30.58
10350.34 31.29
10351.50 31.15
10352.67 31.57
10353.83 31.29
10355.00 31.14
10356.15 31.57
10357.32 31.79
10358.49 32.89
10359.65 33.95
10360.82 32.47
10361.99 33.74
10363.15 34.37
10364.32 32.68
10365.49 34.34
10366.66 33.67
10367.82 33.34
10368.99 34.67
10370.16 32.83
10371.32 32.42
10372.49 33.21
10373.66 34.10
10374.82 32.55
10375.99 33.78
10377.15 34.39
10378.32 33.69
10379.49 35.35
10380.66 33.17
10381.82 34.59
10382.99 34.79
10384.15 35.90
10385.31 35.95
10386.48 37.47
10387.64 36.74
10388.81 35.87
10389.99 35.43
10391.15 35.72
10392.32 35.36
10393.49 36.68
10394.66 37.84
10395.82 37.42
10396.99 36.71
10398.16 35.85
10399.33 37.43
10400.50 37.21
10401.66 38.61
10402.82 39.30
10403.99 39.15
10405.15 39.58
10406.32 39.29
10407.49 39.64
10408.65 39.82
10409.81 39.41
10410.99 39.71
10412.16 38.35
10413.33 39.18
10414.50 39.59
10415.66 39.79
10416.82 39.40
10417.99 39.70
10419.15 38.35
10420.32 39.17
10421.49 40.59
10422.65 37.79
10423.82 36.40
10424.99 33.70
10426.14 31.85
10427.31 27.92
10428.48 25.96
10429.64 22.98
10430.80 21.99
10431.97 18.50
10433.14 17.25
10434.30 15.62
10435.46 15.81
10436.63 13.41
10437.80 12.70
10438.95 14.35
10440.13 12.68
10441.30 13.34
10442.46 12.67
10443.62 11.83
10444.80 10.42
10445.97 9.21
10447.10 9.10
10448.22 10.55
10449.38 9.28
10450.51 9.14
10451.64 8.07
10452.76 8.03
10453.88 8.02
10455.00 7.51
10456.12 8.25
10457.25 8.13
10458.38 7.56
10459.50 7.78
10460.63 6.89
10461.75 6.95
10462.88 7.47
10464.01 7.74
10465.13 5.37
10466.26 5.18
10467.38 6.59
10468.50 6.80
10469.62 7.40
10470.74 6.20
10471.86 6.10
10472.99 6.05
10474.10 6.52
10475.23 6.26
10476.35 6.63
10477.48 4.82
10478.61 5.41
10479.74 5.70
10480.86 4.35
10481.99 4.68
10483.12 3.84
10484.24 3.42
10485.37 3.71
10486.50 3.85
10487.62 3.43
10488.75 4.71
10489.88 4.36
10491.00 3.68
10492.12 4.34
10493.24 4.67
10494.37 4.33
10495.50 3.67
10496.62 3.83
10497.74 3.92
10498.87 3.96
10500.00 3.98
10501.12 3.99
10502.24 3.99
10503.37 3.50
10504.50 3.75
10505.62 3.37
10506.74 5.19
10507.88 4.59
10509.00 3.30
10510.12 3.15
10511.25 2.57
10512.38 2.29
10513.51 2.14
10514.64 1.57
10515.76 2.29
10516.89 3.14
10518.02 3.07
10519.14 3.54
10520.27 2.77
10521.39 3.38
10522.52 3.19
10523.66 3.10
10524.78 2.05
10525.90 2.52
10527.02 3.26
10528.14 1.63
10529.27 1.32
10530.40 2.66
10531.51 3.33
10532.64 3.66
10533.77 3.33
10534.90 3.67
10536.02 3.33
10537.14 1.67
10538.27 2.83
10539.40 1.92
10540.52 2.46
10541.64 2.73
10542.77 1.86
10543.90 2.93
10545.02 2.97
10546.14 1.48
10547.26 2.74
10548.39 2.87
10549.52 1.94
10550.65 2.97
10551.78 2.98
10552.91 2.49
10554.03 1.25
10555.16 2.62
10556.28 1.31
10557.41 0.66
10558.53 0.33
10559.65 0.16
10560.77 1.58
10561.90 2.29
10563.02 3.15
10564.15 2.57
10565.28 1.79
10566.40 0.89
10567.51 0.45
10568.64 1.22
10569.76 2.11
10570.89 2.56
10572.02 2.78
10573.14 2.39
10574.27 1.69
10575.40 2.35
10576.52 1.17
10577.65 2.59
10578.78 2.79
10579.90 1.40
10581.02 1.20
10582.14 2.10
10583.27 1.55
10584.40 2.27
10585.51 1.14
10586.64 1.57
10587.77 1.28
10588.90 2.14
10590.02 2.57
10591.14 1.79
10592.27 2.39
10593.38 1.20
10594.51 2.10
10595.64 2.05
10596.76 2.02
10597.88 2.01
10598.99 1.01
10600.12 1.00
10601.24 1.00
10602.36 1.50
10603.47 0.75
10604.60 1.38
10605.72 3.19
10606.85 3.09
10607.98 1.55
10609.10 0.77
10610.22 0.39
10611.34 0.19
10612.46 1.10
10613.59 1.55
10614.72 2.27
10615.84 2.14
10616.98 1.07
10618.10 0.53
10619.22 0.27
10620.34 0.13
10621.46 1.57
10622.59 1.28
10623.72 3.14
10624.84 2.57
10625.98 2.79
10627.11 5.39
10628.23 9.70
10629.35 12.85
10630.51 13.42
10631.68 14.71
10632.85 15.86
10634.01 17.93
10635.17 19.96
10636.34 22.48
10637.50 22.24
10638.66 24.62
10639.83 24.81
10641.00 24.91
10642.16 25.45
10643.33 27.73
10644.50 29.36
10645.66 28.68
10646.82 28.84
10647.98 29.92
10649.14 31.46
10650.31 30.23
10651.48 31.62
10652.65 30.81
10653.82 32.40
10654.98 32.20
10656.14 33.60
10657.30 34.30
10658.46 33.15
10659.62 34.08
10660.78 33.54
10661.95 34.27
10663.13 35.63
10664.30 36.32
10665.46 35.66
10666.62 35.83
10667.79 35.91
10668.95 36.46
10670.13 36.73
10671.30 36.86
10672.46 36.93
10673.62 36.97
10674.79 36.98
10675.95 37.49
10677.13 36.75
10678.30 37.37
10679.46 38.19
10680.62 37.09
10681.78 38.55
10682.95 39.27
10684.13 37.64
10685.30 38.82
10686.46 39.91
10687.63 38.45
10688.80 39.73
10689.97 38.86
10691.14 38.43
10692.30 38.22
10693.46 38.11
10694.63 39.55
10695.80 40.78
10696.97 40.39
10698.14 39.69
10699.30 40.85
10700.46 41.92
10701.63 41.96
10702.80 40.48
10703.97 40.24
10705.14 41.62
10706.30 41.31
10707.46 41.66
10708.63 42.33
10709.80 41.16
10710.97 40.58
10712.14 40.29
10713.30 41.65
10714.46 41.82
10715.63 41.41
10716.80 42.21
10717.97 41.60
10719.13 41.80
10720.29 41.90
10721.45 40.95
10722.62 42.48
10723.78 42.74
10724.94 43.37
10726.12 41.68
10727.29 41.34
10728.46 43.17
10729.62 43.09
10730.78 43.54
10731.94 44.27
10733.12 44.14
10734.29 42.07
10735.45 43.53
10736.62 43.27
10737.79 42.13
10738.97 41.57
10740.14 43.28
10741.30 43.14
10742.46 43.07
10743.62 44.04
10744.78 43.02
10745.94 43.51
10747.12 44.25
10748.29 43.13
10749.46 43.56
10750.62 43.78
10751.79 43.89
10752.96 42.95
10754.13 43.47
10755.30 44.24
10756.46 44.12
10757.62 44.56
10758.79 44.78
10759.96 43.89
10761.13 43.94
10762.30 42.97
10763.46 43.99
10764.62 44.99
10765.78 43.00
10766.94 43.00
10768.10 44.00
10769.26 44.50
10770.42 44.75
10771.58 43.37
10772.75 44.69
10773.91 45.84
10775.07 44.92
10776.23 45.46
10777.40 43.73
10778.56 43.87
10779.73 43.43
10780.90 43.72
10782.06 42.86
10783.22 42.43
10784.38 42.21
10785.55 42.61
10786.72 44.80
10787.88 45.90
10789.04 43.95
10790.20 43.98
10791.36 44.99
10792.52 45.99
10793.68 45.00
10794.83 44.50
10795.99 45.75
10797.16 44.87
10798.33 44.44
10799.50 44.22
10800.66 43.61
10801.83 43.80
10802.99 45.40
10804.15 44.70
10805.31 44.85
10806.48 43.43
10807.65 44.71
10808.82 46.36
10809.98 45.18
10811.15 45.09
10812.31 45.54
10813.48 45.77
10814.64 45.39
10815.81 45.69
10816.98 46.35
10818.14 45.17
10819.31 44.59
10820.48 45.29
10821.64 46.15
10822.81 47.07
10823.98 47.04
10825.14 44.02
10826.30 40.51
10827.47 35.25
10828.63 30.63
10829.80 28.31
10830.98 25.66
10832.14 24.33
10833.31 22.66
10834.48 21.33
10835.65 18.67
10836.82 17.33
10837.98 16.67
10839.15 16.33
10840.32 15.67
10841.49 15.33
10842.66 15.17
10843.82 14.08
10844.98 13.54
10846.14 13.77
10847.31 12.39
10848.48 10.69
10849.64 11.85
10850.81 11.42
10851.98 10.71
10853.14 10.86
10854.31 10.93
10855.48 10.46
10856.65 9.73
10857.78 9.87
10858.91 9.43
10860.03 9.22
10861.16 8.11
10862.30 8.55
10863.42 7.28
10864.55 7.14
10865.67 8.07
10866.79 6.53
10867.91 6.77
10869.04 6.88
10870.16 7.44
10871.29 7.22
10872.42 7.61
10873.55 6.81
10874.68 5.40
10875.79 7.70
10876.92 6.35
10878.04 6.68
10879.16 6.84
10880.29 5.92
10881.42 6.46
10882.55 6.23
10883.68 5.61
10884.80 5.81
10885.92 5.40
10887.04 6.20
10888.15 6.60
10889.27 6.80
10890.40 5.90
10891.51 5.95
10892.64 4.98
10893.77 4.49
10894.90 4.24
10896.02 4.62
10897.14 5.31
10898.27 5.16
10899.40 4.58
10900.52 3.79
10901.64 4.39
10902.77 3.20
10903.89 3.10
10905.01 4.05
10906.13 5.52
10907.26 3.76
10908.39 3.88
10909.51 3.94
10910.64 3.97
10911.77 4.99
10912.90 3.49
10914.02 2.75
10915.14 2.37
10916.26 3.69
10917.40 4.34
10918.52 3.17
10919.64 4.09
10920.76 5.04
10921.88 4.52
10923.02 4.76
10924.13 4.38
10925.26 3.19
10926.38 3.60
10927.51 2.80
10928.63 2.40
10929.74 2.70
10930.87 2.85
10931.99 3.92
10933.12 2.96
10934.25 3.48
10935.38 3.24
10936.51 3.12
10937.64 3.06
10938.76 2.53
10939.88 2.77
10941.01 3.38
10942.13 2.69
10943.26 3.35
10944.38 3.67
10945.52 4.34
10946.64 2.17
10947.77 3.58
10948.90 3.79
10950.02 3.90
10951.14 3.95
10952.26 3.97
10953.40 2.99
10954.52 2.49
10955.64 3.75
10956.77 4.37
10957.90 4.19
10959.02 4.09
10960.14 2.55
10961.26 2.77
10962.39 3.89
10963.52 2.44
10964.65 2.22
10965.78 1.11
10966.91 3.06
10968.03 3.53
10969.15 1.76
10970.28 3.38
10971.41 2.69
10972.54 1.35
10973.67 3.17
10974.80 4.09
10975.92 3.54
10977.04 3.77
10978.16 3.39
10979.29 2.19
10980.42 2.10
10981.54 3.05
10982.67 2.52
10983.80 1.76
10984.91 0.88
10986.04 1.44
10987.15 0.72
10988.27 0.36
10989.39 0.18
10990.52 1.09
10991.64 2.55
10992.77 2.27
10993.90 1.64
10995.02 0.82
10996.14 3.41
10997.26 1.70
10998.39 2.85
10999.51 1.43
11000.64 2.21
11001.77 1.61
11002.90 0.80
11004.00 1.40
11005.12 2.20
11006.24 1.60
11007.36 0.80
11008.48 2.90
11009.59 3.45
11010.72 3.73
11011.86 1.86
11012.98 1.43
11014.11 2.72
11015.24 1.36
11016.37 0.68
11017.49 0.34
11018.61 2.17
11019.74 2.58
11020.86 1.29
11021.99 2.15
11023.11 1.07
11024.24 1.04
11025.36 2.02
11026.48 2.51
11027.61 5.25
11028.74 7.63
11029.86 11.81
11031.03 15.41
11032.19 18.20
11033.35 18.60
11034.51 21.30
11035.67 22.15
11036.84 23.08
11038.00 24.04
11039.15 25.02
11040.31 28.01
11041.47 28.00
11042.62 30.00
11043.78 31.50
11044.94 32.25
11046.11 31.13
11047.29 33.06
11048.45 33.53
11049.62 32.77
11050.78 32.88
11051.95 34.94
11053.12 36.47
11054.29 35.24
11055.46 35.12
11056.62 35.56
11057.79 36.28
11058.97 36.64
11060.14 37.82
11061.30 36.91
11062.46 36.95
11063.62 37.48
11064.79 39.24
11065.97 41.12
11067.14 40.56
11068.30 39.28
11069.46 40.14
11070.63 41.07
11071.79 40.53
11072.97 40.27
11074.14 40.13
11075.30 40.07
11076.46 40.53
11077.64 40.77
11078.81 40.88
11079.98 41.94
11081.14 42.47
11082.31 43.24
11083.48 42.12
11084.65 43.56
11085.82 44.78
11086.98 43.89
11088.14 44.44
11089.31 42.72
11090.48 42.36
11091.65 42.18
11092.82 42.59
11093.98 43.80
11095.14 44.90
11096.30 44.45
11097.46 44.72
11098.63 43.86
11099.80 44.43
11100.97 44.72
11102.14 43.36
11103.30 44.68
11104.46 44.34
11105.63 44.67
11106.80 45.33
11107.97 44.67
11109.14 44.33
11110.30 44.67
11111.46 45.33
11112.63 43.67
11113.80 43.33
11114.97 43.67
11116.14 43.33
11117.30 43.67
11118.46 45.33
11119.63 46.17
11120.80 44.08
11121.96 45.54
11123.13 44.27
11124.30 44.64
11125.46 45.32
11126.63 46.66
11127.81 46.33
11128.98 46.16
11130.14 46.08
11131.30 44.54
11132.46 44.27
11133.63 45.64
11134.80 46.32
11135.97 44.66
11137.14 47.33
11138.30 47.16
11139.46 47.08
11140.62 48.54
11141.79 47.77
11142.97 46.39
11144.14 48.19
11145.30 47.60
11146.46 46.80
11147.62 47.90
11148.78 46.95
11149.95 47.47
11151.12 47.74
11152.29 45.87
11153.46 46.43
11154.62 46.22
11155.79 45.11
11156.96 46.55
11158.13 47.78
11159.30 46.89
11160.46 47.94
11161.62 47.47
11162.79 48.24
11163.96 47.12
11165.14 47.06
11166.30 47.03
11167.46 46.51
11168.62 47.76
11169.80 46.88
11170.96 47.44
11172.13 48.72
11173.30 47.36
11174.46 47.68
11175.63 48.34
11176.80 48.17
11177.96 48.58
11179.14 48.79
11180.30 48.90
11181.46 48.95
11182.63 48.47
11183.80 48.24
11184.96 47.62
11186.13 47.31
11187.30 48.15
11188.46 49.08
11189.62 48.04
11190.78 49.02
11191.96 47.51
11193.12 49.25
11194.29 49.13
11195.46 49.06
11196.62 47.53
11197.78 47.27
11198.96 48.13
11200.13 48.57
11201.30 49.28
11202.46 47.64
11203.62 47.82
11204.79 47.91
11205.96 47.46
11207.13 47.23
11208.30 46.61
11209.46 47.31
11210.62 47.65
11211.79 47.83
11212.96 48.91
11214.13 49.46
11215.30 49.73
11216.46 49.86
11217.62 49.43
11218.79 49.22
11219.97 48.61
11221.14 47.80
11222.30 48.40
11223.46 49.20
11224.62 49.10
11225.78 49.05
11226.95 44.53
11228.11 38.26
11229.28 34.63
11230.45 30.82
11231.62 28.91
11232.79 25.95
11233.96 23.98
11235.12 20.99
11236.29 20.49
11237.46 18.75
11238.63 16.87
11239.79 16.94
11240.96 15.47
11242.13 15.73
11243.30 14.37
11244.46 14.68
11245.62 14.84
11246.79 12.92
11247.96 12.96
11249.13 11.98
11250.30 11.99
11251.46 11.00
11252.62 11.00
11253.78 11.00
11254.93 10.00
11256.10 11.50
11257.26 11.25
11258.42 9.62
11259.56 8.81
11260.68 9.91
11261.81 8.95
11262.95 9.48
11264.08 7.74
11265.20 8.87
11266.32 6.93
11267.44 6.97
11268.57 7.48
11269.70 6.74
11270.82 7.87
11271.96 7.44
11273.08 8.22
11274.20 7.11
11275.33 6.55
11276.46 5.28
11277.58 6.14
11278.71 7.07
11279.84 7.03
11280.96 6.52
11282.09 7.26
11283.21 7.13
11284.34 6.06
11285.46 5.53
11286.58 6.77
11287.71 6.88
11288.84 5.44
11289.97 5.72
11291.10 4.86
11292.22 5.43
11293.34 6.22
11294.48 6.11
11295.60 5.55
11296.72 6.28
11297.85 6.64
11298.98 5.82
11300.10 6.41
11301.23 5.20
11302.35 6.10
11303.48 6.05
11304.59 6.53
11305.72 6.26
11306.85 5.63
11307.98 5.32
11309.11 5.16
11310.24 5.08
11311.36 3.54
11312.49 3.27
11313.62 3.63
11314.75 4.82
11315.88 3.41
11317.00 2.70
11318.11 2.85
11319.24 2.93
11320.37 4.46
11321.50 4.23
11322.62 3.62
11323.75 4.81
11324.87 5.40
11326.00 3.20
11327.12 4.10
11328.24 5.05
11329.36 5.03
11330.49 4.51
11331.62 5.26
11332.75 3.63
11333.87 4.31
11335.00 3.16
11336.12 1.58
11337.25 3.29
11338.38 4.14
11339.51 3.07
11340.63 3.04
11341.75 3.52
11342.88 2.26
11344.01 2.63
11345.13 3.81
11346.26 1.91
11347.39 3.45
11348.52 4.73
11349.64 4.36
11350.77 3.18
11351.90 3.59
11353.02 4.30
11354.14 2.65
11355.26 3.32
11356.40 4.16
11357.52 4.08
11358.64 3.04
11359.76 2.52
11360.89 3.76
11362.02 4.88
11363.14 5.44
11364.27 3.72
11365.40 3.36
11366.52 2.68
11367.64 1.84
11368.77 2.42
11369.90 3.71
11371.02 3.36
11372.14 1.68
11373.27 1.34
11374.40 3.17
11375.52 3.58
11376.65 3.29
11377.77 4.15
11378.90 3.07
11380.02 2.54
11381.14 1.27
11382.27 3.13
11383.40 4.07
11384.52 2.53
11385.64 1.77
11386.77 3.38
11387.90 3.69
11389.02 2.85
11390.14 1.42
11391.27 2.21
11392.39 3.61
11393.52 2.30
11394.65 1.15
11395.78 1.08
11396.90 1.04
11398.02 0.52
11399.14 2.76
11400.26 3.38
11401.39 1.69
11402.52 1.84
11403.64 3.42
11404.77 2.21
11405.90 2.61
11407.02 3.30
11408.15 3.15
11409.27 1.58
11410.40 0.79
11411.51 0.39
11412.63 0.20
11413.75 2.60
11414.87 3.30
11416.00 4.15
11417.11 4.57
11418.24 4.29
11419.37 4.14
11420.50 3.07
11421.62 3.54
11422.74 1.77
11423.87 0.88
11425.00 2.94
11426.12 2.47
11427.24 2.24
11428.37 3.62
11429.50 6.31
11430.62 10.65
11431.79 12.33
11432.97 16.66
11434.13 19.83
11435.30 22.42
11436.46 23.71
11437.63 23.85
11438.80 25.43
11439.96 28.21
11441.13 29.61
11442.30 28.80
11443.46 28.40
11444.62 29.70
11445.78 30.85
11446.94 31.43
11448.11 31.71
11449.28 31.86
11450.45 32.43
11451.62 33.71
11452.78 34.86
11453.96 35.43
11455.12 36.21
11456.29 35.11
11457.46 35.55
11458.62 37.78
11459.79 39.39
11460.96 39.69
11462.12 39.85
11463.29 39.92
11464.46 40.96
11465.62 41.98
11466.79 39.99
11467.96 40.00
11469.11 40.50
11470.27 40.25
11471.44 40.12
11472.61 41.56
11473.78 42.78
11474.96 42.89
11476.12 43.95
11477.29 43.97
11478.46 43.49
11479.62 42.74
11480.79 42.87
11481.96 41.94
11483.13 41.97
11484.30 41.98
11485.46 43.99
11486.62 44.50
11487.78 45.75
11488.96 44.87
11490.12 44.94
11491.29 43.97
11492.46 43.48
11493.62 43.74
11494.79 43.37
11495.96 44.69
11497.13 45.84
11498.30 44.92
11499.46 44.46
11500.62 46.23
11501.79 46.62
11502.96 45.81
11504.13 44.90
11505.29 44.45
11506.46 45.23
11507.62 46.11
11508.79 46.56
11509.96 46.78
11511.13 46.89
11512.30 45.44
11513.46 44.72
11514.62 44.86
11515.79 44.43
11516.96 45.72
11518.13 46.36
11519.30 48.18
11520.46 47.59
11521.63 47.29
11522.80 46.65
11523.96 45.82
11525.13 47.41
11526.30 47.71
11527.46 48.35
11528.63 47.18
11529.80 46.59
11530.96 47.79
11532.12 46.40
11533.28 47.70
11534.44 46.35
11535.61 46.17
11536.78 47.09
11537.94 47.54
11539.11 46.27
11540.28 46.14
11541.45 47.57
11542.62 46.78
11543.78 46.89
11544.95 47.95
11546.11 46.47
11547.28 48.24
11548.45 47.12
11549.62 46.56
11550.78 48.28
11551.95 47.64
11553.12 48.82
11554.29 47.91
11555.46 47.95
11556.62 47.98
11557.79 48.49
11558.95 48.74
11560.12 48.37
11561.29 48.69
11562.46 48.34
11563.62 48.17
11564.79 49.09
11565.95 48.04
11567.11 47.52
11568.28 47.76
11569.44 46.88
11570.60 47.44
11571.76 48.22
11572.94 48.11
11574.10 48.06
11575.26 48.53
11576.44 48.26
11577.61 48.63
11578.78 48.32
11579.95 48.66
11581.11 47.83
11582.28 47.41
11583.45 48.71
11584.62 47.35
11585.78 46.68
11586.95 48.34
11588.12 47.67
11589.29 47.33
11590.46 48.67
11591.62 49.83
11592.79 49.42
11593.96 49.21
11595.13 49.10
11596.29 50.05
11597.45 49.53
11598.62 48.76
11599.78 49.88
11600.95 48.94
11602.11 48.97
11603.28 49.99
11604.45 48.99
11605.61 48.50
11606.77 48.75
11607.94 49.37
11609.11 49.69
11610.28 49.34
11611.45 48.67
11612.62 48.34
11613.78 49.17
11614.95 49.58
11616.11 50.29
11617.29 49.65
11618.46 49.32
11619.62 49.66
11620.79 50.33
11621.96 49.17
11623.13 50.08
11624.29 50.54
11625.46 49.27
11626.62 50.64
11627.79 46.32
11628.96 41.66
11630.13 36.83
11631.30 33.91
11632.46 31.46
11633.62 28.73
11634.79 26.36
11635.96 24.68
11637.13 22.84
11638.30 20.42
11639.46 20.21
11640.62 19.61
11641.79 18.30
11642.95 17.65
11644.12 15.33
11645.29 16.16
11646.46 17.08
11647.62 14.54
11648.78 13.27
11649.95 12.64
11651.12 11.32
11652.29 10.66
11653.46 11.83
11654.62 10.91
11655.79 12.96
11656.96 11.98
11658.12 11.49
11659.29 11.24
11660.46 11.12
11661.63 11.06
11662.78 11.03
11663.95 9.02
11665.07 9.01
11666.20 9.00
11667.30 8.50
11668.42 9.25
11669.55 8.63
11670.68 7.31
11671.81 7.16
11672.95 6.58
11674.07 6.79
11675.20 5.89
11676.32 4.95
11677.44 5.97
11678.57 7.49
11679.70 7.74
11680.82 7.87
11681.95 6.94
11683.07 7.97
11684.20 7.48
11685.32 6.24
11686.44 5.12
11687.57 6.06
11688.69 6.53
11689.82 5.27
11690.95 5.13
11692.08 6.07
11693.20 6.53
11694.32 7.27
11695.45 7.13
11696.58 8.57
11697.70 8.28
11698.83 5.64
11699.95 6.32
11701.08 6.66
11702.20 5.83
11703.32 4.92
11704.46 4.46
11705.59 3.73
11706.71 4.86
11707.84 4.43
11708.97 4.22
11710.10 4.11
11711.23 4.05
11712.36 3.53
11713.48 5.26
11714.61 4.63
11715.74 3.32
11716.87 2.66
11717.99 3.83
11719.12 4.91
11720.25 5.96
11721.38 5.98
11722.51 5.49
11723.64 4.74
11724.76 5.87
11725.89 3.94
11727.02 4.47
11728.14 3.73
11729.27 4.37
11730.39 5.68
11731.52 3.84
11732.65 4.92
11733.78 5.96
11734.90 6.48
11736.03 5.24
11737.15 2.62
11738.28 3.31
11739.41 2.16
11740.55 4.58
11741.67 6.29
11742.80 3.64
11743.93 2.32
11745.06 2.16
11746.18 3.08
11747.31 3.54
11748.43 3.77
11749.56 3.39
11750.69 2.69
11751.82 1.85
11752.95 1.92
11754.08 1.46
11755.20 4.23
11756.32 4.12
11757.46 3.06
11758.59 2.03
11759.72 1.51
11760.84 3.76
11761.97 4.88
11763.10 3.44
11764.22 1.72
11765.36 3.36
11766.48 2.68
11767.61 1.84
11768.74 3.42
11769.87 4.71
11770.99 3.85
11772.12 4.93
11773.25 4.46
11774.38 2.23
11775.51 2.62
11776.64 2.31
11777.76 3.65
11778.89 3.83
11780.02 2.91
11781.14 1.96
11782.27 3.48
11783.40 2.74
11784.51 1.37
11785.64 3.18
11786.77 2.09
11787.89 3.55
11789.02 2.27
11790.15 1.64
11791.28 3.32
11792.40 3.66
11793.51 1.83
11794.64 1.91
11795.77 1.96
11796.90 1.98
11798.02 1.99
11799.14 0.99
11800.26 2.00
11801.38 3.50
11802.50 2.25
11803.62 2.62
11804.75 3.81
11805.88 3.41
11807.01 2.70
11808.13 1.85
11809.26 3.43
11810.38 1.71
11811.51 0.86
11812.64 2.93
11813.76 1.46
11814.88 2.23
11816.01 2.12
11817.14 2.06
11818.26 1.03
11819.38 0.51
11820.51 2.76
11821.63 1.38
11822.76 2.19
11823.89 2.59
11825.02 1.30
11826.14 2.15
11827.26 3.57
11828.40 4.79
11829.51 4.89
11830.64 6.45
11831.77 9.22
11832.90 14.11
11834.07 16.06
11835.23 17.53
11836.41 20.26
11837.58 23.13
11838.74 24.07
11839.90 25.03
11841.07 27.02
11842.22 29.01
11843.38 29.50
11844.54 29.75
11845.70 30.88
11846.86 32.94
11848.02 32.97
11849.18 32.98
11850.34 34.99
11851.50 36.50
11852.66 35.25
11853.83 36.12
11855.00 37.56
11856.15 38.28
11857.32 37.64
11858.49 37.82
11859.66 39.41
11860.82 38.71
11861.99 38.85
11863.16 39.93
11864.33 41.46
11865.50 41.23
11866.66 41.12
11867.82 40.56
11868.99 41.78
11870.15 43.39
11871.32 42.69
11872.49 41.35
11873.66 43.17
11874.82 42.09
11875.98 43.04
11877.14 42.02
11878.30 42.51
11879.46 43.76
11880.63 44.88
11881.79 45.44
11882.95 46.22
11884.12 45.61
11885.29 44.30
11886.45 44.65
11887.62 45.83
11888.79 45.41
11889.96 44.21
11891.13 45.10
11892.29 46.05
11893.45 46.03
11894.61 46.51
11895.78 46.76
11896.95 46.38
11898.12 46.69
11899.29 45.34
11900.46 45.17
11901.62 44.59
11902.79 46.79
11903.95 47.40
11905.11 45.70
11906.27 46.35
11907.44 47.17
11908.61 46.09
11909.77 46.04
11910.94 48.02
11912.10 48.51
11913.26 47.26
11914.43 46.63
11915.60 46.31
11916.76 45.66
11917.94 45.83
11919.10 47.41
11920.26 48.71
11921.43 49.35
11922.60 49.18
11923.76 47.59
11924.94 46.79
11926.10 47.40
11927.26 48.70
11928.42 48.85
11929.60 48.92
11930.76 49.46
11931.94 49.73
11933.10 49.37
11934.27 49.18
11935.44 47.59
11936.61 48.30
11937.78 49.15
11938.95 48.07
11940.11 48.04
11941.28 47.02
11942.44 48.51
11943.61 49.75
11944.78 48.38
11945.94 49.19
11947.11 48.09
11948.27 49.55
11949.44 50.27
11950.61 49.64
11951.78 48.82
11952.94 47.41
11954.11 47.70
11955.27 47.85
11956.44 47.93
11957.61 48.96
11958.78 48.48
11959.94 48.24
11961.11 48.12
11962.28 48.06
11963.44 47.53
11964.61 49.27
11965.78 49.63
11966.95 48.82
11968.12 48.41
11969.29 49.70
11970.45 50.35
11971.62 50.18
11972.78 49.09
11973.94 48.54
11975.11 49.27
11976.28 49.64
11977.45 50.32
11978.62 49.16
11979.78 48.58
11980.95 50.29
11982.12 50.64
11983.29 50.82
11984.46 50.41
11985.62 49.21
11986.79 50.10
11987.96 51.05
11989.12 51.03
11990.29 50.01
11991.45 50.01
11992.62 49.00
11993.78 48.50
11994.94 50.75
11996.10 50.38
11997.27 50.69
11998.44 50.34
11999.61 49.17
12000.78 48.59
12001.94 48.29
12003.10 48.15
12004.26 49.57
12005.43 50.79
12006.60 50.39
12007.76 50.70
12008.93 49.35
12010.10 48.67
12011.26 49.34
12012.42 51.17
12013.59 51.58
12014.75 51.79
12015.92 50.90
12017.08 49.95
12018.24 48.97
12019.41 48.49
12020.58 50.74
12021.75 51.37
12022.92 50.19
12024.09 49.59
12025.25 48.80
12026.41 49.40
12027.57 50.70
12028.73 49.85
12029.90 44.42
12031.06 41.21
12032.22 37.11
12033.39 32.55
12034.56 30.78
12035.73 27.39
12036.90 25.19
12038.06 24.10
12039.22 21.05
12040.38 21.02
12041.54 18.51
12042.71 18.76
12043.88 17.38
12045.06 15.69
12046.22 15.34
12047.39 13.67
12048.55 13.84
12049.72 12.92
12050.89 13.96
12052.06 13.98
12053.23 11.99
12054.39 12.99
12055.56 11.50
12056.72 11.75
12057.89 9.87
12059.02 10.44
12060.18 10.22
12061.34 9.61
12062.47 11.30
12063.63 9.65
12064.77 8.33
12065.90 8.66
12067.02 9.83
12068.14 9.42
12069.27 7.71
12070.40 7.35
12071.52 9.18
12072.65 10.09
12073.81 8.04
12074.94 7.02
12076.06 8.01
12077.18 8.01
12078.31 6.50
12079.43 7.75
12080.56 8.38
12081.69 7.19
12082.82 6.09
12083.94 8.05
12085.06 8.52
12086.19 7.26
12087.31 8.13
12088.44 8.57
12089.57 8.28
12090.70 6.14
12091.82 5.57
12092.94 7.29
12094.08 6.14
12095.20 5.07
12096.32 5.04
12097.45 6.02
12098.57 5.01
12099.69 4.00
12100.81 5.50
12101.94 6.75
12103.07 5.38
12104.20 4.69
12105.32 3.84
12106.44 4.92
12107.57 4.46
12108.70 5.73
12109.83 6.37
12110.96 4.68
12112.08 4.34
12113.20 3.67
12114.32 5.34
12115.45 4.17
12116.58 4.58
12117.71 4.29
12118.84 3.15
12119.96 5.07
12121.09 6.04
12122.20 5.52
12123.33 3.76
12124.46 2.88
12125.59 4.94
12126.72 4.47
12127.84 3.23
12128.97 4.62
12130.10 5.81
12131.23 4.40
12132.36 3.20
12133.48 5.10
12134.60 5.55
12135.72 5.28
12136.85 6.14
12137.98 6.07
12139.10 6.53
12140.22 6.77
12141.36 4.88
12142.48 3.44
12143.62 4.72
12144.74 4.86
12145.86 4.93
12146.99 4.97
12148.12 5.98
12149.25 5.49
12150.38 3.75
12151.51 2.37
12152.63 2.69
12153.76 4.34
12154.89 5.67
12156.01 4.84
12157.14 3.92
12158.27 2.96
12159.39 3.48
12160.52 4.74
12161.65 5.37
12162.78 5.18
12163.92 4.59
12165.04 3.30
12166.16 4.15
12167.29 3.57
12168.42 2.29
12169.55 1.64
12170.68 2.32
12171.80 3.16
12172.93 4.58
12174.06 4.29
12175.18 2.65
12176.32 2.32
12177.44 2.66
12178.57 1.83
12179.70 2.42
12180.83 4.21
12181.96 3.10
12183.08 2.05
12184.20 4.03
12185.32 5.01
12186.45 5.01
12187.58 3.00
12188.70 4.00
12189.80 4.00
12190.92 3.00
12192.04 2.00
12193.16 1.50
12194.28 1.25
12195.41 3.13
12196.54 3.56
12197.67 4.28
12198.80 4.64
12199.94 3.82
12201.06 3.41
12202.18 2.21
12203.32 1.60
12204.44 3.30
12205.56 3.65
12206.69 2.83
12207.82 1.91
12208.95 3.96
12210.08 2.98
12211.20 1.49
12212.32 1.24
12213.44 3.12
12214.57 4.06
12215.69 3.53
12216.82 3.77
12217.95 4.38
12219.08 4.19
12220.20 2.60
12221.32 1.80
12222.44 0.90
12223.56 0.95
12224.68 2.97
12225.81 2.99
12226.94 1.49
12228.06 1.25
12229.18 2.12
12230.31 4.56
12231.43 6.78
12232.56 10.89
12233.74 13.45
12234.91 14.72
12236.08 17.86
12237.24 18.93
12238.41 21.97
12239.58 24.98
12240.74 26.49
12241.92 26.75
12243.09 27.37
12244.25 29.19
12245.42 31.59
12246.58 32.30
12247.74 33.65
12248.92 32.82
12250.09 32.91
12251.26 33.46
12252.42 36.23
12253.59 37.11
12254.76 37.56
12255.93 38.28
12257.10 37.14
12258.26 38.07
12259.42 39.53
12260.59 40.77
12261.76 40.38
12262.93 39.19
12264.10 40.10
12265.26 41.55
12266.42 41.77
12267.59 40.89
12268.75 40.44
12269.93 42.22
12271.10 41.61
12272.26 41.31
12273.43 43.15
12274.60 43.58
12275.76 43.79
12276.93 43.39
12278.10 44.70
12279.26 43.35
12280.42 42.67
12281.59 43.84
12282.76 44.92
12283.93 43.96
12285.10 43.98
12286.26 44.99
12287.42 44.99
12288.58 44.00
12289.74 45.50
12290.90 46.25
12292.06 46.62
12293.22 45.81
12294.39 44.91
12295.56 45.95
12296.73 45.98
12297.90 47.49
12299.06 48.24
12300.22 47.12
12301.39 46.06
12302.55 45.53
12303.72 47.27
12304.89 47.63
12306.06 47.32
12307.22 46.16
12308.39 45.58
12309.56 47.29
12310.73 47.64
12311.90 47.82
12313.06 48.41
12314.22 48.21
12315.39 47.10
12316.55 47.55
12317.72 48.78
12318.89 48.89
12320.06 48.44
12321.22 47.72
12322.38 47.86
12323.54 49.43
12324.71 49.72
12325.89 49.36
12327.06 48.68
12328.22 47.34
12329.39 48.67
12330.56 49.33
12331.73 47.67
12332.90 48.33
12334.07 49.67
12335.23 48.83
12336.40 48.92
12337.56 48.46
12338.73 48.73
12339.90 49.36
12341.06 48.68
12342.22 48.34
12343.39 48.17
12344.56 49.59
12345.73 49.29
12346.91 50.15
12348.07 50.07
12349.22 49.04
12350.38 48.52
12351.55 47.76
12352.72 49.38
12353.89 48.69
12355.06 48.84
12356.22 49.42
12357.39 49.71
12358.56 48.86
12359.73 47.93
12360.91 49.96
12362.07 49.98
12363.23 48.99
12364.40 50.00
12365.55 50.50
12366.71 49.25
12367.88 49.12
12369.06 50.56
12370.22 49.28
12371.38 48.64
12372.55 48.32
12373.72 50.16
12374.89 50.08
12376.06 49.54
12377.22 48.77
12378.39 49.39
12379.56 50.69
12380.73 50.85
12381.91 49.92
12383.07 48.96
12384.23 49.48
12385.40 50.74
12386.56 50.37
12387.73 49.19
12388.91 48.59
12390.07 48.80
12391.22 48.40
12392.38 48.20
12393.54 50.10
12394.70 51.05
12395.86 50.52
12397.03 49.76
12398.19 48.88
12399.36 50.94
12400.53 50.97
12401.70 49.49
12402.86 48.74
12404.03 49.87
12405.19 50.94
12406.36 50.97
12407.53 49.98
12408.70 49.49
12409.86 51.25
12411.04 51.12
12412.20 50.56
12413.36 51.78
12414.53 51.89
12415.70 51.45
12416.86 49.72
12418.05 49.86
12419.21 48.93
12420.38 49.47
12421.54 50.23
12422.71 50.62
12423.88 50.81
12425.06 50.90
12426.21 50.45
12427.38 50.73
12428.55 50.86
12429.71 50.43
12430.88 45.72
12432.06 40.86
12433.22 35.93
12434.38 32.46
12435.55 29.23
12436.72 27.12
12437.89 25.06
12439.06 23.03
12440.22 21.51
12441.38 20.26
12442.55 19.13
12443.72 18.06
12444.88 17.03
12446.05 17.02
12447.21 16.51
12448.38 15.25
12449.55 15.13
12450.71 13.56
12451.88 12.78
12453.06 13.89
12454.22 12.95
12455.38 11.47
12456.55 11.24
12457.72 10.12
12458.89 12.56
12460.06 11.28
12461.22 10.14
12462.39 11.57
12463.56 11.78
12464.73 9.89
12465.86 9.95
12466.98 9.97
12468.12 8.49
12469.25 8.24
12470.37 7.62
12471.50 9.31
12472.62 8.66
12473.76 8.33
12474.88 7.16
12476.01 7.58
12477.13 7.29
12478.26 8.15
12479.39 9.07
12480.52 9.04
12481.64 8.52
12482.76 6.76
12483.89 5.88
12485.01 6.94
12486.13 7.97
12487.26 7.48
12488.39 6.24
12489.52 5.12
12490.64 6.06
12491.77 7.53
12492.89 8.27
12494.02 6.13
12495.15 5.07
12496.27 6.03
12497.40 5.02
12498.52 4.51
12499.64 4.25
12500.77 6.63
12501.91 7.81
12503.04 7.41
12504.16 5.70
12505.28 4.85
12506.41 5.43
12507.54 4.21
12508.67 4.11
12509.79 4.55
12510.92 6.78
12512.05 6.89
12513.17 6.94
12514.30 6.97
12515.42 6.99
12516.55 6.49
12517.68 4.75
12518.80 4.37
12519.92 5.19
12521.05 6.09
12522.16 6.55
12523.29 6.27
12524.42 4.64
12525.55 3.32
12526.67 3.66
12527.80 3.33
12528.93 2.66
12530.06 2.83
12531.18 2.92
12532.31 2.46
12533.44 2.23
12534.56 4.61
12535.69 5.31
12536.82 3.65
12537.95 2.83
12539.08 2.41
12540.20 3.21
12541.33 5.10
12542.46 6.05
12543.58 6.03
12544.71 4.51
12545.83 4.76
12546.96 5.38
12548.10 6.19
12549.22 6.09
12550.34 5.55
12551.47 5.27
12552.60 3.64
12553.72 2.82
12554.85 2.91
12555.98 2.95
12557.11 4.48
12558.23 5.24
12559.37 5.12
12560.49 4.56
12561.62 3.28
12562.75 2.14
12563.88 1.57
12565.00 3.28
12566.11 4.14
12567.24 5.07
12568.36 5.04
12569.49 5.52
12570.62 4.76
12571.75 3.38
12572.88 2.69
12574.00 1.84
12575.12 1.42
12576.24 3.21
12577.37 2.11
12578.51 1.55
12579.64 3.78
12580.76 3.89
12581.90 3.94
12583.01 3.47
12584.13 2.24
12585.26 1.62
12586.39 2.31
12587.51 3.15
12588.64 2.08
12589.76 1.04
12590.88 1.02
12592.00 2.51
12593.12 3.75
12594.25 4.38
12595.38 2.69
12596.51 3.34
12597.64 2.67
12598.76 3.84
12599.90 2.92
12601.01 2.46
12602.13 1.73
12603.26 1.86
12604.39 1.43
12605.52 2.22
12606.65 2.11
12607.78 1.55
12608.92 3.78
12610.04 3.89
12611.16 4.44
12612.29 4.72
12613.42 3.36
12614.55 2.18
12615.68 2.09
12616.80 2.55
12617.92 1.27
12619.05 1.14
12620.17 2.57
12621.30 3.28
12622.42 1.64
12623.56 2.32
12624.68 3.66
12625.81 3.83
12626.94 1.92
12628.07 2.46
12629.18 3.73
12630.32 3.36
12631.44 3.18
12632.57 4.59
12633.70 7.80
12634.82 10.90
12635.98 14.45
12637.14 18.22
12638.31 20.11
12639.48 21.06
12640.64 24.03
12641.80 26.01
12642.95 28.51
12644.12 29.75
12645.29 28.88
12646.46 29.94
12647.62 29.97
12648.79 31.98
12649.95 31.99
12651.11 32.50
12652.28 35.25
12653.45 35.62
12654.62 35.31
12655.78 36.16
12656.95 38.08
12658.11 39.54
12659.28 39.77
12660.45 38.38
12661.62 37.69
12662.79 40.35
12663.96 40.67
12665.13 41.34
12666.30 41.67
12667.46 40.83
12668.62 40.92
12669.79 42.46
12670.97 41.73
12672.14 41.36
12673.30 41.18
12674.46 42.09
12675.62 43.55
12676.79 42.77
12677.96 43.39
12679.13 44.69
12680.30 43.35
12681.46 42.67
12682.63 44.84
12683.80 43.92
12684.96 43.46
12686.13 45.23
12687.30 46.11
12688.46 46.06
12689.62 45.53
12690.79 44.76
12691.96 44.88
12693.12 45.94
12694.29 46.97
12695.46 47.49
12696.62 46.24
12697.79 45.12
12698.96 46.56
12700.13 47.78
12701.30 46.89
12702.46 45.95
12703.62 47.47
12704.79 46.74
12705.96 46.87
12707.13 46.43
12708.30 47.22
12709.46 47.11
12710.63 47.05
12711.79 47.03
12712.96 47.01
12714.12 47.01
12715.29 47.00
12716.45 46.00
12717.61 47.00
12718.77 46.50
12719.93 47.25
12721.10 47.63
12722.26 47.81
12723.43 47.91
12724.60 47.45
12725.76 48.23
12726.93 48.11
12728.10 48.06
12729.26 48.03
12730.42 48.01
12731.58 48.01
12732.74 48.00
12733.91 48.50
12735.07 48.75
12736.23 49.88
12737.40 48.94
12738.57 48.47
12739.74 48.23
12740.91 48.62
12742.08 49.31
12743.24 48.65
12744.41 48.33
12745.58 48.66
12746.75 48.83
12747.91 48.92
12749.08 48.46
12750.24 49.23
12751.41 49.61
12752.58 48.81
12753.74 49.40
12754.91 49.20
12756.07 49.60
12757.22 48.80
12758.38 49.40
12759.54 49.70
12760.70 49.35
12761.86 50.18
12763.04 49.59
12764.20 49.29
12765.36 49.15
12766.53 49.07
12767.69 50.04
12768.85 50.02
12770.02 50.01
12771.18 50.00
12772.34 50.00
12773.50 50.00
12774.65 49.50
12775.81 50.75
12776.98 49.88
12778.14 49.44
12779.31 50.22
12780.48 49.11
12781.65 48.55
12782.82 50.28
12783.98 49.64
12785.15 49.32
12786.32 48.16
12787.49 49.58
12788.66 49.29
12789.82 50.14
12790.99 50.57
12792.16 51.79
12793.33 49.89
12794.50 48.95
12795.66 48.47
12796.83 50.24
12798.00 50.62
12799.16 50.81
12800.33 50.40
12801.49 50.70
12802.65 49.35
12803.82 50.68
12804.98 50.34
12806.15 49.17
12807.32 48.58
12808.49 48.79
12809.65 50.40
12810.81 49.70
12811.97 49.35
12813.14 50.67
12814.30 49.84
12815.46 49.42
12816.63 50.71
12817.80 50.85
12818.96 51.93
12820.13 50.96
12821.30 51.48
12822.46 51.74
12823.62 52.37
12824.79 51.19
12825.96 50.09
12827.12 51.05
12828.28 50.02
12829.44 51.01
12830.60 51.51
12831.76 50.75
12832.93 46.38
12834.10 41.19
12835.26 36.59
12836.43 33.30
12837.58 29.15
12838.75 26.57
12839.91 24.29
12841.08 23.64
12842.24 21.82
12843.40 19.91
12844.56 17.96
12845.73 16.48
12846.91 17.24
12848.08 16.12
12849.23 17.06
12850.39 15.03
12851.55 15.51
12852.72 13.76
12853.90 14.38
12855.06 13.69
12856.22 14.34
12857.38 12.17
12858.55 13.09
12859.71 11.54
12860.89 10.77
12862.05 9.89
12863.17 9.44
12864.30 10.72
12865.46 9.36
12866.58 11.68
12867.74 9.84
12868.88 9.42
12870.00 9.21
12871.12 9.11
12872.26 9.55
12873.38 9.28
12874.52 8.14
12875.64 8.07
12876.76 7.03
12877.89 6.52
12879.02 6.76
12880.14 7.88
12881.27 6.94
12882.39 7.97
12883.51 7.98
12884.64 7.49
12885.77 7.25
12886.91 8.12
12888.04 6.56
12889.15 7.28
12890.28 6.14
12891.41 7.07
12892.53 7.54
12893.66 8.27
12894.79 7.13
12895.91 8.07
12897.04 6.53
12898.15 7.27
12899.28 5.63
12900.41 4.82
12901.54 4.41
12902.67 4.20
12903.78 6.60
12904.91 6.80
12906.02 7.90
12907.14 5.95
12908.27 4.98
12909.39 4.99
12910.51 5.99
12911.64 7.00
12912.76 7.00
12913.89 5.50
12915.00 6.25
12916.12 4.12
12917.26 5.56
12918.39 4.28
12919.51 4.64
12920.64 3.82
12921.77 4.91
12922.91 4.96
12924.04 3.98
12925.16 4.99
12926.28 5.99
12927.40 6.50
12928.52 5.75
12929.65 4.87
12930.78 3.94
12931.91 5.47
12933.03 5.73
12934.15 6.37
12935.28 4.18
12936.40 5.09
12937.52 3.55
12938.64 2.77
12939.77 3.39
12940.91 4.19
12942.03 4.60
12943.16 3.30
12944.28 3.65
12945.42 4.32
12946.54 5.66
12947.67 5.33
12948.80 3.17
12949.92 4.08
12951.04 5.04
12952.16 4.02
12953.28 3.51
12954.41 4.76
12955.54 4.38
12956.67 2.19
12957.79 3.59
12958.92 4.30
12960.04 4.15
12961.16 3.57
12962.29 3.79
12963.42 3.89
12964.54 4.45
12965.67 4.72
12966.80 3.86
12967.93 3.93
12969.05 2.47
12970.17 2.23
12971.30 2.62
12972.42 2.31
12973.55 2.15
12974.67 3.58
12975.80 1.79
12976.92 2.89
12978.04 3.95
12979.16 2.47
12980.29 3.74
12981.42 2.87
12982.55 2.43
12983.67 3.22
12984.80 2.11
12985.93 2.55
12987.06 3.78
12988.18 2.39
12989.31 2.19
12990.44 1.60
12991.56 1.30
12992.68 1.15
12993.81 3.57
12994.94 3.79
12996.06 3.89
12997.19 4.95
12998.32 3.47
12999.44 1.74
13000.56 3.87
13001.69 3.93
13002.82 2.47
13003.95 4.23
13005.07 4.62
13006.20 3.81
13007.32 4.40
13008.44 4.20
13009.56 2.10
13010.68 1.05
13011.80 2.03
13012.92 4.01
13014.04 4.01
13015.16 2.50
13016.29 3.25
13017.42 2.13
13018.56 3.56
13019.68 3.28
13020.81 2.14
13021.94 3.57
13023.07 2.29
13024.19 1.14
13025.32 3.07
13026.44 3.04
13027.56 2.02
13028.68 3.01
13029.80 1.50
13030.92 1.25
13032.04 2.13
13033.17 4.06
13034.29 4.53
13035.42 7.77
13036.55 10.88
13037.71 13.44
13038.89 15.72
13040.06 19.36
13041.22 21.68
13042.38 22.84
13043.54 24.92
13044.70 27.46
13045.86 29.23
13047.04 29.12
13048.21 31.06
13049.37 31.53
13050.54 31.76
13051.70 34.38
13052.86 35.19
13054.04 34.60
13055.20 34.30
13056.36 35.65
13057.53 35.82
13058.70 35.41
13059.86 38.21
13061.03 39.60
13062.18 40.30
13063.34 39.15
13064.51 41.08
13065.67 40.54
13066.84 39.77
13068.02 41.38
13069.18 41.69
13070.34 41.35
13071.51 40.67
13072.68 41.84
13073.84 43.42
13075.02 44.21
13076.18 43.60
13077.34 44.30
13078.50 45.15
13079.66 43.58
13080.82 42.79
13081.99 42.89
13083.15 43.95
13084.32 45.47
13085.49 46.24
13086.66 45.12
13087.82 44.06
13088.98 45.03
13090.14 46.01
13091.30 46.51
13092.46 45.25
13093.63 44.63
13094.80 45.81
13095.96 45.91
13097.13 46.45
13098.30 46.73
13099.46 47.86
13100.62 48.43
13101.79 47.72
13102.96 46.86
13104.14 46.43
13105.30 47.71
13106.46 46.86
13107.63 46.93
13108.80 46.46
13109.96 46.23
13111.13 48.12
13112.30 48.56
13113.46 47.28
13114.63 46.64
13115.80 47.32
13116.96 48.16
13118.13 47.08
13119.29 46.54
13120.46 48.77
13121.62 48.38
13122.79 48.19
13123.95 49.10
13125.11 50.05
13126.27 49.02
13127.43 49.01
13128.59 50.01
13129.75 49.00
13130.90 47.50
13132.06 47.75
13133.22 48.38
13134.38 49.19
13135.55 48.59
13136.72 48.30
13137.89 48.15
13139.06 48.57
13140.22 49.79
13141.39 50.39
13142.55 50.70
13143.71 49.85
13144.89 48.92
13146.05 49.46
13147.21 48.73
13148.38 49.87
13149.54 48.93
13150.71 48.97
13151.89 50.48
13153.05 49.24
13154.21 48.62
13155.38 48.31
13156.54 48.66
13157.71 49.33
13158.89 48.66
13160.06 48.33
13161.22 48.17
13162.38 48.08
13163.54 50.54
13164.70 50.27
13165.86 50.64
13167.04 49.32
13168.20 50.66
13169.36 51.33
13170.53 51.16
13171.70 49.58
13172.86 50.29
13174.04 51.65
13175.20 51.32
13176.36 51.16
13177.53 49.58
13178.70 49.79
13179.86 51.40
13181.03 51.70
13182.18 50.35
13183.35 49.67
13184.52 49.34
13185.69 49.67
13186.85 51.33
13188.02 51.67
13189.18 51.83
13190.35 51.42
13191.52 52.21
13192.69 52.10
13193.85 51.05
13195.02 50.53
13196.18 50.26
13197.35 50.63
13198.52 51.82
13199.69 50.91
13200.86 49.45
13202.03 50.73
13203.19 50.86
13204.35 50.43
13205.52 49.72
13206.69 50.36
13207.86 51.68
13209.03 51.34
13210.19 50.17
13211.36 49.08
13212.52 49.04
13213.69 51.02
13214.85 52.01
13216.02 51.01
13217.18 50.00
13218.34 49.50
13219.50 50.25
13220.66 50.63
13221.82 51.31
13222.99 51.66
13224.16 50.83
13225.33 50.41
13226.50 51.21
13227.66 51.10
13228.82 51.55
13229.99 50.78
13231.16 50.39
13232.33 50.69
13233.50 48.35
13234.66 43.67
13235.83 37.84
13237.01 35.42
13238.17 32.21
13239.34 29.10
13240.50 26.55
13241.66 24.28
13242.82 22.64
13243.99 21.82
13245.16 20.41
13246.33 18.70
13247.50 17.85
13248.66 16.43
13249.82 16.71
13251.00 16.36
13252.15 15.68
13253.32 13.84
13254.49 14.42
13255.66 13.21
13256.84 12.10
13258.00 13.05
13259.15 13.53
13260.32 11.76
13261.49 11.38
13262.66 12.19
13263.83 10.60
13264.98 9.80
13266.10 10.40
13267.26 10.70
13268.42 9.35
13269.54 10.17
13270.71 9.59
13271.84 9.79
13272.97 9.90
13274.09 9.45
13275.21 8.22
13276.34 9.11
13277.47 7.56
13278.59 8.28
13279.72 9.64
13280.85 9.32
13281.98 8.66
13283.11 7.83
13284.24 6.91
13285.37 6.46
13286.49 7.23
13287.62 6.11
13288.74 7.56
13289.88 8.78
13291.01 7.39
13292.13 6.19
13293.26 5.60
13294.38 4.80
13295.50 4.90
13296.62 5.45
13297.74 5.72
13298.88 4.86
13300.01 6.93
13301.13 7.97
13302.26 8.48
13303.39 7.24
13304.52 5.62
13305.64 5.31
13306.77 4.66
13307.90 4.33
13309.03 4.16
13310.15 6.58
13311.28 7.29
13312.41 5.65
13313.54 4.82
13314.67 3.91
13315.80 4.46
13316.92 5.73
13318.04 6.36
13319.17 6.68
13320.29 6.84
13321.42 6.92
13322.55 4.96
13323.68 3.48
13324.80 3.24
13325.92 4.62
13327.05 3.81
13328.17 4.91
13329.30 5.95
13330.43 5.98
13331.56 4.99
13332.68 3.49
13333.81 2.75
13334.94 4.87
13336.07 3.94
13337.19 2.97
13338.32 2.48
13339.44 4.74
13340.57 5.87
13341.70 5.94
13342.82 3.97
13343.95 2.98
13345.07 2.99
13346.19 4.00
13347.31 4.00
13348.44 3.00
13349.56 2.50
13350.68 2.75
13351.81 2.87
13352.94 4.44
13354.06 5.72
13355.18 5.86
13356.32 4.43
13357.44 4.71
13358.57 3.36
13359.70 2.68
13360.82 4.84
13361.94 4.92
13363.08 3.46
13364.20 2.73
13365.32 2.36
13366.45 2.68
13367.58 4.34
13368.71 4.17
13369.84 3.59
13370.96 2.79
13372.09 2.40
13373.21 2.70
13374.34 4.85
13375.47 4.42
13376.60 4.21
13377.72 5.61
13378.85 5.30
13379.97 3.65
13381.10 2.33
13382.23 2.16
13383.36 4.08
13384.47 4.54
13385.60 3.77
13386.72 2.89
13387.85 1.44
13388.97 1.22
13390.10 1.11
13391.23 3.06
13392.35 3.53
13393.48 4.26
13394.61 3.13
13395.74 2.57
13396.88 4.28
13398.01 4.14
13399.13 4.57
13400.26 4.79
13401.38 4.89
13402.51 4.45
13403.64 3.22
13404.76 2.61
13405.89 2.81
13407.02 3.90
13408.14 4.45
13409.27 2.73
13410.40 1.86
13411.51 0.93
13412.64 2.97
13413.76 4.48
13414.89 4.74
13416.02 3.37
13417.14 2.69
13418.26 1.34
13419.40 1.17
13420.52 3.09
13421.64 3.54
13422.77 2.77
13423.90 1.89
13425.02 0.94
13426.13 2.47
13427.26 3.74
13428.39 4.37
13429.52 4.18
13430.64 2.59
13431.77 1.30
13432.89 2.15
13434.02 3.57
13435.14 4.29
13436.27 3.14
13437.39 1.57
13438.51 0.79
13439.64 1.89
13440.76 3.45
13441.89 3.72
13443.02 3.36
13444.14 3.18
13445.27 2.59
13446.40 2.80
13447.51 1.40
13448.63 0.70
13449.75 1.85
13450.88 3.42
13452.01 3.71
13453.13 2.86
13454.26 1.93
13455.39 1.46
13456.52 1.73
13457.64 0.87
13458.76 0.43
13459.88 0.22
13461.00 0.61
13462.11 0.30
13463.22 0.15
13464.34 0.08
13465.46 0.04
13466.57 1.02
13467.69 3.01
13468.81 3.50
13469.93 2.75
13471.06 3.38
13472.19 3.69
13473.32 2.34
13474.44 1.17
13475.56 0.59
13476.68 1.79
13477.81 2.90
13478.93 2.45
13480.06 1.22
13481.18 0.61
13482.30 0.31
13483.42 0.15
13484.54 2.08
13485.66 2.54
13486.79 1.77
13487.91 3.38
13489.04 4.19
13490.17 4.10
13491.29 4.55
13492.42 3.77
13493.55 2.39
13494.67 1.19
13495.80 2.10
13496.91 1.05
13498.03 0.52
13499.14 0.26
13500.26 0.13
13501.39 1.57
13502.52 2.78
13503.64 2.39
13504.77 1.20
13505.89 2.10
13507.01 1.55
13508.13 2.77
13509.26 3.39
13510.38 1.69
13511.50 0.85
13512.62 0.92
13513.74 2.96
13514.87 2.98
13515.99 2.99
13517.11 3.50
13518.24 1.75
13519.37 0.87
13520.49 0.94
13521.61 2.97
13522.74 2.48
13523.87 1.24
13525.00 2.12
13526.12 2.56
13527.24 2.28
13528.37 1.14
13529.50 1.57
13530.62 2.79
13531.75 2.39
13532.88 1.20
13534.00 1.60
13535.11 0.80
13536.24 1.40
13537.36 1.20
13538.48 0.60
13539.60 1.30
13540.71 2.65
13541.84 2.32
13542.97 1.66
13544.10 0.83
13545.22 2.42
13546.34 2.71
13547.48 1.85
13548.60 2.93
13549.72 3.96
13550.85 3.98
13551.98 2.99
13553.10 3.50
13554.22 1.75
13555.35 0.87
13556.48 1.44
13557.60 0.72
13558.72 1.36
13559.85 3.18
13560.98 2.59
13562.10 1.29
13563.22 0.65
13564.34 0.32
13565.46 0.16
13566.59 1.58
13567.71 0.79
13568.84 1.40
13569.96 2.20
13571.08 1.10
13572.19 0.55
13573.31 0.27
13574.43 0.14
13575.55 0.07
13576.67 1.03
13577.78 1.52
13578.91 0.76
13580.03 0.38
13581.15 1.19
13582.27 0.59
13583.39 0.30
13584.51 0.65
13585.64 1.82
13586.76 1.91
13587.89 0.96
13589.01 0.48
13590.12 0.24
13591.24 1.62
13592.37 2.31
13593.50 2.15
13594.62 1.08
13595.74 1.04
13596.86 0.52
13597.98 0.26
13599.10 0.13
13600.22 0.06
13601.33 0.03
13602.44 0.52
13603.57 1.76
13604.70 2.88
13605.82 2.94
13606.95 2.47
13608.07 3.23
13609.20 3.12
13610.32 3.06
13611.44 3.03
13612.56 1.51
13613.69 0.76
13614.81 2.38
13615.94 2.19
13617.06 1.09
13618.18 0.55
13619.30 1.77
13620.42 2.39
13621.54 3.19
13622.68 3.10
13623.80 2.55
13624.92 1.27
13626.04 1.14
13627.16 2.57
13628.29 2.78
13629.42 1.39
13630.54 0.70
13631.66 0.35
13632.78 0.17
13633.90 2.09
13635.02 2.54
13636.14 1.27
13637.27 2.14
13638.40 2.57
13639.51 1.28
13640.63 0.64
13641.75 0.32
13642.88 0.16
13644.00 1.58
13645.12 2.79
13646.24 1.40
13647.36 0.70
13648.47 0.35
13649.60 1.17
13650.72 2.09
13651.84 2.54
13652.97 2.77
13654.10 2.89
13655.22 2.44
13656.35 1.72
13657.47 0.86
13658.60 1.43
13659.72 2.22
13660.85 2.61
13661.98 2.30
13663.10 2.65
13664.22 1.33
13665.34 0.66
13666.47 0.83
13667.59 1.92
13668.71 1.96
13669.84 2.48
13670.97 2.24
13672.10 2.12
13673.23 1.56
13674.35 0.78
13675.47 0.39
13676.59 0.19
13677.71 0.10
13678.82 0.05
13679.94 0.02
13681.05 0.01
13682.15 0.01
13683.26 0.00
13684.37 0.00
13685.48 0.50
13686.59 0.25
13687.72 0.63
13688.84 0.31
13689.95 0.16
13691.07 0.08
13692.18 0.04
13693.29 0.52
13694.42 1.76
13695.55 2.38
13696.68 2.69
13697.80 2.84
13698.92 2.92
13700.05 2.96
13701.17 2.98
13702.30 2.49
13703.42 1.25
13704.54 0.62
13705.67 0.81
13706.79 1.91
13707.92 2.45
13709.04 2.73
13710.16 2.36
13711.29 1.18
13712.42 0.59
13713.54 0.80
13714.66 1.90
13715.78 0.95
13716.90 0.47
13718.01 0.74
13719.13 0.37
13720.25 0.18
13721.37 0.09
13722.48 0.05
13723.59 0.02
13724.70 0.01
13725.80 0.01
13726.91 1.50
13728.03 2.25
13729.14 1.13
13730.27 0.56
13731.40 0.78
13732.52 1.89
13733.64 1.95
13734.77 0.97
13735.89 0.49
13737.01 1.74
13738.13 2.37
13739.26 2.69
13740.38 1.34
13741.50 0.67
13742.62 0.34
13743.74 0.17
13744.86 0.08
13745.97 0.54
13747.09 1.77
13748.22 1.39
13749.34 0.69
13750.46 0.35
13751.58 0.17
13752.71 0.59
13753.84 1.79
13754.96 1.90
13756.08 0.95
13757.19 0.47
13758.31 0.24
13759.43 0.12
13760.55 0.06
13761.66 0.03
13762.78 0.01
13763.89 1.51
13765.02 1.25
13766.14 1.63
13767.27 2.31
13768.39 1.16
13769.52 0.58
13770.64 1.79
13771.78 2.39
13772.90 1.20
13774.01 0.60
13775.12 0.30
13776.24 0.15
13777.36 0.07
13778.48 1.54
13779.60 2.27
13780.72 1.13
13781.86 0.57
13782.97 0.28
13784.09 0.64
13785.21 1.32
13786.34 1.16
13787.46 0.58
13788.58 0.29
13789.71 1.65
13790.84 1.82
13791.97 1.41
13793.10 0.71
13794.22 0.35
13795.34 1.68
13796.46 0.84
13797.58 0.42
13798.70 0.21
13799.82 0.10
13800.93 0.05
13802.04 0.53
13803.16 1.76
13804.29 2.38
13805.42 1.19
13806.54 0.60
13807.66 1.80
13808.78 0.90
13809.89 0.45
13811.01 0.22
13812.12 1.11
13813.26 2.06
13814.39 2.03
13815.51 1.01
13816.63 1.51
13817.76 2.25
13818.89 2.13
13820.01 2.06
13821.13 1.03
13822.25 0.52
13823.37 0.26
13824.49 0.63
13825.61 1.81
13826.74 0.91
13827.86 0.45
13828.99 1.23
13830.12 2.11
13831.25 1.06
13832.37 0.53
13833.49 0.26
13834.61 1.13
13835.74 1.57
13836.87 0.78
13837.99 0.39
13839.12 1.70
13840.24 2.35
13841.37 2.67
13842.50 2.84
13843.62 1.92
13844.74 0.96
13845.87 0.48
13847.00 0.74
13848.11 0.87
13849.23 0.43
13850.35 0.22
13851.47 0.11
13852.60 1.05
13853.72 2.03
13854.84 2.51
13855.97 1.26
13857.10 0.63
13858.22 0.31
13859.34 0.16
13860.46 0.08
13861.57 1.04
13862.69 2.02
13863.81 2.51
13864.94 2.25
13866.06 1.13
13867.18 0.56
13868.30 0.28
13869.42 0.14
13870.54 0.07
13871.65 0.04
13872.76 0.02
13873.87 0.01
13874.98 0.00
13876.09 0.00
13877.18 0.00
13878.29 0.00
13879.39 1.00
13880.51 2.00
13881.63 2.50
13882.75 2.25
13883.87 2.63
13885.01 2.81
13886.13 1.91
13887.26 2.45
13888.39 2.73
13889.52 2.36
13890.64 1.68
13891.77 1.34
13892.90 0.67
13894.01 0.34
13895.13 0.17
13896.25 0.08
13897.36 0.04
13898.48 0.52
13899.60 0.76
13900.72 1.38
13901.86 2.19
13902.99 1.60
13904.12 2.30
13905.24 2.15
13906.37 1.07
13907.49 0.54
13908.61 0.27
13909.73 0.13
13910.86 0.07
13911.96 0.03
13913.08 0.02
13914.18 0.01
13915.29 0.00
13916.40 0.50
13917.50 0.25
13918.62 0.13
13919.74 0.06
13920.86 0.03
13921.97 0.02
13923.08 0.51
13924.20 1.75
13925.32 1.88
13926.45 1.94
13927.58 0.97
13928.70 0.48
13929.81 0.74
13930.93 1.37
13932.06 1.69
13933.18 0.84
13934.30 0.42
13935.42 0.21
13936.54 0.11
13937.67 1.55
13938.79 1.28
13939.92 1.64
13941.04 1.82
13942.16 0.91
13943.28 0.45
13944.40 0.23
13945.51 0.11
13946.64 0.56
13947.76 0.28
13948.88 0.14
13950.00 0.07
13951.10 0.03
13952.21 0.02
13953.32 0.01
13954.43 0.00
13955.54 0.00
13956.64 0.50
13957.76 1.75
13958.89 1.88
13960.02 0.94
13961.13 0.47
13962.25 0.23
13963.36 0.12
13964.48 0.06
13965.59 0.03
13966.71 1.51
13967.85 1.76
13968.97 0.88
13970.09 0.44
13971.20 0.22
13972.31 0.11
13973.44 1.55
13974.56 2.28
13975.69 2.14
13976.82 2.57
13977.94 1.28
13979.06 0.64
13980.18 0.32
13981.30 0.16
13982.42 0.08
13983.53 0.04
13984.64 0.02
13985.75 0.01
13986.87 1.51
13988.00 1.25
13989.12 1.63
13990.25 0.81
13991.37 0.91
13992.50 0.45
13993.61 1.23
13994.75 1.11
13995.88 1.56
13997.00 0.78
13998.11 0.39
13999.23 0.19
14000.36 0.60
14001.47 0.30
14002.58 0.15
14003.70 0.07
14004.81 1.04
14005.94 1.02
14007.06 2.01
14008.18 2.50
14009.30 2.25
14010.42 1.13
14011.55 0.56
14012.67 0.28
14013.79 0.14
14014.91 0.07
14016.03 1.04
14017.15 2.02
14018.27 2.51
14019.40 2.75
14020.52 2.88
14021.65 2.94
14022.78 2.97
14023.90 2.98
14025.03 2.99
14026.14 1.50
14027.26 0.75
14028.39 1.37
14029.52 2.19
14030.64 2.59
14031.77 2.80
14032.90 2.90
14034.01 2.95
14035.13 2.97
14036.26 1.99
14037.39 2.49
14038.51 2.75
14039.64 2.37
14040.77 1.19
14041.90 0.59
14043.01 0.30
14044.12 0.15
14045.24 0.07
14046.35 0.04
14047.47 1.52
14048.60 2.26
14049.72 2.13
14050.86 1.06
14051.98 0.53
14053.10 0.27
14054.22 0.13
14055.34 0.57
14056.47 0.78
14057.58 0.39
14058.70 0.20
14059.81 0.10
14060.92 0.05
14062.03 0.02
14063.14 0.01
14064.25 0.01
14065.36 0.00
14066.47 0.50
14067.58 0.25
14068.70 0.13
14069.82 0.06
14070.94 0.03
14072.05 0.02
14073.15 0.01
14074.27 0.50
14075.39 1.75
14076.52 1.38
14077.64 2.19
14078.77 2.09
14079.89 1.05
14081.01 0.52
14082.12 0.26
14083.24 0.13
14084.36 0.07
14085.47 0.03
14086.58 0.02
14087.70 0.01
14088.80 0.00
14089.90 0.00
14090.99 0.00
14092.10 0.00
14093.20 0.00
14094.30 0.00
14095.40 1.50
14096.52 0.75
14097.64 0.38
14098.76 0.19
14099.88 0.09
14100.99 0.05
14102.10 0.02
14103.21 0.01
14104.32 0.01
14105.43 0.00
14106.54 0.00
14107.64 0.00
14108.74 0.00
14109.86 0.00
14110.95 0.00
14112.06 0.50
14113.17 0.25
14114.29 0.13
14115.42 0.06
14116.53 0.03
14117.64 1.52
14118.77 2.26
14119.90 1.13
14121.02 0.56
14122.13 0.78
14123.25 0.39
14124.37 0.20
14125.48 0.60
14126.60 1.30
14127.72 1.15
14128.86 0.57
14129.98 0.29
14131.10 0.14
14132.22 0.57
14133.34 0.29
14134.46 0.14
14135.58 0.07
14136.70 0.54
14137.82 0.27
14138.94 0.13
14140.06 0.57
14141.18 0.28
14142.30 0.14
14143.41 0.07
14144.52 0.54
14145.64 0.27
14146.76 0.13
14147.88 0.07
14149.00 1.03
14150.10 1.52
14151.23 1.76
14152.35 0.88
14153.47 0.44
14154.59 0.22
14155.71 0.11
14156.84 1.55
14157.96 1.78
14159.09 1.89
14160.21 0.94
14161.33 0.47
14162.45 0.24
14163.57 0.12
14164.69 1.06
14165.81 0.53
14166.93 0.26
14168.05 0.13
14169.16 0.07
14170.27 0.03
14171.38 0.02
14172.50 0.01
14173.60 0.00
14174.70 0.00
14175.80 0.00
14176.90 0.00
14178.00 0.50
14179.10 0.25
14180.22 0.63
14181.34 0.31
14182.46 0.16
14183.58 0.08
14184.70 0.04
14185.80 0.52
14186.92 0.26
14188.04 0.13
14189.15 0.06
14190.26 0.03
14191.38 0.02
14192.49 0.01
14193.60 0.00
14194.70 0.00
14195.80 0.50
14196.91 1.25
14198.03 1.63
14199.16 0.81
14200.28 0.41
14201.40 0.20
14202.50 0.10
14203.61 0.05
14204.72 0.03
14205.85 0.51
14206.96 0.26
14208.08 0.13
14209.19 0.06
14210.30 0.03
14211.41 0.02
14212.52 0.01
14213.63 0.00
14214.74 0.00
14215.85 0.50
14216.96 0.25
14218.08 0.13
14219.20 0.06
14220.30 0.03
14221.41 0.02
14222.52 0.01
14223.63 0.00
14224.74 0.00
14225.85 0.50
14226.96 0.25
14228.08 0.13
14229.20 0.06
14230.30 0.03
14231.41 0.02
14232.52 0.01
14233.63 0.00
14234.73 0.00
14235.83 0.00
14236.94 0.50
14238.06 1.75
14239.18 2.38
14240.31 2.69
14241.44 2.34
14242.56 1.17
14243.69 0.59
14244.81 0.29
14245.93 0.15
14247.05 0.07
14248.15 0.04
14249.26 0.02
14250.38 0.01
14251.49 1.50
14252.61 1.25
14253.74 0.63
14254.86 0.31
14255.99 0.66
14257.11 1.83
14258.23 1.91
14259.36 0.96
14260.48 0.48
14261.60 0.24
14262.71 0.12
14263.84 0.06
14264.94 0.03
14266.06 0.01
14267.16 0.01
14268.27 0.00
14269.38 0.00
14270.48 0.00
14271.58 0.00
14272.68 0.00
14273.78 0.00
14274.89 0.00
14275.99 0.00
14277.10 0.00
14278.20 0.00
14279.30 0.00
14280.41 0.00
14281.51 0.00
14282.62 0.00
14283.73 0.00
14284.86 0.50
14285.97 0.25
14287.09 0.13
14288.22 0.06
14289.33 0.03
14290.44 0.02
14291.56 0.51
14292.68 0.75
14293.80 0.38
14294.91 0.19
14296.03 0.09
14297.14 0.05
14298.25 0.02
14299.36 0.01
14300.47 0.01
14301.58 0.00
14302.69 0.00
14303.79 0.00
14304.90 0.00
14306.00 0.00
14307.10 0.00
14308.20 0.00
14309.30 0.00
14310.40 0.00
14311.50 0.00
14312.60 0.00
14313.70 0.00
14314.81 1.50
14315.94 0.75
14317.06 0.38
14318.18 0.19
14319.31 0.59
14320.44 1.80
14321.56 2.40
14322.69 2.20
14323.80 1.10
14324.91 0.55
14326.04 0.77
14327.16 0.89
14328.28 0.44
14329.40 0.22
14330.51 0.11
14331.63 0.06
14332.74 0.03
14333.86 1.51
14334.98 1.76
14336.10 0.88
14337.22 0.44
14338.34 0.22
14339.46 1.11
14340.59 1.55
14341.71 0.78
14342.84 0.39
14343.95 0.19
14345.07 0.10
14346.19 0.55
14347.32 1.27
14348.44 0.64
14349.56 0.32
14350.68 0.16
14351.80 0.08
14352.90 0.04
14354.01 0.02
14355.11 0.01
14356.22 0.00
14357.33 0.00
14358.43 0.00
14359.54 0.00
14360.64 0.00
14361.75 1.50
14362.88 1.25
14364.00 0.63
14365.11 0.31
14366.23 0.16
14367.35 0.08
14368.47 1.54
14369.60 2.27
14370.72 1.63
14371.86 0.82
14372.97 0.41
14374.09 0.20
14375.19 0.10
14376.30 0.05
14377.41 0.03
14378.52 1.01
14379.65 2.01
14380.78 1.00
14381.89 0.50
14383.00 0.25
14384.12 0.13
14385.24 0.06
14386.35 0.03
14387.47 0.52
14388.60 0.76
14389.71 0.38
14390.84 0.19
14391.95 0.09
14393.07 0.55
14394.19 1.27
14395.31 1.64
14396.44 1.32
14397.57 0.66
14398.69 0.33
14399.81 0.16
14400.93 0.58
14402.05 1.79
14403.17 1.90
14404.29 0.95
14405.41 0.47
14406.53 0.24
14407.65 1.12
14408.78 0.56
14409.90 0.28
14411.01 0.14
14412.12 0.07
14413.23 0.03
14414.35 1.52
14415.48 2.26
14416.60 1.63
14417.72 2.31
14418.86 2.66
14419.99 1.83
14421.12 1.41
14422.24 2.21
14423.37 2.10
14424.50 1.05
14425.61 0.53
14426.73 1.76
14427.86 1.88
14428.98 0.94
14430.10 0.47
14431.22 1.24
14432.34 0.62
14433.46 0.31
14434.58 0.15
14435.70 0.08
14436.81 0.04
14437.92 0.52
14439.05 1.26
14440.17 2.13
14441.30 2.06
14442.42 2.03
14443.54 1.02
14444.65 0.51
14445.77 0.25
14446.89 0.13
14448.01 0.06
14449.11 0.03
14450.22 0.02
14451.34 0.01
14452.45 0.00
14453.56 1.00
14454.68 1.50
14455.80 0.75
14456.91 0.88
14458.02 0.44
14459.14 0.22
14460.26 0.11
14461.38 1.55
14462.50 1.78
14463.62 0.89
14464.74 0.44
14465.87 0.72
14466.99 0.86
14468.11 1.43
14469.22 0.72
14470.34 0.36
14471.46 0.18
14472.58 0.09
14473.70 0.04
14474.80 0.02
14475.90 0.01
14477.01 0.01
14478.11 0.00
14479.22 0.00
14480.32 0.00
14481.42 0.00
14482.52 0.50
14483.64 1.75
14484.77 0.88
14485.89 1.44
14487.01 0.72
14488.12 1.36
14489.25 1.68
14490.38 0.84
14491.50 0.42
14492.62 0.21
14493.74 0.10
14494.85 0.05
14495.96 0.03
14497.07 0.01
14498.18 0.01
14499.29 0.00
14500.39 0.00
14501.50 0.00
14502.60 0.00
14503.70 0.00
14504.80 0.00
14505.90 0.00
14507.00 0.00
14508.10 0.00
14509.20 0.00
14510.30 0.50
14511.41 0.75
14512.53 0.88
14513.66 0.44
14514.78 0.22
14515.90 0.11
14517.01 0.05
14518.11 0.03
14519.22 0.01
14520.34 1.01
14521.47 2.00
14522.59 1.50
14523.70 0.75
14524.82 0.38
14525.94 0.19
14527.06 0.09
14528.16 0.05
14529.28 1.52
14530.40 1.26
14531.52 0.63
14532.64 0.32
14533.76 1.16
14534.89 2.08
14536.01 1.04
14537.12 2.02
14538.25 1.51
14539.38 0.75
14540.50 1.88
14541.62 1.44
14542.74 0.72
14543.87 0.36
14544.98 0.18
14546.10 0.09
14547.21 0.04
14548.32 0.02
14549.43 0.01
14550.54 0.01
14551.66 0.00
14552.76 0.00
14553.87 1.00
14554.99 1.50
14556.10 0.75
14557.22 0.88
14558.34 0.44
14559.46 0.22
14560.58 0.11
14561.71 1.55
14562.84 1.28
14563.97 0.64
14565.09 0.32
14566.20 0.66
14567.32 1.33
14568.45 0.66
14569.57 0.33
14570.69 0.17
14571.81 1.58
14572.94 1.29
14574.06 0.65
14575.18 0.32
14576.30 0.66
14577.42 0.33
14578.54 0.17
14579.66 0.58
14580.78 1.79
14581.91 1.40
14583.03 0.70
14584.14 0.35
14585.26 0.17
14586.38 0.09
14587.50 0.04
14588.60 1.52
14589.72 2.26
14590.85 2.63
14591.98 2.32
14593.11 2.16
14594.24 1.08
14595.36 0.54
14596.48 0.77
14597.60 0.38
14598.72 1.19
14599.85 2.10
14600.97 1.55
14602.10 0.77
14603.22 0.39
14604.34 0.19
14605.46 0.10
14606.57 0.55
14607.70 0.77
14608.82 0.89
14609.94 1.44
14611.06 0.72
14612.18 0.36
14613.30 0.18
14614.41 0.09
14615.52 0.05
14616.64 0.52
14617.76 1.26
14618.89 1.63
14620.02 2.32
14621.15 2.16
14622.28 2.58
14623.40 1.29
14624.52 0.64
14625.64 0.32
14626.76 0.16
14627.88 0.08
14628.99 0.04
14630.11 0.52
14631.24 1.76
14632.36 1.88
14633.49 1.94
14634.62 0.97
14635.74 0.49
14636.87 1.74
14638.00 1.87
14639.12 2.44
14640.25 2.22
14641.38 2.11
14642.50 1.05
14643.62 0.53
14644.74 0.26
14645.86 0.13
14646.98 0.57
14648.10 1.28
14649.22 0.64
14650.34 0.32
14651.46 0.66
14652.58 1.33
14653.70 1.67
14654.84 0.83
14655.96 0.42
14657.08 0.21
14658.19 0.10
14659.30 0.05
14660.41 0.03
14661.52 0.01
14662.63 0.01
14663.75 1.00
14664.87 2.00
14665.98 1.00
14667.10 2.00
14668.21 2.00
14669.33 2.00
14670.45 2.00
14671.57 1.50
14672.69 0.75
14673.81 0.38
14674.94 0.19
14676.06 0.59
14677.18 1.30
14678.31 1.65
14679.43 0.82
14680.55 0.41
14681.67 0.21
14682.79 0.10
14683.90 0.05
14685.01 0.03
14686.11 0.01
14687.24 0.51
14688.36 1.75
14689.48 1.88
14690.61 0.94
14691.73 0.47
14692.85 0.23
14693.97 0.12
14695.09 0.06
14696.19 0.03
14697.30 0.01
14698.41 0.01
14699.52 0.00
14700.62 0.00
14701.73 0.00
14702.84 0.00
14703.94 0.00
14705.04 0.50
14706.15 0.25
14707.27 0.13
14708.40 0.06
14709.50 0.03
14710.61 0.02
14711.72 0.01
14712.85 0.50
14713.96 0.75
14715.08 1.38
14716.20 0.69
14717.32 1.34
14718.44 0.67
14719.56 0.34
14720.68 0.17
14721.80 0.08
14722.90 0.04
14724.01 0.02
14725.12 1.51
14726.25 1.26
14727.38 0.63
14728.50 0.31
14729.62 0.66
14730.75 1.33
14731.87 0.66
14732.99 0.33
14734.11 0.17
14735.23 0.08
14736.34 0.04
14737.46 0.02
14738.57 0.51
14739.70 1.76
14740.83 0.88
14741.95 0.44
14743.07 0.22
14744.19 1.61
14745.31 0.80
14746.43 0.90
14747.54 0.45
14748.67 1.73
14749.79 0.86
14750.91 0.43
14752.03 0.22
14753.14 0.11
14754.27 1.05
14755.39 1.53
14756.51 0.76
14757.63 0.38
14758.76 0.69
14759.88 1.85
14761.00 1.42
14762.12 0.71
14763.24 0.36
14764.36 0.18
14765.48 1.59
14766.61 1.29
14767.74 0.65
14768.86 0.32
14769.98 0.66
14771.10 1.33
14772.23 0.67
14773.34 0.33
14774.46 0.17
14775.58 0.08
14776.70 0.04
14777.80 0.02
14778.90 0.01
14780.01 0.01
14781.11 0.00
14782.22 0.50
14783.34 0.75
14784.46 0.38
14785.58 0.19
14786.70 0.09
14787.80 0.05
14788.91 0.52
14790.04 1.26
14791.15 0.63
14792.27 0.32
14793.39 0.16
14794.51 0.08
14795.62 0.04
14796.74 0.02
14797.85 1.01
14798.98 1.50
14800.10 1.75
14801.22 1.88
14802.35 1.94
14803.48 1.97
14804.60 1.48
14805.72 1.24
14806.85 0.62
14807.97 0.31
14809.09 0.16
14810.20 0.58
14811.32 0.29
14812.44 1.64
14813.57 0.82
14814.69 0.41
14815.81 0.21
14816.93 0.60
14818.05 1.80
14819.16 1.90
14820.28 0.95
14821.40 0.48
14822.51 0.24
14823.63 0.12
14824.76 1.06
14825.88 0.53
14827.00 0.76
14828.12 1.38
14829.24 1.69
14830.37 0.85
14831.49 0.42
14832.61 0.21
14833.73 0.61
14834.86 1.30
14835.98 0.65
14837.10 0.33
14838.22 1.16
14839.34 0.58
14840.46 0.29
14841.58 0.15
14842.71 0.57
14843.84 0.79
14844.96 0.39
14846.08 0.70
14847.20 1.85
14848.32 1.42
14849.45 0.71
14850.57 0.36
14851.69 1.18
14852.83 1.59
14853.95 0.79
14855.07 0.40
14856.19 0.20
14857.30 0.10
14858.41 0.05
14859.52 1.52
14860.65 1.76
14861.78 1.38
14862.90 0.69
14864.02 0.35
14865.14 0.17
14866.26 0.09
14867.37 1.04
14868.49 0.52
14869.60 0.26
14870.71 0.13
14871.84 0.07
14872.95 0.03
14874.06 0.02
14875.17 1.51
14876.31 1.25
14877.43 0.63
14878.56 0.81
14879.68 1.41
14880.81 0.70
14881.92 0.35
14883.04 0.18
14884.15 0.09
14885.27 1.54
14886.40 1.27
14887.51 0.64
14888.64 1.82
14889.76 1.91
14890.89 0.95
14892.01 0.98
14893.13 0.99
14894.25 0.99
14895.37 1.00
14896.49 0.50
14897.60 0.25
14898.71 0.12
14899.84 0.06
14900.95 0.03
14902.07 0.52
14903.19 1.26
14904.32 1.63
14905.44 0.81
14906.56 0.41
14907.68 0.20
14908.79 0.10
14909.90 0.05
14911.01 0.03
14912.12 0.01
14913.23 0.01
14914.34 0.00
14915.45 0.00
14916.56 0.50
14917.67 0.25
14918.80 0.63
14919.92 0.81
14921.04 1.41
14922.16 0.70
14923.27 0.35
14924.39 0.18
14925.52 1.59
14926.64 0.79
14927.76 1.90
14928.89 1.45
14930.01 1.22
14931.14 1.61
14932.26 0.81
14933.38 0.40
14934.50 0.20
14935.61 0.10
14936.72 1.05
14937.84 2.03
14938.97 2.01
14940.09 2.01
14941.21 1.00
14942.33 0.50
14943.45 0.25
14944.57 1.63
14945.70 0.81
14946.83 1.91
14947.96 1.45
14949.08 0.73
14950.20 0.36
14951.31 0.18
14952.44 1.09
14953.55 1.55
14954.68 0.77
14955.80 0.39
14956.91 0.19
14958.03 0.10
14959.14 0.05
14960.26 0.02
14961.37 0.01
14962.48 0.01
14963.60 0.50
14964.71 1.75
14965.84 0.88
14966.95 0.44
14968.07 0.22
14969.18 0.11
14970.31 0.55
14971.44 1.28
