0.0 0.0628588190923
1.11 0.0314294095462
2.23 0.172861752504
3.36 0.244101747475
4.49 0.278674097976
5.62 0.139337048988
6.74 0.0701923479864
7.87 0.191719398232
8.99 0.0963835226082
10.12 0.205338809035
11.25 0.102669404517
12.36 0.0513347022587
13.49 0.129908226124
14.61 0.222101160793
15.75 0.111050580396
16.87 0.0555252901982
17.99 0.0282864685915
19.12 0.170766458534
20.25 0.24305410049
21.38 0.121527050245
22.51 0.0607635251226
23.62 0.0303817625613
24.74 0.0146670577882
25.87 0.0073335288941
26.98 0.108955286427
28.11 0.211624690944
29.24 0.210577043959
30.36 0.104764698487
31.47 0.0523823492436
32.59 0.0261911746218
33.72 0.0136194108033
34.83 0.00628588190923
35.95 0.00314294095462
37.06 0.00209529396974
38.17 0.00104764698487
39.28 0.0
40.39 0.0
41.49 0.0
42.6 0.0523823492436
43.72 0.0261911746218
44.85 0.170766458534
45.98 0.137241755018
47.11 0.0691447010016
48.23 0.0345723505008
49.36 0.0691447010016
50.48 0.0345723505008
51.6 0.0178099987428
52.73 0.16552822361
53.87 0.239911159536
54.99 0.12047940326
56.12 0.0597158781377
57.25 0.0827641118049
58.37 0.04085823241
59.49 0.0209529396974
60.6 0.0104764698487
61.73 0.057620584168
62.86 0.0806688178351
63.99 0.04085823241
65.11 0.0199052927126
66.23 0.0104764698487
67.35 0.00523823492436
68.46 0.0544776432133
69.58 0.184385869337
70.71 0.0921929346687
71.83 0.0460964673344
72.95 0.0754305829108
74.08 0.0377152914554
75.2 0.176004693458
76.32 0.0880023467292
77.43 0.0440011733646
78.55 0.0220005866823
79.67 0.0115241168336
80.8 0.162385282655
81.93 0.238863512551
83.06 0.171814105519
84.18 0.138289402003
85.31 0.226291748732
86.44 0.270292922097
87.56 0.135146461048
88.68 0.0670494070318
89.81 0.190671751247
90.93 0.0953358756233
92.06 0.205338809035
93.18 0.102669404517
94.29 0.0513347022587
95.41 0.0251435276369
96.53 0.0125717638185
97.65 0.0586682311528
98.78 0.0293341155764
99.9 0.0146670577882
101.02 0.0073335288941
102.13 0.00419058793949
103.25 0.0544776432133
104.38 0.0272388216067
105.5 0.0660017600469
106.62 0.0848594057746
107.74 0.0953358756233
108.87 0.0471441143192
109.99 0.0240958806521
111.11 0.0115241168336
112.23 0.320579977371
113.36 0.736495830365
114.48 1.20584167959
115.64 1.86062104513
116.81 2.44939865063
117.99 2.90093450111
119.15 3.65000209529
120.32 4.2869714621
121.48 4.65783849474
122.64 5.26233080501
123.81 5.77463018061
124.99 6.34455014038
126.16 6.94380421573
127.33 7.45296065038
128.5 7.91706826468
129.66 8.51527469304
130.83 9.02443112769
132.0 9.48853874199
133.17 9.87826342036
134.34 10.386372208
135.51 10.8504798223
136.71 11.2925868499
137.92 11.6697397645
139.11 11.911746218
140.31 12.2417550182
141.52 12.4586179441
142.72 12.9342496752
143.92 13.2768302393
145.11 13.710556091
146.31 13.7692243222
147.52 14.0091354817
148.72 14.2333319365
149.92 14.5549595608
151.12 14.610484851
152.32 15.0054477643
153.52 15.0463059967
154.73 15.3281230357
155.94 15.4161253824
157.15 15.6183212505
158.36 15.718895361
159.56 15.926329464
160.75 15.925281817
161.96 15.9766165193
163.16 16.2647194401
164.37 16.3569123748
165.58 16.5067258936
166.79 16.5821564766
168.0 16.5674894188
169.21 16.7696852868
170.41 16.9236893936
171.62 16.8430205758
172.82 16.9593093911
174.03 16.965595273
175.24 17.2306499602
176.45 17.2065540795
177.65 17.1939823157
178.86 17.3448434815
180.07 17.3678917152
181.27 17.4841805305
182.47 17.5418011147
183.68 17.6235175795
184.88 17.6119934627
186.09 17.659137577
187.3 17.6821858107
188.5 17.798474626
189.7 17.8560952102
190.91 17.8854293257
192.11 17.9524787328
193.32 17.9860034363
194.53 18.002765788
195.74 18.1682940116
196.95 18.0939110757
198.15 18.1096257805
199.36 18.1693416586
200.57 18.146293425
201.78 18.3453463521
202.99 18.3390604702
204.2 18.5464945732
205.4 18.49201693
206.6 18.5182081046
207.81 18.4783975192
209.04 18.5632569249
210.24 18.5003981059
211.45 18.4700163433
212.65 18.559066337
213.86 18.6554498596
215.06 18.5475422202
216.26 18.5454469262
217.46 18.6491639777
218.66 18.6481163307
219.86 18.6481163307
221.05 18.8052633785
222.25 18.7266898546
223.46 18.7926916146
224.66 18.8251686712
225.87 18.7885010267
227.08 18.9802204249
228.28 19.0766039475
229.49 19.0189833634
230.69 18.9383145455
231.9 18.8985039601
233.11 19.0346980681
234.31 19.1038427691
235.52 19.0849851234
236.72 19.0766039475
237.92 19.1237480619
239.12 19.0954615933
240.32 19.0818421825
241.52 19.0221263043
242.72 19.0965092402
243.92 19.1342245317
245.12 19.1530821774
246.32 19.3720403973
247.52 19.3248962829
248.73 19.3008004023
249.94 19.18346394
251.15 19.2829904036
252.36 19.4369945103
253.56 19.3563256925
254.77 19.3165151071
255.99 19.3489921636
257.2 19.3133721661
258.4 19.3468968696
259.6 19.4170892176
260.81 19.3992792189
262.03 19.3374680468
263.24 19.4642333319
264.44 19.3709927503
265.64 19.323848636
266.86 19.456899803
268.07 19.4715668608
269.28 19.4789003897
270.48 19.4307086284
271.68 19.4055651008
272.89 19.4464233332
274.1 19.4139462767
275.31 19.6067133219
276.52 19.7041444915
277.72 19.6475715543
278.92 19.5669027365
280.11 19.526044504
281.31 19.6109039098
282.52 19.5490927377
283.72 19.5176633282
284.92 19.6590956711
286.12 19.6769056699
287.32 19.6863344927
288.52 19.5868080292
289.72 19.6412856724
290.93 19.668524494
292.14 19.8392909525
293.35 19.7670033106
294.56 19.7313833131
295.76 19.7135733143
296.98 19.7575744877
298.19 19.7785274274
299.4 19.8948162427
300.59 19.9000544776
301.8 19.7973850731
303.02 19.9566274148
304.23 19.9304362402
305.43 20.0226291749
306.63 20.016343293
307.84 19.8560533043
309.05 19.9859615304
310.26 19.9974856472
311.46 19.8466244814
312.66 18.0949587227
313.87 15.5952730168
315.08 13.2454008297
316.28 11.2328709718
317.49 9.96417047312
318.66 8.64832586012
319.83 7.83430415287
321.0 6.95532833257
322.17 6.2534048527
323.34 5.79872606127
324.51 5.46557432008
325.67 5.03813435025
326.84 4.61383732138
327.99 4.40221263043
329.15 4.13925323723
330.32 3.95591501488
331.48 3.65419268323
332.65 3.45094916817
333.82 3.55885680761
334.99 3.40275740686
336.15 3.16808448225
337.32 3.05074801995
338.48 2.88731509031
339.64 2.80559862549
340.81 2.65997569459
341.99 2.74483510036
343.16 2.68197628127
344.31 2.59816452248
345.47 2.50387629384
346.63 2.29958513179
347.8 2.35406277501
348.98 2.27758454511
350.15 2.13405690818
351.31 2.00938691698
352.48 2.05234044336
353.64 2.07434103005
354.8 1.87528810292
355.97 1.98529103633
357.14 1.88262163181
358.31 1.83233457654
359.47 1.91090810041
360.63 1.84595398734
361.8 1.9182416293
362.98 1.7453798768
364.15 1.65842517705
365.31 1.56204165444
366.48 1.56727988937
367.64 1.67413988183
368.81 1.67518752881
369.99 1.83233457654
371.16 1.70242635042
372.32 1.47927754264
373.49 1.52537400997
374.65 1.39127519591
375.82 1.48137283661
376.99 1.42165695847
378.16 1.33994049365
379.33 1.29803461426
380.5 1.43527636927
381.66 1.50337342329
382.84 1.53689812681
384.0 1.44994342706
385.17 1.35355990445
386.34 1.25298579391
387.51 1.25508108788
388.67 1.25612873486
389.85 1.25612873486
391.01 1.04764698487
392.18 1.25717638185
393.33 1.36194108033
394.49 1.25717638185
395.64 1.10002933412
396.81 1.02145581025
397.94 1.24355697104
399.11 1.04136110296
400.24 0.93973934543
401.36 1.0455516909
402.49 0.9418346394
403.61 0.942882286385
404.74 0.890499937141
405.86 0.864308762519
406.99 0.850689351716
408.12 0.844403469807
409.24 0.893642878096
410.37 0.866404056489
411.5 1.16603109416
412.67 1.00259816452
413.79 0.919834052718
414.92 0.878975820308
416.04 0.911452876839
417.17 0.927167581612
418.3 0.934501110506
419.43 0.886309349202
420.56 0.86221346855
421.69 0.850689351716
422.84 0.89678581905
423.96 0.867451703474
425.09 0.800402296442
426.22 0.81925994217
427.34 0.828688765034
428.47 0.885261702217
429.59 0.914595817793
430.72 1.03297992708
431.86 0.987931106734
432.99 0.861165821565
434.12 1.00678875246
435.25 0.869546997444
436.38 0.906214641914
437.51 0.663160541424
438.63 0.750115241168
439.77 0.689351716046
440.9 0.763734651972
442.03 0.69668524494
443.16 0.714495243683
444.29 0.828688765034
445.43 0.833926999958
446.55 0.783639944684
447.68 0.706114067804
448.81 0.667351129363
449.94 0.909357582869
451.07 0.97850228387
452.2 0.85592758664
453.33 0.690399363031
454.46 0.711352302728
455.58 0.775258768805
456.71 0.859070527595
457.85 0.639064660772
458.97 0.738591124335
460.1 0.73544818338
461.23 0.577253488664
462.37 0.551062314043
463.49 0.642207601727
464.62 0.582491723589
465.75 0.500775258769
466.88 0.564681724846
468.0 0.754305829108
469.13 0.586682311528
470.26 0.502870552739
471.38 0.618111721074
472.5 0.675732305242
473.63 0.704018773834
474.77 0.561538783891
475.89 0.647445836651
477.02 0.638017013787
478.14 0.52906172736
479.27 0.578301135649
480.4 0.498679964799
481.52 0.511251728618
482.64 0.622302309014
483.77 0.677827599212
484.9 0.706114067804
486.03 0.667351129363
487.17 0.542681138164
488.29 0.480869966056
489.42 0.450488203495
490.54 0.434773498722
491.67 0.478774672086
492.8 0.606587604241
493.93 0.564681724846
495.05 0.649541130621
496.18 0.534299962285
497.31 0.581444076604
498.43 0.656874659515
499.57 0.538490550224
500.71 0.635921719817
501.84 0.526966433391
502.97 0.630683484893
504.09 0.524871139421
505.22 0.471441143192
506.34 0.445249968571
507.47 0.432678204752
508.59 0.582491723589
509.73 0.500775258769
510.86 0.459917026359
511.99 0.597158781377
513.11 1.3986087248
514.27 3.05598625487
515.44 5.09051669949
516.6 6.73532246574
517.77 8.39689058375
518.94 9.80283283745
520.11 10.9259104052
521.31 11.8006956376
522.52 12.7624355697
523.72 13.505217282
524.92 14.0866613586
526.12 14.7435360181
527.33 15.1238318736
528.54 15.5240330218
529.75 15.8288982944
530.96 16.2437665004
532.16 16.4501529565
533.36 16.7110170557
534.57 16.9467376273
535.78 17.2212211373
536.99 17.4108452416
538.2 17.7670452164
539.4 17.8414281524
540.6 17.9304781461
541.82 18.0268616687
543.03 18.1808657755
544.24 18.3097263546
545.44 18.3736328207
546.64 18.4061098772
547.85 18.422872229
549.06 18.5873528056
550.27 18.7224992666
551.47 18.6858316222
552.68 18.8241210242
553.88 18.8932657252
555.09 19.0326027742
556.3 19.1017474752
557.51 19.0326027742
558.71 19.1017474752
559.92 19.1373674727
561.11 19.1017474752
562.32 19.2421321711
563.52 19.3112768721
564.72 19.3992792189
565.93 19.389850396
567.13 19.3332774588
568.34 19.3573733395
569.55 19.3175627541
570.75 19.2966098144
571.97 19.3395633407
573.17 19.3605162804
574.37 19.4233750995
575.57 19.4024221598
576.77 19.4443280392
577.98 19.4652809789
579.18 19.6852868457
580.38 19.5857603822
581.59 19.5354733269
582.8 19.6161421447
584.02 19.6559527302
585.22 19.6758580229
586.42 19.7900515442
587.61 19.7429074299
588.83 19.7198591962
590.04 19.8120521309
591.25 19.7544315467
592.46 19.7774797804
593.66 19.736621548
594.87 19.7680509575
596.08 19.7324309601
597.29 19.7135733143
598.5 19.7575744877
599.7 19.8309097766
600.91 19.8162427189
602.11 19.9650085907
603.32 20.0928215229
604.52 20.1032979927
605.72 20.0048191761
606.92 20.1116791686
608.12 20.1137744626
609.32 20.1661568118
610.52 20.1933956334
611.72 20.0488203495
612.92 20.1347274023
614.12 20.1766332816
615.32 20.1462515191
616.52 20.1305368143
617.73 20.0173909399
618.94 20.1713950467
620.15 20.0383438796
621.36 20.0760591711
622.57 20.1483468131
623.78 20.1839668105
624.99 20.14939446
626.2 20.288731509
627.41 20.14939446
628.62 20.080249759
629.83 20.0446297616
631.04 20.080249759
632.25 20.14939446
633.46 20.080249759
634.66 20.2017768093
635.88 20.1588232829
637.08 20.1368226962
638.29 20.1252985794
639.49 20.0676779952
640.69 20.0393915266
641.9 20.0771068181
643.11 20.1483468131
644.31 20.1839668105
645.52 20.0970121108
646.72 20.2625403344
647.92 20.1892050455
649.12 20.151489754
650.32 20.1860621045
651.52 20.2028244563
652.72 20.1064409337
653.92 20.2153962201
655.12 20.3222562125
656.32 20.3233038595
657.53 20.3233038595
658.74 20.1672044588
659.95 20.2981603319
661.16 20.2583497465
662.37 20.3442567992
663.58 20.3337803294
664.78 20.1724426937
665.99 20.0907262289
667.2 20.155680342
668.41 20.1347274023
669.62 20.3348279764
670.83 20.224825043
672.04 20.3264468005
673.24 20.2730168043
674.45 20.3515903281
675.65 20.3903532666
676.86 20.4092109123
678.07 20.3673050329
679.27 20.3976867955
680.47 20.4134015002
681.68 20.3694003269
682.88 20.5034991409
684.09 20.4144491472
685.3 20.4217826761
686.51 20.4249256171
687.71 20.5841679588
688.92 20.4018773834
690.11 20.363114445
691.32 20.501403847
692.52 20.4647362025
693.73 20.4469262037
694.95 20.3861626786
696.16 20.5642626661
697.37 20.4448309098
698.58 20.5412144324
699.78 20.5904538407
700.99 20.4574026736
702.2 20.4427356158
703.41 20.4364497339
704.62 20.4846414952
705.83 20.4050203244
707.04 20.5213091397
708.24 20.4752126723
709.45 20.6093114864
710.65 20.4668314965
711.86 20.3955915015
713.06 20.359971504
714.27 17.6706616938
715.47 15.0693542304
716.68 12.8252943888
717.88 11.1794409756
719.09 9.72740225454
720.26 8.58337174706
721.43 7.59125005238
722.59 6.99094833005
723.75 6.42940954616
724.92 6.09521015799
726.08 5.50957549344
727.25 5.21728198466
728.41 4.86108200981
729.57 4.68298202238
730.74 4.43678498093
731.91 4.20839793823
733.08 4.04286971462
734.24 3.8019109081
735.41 3.57771445334
736.58 3.41218622973
737.75 3.17332271718
738.92 3.26237271089
740.07 3.09789213427
741.24 3.01617566945
742.4 2.92188744081
743.56 2.71864392574
744.73 2.61597452123
745.9 2.72283451368
747.07 2.56568746595
748.24 2.54054393831
749.4 2.68407157524
750.58 2.49444747098
751.75 2.45254159159
752.92 2.4305410049
754.08 2.26291748732
755.24 2.07434103005
756.4 2.0848174999
757.56 2.09005573482
758.73 2.25034572351
759.91 2.17281984662
761.08 1.92452751121
762.24 2.00938691698
763.41 1.84281104639
764.58 1.76004693458
765.75 1.71814105519
766.92 1.69718811549
768.07 1.6343292964
769.23 1.6552822361
770.39 1.6133763567
771.55 1.59242341701
772.72 1.6343292964
773.88 1.70766458534
775.04 1.69194988057
776.21 1.63118635545
777.38 1.54946989063
778.55 1.55994636047
779.72 1.77576163936
780.88 1.67309223484
782.06 1.51804048108
783.22 1.64899635419
784.38 1.45308636802
785.55 1.35565519842
786.72 1.30641579014
787.88 1.2812722625
789.06 1.26974814566
790.23 1.26346226376
791.39 1.2603193228
792.56 1.41537107656
793.73 1.3367975527
794.89 1.40175166576
796.06 1.48661107153
797.23 1.52851695093
798.4 1.39337048988
799.57 1.27289108662
800.75 1.42165695847
801.92 1.13041109668
803.07 0.983740518795
804.2 1.27812932154
805.36 1.2676528517
806.52 1.4195616645
807.68 1.12831580271
808.85 1.14088756653
810.02 1.04136110296
811.14 0.93973934543
812.27 1.09898168713
813.43 1.22993756024
814.59 1.03402757407
815.72 1.19850815069
816.89 1.17545991703
818.06 1.00678875246
819.19 1.07907639442
820.35 1.06336168965
821.52 1.16079285924
822.68 1.1566022713
823.85 0.997359929598
824.98 1.07488580648
826.15 1.16603109416
827.32 1.00155051754
828.44 1.0245987512
829.56 1.19326991577
830.74 0.963835226082
831.86 1.05812345472
833.02 1.10526756904
834.18 1.07593345346
835.35 0.957549344173
836.48 0.897833466035
837.61 0.919834052718
838.74 0.878975820308
839.87 1.01621757533
841.0 0.927167581612
842.12 1.03926580899
843.24 0.938691698445
844.37 0.888404643171
845.5 0.863261115535
846.62 0.798307002472
847.75 0.975359342916
848.88 0.907262288899
850.02 0.977454636886
851.15 0.907262288899
852.29 0.872689938398
853.41 1.01307463437
854.54 1.02983698613
855.67 1.09164815824
856.84 0.964882873067
857.97 0.90097640699
859.11 0.869546997444
860.23 0.853832292671
861.37 0.846498763777
862.49 0.73754347735
863.61 0.944977580355
864.74 1.04869463186
865.91 1.10002933412
867.07 0.969073461007
868.2 0.904119347945
869.33 0.818212295185
870.46 0.828688765034
871.58 0.832879352973
872.71 0.836022293928
873.84 0.837069940913
874.96 0.889452290156
876.09 0.811926413276
877.22 0.719733478607
878.34 0.936596404476
879.47 0.887356996187
880.6 0.705066420819
881.72 0.824498177094
882.84 0.830784059003
883.97 0.782592297699
885.1 0.809831119306
886.23 0.772115827851
887.36 0.752210535138
888.49 0.585634664543
889.61 0.660017600469
890.74 0.539538197209
891.88 0.478774672086
893.0 0.658969953484
894.13 0.905166994929
895.26 0.766877592926
896.39 0.645350542681
897.52 0.532204668315
898.64 0.475631731132
899.76 0.552109961028
900.89 0.643255248711
902.03 0.688304069061
903.16 0.553157608012
904.27 0.590872899468
905.4 0.662112894439
906.54 0.540585844194
907.67 0.584587017559
908.79 0.658969953484
909.93 0.539538197209
911.06 0.635921719817
912.18 0.685161128106
913.31 0.709257008758
914.43 1.97795750744
915.59 3.71286091439
916.76 5.88987134895
917.93 7.55458240791
919.1 9.17319699954
920.27 10.4534216151
921.43 11.5125927168
922.63 12.4607132381
923.84 13.3019737669
925.05 13.9850396011
926.26 14.5350542681
927.47 15.1248795206
928.67 15.5774630181
929.88 15.9598541675
931.08 16.3087206135
932.29 16.693207057
933.5 16.9373088044
934.7 17.0588358547
935.92 17.3301764238
937.11 17.7796169803
938.31 17.9514310858
939.52 18.143150484
940.72 18.2384863596
941.92 18.285630474
943.11 18.3621087039
944.31 18.4008716423
945.52 18.4721116373
946.72 18.560113984
947.92 18.7088798558
949.12 18.7832627918
950.32 18.977077484
951.52 19.0745086536
952.72 19.1237480619
953.92 19.2002262917
955.12 19.3427062817
956.32 19.4673762729
957.52 19.529187445
958.72 19.5071868583
959.92 19.4967103885
961.11 19.596236852
962.31 19.6465239073
963.52 19.5134727402
964.73 19.5522356787
965.95 19.5197586221
967.15 19.6077609689
968.36 19.80890919
969.56 19.804718602
970.76 19.9597703558
971.98 20.0372962327
973.19 19.8665297741
974.4 19.7806227214
975.6 19.7910991912
976.82 19.7429074299
978.03 19.7722415455
979.24 19.7858609563
980.44 20.0027238822
981.64 19.9545321209
982.85 20.086535641
984.06 20.153585048
985.27 20.0289150568
986.47 20.0718685832
987.68 20.0938691698
988.88 20.2091103382
990.08 20.1619662239
991.28 20.1902526925
992.49 20.3096844487
993.69 20.2646356284
994.9 20.2426350417
996.11 20.1263462264
997.31 20.1724426937
998.52 20.1441562251
999.72 20.0771068181
1000.92 20.0435821146
1002.12 20.1315844613
1003.32 20.2803503332
1004.53 20.1452038721
1005.74 20.0771068181
1006.95 20.1483468131
1008.16 20.288731509
1009.37 20.14939446
1010.58 20.3421615053
1011.79 20.3851150316
1013.0 20.3547332691
1014.21 20.3400662113
1015.42 20.2793026862
1016.61 20.3547332691
1017.83 20.2866362151
1019.04 20.3054938608
1020.25 20.3149226837
1021.46 20.2677785693
1022.66 20.2960650379
1023.87 20.4144491472
1025.08 20.3694003269
1026.28 20.3997820894
1027.49 20.362066798
1028.69 20.3432091522
1029.9 20.3337803294
1031.1 20.3809244437
1032.31 20.5621673721
1033.52 20.4437832628
1034.72 20.3840673847
1035.92 20.3536856221
1037.12 20.3390185643
1038.32 20.3840673847
1039.52 20.4071156183
1040.72 20.4175920882
1041.92 20.4238779701
1043.12 20.4783556133
1044.32 20.6114067804
1045.52 20.5726438419
1046.72 20.5003562
1047.92 20.569500901
1049.12 20.499308553
1050.32 20.4647362025
1051.52 20.499308553
1052.72 20.5160709047
1053.92 20.5254997276
1055.12 20.5296903156
1056.32 20.5317856095
1057.52 20.5328332565
1058.72 20.5328332565
1059.92 20.5338809035
1061.11 20.5338809035
1062.31 20.6910279512
1063.51 20.7696014751
1064.71 20.703599715
1065.92 20.6711226585
1067.11 20.6030256045
1068.32 20.6208356032
1069.52 20.5768344299
1070.72 20.6606461887
1071.92 20.5967397226
1073.12 20.565310313
1074.31 20.6019779575
1075.52 20.7256003017
1076.72 20.6815991284
1077.92 20.7654108871
1079.12 20.6491220718
1080.32 20.5915014877
1081.52 20.5632150191
1082.73 20.6533126598
1083.95 20.5935967816
1085.15 20.5632150191
1086.36 20.5485479613
1087.57 20.5412144324
1088.77 20.6952185392
1089.99 20.6145497213
1091.2 20.5736914889
1092.4 20.6585508947
1093.62 20.7015044211
1094.83 20.6176926623
1096.04 20.5757867829
1097.24 20.6072161924
1098.43 20.6753132464
1099.63 20.70883795
1100.84 20.6218832502
1102.05 20.7350291246
1103.26 20.7916020618
1104.47 20.8198885304
1105.67 20.6763608934
1106.88 20.6051208985
1108.09 20.6218832502
1109.3 20.7350291246
1110.5 20.6868373633
1111.7 20.6103591334
1112.91 20.6250261912
1114.11 20.6313120731
1115.31 17.8592381511
1116.52 15.2149771613
1117.73 13.0557767255
1118.95 11.2422997947
1120.15 9.75883166408
1121.32 8.65146880107
1122.48 7.62582240288
1123.65 7.00771068181
1124.82 6.49017307128
1125.98 5.96844487282
1127.15 5.65624607132
1128.31 5.28956962662
1129.48 5.00251435276
1130.64 4.59602732263
1131.82 4.39383145455
1132.98 4.23982734778
1134.15 4.1623014709
1135.31 3.96743913171
1136.48 3.86896031513
1137.65 3.6636215061
1138.83 3.50752210535
1139.99 3.32523152998
1141.16 3.12932154381
1142.33 3.03189037422
1143.5 3.1921803629
1144.66 3.00988978754
1145.83 2.86740979759
1147.0 2.89988685413
1148.17 2.75950215815
1149.34 2.68930981017
1150.51 2.75950215815
1151.67 2.63692746092
1152.83 2.47035159033
1154.0 2.43996982777
1155.17 2.26815572225
1156.34 2.28596572099
1157.51 2.3477768931
1158.67 2.37920630264
1159.83 2.18434396346
1161.0 2.03557809161
1162.17 2.06491220718
1163.34 2.1330092612
1164.51 2.06176926623
1165.67 1.86900222101
1166.83 1.87738339689
1168.0 1.98633868332
1169.18 1.77890458031
1170.34 1.7799522273
1171.51 1.88471692578
1172.67 1.78099987428
1173.83 1.6762351758
1174.99 1.6762351758
1176.15 1.72861752504
1177.31 1.65004400117
1178.48 1.71499811424
1179.64 1.85328751624
1180.82 1.76423752252
1181.98 1.51070695219
1183.15 1.54108871475
1184.32 1.50442107028
1185.48 1.53794577379
1186.64 1.65947282404
1187.83 1.61547165067
1188.99 1.43632401626
1190.16 1.45099107405
1191.33 1.40698990068
1192.5 1.33155931777
1193.66 1.39965637179
1194.83 1.38079872606
1196.01 1.31898755395
1197.18 1.28755814441
1198.35 1.32527343586
1199.52 1.44784813309
1200.68 1.5096593052
1201.85 1.54108871475
1203.02 1.3986087248
1204.18 1.4331810753
1205.36 1.24041403009
1206.52 1.4059422537
1207.7 1.27917696853
1208.86 1.42479989943
1210.02 1.44575283912
1211.18 1.29908226124
1212.34 1.27812932154
1213.51 1.21527050245
1214.67 1.23622344215
1215.83 1.14193521351
1216.99 1.30432049617
1218.16 1.22888991325
1219.34 1.19012697481
1220.51 1.11888697984
1221.67 1.03088463311
1222.79 1.09164815824
1223.97 1.27917696853
1225.14 1.05917110171
1226.31 1.15764991828
1227.47 1.05078992583
1228.63 1.04869463186
1229.82 0.94392993337
1230.93 1.04764698487
1232.09 1.15241168336
1233.25 0.995264635628
1234.37 1.12622050874
1235.54 0.98269287181
1236.68 1.17231697607
1237.84 1.16184050622
1239.01 1.00050287055
1240.13 0.918786405733
1241.26 0.878975820308
1242.39 0.85802288061
1243.52 1.11050580396
1244.68 0.974311695931
1245.81 0.958596991158
1246.94 1.05498051377
1248.1 0.947072874324
1249.23 0.944977580355
1250.36 0.891547584126
1251.48 1.02145581025
1252.6 0.930310522566
1253.73 0.884214055232
1254.86 1.0183128693
1255.99 0.98059757784
1257.11 0.909357582869
1258.24 0.926119934627
1259.37 0.882118761262
1260.5 0.86011817458
1261.63 1.00574110548
1262.76 0.869546997444
1263.88 0.906214641914
1265.02 0.820307589155
1266.14 0.828688765034
1267.27 0.886309349202
1268.4 0.86221346855
1269.52 0.849641704731
1270.65 1.00155051754
1271.79 1.07698110045
1272.97 0.957549344173
1274.1 1.05498051377
1275.26 0.946025227339
1276.39 0.892595231111
1277.52 1.02250345724
1278.65 0.930310522566
1279.77 1.04136110296
1280.9 0.992121694674
1282.04 0.914595817793
1283.16 0.876880526338
1284.29 0.856975233625
1285.42 0.795164061518
1286.54 0.712399949713
1287.67 0.932405816536
1288.79 0.885261702217
1289.92 0.913548170808
1291.04 0.718685831622
1292.17 0.568872312785
1293.3 0.704018773834
1294.42 0.718685831622
1295.54 0.726019360516
1296.67 0.729162301471
1297.81 0.836022293928
1298.93 0.889452290156
1300.06 0.707161714789
1301.19 0.562586430876
1302.32 0.543728785149
1303.45 0.480869966056
1304.58 0.607635251226
1305.7 0.670494070318
1306.82 0.701923479864
1307.94 0.770020533881
1309.07 0.594015840422
1310.2 0.507061140678
1311.32 0.515442316557
1312.45 0.57201525374
1313.57 0.652684071575
1314.7 0.849641704731
1315.83 2.41587394711
1316.99 4.56040732515
1318.16 6.41788542933
1319.33 8.02811884507
1320.5 9.61949461509
1321.66 10.7813351213
1322.87 11.7807903449
1324.08 12.7530067468
1325.28 13.6571260948
1326.49 14.4240036877
1327.69 15.0169718812
1328.9 15.4706030256
1330.11 15.8027071198
1331.32 16.2825294389
1332.52 16.4700582492
1333.73 16.7204458786
1334.95 17.0556929137
1336.15 17.3280811298
1337.35 17.5166575871
1338.55 17.6633281649
1339.75 17.9985752001
1340.95 18.1138163684
1342.15 18.2762016511
1343.36 18.3055357667
1344.57 18.3715375267
1345.78 18.562209278
1346.99 18.7099275028
1348.2 18.7843104388
1349.4 18.8733604325
1350.6 18.9173616058
1351.82 18.8880274903
1353.02 19.0294598332
1354.22 19.3102292252
1355.42 19.3458492226
1356.61 19.3112768721
1357.82 19.2945145204
1359.03 19.2850856975
1360.23 19.4380421573
1361.43 19.5145203872
1362.63 19.5009009764
1363.84 19.598332146
1365.04 19.5941415581
1366.24 19.6454762603
1367.45 19.670619788
1368.65 19.7879562503
1369.86 19.7418597829
1371.07 19.7188115493
1372.28 19.7596697817
1373.49 19.9367221221
1374.68 19.9210074173
1375.89 19.9136738884
1377.09 19.9094833005
1378.29 19.9073880065
1379.49 20.011105058
1380.69 20.0624397603
1381.89 20.0362485857
1383.1 19.9712944726
1384.31 20.0425344676
1385.52 20.0268197628
1386.72 19.9660562377
1387.93 20.0404391736
1389.14 20.0247244688
1390.35 20.0173909399
1391.55 20.0666303482
1392.76 20.1431085781
1393.98 20.0760591711
1395.19 20.2531115115
1396.4 20.1315844613
1397.6 20.1232032854
1398.81 20.1190126975
1400.01 20.1692997528
1401.22 20.1944432804
1402.42 20.154632695
1403.62 20.1347274023
1404.82 20.1766332816
1406.02 20.3033985668
1407.21 20.3138750367
1408.41 20.3191132716
1409.61 20.2688262163
1410.82 20.2971126849
1412.02 20.2583497465
1413.23 20.2384444538
1414.43 20.3337803294
1415.63 20.3819720907
1416.83 20.3526379751
1418.04 20.3390185643
1419.25 20.3316850354
1420.45 20.3274944475
1421.65 20.3264468005
1422.86 20.3777815027
1424.07 20.4029250304
1425.27 20.4165444412
1426.47 20.4228303231
1427.68 20.3735909148
1428.88 20.3484473872
1430.09 20.3369232703
1431.3 20.3830197377
1432.51 20.4060679713
1433.72 20.3652097389
1434.93 20.4490214977
1436.14 20.4395926749
1437.35 20.3819720907
1438.56 20.3526379751
1439.76 20.3914009135
1440.98 20.4626409085
1442.19 20.3934962075
1443.4 20.4113062063
1444.6 20.4196873821
1445.81 20.4773079663
1447.03 20.4532120857
1448.24 20.5454050203
1449.44 20.5401667854
1450.64 20.5370238444
1451.85 20.5873108997
1453.06 20.5611197251
1454.27 20.5998826635
1455.47 20.56635796
1456.68 20.5506432552
1457.88 20.5422620794
1459.08 20.5904538407
1460.29 20.5621673721
1461.5 20.5475003143
1462.7 20.5412144324
1463.9 20.5370238444
1465.1 20.5883585467
1466.31 20.5611197251
1467.52 20.5998826635
1468.72 20.56635796
1469.94 20.5506432552
1471.15 20.5422620794
1472.35 20.5380714914
1473.55 20.5359761975
1474.75 20.5349285505
1475.97 20.5338809035
1477.17 20.5862632527
1478.37 20.5600720781
1479.58 20.704647362
1480.79 20.6187403093
1482.0 20.5768344299
1483.21 20.5548338432
1484.41 20.5443573733
1485.61 20.5391191384
1486.82 20.5370238444
1488.02 20.639693249
1489.22 20.6920755982
1490.42 20.6648367766
1491.62 20.6522650128
1492.83 20.5925491346
1494.04 20.6155973683
1495.24 20.7318861836
1496.44 20.6334073671
1497.64 20.5831203118
1498.85 20.6637891296
1500.06 20.5988350166
1501.27 20.56635796
1502.47 20.6019779575
1503.68 20.6732179525
1504.88 20.6554079537
1506.09 20.7517914763
1507.3 20.7476008884
1508.5 20.6407408959
1509.7 20.5873108997
1510.91 20.6135020743
1512.11 20.5736914889
1513.32 20.6061685454
1514.52 20.7266479487
1515.72 18.8492645518
1516.93 16.2867200268
1518.14 13.853036081
1519.35 11.8509826929
1520.56 10.4303733814
1521.72 9.19624523321
1522.88 8.21250471441
1524.05 7.40581653606
1525.22 6.79399069689
1526.38 6.3298830826
1527.55 5.99358840045
1528.72 5.51167078741
1529.89 5.26966433391
1531.05 4.99203788291
1532.22 4.59183673469
1533.38 4.3906885136
1534.55 4.08163265306
1535.72 4.03134559779
1536.88 3.90143737166
1538.05 3.73171856011
1539.22 3.54209445585
1540.38 3.44675858023
1541.54 3.34723211667
1542.71 3.24561035913
1543.88 3.29904035536
1545.05 3.16808448225
1546.22 3.20789506768
1547.38 3.17541801115
1548.55 3.00255625864
1549.72 2.75845451117
1550.89 2.79302686167
1552.06 2.65368981268
1553.23 2.58454511168
1554.4 2.54892511419
1555.57 2.47978041319
1556.74 2.33939571722
1557.91 2.3750157147
1559.08 2.39177806646
1560.24 2.40120688933
1561.41 2.24825042954
1562.58 2.17177219964
1563.75 2.08062691196
1564.93 2.08796044085
1566.1 2.24929807652
1567.27 2.27653689813
1568.43 1.97690986045
1569.59 1.82604869463
1570.77 1.69928340946
1571.95 1.79252399112
1573.13 1.68147341072
1574.29 1.67937811675
1575.45 1.67728282278
1576.61 1.72966517202
1577.78 1.75480869966
1578.95 1.61128106273
1580.13 1.64375811926
1581.3 1.71185517328
1582.47 1.64166282529
1583.63 1.65947282404
1584.81 1.66785399992
1585.97 1.61966223861
1587.14 1.54318400872
1588.31 1.50442107028
1589.48 1.48556342455
1590.64 1.3713699032
1591.81 1.47194401375
1592.98 1.3640363743
1594.14 1.31060637807
1595.31 1.28441520345
1596.47 1.42794284038
1597.63 1.49918283535
1598.81 1.37870343209
1599.98 1.4750869547
1601.14 1.47089636676
1602.3 1.41641872355
1603.47 1.49394460043
1604.63 1.53270753887
1605.81 1.5515651846
1606.98 1.56204165444
1608.15 1.51384989314
1609.32 1.2812722625
1610.48 1.16393580019
1611.65 1.36822696224
1612.82 1.46984871978
1613.98 1.46775342581
1615.15 1.36298872732
1616.31 1.30955873109
1617.48 1.17860285798
1618.64 1.11364874492
1619.81 1.0801240414
1620.98 1.22155638436
1622.15 1.39651343083
1623.32 1.22155638436
1624.48 1.18698403386
1625.64 1.06545698361
1626.82 1.21317520848
1627.98 1.13041109668
1629.15 1.08955286427
1630.31 1.06859992457
1631.47 1.11050580396
1632.63 0.974311695931
1633.76 1.06336168965
1634.94 0.950215815279
1636.07 1.05183757281
1637.24 1.20688932657
1638.4 1.12726815572
1639.57 1.13983991954
1640.74 1.14612580145
1641.91 0.992121694674
1643.04 0.914595817793
1644.18 0.876880526338
1645.31 1.01412228136
1646.44 0.926119934627
1647.56 1.03926580899
1648.69 0.938691698445
1649.82 1.0455516909
1650.94 0.994216988644
1652.07 1.07383815949
1653.24 0.955454050203
1654.38 0.949168168294
1655.51 0.893642878096
1656.63 1.02355110422
1657.77 1.0874575703
1658.95 1.06755227758
1660.12 0.953358756233
1661.24 0.895738172066
1662.37 0.866404056489
1663.5 1.00993169342
1664.62 0.924024640657
1665.75 0.881071114277
1666.89 0.859070527595
1668.01 0.848594057746
1669.14 1.00050287055
1670.27 0.919834052718
1671.4 1.03612286804
1672.52 1.04136110296
1673.65 0.93973934543
1674.77 1.04659933789
1675.9 0.837069940913
1677.03 0.838117587898
1678.15 0.995264635628
1679.27 0.916691111763
1680.4 0.876880526338
1681.54 0.805640531367
1682.67 0.82135523614
1683.81 0.829736412019
1684.93 0.781544650714
1686.06 0.809831119306
1687.19 0.772115827851
1688.33 0.699828185894
1689.45 0.768972886896
1690.58 0.69878053891
1691.71 0.82135523614
1692.83 0.829736412019
1693.96 0.833926999958
1695.09 0.783639944684
1696.22 0.810878766291
1697.34 0.719733478607
1698.47 0.726019360516
1699.59 0.834974646943
1700.72 0.836022293928
1701.84 0.837069940913
1702.97 0.838117587898
1704.09 0.785735238654
1705.22 0.969073461007
1706.35 0.850689351716
1707.49 0.844403469807
1708.61 0.788878179609
1709.74 0.761639358002
1710.87 0.799354649457
1712.0 0.714495243683
1713.13 0.723924066547
1714.26 0.832879352973
1715.39 0.836022293928
1716.52 2.35615806898
1717.68 4.32049616561
1718.84 6.35083602229
1720.01 7.99459414156
1721.18 9.49796756485
1722.36 10.7205715962
1723.56 11.7504085823
1724.77 12.6849096928
1725.98 13.4140719943
1727.18 14.2500942882
1728.38 14.8252524829
1729.59 15.4276494992
1730.8 15.7807065331
1732.01 16.2186229728
1733.22 16.4910111889
1734.42 16.8880693961
1735.61 17.1918870217
1736.82 17.3961781838
1738.01 17.5512299376
1739.22 17.7848552152
1740.42 17.9545740267
1741.61 18.0918157818
1742.81 18.2657251812
1744.03 18.351632234
1745.24 18.5527804551
1746.43 18.5999245694
1747.63 18.7287851486
1748.84 18.8461216109
1750.05 18.8513598458
1751.26 18.9592674852
1752.46 19.1185098269
1753.66 19.1970833508
1754.87 19.184511587
1756.08 19.2306080543
1757.29 19.4108033357
1758.5 19.4485186272
1759.7 19.4149939236
1760.92 19.4506139211
1762.11 19.4684239199
1763.31 19.530235092
1764.52 19.5606168545
1765.72 19.6276662616
1766.93 19.7146209613
1768.14 19.8623391862
1769.35 19.7785274274
1770.56 19.737669195
1771.76 19.8214809538
1772.97 20.0205338809
1774.17 19.9105309475
1775.37 19.8550056573
1776.58 19.9325315342
1777.8 20.0236768219
1779.01 19.9650085907
1780.22 20.0393915266
1781.42 19.9723421196
1782.61 20.0435821146
1783.82 20.2363491598
1785.02 20.2279679839
1786.21 20.1190126975
1787.41 20.1692997528
1788.62 20.0896785819
1789.82 20.2593973935
1791.02 20.1871097515
1792.22 20.0991074048
1793.43 20.1064409337
1794.63 20.0582491724
1795.83 20.2436826887
1797.04 20.2321585718
1798.26 20.1734903407
1799.47 20.3013032728
1800.67 20.3652097389
1801.88 20.1871097515
1803.08 20.2038721033
1804.29 20.3159703306
1805.5 20.3201609186
1806.7 20.3222562125
1807.9 20.3756862088
1809.1 20.4029250304
1810.31 20.363114445
1811.52 20.3442567992
1812.72 20.3337803294
1813.93 20.3819720907
1815.14 20.3526379751
1816.35 20.3390185643
1817.56 20.3840673847
1818.77 20.3536856221
1819.99 20.3914009135
1821.2 20.35787621
1822.4 20.3934962075
1823.6 20.4113062063
1824.81 20.4207350291
1826.02 20.3725432678
1827.22 20.4532120857
1828.42 20.5454050203
1829.62 20.4354020869
1830.82 20.4846414952
1832.02 20.4039726774
1833.22 20.4689267904
1834.42 20.5537861962
1835.61 20.5443573733
1836.82 20.5391191384
1838.02 20.5359761975
1839.22 20.5873108997
1840.42 20.5087373759
1841.62 20.5213091397
1842.82 20.5275950216
1844.02 20.5831203118
1845.23 20.5579767841
1846.43 20.5464526673
1847.64 20.5401667854
1848.84 20.5370238444
1850.04 20.5349285505
1851.25 20.5349285505
1852.45 20.5338809035
1853.64 20.5338809035
1854.84 20.5338809035
1856.04 20.5338809035
1857.24 20.5338809035
1858.43 20.5338809035
1859.63 20.5338809035
1860.83 20.638645602
1862.03 20.5862632527
1863.23 20.5600720781
1864.43 20.704647362
1865.64 20.7235050078
1866.86 20.6292167791
1868.07 20.7381720655
1869.27 20.7413150065
1870.47 20.7423626535
1871.68 20.637597955
1872.88 20.638645602
1874.08 20.7434103005
1875.27 20.6910279512
1876.47 20.6648367766
1877.68 20.7559820643
1878.88 20.7496961824
1880.08 20.7989355907
1881.29 20.6669320706
1882.5 20.5998826635
1883.7 20.567405607
1884.92 20.6030256045
1886.11 20.6732179525
1887.31 20.6030256045
1888.52 20.6208356032
1889.72 20.6826467753
1890.94 20.7654108871
1892.15 20.8062691196
1893.36 20.8272220593
1894.56 20.7853161799
1895.75 20.6595985417
1896.97 20.6491220718
1898.17 20.6438838369
1899.37 20.7465532414
1900.58 20.7968402967
1901.79 20.8230314713
1903.0 20.6784561874
1904.21 20.6061685454
1905.42 20.6218832502
1906.61 20.6302644261
1907.83 20.6868373633
1909.04 20.6627414826
1910.24 20.6512173658
1911.45 20.7496961824
1912.65 20.7989355907
1913.86 20.7182667728
1915.07 20.6784561874
1916.27 20.7633155932
1917.48 20.8062691196
1918.68 18.9938398357
1919.88 16.411390018
1921.09 14.0719943008
1922.3 12.0123203285
1923.5 10.5634245485
1924.7 9.26329464024
1925.87 8.29841176717
1927.04 7.50115241168
1928.2 6.89351716046
1929.36 6.38017013787
1930.52 6.01873192809
1931.68 5.52424255123
1932.86 5.27595021582
1934.03 4.99518082387
1935.2 4.64526673092
1936.37 4.57507438294
1937.54 4.27859028622
1938.71 4.02505971588
1939.88 3.89829443071
1941.05 3.72962326614
1942.21 3.6981938566
1943.37 3.63009680258
1944.55 3.43942505133
1945.72 3.185894481
1946.88 3.06017684281
1948.05 3.04865272598
1949.22 3.14817918954
1950.38 2.98893684784
1951.55 3.06541507774
1952.72 2.8946486192
1953.89 2.75740686418
1955.06 2.79302686167
1956.23 2.81083686041
1957.4 2.81921803629
1958.56 2.61492687424
1959.73 2.35511042199
1960.91 2.27758454511
1962.08 2.34358630516
1963.25 2.2712986632
1964.42 2.18329631647
1965.58 2.29644219084
1966.75 2.30063277878
1967.92 2.19796337426
1969.08 2.25139337049
1970.25 2.33101454134
1971.42 2.10786573356
1972.58 1.99681515317
1973.75 1.83652516448
1974.93 1.75690399363
1976.1 1.76842811046
1977.27 1.77471399237
1978.43 1.88262163181
1979.59 1.93709927503
1980.76 1.80614340192
1981.94 1.68880693961
1983.11 1.6825210577
1984.27 1.57461341826
1985.43 1.52118342203
1986.59 1.59870929891
1987.76 1.63747223735
1988.94 1.81347693081
1990.11 1.69299752755
1991.27 1.68461635167
1992.43 1.68042576373
1993.59 1.67833046976
1994.75 1.67728282278
1995.93 1.72861752504
1997.09 1.85957339815
1998.26 1.71604576122
1999.43 1.48661107153
2000.59 1.3713699032
2001.75 1.31479696601
2002.93 1.28546285044
2004.1 1.32422578888
2005.27 1.34308343461
2006.43 1.45727695596
2007.59 1.51384989314
2008.77 1.38603696099
2009.95 1.32108284792
2011.12 1.28965343838
2012.28 1.27289108662
2013.45 1.31793990697
2014.61 1.23517579516
2015.79 1.24565226501
2016.95 1.25193814692
2018.12 1.25403344089
2019.29 1.15136403637
2020.46 1.20374638562
2021.62 1.17860285798
2022.8 1.11260109793
2023.96 1.23727108913
2025.13 1.24774755898
2026.3 1.14717344843
2027.47 1.09793404015
2028.63 1.07279051251
2029.8 1.16498344718
2030.97 1.10631521602
2032.13 1.12936344969
2033.3 1.24565226501
2034.47 1.25089049994
2035.63 1.20165109165
2036.8 1.33470225873
2037.96 1.24355697104
2039.13 1.09269580522
2040.3 1.12307756778
2041.47 1.13774462557
2042.63 0.987931106734
2043.76 0.964882873067
2044.9 0.954406403218
2046.03 1.0528852198
2047.19 1.10317227507
2048.36 1.12726815572
2049.52 0.98269287181
2050.65 0.910405229854
2051.79 0.927167581612
2052.92 1.03926580899
2054.05 0.938691698445
2055.17 0.888404643171
2056.3 0.863261115535
2057.43 1.00783639945
2058.56 1.0801240414
2059.73 1.01202698739
2060.87 0.925072287642
2061.99 1.03821816201
2063.12 1.09583874618
2064.28 0.966978167037
2065.41 0.902024053975
2066.54 0.870594644429
2067.68 0.853832292671
2068.8 0.846498763777
2069.92 0.947072874324
2071.04 0.892595231111
2072.18 0.865356409504
2073.3 0.851736998701
2074.43 0.89678581905
2075.56 0.867451703474
2076.68 0.852784645686
2077.81 0.845451116792
2078.93 0.999455223568
2080.06 1.07593345346
2081.23 1.11364874492
2082.4 0.976406989901
2083.52 0.907262288899
2084.65 0.872689938398
2085.8 0.854879939656
2086.92 0.846498763777
2088.04 0.947072874324
2089.17 1.04974227884
2090.33 0.94392993337
2091.46 0.891547584126
2092.59 0.759544064032
2093.72 0.799354649457
2094.84 0.818212295185
2095.97 0.828688765034
2097.1 0.832879352973
2098.23 0.731257595441
2099.36 0.784687591669
2100.49 0.758496417047
2101.61 0.798307002472
2102.74 0.765829945941
2103.88 0.750115241168
2105.01 0.951263462264
2106.13 0.73754347735
2107.26 0.787830532624
2108.4 0.760591711017
2109.52 0.851736998701
2110.64 0.844403469807
2111.78 0.841260528852
2112.91 0.787830532624
2114.04 0.760591711017
2115.17 0.69458995097
2116.29 0.818212295185
2117.42 0.828688765034
2118.54 0.990026400704
2119.67 2.4860662951
2120.83 4.59497967565
2122.0 6.48807777731
2123.17 8.06373884256
2124.34 9.47910991912
2125.51 10.7635251226
2126.71 11.772409169
2127.92 12.7488161589
2129.12 13.5502661023
2130.32 14.265808993
2131.52 14.886016008
2132.72 15.3522189163
2133.93 15.8477559402
2135.15 16.2008129741
2136.36 16.6387294137
2137.56 17.0148346813
2138.78 17.2023634916
2139.98 17.4014164187
2141.18 17.65808993
2142.39 17.8917152076
2143.59 17.9556216737
2144.8 18.1965804802
2146.0 18.3181075305
2147.21 18.4302057579
2148.41 18.5915433935
2149.61 18.6722122114
2150.82 18.765452793
2152.03 18.8639316096
2153.23 19.0179357164
2154.43 19.0944139463
2155.64 19.185559234
2156.85 19.2316557013
2158.06 19.253656288
2159.27 19.4223274525
2160.47 19.5071868583
2161.68 19.4967103885
2162.88 19.4914721535
2164.08 19.4883292126
2165.28 19.4872815656
2166.48 19.5920462641
2167.68 19.6433809663
2168.88 19.669572141
2170.09 19.6831915518
2171.3 19.6894774337
2172.5 19.8497674224
2173.7 19.877006244
2174.92 19.8916733018
2176.11 19.8979591837
2177.32 19.9021497716
2178.52 19.9031974186
2179.72 19.9042450656
2180.93 20.0624397603
2182.13 20.0362485857
2183.34 20.0750115241
2184.55 20.0949168168
2185.75 20.1577756359
2186.97 20.0833927
2188.17 20.0991074048
2189.38 20.1598709299
2190.59 20.1368226962
2191.79 20.1787285756
2193.0 20.1986338683
2194.2 20.1567279889
2195.4 20.1881573985
2196.61 20.2038721033
2197.82 20.2122532791
2199.02 20.2153962201
2200.22 20.2698738633
2201.42 20.2447303357
2202.62 20.3369232703
2203.83 20.3306373884
2205.04 20.3274944475
2206.24 20.3264468005
2207.45 20.3777815027
2208.65 20.3505426811
2209.86 20.3903532666
2211.07 20.356828563
2212.27 20.3411138583
2213.48 20.4374973809
2214.68 20.4333067929
2215.88 20.431211499
2217.08 20.3777815027
2218.29 20.3505426811
2219.5 20.4427356158
2220.71 20.4877844362
2221.92 20.4060679713
2223.12 20.3652097389
2224.32 20.4500691447
2225.52 20.3872103256
2226.72 20.5129279638
2227.93 20.4710220844
2229.13 20.4500691447
2230.34 20.5443573733
2231.54 20.4867367892
2232.75 20.5097850228
2233.96 20.4699744374
2235.17 20.4490214977
2236.39 20.5443573733
2237.59 20.5391191384
2238.79 20.5359761975
2239.99 20.5349285505
2241.2 20.5873108997
2242.4 20.6124544274
2243.61 20.5736914889
2244.82 20.5537861962
2246.02 20.5433097264
2247.21 20.5391191384
2248.41 20.5359761975
2249.61 20.5873108997
2250.82 20.6135020743
2252.02 20.6260738382
2253.22 20.5799773708
2254.42 20.6093114864
2255.62 20.5715961949
2256.82 20.6051208985
2258.03 20.569500901
2259.24 20.6040732515
2260.44 20.6208356032
2261.64 20.6302644261
2262.85 20.634455014
2264.06 20.6889326573
2265.27 20.7161714789
2266.47 20.6250261912
2267.68 20.5789297238
2268.88 20.6093114864
2270.09 20.6239785442
2271.3 20.5789297238
2272.51 20.5558814902
2273.71 20.5977873696
2274.92 20.6176926623
2276.11 20.6281691321
2277.31 20.6334073671
2278.52 20.636550308
2279.72 20.6899803042
2280.93 20.7685538281
2282.14 20.7559820643
2283.35 20.6973138331
2284.56 20.6155973683
2285.77 20.5747391359
2286.98 20.6072161924
2288.19 20.6229308972
2289.4 20.6302644261
2290.6 20.5820726648
2291.82 20.7151238319
2293.02 20.7821732389
2294.23 20.7622679462
2295.43 20.7004567741
2296.63 20.6700750115
2297.84 20.6543603068
2299.05 20.6459791309
2300.25 20.6428361899
2301.45 20.7455055944
2302.64 20.7444579475
2303.84 20.7434103005
2305.04 20.7434103005
2306.24 20.7434103005
2307.43 20.6910279512
2308.63 20.7172191258
2309.84 20.7308385366
2311.05 20.7371244186
2312.26 20.7926497088
2313.47 20.8198885304
2314.67 20.8345555881
2315.88 20.7884591208
2317.08 20.7664585341
2318.29 20.7549344173
2319.51 19.4390898043
2320.71 16.7916858735
2321.92 14.4198130998
2323.12 12.3433767758
2324.32 10.6765704228
2325.52 9.58073167665
2326.68 8.51003645812
2327.85 7.71172945564
2329.02 7.2088589029
2330.18 6.69446423333
2331.34 6.22826132506
2332.51 5.57662490047
2333.68 5.30214139044
2334.85 5.1659472824
2336.02 4.83489083518
2337.18 4.51326321083
2338.34 4.29954322591
2339.5 4.08791853497
2340.66 4.08687088799
2341.83 3.87629384403
2342.99 3.77152914554
2344.15 3.61438209781
2345.31 3.53580857394
2346.49 3.39228093702
2347.65 3.31999329506
2348.82 3.1785609521
2349.98 3.2131333026
2351.15 3.07379625361
2352.32 2.89883920714
2353.48 2.86321920966
2354.64 2.79407450865
2355.81 2.65368981268
2356.98 2.58454511168
2358.15 2.54892511419
2359.31 2.53216276244
2360.48 2.57511628882
2361.64 2.49235217701
2362.81 2.29434689687
2363.97 2.19482043331
2365.14 2.14453337803
2366.31 2.12043749738
2367.47 2.10786573356
2368.63 2.10157985165
2369.8 2.15081925994
2370.97 2.07015044211
2372.14 1.97795750744
2373.31 1.9318610401
2374.47 1.96119515568
2375.63 1.97586221347
2376.81 1.87843104388
2377.98 1.77785693333
2379.15 1.72652223107
2380.31 1.70137870343
2381.48 1.84595398734
2382.64 1.9182416293
2383.81 1.79776222604
2384.98 1.73699870092
2386.15 1.65423458911
2387.31 1.66471105896
2388.47 1.72337929011
2389.63 1.75166575871
2390.81 1.60918576876
2391.97 1.64271047228
2393.14 1.65947282404
2394.31 1.61547165067
2395.47 1.69823576248
2396.64 1.63537694339
2397.82 1.6552822361
2398.97 1.71814105519
2400.13 1.64480576625
2401.3 1.66052047102
2402.47 1.61651929766
2403.63 1.43632401626
2404.8 1.50442107028
2405.97 1.48556342455
2407.14 1.47613460168
2408.3 1.47089636676
2409.46 1.3640363743
2410.62 1.31060637807
2411.79 1.44156225118
2412.96 1.34936931652
2414.13 1.30327284918
2415.3 1.28022461551
2416.47 1.26870049868
2417.64 1.26241461677
2418.8 1.31270167204
2419.97 1.3367975527
2421.14 1.29698696727
2422.31 1.27708167456
2423.47 1.32003520094
2424.63 1.34098814064
2425.8 1.29908226124
2426.95 1.17336462306
2428.13 1.16288815321
2429.29 1.15764991828
2430.45 1.10212462809
2431.61 1.07488580648
2432.78 1.11364874492
2433.96 1.08117168839
2435.12 1.06440933663
2436.29 1.05602816075
2437.45 1.10421992206
2438.61 1.12831580271
2439.78 1.13983991954
2440.95 1.14612580145
2442.12 1.09688639316
2443.27 1.02040816327
2444.4 1.03402757407
2445.53 1.09269580522
2446.7 0.965930520052
2447.83 0.954406403218
2448.97 0.895738172066
2450.1 0.972216401961
2451.23 0.957549344173
2452.36 0.897833466035
2453.49 1.0245987512
2454.61 0.931358169551
2455.74 0.885261702217
2456.88 0.808783472321
2458.0 0.823450530109
2459.13 0.935548757491
2460.27 1.04450404392
2461.4 0.993169341659
2462.52 0.915643464778
2463.65 0.876880526338
2464.78 0.805640531367
2465.92 0.873737585383
2467.04 0.85592758664
2468.17 1.00469345849
2469.3 0.920881699702
2470.43 0.827641118049
2471.55 0.885261702217
2472.68 0.913548170808
2473.8 0.875832879353
2474.93 0.804592884382
2476.06 0.82135523614
2477.19 0.829736412019
2478.32 0.991074047689
2479.44 0.914595817793
2480.57 0.876880526338
2481.71 0.856975233625
2482.83 1.00469345849
2483.97 0.921929346687
2485.09 1.03717051502
2486.22 0.885261702217
2487.34 0.913548170808
2488.47 0.875832879353
2489.59 0.961739932112
2490.73 0.899928760005
2491.86 0.8171646482
2492.99 0.98478816578
2494.12 0.911452876839
2495.24 0.874785232368
2496.37 0.960692285128
2497.51 0.899928760005
2498.62 1.02564639819
2499.74 0.880023467292
2500.87 0.911452876839
2501.99 0.874785232368
2503.13 0.803545237397
2504.26 0.97850228387
2505.39 0.908309935884
2506.52 0.820307589155
2507.64 0.829736412019
2508.79 0.729162301471
2509.92 0.731257595441
2511.03 0.837069940913
2512.16 0.784687591669
2513.28 0.811926413276
2514.42 0.772115827851
2515.52 0.753258182123
2516.65 0.638017013787
2517.78 0.686208775091
2518.91 0.814021707246
2520.04 1.45518166199
2521.21 3.29380212044
2522.38 5.20890080878
2523.55 7.00456774085
2524.72 8.6357540963
2525.89 10.1852239869
2527.06 11.3784939027
2528.27 12.2888991325
2529.47 13.2160667142
2530.67 13.9944684239
2531.88 14.4879101538
2533.08 15.0484012907
2534.29 15.4863177304
2535.5 15.9671876964
2536.7 16.3129112014
2537.92 16.7990194024
2539.11 16.9907388007
2540.31 17.243221724
2541.52 17.4213217114
2542.72 17.7209487491
2543.94 17.9220969702
2545.14 18.076101077
2546.35 18.2049616561
2547.56 18.4783975192
2548.77 18.4584922265
2549.98 18.7109751498
2551.18 18.7843104388
2552.38 18.8209780832
2553.59 18.9435527805
2554.79 19.0577463018
2556.01 19.115366886
2557.22 19.2484180531
2558.42 19.2620374639
2559.61 19.2693709928
2560.82 19.3259439299
2562.02 19.45794745
2563.23 19.4726145078
2564.43 19.6360474375
2565.63 19.6664292
2566.84 19.733478607
2568.05 19.7146209613
2569.26 19.8623391862
2570.47 19.7785274274
2571.67 19.7900515442
2572.87 19.9000544776
2574.08 19.8497674224
2575.28 19.9828185894
2576.5 19.944055651
2577.7 20.0289150568
2578.92 19.9671038847
2580.11 19.9367221221
2581.31 20.0781544651
2582.52 20.1483468131
2583.72 20.1839668105
2584.93 20.0970121108
2586.14 20.1064409337
2587.35 20.1106315216
2588.56 20.2174915141
2589.77 20.1137744626
2590.98 20.1661568118
2592.19 20.2457779827
2593.4 20.1273938734
2594.6 20.0687256422
2595.82 20.0917738759
2597.02 20.2604450404
2598.22 20.3453044462
2599.42 20.2824456271
2600.61 20.3557809161
2601.81 20.3924485605
2603.02 20.4102585593
2604.22 20.3673050329
2605.42 20.3463520932
2606.62 20.3348279764
2607.82 20.3819720907
2609.02 20.4060679713
2610.22 20.4175920882
2611.42 20.3704479739
2612.62 20.3473997402
2613.83 20.4930226711
2615.04 20.56635796
2616.25 20.4448309098
2617.47 20.5422620794
2618.67 20.5904538407
2619.88 20.5097850228
2621.08 20.5736914889
2622.29 20.501403847
2623.49 20.6753132464
2624.69 20.6564556007
2625.91 20.4909273771
2627.11 20.5642626661
2628.32 20.5495956083
2629.52 20.4888320831
2630.72 20.5118803168
2631.93 20.5747391359
2633.14 20.5548338432
2634.34 20.5443573733
2635.54 20.5391191384
2636.74 20.5359761975
2637.95 20.5349285505
2639.15 20.639693249
2640.36 20.5862632527
2641.56 20.5600720781
2642.77 20.704647362
2643.99 20.6187403093
2645.2 20.5768344299
2646.4 20.6595985417
2647.6 20.5967397226
2648.8 20.565310313
2650.0 20.5495956083
2651.21 20.5946444286
2652.42 20.5642626661
2653.62 20.5485479613
2654.82 20.5935967816
2656.02 20.7214097138
2657.22 20.7318861836
2658.43 20.6334073671
2659.63 20.5831203118
2660.83 20.5590244311
2662.04 20.703599715
2663.25 20.6187403093
2664.46 20.6281691321
2665.65 20.7381720655
2666.86 20.6889326573
2668.07 20.6114067804
2669.27 20.6250261912
2670.48 20.7360767716
2671.68 20.6878850103
2672.9 20.7675061811
2674.11 20.8083644135
2675.31 20.6711226585
2676.52 20.6019779575
2677.73 20.6208356032
2678.95 20.5768344299
2680.15 20.6082638394
2681.36 20.6229308972
2682.57 20.6313120731
2683.78 20.7392197125
2684.99 20.7936973557
2686.2 20.7161714789
2687.4 20.6774085404
2688.61 20.7109332439
2689.82 20.6742655995
2691.02 20.6564556007
2692.23 20.6480744248
2693.43 20.6952185392
2694.63 20.7193144198
2695.83 20.7842685329
2697.04 20.7109332439
2698.25 20.7276955957
2699.46 20.7874114738
2700.66 20.8177932364
2701.87 20.8335079412
2703.08 20.7884591208
2704.28 20.7130285379
2705.49 20.7811255919
2706.69 20.7098855969
2707.91 20.7266479487
2709.11 20.7350291246
2710.32 20.7916020618
2711.53 20.7675061811
2712.74 20.8073167665
2713.95 20.8282697062
2715.16 20.7853161799
2716.36 20.7643632402
2717.56 20.7538867703
2718.77 20.7486485354
2719.97 20.6417885429
2721.18 18.1253404853
2722.38 15.4538406738
2723.59 13.226543184
2724.79 11.5901185936
2726.01 9.98512341281
2727.18 9.0789087709
2728.35 8.04907178477
2729.52 7.271717722
2730.68 6.62217659138
2731.86 6.29635837908
2733.04 5.76729665172
2734.2 5.3461425638
2735.37 5.13451787286
2736.53 4.92498847588
2737.7 4.60964673344
2738.86 4.40011733646
2740.02 4.13820559024
2741.18 4.00724971714
2742.35 3.88991325483
2743.52 3.93496207518
2744.68 3.64371621338
2745.86 3.44571093324
2747.02 3.5043791644
2748.19 3.21837153753
2749.36 3.23303859531
2750.52 3.08322507648
2751.68 2.90407744207
2752.85 3.07589154758
2754.02 2.95226920337
2755.18 2.83807568202
2756.34 2.67569039936
2757.51 2.75216862926
2758.67 2.63378451997
2759.83 2.62645099107
2760.99 2.62226040313
2762.15 2.51644805766
2763.32 2.46301806143
2764.48 2.2786321921
2765.64 2.23986925366
2766.82 2.1675816117
2767.98 2.28806101496
2769.15 2.2440598416
2770.31 2.3268239534
2771.48 2.15920043582
2772.65 2.0219586808
2773.82 2.05862632527
2774.98 1.86795457403
2776.15 1.98110044839
2777.31 2.03872103256
2778.48 1.85747810418
2779.64 1.87109751498
2780.81 1.77366634539
2781.98 1.77785693333
2783.15 1.67413988183
2784.31 1.83233457654
2785.47 1.75480869966
2786.63 1.87214516197
2787.8 1.77471399237
2788.97 1.67309223484
2790.14 1.62175753258
2791.31 1.64899635419
2792.47 1.81976281272
2793.63 1.74852281775
2794.8 1.71185517328
2795.97 1.48451577756
2797.14 1.7380463479
2798.31 1.49708754138
2799.47 1.53480283284
2800.64 1.39546578385
2801.8 1.32632108285
2802.97 1.44889578008
2804.14 1.4059422537
2805.31 1.33155931777
2806.47 1.29384402632
2807.63 1.4331810753
2808.81 1.34517872858
2809.98 1.4059422537
2811.15 1.33155931777
2812.32 1.45099107405
2813.49 1.35460755144
2814.65 1.46251519088
2815.82 1.35984578636
2816.98 1.41327578259
2818.16 1.28336755647
2819.32 1.26974814566
2820.49 1.26346226376
2821.65 1.20793697356
2822.82 1.39022754893
2823.99 1.32317814189
2825.15 1.44784813309
2826.32 1.35251225747
2827.49 1.14717344843
2828.64 1.35984578636
2829.81 1.20374638562
2830.98 1.177555211
2832.15 1.11260109793
2833.32 1.0801240414
2834.48 0.959644638143
2835.61 1.05602816075
2836.77 1.10421992206
2837.94 1.12831580271
2839.11 1.0874575703
2840.27 0.962787579097
2841.4 1.05812345472
2842.57 1.00050287055
2843.71 0.918786405733
2844.83 1.08850521728
2846.0 1.06755227758
2847.18 0.953358756233
2848.3 0.948120521309
2849.42 1.04974227884
2850.57 0.996312282613
2851.71 0.917738758748
2852.84 1.03507522105
2853.96 0.936596404476
2855.09 1.04450404392
2856.22 0.940786992415
2857.34 1.04659933789
2858.47 0.942882286385
2859.59 0.942882286385
2860.71 1.04764698487
2861.87 0.942882286385
2862.99 0.890499937141
2864.11 1.02145581025
2865.24 0.929262875581
2866.36 1.04136110296
2867.49 0.93973934543
2868.62 1.0455516909
2869.74 1.04659933789
2870.88 0.890499937141
2872.0 0.969073461007
2873.13 0.90307170096
2874.27 0.870594644429
2875.4 1.01202698739
2876.53 0.925072287642
2877.67 1.03821816201
2878.79 0.938691698445
2879.92 0.888404643171
2881.04 0.863261115535
2882.17 0.850689351716
2883.3 1.00155051754
2884.43 0.919834052718
2885.56 0.931358169551
2886.68 0.884214055232
2887.81 0.861165821565
2888.94 1.00678875246
2890.07 0.922976993672
2891.2 0.880023467292
2892.32 0.859070527595
2893.44 1.00574110548
2894.56 1.02669404517
2895.69 0.932405816536
2896.81 1.04240874995
2897.94 0.888404643171
2899.08 1.02040816327
