0.0 0.184385869337
1.08 0.2493399824
2.16 0.1246699912
3.24 0.0628588190923
4.32 0.0314294095462
5.4 0.0157147047731
6.48 0.0073335288941
7.56 0.108955286427
8.65 0.211624690944
9.73 0.262959393203
10.82 0.28810292084
11.91 0.144575283912
13.0 0.0722876419562
14.08 0.140384695973
15.16 0.0701923479864
16.24 0.0356199974856
17.32 0.0178099987428
18.41 0.16552822361
19.5 0.0827641118049
20.58 0.0419058793949
21.66 0.0209529396974
22.74 0.0104764698487
23.81 0.00523823492436
24.88 0.00209529396974
25.96 0.00104764698487
27.03 0.158194694716
28.12 0.0785735238654
29.2 0.144575283912
30.28 0.1246699912
31.36 0.0618111721074
32.44 0.0314294095462
33.53 0.172861752504
34.62 0.24305410049
35.7 0.121527050245
36.78 0.0607635251226
37.86 0.0303817625613
38.94 0.0157147047731
40.02 0.0073335288941
41.1 0.0565729371831
42.18 0.185433516322
43.26 0.2493399824
44.35 0.281817038931
45.44 0.298579390689
46.52 0.148765871852
47.61 0.0743829359259
48.7 0.090097640699
49.78 0.20219586808
50.87 0.152956459791
51.96 0.0764782298957
53.04 0.0387629384403
54.12 0.0188576457277
55.2 0.166575870595
56.28 0.240958806521
57.36 0.12047940326
58.46 0.216862925868
59.54 0.108955286427
60.62 0.0544776432133
61.7 0.0272388216067
62.78 0.0136194108033
63.86 0.00628588190923
64.93 0.00314294095462
66.0 0.00209529396974
67.07 0.00104764698487
68.14 0.157147047731
69.22 0.235720571596
70.32 0.170766458534
71.42 0.137241755018
72.51 0.0691447010016
73.59 0.0345723505008
74.67 0.0691447010016
75.75 0.191719398232
76.84 0.148765871852
77.93 0.12676528517
79.02 0.16762351758
80.1 0.0838117587898
81.17 0.199052927126
82.25 0.151908812806
83.34 0.128860579139
84.43 0.0639064660772
85.52 0.189624104262
86.61 0.251435276369
87.7 0.282864685915
88.78 0.298579390689
89.86 0.149813518837
90.95 0.179147634413
92.03 0.090097640699
93.11 0.0450488203495
94.19 0.0220005866823
95.26 0.116288815321
96.36 0.110002933412
97.44 0.0555252901982
98.53 0.184385869337
99.61 0.0921929346687
100.69 0.0460964673344
101.77 0.0230482336672
102.86 0.116288815321
103.95 0.0586682311528
105.04 0.08171646482
106.12 0.145622930897
107.2 0.0722876419562
108.27 0.246197041445
109.37 1.32736872983
110.49 2.3404433642
111.62 3.63219209655
112.75 4.90613083016
113.88 6.17273603487
115.0 7.38172065541
116.12 8.66718350585
117.24 9.9379792985
118.37 11.0453421615
119.54 12.2805179567
120.71 13.369023174
121.88 14.3841931023
123.04 15.4685077316
124.2 16.4302476637
125.36 17.0672170305
126.53 17.7010434564
127.7 18.3841092905
128.86 19.0399363031
130.03 19.5773792063
131.2 20.1598709299
132.36 20.6093114864
133.52 20.9382726397
134.69 21.3646649625
135.86 21.5773373004
137.03 21.9461090391
138.2 22.1828772577
139.36 22.6155554624
140.52 22.7276536898
141.69 23.0450907262
142.86 23.2032854209
144.03 23.335288941
145.2 23.5060553996
146.36 23.5919624523
147.53 23.9481624272
148.7 24.0225453631
149.86 24.1115953568
151.03 24.3127435779
152.19 24.3619829862
153.36 24.5956082638
154.53 24.7642794284
155.7 24.8491388342
156.86 24.8920923606
158.02 24.9654276495
159.19 25.002095294
160.35 25.0199052927
161.52 25.1340988141
162.68 25.348866446
163.85 25.4033440892
165.02 25.48296526
166.19 25.5227758455
167.36 25.6474458367
168.52 25.7092570088
169.68 25.7406864183
170.84 25.8611658216
172.01 25.764782299
173.19 25.8203075892
174.35 25.9533587562
175.52 25.968025814
176.68 26.1314587437
177.85 26.109458157
179.02 26.1503163894
180.19 26.1702216821
181.35 26.2330805012
182.51 26.1597452123
183.67 26.384989314
184.84 26.2886057914
186.0 26.3441310816
187.18 26.3200352009
188.34 26.3085110841
189.51 26.3022252022
190.67 26.456229309
191.84 26.4803251896
193.0 26.5452793027
194.17 26.52537401
195.33 26.6207098856
196.5 26.7726186984
197.66 26.7956669321
198.83 26.8082386959
200.0 26.7610945816
201.16 26.8951933956
202.34 26.9622428027
203.5 26.9957675062
204.66 26.9077651595
205.83 26.9685286846
207.0 26.8941457486
208.18 26.9622428027
209.34 27.1005322047
210.51 27.1696769057
211.69 27.0471022084
212.86 27.0376733856
214.02 27.0858651469
215.19 27.0575786783
216.36 27.2011063152
217.53 27.1675816117
218.7 27.2032016092
219.87 27.2733939572
221.05 27.3603486569
222.22 27.351967481
223.38 27.1906298454
224.55 27.214725726
225.72 27.1749151406
226.9 27.3111092486
228.06 27.2754892511
229.23 27.2566316054
230.41 27.3006327788
231.58 27.3739680677
232.75 27.4116833592
233.92 27.5342580564
235.09 27.4389221808
236.26 27.3917780665
237.43 27.3152998366
238.61 27.3813015966
239.78 27.5195909986
240.94 27.6411180489
242.11 27.492352177
243.28 27.4703515903
244.46 27.4074927712
245.63 27.5321627624
246.8 27.5950215815
247.96 27.5216862926
249.13 27.5897833466
250.3 27.6243556971
251.47 27.7458827473
252.64 27.701881574
253.81 27.7322633365
254.98 27.6945480451
256.15 27.6767380463
257.33 27.6673092235
258.5 27.7144533378
259.66 27.6861668692
260.83 27.6725474584
262.01 27.6128315803
263.19 27.634832167
264.35 27.698738633
265.52 27.6264509911
266.69 27.6421656958
267.86 27.7542639232
269.02 27.7584545112
270.19 27.7605498051
271.35 27.8139798014
272.52 27.7888362737
273.7 27.8275992122
274.86 27.7951221556
276.04 27.7794074509
277.22 27.8757909735
278.38 27.8192180363
279.55 27.9480786154
280.72 27.907220383
281.89 27.8873150903
283.06 27.8255039182
284.22 27.8988392071
285.39 27.8831245024
286.57 27.979508025
287.74 28.0811297825
288.9 27.9742697901
290.06 27.8684574446
291.23 27.8674097976
292.39 28.0245568453
293.56 28.0507480199
294.73 28.1691321292
295.9 28.1230356619
297.06 28.1523697775
298.23 28.1670368353
299.4 28.0696056657
300.57 28.0727486066
301.74 28.0748439006
302.9 28.1806562461
304.06 28.1293215438
305.23 28.0507480199
306.41 28.0633197838
307.58 28.0706533127
308.75 28.0214139044
309.92 27.9962703767
311.1 27.9847462599
312.26 26.8260486946
313.43 23.3132883544
314.6 19.9849138834
315.76 16.9069270419
316.92 14.7917277794
318.09 13.0012990823
319.26 11.5817374178
320.43 10.3476092696
321.56 9.31253404853
322.68 8.5320370448
323.81 8.08993001718
324.94 7.39743536018
326.07 6.78980010896
327.2 6.27540543938
328.32 5.80920253112
329.44 5.47186020199
330.57 5.19737669195
331.7 5.00880023467
332.83 4.96584670829
333.95 4.78774672086
335.07 4.43678498093
336.2 4.20944558522
337.32 3.99048736538
338.44 3.72333738424
339.57 3.59028621716
340.7 3.47190210787
341.83 3.41218622973
342.96 3.5389515149
344.08 3.55047563173
345.21 3.39961446591
346.34 3.11360683904
347.47 2.9711268491
348.6 2.79512215564
349.72 2.70711980891
350.84 2.87264803252
351.97 2.95541214432
353.1 3.10208272221
354.22 3.01722331643
355.34 2.92293508779
356.46 2.82340862423
357.59 2.66940451745
358.72 2.59187864057
359.84 2.65788040062
360.97 2.63797510791
362.1 2.62854628504
363.22 2.51959099862
364.34 2.41168335918
365.46 2.14872396597
366.59 2.27967983908
367.72 2.2922516029
368.84 2.19377278632
369.97 2.30168042576
371.1 2.19796337426
372.21 2.04186397352
373.34 2.17386749361
374.47 2.0292922097
375.6 2.06281691321
376.72 2.13091396723
377.84 2.16548631773
378.97 1.92138457026
380.1 2.06072161924
381.22 1.81557222478
382.35 1.69404517454
383.48 1.68461635167
384.6 1.73280811298
385.72 1.54737459666
386.85 1.61232870972
387.97 1.74852281775
389.1 1.71290282027
390.22 1.69404517454
391.35 1.68566399866
392.48 1.83757281147
393.61 1.70452164439
394.73 1.74328458283
395.86 1.65737753007
396.99 1.66680635293
398.12 1.61861459163
399.24 1.38603696099
400.36 1.5306122449
401.5 1.44680048611
402.62 1.45622930897
403.74 1.61861459163
404.87 1.43841931023
406.0 1.34727402255
407.12 1.19746050371
408.24 1.48975401249
409.38 1.47822989565
410.5 1.52432636299
411.62 1.28651049742
412.75 1.42899048737
413.88 1.29070108536
415.01 1.11679168587
416.13 1.29174873235
417.26 1.22155638436
418.39 1.08221933537
419.52 1.32736872983
420.65 1.13460168462
421.77 1.14403050748
422.9 1.25298579391
424.02 1.41222813561
425.15 1.33470225873
426.27 1.08640992331
427.4 1.32841637682
428.52 1.08326698236
429.65 0.960692285128
430.73 1.21422285547
431.86 1.02564639819
432.95 1.29908226124
434.07 1.12098227381
435.19 1.18907932783
436.31 1.11783933286
437.44 1.24041403009
438.57 0.986883459749
439.66 1.01726522231
440.76 0.927167581612
441.84 1.04031345598
442.93 1.14822109542
444.06 1.0455516909
445.15 1.20374638562
446.27 1.02145581025
447.36 1.24355697104
448.49 1.04136110296
449.57 0.992121694674
450.66 1.01936051628
451.75 0.824498177094
452.84 0.883166408247
453.92 1.12307756778
455.05 1.24250932406
456.18 1.24984285295
457.3 1.20060344466
458.42 1.17650756401
459.56 1.00783639945
460.65 0.975359342916
461.74 1.06336168965
462.87 0.89888111302
463.96 0.973264048946
465.05 0.800402296442
466.13 1.02878933914
467.22 0.933453463521
468.32 1.09583874618
469.44 1.17650756401
470.58 0.902024053975
471.67 1.02774169216
472.76 0.932405816536
473.85 0.78049700373
474.94 0.966978167037
476.02 0.744877006244
477.11 1.00155051754
478.2 1.07698110045
479.33 0.957549344173
480.42 0.845451116792
481.51 0.946025227339
482.6 0.892595231111
483.69 0.812974060261
484.77 0.930310522566
485.86 0.727067007501
486.95 0.677827599212
488.04 0.809831119306
489.12 1.03402757407
490.21 1.09269580522
491.34 0.808783472321
492.43 0.666303482379
493.53 0.856975233625
494.62 0.690399363031
495.71 0.920881699702
496.8 0.932405816536
497.88 0.885261702217
498.97 0.861165821565
500.06 0.797259355488
501.15 0.922976993672
502.24 0.670494070318
503.32 0.754305829108
504.42 0.848594057746
505.5 0.738591124335
506.58 0.946025227339
507.68 1.04869463186
508.79 1.15345933034
509.91 1.10002933412
511.03 0.759544064032
512.12 0.642207601727
513.21 0.530109374345
514.29 3.25084859406
515.41 6.60227129866
516.54 9.95369400327
517.66 12.7289108662
518.82 15.0075430583
519.99 17.037882915
521.16 18.7329757365
522.32 19.8958638897
523.49 20.8953191133
524.66 21.8675355152
525.83 22.509743117
527.0 23.0409001383
528.17 23.6736789172
529.33 24.0414030088
530.5 24.3829359259
531.66 24.6584670829
532.83 25.1110505804
534.0 25.2315299837
535.16 25.554205255
536.32 25.8203075892
537.49 25.900976407
538.66 26.1513640364
539.83 26.3284163768
541.0 26.521183422
542.17 26.4614675439
543.32 26.5358504798
544.5 26.729665172
545.66 26.8270963416
546.83 26.8763357499
548.01 26.9004316306
549.18 27.0691027951
550.34 27.0491975024
551.51 27.1969157273
552.68 27.3226333655
553.84 27.2283451368
555.01 27.1812010225
556.18 27.2094874911
557.34 27.2241545489
558.51 27.3362527763
559.68 27.5499727612
560.85 27.5510204082
562.02 27.4996857059
563.18 27.4745421783
564.35 27.4609227675
565.53 27.5070192348
566.7 27.6872145162
567.86 27.8296945061
569.03 27.7961698026
570.2 27.8841721494
571.37 27.771026275
572.54 27.7144533378
573.7 27.7909315677
574.87 27.7249298077
576.05 27.7437874534
577.22 27.9627456732
578.39 27.9145539119
579.56 27.8915056782
580.74 27.9836986129
581.91 28.0832250765
583.08 28.1324644848
584.25 28.0517956669
585.42 28.0643674308
586.58 28.0706533127
587.75 27.9690315551
588.92 28.1282738968
590.09 28.2068474207
591.26 28.1418933076
592.43 28.1617986003
593.6 28.2246574194
594.77 28.3074215312
595.94 28.3493274106
597.1 28.2655156518
598.26 28.1712274232
599.42 28.1764656581
600.59 28.2843732976
601.76 28.1806562461
602.93 28.1282738968
604.1 28.1031303692
605.26 28.1418933076
606.44 28.2141809496
607.62 28.2508485941
608.79 28.3734232913
609.96 28.2770397687
611.13 28.2298956544
612.3 28.2057997737
613.47 28.2456103591
614.65 28.3189456481
615.82 28.3021832963
617.0 28.1900850689
618.17 28.2906591795
619.33 28.393328584
620.5 28.4446632863
621.66 28.4698068139
622.83 28.5358085739
624.01 28.4111385827
625.18 28.4530444621
626.34 28.5274273981
627.51 28.5640950425
628.69 28.4771403428
629.86 28.3818044672
631.03 28.2822780036
632.2 28.2843732976
633.37 28.390185643
634.54 28.4949503415
635.7 28.4959979885
636.86 28.4959979885
638.02 28.600762687
639.18 28.5483803378
640.34 28.6269538616
641.52 28.6133344508
642.7 28.5546662197
643.87 28.5777144533
645.04 28.5892385702
646.21 28.4907597536
647.38 28.3880903491
648.55 28.4425679923
649.72 28.3639944684
650.89 28.4299962285
652.06 28.5682856305
653.23 28.4792356368
654.4 28.5923815111
655.57 28.5965720991
656.74 28.5462850438
657.9 28.5211415162
659.07 28.4561874031
660.24 28.4237103466
661.42 28.460377991
662.6 28.4258056405
663.77 28.4079956418
664.94 28.3996144659
666.1 28.395423878
667.26 28.4457109332
668.43 28.5232368101
669.61 28.4572350501
670.78 28.529522692
671.96 28.669907388
673.13 28.6877173867
674.3 28.5389515149
675.47 28.5703809244
676.65 28.6898126807
677.82 28.6458115074
679.0 28.7275279722
680.18 28.7170515023
681.34 28.5536185727
682.51 28.5253321041
683.69 28.5630473955
684.86 28.6342873905
686.03 28.7746720865
687.2 28.740099736
688.37 28.6175250388
689.54 28.7139085614
690.71 28.7621003227
691.88 28.7338138541
693.06 28.7201944433
694.23 28.7128609144
695.4 28.6562879772
696.57 28.7338138541
697.74 28.7191467963
698.91 28.6080962159
700.08 28.5515232787
701.25 28.5766668064
702.42 28.5358085739
703.59 28.5159032812
704.76 28.6636215061
705.93 28.6845744458
707.1 28.7474332649
708.26 28.6740979759
709.42 28.6374303315
710.6 28.7757197335
711.77 28.741147383
712.94 28.6185726857
714.11 28.6615262121
715.28 25.5929681934
716.45 21.9115366886
717.62 18.8125969073
718.79 16.1117629803
719.96 14.0793278297
721.12 12.5927167582
722.29 11.3774462557
723.45 10.1412228136
724.57 9.36596404476
725.69 8.76880526338
726.82 8.15593177723
727.94 7.48229476596
729.07 7.04123538532
730.2 6.55931777228
731.32 6.31731131878
732.44 6.03968486779
733.57 5.74424841805
734.7 5.38595314923
735.82 5.26023551104
736.95 4.93441729875
738.08 4.87679671458
739.2 4.58659849977
740.32 4.54574026736
741.45 4.26287558144
742.58 4.12249088547
743.71 4.10363323974
744.84 4.04286971462
745.96 3.8019109081
747.09 3.78724385031
748.22 3.67409797595
749.36 3.61857268575
750.48 3.38075682018
751.6 3.31370741315
752.72 3.33361270586
753.85 3.13351213175
754.98 3.19008506894
756.11 3.06227213678
757.24 2.84017097599
758.37 2.73016804258
759.49 2.67464275238
760.62 2.75112098227
761.74 2.78988392071
762.87 2.6526421657
764.0 2.68826216318
765.12 2.54892511419
766.24 2.63587981394
767.37 2.57511628882
768.5 2.64949922474
769.62 2.63483216695
770.75 2.62645099107
771.88 2.41377865315
772.99 2.41168335918
774.11 2.41063571219
775.23 2.14767631899
776.36 2.2786321921
777.48 2.18748690441
778.61 2.03662573859
779.74 2.17072455265
780.87 2.02824456271
782.0 2.11415161547
783.12 2.2094874911
784.24 2.09948455768
785.36 1.94024221598
786.48 2.07015044211
787.61 2.08272220593
788.74 2.08900808783
789.87 2.14453337803
791.0 2.06805514814
792.12 1.87214516197
793.24 1.77366634539
794.37 1.93500398106
795.5 1.80509575493
796.62 1.89833633659
797.75 1.89205045468
798.87 1.67937811675
800.0 1.83442987051
801.12 1.86062104513
802.24 1.87319280895
803.37 1.77471399237
804.5 1.6207098856
805.62 1.59556635796
806.75 1.68880693961
807.88 1.73490340695
809.0 1.75795164062
810.13 1.66471105896
811.24 1.51280224616
812.37 1.59451871098
813.5 1.42584754641
814.62 1.60394753384
815.75 1.63956753132
816.88 1.50127812932
818.0 1.37870343209
819.12 1.4750869547
820.24 1.523278716
821.37 1.39022754893
822.5 1.37660813812
823.63 1.47403930771
824.76 1.52223106902
825.88 1.39022754893
827.02 1.37556049114
828.14 1.42165695847
829.26 1.33889284667
830.39 1.45518166199
831.52 1.4614675439
832.64 1.35879813938
833.77 1.25612873486
834.9 1.41327578259
836.02 1.4405146042
837.16 1.29593932029
838.28 1.43422872229
839.41 1.39756107782
840.54 1.32736872983
841.67 1.24041403009
842.8 1.19641285672
843.92 1.27917696853
845.05 1.2676528517
846.17 1.21003226753
847.29 1.33889284667
848.42 1.29803461426
849.55 1.17231697607
850.68 1.11050580396
851.8 1.28860579139
852.92 1.32527343586
854.04 1.23831873612
855.17 1.1429828605
856.29 1.04345639693
857.38 1.09793404015
858.51 1.07279051251
859.64 1.00783639945
860.72 1.18488873989
861.85 1.22050873738
862.98 1.08221933537
864.11 1.22155638436
865.23 1.2393663831
866.36 1.09164815824
867.48 1.1220299208
868.62 1.0319322801
869.7 0.987931106734
870.79 0.912500523823
871.88 1.03297992708
872.96 1.14507815447
874.09 1.14822109542
875.22 0.993169341659
876.32 0.915643464778
877.4 0.929262875581
878.48 1.09374345221
879.6 1.22784226627
880.72 1.19012697481
881.86 1.01412228136
882.94 1.03088463311
884.03 0.934501110506
885.12 1.09583874618
886.24 1.12412521477
887.36 0.98059757784
888.45 1.0665046306
889.58 1.16184050622
890.7 1.10526756904
891.83 0.971168754976
892.92 0.905166994929
894.0 1.02878933914
895.08 1.03821816201
896.17 1.04240874995
897.25 0.940786992415
898.33 1.04659933789
899.42 1.09898168713
900.55 0.969073461007
901.64 0.90307170096
902.72 1.02774169216
903.81 1.03821816201
904.9 0.93764405146
905.98 0.888404643171
907.07 1.02040816327
908.16 1.03402757407
909.23 1.04031345598
910.32 0.93973934543
911.41 0.836022293928
912.5 0.9418346394
913.57 0.995264635628
914.66 0.916691111763
915.74 1.03402757407
916.83 1.04136110296
917.92 3.29694506139
919.04 6.72903658383
920.17 9.9652181201
921.29 12.8923437958
922.45 15.3511712693
923.62 17.313414072
924.79 18.76650044
925.96 20.1745379877
927.12 21.19180321
928.29 22.1724007878
929.46 22.8198466245
930.63 23.5102459875
931.8 24.0654988895
932.96 24.4992247412
934.12 24.8742823618
935.29 25.1131458744
936.46 25.4431546746
937.63 25.6600176005
938.8 25.7679252399
939.96 26.0843146293
941.12 26.1377446256
942.28 26.4268951934
943.46 26.6228051796
944.62 26.6689016469
945.79 26.8490969283
946.96 26.939194569
948.14 26.9318610401
949.3 27.0858651469
950.47 27.2671080753
951.64 27.3048233667
952.81 27.4294933579
953.98 27.3865398315
955.15 27.4169215941
956.32 27.5897833466
957.49 27.6767380463
958.66 27.562544525
959.82 27.5573062901
960.99 27.5552109961
962.16 27.6065456984
963.33 27.632736873
964.5 27.8548380338
965.66 27.9135062649
966.83 27.9428403805
968.0 28.0098897875
969.17 27.9910321418
970.34 27.9292209697
971.5 27.8977915602
972.67 27.9878892009
973.84 28.0318903742
975.01 28.1073209571
976.18 28.0392239031
977.34 28.0580815488
978.51 28.2246574194
979.68 28.1513221305
980.86 28.1659891883
982.02 28.1219880149
983.19 28.2037044797
984.36 28.2456103591
985.53 28.3702803503
986.69 28.4331391694
987.85 28.4121862297
989.02 28.3493274106
990.18 28.2655156518
991.34 28.2759921217
992.5 28.3859950551
993.66 28.2843732976
994.83 28.3378032938
996.0 28.4687591669
997.17 28.534760927
998.34 28.463520932
999.51 28.4792356368
1000.68 28.5923815111
1001.85 28.5965720991
1003.02 28.598667393
1004.18 28.59971504
1005.35 28.5483803378
1006.52 28.5221891631
1007.7 28.5609521016
1008.86 28.4760926958
1010.03 28.5389515149
1011.21 28.6217156267
1012.38 28.7160038553
1013.55 28.6583832712
1014.72 28.7348615011
1015.9 28.5630473955
1017.06 28.5819050413
1018.23 28.5389515149
1019.41 28.6740979759
1020.58 28.6374303315
1021.74 28.5672379835
1022.91 28.5840003352
1024.08 28.6971462096
1025.25 28.7537191468
1026.42 28.6248585677
1027.6 28.6122868038
1028.77 28.7118132674
1029.94 28.603905628
1031.1 28.601810334
1032.26 28.601810334
1033.42 28.7055273855
1034.58 28.6531450362
1035.75 28.7317185601
1036.92 28.8239114948
1038.1 28.6594309182
1039.27 28.7872438503
1040.44 28.7987679671
1041.61 28.6479068013
1042.78 28.6238109207
1043.95 28.6122868038
1045.13 28.7641956166
1046.31 28.6824791518
1047.48 28.7463856179
1048.65 28.673050329
1049.82 28.7945773792
1050.98 28.8542932573
1052.16 28.8846750199
1053.33 28.7432426769
1054.51 28.881532079
1055.68 28.8982944307
1056.85 28.8019109081
1058.02 28.806101496
1059.18 28.8605791393
1060.34 28.9402003101
1061.51 28.9276285463
1062.69 28.8689603151
1063.86 28.944390898
1065.03 28.9821061895
1066.2 28.948581486
1067.37 28.9318191342
1068.54 28.9758203076
1069.71 28.9978208943
1070.88 29.0093450111
1072.06 29.014583246
1073.22 29.0690608892
1074.4 28.9925826593
1075.57 28.8490550224
1076.74 28.7767673805
1077.91 28.741147383
1079.09 28.9328667812
1080.26 28.9244856053
1081.42 28.8668650212
1082.59 28.8909609018
1083.76 28.9559150149
1084.93 28.8301973767
1086.1 28.8207685538
1087.26 28.8155303189
1088.43 28.8123873779
1089.6 28.8637220802
1090.77 28.9422956041
1091.94 28.9810585425
1093.11 28.8427691405
1094.29 28.9842014835
1095.46 28.949629133
1096.63 28.9842014835
1097.8 29.0543938315
1098.97 28.9328667812
1100.15 29.0282026568
1101.31 28.9192473704
1102.48 29.0219167749
1103.65 29.0208691279
1104.82 28.9684867787
1106.0 28.9936303063
1107.16 28.9024850186
1108.33 28.9611532498
1109.5 28.9381050161
1110.66 28.9265808993
1111.84 28.9726773666
1113.02 28.8920085488
1114.18 28.9559150149
1115.34 28.8825797259
1116.51 29.0041067762
1117.68 28.9590579558
1118.84 25.9512634623
1120.01 22.3525960692
1121.19 19.1907974689
1122.35 16.4051041361
1123.52 14.3831454553
1124.68 12.8493902695
1125.85 11.5052591879
1127.02 10.4146586766
1128.16 9.6603528475
1129.28 8.91547584126
1130.4 8.22926706617
1131.52 7.57239240665
1132.65 7.2434312534
1133.78 6.86942127981
1134.91 6.4199807233
1136.04 6.19578426853
1137.16 5.82177429493
1138.28 5.63529313163
1139.41 5.38385785526
1140.54 5.04965846708
1141.66 4.98679964799
1142.78 4.79822319071
1143.9 4.59917026359
1145.02 4.34249675229
1146.16 4.42316557013
1147.28 4.30687675481
1148.41 4.14449147215
1149.54 4.11515735658
1150.67 3.89096090181
1151.8 3.72648032519
1152.92 3.64371621338
1154.04 3.60285798097
1155.17 3.58295268826
1156.29 3.57247621841
1157.41 3.30532623727
1158.54 3.06646272472
1159.67 3.20999036165
1160.8 3.28123035662
1161.92 3.10732095713
1163.05 2.9156015589
1164.17 3.02874743326
1165.29 3.08636801743
1166.42 3.11465448602
1167.55 2.81397980137
1168.68 2.61178393329
1169.8 2.56359217198
1170.92 2.74797804132
1172.05 2.631689226
1173.18 2.46825629636
1174.31 2.49130453003
1175.43 2.34568159913
1176.56 2.32472865943
1177.68 2.26291748732
1178.8 2.38863512551
1179.92 2.39911159536
1181.04 2.50911452877
1182.16 2.30168042576
1183.28 2.35615806898
1184.41 2.43473159284
1185.54 2.47454217827
1186.67 2.23253572476
1187.8 2.32158571848
1188.92 2.10367514562
1190.04 2.09948455768
1191.16 2.09738926371
1192.28 1.88681221975
1193.4 1.83338222353
1194.52 2.06910279512
1195.65 2.23986925366
1196.78 2.27234631019
1197.91 2.28806101496
1199.04 1.92976574613
1200.17 1.75061811172
1201.29 1.81871516574
1202.42 1.69509282152
1203.55 1.68566399866
1204.67 1.62804341449
1205.8 1.5997569459
1206.92 1.5861375351
1208.04 1.5788040062
1209.16 1.83652516448
1210.28 1.75690399363
1211.41 1.71604576122
1212.54 1.53899342078
1213.67 1.55575577253
1214.8 1.51070695219
1215.92 1.75061811172
1217.04 1.76633281649
1218.17 1.82604869463
1219.29 1.90776515945
1220.42 1.63537694339
1221.55 1.60289988685
1222.67 1.58718518208
1223.8 1.63223400243
1224.92 1.49708754138
1226.04 1.37660813812
1227.17 1.47403930771
1228.28 1.31374931903
1229.41 1.65213929514
1230.54 1.454134015
1231.67 1.40803754767
1232.8 1.54213636173
1233.92 1.55680341952
1235.04 1.61651929766
1236.17 1.69928340946
1237.3 1.42584754641
1238.43 1.55051753761
1239.55 1.35146461048
1240.67 1.4614675439
1241.8 1.41222813561
1242.92 1.28231990948
1244.04 1.26974814566
1245.17 1.26346226376
1246.3 1.2603193228
1247.41 1.15345933034
1248.54 1.31060637807
1249.67 1.23098520722
1250.8 1.24460461803
1251.92 1.30327284918
1253.04 1.12307756778
1254.18 1.19012697481
1255.29 1.17126932909
1256.42 1.3713699032
1257.54 1.1566022713
1258.66 1.3640363743
1259.78 1.31060637807
1260.91 1.3367975527
1262.04 1.13983991954
1263.16 1.19850815069
1264.29 1.12307756778
1265.41 1.2948916733
1266.54 1.22365167833
1267.67 1.08326698236
1268.8 1.01307463437
1269.88 1.08221933537
1271.01 1.11783933286
1272.15 1.08221933537
1273.27 0.960692285128
1274.36 1.10841050999
1275.49 1.13041109668
1276.62 0.98478816578
1277.71 0.963835226082
1278.8 1.05812345472
1279.92 1.10526756904
1281.04 1.07593345346
1282.18 0.905166994929
1283.25 0.976406989901
1284.34 1.01202698739
1285.43 0.872689938398
1286.52 1.11679168587
1287.66 0.925072287642
1288.75 1.24879520597
1289.88 0.991074047689
1290.96 1.17650756401
1292.1 1.11155345095
1293.22 0.922976993672
1294.31 0.880023467292
1295.4 1.17336462306
1296.52 1.11050580396
1297.64 1.18384109291
1298.76 1.16812638813
1299.88 1.05602816075
1301.0 0.999455223568
1302.08 1.12831580271
1303.21 1.13983991954
1304.35 0.988978753719
1305.43 1.12307756778
1306.56 0.875832879353
1307.64 0.961739932112
1308.73 1.21422285547
1309.86 1.02669404517
1310.95 1.14193521351
1312.07 1.14717344843
1313.2 1.1492687424
1314.32 0.9418346394
1315.41 0.837069940913
1316.5 0.785735238654
1317.57 0.864308762519
1318.66 2.16024808281
1319.79 5.42785902862
1320.92 9.05271759628
1322.04 12.121275615
1323.2 14.8084901312
1324.36 16.7812094037
1325.53 18.3956334074
1326.7 19.8309097766
1327.86 21.0210367515
1329.03 21.9293466873
1330.2 22.645937225
1331.36 23.3709089385
1332.52 23.9953065415
1333.68 24.4646523907
1334.84 24.9088547123
1336.01 25.1833382224
1337.18 25.4777270251
1338.34 25.6778275992
1339.51 25.9868834597
1340.67 26.1408875665
1341.84 26.3755604911
1343.0 26.5452793027
1344.17 26.6825210577
1345.33 26.8040481079
1346.5 26.9161463353
1347.66 27.077483971
1348.83 27.2105351381
1350.0 27.2775845451
1351.17 27.3100616016
1352.34 27.4315886519
1353.51 27.492352177
1354.68 27.5227339396
1355.85 27.6432133428
1357.02 27.702929221
1358.19 27.6798809873
1359.36 27.7741692159
1360.54 27.8202656833
1361.71 27.8967439132
1362.88 27.9344592046
1364.05 27.9533168504
1365.22 28.0675103717
1366.39 28.0717009596
1367.56 28.0748439006
1368.73 28.1282738968
1369.9 28.049700373
1371.06 28.115702133
1372.23 28.2016091858
1373.41 28.3482797637
1374.58 28.2655156518
1375.74 28.2759921217
1376.9 28.3859950551
1378.06 28.4404726983
1379.24 28.4687591669
1380.42 28.4299962285
1381.59 28.462473285
1382.76 28.4268532875
1383.93 28.4090432888
1385.1 28.4530444621
1386.28 28.5263797511
1387.45 28.5117126933
1388.62 28.5557138667
1389.79 28.6311444496
1390.96 28.5106650463
1392.14 28.4509491682
1393.3 28.5787621003
1394.48 28.5892385702
1395.65 28.4907597536
1396.82 28.5452373968
1397.98 28.5211415162
1399.15 28.4561874031
1400.32 28.528475045
1401.5 28.5640950425
1402.67 28.6353350375
1403.84 28.6175250388
1405.01 28.6615262121
1406.18 28.7882914973
1407.34 28.7474332649
1408.51 28.6740979759
1409.68 28.74219503
1410.85 28.670955035
1412.02 28.6887650337
1413.19 28.6447638604
1414.36 28.6751456229
1415.54 28.7945773792
1416.7 28.8553409043
1417.87 28.8322926707
1419.05 28.9265808993
1420.22 28.9202950174
1421.39 28.9705820727
1422.56 28.8375309056
1423.74 28.8239114948
1424.91 28.8176256129
1426.08 28.8134350249
1427.25 28.7600050287
1428.42 28.8375309056
1429.6 28.8239114948
1430.77 28.7118132674
1431.94 28.8134350249
1433.1 28.7600050287
1434.27 28.7327662071
1435.45 28.8239114948
1436.62 28.8165779659
1437.79 28.8658173742
1438.96 28.8385785526
1440.14 28.876293844
1441.31 28.8438167875
1442.49 28.879436785
1443.66 28.8448644345
1444.83 28.879436785
1446.0 28.8972467837
1447.17 28.9066756066
1448.34 28.9108661945
1449.5 28.9129614885
1450.67 28.8616267862
1451.84 28.8878179609
1453.01 28.9014373717
1454.18 28.8563885513
1455.34 28.9381050161
1456.52 28.9789632485
1457.7 28.946486192
1458.86 28.9831538365
1460.02 28.949629133
1461.2 28.9318191342
1462.37 28.8710556091
1463.54 28.8406738465
1464.71 28.9307714872
1465.89 28.8700079621
1467.06 28.945438545
1468.22 29.086870888
1469.39 29.0009638352
1470.56 29.0103926581
1471.73 28.9632485438
1472.9 29.0439173616
1474.07 28.9789632485
1475.24 28.9999161882
1476.42 29.0093450111
1477.58 29.014583246
1478.75 28.9653438377
1479.92 29.0449650086
1481.09 28.9800108955
1482.26 28.947533839
1483.44 28.9831538365
1484.61 28.949629133
1485.78 29.088966182
1486.95 29.0020114822
1488.12 29.0114403051
1489.3 29.0680132423
1490.46 29.0439173616
1491.64 29.0313455978
1492.82 29.0784897121
1493.99 28.9967732473
1495.16 29.0606797134
1496.33 28.9873444244
1497.5 28.9517244269
1498.66 28.9328667812
1499.83 28.9768679546
1501.0 28.9978208943
1502.16 28.9569626619
1503.32 29.0407744207
1504.49 29.0302979508
1505.66 29.1298244144
1506.82 29.0219167749
1507.99 28.9684867787
1509.16 29.0470603026
1510.34 29.0334408918
1511.51 29.0261073629
1512.68 28.9705820727
1513.85 28.9433432511
1515.02 28.9810585425
1516.19 29.0533461845
1517.36 29.0365838327
1518.54 28.9758203076
1519.71 26.4310857813
1520.88 22.9581360265
1522.04 19.6507144952
1523.21 17.0546452667
1524.38 14.8126807191
1525.55 13.2213049491
1526.71 11.9536520974
1527.88 10.7436198299
1529.04 9.87616812639
1530.17 9.07681347693
1531.29 8.46708293174
1532.42 7.84792356368
1533.55 7.32829065918
1534.68 6.91237480619
1535.8 6.54674600846
1536.92 6.31102543687
1538.05 6.03654192683
1539.18 5.68977077484
1540.3 5.51690902234
1541.43 5.27280727486
1542.56 5.15023257763
1543.68 5.03708670326
1544.8 4.82336671835
1545.92 4.71650672589
1547.05 4.40116498345
1548.16 4.29640028496
1549.28 4.29535263798
1550.4 4.19058793949
1551.52 4.13820559024
1552.64 3.90248501865
1553.76 3.83753090559
1554.9 3.54209445585
1556.02 3.39542387797
1557.15 3.58295268826
1558.27 3.41532917068
1559.4 3.43628211038
1560.52 3.2896115325
1561.64 3.21627624356
1562.76 3.17960859909
1563.88 3.26656329883
1565.01 3.30951682521
1566.14 3.01617566945
1567.27 2.92293508779
1568.39 2.92817332272
1569.52 2.66835687047
1570.64 2.80140803755
1571.77 2.76264509911
1572.9 2.84750450488
1574.02 2.89045803126
1575.15 2.80769391946
1576.27 2.60864099233
1577.39 2.6662615765
1578.52 2.5897833466
1579.65 2.55206805515
1580.77 2.53321040942
1581.9 2.47139923731
1583.02 2.493399824
1584.14 2.39911159536
1585.26 2.35196748104
1586.39 2.2231069019
1587.52 2.10681808658
1588.64 2.10157985165
1589.76 2.30796630767
1590.88 2.3058710137
1592.0 2.20110631522
1593.14 2.35720571596
1594.24 2.33101454134
1595.36 2.21367807903
1596.49 2.25872689938
1597.62 1.91509868835
1598.75 1.9528139798
1599.88 2.02405397477
1601.0 2.05967397226
1602.14 2.077483971
1603.26 1.82500104765
1604.4 1.90776515945
1605.52 1.94862339186
1606.64 1.76004693458
1607.76 1.82290575368
1608.88 1.69718811549
1610.0 1.79147634413
1611.13 1.83862045845
1612.24 1.75795164062
1613.37 1.71709340821
1614.5 1.64375811926
1615.62 1.76528516951
1616.75 1.82500104765
1617.88 1.85538281021
1619.0 1.81871516574
1620.14 1.69509282152
1621.26 1.63328164942
1622.39 1.7589992876
1623.52 1.71814105519
1624.64 1.69718811549
1625.76 1.68671164564
1626.88 1.62909106148
1628.01 1.65213929514
1629.14 1.66471105896
1630.26 1.66994929389
1631.39 1.6207098856
1632.52 1.64899635419
1633.65 1.61023341575
1634.77 1.59032812304
1635.9 1.58089930017
1637.01 1.62909106148
1638.14 1.54737459666
1639.26 1.55994636047
1640.39 1.51280224616
1641.52 1.59451871098
1642.64 1.47822989565
1643.78 1.47299166073
1644.9 1.36508402129
1646.02 1.41537107656
1647.15 1.54632694967
1648.27 1.55889871349
1649.4 1.51280224616
1650.52 1.33260696476
1651.64 1.39965637179
1652.77 1.32841637682
1653.9 1.50232577631
1655.02 1.32736872983
1656.15 1.50127812932
1657.27 1.37975107908
1658.4 1.21317520848
1659.52 1.23517579516
1660.64 1.40384695973
1661.76 1.27812932154
1662.89 1.2676528517
1664.01 1.36717931526
1665.14 1.31165402506
1666.26 1.28441520345
1667.39 1.21841344341
1668.52 1.23831873612
1669.64 1.24774755898
1670.77 1.25193814692
1671.9 1.20269873863
1673.02 1.177555211
1674.15 1.16498344718
1675.28 1.15869756527
1676.4 1.2603193228
1677.52 1.41537107656
1678.66 1.3367975527
1679.78 1.24460461803
1680.91 1.25089049994
1682.04 1.20165109165
1683.16 1.17650756401
1684.28 1.21736579642
1685.41 1.13250639065
1686.54 1.19431756275
1687.66 1.27812932154
1688.78 1.42479989943
1689.9 1.23622344215
1691.01 1.14193521351
1692.14 1.14717344843
1693.26 1.20269873863
1694.39 0.968025814022
1695.48 1.06021874869
1696.6 1.10631521602
1697.72 1.18174579894
1698.85 1.00993169342
1699.94 1.08117168839
1701.07 1.16917403512
1702.2 1.21317520848
1703.32 1.18279344592
1704.45 1.21946109039
1705.58 1.13355403763
1706.71 1.09060051125
1707.84 1.17441227004
1708.98 1.11050580396
1710.09 1.13145874366
1711.22 1.08955286427
1712.34 1.12098227381
1713.46 1.18907932783
1714.59 1.11888697984
1715.72 1.1356493316
1716.84 1.09164815824
1717.97 1.01726522231
1719.07 1.0319322801
1720.15 3.65943091816
1721.27 7.11980890919
1722.4 10.4219922055
1723.52 13.3826425848
1724.68 15.7010853623
1725.84 17.6465658132
1727.01 19.2997527553
1728.18 20.5977873696
1729.34 21.5081925994
1730.5 22.435360181
1731.66 23.1613795415
1732.82 23.681012446
1733.98 24.307505343
1735.14 24.72551649
1736.3 25.1435276369
1737.45 25.4578217324
1738.6 25.7197334786
1739.76 25.903071701
1740.92 26.1000293341
1742.09 26.3022252022
1743.26 26.4038469597
1744.42 26.6123287097
1745.59 26.8208104597
1746.76 26.9769098605
1747.93 27.1602480828
1749.1 27.2524410175
1750.27 27.4022545363
1751.44 27.42530277
1752.61 27.4368268868
1753.78 27.5478774672
1754.94 27.6547374597
1756.12 27.6044504044
1757.29 27.6830239283
1758.46 27.7228345137
1759.63 27.7951221556
1760.81 27.8317898001
1761.98 27.8495997989
1763.15 27.910363324
1764.32 27.9417927335
1765.5 28.0612244898
1766.66 28.1219880149
1767.83 28.2037044797
1769.01 28.1408456606
1770.18 28.2131333026
1771.34 28.1974185978
1772.52 28.1900850689
1773.69 28.2382768302
1774.86 28.2623727109
1776.02 28.326279177
1777.19 28.3587562335
1778.35 28.4279009345
1779.53 28.4090432888
1780.7 28.3482797637
1781.87 28.3168503541
1783.04 28.4069479948
1784.22 28.4509491682
1785.39 28.4216150526
1786.56 28.4582826971
1787.73 28.4247579935
1788.9 28.5651426895
1790.06 28.4781879898
1791.23 28.4876168126
1792.41 28.4394250513
1793.58 28.5200938692
1794.75 28.6646691531
1795.92 28.6856220928
1797.09 28.7474332649
1798.26 28.7264803252
1799.43 28.6636215061
1800.6 28.6321920966
1801.76 28.6164773918
1802.93 28.6615262121
1804.1 28.6835267988
1805.27 28.6940032687
1806.44 28.7002891506
1807.61 28.7023844445
1808.78 28.7044797385
1809.94 28.6520973893
1811.12 28.6793362109
1812.29 28.6395256254
1813.46 28.7778150274
1814.63 28.741147383
1815.8 28.7233373842
1816.97 28.7673385576
1818.14 28.7359091481
1819.3 28.7212420903
1820.47 28.6604785651
1821.65 28.7359091481
1822.82 28.7725767925
1823.99 28.739052089
1825.16 28.8270544357
1826.33 28.9234379583
1827.5 28.8144826719
1828.66 28.8123873779
1829.82 28.811339731
1830.99 28.811339731
1832.16 28.810292084
1833.31 28.8626744332
1834.48 28.8888656078
1835.65 28.9548673679
1836.83 28.9349620752
1838.0 28.9244856053
1839.16 28.8679126681
1840.33 28.8909609018
1841.5 28.9035326656
1842.67 29.013535599
1843.84 29.01667854
1845.01 28.9663914847
1846.18 28.9402003101
1847.35 28.9276285463
1848.53 28.9213426644
1849.7 28.9705820727
1850.86 28.9957256003
1852.04 28.9548673679
1853.21 29.0397267737
1854.38 28.9779156016
1855.55 28.9988685413
1856.72 29.0093450111
1857.89 28.9622008968
1859.06 28.9381050161
1860.23 28.9265808993
1861.41 28.9213426644
1862.58 28.9705820727
1863.75 28.9422956041
1864.93 28.9810585425
1866.1 29.0009638352
1867.27 28.9580103088
1868.45 28.8836273729
1869.62 28.8469597284
1870.79 28.9862967774
1871.96 29.0030591292
1873.14 29.0114403051
1874.3 29.015630893
1875.47 29.017726187
1876.64 28.9663914847
1877.81 29.0449650086
1878.98 29.0323932448
1880.15 29.0784897121
1881.32 29.1015379458
1882.49 29.1130620626
1883.66 29.0669655953
1884.83 28.9904873654
1886.01 28.9527720739
1887.18 28.9339144282
1888.35 28.9768679546
1889.52 28.9988685413
1890.69 29.0617273603
1891.86 29.0407744207
1893.02 29.0826803
1894.19 28.9988685413
1895.35 29.0617273603
1896.52 29.1979214684
1897.69 29.1612538239
1898.86 29.0900138289
1900.03 29.1078238277
1901.2 29.220969702
1902.37 29.1203955915
1903.54 29.1224908855
1904.71 29.1759208817
1905.88 29.2021120563
1907.05 29.0585844194
1908.22 29.1444914722
1909.39 29.1863973515
1910.56 29.156015589
1911.74 29.087918535
1912.91 29.2104932322
1914.08 29.1675397058
1915.26 29.1989691154
1916.43 29.1088714747
1917.6 29.1172526505
1918.77 29.015630893
1919.94 28.8605791393
1921.1 25.3258182123
1922.26 21.7250555253
1923.43 18.6680216234
1924.6 16.2479570884
1925.76 14.3056195784
1926.92 12.5476679378
1928.09 11.1982986213
1929.27 10.3130369191
1930.4 9.45187109751
1931.52 8.91652348825
1932.65 8.17793236391
1933.77 7.75573062901
1934.89 7.28219419185
1936.02 6.88932657252
1937.15 6.58760424087
1938.27 6.22721367808
1939.4 6.04701839668
1940.52 5.69500900976
1941.65 5.57138666555
1942.78 5.30004609647
1943.91 5.11146963919
1945.04 4.91346435905
1946.16 4.709173197
1947.28 4.65888614173
1948.4 4.58240791183
1949.52 4.49126262415
1950.65 4.34040145832
1951.78 4.00410677618
1952.91 3.9402003101
1954.04 3.90772325357
1955.16 3.83962619956
1956.28 3.70133679755
1957.41 3.73590914805
1958.54 3.64895444831
1959.67 3.4488538742
1960.8 3.34827976365
1961.92 3.14084566065
1963.04 3.19427565687
1964.17 3.27284918074
1965.29 3.10313036919
1966.42 3.01827096342
1967.55 2.92398273478
1968.68 3.08532037045
1969.8 2.95750743829
1970.93 2.68302392826
1972.06 2.80874156644
1973.19 2.87055273855
1974.3 2.79721744961
1975.42 2.60340275741
1976.55 2.76893098102
1977.68 2.58873569962
1978.8 2.4996857059
1979.92 2.45463688556
1981.05 2.37920630264
1982.18 2.44730335666
1983.3 2.42844571093
1984.42 2.47139923731
1985.55 2.49235217701
1986.68 2.34672924611
1987.8 2.32577630642
1988.92 2.21053513808
1990.04 2.2576792524
1991.17 2.22834513682
1992.29 2.21472572602
1993.42 2.25977454637
1994.55 2.22939278381
1995.68 2.10996102753
1996.8 2.05024514939
1997.92 1.91614633533
1999.05 2.00519632904
2000.18 2.20739219713
2001.29 2.15186690693
2002.42 2.07119808909
2003.55 2.08272220593
2004.68 1.9318610401
2005.8 2.01357750492
2006.93 1.79252399112
2008.05 1.89205045468
2009.17 1.94128986297
2010.29 2.01776809286
2011.42 2.0565310313
2012.55 2.02405397477
2013.68 2.00729162301
2014.8 1.99891044714
2015.93 1.78519046222
2017.06 1.73071281901
2018.18 1.75585634665
2019.3 1.87319280895
2020.42 1.98424338935
2021.55 1.83023928257
2022.68 1.70033105645
2023.8 1.63642459037
2024.93 1.60394753384
2026.06 1.63956753132
2027.19 1.60604282781
2028.32 1.58823282907
2029.44 1.63223400243
2030.56 1.70661693836
2031.69 1.69194988057
2032.82 1.68356870469
2033.94 1.73280811298
2035.07 1.70452164439
2036.2 1.48032518962
2037.32 1.52642165696
2038.45 1.60080459288
2039.59 1.5861375351
2040.71 1.63118635545
2041.84 1.54946989063
2042.96 1.55994636047
2044.09 1.4614675439
2045.21 1.35879813938
2046.34 1.51804048108
2047.47 1.59661400494
2048.6 1.4268951934
2049.72 1.49918283535
2050.85 1.58823282907
2051.98 1.4750869547
2053.09 1.41851401752
2054.22 1.54737459666
2055.35 1.55889871349
2056.48 1.40803754767
2057.6 1.54213636173
2058.72 1.39965637179
2059.85 1.38079872606
2060.98 1.42375225244
2062.12 1.44575283912
2063.24 1.35146461048
2064.36 1.30432049617
2065.49 1.22784226627
2066.62 1.2948916733
2067.75 1.48556342455
2068.88 1.3713699032
2070.0 1.52432636299
2071.13 1.33784519968
2072.25 1.3504169635
2073.39 1.51280224616
2074.51 1.28022461551
2075.64 1.21631814944
2076.76 1.28965343838
2077.89 1.27289108662
2079.02 1.16079285924
2080.14 1.1566022713
2081.26 1.15450697733
2082.39 1.15345933034
2083.52 1.2047940326
2084.65 1.07383815949
2085.77 1.00888404643
2086.86 1.13250639065
2087.99 1.1429828605
2089.13 1.19955579768
2090.25 1.17650756401
2091.38 1.26870049868
2092.51 1.36822696224
2093.64 1.20793697356
2094.76 1.23203285421
2095.9 1.24460461803
2097.01 1.19850815069
2098.14 1.07069521854
2099.26 1.11155345095
2100.39 1.0801240414
2101.52 0.958596991158
2102.61 0.951263462264
2103.7 1.20898462054
2104.82 1.23308050119
2105.95 0.98269287181
2107.04 1.06755227758
2108.16 1.11050580396
2109.28 1.02669404517
2110.36 1.08955286427
2111.49 1.06859992457
2112.6 1.16288815321
2113.72 1.0528852198
2114.84 1.15450697733
2115.97 1.15345933034
2117.08 1.15345933034
2118.2 1.10002933412
2119.33 0.916691111763
2120.41 1.29698696727
2121.54 4.47240497842
2122.67 7.99773708251
2123.8 11.2800150861
2124.96 13.9693248963
2126.12 16.3611029627
2127.28 18.1850563634
2128.44 19.5689980304
2129.6 20.7853161799
2130.76 21.7596278758
2131.92 22.6134601685
2133.08 23.3541465868
2134.26 23.9869253656
2135.43 24.4604618028
2136.6 24.8019947199
2137.76 25.2346729246
2138.92 25.6086828982
2140.09 25.89992876
2141.27 26.0979340401
2142.44 26.4059422537
2143.6 26.5086116582
2144.76 26.7160457612
2145.92 26.8208104597
2147.09 26.872145162
2148.26 27.0031010351
2149.43 27.1214851444
2150.6 27.1801533755
2151.77 27.2618698403
2152.94 27.355110422
2154.12 27.5059715878
2155.29 27.5824498177
2156.46 27.6725474584
2157.64 27.769978628
2158.81 27.7134056908
2159.98 27.8433139169
2161.15 27.8548380338
2162.31 27.8611239157
2163.48 27.9166492059
2164.66 27.9449356745
2165.83 28.0109374345
2167.01 28.0434144911
2168.18 28.0601768428
2169.34 28.1209403679
2170.51 28.2037044797
2171.69 28.2979927084
2172.87 28.3440891757
2174.04 28.2634203579
2175.21 28.2749444747
2176.38 28.3325650589
2177.54 28.3618991745
2178.71 28.324183883
2179.89 28.3577085865
2181.06 28.3744709383
2182.22 28.4876168126
2183.4 28.4918074006
2184.57 28.4415203453
2185.74 28.4163768177
2186.9 28.5085697523
2188.08 28.5546662197
2189.26 28.4729497549
2190.43 28.5368562209
2191.6 28.5693332775
2192.77 28.5850479822
2193.94 28.5923815111
2195.11 28.7013367976
2196.28 28.6510497423
2197.45 28.6259062146
2198.62 28.6133344508
2199.79 28.6594309182
2200.96 28.6824791518
2202.13 28.6940032687
2203.29 28.7526714998
2204.46 28.7285756192
2205.64 28.7694338516
2206.82 28.738004442
2207.99 28.7212420903
2209.16 28.7139085614
2210.32 28.8144826719
2211.49 28.8123873779
2212.66 28.8637220802
2213.83 28.8888656078
2215.0 28.8501026694
2216.17 28.8301973767
2217.34 28.8197209068
2218.5 28.8155303189
2219.66 28.8123873779
2220.84 28.7589573817
2222.02 28.7851485563
2223.19 28.7453379709
2224.36 28.8301973767
2225.53 28.8721032561
2226.7 28.8417214935
2227.86 28.878389138
2229.04 28.8438167875
2230.22 28.8270544357
2231.39 28.8710556091
2232.56 28.8930561958
2233.73 28.9045803126
2234.9 28.9098185475
2236.06 28.9642961908
2237.24 29.0449650086
2238.42 28.9800108955
2239.59 28.8951514898
2240.76 28.9569626619
2241.93 28.8836273729
2243.1 28.8993420777
2244.26 28.9601056028
2245.44 28.9894397184
2246.62 29.0051544232
2247.79 29.0124879521
2248.96 28.9632485438
2250.13 28.9915350124
2251.3 29.0062020702
2252.46 28.9601056028
2253.63 28.9381050161
2254.81 28.9265808993
2255.98 28.9726773666
2257.15 28.9967732473
2258.32 29.0606797134
2259.49 28.9873444244
2260.66 29.1088714747
2261.83 29.1685873528
2263.01 29.0942044169
2264.18 29.0051544232
2265.35 29.0648703013
2266.52 28.9894397184
2267.7 29.0051544232
2268.86 28.9601056028
2270.03 28.9894397184
2271.2 29.0575367724
2272.37 29.1434438252
2273.54 29.1340150023
2274.7 29.1287767674
2275.86 29.1266814734
2277.03 29.0732514772
2278.2 29.0994426518
2279.37 29.1120144156
2280.54 29.013535599
2281.7 29.0690608892
2282.87 29.0962997108
2284.04 29.1633491179
2285.21 29.1958261744
2286.38 29.2125885262
2287.55 29.0638226543
2288.72 28.9894397184
2289.9 29.1099191217
2291.06 29.1172526505
2292.24 29.1203955915
2293.41 29.1224908855
2294.58 29.0711561832
2295.74 29.0983950048
2296.92 29.0585844194
2298.09 29.1444914722
2299.26 29.1340150023
2300.43 29.1298244144
2301.6 29.1266814734
2302.76 29.1780161757
2303.94 29.2042073503
2305.11 29.1643967649
2306.28 29.1444914722
2307.46 29.1340150023
2308.62 29.0250597159
2309.79 29.0742991242
2310.96 29.151825001
2312.13 29.1905879395
2313.3 29.158110883
2314.46 29.1413485312
2315.64 29.1329673553
2316.81 29.1287767674
2317.98 29.1266814734
2319.15 29.1256338264
2320.31 29.1245861794
2321.47 26.9769098605
2322.64 23.4411012865
2323.8 20.1022503457
2324.96 17.3322717177
2326.13 15.1615471651
2327.29 13.4475966978
2328.46 11.9620332733
2329.63 11.009722164
2330.79 10.113983992
2331.92 9.19519758622
2333.04 8.57918115912
2334.17 8.16536060009
2335.29 7.64468004861
2336.42 7.17533419939
2337.55 6.88723127855
2338.68 6.4817918954
2339.8 6.17483132884
2340.92 5.96844487282
2342.05 5.65519842434
2343.18 5.60386372208
2344.3 5.42157314671
2345.42 4.96270376734
2346.55 4.78669907388
2347.68 4.69764908017
2348.8 4.54888320831
2349.92 4.57926497088
2351.05 4.33306792943
2352.18 4.26182793446
2353.3 4.22620793697
2354.42 4.15601558899
2355.55 3.91086619453
2356.68 3.89410384277
2357.8 3.72752797217
2358.92 3.48761681264
2360.05 3.36818505636
2361.18 3.35980388048
2362.29 3.35666093953
2363.41 3.35456564556
2364.54 3.35351799858
2365.66 3.2477056531
2366.78 3.30008800235
2367.9 3.27389682772
2369.02 3.15656036542
2370.15 2.93969743955
2371.27 2.77940745087
2372.4 2.69978628002
2373.52 2.65892804761
2374.64 2.63902275489
2375.77 2.73435863052
2376.89 2.67673804635
2378.02 2.64740393077
2379.15 2.63378451997
2380.28 2.52168629259
2381.4 2.72702510162
2382.52 2.67359510539
2383.65 2.5415915853
2384.77 2.31844277752
2385.9 2.41587394711
2387.01 2.41273100616
2388.13 2.35930100993
2389.26 2.43682688681
2390.39 2.31844277752
2391.52 2.31110924863
2392.64 2.41273100616
2393.76 2.25453631144
2394.88 2.38444453757
2396.01 2.23986925366
2397.14 2.27234631019
2398.26 2.13091396723
2399.39 2.11310396849
2400.52 2.05234044336
2401.64 2.02091103382
2402.77 2.05862632527
2403.9 2.02405397477
2405.02 2.05967397226
2406.15 2.02510162176
2407.27 1.79880987303
2408.4 1.94652809789
2409.52 1.96852868457
2410.65 2.03243515065
2411.77 1.90671751247
2412.89 1.89624104262
2414.02 1.73385575996
2415.14 1.65213929514
2416.26 1.61232870972
2417.39 1.59137577002
2418.52 1.68671164564
2419.64 1.78623810921
2420.76 1.73071281901
2421.89 1.80823869589
2423.02 1.84700163433
2424.15 1.76214222855
2425.27 1.66680635293
2426.4 1.51384989314
2427.52 1.59556635796
2428.64 1.58299459414
2429.77 1.52537400997
2430.9 1.70556929137
2432.02 1.69090223358
2433.15 1.68356870469
2434.27 1.62699576751
2435.4 1.49499224741
2436.52 1.53270753887
2437.65 1.55261283158
2438.78 1.61442400369
2439.91 1.59242341701
2441.04 1.52956459791
2442.16 1.55051753761
2443.28 1.56099400746
2444.4 1.61861459163
2445.52 1.6479487072
2446.65 1.60918576876
2447.78 1.48556342455
2448.91 1.47613460168
2450.03 1.31479696601
2451.16 1.33784519968
2452.28 1.45518166199
2453.4 1.5651845954
2454.52 1.46356283787
2455.65 1.57042283032
2456.78 1.62280517957
2457.91 1.54527930269
2459.04 1.45308636802
2460.16 1.40803754767
2461.29 1.384989314
2462.41 1.26870049868
2463.55 1.21003226753
2464.68 1.44365754515
2465.8 1.45518166199
2466.93 1.30327284918
2468.05 1.28022461551
2469.18 1.26870049868
2470.3 1.42060931149
2471.43 1.39127519591
2472.56 1.27184343963
2473.68 1.2121275615
2474.81 1.18174579894
2475.94 1.42899048737
2477.07 1.39546578385
2478.2 1.22155638436
2479.32 1.29174873235
2480.45 1.22260403135
2481.58 1.2393663831
2482.71 1.24879520597
2483.84 1.09583874618
2484.96 1.17650756401
2486.1 1.11155345095
2487.21 1.13250639065
2488.34 1.14193521351
2489.46 1.30432049617
2490.59 1.22888991325
2491.72 1.34727402255
2492.85 1.14507815447
2493.97 1.1492687424
2495.11 1.20269873863
2496.23 1.177555211
2497.36 1.16498344718
2498.49 1.15869756527
2499.6 1.20793697356
2500.72 1.33784519968
2501.85 1.29698696727
2502.98 1.11993462683
2504.11 1.13669697859
2505.28 1.19641285672
2506.45 1.06964757155
2507.61 1.16393580019
2508.78 1.10526756904
2509.95 1.07698110045
2511.12 1.00993169342
2512.24 1.02878933914
2513.37 1.03821816201
2514.5 1.14717344843
2515.66 1.15031638939
2516.83 1.15136403637
2518.0 1.15136403637
2519.16 1.10002933412
2520.32 1.07383815949
2521.48 1.11260109793
2522.65 3.07065331266
2523.82 6.56455600721
2524.99 9.98721870678
2526.16 12.9028202657
2527.36 15.4611742027
2528.56 17.5784687592
2529.76 19.2662280518
2530.96 20.5810250178
2532.16 21.604576122
2533.36 22.4835519423
2534.57 23.1854754222
2535.78 23.8496836106
2536.98 24.3399823995
2538.19 24.8983782425
2539.39 25.2304823367
2540.59 25.554205255
2541.8 25.8726899384
2543.0 26.0319322801
2544.2 26.2687004987
2545.4 26.4394669572
2546.6 26.5767087122
2547.81 26.6982357625
2549.02 26.8637639861
2550.24 27.0512927964
2551.46 27.145581025
2552.67 27.2440598416
2553.87 27.2943468969
2555.08 27.423207476
2556.3 27.5929262876
2557.5 27.5730209948
2558.71 27.6159745212
2559.93 27.6369274609
2561.13 27.7521686293
2562.33 27.8097892134
2563.54 27.8904580313
2564.75 27.9313162637
2565.96 28.0046515526
2567.17 27.9878892009
2568.38 28.0329380212
2569.58 28.0549386079
2570.79 28.117797427
2572.0 28.2026568328
2573.2 28.1397980137
2574.4 28.2131333026
2575.6 28.2498009471
2576.8 28.3723756443
2578.0 28.3818044672
2579.2 28.3346603528
2580.42 28.4153291707
2581.63 28.4551397561
2582.84 28.4237103466
2584.06 28.4069479948
2585.28 28.4519968152
2586.49 28.4739974018
2587.7 28.4320915224
2588.9 28.4121862297
2590.11 28.4540921091
2591.31 28.4750450488
2592.52 28.5902862172
2593.73 28.5955244521
2594.94 28.5976197461
2596.14 28.5473326908
2597.34 28.6259062146
2598.55 28.7180991493
2599.76 28.7118132674
2600.97 28.7610526757
2602.18 28.7338138541
2603.38 28.6667644471
2604.59 28.6342873905
2605.8 28.7222897373
2607.02 28.7662909106
2608.23 28.7882914973
2609.44 28.7987679671
2610.65 28.8050538491
2611.86 28.807149143
2613.06 28.809244437
2614.28 28.7568620878
2615.49 28.7317185601
2616.7 28.7704814986
2617.9 28.738004442
2619.11 28.7746720865
2620.33 28.740099736
2621.54 28.8270544357
2622.75 28.8186732599
2623.95 28.8144826719
2625.15 28.8647697272
2626.35 28.7851485563
2627.56 28.8501026694
2628.77 28.8825797259
2629.98 28.8993420777
2631.18 28.9066756066
2632.38 28.9632485438
2633.59 28.9915350124
2634.8 28.9538197209
2636.01 28.9862967774
2637.22 29.0554414784
2638.44 29.0376314797
2639.65 28.9768679546
2640.86 28.945438545
2642.07 28.9307714872
2643.3 28.9223903114
2644.5 29.0240120689
2645.7 29.0742991242
2646.9 29.0994426518
2648.11 29.0072497171
2649.31 28.9611532498
2650.52 28.9381050161
2651.74 28.9789632485
2652.96 28.9988685413
2654.16 29.0617273603
2655.36 28.9883920714
2656.57 28.9517244269
2657.78 28.9339144282
2658.99 29.0816326531
2660.2 29.0502032435
2661.41 29.087918535
2662.62 29.0009638352
2663.83 29.1151573566
2665.04 29.0680132423
2666.26 28.9915350124
2667.48 29.1099191217
2668.69 29.0648703013
2669.9 29.0952520639
2671.11 29.1099191217
2672.31 29.0124879521
2673.52 29.1203955915
2674.73 29.1224908855
2675.94 29.1759208817
2677.14 29.1507773541
2678.35 29.0323932448
2679.56 29.0784897121
2680.78 29.0491555965
2681.98 29.1392532372
2683.19 29.1843020576
2684.39 29.154967942
2685.61 29.086870888
2686.82 29.158110883
2688.03 29.088966182
2689.25 29.1591585299
2690.46 29.1423961782
2691.68 29.0282026568
2692.88 29.1287767674
2694.1 29.1266814734
2695.3 29.1256338264
2696.5 29.1256338264
2697.7 29.1245861794
2698.9 29.0722038302
2700.1 29.0983950048
2701.3 29.1120144156
2702.51 29.223064996
2703.72 29.226207937
2704.93 29.1748732347
2706.14 29.0973473578
2707.34 29.1109667686
2708.55 29.0659179483
2709.76 29.1476344131
2710.97 29.1361102963
2712.18 29.0774420651
2713.39 29.1015379458
2714.6 29.1130620626
2715.8 29.1183002975
2717.0 29.1738255877
2718.2 29.1497297071
2719.41 29.1371579433
2720.62 29.1832544106
2721.83 29.153920295
2723.04 28.2487533001
2724.25 24.653228848
2725.46 21.0744667477
2726.67 18.0802916649
2727.88 15.6927041864
2729.1 13.7650337342
2730.29 12.3308050119
2731.49 11.0369609856
2732.7 10.0752210535
2733.87 9.28110463898
2735.04 8.56870468927
2736.2 7.84687591669
2737.36 7.5902024054
2738.53 7.19943008004
2739.7 6.63789129615
2740.86 6.30473955496
2742.03 6.08578133512
2743.2 5.92444369945
2744.36 5.52843313917
2745.52 5.38385785526
2746.69 5.20575786783
2747.85 5.01299082261
2749.01 4.86317730378
2750.18 4.68402966936
2751.34 4.64736202489
2752.51 4.47135733143
2753.68 4.27859028622
2754.84 4.18220676361
2756.0 4.18639735155
2757.16 3.97896324854
2758.32 3.87524619704
2759.49 3.77048149855
2760.65 3.66676444705
2761.8 3.66676444705
2762.96 3.45723505008
2764.11 3.35247035159
2765.26 3.35247035159
2766.41 3.35247035159
2767.57 3.35247035159
2768.72 3.2477056531
2769.88 3.19532330386
2771.04 3.27389682772
2772.2 3.26027741692
2773.36 3.09684448728
2774.53 2.91036332397
2775.69 2.86950509156
2776.86 3.00674684658
2778.02 2.91769685287
2779.18 2.87264803252
2780.34 2.64111804886
2781.51 2.52587688053
2782.68 2.6243556971
2783.84 2.51749570465
2785.0 2.46301806143
2786.16 2.48920923606
2787.32 2.50178099987
2788.48 2.45568453254
2789.64 2.43263629887
2790.81 2.42111218204
2791.98 2.20529690316
2793.14 2.15081925994
2794.3 2.17491514059
2795.46 2.34463395214
2796.63 2.1675816117
2797.8 2.07957926497
2798.96 2.13929514311
2800.12 2.11729455643
2801.28 2.15920043582
2802.46 2.07434103005
2803.62 2.0848174999
2804.78 2.09005573482
2805.94 2.14558102502
2807.11 2.17281984662
2808.27 2.0292922097
2809.44 2.06176926623
2810.6 2.07853161799
2811.76 2.08691279386
2812.92 1.93395633407
2814.1 2.01462515191
2815.25 1.95071868583
2816.42 1.97062397854
2817.59 1.82290575368
2818.75 1.80195281398
2819.91 1.84385869337
2821.07 1.70766458534
2822.24 1.74433222981
2823.4 1.65842517705
2824.56 1.82395340066
2825.73 1.75061811172
2826.9 1.71290282027
2828.07 1.74747517077
2829.24 1.81661987177
2830.41 1.69404517454
2831.57 1.68461635167
2832.73 1.68042576373
2833.89 1.67833046976
2835.05 1.46775342581
2836.22 1.52013577505
2837.39 1.54527930269
2838.56 1.61128106273
2839.72 1.64375811926
2840.9 1.60709047479
2842.05 1.64166282529
2843.23 1.65947282404
2844.4 1.61547165067
2845.56 1.59347106399
2846.72 1.37241755018
2847.89 1.31479696601
2849.05 1.44365754515
2850.23 1.40279931274
2851.4 1.43422872229
2852.56 1.50337342329
2853.72 1.32736872983
2854.89 1.50232577631
2856.06 1.32736872983
2857.24 1.2393663831
2858.4 1.45832460294
2859.57 1.25298579391
2860.73 1.46461048485
2861.89 1.57042283032
2863.05 1.46565813184
2864.22 1.30955873109
2865.38 1.23098520722
2866.55 1.40070401877
2867.72 1.43422872229
2868.88 1.50232577631
2870.05 1.32736872983
2871.22 1.44994342706
2872.39 1.35355990445
2873.56 1.41013284164
2874.72 1.33365461174
2875.89 1.50442107028
2877.05 1.38079872606
2878.24 1.31898755395
2879.4 1.23622344215
2880.56 1.19431756275
2881.72 1.17336462306
2882.88 1.21527050245
2884.04 1.28860579139
2885.21 1.32527343586
2886.38 1.39546578385
2887.55 1.32632108285
2888.72 1.29174873235
2889.88 1.37975107908
2891.05 1.31793990697
2892.23 1.28755814441
2893.4 1.27289108662
2894.56 1.26450991074
2895.72 1.26136696979
2896.88 1.46880107279
2898.04 1.25822402883
2899.22 1.15241168336
