0.007465 24
0.00753 23
0.007595 19
0.007687 19
0.007765 19
0.007829 24
0.007892 19
0.007954 19
0.008017 20
0.008079 20
0.008142 20
0.008204 19
0.008267 22
0.008328 24
0.008391 23
0.008453 22
0.008555 18
0.008677 19
0.008743 24
0.008806 22
0.008869 18
0.008931 21
0.008994 23
0.009056 24
0.009118 20
0.009181 18
0.009243 18
0.009306 19
0.009368 22
0.009431 20
0.009493 19
0.009556 23
0.009655 22
0.00972 18
0.009783 18
0.009845 19
0.009918 19
0.009984 24
0.010046 20
0.010108 20
0.010171 20
0.010321 19
0.01043 23
0.010536 22
0.010665 20
0.010777 21
0.010899 18
0.011002 19
0.011103 22
0.011204 21
0.011304 22
0.011405 20
0.011504 18
0.011638 24
0.011758 24
0.01192 21
0.012032 19
0.012143 21
0.012252 20
0.012368 19
0.012681 22
0.012902 22