0.002547 21
0.002647 24
0.002713 24
0.002775 24
0.002838 19
0.002901 21
0.002964 24
0.003027 24
0.00309 24
0.003153 20
0.003216 18
0.003279 18
0.003366 19
0.003431 21
0.003493 21
0.003556 19
0.003659 21
0.003724 23
0.003787 24
0.00385 24
0.003913 21
0.003975 20
0.004038 19
0.004101 19
0.004164 19
0.004227 22
0.00429 22
0.004352 18
0.004415 19
0.004478 21
0.004541 23
0.004632 24
0.004703 24
0.004767 22
0.004829 21
0.004892 18
0.004955 21
0.005018 18
0.00508 22
0.005143 22
0.005206 21
0.005269 18
0.005332 19
0.005394 21
0.00547 21
0.005533 21