1.971857 49
1.971921 48
1.971984 47
1.972747 44
1.972812 43
1.972884 40
1.972963 40
1.974014 37
1.974102 37
1.974166 35
1.974229 35
1.9748 35
1.974873 34
1.974938 34
1.975003 34
1.975753 40
1.975827 44
1.975892 49
1.975956 52
1.976856 54
1.976937 56
1.977003 55
1.977066 57
1.97713 57
1.977774 52
1.977844 47
1.977908 45
1.977972 41
1.978976 39
1.979042 40
1.979105 40
1.979168 38
1.979793 44
1.979859 47
1.979922 52
1.979986 53
1.980806 56
1.980876 57
1.980939 57
1.981002 59
1.981997 55
1.982139 47
1.98226 47
1.982345 46
1.983023 44
1.983159 42
1.983228 37
1.983292 40
1.984003 39
1.98414 45
1.984261 50
1.984334 54
1.984394 56
1.984844 58
1.984909 58
1.98497 59
1.985029 59
1.986 53
1.986137 47
1.986254 47
1.986328 43
1.986998 41
1.987133 39
1.987235 39
1.9873 39
1.988003 42
1.988142 47
1.988243 51
1.988309 54
1.989001 55
1.989136 58
1.989239 55
1.989303 59
1.9898 59
1.989892 61
1.98996 61
1.990023 61
1.990757 64
1.990827 63
1.990891 63
1.990954 63
1.991785 63
1.991868 63
1.991934 58
1.991999 56
1.992063 48
1.992803 49
1.992873 44
1.992937 45
1.993 40
1.993774 39
1.993843 42
1.993956 50
1.994052 53
1.994759 54
1.994825 55
1.994889 57
1.994952 60
1.995995 64
1.996135 64
1.996255 56
1.996343 50
1.996778 48
1.996848 45
1.996913 43
1.996977 39
1.997996 39
1.998142 39
1.998256 38
1.998321 37
1.999043 36
1.999133 36
1.999194 36
1.999254 35
1.999955 33
2.000101 31
2.000204 35
2.000269 43
2.000329 45
2.001036 52
2.001135 51
2.001199 53
2.001259 56
2.002003 57
2.002137 57
2.002239 60
2.002304 57
2.002995 62
2.00313 59
2.003248 62
2.003322 60
2.003999 63
2.004133 61
2.00425 58
2.004329 54
2.004997 50
2.005133 48
2.005254 45
2.005326 44
2.00602 42
2.006166 40
2.006286 44
2.00635 48
2.007 53
2.007122 56
2.007192 57
2.007255 58
2.007954 60
2.008094 60
2.008215 62
2.008293 54
2.008356 47
2.00899 47
2.009129 45
2.009251 44
2.009333 42
2.009962 42
2.010098 40
2.010215 44
2.010281 49
2.01084 53
2.010906 56
2.010967 56
2.011026 58
2.012009 60
2.012147 60
2.012266 57
2.012343 53
2.013008 47
2.013147 45
2.013228 45
2.01329 43
2.013769 39
2.013848 40
2.013909 39
2.01397 45
2.014804 49
2.014909 51
2.014996 55
2.015062 55
2.01595 55
2.016096 59
2.016203 60
2.016272 55
2.016335 51
2.017 47
2.017143 43
2.017251 43
2.017321 42
2.017993 41
2.018133 39
2.018252 42
2.018336 47
2.018999 52
2.019146 54
2.019239 55
2.019307 55
2.01999 55
2.020136 59
2.020241 59
2.020307 53
2.020998 49
2.021132 47
2.021251 43
2.021326 43
2.022001 41
2.022137 40
2.022255 38
2.022329 40
2.023014 42
2.023102 48
2.023175 50
2.023236 56
2.023953 53
2.024095 58
2.024221 60
2.024302 59
2.024363 58
2.024986 53
2.025122 48
2.025238 48
2.025309 44
2.026007 43
2.026148 41
2.026253 39
2.026319 38
2.026831 37
2.026896 36
2.026956 36
2.027016 36
2.027979 36
2.028077 33
2.028141 33
2.028201 31
2.029003 36
2.029138 43
2.02924 47
2.029304 50
2.029998 53
2.030135 54
2.030253 55
2.030326 55
2.031039 58
2.031139 51
2.031203 48
2.031263 44
2.031952 44
2.032095 39
2.032198 39
2.032263 39
2.032323 38
2.032996 44
2.03313 52
2.033239 52
2.033304 54
2.033997 56
2.034134 58
2.034249 58
2.034325 59
2.035005 55
2.035142 49
2.03525 47
2.035317 45
2.035997 43
2.036138 39
2.036255 39
2.036321 38
2.036993 40
2.037129 48
2.037244 51
2.037323 53
2.037995 56
2.038132 55
2.038249 57
2.038326 57
2.038999 59
2.039132 60
2.039229 61
2.039295 62
2.039355 62
2.039751 63
2.03983 63
2.039891 63
2.039951 63
2.041005 60
2.041144 56
2.041218 51
2.041278 47
2.042001 45
2.042137 43
2.042231 43
2.042297 40
2.043002 40
2.043142 39
2.043233 35
2.043298 37
2.044 36
2.044136 34
2.044284 34
2.044365 35
2.04498 32
2.045118 40
2.045235 48
2.045313 50
2.045837 52
2.045903 56
2.045963 56
2.046023 57
2.047074 58
2.047157 56
2.047218 50
2.047278 48
2.047338 43
2.047999 42
2.048134 41
2.04825 40
2.048324 40
2.049003 38
2.049144 45
2.049223 49
2.049285 53
2.049998 54
2.050132 55
2.050249 55
2.050329 59
2.050994 59
2.05113 54
2.051248 47
2.051314 47
2.051998 45
2.052132 44
2.052248 41
2.052327 39
2.053001 36
2.053139 44
2.053227 49
2.053291 53
2.053999 51
2.05413 55
2.054225 55
2.05429 55
2.054949 59
2.05509 59
2.05521 59
2.055295 61
2.055359 61
2.056001 63
2.056137 61
2.056206 63
2.056267 61
2.057019 63
2.057107 66
2.057181 59
2.057241 56
2.058009 49
2.058148 50
2.058247 43
2.058314 46
2.059 39
2.059135 42
2.059253 38
2.059327 40
2.060002 35
2.060136 38
2.060224 36
2.060287 35
2.060991 36
2.061129 33
2.061223 36
2.061289 41
2.062 45
2.062137 52
2.062256 51
2.062333 56
2.062802 54
2.062879 58
2.063008 59
2.063074 55
2.063135 51
2.06383 48
2.0639 42
2.063964 44
2.064028 42
2.06482 39
2.064886 38
2.064946 39
2.065006 48
2.06601 48
2.066148 54
2.066241 53
2.066306 58
2.066999 58
2.067137 58
2.067255 61
2.067324 57
2.067996 62
2.068137 62
2.068245 63
2.06831 61
2.069001 63
2.06914 64
2.069238 61
2.069303 60
2.069999 56
2.070134 51
2.070254 50
2.070331 43
2.070938 45
2.071081 39
2.071201 42
2.071269 37
2.071329 40
2.071999 34
2.072134 38
2.072256 34
2.072326 33
2.07301 35
2.073097 36
2.07317 33
2.07323 39
2.074002 47
2.074134 52
2.074249 49
2.074368 55
2.07499 57
2.075128 55
2.075232 60
2.075298 54
2.075999 51
2.076134 48
2.076231 43
2.076296 44
2.076996 39
2.077132 40
2.077254 39
2.077329 40
2.078008 43
2.078148 52
2.078253 52
2.078318 55
2.078378 58
2.078838 54
2.078972 59
2.079051 61
2.079113 51
2.079882 50
2.079967 46
2.080028 46
2.080088 40
2.080831 42
2.080897 38
2.080957 39
2.081016 43
2.082009 47
2.082147 52
2.082242 54
2.082307 55
2.082996 58
2.083131 59
2.08325 59
2.083325 59
2.084001 54
2.084134 49
2.084248 43
2.084315 46
2.084998 42
2.085132 39
2.085225 41
2.08529 35
2.086 45
2.086141 50
2.086229 53
2.086294 56
2.086953 57
2.087093 55
2.08721 59
2.087288 59
2.087351 60
2.087979 62
2.088118 62
2.088211 62
2.088276 62
2.088998 62
2.089132 63
2.089251 63
2.089341 63
2.090083 63
2.090374 57
2.090464 53
2.090525 50
2.090807 46
2.090869 46
2.090928 44
2.090988 42
2.091749 41
2.091811 39
2.091871 38
2.09193 37
2.092998 36
2.093138 36
2.093257 35
2.093332 33
2.093937 33
2.094081 37
2.094195 43
2.094261 47
2.09432 51
2.095085 54
2.09517 55
2.095231 56
2.095291 58
2.096014 60
2.096152 52
2.096221 49
2.096281 48
2.097025 44
2.097137 42
2.097204 41
2.097265 39
2.098 39
2.098138 41
2.098257 47
2.098327 51
2.099023 53
2.099111 56
2.099184 57
2.099245 58
2.099997 60
2.100135 58
2.100254 52
2.100322 48
2.101004 48
2.101144 44
2.101227 43
2.10129 39
2.101977 39
2.102089 38
2.102275 45
2.102388 50
2.102467 51
2.102819 54
2.102885 58
2.102949 58
2.103012 58
2.103812 60
2.103877 60
2.103938 62
2.103997 64
2.104998 64
2.105134 64
2.105254 64
2.105328 64
2.106013 64
2.106116 63
2.106181 56
2.106241 52
2.107015 49
2.1071 48
2.107172 45
2.107233 43
2.107995 39
2.108134 39
2.108253 47
2.108322 52
2.108996 54
2.109134 56
2.109254 58
2.109323 60
2.109925 60
2.110065 60
2.110185 57
2.110266 52
2.11033 49
2.111092 47
2.111178 43
2.111239 43
2.111299 42
2.111999 40
2.112136 38
2.112253 39
2.112323 37
2.112997 35
2.113132 34
2.11325 36
2.113321 35
2.114075 33
2.114162 33
2.114226 39
2.114297 43
2.114997 47
2.115128 51
2.115235 53
2.1153 55
2.116004 55
2.116144 58
2.116238 59
2.116303 60
2.116999 60
2.117134 62
2.117251 62
2.117324 64
2.117923 64
2.118063 61
2.118175 61
2.118242 55
2.118301 51
2.118998 47
2.119131 46
2.11925 44
2.119329 42
2.120005 41
2.120141 39
2.120234 39
2.120299 43
2.121011 49
2.121148 52
2.121232 56
2.121294 56
2.121999 58
2.122135 60
2.122252 60
2.122325 57
2.122802 53
2.122876 50
2.122942 45
2.123014 44
2.124002 44
2.124138 42
2.12426 40
2.124335 40
2.125009 40
2.125151 35
2.125237 36
2.125301 35
2.125947 36
2.126086 33
2.126205 33
2.126288 33
2.126351 37
2.127 44
2.127139 48
2.127203 52
2.127263 53
2.127998 56
2.128135 56
2.128253 58
2.128325 56
2.129005 52
2.129145 48
2.129229 46
2.129292 43
2.129994 41
2.13013 39
2.130242 38
2.130307 38
2.131019 44
2.131102 50
2.131163 53
2.131222 53
2.131997 55
2.132135 55
2.132234 57
2.132299 57
2.132948 59
2.133087 64
2.133204 62
2.133275 61
2.133335 61
2.134001 64
2.134135 64
2.134251 64
2.134328 64
2.134995 55
2.13513 51
2.135232 47
2.135298 46
2.135999 45
2.136136 44
2.136253 41
2.136327 40
2.13699 40
2.137128 38
2.137243 37
2.137313 35
2.138001 35
2.138136 36
2.138258 34
2.13833 34
2.138996 38
2.139129 45
2.139228 49
2.139294 51
2.140006 52
2.140092 56
2.140164 57
2.140224 57
2.141025 57
2.14116 51
2.141276 47
2.141343 45
2.141402 43
2.14184 42
2.141906 40
2.141966 39
2.142026 35
2.143096 45
2.143184 50
2.143245 53
2.143305 54
2.143997 56
2.144135 58
2.144255 60
2.144326 60
2.145003 60
2.145141 61
2.145235 62
2.1453 62
2.146001 62
2.146169 62
2.146237 64
2.146297 62
2.146968 61
2.147102 54
2.147222 53
2.147302 48
2.148025 48
2.14811 44
2.14817 43
2.148229 41
2.148952 39
2.149092 47
2.149211 51
2.149288 54
2.149349 57
2.149975 60
2.150113 60
2.150215 60
2.150281 62
2.151003 56
2.15114 52
2.151257 48
2.151333 48
2.152 44
2.152137 43
2.152256 40
2.152329 40
2.153 40
2.153137 38
2.153249 43
2.153315 50
2.154033 54
2.154172 56
2.154264 56
2.154329 58
2.155002 60
2.155137 60
2.155219 56
2.15528 52
2.156014 48
2.15611 45
2.156172 43
2.156231 39
2.156953 40
2.157092 40
2.157213 38
2.157303 37
2.157368 36
2.157972 33
2.158113 35
2.158229 34
2.158301 34
2.159096 34
2.159183 32
2.159244 41
2.159304 48
2.159994 50
2.160133 52
2.160232 54
2.160298 56
2.160997 56
2.161134 58
2.161252 54
2.16133 50
2.162001 48
2.162138 43
2.162259 39
2.162332 39
2.163002 37
2.16314 38
2.163248 41
2.163315 47
2.164022 49
2.164111 51
2.164176 55
2.16424 55
2.164954 57
2.165098 57
2.165219 59
2.165307 59
2.165372 61
2.16599 59
2.166125 59
2.166245 64
2.166316 64
2.166999 61
2.167133 64
2.167252 59
2.167329 53
2.168031 47
2.168168 47
2.168267 46
2.168332 44
2.168994 42
2.16913 40
2.16923 42
2.169296 49
2.169999 52
2.170133 55
2.170252 55
2.170324 57
2.170997 60
2.171137 61
2.171239 62
2.171306 56
2.172008 50
2.172147 48
2.172238 45
2.172303 44
2.172716 42
2.172782 39
2.172852 40
2.172911 40
2.17297 38
2.174 34
2.174138 35
2.174257 35
2.174333 34
2.175092 31
2.175176 33
2.175237 36
2.175297 44
2.175997 48
2.176134 52
2.176252 52
2.176328 56
2.176997 56
2.177132 58
2.177247 58
2.177323 60
2.177994 60
2.178133 60
2.178251 61
2.178326 62
2.179001 62
2.17914 62
2.179258 63
2.179325 58
2.179926 54
2.180067 50
2.180189 48
2.180271 45
2.180335 43
2.181005 42
2.181147 40
2.181254 42
2.181321 49
2.182001 52
2.182134 56
2.182247 55
2.182314 60
2.183037 60
2.183142 59
2.183204 62
2.183263 55
2.184001 49
2.184136 48
2.184229 45
2.184294 43
2.184989 41
2.185125 39
2.185241 39
2.185322 38
2.186006 38
2.186144 36
2.186225 36
2.186286 36
2.186998 34
2.187136 34
2.187256 33
2.187326 33
2.187926 31
2.188066 31
2.188186 31
2.188269 32
2.188333 32
2.189005 29
2.189132 29
2.189204 29
2.189268 30
2.189806 30
2.189876 30
2.189951 28
2.190015 28
2.191084 29
2.191215 28
2.191285 28
2.19135 27
2.191817 27
2.191883 27
2.191944 27
2.192005 25
2.193005 28
2.193143 28
2.193236 28
2.193301 28
2.194002 27
2.194138 27
2.194246 26
2.194311 28
2.194992 26
2.195122 27
2.195237 25
2.195313 23
2.195953 26
2.196094 26
2.196212 26
2.196291 26
2.196353 26
2.196965 25
2.197101 26
2.197208 25
2.197274 23
2.198006 23
2.198142 23
2.198234 26
2.198299 24
2.199054 24
2.199192 24
2.199299 25
2.199364 25
2.199832 23
2.199898 23
2.199958 25
2.200017 25
2.200761 24
2.200833 24
2.200893 24
2.200952 23
2.201984 23
2.202076 24
2.202137 24
2.202197 23
2.203 23
2.203136 23
2.203256 25
2.20333 24
2.203921 23
2.204059 23
2.20418 23
2.204271 23
2.204337 23
2.204999 24
2.205134 24
2.205253 24
2.205325 24
2.206023 24
2.20611 24
2.206181 24
2.206242 23
2.207055 23
2.207181 23
2.207242 24
2.207302 24
2.207994 24
2.20813 24
2.208249 23
2.208326 23
2.208997 24
2.209135 24
2.20925 24
2.209316 23
2.209991 23
2.210125 23
2.210228 23
2.210293 24
2.211001 24
2.21114 23
2.211259 23
2.211335 23
2.211938 23
2.212079 24
2.2122 24
2.212281 24
2.212344 23
2.212979 24
2.213118 23
2.213207 23
2.213271 21
2.214024 24
2.214111 24
2.214177 24
2.21425 23
2.215003 23
2.215142 23
2.215232 23
2.215297 24
2.215999 24
2.21614 24
2.216246 23
2.216311 23
2.217 22
2.217134 24
2.217253 24
2.21737 24
2.217986 23
2.218067 23
2.218128 23
2.218188 23
2.219004 22
2.219138 24
2.21923 23
2.219294 23
2.219952 23
2.220095 23
2.220215 24
2.220285 24
2.220345 24
2.220988 23
2.221121 23
2.221235 22
2.221307 24
2.221998 24
2.222135 24
2.222251 24
2.222337 24
2.222806 23
2.222871 21
2.222932 24
2.223062 24
2.223821 24
2.223886 22
2.223947 24
2.224006 24
2.225035 23
2.225173 23
2.225274 22
2.225339 24
2.225998 24
2.226137 24
2.226235 23
2.2263 23
2.226996 23
2.227133 22
2.227248 22
2.227329 22
2.227932 24
2.228072 24
2.228184 23
2.228248 23
2.228308 22
2.229 23
2.229136 22
2.229255 22
2.22933 24
2.229993 24
2.23013 24
2.230251 23
2.230326 22
2.231003 22
2.231139 22
2.231228 24
2.231292 24
2.231999 23
2.232139 23
2.232256 22
2.232328 20
2.232994 24
2.233127 24
2.233244 22
2.233322 23
2.234003 21
2.234127 21
2.234193 21
2.234253 22
2.235037 22
2.235139 24
2.2352 24
2.23526 21
2.235951 23
2.236092 22
2.23621 22
2.236302 24
2.236367 24
2.236974 21
2.237109 23
2.237226 22
2.237299 22
2.237999 22
2.238135 22
2.238236 24
2.238301 23
2.239054 23
2.239183 22
2.239245 22
2.239305 22
2.239737 24
2.239802 21
2.239873 23
2.239933 22
2.240819 22
2.240884 22
2.240945 22
2.241004 22
2.242 24
2.242136 23
2.242255 21
2.24233 21
2.242996 24
2.243131 22
2.243247 24
2.243324 22
2.243924 21
2.244062 22
2.244181 22
2.244263 22
2.244326 22
2.244996 24
2.24513 24
2.245227 22
2.245293 21
2.246001 21
2.246134 21
2.246222 21
2.246287 21
2.247003 22
2.247142 21
2.247254 22
2.247321 22
2.248045 24
2.248134 22
2.248195 23
2.248255 21
2.248994 20
2.249125 23
2.249226 24
2.249292 21
2.250012 23
2.250151 22
2.250236 22
2.250299 23
2.251005 21
2.251145 21
2.251247 22
2.251313 22
2.251373 22
2.252079 24
2.252175 24
2.252236 24
2.252295 24
2.252997 22
2.253133 22
2.253237 19
2.253302 21
2.253994 24
2.254129 22
2.254248 21
2.254328 21
2.254952 22
2.255166 21
2.255242 21
2.255306 22
2.255746 22
2.255816 24
2.255881 22
2.255944 22
2.256704 23
2.256774 21
2.256838 22
2.256901 22
2.258003 24
2.258143 21
2.258225 22
2.258287 22
2.258999 24
2.259132 24
2.259232 23
2.259296 21
2.259356 22
2.259986 22
2.260124 22
2.26022 22
2.260285 21
2.260996 23
2.261133 22
2.261251 22
2.261335 22
2.262021 24
2.262128 21
2.262194 20
2.262254 21
2.262997 24
2.263133 22
2.263248 21
2.263314 21
2.264094 24
2.264205 22
2.264271 22
2.264335 21
2.26482 21
2.264886 22
2.264946 22
2.265005 22
2.265998 22
2.266132 24
2.266248 21
2.266328 21
2.267007 21
2.267143 22
2.267237 22
2.267302 22
2.267361 22
2.267976 23
2.26811 21
2.268222 22
2.26829 22
2.269016 24
2.269101 22
2.269161 22
2.26922 21
2.269996 22
2.270134 22
2.270234 22
2.270299 22
2.271012 22
2.271187 22
2.271256 21
2.271316 21
2.271773 22
2.271835 22
2.271895 24
2.271954 22
2.272759 19
2.27282 21
2.27288 22
2.272939 22
2.274001 22
2.274139 22
2.274258 22
2.274331 22
2.274926 24
2.275066 21
2.275186 21
2.27527 22
2.275334 22
2.276001 22
2.276136 22
2.276254 21
2.276332 21
2.276996 22
2.277133 22
2.27725 22
2.277326 21
2.277997 24
2.278137 24
2.278254 22
2.278321 21
2.278996 23
2.279129 24
2.279231 24
2.279297 22
2.279998 23
2.280136 21
2.280239 22
2.280305 22
2.280997 22
2.281129 21
2.281241 22
2.281307 22
2.282003 21
2.282139 21
2.282228 22
2.282292 22
2.282957 24
2.283099 24
2.283202 22
2.283268 19
2.283328 19
2.283997 21
2.284131 21
2.284248 21
2.284325 22
2.284997 22
2.285134 22
2.285231 22
2.285296 22
2.286025 23
2.286108 19
2.286169 19
2.28623 21
2.287089 22
2.287207 22
2.287269 22
2.28733 22
2.287993 22
2.28814 23
2.288253 21
2.288321 21
2.289005 22
2.289196 22
2.289273 22
2.289346 24
2.289839 21
2.289909 19
2.289972 21
2.290035 22
2.29095 22
2.291091 22
2.29121 22
2.291295 22
2.291359 22
2.291985 21
2.29212 21
2.292215 21
2.292281 24
2.293003 22
2.293135 22
2.293237 22
2.293303 19
2.293998 19
2.294134 22
2.294251 21
2.294321 21
2.29502 21
2.295152 22
2.295217 22
2.295277 22
2.296005 22
2.296139 22
2.296228 24
2.296293 21
2.297019 21
2.297137 22
2.297205 22
2.297265 22
2.298037 24
2.298154 21
2.29822 22
2.29828 22
2.298947 22
2.299087 21
2.299207 21
2.299287 22
2.299349 21
2.30001 22
2.300146 22
2.30024 21
2.300305 21
2.300999 21
2.301133 21
2.30125 22
2.301329 22
2.302 22
2.302139 22
2.302237 21
2.302303 22
2.302989 22
2.30313 22
2.303197 21
2.303257 21
2.303776 24
2.303846 22
2.30391 22
2.303974 22
2.305003 24
2.305138 21
2.305232 21
2.305297 22
2.305925 22
2.306085 22
2.30616 22
2.306224 22
2.306287 22
2.306798 23
2.306864 22
2.306924 22
2.306984 22
2.307813 22
2.307878 21
2.307938 21
2.307998 22
2.308998 21
2.309135 24
2.309251 24
2.309327 21
2.309997 22
2.31013 21
2.310233 22
2.310299 21
2.311004 22
2.311143 24
2.31124 21
2.311305 21
2.312007 21
2.312148 21
2.312239 22
2.312303 22
2.312994 21
2.313129 21
2.313247 19
2.31332 21
2.314039 22
2.314126 22
2.31419 21
2.314263 22
2.314323 21
2.314995 21
2.315132 19
2.315252 21
2.315327 22
2.315994 22
2.316132 22
2.316251 22
2.316324 21
2.316994 20
2.31713 21
2.317237 21
2.317303 23
2.317991 23
2.318127 21
2.318245 21
2.318313 22
2.318976 22
2.31913 21
2.319208 24
2.319268 21
2.319999 21
2.320133 22
2.320235 22
2.320301 21
2.32085 22
2.320919 22
2.32098 21
2.321041 21
2.321883 22
2.321988 22
2.322064 22
2.322137 22
2.322198 19
2.322988 19
2.323084 24
2.323145 24
2.323206 22
2.323994 21
2.324126 22
2.324236 22
2.324303 22
2.324997 22
2.325128 22
2.325244 24
2.325323 21
2.325996 21
2.326131 19
2.32622 21
2.326284 21
2.326996 22
2.327128 22
2.327233 22
2.327299 21
2.327995 21
2.328129 22
2.328247 22
2.328323 22
2.328997 22
2.329131 21
2.32925 21
2.329323 22
2.329927 22
2.330069 24
2.330183 24
2.330249 21
2.330309 21
2.330996 22
2.331132 22
2.331251 22
2.33133 22
2.332 21
2.332137 21
2.332229 19
2.332294 19
2.332996 22
2.333133 22
2.33325 22
2.333324 22
2.333995 22
2.334128 21
2.334241 21
2.334308 22
2.334986 22
2.335182 22
2.335257 21
2.335318 21
2.335996 22
2.336131 22
2.33625 21
2.336325 21
2.336998 21
2.337134 22
2.337253 22
2.337333 22
2.33795 22
2.338065 21
2.338129 21
2.33819 22
2.33825 22
2.339008 24
2.339158 22
2.339233 21
2.339296 21
2.339994 21
2.340122 22
2.34024 21
2.340323 21
2.340999 22
2.341139 21
2.341224 22
2.341286 22
2.341997 21
2.342133 21
2.34225 21
2.342321 24
2.342991 22
2.343127 22
2.343244 22
2.343318 22
2.343993 21
2.344126 21
2.344233 22
2.344298 22
2.344998 22
2.345135 22
2.345255 22
2.345328 21
2.345922 21
2.34606 22
2.346175 22
2.346249 22
2.346309 22
2.346997 24
2.347132 22
2.347249 22
2.34733 19
2.347994 21
2.348132 22
2.348254 22
2.348326 22
2.348993 22
2.349127 21
2.349243 19
2.349321 22
2.34999 22
2.350123 22
2.350241 22
2.350321 22
2.350987 22
2.351188 23
2.351262 23
2.351323 21
2.351995 20
2.352128 22
2.352245 23
2.352331 23
2.353 19
2.353136 19
2.353228 19
2.353293 19
2.353952 24
2.354094 22
2.354208 22
2.354274 21
2.354334 21
2.354835 21
2.354901 22
2.354961 22
2.35502 22
2.355725 24
2.355798 22
2.355857 22
2.355917 19
2.35698 21
2.357111 22
2.357227 19
2.357308 24
2.357999 24
2.35814 22
2.358255 22
2.358321 22
2.358995 20
2.359128 24
2.359236 19
2.359301 24
2.360002 19
2.360139 24
2.360238 19
2.360304 24
2.360921 22
2.361056 24
2.361173 23
2.361272 22
2.361337 22
2.361972 21
2.362111 23
2.362203 22
2.362268 21
2.362997 18
2.363133 19
2.363252 22
2.363327 24
2.364021 22
2.364107 22
2.364173 19
2.364246 22
2.364998 19
2.365134 22
2.365252 21
2.36532 22
2.365995 19
2.366128 24
2.366226 19
2.366291 22
2.366995 22
2.367191 20
2.367265 23
2.367326 20
2.367998 22
2.368135 21
2.368243 22
2.368309 21
2.368949 22
2.369092 22
2.369233 24
2.369412 21
2.369523 21
2.369769 22
2.369831 19
2.369891 24
2.36995 22
2.370997 20
2.371129 22
2.371233 19
2.371297 22
2.372017 22
2.372117 19
2.37218 24
2.372241 22
2.373007 19
2.373094 22
2.373167 24
2.373227 22
2.374001 23
2.374139 20
2.374228 22
2.374292 22
2.374992 22
2.375124 21
2.375241 24
2.375318 21
2.375996 22
2.376127 24
2.376243 19
2.376314 24
2.376947 19
2.377083 24
2.377215 19
2.377367 24
2.377521 19
2.377765 24
2.377831 21
2.377895 24
2.377958 22
2.378818 20
2.378884 22
2.378944 20
2.379003 22
2.379997 19
2.380132 24
2.380247 19
2.380328 24
2.380997 22
2.381134 19
2.381252 24
2.381326 21
2.381994 24
2.382132 23
2.382249 22
2.38232 19
2.383003 21
2.383195 19
2.383269 21
2.383329 22
2.384 22
2.38414 22
2.384228 22
2.384291 21
2.384948 21
2.385083 22
2.385226 21
2.385384 21
2.385479 21
2.385828 21
2.385893 22
2.385954 22
2.386013 21
2.386763 21
2.386825 21
2.386884 21
2.386943 22
2.388003 22
2.38814 21
2.38823 21
2.388294 21
2.388987 21
2.389073 21
2.389143 21
2.389203 22
2.39 22
2.390149 20
2.390256 21
2.390326 21
2.391004 21
2.391143 22
2.391231 22
2.391295 22
2.392003 21
2.392143 21
2.392227 22
2.392291 22
2.392956 19
2.393093 20
2.393216 22
2.393365 22
