70.53 47.6575906647
71.69 66.4226061091
72.86 79.3816496968
74.03 86.7206269306
75.2 90.8162681615
76.38 67.6982038668
77.55 49.7025511955
78.71 37.2726232696
79.88 58.0854593296
81.05 74.639629333
82.23 60.753918316
83.39 45.8013957213
84.57 67.9270106395
85.73 80.5628646608
86.9 88.0248255348
88.07 71.3047706212
89.25 53.3663196431
90.42 40.1041070816
91.59 38.3365747626
92.75 63.7655874614
93.91 78.3405788811
95.08 86.4832399039
96.24 69.1053655188
97.41 51.8361743508
98.58 70.9443999542
99.75 73.492735385
100.91 56.8899439423
102.08 69.7517446516
103.25 81.189223201
104.41 64.8867406475
105.57 48.8674064752
106.73 68.3159821531
107.88 80.9003546505
109.03 61.7377874385
110.19 46.2933302826
111.35 34.9959958815
112.52 57.2331541014
113.69 73.9303283377
114.86 59.9673950349
116.03 45.8385768219
117.2 67.9441711475
118.37 80.7144491477
119.53 87.6730351218
120.69 71.4163139229
121.86 53.5636654845