70.53 20.0
71.69 100.0
72.86 100.0
74.03 100.0
75.2 100.0
76.38 20.0
77.55 20.0
78.71 20.0
79.88 100.0
81.05 100.0
82.23 20.0
83.39 20.0
84.57 100.0
85.73 100.0
86.9 100.0
88.07 20.0
89.25 20.0
90.42 20.0
91.59 20.0
92.75 100.0
93.91 100.0
95.08 100.0
96.24 20.0
97.41 20.0
98.58 100.0
99.75 100.0
100.91 20.0
102.08 100.0
103.25 100.0
104.41 20.0
105.57 20.0
106.73 100.0
107.88 100.0
109.03 20.0
110.19 20.0
111.35 20.0
112.52 100.0
113.69 100.0
114.86 20.0
116.03 20.0
117.2 100.0
118.37 100.0
119.53 100.0
120.69 20.0
121.86 20.0