70.48 54.9002229973
71.69 67.7597346904
72.89 79.7644233518
74.1 86.7688261193
75.3 90.9829035394
76.5 68.3629710103
77.7 50.0457430385
78.89 37.3148836411
80.1 58.253759506
81.3 74.5811653039
82.51 59.5888844416
83.71 49.3767511007
84.92 69.8581965807
86.13 81.957230259
87.34 88.5785350792
88.55 68.1599862771
89.75 50.3745211276
90.96 37.6236491509
92.18 57.9764423352
93.38 74.4439361885
94.58 84.1071530676
95.78 89.6534964835
96.98 65.9814740694
98.18 73.8721482074
99.39 83.2494710961
100.59 65.6384012808
101.78 49.3996226199
102.99 70.1555263308
104.19 65.6669906799
105.4 50.9863342673
106.6 66.2330607811
107.81 79.4299273829
109.02 62.8709474527
110.23 47.3011607296
111.44 35.6566984962
112.65 56.4211790268
113.86 73.3804105438
115.06 59.5602950426
116.27 44.788152553
117.48 67.4223797816
118.69 80.4534278689
119.9 87.5407398936
121.1 68.0685002001
122.29 50.6146720796