70.55 20.0
71.72 100.0
72.88 100.0
74.05 100.0
75.23 100.0
76.4 20.0
77.56 20.0
78.73 20.0
79.9 100.0
81.07 100.0
82.24 20.0
83.4 20.0
84.58 100.0
85.74 100.0
86.92 100.0
88.08 20.0
89.24 20.0
90.41 20.0
91.57 100.0
92.74 100.0
93.9 100.0
95.07 100.0
96.24 20.0
97.4 20.0
98.56 100.0
99.73 100.0
100.89 20.0
102.06 100.0
103.22 100.0
104.39 20.0
105.56 20.0
106.73 100.0
107.9 100.0
109.06 20.0
110.22 20.0
111.38 20.0
112.55 100.0
113.72 100.0
114.88 20.0
116.05 20.0
117.23 100.0
118.41 100.0
119.58 100.0
120.74 20.0
121.9 20.0