70.26 20.0
71.46 20.0
72.68 100.0
73.88 100.0
75.09 100.0
76.3 20.0
77.5 20.0
78.71 20.0
79.92 100.0
81.13 100.0
82.34 20.0
83.55 20.0
84.76 100.0
85.96 100.0
87.16 100.0
88.37 20.0
89.58 20.0
90.78 20.0
91.99 20.0
93.19 100.0
94.4 100.0
95.6 100.0
96.81 20.0
98.02 20.0
99.22 100.0
100.42 20.0
101.62 20.0
102.84 100.0
104.04 100.0
105.24 20.0
106.45 20.0
107.67 100.0
108.87 20.0
110.08 20.0
111.29 20.0
112.5 20.0
113.72 100.0
114.92 20.0
116.12 20.0
117.33 100.0
118.54 100.0
119.76 100.0
120.96 20.0
122.15 20.0