70.55 48.2222603916
71.72 67.4424596359
72.88 79.7749914119
74.05 87.0834764686
75.23 91.4548265201
76.4 68.0207259819
77.56 49.5734570022
78.73 37.0605748311
79.9 59.0003435246
81.07 75.2662315356
82.24 60.497538074
83.4 45.5255925799
84.58 67.6714760105
85.74 80.7454482996
86.92 87.8564067331
88.08 70.5141417611
89.24 52.8254895225
90.41 39.8316729646
91.57 42.9233940227
92.74 66.2258101454
93.9 79.8809114852
95.07 87.5672735601
96.24 69.5093324173
97.4 52.0382457346
98.56 71.0695064697
99.73 72.712698958
100.89 56.2149318676
102.06 70.0074430322
103.22 81.4868888126
104.39 64.6083819993
105.56 48.5858238864
106.73 68.3413489064
107.9 80.9372495133
109.06 61.6168556052
110.22 45.6572769953
111.38 34.6702164205
112.55 58.2360013741
113.72 75.1688995763
114.88 59.8763311577
116.05 45.2164204741
117.23 67.803160426
118.41 80.6681552731
119.58 88.1054620405
120.74 70.3509675942
121.9 52.6021985572