70.48 20.0
71.69 100.0
72.89 100.0
74.1 100.0
75.3 100.0
76.5 20.0
77.7 20.0
78.89 20.0
80.1 100.0
81.3 100.0
82.51 20.0
83.71 20.0
84.92 100.0
86.13 100.0
87.34 100.0
88.55 20.0
89.75 20.0
90.96 20.0
92.18 100.0
93.38 100.0
94.58 100.0
95.78 100.0
96.98 20.0
98.18 100.0
99.39 100.0
100.59 20.0
101.78 20.0
102.99 100.0
104.19 20.0
105.4 20.0
106.6 100.0
107.81 100.0
109.02 20.0
110.23 20.0
111.44 20.0
112.65 100.0
113.86 100.0
115.06 20.0
116.27 20.0
117.48 100.0
118.69 100.0
119.9 100.0
121.1 20.0
122.29 20.0