70.5 47.4763632209
71.67 67.4426576023
72.84 79.850895484
74.01 86.9147933389
75.19 91.0165957325
76.35 66.6457196721
77.52 48.3190036848
78.69 35.8707760861
79.86 59.6389499843
81.03 75.8062212574
82.19 59.1847810563
83.35 57.1567311263
84.52 73.7096175269
85.68 83.6984775343
86.85 89.2656174127
88.02 69.7706304093
89.19 51.5953040647
90.36 38.6500614128
91.53 51.0325916193
92.7 70.6475477734
93.87 82.1674426576
95.04 88.7857408095
96.2 68.5309491845
97.36 50.8326430346
98.53 70.9760347339
99.7 68.1938929989
100.86 52.806421206
102.03 69.1050872633
103.2 81.2562483933
104.36 63.0495015567
105.53 46.9507840841
106.7 68.0339341312
107.87 74.577965666
109.03 56.9996286669
110.2 42.6376074724
111.37 32.6030449313
112.54 58.2907252421
113.71 74.8464680511
114.87 58.1336227827
116.04 62.7724299466
117.21 76.6602873547
118.38 85.1752406524
119.55 89.8597503499
120.72 69.3535947899
121.88 51.1011454197