70.5 20.0
71.67 100.0
72.84 100.0
74.01 100.0
75.19 100.0
76.35 20.0
77.52 20.0
78.69 20.0
79.86 100.0
81.03 100.0
82.19 20.0
83.35 20.0
84.52 100.0
85.68 100.0
86.85 100.0
88.02 20.0
89.19 20.0
90.36 20.0
91.53 100.0
92.7 100.0
93.87 100.0
95.04 100.0
96.2 20.0
97.36 20.0
98.53 100.0
99.7 20.0
100.86 20.0
102.03 100.0
103.2 100.0
104.36 20.0
105.53 20.0
106.7 100.0
107.87 100.0
109.03 20.0
110.2 20.0
111.37 20.0
112.54 100.0
113.71 100.0
114.87 20.0
116.04 100.0
117.21 100.0
118.38 100.0
119.55 100.0
120.72 20.0
121.88 20.0