21430.46 2.38
21431.59 4.19
21432.71 2.09
21433.84 1.55
21434.96 0.77
21436.08 0.39
21437.19 0.19
21438.32 1.60
21439.44 19.30
21440.61 71.15
21441.78 108.57
21442.99 93.79
21444.16 69.89
21445.33 54.95
21446.50 99.47
21447.66 127.74
21448.87 111.87
21450.07 85.93
21451.23 66.47
21452.40 106.73
21453.60 133.37
21454.81 119.18
21456.02 93.09
21457.18 71.05
21458.34 111.02
21459.55 138.01
21460.75 127.51
21461.96 96.75
21463.13 72.38
21464.30 109.19
21465.50 136.59
21466.70 131.30
21467.90 103.15
21469.10 77.57
21470.26 111.79
21471.47 137.89
21472.68 135.95
21473.89 107.47
21475.09 81.24
21476.25 115.12
21477.46 141.06
21478.66 142.53
21479.86 110.76
21481.08 83.38
21482.23 113.69
21483.44 140.85
21484.65 146.42
21485.86 112.71
21487.07 85.86
21488.23 104.43
21489.44 134.71
21490.65 154.86
21491.86 122.93
21493.07 91.46
21494.23 109.23
21495.44 138.12
21496.65 156.56
21497.86 124.28
21499.07 94.14
21500.23 106.57
21501.44 135.28
21502.65 153.64
21503.86 123.32
21505.07 95.16
21506.23 104.58
21507.43 135.29
21508.64 155.15
21509.85 125.07
21511.05 94.54
21512.21 99.27
21513.38 131.63
21514.58 153.32
21515.80 126.16
21517.00 97.08
21518.15 90.04
21519.31 126.52
21520.53 149.76
21521.74 126.88
21522.95 98.94
21524.12 75.97
21525.29 119.48
21526.49 147.24
21527.70 129.12
21528.91 99.56
21530.07 77.28
21531.23 118.14
21532.44 146.07
21533.64 130.54
21534.86 101.27
21536.07 79.63
21537.23 114.82
21538.44 142.91
21539.65 143.95
21540.86 111.98
21542.07 86.99
21543.23 117.99
21544.43 143.50
21545.63 148.75
21546.84 116.37
21548.05 89.69
21549.21 118.34
21550.42 143.17
21551.62 154.59
21552.83 119.79
21554.03 92.40
21555.20 118.20
21556.39 143.10
21557.59 160.05
21558.80 123.02
21559.99 94.01
21561.15 118.51
21562.37 144.75
21563.58 161.88
21564.78 125.44
21566.00 92.72
21567.16 114.36
21568.37 141.18
21569.58 158.09
21570.78 124.54
21572.00 92.77
21573.15 114.39
21574.36 142.19
21575.57 159.10
21576.77 126.05
21577.98 94.02
21579.14 113.01
21580.34 140.51
21581.55 157.75
21582.75 125.38
21583.97 95.69
21585.14 111.84
21586.34 140.92
21587.55 159.96
21588.76 169.48
21589.98 175.24
21591.18 178.62
21592.39 181.31
21593.60 182.66
21594.81 184.83
21596.02 185.41
21597.22 187.21
21598.42 188.60
21599.62 187.80
21600.83 186.90
21602.02 186.45
21603.23 187.73
21604.43 187.86
21605.63 187.93
21606.84 187.97
21608.04 188.98
21609.24 189.99
21610.44 190.50
21611.65 189.75
21612.86 188.87
21614.07 188.44