26790.92 1.95
26792.04 0.98
26793.16 2.49
26794.28 1.24
26795.41 2.12
26796.55 4.06
26797.68 3.03
26798.80 3.52
26799.93 57.26
26801.10 98.13
26802.26 95.06
26803.42 73.53
26804.59 54.77
26805.77 94.88
26806.94 123.44
26808.14 119.72
26809.35 93.36
26810.52 68.68
26811.69 103.34
26812.89 131.17
26814.10 131.59
26815.31 101.29
26816.52 75.15
26817.69 107.57
26818.89 133.79
26820.09 137.39
26821.29 106.20
26822.49 79.10
26823.65 110.55
26824.86 136.27
26826.07 145.64
26827.27 111.32
26828.48 82.16
26829.65 110.08
26830.86 136.54
26832.07 153.77
26833.26 116.38
26834.47 86.69
26835.65 111.35
26836.86 138.17
26838.07 154.59
26839.26 117.29
26840.47 87.15
26841.65 112.07
26842.85 138.04
26844.05 155.02
26845.24 121.01
26846.44 92.00
26847.60 95.00
26848.76 127.00
26849.95 149.00
26851.15 126.00
26852.35 96.50
26853.52 76.25
26854.68 118.13
26855.89 144.56
26857.10 125.78
26858.30 96.89
26859.46 74.45
26860.63 115.72
26861.84 142.36
26863.05 127.18
26864.25 98.09
26865.41 75.05
26866.58 115.52
26867.79 142.26
26869.00 129.13
26870.20 100.57
26871.40 77.78
26872.56 116.39
26873.78 143.70
26874.98 132.35
26876.18 102.17
26877.39 79.09
26878.55 115.54
26879.77 142.27
26880.98 133.14
26882.19 104.07
26883.39 80.03
26884.55 116.02
26885.76 143.51
26886.97 137.25
26888.18 107.63
26889.39 81.81
26890.55 116.91
26891.77 142.95
26892.98 138.48
26894.18 108.24
26895.39 82.12
26896.55 109.06
26897.76 137.53
26898.97 154.76
26900.18 119.88
26901.38 90.94
26902.55 112.47
26903.76 139.24
26904.97 156.62
26906.18 123.31
26907.39 94.15
26908.55 112.58
26909.77 139.79
26910.98 158.39
26912.18 123.70
26913.39 93.35
26914.55 109.67
26915.77 137.84
26916.98 155.92
26918.18 123.96
26919.39 93.48
26920.56 108.74
26921.78 137.87
26922.99 157.43
26924.20 125.72
26925.40 95.36
26926.56 107.68
26927.78 137.34
26928.99 156.17
26930.19 125.58
26931.39 96.29
26932.56 106.65
26933.78 135.82
26934.99 154.41
26936.19 124.21
26937.40 97.60
26938.55 102.80
26939.76 133.40
26940.96 154.20
26942.16 128.10
26943.36 99.55
26944.53 99.28
26945.70 132.64
26946.90 153.82
26948.10 166.41
26949.30 173.20
26950.49 176.60
26951.69 180.30
26952.89 182.65
26954.09 184.83
26955.29 185.91
26956.50 184.96
26957.70 184.98
26958.90 185.99
26960.10 186.49
26961.30 185.75
26962.50 185.87
26963.70 186.44
26964.90 186.22
26966.10 187.11
26967.31 187.55
26968.51 188.78
26969.72 189.89
26970.92 189.44
26972.13 189.22
26973.34 189.11
26974.55 188.56