18910.96 1.66
18912.08 1.33
18913.21 2.66
18914.34 1.33
18915.47 1.17
18916.60 0.58
18917.72 1.79
18918.84 0.90
18919.96 46.45
18921.12 89.72
18922.29 117.36
18923.50 87.18
18924.66 65.09
18925.83 94.05
18926.99 122.52
18928.19 141.26
18929.40 107.63
18930.60 80.32
18931.77 102.66
18932.98 128.83
18934.18 146.41
18935.39 112.71
18936.60 83.85
18937.76 102.93
18938.97 129.96
18940.18 146.98
18941.39 113.49
18942.59 84.75
18943.76 102.37
18944.97 130.19
18946.18 149.09
18947.39 118.05
18948.58 87.02
18949.75 101.51
18950.94 131.76
18952.15 151.38
18953.37 120.19
18954.58 90.09
18955.74 100.05
18956.94 129.52
18958.15 151.26
18959.36 123.13
18960.57 93.07
18961.74 99.53
18962.91 129.27
18964.11 150.63
18965.32 124.82
18966.54 95.91
18967.70 71.95
18968.86 111.98
18970.07 139.99
18971.27 129.49
18972.48 99.75
18973.65 75.87
18974.82 113.94
18976.03 141.97
18977.23 134.48
18978.44 103.24
18979.65 80.62
18980.82 116.81
18982.04 143.41
18983.24 135.20
18984.44 105.10
18985.64 80.55
18986.81 115.28
18988.03 141.64
18989.23 136.82
18990.44 106.41
18991.65 81.20
18992.81 116.10
18994.02 143.55
18995.22 141.28
18996.42 110.14
18997.64 83.07
18998.79 115.53
19000.01 143.27
19001.21 143.63
19002.42 111.82
19003.62 86.91
19004.79 116.95
19006.00 143.98
19007.19 149.99
19008.40 114.99
19009.60 87.50
19010.76 117.25
19011.97 142.62
19013.18 157.31
19014.39 118.66
19015.59 90.33
19016.76 104.66
19017.96 134.83
19019.17 153.92
19020.38 124.46
19021.59 93.73
19022.75 104.86
19023.95 134.93
19025.16 153.47
19026.37 124.73
19027.58 96.87
19028.75 103.43
19029.94 133.72
19031.16 154.36
19032.37 125.18
19033.58 96.09
19034.74 98.04
19035.90 130.52
19037.10 151.26
19038.30 127.13
19039.50 97.57
19040.67 84.78
19041.84 121.89
19043.05 148.45
19044.25 128.22
19045.46 99.61
19046.62 77.31
19047.80 120.15
19049.01 146.08
19050.21 128.54
19051.42 100.27
19052.62 77.63
19053.79 119.82
19055.01 145.91
19056.21 131.45
19057.42 101.73
19058.62 78.36
19059.79 119.68
19061.01 147.34
19062.21 131.67
19063.42 101.84
19064.62 78.92
19065.79 119.46
19067.01 147.23
19068.21 161.61
19069.42 170.81
19070.62 176.90
19071.83 179.45
19073.04 181.73
19074.24 182.86
19075.45 184.43
19076.66 185.72
19077.87 185.86
19079.08 187.43
19080.28 187.21
19081.49 186.61
19082.70 186.30
19083.90 187.65
19085.10 187.33
19086.31 187.66
19087.52 187.83
19088.73 188.92
19089.94 189.46
19091.15 190.23
19092.35 190.61
19093.56 189.31
19094.77 188.65