0.0 -1.3672922252
1.12 -1.21715817694
2.26 -1.6836461126
3.37 -1.91420911528
4.49 -0.954423592493
5.63 -1.28150134048
6.76 -0.375335120643
7.88 0.348525469169
9.0 6.34316353887
10.16 35.072386059
11.32 54.8042895442
12.53 48.5790884718
13.69 36.890080429
14.87 27.0241286863
16.03 50.7774798928
17.19 66.6756032172
18.41 59.8820375335
19.62 44.9544235925
20.79 32.6648793566
21.95 54.1340482574
23.15 68.890080429
24.36 63.399463807
25.57 49.3941018767
26.74 36.4932975871
27.9 57.1206434316
29.11 72.2573726542
30.31 69.1045576408
31.52 52.5147453083
32.72 38.5898123324
33.9 57.6353887399
35.11 72.5147453083
36.31 70.3056300268
37.52 53.3833780161
38.73 39.5603217158
39.9 58.9222520107
41.11 73.163538874
42.32 71.6997319035
43.53 54.8847184987
44.74 40.5790884718
45.9 59.6997319035
47.11 73.0134048257
48.31 72.9705093834
49.51 56.5898123324
50.72 42.235924933
51.89 58.9222520107
53.1 73.1581769437
54.3 75.4530831099
55.51 57.5656836461
56.72 43.7962466488
57.89 55.1420911528
59.1 70.7345844504
60.3 80.4075067024
61.51 63.528150134
62.72 46.7774798928
63.89 55.5603217158
65.1 70.6756032172
66.3 80.3806970509
67.51 62.9758713137
68.72 48.1126005362
69.89 55.4209115282
71.1 71.4101876676
72.3 81.5495978552
73.51 64.3699731903
74.72 48.5361930295
75.89 54.8310991957
77.1 70.3109919571
78.3 80.1983914209
79.51 65.0294906166
80.72 48.3324396783
81.9 52.8525469169
83.1 69.3243967828
84.3 80.5040214477
85.51 64.6487935657
86.72 49.4852546917
87.89 52.3538873995
89.1 69.8766756032
90.3 80.7828418231
91.51 65.8605898123
92.72 49.018766756
93.89 49.1742627346
95.06 66.9436997319
96.26 78.5147453083
97.46 65.7962466488
98.66 50.327077748
99.83 42.3217158177
101.0 62.7131367292
102.2 77.2010723861
103.41 65.6782841823
104.62 50.0
105.79 38.4021447721
106.96 58.8793565684
108.15 73.9463806971
109.36 72.8954423592
110.57 56.5576407507
111.78 42.2198391421
112.95 60.7882037534
114.15 74.8954423592
115.35 74.4450402145
116.56 58.4021447721
117.76 44.4825737265
118.92 60.8471849866
120.12 74.6595174263
121.33 77.0080428954
122.54 59.1474530831
123.74 44.3217158177
124.91 60.4986595174
126.11 74.2144772118
127.32 79.4691689008
128.53 61.7158176944
129.73 45.6032171582
130.89 60.3378016086
132.1 74.6702412869
133.3 84.2520107239
134.51 63.5764075067
135.72 47.8713136729
136.89 61.2010723861
138.1 75.6407506702
139.3 84.2037533512
140.5 64.0857908847
141.72 47.0563002681
142.88 59.9892761394
144.08 74.7667560322
145.29 83.4959785523
146.5 64.2680965147
147.71 49.0241286863
148.88 59.8981233244
150.09 73.9195710456
151.3 82.8042895442
152.51 64.7238605898
153.72 48.4504021448
154.89 59.6139410188
156.1 74.5790884718
157.3 83.399463807
158.51 89.1528150134
159.72 92.5683646113
160.93 94.0053619303
162.14 95.528150134
163.35 96.8257372654
164.55 97.4745308311
165.75 97.7962466488
166.96 97.6943699732
168.15 97.908847185
169.35 98.5522788204
170.55 98.3378016086
171.75 98.4986595174
172.95 99.1152815013
174.15 98.8847184987
175.36 98.7721179625
176.56 98.7184986595
177.77 98.6863270777
178.97 98.6756032172
180.17 98.6648793566
181.38 98.6648793566
182.58 98.6595174263
183.79 100.0
