0.0 -0.573655157485
1.12 -0.016235523325
2.25 -1.08778006278
3.38 -1.35837211819
4.5 -1.75884836021
5.62 -1.96449832233
6.74 -2.06191146228
7.87 -0.492477540859
8.99 28.7098170798
10.15 51.4233142115
11.31 53.5826388137
12.51 40.3236280983
13.68 29.6298300682
14.84 49.7239961035
16.03 65.9919904752
17.23 67.3611862756
18.43 50.1840025977
19.6 36.4595735469
20.76 53.945232168
21.96 69.4555687845
23.17 74.775408594
24.38 55.7906699859
25.58 41.6928238987
26.74 56.5645632644
27.95 70.7652343327
29.16 79.7597142548
30.36 59.3624851174
31.57 43.4841433056
32.74 58.2692932136
33.95 72.1614893387
35.16 81.269617924
36.37 62.0088754194
37.58 45.0752245914
38.73 57.9878774759
39.94 72.2859616842
41.15 81.0639679619
42.36 61.9060504384
43.57 45.0265180214
44.73 57.690226215
45.93 72.6810260851
47.13 81.5293862972
48.34 63.2211278277
49.55 46.7637190172
50.73 56.9379803009
51.93 71.2198289858
53.13 81.069379803
54.33 63.8056066674
55.53 48.1383266587
56.7 43.55449724
57.88 63.9896092651
59.09 76.6424937764
60.29 64.8392683191
61.5 48.9230436194
62.66 37.4499404697
63.82 60.3961467691
65.03 76.1987228055
66.24 66.5115272216
67.43 51.3854313237
68.6 38.9544322979
69.76 61.1483926832
70.96 76.0309557311
72.17 68.0539019374
73.38 53.2362809828
74.58 40.4210412382
75.74 62.1495832882
76.94 76.2636648988
78.15 69.7911029332
79.36 54.9193635675
80.57 41.5304686654
81.73 61.0834505899
82.93 75.1921203593
84.14 70.0671068297
85.35 55.0546595952
86.57 42.4125987661
87.73 61.7924017751
88.94 75.8144820868
90.14 72.2751380019
91.35 56.4292672367
92.56 42.558718476
93.73 62.138759606
94.93 76.2582530577
96.14 73.0327957571
97.35 56.8135079554
98.56 42.4775408594
99.73 61.2836887109
100.93 75.0189414439
102.14 74.3099902587
103.35 57.4521052062
104.56 42.7968394848
105.72 56.0342028358
106.93 71.5824223401
108.13 81.7891546704
109.34 63.6270159108
110.55 48.0463253599
111.72 58.9295378288
112.92 73.0327957571
114.12 82.5143413789
115.33 63.9896092651
116.53 49.0421041238
117.7 58.0744669337
118.91 72.8704405239
120.12 82.7091676588
121.33 65.1639787856
122.54 49.6319948046
123.71 57.5549301872
124.92 72.0748998809
126.12 82.3086914168
127.33 65.7755168308
128.54 49.9350579067
129.71 57.7118735794
130.92 72.9624418227
132.12 82.7524623877
133.33 66.5385864271
134.54 49.2369304037
135.72 55.7365515748
136.92 71.430890789
138.12 81.9893927914
139.33 66.1597575495
140.53 49.3126961792
141.7 53.8802900747
142.91 70.5054659595
144.12 81.2533824007
145.33 66.0623444096
146.52 49.8105855612
147.69 52.2350903777
148.9 70.2240502219
150.11 81.3832665873
151.32 66.6684706137
152.52 51.1906050438
153.69 50.4924775409
154.85 68.2703755818
156.07 79.5919471804
157.27 86.611105098
158.46 90.9297543024
159.66 93.3596709601
160.88 94.8425154237
162.08 96.1305336075
163.28 96.7691308583
164.48 97.0938413248
165.68 97.250784717
166.88 97.3319623336
168.09 98.1870332287
169.29 98.3385647797
170.5 98.6903344518
171.72 98.5929213118
172.93 99.0853988527
174.12 99.3289317026
175.33 99.7239961035
176.53 99.3830501136
177.74 99.4804632536
178.95 99.799761879
180.16 99.6861132157
181.36 99.6319948046
182.56 99.8755276545
183.76 100.0
