0.0 -1.1028027328
1.12 -1.62461670881
2.24 -0.812308354403
3.36 -1.48474904513
4.49 -1.01135079886
5.63 0.0322771531551
6.76 -0.521813976007
7.88 -0.258217225241
9.01 28.6513529507
10.18 50.6374737748
11.34 48.9859594384
12.5 37.4038409812
13.67 27.3118510947
14.85 48.8891279789
16.02 64.2530528807
17.22 62.2518693851
18.43 48.071440099
19.6 34.7947711012
20.77 53.4402065738
21.97 68.4114261122
23.18 68.6373661843
24.39 52.337403841
25.6 38.2753241164
26.77 55.7157458712
27.97 69.8208618
29.17 71.7574909893
30.37 54.9787508742
31.57 40.4002366991
32.73 57.3188444779
33.94 71.1549841304
35.15 76.1955995481
36.35 57.7330679434
37.56 42.04637151
38.73 57.0660067782
39.94 71.3002313196
41.15 80.5691538006
42.34 60.4551078595
43.55 44.4832965732
44.73 57.74920652
45.94 72.1770939803
47.15 81.0102748938
48.34 60.9446446823
49.55 44.7307547474
50.73 58.1365323578
51.93 72.1071601485
53.13 81.2415944914
54.32 62.945828178
55.52 47.3398246275
56.68 48.9536822852
57.84 66.1681639679
59.03 78.0031201248
60.23 65.6302114154
61.43 49.7606111141
62.6 38.8670719243
63.76 61.3965248265
64.97 75.6146107913
66.18 65.5118618538
67.38 49.9704126096
68.54 37.8987573296
69.71 60.1000591748
70.92 74.4311151756
72.13 66.2649954274
73.33 50.6159556727
74.49 38.2215288612
75.66 59.9924686643
76.87 74.3773199204
78.08 67.3140029049
79.28 51.9500780031
80.48 39.6901393297
81.64 60.460487385
82.86 75.1519715961
84.06 69.0462101243
85.26 52.8108020873
86.47 40.3948571736
87.63 60.0032277153
88.85 74.3826994459
90.06 69.4711926408
91.27 53.8329119372
92.47 40.900532573
93.63 60.2614449406
94.84 75.0497606111
96.05 71.6821776319
97.26 55.7480230244
98.47 41.8580881166
99.63 60.7402227124
100.85 74.7485071817
102.06 72.3438592716
103.26 56.0761740814
104.47 42.0248534079
105.63 56.5172951746
106.84 71.8328043467
108.05 81.1017268277
109.26 62.3379417935
110.46 46.7695949217
111.63 58.3517133789
112.84 72.7527032116
114.05 82.1023185755
115.26 64.1831190489
116.47 48.4964226155
117.63 58.4108881597
118.85 73.0485771155
120.06 83.0544945936
121.26 64.3929205444
122.47 48.0660605735
123.63 56.8454462316
124.85 71.999569638
126.06 81.7257517887
127.26 64.5327882081
128.47 48.1359944053
129.64 56.3451503577
130.86 72.0157082145
132.07 82.5380601431
133.28 65.4795847006
134.48 49.1473452042
135.64 55.774920652
136.86 71.7305933617
138.07 81.8602399268
139.27 65.4042713433
140.47 49.6476410781
141.64 55.2208295228
142.86 70.9129054817
144.07 80.9134434343
145.27 64.6672763462
146.48 50.3523589219
147.63 53.1497121954
148.84 69.6110603045
150.04 80.8004733982
151.24 66.7599117758
152.44 51.4013663995
153.61 51.2561192103
154.78 69.2022163645
155.98 80.5960514283
157.18 87.3688740653
158.38 91.0215718974
159.57 92.8506105761
160.77 94.8410350207
161.97 96.1052235193
163.17 97.2779600839
164.37 97.8589488407
165.58 97.3478939158
166.78 97.3586529668
167.98 97.9019850449
169.18 98.1709613212
170.38 97.7728764323
171.58 97.8374307386
172.78 98.1440636936
173.98 98.025714132
175.18 98.5044919038
176.39 98.741191027
177.59 99.4028726666
178.8 100.0
180.0 99.7579213513
181.21 99.6395717898
182.42 99.580397009
183.63 99.2845231051
