0.0 -1.2539520926
1.12 -1.43079149027
2.25 -0.71807512995
3.38 -1.43079149027
4.51 -1.5165318043
5.64 -1.83269921226
6.76 -1.18428808746
7.88 -1.66121858421
9.0 22.7479770645
10.16 45.9353732383
11.33 60.7470124859
12.54 44.5742457532
13.7 32.7367236483
14.87 48.2557204866
16.03 63.5121376132
17.23 73.5544718933
18.44 55.5329296394
19.64 40.8981297894
20.81 52.869621135
22.02 66.8935212475
23.22 76.3142382509
24.43 58.2551846096
25.64 42.7897754676
26.8 53.0143079149
28.01 67.4990622153
29.22 76.6196881196
30.43 58.6731686405
31.63 43.2720647339
32.8 52.7142168158
34.01 67.6223139167
35.22 77.7503885108
36.43 61.1167675902
37.62 44.4885054392
38.79 52.2533626279
39.98 68.4636407481
41.19 78.9775467553
42.41 62.2635442902
43.62 46.1336477145
44.78 51.4709822625
45.98 67.2632763517
47.19 78.9132415197
48.4 63.8390225604
49.61 47.7305610632
50.78 51.1923262419
51.95 67.1293071111
53.15 78.5756390333
54.36 64.7446546273
55.58 49.2524516371
56.74 36.412839612
57.9 57.8639944269
59.11 72.8739081507
60.31 67.2472000429
61.52 51.3102191737
62.69 38.5134773056
63.86 58.9143132737
65.07 73.9349445367
66.27 69.9212260865
67.48 53.1804297733
68.69 41.0588928782
69.86 60.4522801565
71.08 74.7066073629
72.28 70.3070574996
73.48 54.1771609239
74.68 41.0213814908
75.85 59.6323884036
77.07 73.7581051391
78.27 71.1751781791
79.48 54.8791597449
80.69 41.3697015165
81.85 60.071807513
83.06 74.7816301377
84.26 73.5651894325
85.46 56.8779808156
86.68 42.3717914367
87.83 59.7663576443
89.05 74.6315845882
90.25 74.8245002947
91.46 57.7782541129
92.66 44.4295589733
93.83 60.5273029312
95.04 75.0120572317
96.23 78.2326777772
97.44 59.4769840845
98.64 44.7457263812
99.8 60.68806602
101.01 74.2832645625
102.22 82.1552971438
103.43 61.4436525374
104.63 46.2622581855
105.8 53.9413750603
107.0 70.1087830234
108.21 80.3386742404
109.42 64.5517389207
110.63 48.0842398585
111.79 54.0485504528
112.99 70.1623707197
114.2 80.0975296072
115.41 64.6964257007
116.62 49.7668935212
117.79 53.2822463962
118.98 69.5139595949
120.2 80.574460104
121.41 64.9375703339
122.62 49.3489094904
123.78 50.3938695675
124.94 67.7991533144
126.14 78.9132415197
127.34 65.982530411
128.54 50.1420073951
129.71 43.2881410428
130.88 63.1745351267
132.09 77.4074272547
133.29 66.5666363003
134.5 51.2351963989
135.66 39.2851401318
136.84 62.2421092117
138.05 76.1373988532
139.25 66.7381169284
140.46 51.5888751943
141.66 39.4566207599
142.83 62.0652698141
144.05 76.0462997696
145.25 68.2975188897
146.46 52.3712555597
147.66 39.8478109426
148.83 61.9902470393
150.05 76.8126038262
151.25 68.4154118214
152.46 52.4302020256
153.66 40.1479020417
154.83 61.8723541075
156.05 76.7536573603
157.25 84.4595680832
158.46 89.3896361395
159.66 92.6531268421
160.87 94.0196130968
162.08 95.2414125717
163.28 95.8469535395
164.49 96.6882803708
165.7 97.3795616526
166.91 97.4545844274
168.12 98.2959112588
169.32 98.178018327
170.53 97.8564921494
171.74 97.690370291
172.94 98.4138041906
174.14 98.2423235625
175.35 98.4191629602
176.56 98.5102620438
177.77 99.0943679331
178.98 99.383741493
180.19 99.7963667542
181.39 100.0
182.6 99.3033599486
183.81 98.9496811532
