402699.75 812.73
402701.00 796.37
402702.21 760.68
402703.46 711.84
402704.75 686.92
402705.96 755.46
402707.21 794.73
402708.46 806.87
402709.75 812.93
402711.00 794.97
402712.21 759.48
402713.50 710.74
402714.75 690.37
402716.00 758.19
402717.21 794.09
402718.46 809.05
402719.75 813.02
402721.00 796.51
402722.21 760.76
402723.50 711.88
402724.75 686.94
402725.96 755.47
402727.21 794.23
402728.46 809.12
402729.75 812.06
402731.00 795.03
402732.21 759.51
402733.46 709.26
402734.75 658.13
402736.00 609.06
402737.21 563.53
402738.46 521.27
402739.75 483.63
402741.00 450.32
402742.25 421.66
402743.50 394.33
402744.75 370.66
402746.03 349.83
402747.25 330.42
402748.50 311.71
402749.75 294.85
402751.03 279.93
402752.28 265.96
402753.53 254.48
402754.81 243.74
402756.03 233.87
402757.31 222.94
402758.56 214.47
402759.81 206.73
402761.09 198.87
402762.31 191.93
402763.59 185.97
402764.84 179.48
402766.09 173.24
402767.31 168.12
402768.56 163.56
402769.84 159.28
402771.09 155.14
402772.34 152.07
402773.59 149.04
402774.84 145.52
402776.09 142.26
402777.34 140.13
402778.59 138.06
402779.84 136.03
402781.09 134.02
402782.34 131.51
402783.62 129.75
402784.87 127.38
402786.12 125.69
402787.37 124.84
402788.59 123.42
402789.84 121.71
402791.09 121.36
402792.34 120.68
402793.59 118.84
402794.84 117.92
402796.09 116.96
402797.34 116.48
402798.59 115.74
402799.87 114.87
402801.09 114.43
402802.37 113.22
402803.62 112.11
402804.87 112.05
402806.12 112.03
402807.37 111.01
402808.59 111.51
402809.84 110.75
402811.09 110.38
402812.34 108.69
402813.59 107.84
402814.84 107.42
402816.09 107.71
402817.34 107.86
402818.59 107.93
402819.84 106.96
402821.09 107.48
402822.34 106.74
402823.62 106.37
402824.87 105.69
402826.12 104.34
402827.37 105.17
402828.59 105.09
402829.84 105.04
402831.09 105.52
402832.34 105.26
402833.59 104.13
402834.84 104.07
402836.09 104.53
402837.34 103.77
402838.59 103.88
402839.84 103.94
402841.09 104.97
402842.34 104.49
402843.59 103.74
402844.87 103.87
402846.12 103.94
402847.37 103.97
402848.59 103.98
402849.84 103.99
402851.09 104.00
402852.34 104.00
402853.56 104.00
402854.81 104.00
402856.06 103.50
402857.31 102.75
402858.56 103.37
402859.84 103.19
402861.06 103.59
402862.31 103.80
402863.56 103.40
402864.84 102.70
402866.06 102.35
402867.31 103.17
402868.56 101.59
402869.81 100.79
402871.06 102.40
402872.31 102.20
402873.59 100.60
402874.81 101.30
402876.09 101.65
402877.31 101.82
402878.59 101.41
402879.84 101.71
402881.09 102.85
402882.34 102.43
402883.59 100.71
402884.87 99.86