404697.71 809.91
404699.00 813.95
404700.21 795.48
404701.46 759.74
404702.75 709.37
404704.00 691.18
404705.21 757.09
404706.50 793.05
404707.71 809.52
404709.00 814.26
404710.21 797.13
404711.50 760.57
404712.75 710.28
404713.96 690.14
404715.21 759.07
404716.46 796.04
404717.75 808.02
404719.00 813.01
404720.21 796.00
404721.46 759.50
404722.75 709.75
404724.00 693.88
404725.21 759.44
404726.46 797.22
404727.75 810.61
404729.00 811.80
404730.21 794.40
404731.50 758.70
404732.75 709.85
404733.96 658.93
404735.21 608.96
404736.46 562.98
404737.75 520.99
404739.00 484.00
404740.21 451.50
404741.46 421.75
404742.75 394.87
404744.00 371.44
404745.21 348.72
404746.50 329.36
404747.75 311.18
404749.00 295.09
404750.21 280.54
404751.46 266.77
404752.75 253.89
404753.96 242.44
404755.21 233.22
404756.46 224.61
404757.75 214.81
404758.96 206.90
404760.21 198.95
404761.46 191.48
404762.75 185.74
404764.00 179.37
404765.21 173.18
404766.46 169.09
404767.71 164.05
404768.96 160.02
404770.25 155.51
404771.46 152.26
404772.75 148.63
404773.96 145.31
404775.21 142.66
404776.50 139.83
404777.71 136.91
404779.00 134.46
404780.21 132.23
404781.46 129.61
404782.75 128.81
404784.00 125.90
404785.21 124.45
404786.46 123.23
404787.71 122.11
404789.00 121.06
404790.21 119.53
404791.46 118.76
404792.71 117.38
404793.96 116.19
404795.18 115.60
404796.46 114.80
404797.71 113.90
404798.96 112.45
404800.21 112.22
404801.46 111.61
404802.75 111.31
404803.96 110.65
404805.25 110.33
404806.46 110.16
404807.75 109.08
404809.00 108.04
404810.18 108.02
404811.46 108.01
404812.71 108.01
404813.93 107.00
404815.18 106.00
404816.43 105.50
404817.68 105.75
404818.93 105.38
404820.18 105.19
404821.43 104.59
404822.68 104.30
404823.93 103.65
404825.18 103.82
404826.43 103.41
404827.71 103.71
404828.96 103.85
404830.21 103.43
404831.46 103.71
404832.71 103.86
404833.96 103.43
404835.18 103.71
404836.46 103.36
404837.71 103.68
404838.96 102.84
404840.21 101.92
404841.46 100.46
404842.75 101.23
404843.96 101.61
404845.25 101.31
404846.46 101.15
404847.75 101.08
404849.00 101.04
404850.21 101.02
404851.46 100.01
404852.71 100.50
404853.93 99.75