406697.21 817.38
406698.46 808.19
406699.75 782.09
406701.00 737.05
406702.21 684.52
406703.46 735.76
406704.75 784.88
406705.96 806.44
406707.21 816.22
406708.46 807.61
406709.75 781.31
406711.00 736.15
406712.21 685.08
406713.46 736.04
406714.75 785.52
406716.00 808.76
406717.21 816.88
406718.46 808.44
406719.75 781.72
406721.00 736.36
406722.21 685.68
406723.50 735.84
406724.71 783.42
406725.93 808.21
406727.21 818.10
406728.46 809.55
406729.71 780.28
406731.00 735.14
406732.21 683.07
406733.46 632.03
406734.71 583.52
406735.96 540.26
406737.25 500.13
406738.50 464.56
406739.75 434.28
406741.00 406.14
406742.21 381.07
406743.50 359.04
406744.71 338.52
406745.96 319.76
406747.21 302.38
406748.46 286.69
406749.71 272.84
406750.96 259.42
406752.25 248.21
406753.50 238.11
406754.75 227.55
406756.00 218.78
406757.21 209.89
406758.46 201.94
406759.71 194.97
406760.96 188.49
406762.21 182.74
406763.46 175.87
406764.75 170.94
406765.96 165.97
406767.21 161.98
406768.46 157.99
406769.71 154.00
406770.96 151.00
406772.21 147.50
406773.46 143.75
406774.71 140.87
406775.96 138.44
406777.21 136.22
406778.50 133.61
406779.71 131.30
406780.96 128.15
406782.21 127.08
406783.50 125.04
406784.71 124.52
406785.93 123.26
406787.18 122.13
406788.46 121.06
406789.71 119.53
406790.96 117.27
406792.21 116.13
406793.46 115.57
406794.71 114.78
406795.96 114.39
406797.21 112.70
406798.46 112.35
406799.75 112.17
406800.96 111.09
406802.25 111.04
406803.46 110.52
406804.75 109.76
406805.93 109.38
406807.21 109.19
406808.46 109.10
406809.71 108.05
406810.96 107.52
406812.21 107.26
406813.46 106.63
406814.71 106.32
406816.00 106.16
406817.21 106.08
406818.46 105.54
406819.71 105.77
406820.96 104.38
406822.21 104.69
406823.46 103.85
406824.71 103.92
406825.93 103.46
406827.18 103.23
406828.46 103.12
406829.71 103.56
406830.96 103.28
406832.21 103.64
406833.46 103.32
406834.71 103.66
406835.96 103.83
406837.21 103.41
406838.46 103.71
406839.71 103.35
406840.96 103.68
406842.25 103.84
406843.46 102.92
406844.75 102.46
406845.93 102.23
406847.21 103.11
406848.46 102.06
406849.71 101.53
406850.96 102.26
406852.21 102.13
406853.46 102.07
406854.71 101.53
406856.00 101.27
406857.21 101.13
406858.46 101.07
406859.71 101.03
406860.96 101.52
406862.21 100.26
406863.50 100.63
406864.71 100.81
406865.93 99.91