410703.65 807.37
410704.90 815.18
410706.15 805.59
410707.43 776.30
410708.68 730.65
410709.90 677.82
410711.15 741.91
410712.43 788.46
410713.68 811.23
410714.93 817.11
410716.18 806.56
410717.46 774.78
410718.71 727.89
410719.96 675.94
410721.25 741.47
410722.50 788.24
410723.75 809.62
410725.00 818.31
410726.21 807.15
410727.50 776.08
410728.75 728.04
410729.96 676.02
410731.18 741.01
410732.46 789.50
410733.71 808.25
410734.96 815.63
410736.25 799.81
410737.50 759.41
410738.75 707.70
410740.00 654.35
410741.21 604.68
410742.50 557.34
410743.75 516.67
410745.00 479.83
410746.25 446.92
410747.50 417.46
410748.75 391.23
410749.96 367.61
410751.21 346.81
410752.50 328.40
410753.71 311.20
410754.96 294.10
410756.25 278.55
410757.50 265.28
410758.75 254.14
410760.00 243.07
410761.21 231.53
410762.46 222.27
410763.71 213.63
410764.96 205.32
410766.21 197.66
410767.50 190.83
410768.71 183.91
410769.93 178.96
410771.18 172.98
410772.46 168.49
410773.71 162.74
410774.96 159.37
410776.21 155.19
410777.46 151.59
410778.71 148.80
410779.96 146.40
410781.21 143.70
410782.46 139.35
410783.75 137.67
410785.00 134.34
410786.21 132.17
410787.46 129.58
410788.71 128.29
410789.93 127.15
410791.18 125.07
410792.43 123.54
410793.71 121.77
410794.93 120.88
410796.21 120.44
410797.46 117.72
410798.71 117.36
410799.96 116.18
410801.21 115.09
410802.50 114.55
410803.71 114.27
410804.96 112.64
410806.21 111.82
410807.50 111.41
410808.71 111.20
410809.96 110.10
410811.18 111.05
410812.46 111.53
410813.71 109.26
410814.96 108.13
410816.21 108.07
410817.46 107.53
410818.71 107.77
410819.96 107.88
410821.21 107.44
410822.46 106.72
410823.75 105.86
410824.96 104.43
410826.25 103.72
410827.50 104.36
410828.75 104.18
410829.96 104.59
410831.21 104.79
410832.46 104.40
410833.71 103.70
410834.96 103.85
410836.21 103.42
410837.50 103.21
410838.71 103.61
410840.00 103.30
410841.18 102.15
410842.43 102.58
410843.71 102.79
410844.93 103.39
410846.21 103.20
410847.46 103.60
410848.71 102.30
410849.93 102.15
410851.18 103.07
410852.43 102.04
410853.68 102.02
410854.93 103.01
410856.18 102.50
410857.43 100.75