401744.68 95.60
401745.87 368.30
401747.12 593.15
401748.37 708.58
401749.65 765.29
401750.90 777.64
401752.15 758.82
401753.40 716.41
401754.65 666.71
401755.90 739.35
401757.15 787.18
401758.43 806.09
401759.68 814.54
401760.93 802.27
401762.18 771.14
401763.46 723.07
401764.71 671.53
401765.93 740.77
401767.18 787.88
401768.46 806.94
401769.71 814.47
401770.96 801.74
401772.21 768.87
401773.50 721.43
401774.75 671.72
401776.00 744.86
401777.21 789.43
401778.50 805.21
401779.71 814.11
401781.00 799.55
401782.21 767.78
401783.46 720.89
401784.71 669.44
401785.96 742.72
401787.21 788.36
401788.46 806.68
401789.75 811.84
401791.00 797.92
401792.21 767.46
401793.46 721.23