407736.18 95.57
407737.40 152.28
407738.65 308.14
407739.93 396.07
407741.18 425.54
407742.43 544.27
407743.71 686.13
407744.96 759.07
407746.21 791.03
407747.46 800.02
407748.71 784.01
407749.96 746.50
407751.21 698.75
407752.46 714.88
407753.71 772.94
407755.00 799.97
407756.21 812.98
407757.46 812.99
407758.71 792.00
407759.96 752.50
407761.21 702.25
407762.50 718.12
407763.71 775.06
407765.00 804.03
407766.21 813.52
407767.46 813.76
407768.75 793.38
407769.96 750.69
407771.21 701.34
407772.46 718.17
407773.75 775.09
407774.96 803.54
407776.25 814.27
407777.50 813.64
407778.75 792.32
407780.00 751.16
407781.21 701.08
407782.46 719.04
407783.75 775.52
407785.00 803.76
407786.21 813.38
407787.46 814.69