0.0 99.9593359134
1.25 97.6653205452
2.46000000002 92.6608334736
3.71000000002 85.8124404061
5.0 82.3181333782
6.21000000002 91.9288799147
7.46000000002 97.4353581244
8.71000000002 99.1376409221
10.0 99.9873801111
11.25 97.4690111616
12.46 92.4925682876
13.75 85.658197319
15.0 82.8018957878
16.25 92.3116832127
17.46 97.3456166919
18.71 99.4433226765
20.0 100.0
21.25 97.6849514835
22.46 92.6720511526
23.75 85.8180492456
25.0 82.320937798
26.21 91.9302821246
27.46 97.3652476303
28.71 99.4531381457
30.0 99.8653878513
31.25 97.4774244209
32.46 92.4967749173
33.71 85.4506702563
35.0 78.2811711257
36.25 71.4005272309
37.46 65.0162656346
38.71 59.09052667
40.0 53.8126086713
41.25 49.1418475517
42.5 45.1231140277
43.75 41.2908744181
45.0 37.9718436256
46.28 35.0510404397
47.5 32.3293510573
48.75 29.7058163666
50.0 27.3416905042
51.28 25.2495933591
52.53 23.2907061529
53.78 21.6809692075
55.06 20.1749957934
56.28 18.7910146391
57.56 17.2583992372
58.81 16.0707274665
60.06 14.9854170172
61.34 13.8832800494
62.56 12.9101463907
63.84 12.0744293006
65.09 11.1643950867
66.34 10.2894161198
67.56 9.57148465982
68.81 8.93207695328
70.09 8.33193112345
71.34 7.75141623198
72.59 7.32093779797
73.84 6.89606820349
75.09 6.40249032475
76.34 5.94536990297
77.59 5.64669919794
78.84 5.3564417522
80.09 5.071793146
81.34 4.78994895956
82.59 4.43799427898
83.87 4.19120533962
85.12 3.8588815974
86.37 3.62190812721
87.62 3.50272028717
88.84 3.30360648382
90.09 3.06382859386
91.34 3.01475124797
92.59 2.91940097594
93.84 2.66139435751
95.09 2.53239104829
96.34 2.39777889955
97.59 2.33047282517
98.84 2.22670929385
100.12 2.10471703405
101.34 2.0430197992
102.62 1.87335240339
103.87 1.7177071064
105.12 1.7092938471
106.37 1.70648942734
107.62 1.56346401929
108.84 1.63357451343
110.09 1.52700656234
111.34 1.47512479668
112.59 1.23815132649
113.84 1.11896348645
115.09 1.06007067138
116.34 1.10073475798
117.59 1.12176790622
118.84 1.1315833754
120.09 0.99556901677
121.34 1.06848393067
122.59 0.964720399349
123.87 0.912838633687
125.12 0.817488361658
126.37 0.628190027483
127.62 0.744573447754
128.84 0.733355768691
130.09 0.726344719278
131.34 0.793650793651
132.59 0.757193336699
133.84 0.598743619945
135.09 0.590330360648
136.34 0.654832015256
137.59 0.548264064165
138.84 0.563688372876
140.09 0.572101632172
141.34 0.716529250098
142.59 0.649223175725
143.84 0.544057434517
145.12 0.562286162993
146.37 0.572101632172
147.62 0.576308261821
148.84 0.577710471703
150.09 0.579112681586
151.34 0.580514891469
152.59 0.580514891469
153.81 0.580514891469
155.06 0.580514891469
156.31 0.51040439733
157.56 0.405238656122
158.81 0.492175668854
160.09 0.466935890964
161.31 0.523024286275
162.56 0.552470693813
163.81 0.496382298502
165.09 0.398227606708
166.31 0.349150260811
167.56 0.464131471199
168.81 0.24258230972
170.06 0.130405519098
171.31 0.356161310225
172.56 0.328117112569
173.84 0.103763531325
175.06 0.20191822312
176.34 0.250995569017
177.56 0.274833137024
178.84 0.21734253183
180.09 0.259408828313
181.34 0.41926075495
182.59 0.360367939873
183.84 0.119187840036
185.12 0.0
