0.0 98.4753888177
1.25 99.5637995429
2.5 98.2273259379
3.77999999997 94.1454373153
5.02999999997 87.7835999777
6.25 80.4211494509
7.5 89.3528067339
8.77999999997 95.8400691231
10.03 99.0133229277
11.28 99.8327665979
12.53 98.3625062713
13.81 93.9336083394
15.06 87.3989631529
16.31 80.1591504543
17.6 89.2914878198
18.85 95.8094096661
20.1 98.7889514466
21.35 100.0
22.56 98.4447293606
23.85 94.1147778583
25.1 87.4198673282
26.31 80.1702993478
27.53 89.2273816824
28.81 95.9850047383
30.06 98.5980266459
31.31 99.6265120687
32.6 97.4218183845
33.85 91.791627181
35.1 84.5852611628
36.35 77.1503428285
37.56 70.2282735938
38.85 63.6309158816
40.1 57.9630971626
41.35 52.8290317186
42.6 48.2426556664
43.85 44.1370756452
45.1 40.481632198
46.31 37.1899214003
47.56 34.2912090975
48.85 31.7255699872
50.06 29.3285578906
51.31 26.9454819109
52.6 24.7784157422
53.85 22.9290930375
55.1 21.3766096215
56.35 19.8338814873
57.56 18.2256536039
58.81 16.9351691845
60.06 15.7310886894
61.31 14.57299738
62.56 13.50549083
63.85 12.5536540498
65.06 11.5892747645
66.28 10.8994369809
67.53 10.0660571938
68.81 9.44032554769
70.06 8.63899882937
71.31 8.16935169184
72.56 7.58682200792
73.81 7.08512180166
75.06 6.69630414181
76.31 6.36183733764
77.56 5.98556218295
78.81 5.3793411004
80.1 5.14521433748
81.35 4.68114164669
82.56 4.37872791125
83.81 4.01778248509
85.06 3.83800657785
86.28 3.67913484587
87.53 3.38926361559
88.78 3.17604102793
90.06 2.92937175985
91.28 2.80534031997
92.56 2.74402140588
93.81 2.36495902782
95.06 2.31478900719
96.31 2.15034282847
97.56 1.99843915491
98.85 1.92318412398
100.06 1.88416299682
101.31 1.65700429232
102.56 1.54272813423
103.85 1.48559005519
105.06 1.45632420982
106.31 1.30302692458
107.53 1.43542003456
108.81 1.5023133954
110.06 1.18596354312
111.31 1.02848542282
112.56 1.02012375272
113.81 0.944868721779
115.06 0.978315402196
116.31 0.993645130721
117.56 0.932326216623
118.81 0.831986175372
120.1 0.712135570545
121.31 0.512849099727
122.6 0.41390267016
123.85 0.503093817939
125.1 0.478008807626
126.31 0.535146886671
127.56 0.563019120352
128.81 0.508668264675
130.06 0.411115446792
131.31 0.432019622053
132.56 0.372094319639
133.85 0.342828474274
135.06 0.398572941636
136.35 0.35537097943
137.53 0.195105635766
138.78 0.255030938179
140.06 0.284296783544
141.28 0.367913484587
142.56 0.34143486259
143.81 0.397179329952
145.06 0.216009811026
146.28 0.195105635766
147.53 0.323317910697
148.78 0.179775907241
150.03 0.176988683873
151.28 0.314956240593
152.53 0.243882044707
153.78 0.0
