0.0 99.8997479776
1.25 98.6201423022
2.53999999998 94.9860064885
3.78999999998 88.7146855289
5.0 81.400465058
6.25 88.535067322
7.53999999998 95.3744830755
8.75 98.3764741921
10.0 99.7382308303
11.25 98.5393837285
12.54 94.8774001309
13.79 88.5893705008
15.0 81.4784388532
16.25 88.5740542196
17.54 95.4635959843
18.79 98.6995084866
20.0 99.8301285175
21.25 98.6549520322
22.54 94.9344880881
23.79 88.6186106741
25.0 81.5619822053
26.29 88.5462064356
27.5 95.1711942522
28.72 98.6229270806
30.0 100.0
31.25 98.8095072335
32.5 94.7339840432
33.79 88.4487391916
35.0 81.1985686239
36.25 74.0918141439
37.5 67.3373341316
38.75 61.3138584497
40.04 55.7262005876
41.29 50.7734722009
42.54 46.5573177014
43.79 42.6391344909
45.0 39.1484147649
46.29 36.0809813559
47.5 33.2237987162
48.75 30.6116765758
50.0 28.1917041451
51.25 26.0070454894
52.5 24.0785864465
53.75 22.2100001392
55.04 20.6491318453
56.29 19.2428187527
57.54 17.7724557568
58.79 16.5513304279
60.0 15.3134964285
61.25 14.206547014
62.5 13.2360517412
63.75 12.3337835392
65.0 11.5331597488
66.25 10.576588368
67.54 9.89014049207
68.75 9.19812305936
70.0 8.64255976831
71.25 8.08699647726
72.5 7.5314331862
73.75 7.11371642602
75.0 6.6263802058
76.25 6.10423425556
77.5 5.70322616578
78.75 5.36487559002
80.0 5.05576518749
81.29 4.69235160612
82.5 4.37070970078
83.75 3.93210710258
85.0 3.78312145811
86.29 3.49907406118
87.5 3.42666982275
88.72 3.25122878347
89.97 3.0938888038
91.25 2.94490315933
92.5 2.73186761163
93.75 2.41718765229
95.0 2.25845528342
96.25 2.18048148819
97.5 2.07048274134
98.75 2.01617956251
100.0 1.7808657876
101.25 1.73213216558
102.54 1.70706915997
103.75 1.5566911263
105.04 1.5497291803
106.25 1.47732494187
107.54 1.37150336262
108.72 1.318592573
110.0 1.29213717818
111.25 1.27960567538
112.5 1.13340480931
113.75 1.05960818168
115.0 1.02340606246
116.25 0.935685542823
117.5 0.892521477603
118.79 0.870243250393
120.0 0.859104136788
121.25 0.783915119954
122.5 0.815940071569
123.75 0.622397972681
125.0 0.665562037901
126.25 0.548601345048
127.5 0.558348069452
128.72 0.494298166223
129.97 0.462273214609
131.25 0.446956933402
132.5 0.50822205823
133.75 0.469235160612
135.0 0.519361171835
136.25 0.474804717415
137.5 0.522145950236
138.75 0.545816566647
140.0 0.48733622022
141.25 0.529107896239
142.5 0.478981885016
143.75 0.524930728637
145.04 0.547208955847
146.25 0.419109149389
147.54 0.35505924616
148.72 0.323034294546
150.0 0.445564544201
151.25 0.299363678135
152.5 0.225567050502
153.75 0.327211462148
155.0 0.30911040254
156.25 0.300756067336
157.5 0.225567050502
158.79 0.189364931286
160.0 0.169871482477
161.25 0.161517147273
162.5 0.15594759047
163.75 0.224174661301
165.0 0.048733622022
166.29 0.100252022445
167.5 0.125315028057
168.72 0.0
