0.0 99.391191166
1.28999999998 99.9566136233
2.5 97.3716253097
3.75 92.3695959469
5.03999999998 85.320009517
6.28999999998 82.7742088984
7.5 91.9987124043
8.78999999998 97.0315320989
10.0 99.336608305
11.29 100.0
12.5 97.6025527984
13.79 92.4857594715
15.04 85.447369526
16.25 82.6286546025
17.5 92.2758253908
18.75 97.4500006998
20.04 99.1266742243
21.29 99.8250549328
22.5 97.4444024576
23.75 92.336006494
25.04 85.3731928175
26.29 83.1520902437
27.5 92.3276091307
28.75 97.6151488433
30.04 99.4891604036
31.29 99.6557081077
32.5 97.2204727715
33.79 92.2240416509
35.04 85.3871884228
36.25 78.2606261634
37.5 71.267022155
38.75 64.8318428014
40.04 58.9550881023
41.29 53.7781136723
42.5 49.2295419238
43.75 45.0658493233
45.04 41.3038305972
46.29 38.0246602567
47.5 34.8448587144
48.79 32.1353095128
50.04 29.5909084547
51.29 27.3390155491
52.5 25.3026549663
53.75 23.3754601055
55.04 21.5728261326
56.25 19.9703293166
57.5 18.6799345006
58.75 17.4749128774
60.04 16.1033435501
61.25 14.9962911646
62.5 13.8836405369
63.75 12.838168815
65.04 12.0348210662
66.29 11.1433010035
67.5 10.2769730305
68.75 9.70455277043
70.0 8.99917425928
71.25 8.43515136247
72.54 7.80394955984
73.75 7.34909238499
75.04 6.8410519097
76.25 6.37639781109
77.5 6.00551426852
78.79 5.60943863627
80.0 5.20076695917
81.29 4.85787462737
82.5 4.54577262739
83.75 4.17908776644
85.04 4.0671229234
86.29 3.65985080685
87.5 3.45691452884
88.75 3.2861681432
90.0 3.12941736295
91.29 2.98246350646
92.5 2.76833074415
93.75 2.66056458272
95.0 2.46742522848
96.25 2.30087752446
97.47 2.21830345272
98.75 2.10633860968
100.0 1.98037816126
101.25 1.77744188325
102.5 1.74525199087
103.75 1.65987879806
105.04 1.61789198192
106.25 1.52552098641
107.54 1.48073504919
108.75 1.45694252005
110.04 1.30578998195
111.29 1.16023568599
112.47 1.15743656492
113.75 1.15603700438
115.0 1.15603700438
116.22 1.01468139004
117.47 0.874725336244
118.72 0.804747309345
119.97 0.839736322795
121.22 0.787952582889
122.47 0.761360932667
123.72 0.677387300388
124.97 0.636800044786
126.22 0.545828609817
127.47 0.569621138962
128.72 0.512239156905
130.0 0.554225973044
131.25 0.573819820576
132.5 0.515038277981
133.75 0.554225973044
135.0 0.575219381114
136.25 0.515038277981
137.47 0.554225973044
138.75 0.505241354215
140.0 0.55002729143
141.25 0.432464206239
142.5 0.303704636744
143.75 0.0993687981974
145.04 0.207134959623
146.25 0.260318260066
147.54 0.218331443927
148.75 0.195938475319
150.04 0.186141551553
151.29 0.180543309401
152.5 0.177744188325
153.75 0.0363885739878
155.0 0.104967040349
156.22 0.0
