0.0 0.0
1.22000000003 7.88602736678
2.47000000003 29.5597396818
3.75 41.7871843364
5.0 45.8852486372
6.25 62.3957058627
7.53000000003 82.1225942819
8.78000000003 92.2655467794
10.03 96.709867616
11.28 97.9600066748
12.53 95.733674491
13.78 90.5175770386
15.03 83.8775169652
16.28 86.1205362109
17.53 94.1942930248
18.82 97.9530537323
20.03 99.762209367
21.28 99.7635999555
22.53 96.8447547002
23.78 91.3519301368
25.03 84.3642229391
26.32 86.571086884
27.53 94.4890977862
28.82 98.5176326621
30.03 99.8373011458
31.28 99.8706752698
32.57 97.0366559128
33.78 91.1002336189
35.03 84.2376793859
36.28 86.5780398265
37.57 94.4932695517
38.78 98.4494938258
40.07 99.9415952831
41.32 99.8539882078
42.57 96.8892535321
43.82 91.1655912782
45.03 84.201524085
46.28 86.6990210257
47.57 94.553064857
48.82 98.4800867727
50.03 99.8178329069
51.28 100.0
