11274.37 0.06
11275.48 0.03
11276.60 0.52
11277.71 0.26
11278.83 0.13
11279.95 0.06
11281.07 0.53
11282.18 0.27
11284.47 53.57
11285.64 41.28
11286.80 60.14
11287.96 80.07
11289.12 66.54
11290.30 50.27
11291.46 76.63
11292.62 79.82
11293.79 61.91
11294.96 78.45
11296.13 94.23
11297.30 76.11
11298.46 57.56
11299.63 84.28
11300.80 81.64
11301.96 63.32
11303.13 82.16
11304.30 99.58
11305.46 77.79
11306.63 70.39
11307.80 90.20
11308.95 84.10
11310.11 63.05
11311.29 83.52
11312.46 99.26
11313.62 76.63
11314.79 56.82
11315.96 83.91
11317.13 85.95
11318.30 65.48
11319.46 81.24
11320.63 100.12
11321.84 81.06
11323.00 64.03
11324.16 88.51
11325.33 83.76
11326.50 65.38
11327.66 83.69
11328.82 100.84
11330.02 79.92
11331.18 73.46
11332.35 93.73
11333.52 83.87
11334.69 66.43
11335.86 84.72
11337.02 102.36
11338.22 79.68
11339.39 81.84
11340.55 99.42
11341.72 85.21
11342.89 64.10
11344.05 86.55
11345.21 101.78
11346.42 77.89
11347.58 67.44
11348.75 92.22
11349.92 85.61
11351.09 66.31
11352.26 85.15
11353.42 103.08
11354.62 79.54
11355.79 79.27
11356.96 97.13
11358.13 86.57
11359.30 65.28
11360.46 85.64
11361.62 103.82
11362.82 78.91
11363.99 84.46
11365.17 100.73
11366.37 84.86
11367.54 64.93
11368.70 89.47
11369.86 93.73
11371.03 72.87
11372.19 84.43
11373.36 101.72
11374.57 82.86
11375.74 63.93
11376.90 87.96
11378.06 88.98
11379.22 68.99
11380.39 85.00
11381.54 102.00
11382.74 114.50
11383.94 120.25
11385.15 125.62
11386.36 128.81
11387.57 131.41
11388.78 131.20
11389.98 130.60
11391.18 131.30
11392.38 131.15
11393.58 131.58
11394.78 132.79
11395.98 133.39
11397.18 134.70
11398.38 134.85
11399.58 134.92
11400.78 134.96
11401.98 134.98
11403.18 134.99
11404.38 135.50
11405.58 135.75
11406.78 136.37
11407.98 136.19
11409.19 137.59
11410.39 136.80
11411.60 136.40
11412.79 136.20
11413.99 135.10
11415.19 135.05