13276.38 0.59
13277.50 0.80
13278.61 0.40
13279.73 0.20
13280.84 0.10
13281.95 0.05
13283.06 0.02
13284.17 0.01
13286.45 58.25
13287.62 48.13
13288.78 49.06
13289.94 73.03
13291.10 69.02
13292.26 52.51
13293.43 73.75
13294.60 91.38
13295.76 70.69
13296.93 70.34
13298.10 89.67
13299.26 78.84
13300.43 59.42
13301.60 80.21
13302.76 97.60
13303.93 74.80
13305.10 77.90
13306.26 94.45
13307.42 80.73
13308.59 60.86
13309.75 83.43
13310.92 95.72
13312.10 72.86
13313.26 79.93
13314.42 97.46
13315.59 80.73
13316.75 61.37
13317.92 80.68
13319.09 98.84
13320.25 76.92
13321.42 73.96
13322.58 93.48
13323.74 84.24
13324.91 64.12
13326.09 84.06
13327.24 102.03
13328.44 79.02
13329.61 81.01
13330.77 98.50
13331.93 84.25
13333.10 64.63
13334.26 86.31
13335.43 101.66
13336.64 77.33
13337.80 84.16
13338.96 100.58
13340.16 83.29
13341.33 64.15
13342.50 87.57
13343.66 91.79
13344.82 70.89
13345.98 83.45
13347.14 100.72
13348.34 82.36
13349.51 61.68
13350.68 84.34
13351.85 102.17
13353.05 78.59
13354.22 84.29
13355.39 100.65
13356.59 84.32
13357.76 63.66
13358.93 87.83
13360.10 92.42
13361.27 71.71
13362.44 84.85
13363.60 101.93
13364.80 83.46
13365.96 63.23
13367.13 88.12
13368.30 88.06
13369.46 70.03
13370.62 85.51
13371.78 102.76
13372.98 81.38
13374.15 70.19
13375.32 94.09
13376.48 88.55
13377.65 68.27
13378.82 87.64
13379.98 103.82
13381.18 81.91
13382.35 78.95
13383.52 98.48
13384.70 111.24
13385.90 119.12
13387.10 124.56
13388.30 128.78
13389.50 130.89
13390.70 130.44
13391.90 132.22
13393.10 132.61
13394.30 133.81
13395.50 132.40
13396.70 132.20
13397.90 133.60
13399.10 133.30
13400.30 132.65
13401.50 133.83
13402.70 134.41
13403.90 134.71
13405.10 134.85
13406.30 134.93
13407.50 135.46
13408.70 135.73
13409.90 135.87
13411.10 136.43
13412.30 136.72
13413.50 136.36
13414.70 136.18
13415.90 136.59
13417.10 136.79