8260.31 0.03
8261.38 0.02
8262.46 0.01
8263.53 0.00
8264.60 1.00
8265.66 0.50
8266.74 0.25
8267.82 2.13
8270.03 52.53
8271.15 43.27
8272.28 59.63
8273.41 80.32
8274.54 67.66
8275.66 51.33
8276.79 74.16
8277.92 89.58
8279.05 67.29
8280.17 70.15
8281.30 88.07
8282.42 78.54
8283.54 59.77
8284.67 78.38
8285.80 95.19
8286.92 73.60
8288.05 63.80
8289.16 86.90
8290.28 83.45
8291.41 63.72
8292.54 79.36
8293.66 98.18
8294.79 80.59
8295.92 61.80
8297.05 83.40
8298.17 92.20
8299.29 71.60
8300.41 54.80
8301.53 82.40
8302.65 84.70
8303.77 67.85
8304.90 81.42
8306.02 99.71
8307.14 81.36
8308.27 60.68
8309.40 82.84
8310.52 98.42
8311.65 75.21
8312.78 78.60
8313.90 96.80
8315.02 86.40
8316.14 64.70
8317.27 82.85
8318.40 101.93
8319.56 78.96
8320.69 71.98
8321.81 92.49
8322.94 87.25
8324.07 67.12
8325.19 84.06
8326.31 99.53
8327.44 81.77
8328.57 60.88
8329.70 84.44
8330.82 91.72
8331.95 72.86
8333.07 66.93
8334.19 89.47
8335.32 88.23
8336.45 69.62
8337.58 83.31
8338.70 100.15
8339.86 80.58
8340.99 60.79
8342.12 85.89
8343.26 89.95
8344.38 71.47
8345.51 82.24
8346.64 98.62
8347.77 84.81
8348.90 64.40
8350.02 87.70
8351.14 103.35
8352.30 79.68
8353.43 81.84
8354.56 99.42
8355.69 86.71
8356.82 65.85
8357.94 85.93
8359.07 103.96
8360.23 82.98
8361.36 75.49
8362.49 94.25
8363.62 88.62
8364.74 69.81
8365.87 84.91
8367.00 101.45
8368.15 114.23
8369.32 121.61
8370.49 124.81
8371.66 126.40
8372.82 129.20
8373.98 131.10
8375.14 132.05
8376.30 132.53
8377.47 131.76
8378.64 132.88
8379.80 131.94
8380.96 134.47
8382.13 135.74
8383.30 136.37
8384.46 137.18
8385.63 135.59
8386.80 135.30
8387.96 136.15
8389.13 136.07
8390.29 136.54
8391.46 137.77
8392.62 135.88
8393.79 135.94
8394.95 136.97
8396.11 136.99