6257.81 0.05
6258.88 1.02
6259.96 0.51
6261.04 0.26
6262.12 0.13
6263.21 0.06
6264.29 0.53
6265.38 1.27
6267.59 47.32
6268.72 39.66
6269.85 56.83
6270.98 75.91
6272.10 59.46
6273.23 44.73
6274.35 68.86
6275.48 80.93
6276.61 60.97
6277.74 66.48
6278.86 84.74
6279.99 72.87
6281.12 54.94
6282.25 74.97
6283.37 91.98
6284.50 69.49
6285.62 62.75
6286.74 80.87
6287.87 78.44
6289.00 61.22
6290.12 75.11
6291.26 92.05
6292.38 75.03
6293.51 57.51
6294.63 81.76
6295.76 86.88
6296.89 64.44
6298.02 58.22
6299.14 82.11
6300.27 82.05
6301.39 64.03
6302.52 77.51
6303.65 93.26
6304.78 75.13
6305.90 57.06
6307.02 79.53
6308.14 87.27
6309.27 67.63
6310.40 72.82
6311.52 91.41
6312.65 78.70
6313.77 59.35
6314.90 79.18
6316.03 97.59
6317.14 72.29
6318.27 71.15
6319.40 92.07
6320.52 84.54
6321.65 63.77
6322.78 80.88
6323.90 99.44
6325.02 78.72
6326.14 56.36
6327.27 82.68
6328.40 90.34
6329.52 70.17
6330.65 63.59
6331.78 86.29
6332.90 82.65
6334.02 62.32
6335.14 78.16
6336.27 96.08
6337.39 79.54
6338.52 58.77
6339.65 83.89
6340.78 89.44
6341.90 67.22
6343.02 78.61
6344.14 97.81
6345.27 83.40
6346.39 64.20
6347.51 83.10
6348.63 100.05
6349.79 79.03
6350.92 72.51
6352.05 91.26
6353.17 84.63
6354.30 64.81
6355.42 82.91
6356.55 98.45
6357.68 78.23
6358.81 60.61
6359.94 87.31
6361.06 86.65
6362.19 69.83
6363.32 82.91
6364.45 99.96
6365.58 108.98
6366.74 116.99
6367.91 123.49
6369.08 126.25
6370.24 126.62
6371.41 128.31
6372.58 127.16
6373.74 128.08
6374.90 127.54
6376.06 126.77
6377.22 130.38
6378.39 129.19
6379.56 131.10
6380.73 132.05
6381.89 132.52
6383.06 132.76
6384.22 132.88
6385.38 132.94
6386.54 131.47
6387.72 131.24
6388.89 133.62
6390.06 131.81
6391.22 132.40
6392.38 132.70
6393.54 132.35