7258.44 1.50
7259.52 0.75
7260.60 0.38
7261.68 0.19
7262.76 0.09
7263.83 0.05
7264.90 0.02
7265.97 0.01
7268.17 57.75
7269.30 48.38
7270.43 42.19
7271.56 68.59
7272.69 69.80
7273.81 54.40
7274.94 70.20
7276.06 88.10
7277.18 72.05
7278.31 53.02
7279.44 77.01
7280.56 88.01
7281.68 68.00
7282.79 73.00
7283.90 91.50
7285.02 81.25
7286.14 60.63
7287.27 80.31
7288.40 97.66
7289.52 76.33
7290.65 65.66
7291.78 86.83
7292.90 83.92
7294.02 65.46
7295.14 79.73
7296.27 96.36
7297.40 80.18
7298.52 61.59
7299.65 79.80
7300.77 97.90
7301.89 77.95
7303.02 58.97
7304.14 83.49
7305.26 85.74
7306.39 68.37
7307.52 83.19
7308.65 101.09
7309.81 81.55
7310.94 61.27
7312.06 85.14
7313.18 92.57
7314.31 73.78
7315.45 79.89
7316.57 95.95
7317.70 81.97
7318.82 63.99
7319.94 83.99
7321.06 101.00
7322.22 78.50
7323.34 74.75
7324.47 95.37
7325.60 88.19
7326.73 69.59
7327.85 86.30
7328.97 101.65
7330.14 80.82
7331.26 60.41
7332.39 83.71
7333.52 102.35
7334.69 79.18
7335.82 79.59
7336.95 97.29
7338.07 87.65
7339.19 67.32
7340.32 85.16
7341.45 102.58
7342.62 81.29
7343.74 68.65
7344.87 91.32
7346.00 88.16
7347.12 69.58
7348.25 85.29
7349.38 101.15
7350.54 82.57
7351.67 61.29
7352.80 87.14
7353.92 93.57
7355.05 72.79
7356.18 83.89
7357.30 99.95
7358.42 83.97
7359.55 63.99
7360.68 87.49
7361.80 103.75
7362.96 80.87
7364.09 79.94
7365.21 96.97
7366.34 109.98
7367.50 118.99
7368.66 125.00
7369.82 127.50
7370.98 130.75
7372.14 129.37
7373.31 130.19
7374.48 131.09
7375.64 132.05
7376.80 132.02
7377.95 133.51
7379.12 134.26
7380.30 134.63
7381.46 133.31
7382.63 134.16
7383.80 134.58
7384.96 134.79
7386.13 133.89
7387.30 134.45
7388.46 134.72
7389.63 135.36
7390.80 135.18
7391.96 135.59
7393.13 133.80
7394.31 133.90