12275.37 0.00
12276.47 0.00
12277.58 0.00
12278.68 0.00
12279.78 0.00
12280.89 0.00
12281.99 0.00
12283.10 0.00
12285.36 53.75
12286.53 48.38
12287.70 37.69
12288.86 67.84
12290.02 69.92
12291.19 54.46
12292.36 73.23
12293.53 91.12
12294.70 72.06
12295.86 62.53
12297.02 85.26
12298.18 79.13
12299.35 60.07
12300.51 79.53
12301.68 96.77
12302.85 74.38
12304.02 72.69
12305.18 91.35
12306.34 81.17
12307.51 61.59
12308.68 82.29
12309.84 99.65
12311.01 75.82
12312.17 78.41
12313.34 96.21
12314.50 82.10
12315.66 62.55
12316.82 79.78
12317.99 97.39
12319.15 78.69
12320.32 63.35
12321.49 87.67
12322.66 84.34
12323.83 65.17
12325.00 83.58
12326.15 101.29
12327.35 79.65
12328.52 74.82
12329.69 94.41
12330.86 85.21
12332.03 65.10
12333.18 85.05
12334.34 102.03
12335.54 79.01
12336.70 81.01
12337.86 98.50
12339.02 85.75
12340.18 64.88
12341.34 86.44
12342.51 103.22
12343.72 79.11
12344.89 84.55
12346.05 100.28
12347.26 84.14
12348.42 63.57
12349.59 83.78
12350.75 101.89
12351.95 78.95
12353.13 79.97
12354.30 98.49
12355.46 85.74
12356.62 65.87
12357.79 87.44
12358.96 104.72
12360.16 80.36
12361.33 85.18
12362.50 101.59
12363.70 85.29
12364.86 64.15
12366.02 88.07
12367.18 93.04
12368.34 72.52
12369.50 84.76
12370.66 101.88
12371.86 84.44
12373.03 63.22
12374.19 88.61
12375.36 89.80
12376.52 70.40
12377.68 86.20
12378.84 103.10
12380.04 83.05
12381.19 65.03
12382.36 90.01
12383.52 107.01
12384.72 117.00
12385.91 122.50
12387.12 126.75
12388.33 128.88
12389.54 130.44
12390.74 131.72
12391.95 132.36
12393.16 132.68
12394.37 133.34
12395.58 134.17
12396.78 133.58
12397.98 134.29
12399.18 134.15
12400.39 134.57
12401.59 134.79
12402.79 134.89
12403.99 135.45
12405.19 136.22
12406.40 136.61
12407.60 136.31
12408.80 136.15
12410.01 136.08
12411.20 136.54
12412.40 136.27
12413.60 136.63
12414.80 136.82
12416.01 137.41