10268.57 1.69
10269.70 0.84
10270.81 0.42
10271.93 1.21
10273.06 0.61
10274.19 0.80
10275.29 0.40
10276.40 3.70
10278.69 47.93
10279.86 39.96
10281.02 60.98
10282.19 83.99
10283.35 66.00
10284.51 59.00
10285.66 81.00
10286.82 76.00
10287.97 58.00
10289.12 76.50
10290.28 95.75
10291.45 75.37
10292.62 70.69
10293.78 90.84
10294.94 80.92
10296.10 61.96
10297.26 79.98
10298.42 97.49
10299.58 74.75
10300.75 73.37
10301.92 90.69
10303.09 79.34
10304.25 60.67
10305.42 83.34
10306.58 100.17
10307.78 77.08
10308.94 56.54
10310.10 83.27
10311.26 83.14
10312.43 65.07
10313.59 83.53
10314.76 99.77
10315.92 77.88
10317.09 66.94
10318.25 89.47
10319.42 83.74
10320.58 65.37
10321.75 82.68
10322.91 99.34
10324.08 77.67
10325.24 72.84
10326.41 92.92
10327.58 83.46
10328.74 63.73
10329.91 84.36
10331.08 100.68
10332.28 77.84
10333.45 80.92
10334.62 98.46
10335.78 84.73
10336.95 63.87
10338.12 85.93
10339.29 95.97
10340.46 74.48
10341.62 66.24
10342.79 90.62
10343.95 85.31
10345.12 68.16
10346.29 86.08
10347.45 103.04
10348.65 81.02
10349.81 78.01
10350.97 96.00
10352.12 86.00
10353.28 66.50
10354.44 87.25
10355.61 103.63
10356.82 81.31
10357.98 83.16
10359.15 100.08
10360.36 84.54
10361.53 64.77
10362.70 87.88
10363.86 95.94
10365.02 75.47
10366.18 85.24
10367.35 102.12
10368.56 84.56
10369.73 63.28
10370.90 89.14
10372.06 90.57
10373.22 70.78
10374.38 84.39
10375.54 102.20
10376.74 112.60
10377.94 121.30
10379.14 124.15
10380.36 128.57
10381.57 128.29
10382.78 129.14
10383.98 130.57
10385.19 131.29
10386.40 131.64
10387.60 132.32
10388.80 132.16
10390.00 133.58
10391.20 133.79
10392.40 134.40
10393.60 133.20
10394.79 134.10
10395.99 133.05
10397.20 134.02
10398.39 134.51
10399.60 134.76
10400.80 135.38
10402.00 135.69
10403.20 137.34
10404.40 136.67
10405.60 136.34
10406.80 136.17
10408.00 136.58
10409.20 136.29