==> ./dark1.txt <==
6257.81 0.05
6258.88 1.02
6259.96 0.51
6261.04 0.26
6262.12 0.13
6263.21 0.06
6264.29 0.53
6265.38 1.27
6267.59 47.32
6268.72 39.66
6269.85 56.83
6270.98 75.91
6272.10 59.46
6273.23 44.73
6274.35 68.86
6275.48 80.93
6276.61 60.97
6277.74 66.48
6278.86 84.74
6279.99 72.87
6281.12 54.94
6282.25 74.97
6283.37 91.98
6284.50 69.49
6285.62 62.75
6286.74 80.87
6287.87 78.44
6289.00 61.22
6290.12 75.11
6291.26 92.05
6292.38 75.03
6293.51 57.51
6294.63 81.76
6295.76 86.88
6296.89 64.44
6298.02 58.22
6299.14 82.11
6300.27 82.05
6301.39 64.03
6302.52 77.51
6303.65 93.26
6304.78 75.13
6305.90 57.06
6307.02 79.53
6308.14 87.27
6309.27 67.63
6310.40 72.82
6311.52 91.41
6312.65 78.70
6313.77 59.35
6314.90 79.18
6316.03 97.59
6317.14 72.29
6318.27 71.15
6319.40 92.07
6320.52 84.54
6321.65 63.77
6322.78 80.88
6323.90 99.44
6325.02 78.72
6326.14 56.36
6327.27 82.68
6328.40 90.34
6329.52 70.17
6330.65 63.59
6331.78 86.29
6332.90 82.65
6334.02 62.32
6335.14 78.16
6336.27 96.08
6337.39 79.54
6338.52 58.77
6339.65 83.89
6340.78 89.44
6341.90 67.22
6343.02 78.61
6344.14 97.81
6345.27 83.40
6346.39 64.20
6347.51 83.10
6348.63 100.05
6349.79 79.03
6350.92 72.51
6352.05 91.26
6353.17 84.63
6354.30 64.81
6355.42 82.91
6356.55 98.45
6357.68 78.23
6358.81 60.61
6359.94 87.31
6361.06 86.65
6362.19 69.83
6363.32 82.91
6364.45 99.96
6365.58 108.98
6366.74 116.99
6367.91 123.49
6369.08 126.25
6370.24 126.62
6371.41 128.31
6372.58 127.16
6373.74 128.08
6374.90 127.54
6376.06 126.77
6377.22 130.38
6378.39 129.19
6379.56 131.10
6380.73 132.05
6381.89 132.52
6383.06 132.76
6384.22 132.88
6385.38 132.94
6386.54 131.47
6387.72 131.24
6388.89 133.62
6390.06 131.81
6391.22 132.40
6392.38 132.70
6393.54 132.35

==> ./dark2.txt <==
7258.44 1.50
7259.52 0.75
7260.60 0.38
7261.68 0.19
7262.76 0.09
7263.83 0.05
7264.90 0.02
7265.97 0.01
7268.17 57.75
7269.30 48.38
7270.43 42.19
7271.56 68.59
7272.69 69.80
7273.81 54.40
7274.94 70.20
7276.06 88.10
7277.18 72.05
7278.31 53.02
7279.44 77.01
7280.56 88.01
7281.68 68.00
7282.79 73.00
7283.90 91.50
7285.02 81.25
7286.14 60.63
7287.27 80.31
7288.40 97.66
7289.52 76.33
7290.65 65.66
7291.78 86.83
7292.90 83.92
7294.02 65.46
7295.14 79.73
7296.27 96.36
7297.40 80.18
7298.52 61.59
7299.65 79.80
7300.77 97.90
7301.89 77.95
7303.02 58.97
7304.14 83.49
7305.26 85.74
7306.39 68.37
7307.52 83.19
7308.65 101.09
7309.81 81.55
7310.94 61.27
7312.06 85.14
7313.18 92.57
7314.31 73.78
7315.45 79.89
7316.57 95.95
7317.70 81.97
7318.82 63.99
7319.94 83.99
7321.06 101.00
7322.22 78.50
7323.34 74.75
7324.47 95.37
7325.60 88.19
7326.73 69.59
7327.85 86.30
7328.97 101.65
7330.14 80.82
7331.26 60.41
7332.39 83.71
7333.52 102.35
7334.69 79.18
7335.82 79.59
7336.95 97.29
7338.07 87.65
7339.19 67.32
7340.32 85.16
7341.45 102.58
7342.62 81.29
7343.74 68.65
7344.87 91.32
7346.00 88.16
7347.12 69.58
7348.25 85.29
7349.38 101.15
7350.54 82.57
7351.67 61.29
7352.80 87.14
7353.92 93.57
7355.05 72.79
7356.18 83.89
7357.30 99.95
7358.42 83.97
7359.55 63.99
7360.68 87.49
7361.80 103.75
7362.96 80.87
7364.09 79.94
7365.21 96.97
7366.34 109.98
7367.50 118.99
7368.66 125.00
7369.82 127.50
7370.98 130.75
7372.14 129.37
7373.31 130.19
7374.48 131.09
7375.64 132.05
7376.80 132.02
7377.95 133.51
7379.12 134.26
7380.30 134.63
7381.46 133.31
7382.63 134.16
7383.80 134.58
7384.96 134.79
7386.13 133.89
7387.30 134.45
7388.46 134.72
7389.63 135.36
7390.80 135.18
7391.96 135.59
7393.13 133.80
7394.31 133.90

==> ./dark3.txt <==
8260.31 0.03
8261.38 0.02
8262.46 0.01
8263.53 0.00
8264.60 1.00
8265.66 0.50
8266.74 0.25
8267.82 2.13
8270.03 52.53
8271.15 43.27
8272.28 59.63
8273.41 80.32
8274.54 67.66
8275.66 51.33
8276.79 74.16
8277.92 89.58
8279.05 67.29
8280.17 70.15
8281.30 88.07
8282.42 78.54
8283.54 59.77
8284.67 78.38
8285.80 95.19
8286.92 73.60
8288.05 63.80
8289.16 86.90
8290.28 83.45
8291.41 63.72
8292.54 79.36
8293.66 98.18
8294.79 80.59
8295.92 61.80
8297.05 83.40
8298.17 92.20
8299.29 71.60
8300.41 54.80
8301.53 82.40
8302.65 84.70
8303.77 67.85
8304.90 81.42
8306.02 99.71
8307.14 81.36
8308.27 60.68
8309.40 82.84
8310.52 98.42
8311.65 75.21
8312.78 78.60
8313.90 96.80
8315.02 86.40
8316.14 64.70
8317.27 82.85
8318.40 101.93
8319.56 78.96
8320.69 71.98
8321.81 92.49
8322.94 87.25
8324.07 67.12
8325.19 84.06
8326.31 99.53
8327.44 81.77
8328.57 60.88
8329.70 84.44
8330.82 91.72
8331.95 72.86
8333.07 66.93
8334.19 89.47
8335.32 88.23
8336.45 69.62
8337.58 83.31
8338.70 100.15
8339.86 80.58
8340.99 60.79
8342.12 85.89
8343.26 89.95
8344.38 71.47
8345.51 82.24
8346.64 98.62
8347.77 84.81
8348.90 64.40
8350.02 87.70
8351.14 103.35
8352.30 79.68
8353.43 81.84
8354.56 99.42
8355.69 86.71
8356.82 65.85
8357.94 85.93
8359.07 103.96
8360.23 82.98
8361.36 75.49
8362.49 94.25
8363.62 88.62
8364.74 69.81
8365.87 84.91
8367.00 101.45
8368.15 114.23
8369.32 121.61
8370.49 124.81
8371.66 126.40
8372.82 129.20
8373.98 131.10
8375.14 132.05
8376.30 132.53
8377.47 131.76
8378.64 132.88
8379.80 131.94
8380.96 134.47
8382.13 135.74
8383.30 136.37
8384.46 137.18
8385.63 135.59
8386.80 135.30
8387.96 136.15
8389.13 136.07
8390.29 136.54
8391.46 137.77
8392.62 135.88
8393.79 135.94
8394.95 136.97
8396.11 136.99

==> ./dark4.txt <==
9268.18 0.13
9269.26 0.06
9270.32 1.53
9271.40 0.77
9272.48 0.38
9273.56 0.19
9274.64 0.10
9275.71 19.55
9277.97 49.64
9279.10 36.82
9280.23 63.91
9281.36 81.95
9282.49 60.98
9283.62 64.49
9284.74 84.24
9285.87 76.12
9287.00 56.06
9288.11 75.03
9289.24 92.52
9290.37 72.26
9291.50 61.63
9292.62 84.81
9293.75 82.41
9294.88 63.70
9296.00 78.35
9297.12 95.18
9298.25 77.09
9299.37 59.04
9300.49 83.52
9301.62 92.76
9302.74 70.88
9303.87 78.94
9305.00 95.47
9306.12 83.24
9307.25 63.62
9308.38 76.81
9309.50 96.90
9310.62 80.95
9311.74 61.98
9312.87 84.49
9314.00 96.24
9315.11 75.12
9316.25 80.06
9317.38 98.03
9318.49 85.52
9319.62 64.76
9320.74 83.88
9321.87 101.94
9323.03 78.97
9324.15 70.48
9325.28 92.74
9326.41 87.87
9327.54 67.44
9328.66 82.22
9329.79 100.61
9330.96 83.30
9332.08 63.65
9333.20 85.83
9334.32 90.91
9335.45 71.96
9336.58 81.98
9337.70 98.99
9338.82 82.99
9339.95 65.00
9341.07 82.50
9342.19 99.25
9343.32 79.62
9344.45 61.31
9345.58 88.16
9346.70 93.58
9347.82 73.79
9348.95 81.89
9350.07 100.45
9351.24 84.22
9352.37 65.61
9353.50 86.81
9354.62 103.90
9355.78 79.95
9356.91 83.48
9358.04 99.74
9359.16 86.87
9360.29 67.43
9361.42 87.22
9362.54 104.61
9363.70 83.30
9364.82 74.65
9365.95 94.33
9367.08 90.66
9368.20 69.33
9369.32 86.17
9370.45 102.58
9371.61 84.79
9372.74 62.90
9373.86 87.45
9374.99 104.72
9376.16 116.36
9377.33 122.68
9378.50 125.84
9379.66 126.92
9380.82 127.46
9381.98 130.73
9383.15 132.87
9384.32 133.93
9385.49 132.47
9386.66 132.73
9387.82 132.37
9388.99 133.68
9390.15 132.84
9391.32 132.42
9392.49 132.21
9393.66 133.61
9394.82 134.30
9395.98 133.15
9397.15 134.08
9398.31 133.04
9399.47 134.02
9400.63 134.01
9401.79 135.00
9402.94 135.50
9404.10 137.25

==> ./dark5.txt <==
10268.57 1.69
10269.70 0.84
10270.81 0.42
10271.93 1.21
10273.06 0.61
10274.19 0.80
10275.29 0.40
10276.40 3.70
10278.69 47.93
10279.86 39.96
10281.02 60.98
10282.19 83.99
10283.35 66.00
10284.51 59.00
10285.66 81.00
10286.82 76.00
10287.97 58.00
10289.12 76.50
10290.28 95.75
10291.45 75.37
10292.62 70.69
10293.78 90.84
10294.94 80.92
10296.10 61.96
10297.26 79.98
10298.42 97.49
10299.58 74.75
10300.75 73.37
10301.92 90.69
10303.09 79.34
10304.25 60.67
10305.42 83.34
10306.58 100.17
10307.78 77.08
10308.94 56.54
10310.10 83.27
10311.26 83.14
10312.43 65.07
10313.59 83.53
10314.76 99.77
10315.92 77.88
10317.09 66.94
10318.25 89.47
10319.42 83.74
10320.58 65.37
10321.75 82.68
10322.91 99.34
10324.08 77.67
10325.24 72.84
10326.41 92.92
10327.58 83.46
10328.74 63.73
10329.91 84.36
10331.08 100.68
10332.28 77.84
10333.45 80.92
10334.62 98.46
10335.78 84.73
10336.95 63.87
10338.12 85.93
10339.29 95.97
10340.46 74.48
10341.62 66.24
10342.79 90.62
10343.95 85.31
10345.12 68.16
10346.29 86.08
10347.45 103.04
10348.65 81.02
10349.81 78.01
10350.97 96.00
10352.12 86.00
10353.28 66.50
10354.44 87.25
10355.61 103.63
10356.82 81.31
10357.98 83.16
10359.15 100.08
10360.36 84.54
10361.53 64.77
10362.70 87.88
10363.86 95.94
10365.02 75.47
10366.18 85.24
10367.35 102.12
10368.56 84.56
10369.73 63.28
10370.90 89.14
10372.06 90.57
10373.22 70.78
10374.38 84.39
10375.54 102.20
10376.74 112.60
10377.94 121.30
10379.14 124.15
10380.36 128.57
10381.57 128.29
10382.78 129.14
10383.98 130.57
10385.19 131.29
10386.40 131.64
10387.60 132.32
10388.80 132.16
10390.00 133.58
10391.20 133.79
10392.40 134.40
10393.60 133.20
10394.79 134.10
10395.99 133.05
10397.20 134.02
10398.39 134.51
10399.60 134.76
10400.80 135.38
10402.00 135.69
10403.20 137.34
10404.40 136.67
10405.60 136.34
10406.80 136.17
10408.00 136.58
10409.20 136.29

==> ./dark6.txt <==
11274.37 0.06
11275.48 0.03
11276.60 0.52
11277.71 0.26
11278.83 0.13
11279.95 0.06
11281.07 0.53
11282.18 0.27
11284.47 53.57
11285.64 41.28
11286.80 60.14
11287.96 80.07
11289.12 66.54
11290.30 50.27
11291.46 76.63
11292.62 79.82
11293.79 61.91
11294.96 78.45
11296.13 94.23
11297.30 76.11
11298.46 57.56
11299.63 84.28
11300.80 81.64
11301.96 63.32
11303.13 82.16
11304.30 99.58
11305.46 77.79
11306.63 70.39
11307.80 90.20
11308.95 84.10
11310.11 63.05
11311.29 83.52
11312.46 99.26
11313.62 76.63
11314.79 56.82
11315.96 83.91
11317.13 85.95
11318.30 65.48
11319.46 81.24
11320.63 100.12
11321.84 81.06
11323.00 64.03
11324.16 88.51
11325.33 83.76
11326.50 65.38
11327.66 83.69
11328.82 100.84
11330.02 79.92
11331.18 73.46
11332.35 93.73
11333.52 83.87
11334.69 66.43
11335.86 84.72
11337.02 102.36
11338.22 79.68
11339.39 81.84
11340.55 99.42
11341.72 85.21
11342.89 64.10
11344.05 86.55
11345.21 101.78
11346.42 77.89
11347.58 67.44
11348.75 92.22
11349.92 85.61
11351.09 66.31
11352.26 85.15
11353.42 103.08
11354.62 79.54
11355.79 79.27
11356.96 97.13
11358.13 86.57
11359.30 65.28
11360.46 85.64
11361.62 103.82
11362.82 78.91
11363.99 84.46
11365.17 100.73
11366.37 84.86
11367.54 64.93
11368.70 89.47
11369.86 93.73
11371.03 72.87
11372.19 84.43
11373.36 101.72
11374.57 82.86
11375.74 63.93
11376.90 87.96
11378.06 88.98
11379.22 68.99
11380.39 85.00
11381.54 102.00
11382.74 114.50
11383.94 120.25
11385.15 125.62
11386.36 128.81
11387.57 131.41
11388.78 131.20
11389.98 130.60
11391.18 131.30
11392.38 131.15
11393.58 131.58
11394.78 132.79
11395.98 133.39
11397.18 134.70
11398.38 134.85
11399.58 134.92
11400.78 134.96
11401.98 134.98
11403.18 134.99
11404.38 135.50
11405.58 135.75
11406.78 136.37
11407.98 136.19
11409.19 137.59
11410.39 136.80
11411.60 136.40
11412.79 136.20
11413.99 135.10
11415.19 135.05

==> ./dark7.txt <==
12275.37 0.00
12276.47 0.00
12277.58 0.00
12278.68 0.00
12279.78 0.00
12280.89 0.00
12281.99 0.00
12283.10 0.00
12285.36 53.75
12286.53 48.38
12287.70 37.69
12288.86 67.84
12290.02 69.92
12291.19 54.46
12292.36 73.23
12293.53 91.12
12294.70 72.06
12295.86 62.53
12297.02 85.26
12298.18 79.13
12299.35 60.07
12300.51 79.53
12301.68 96.77
12302.85 74.38
12304.02 72.69
12305.18 91.35
12306.34 81.17
12307.51 61.59
12308.68 82.29
12309.84 99.65
12311.01 75.82
12312.17 78.41
12313.34 96.21
12314.50 82.10
12315.66 62.55
12316.82 79.78
12317.99 97.39
12319.15 78.69
12320.32 63.35
12321.49 87.67
12322.66 84.34
12323.83 65.17
12325.00 83.58
12326.15 101.29
12327.35 79.65
12328.52 74.82
12329.69 94.41
12330.86 85.21
12332.03 65.10
12333.18 85.05
12334.34 102.03
12335.54 79.01
12336.70 81.01
12337.86 98.50
12339.02 85.75
12340.18 64.88
12341.34 86.44
12342.51 103.22
12343.72 79.11
12344.89 84.55
12346.05 100.28
12347.26 84.14
12348.42 63.57
12349.59 83.78
12350.75 101.89
12351.95 78.95
12353.13 79.97
12354.30 98.49
12355.46 85.74
12356.62 65.87
12357.79 87.44
12358.96 104.72
12360.16 80.36
12361.33 85.18
12362.50 101.59
12363.70 85.29
12364.86 64.15
12366.02 88.07
12367.18 93.04
12368.34 72.52
12369.50 84.76
12370.66 101.88
12371.86 84.44
12373.03 63.22
12374.19 88.61
12375.36 89.80
12376.52 70.40
12377.68 86.20
12378.84 103.10
12380.04 83.05
12381.19 65.03
12382.36 90.01
12383.52 107.01
12384.72 117.00
12385.91 122.50
12387.12 126.75
12388.33 128.88
12389.54 130.44
12390.74 131.72
12391.95 132.36
12393.16 132.68
12394.37 133.34
12395.58 134.17
12396.78 133.58
12397.98 134.29
12399.18 134.15
12400.39 134.57
12401.59 134.79
12402.79 134.89
12403.99 135.45
12405.19 136.22
12406.40 136.61
12407.60 136.31
12408.80 136.15
12410.01 136.08
12411.20 136.54
12412.40 136.27
12413.60 136.63
12414.80 136.82
12416.01 137.41

==> ./dark8.txt <==
13276.38 0.59
13277.50 0.80
13278.61 0.40
13279.73 0.20
13280.84 0.10
13281.95 0.05
13283.06 0.02
13284.17 0.01
13286.45 58.25
13287.62 48.13
13288.78 49.06
13289.94 73.03
13291.10 69.02
13292.26 52.51
13293.43 73.75
13294.60 91.38
13295.76 70.69
13296.93 70.34
13298.10 89.67
13299.26 78.84
13300.43 59.42
13301.60 80.21
13302.76 97.60
13303.93 74.80
13305.10 77.90
13306.26 94.45
13307.42 80.73
13308.59 60.86
13309.75 83.43
13310.92 95.72
13312.10 72.86
13313.26 79.93
13314.42 97.46
13315.59 80.73
13316.75 61.37
13317.92 80.68
13319.09 98.84
13320.25 76.92
13321.42 73.96
13322.58 93.48
13323.74 84.24
13324.91 64.12
13326.09 84.06
13327.24 102.03
13328.44 79.02
13329.61 81.01
13330.77 98.50
13331.93 84.25
13333.10 64.63
13334.26 86.31
13335.43 101.66
13336.64 77.33
13337.80 84.16
13338.96 100.58
13340.16 83.29
13341.33 64.15
13342.50 87.57
13343.66 91.79
13344.82 70.89
13345.98 83.45
13347.14 100.72
13348.34 82.36
13349.51 61.68
13350.68 84.34
13351.85 102.17
13353.05 78.59
13354.22 84.29
13355.39 100.65
13356.59 84.32
13357.76 63.66
13358.93 87.83
13360.10 92.42
13361.27 71.71
13362.44 84.85
13363.60 101.93
13364.80 83.46
13365.96 63.23
13367.13 88.12
13368.30 88.06
13369.46 70.03
13370.62 85.51
13371.78 102.76
13372.98 81.38
13374.15 70.19
13375.32 94.09
13376.48 88.55
13377.65 68.27
13378.82 87.64
13379.98 103.82
13381.18 81.91
13382.35 78.95
13383.52 98.48
13384.70 111.24
13385.90 119.12
13387.10 124.56
13388.30 128.78
13389.50 130.89
13390.70 130.44
13391.90 132.22
13393.10 132.61
13394.30 133.81
13395.50 132.40
13396.70 132.20
13397.90 133.60
13399.10 133.30
13400.30 132.65
13401.50 133.83
13402.70 134.41
13403.90 134.71
13405.10 134.85
13406.30 134.93
13407.50 135.46
13408.70 135.73
13409.90 135.87
13411.10 136.43
13412.30 136.72
13413.50 136.36
13414.70 136.18
13415.90 136.59
13417.10 136.79
./dark1.txt ./dark2.txt ./dark3.txt ./dark4.txt ./dark5.txt ./dark6.txt ./dark7.txt ./dark8.txt
