0.0 0.424038602135
1.12 0.577569820149
2.23 0.285129404884
3.35 0.138909197251
4.46 0.0657990934347
5.57 0.0292440415265
6.68 0.00731101038163
7.79 0.0
10.07 42.5793244626
11.24 35.1805819564
12.4 35.8605059219
13.56 53.3849978067
14.72 50.4532826437
15.88 38.3828045036
17.05 53.9113905542
18.22 66.800701857
19.38 51.6742213774
20.55 51.418336014
21.72 65.5505190817
22.88 57.6326948384
24.05 43.4347126773
25.22 58.6343032607
26.38 71.3481503144
27.55 54.6790466442
28.72 56.9454598626
29.88 69.0451820442
31.04 59.0144758006
32.21 44.4874981722
33.37 60.9884486036
34.54 69.9736803626
35.72 53.2607106302
36.88 58.42959497
38.04 71.245796169
39.21 59.0144758006
40.37 44.8603597017
41.54 58.9779207486
42.71 72.2547156017
43.87 56.2289808452
45.04 54.0649217722
46.2 68.3360140371
47.36 61.5806404445
48.53 46.8708875567
49.71 61.4490422576
50.86 74.5869279134
52.06 57.7642930253
53.23 59.2191840912
54.39 72.0061412487
55.55 61.5879514549
56.72 47.2437490861
57.88 63.0940195935
59.05 74.3164205293
60.26 56.5287322708
61.42 61.5221523615
62.58 73.5268314081
63.78 60.8860944583
64.95 46.8928205878
66.12 64.0152069016
67.28 67.1004532826
68.44 51.820441585
69.6 61.0030706244
70.76 73.6291855534
71.96 60.2061704928
73.13 45.0870010235
74.3 61.6537505483
75.47 74.6892820588
76.67 57.4499195789
77.84 61.6171954964
79.01 73.5780084808
80.21 61.6391285276
81.38 46.5345810791
82.55 64.2052931715
83.72 67.5610469367
84.89 52.4199444363
86.06 62.0266120778
87.22 74.5138178096
88.42 61.0103816347
89.58 46.2202076327
90.75 64.4173124726
91.92 64.3734464103
93.08 51.1916946922
94.24 62.509138763
95.4 75.1206316713
96.6 59.4896914754
97.77 51.3086708583
98.94 68.7819856704
100.1 64.731685919
101.27 49.904956865
102.44 64.0663839743
103.6 75.8955987718
104.8 59.8771750256
105.97 57.7131159526
107.14 71.991519228
108.32 81.3203684749
109.52 87.0814446557
110.72 91.0586343033
111.92 94.1438806843
113.12 95.6865038748
114.32 95.3575084077
115.52 96.6588682556
116.72 96.9439976605
117.92 97.8213189063
119.12 96.7904664425
120.32 96.6442462348
121.52 97.6677876883
122.72 97.4484573768
123.92 96.973241702
125.12 97.835940927
126.32 98.2599795292
127.52 98.4793098406
128.72 98.581663986
129.92 98.640152069
131.12 99.0276356192
132.32 99.2250328995
133.52 99.3273870449
134.72 99.7368036263
135.92 99.9488229273
137.12 99.6856265536
138.32 99.5540283667
139.52 99.8537797924
140.72 100.0
