0.0 0.051024127123
1.08 0.0
2.14 1.07150666958
3.22 0.517530432247
4.3 0.233253152562
5.38 0.0947590932284
6.46 0.0291566440703
7.53 14.2065748232
9.79 36.1396603251
10.92 26.7949559006
12.05 46.5412930972
13.18 59.6909395729
14.31 44.405568919
15.44 46.9640644362
16.56 61.3601574459
17.69 55.4413586996
18.82 40.8193016984
19.93 54.6468401487
21.06 67.3955827684
22.19 52.6277425468
23.32 44.8793643852
24.44 61.7756396239
25.57 60.0262409797
26.7 46.3882207158
27.82 57.0668416065
28.94 69.3344995991
30.07 56.1484073183
31.19 42.9914716816
32.31 60.8353378526
33.44 67.5705226328
34.56 51.6218383264
35.69 57.4969021066
36.82 69.5458852686
37.94 60.6312413441
39.07 46.3299074277
40.2 55.9443108098
41.32 70.5882352941
42.44 58.9620234711
43.56 45.1344850208
44.69 61.5423864713
45.82 70.107150667
46.93 54.7124425979
48.07 58.3132881405
49.2 71.4119104891
50.31 62.2931700561
51.44 47.1608717837
52.56 61.0977476492
53.69 74.261972447
54.85 57.5187695896
55.97 51.3302718857
57.1 67.5559443108
58.23 64.0061228953
59.36 49.1143669364
60.48 59.8877469203
61.61 73.2925140316
62.78 60.6749763102
63.9 46.3517749107
65.02 62.5191340477
66.14 66.2220278446
67.27 52.4090677163
68.4 59.7128070559
69.52 72.1116699468
70.64 60.4490123187
71.77 47.3358116481
72.89 60.0918434288
74.01 72.3011881332
75.14 57.9925650558
76.27 44.6461112326
77.4 64.2175085648
78.52 68.1682338363
79.64 53.7429841825
80.77 59.6472046067
81.89 73.1758874554
83.06 61.3455791238
84.19 47.7804504702
85.32 63.2334718274
86.44 75.6906480064
87.6 58.2331073693
88.73 60.8061812085
89.86 72.6583570231
90.98 63.2772067935
92.11 49.1070777753
93.24 63.5323274291
94.36 76.2081784387
95.52 60.6749763102
96.64 54.36985203
97.77 68.7149209126
98.9 66.0397988192
100.02 50.4920183687
101.14 62.7669655223
102.27 74.7284787521
103.43 61.7610613018
104.56 45.8050878344
105.68 63.6999781325
106.81 76.2883592099
107.98 84.7729426343
109.15 89.3796923974
110.32 91.683067279
111.48 92.4702966689
112.64 92.8639113638
113.8 95.2474670165
114.97 96.8073474743
116.14 97.5799985422
117.31 96.5157810336
118.48 96.7052992201
119.64 96.4428894234
120.81 97.3977695167
121.97 96.7854799913
123.14 96.4793352285
124.31 96.3262628471
125.48 97.3467453896
126.64 97.8496974998
127.8 97.0114439828
128.97 97.6893359574
130.13 96.9312632116
131.29 97.6456009913
132.45 97.6383118303
133.61 98.359938771
134.76 98.7243968219
135.92 100.0
