0.0 0.0
1.1 0.0
2.21 0.0
3.31 0.0
4.41 0.0
5.52 0.0
6.62 0.0
7.73 0.0
9.99 39.1165126264
11.16 35.2085001092
12.33 27.4288625282
13.49 49.3704970526
14.65 50.8842151226
15.82 39.6332144677
16.99 53.2930645513
18.16 66.3124954516
19.33 52.441598137
20.49 45.5061494797
21.65 62.0478858889
22.81 57.5867840769
23.98 43.7158867622
25.14 57.8778837057
26.31 70.424277709
27.48 54.1299759843
28.65 52.9000800524
29.81 66.4798777382
30.97 59.071392184
32.14 44.8220653519
33.31 59.8864711447
34.47 72.5201950368
35.64 55.1779346481
36.8 57.0628047449
37.97 70.0167382287
39.13 59.748198821
40.29 45.5207044611
41.45 58.0598209737
42.62 70.8754821338
43.78 57.2665744851
44.95 46.1029037188
46.12 63.8017611528
47.29 61.3783567426
48.46 47.4274070301
49.63 60.8252674478
50.78 73.713703515
51.98 57.9652135944
53.15 54.450185576
54.32 68.7067898988
55.49 62.0114984353
56.66 47.376464595
57.81 61.8950585838
58.97 74.2522378284
60.17 57.4994541882
61.33 58.9549523324
62.49 71.6832836038
63.65 62.4044829343
64.81 47.2163597991
65.97 62.906629794
67.14 75.1182592242
68.35 57.5722290954
69.52 61.5311840477
70.68 72.9786769522
71.89 61.2328069282
73.05 46.2630085147
74.22 60.9708172622
75.38 74.1503529583
76.58 57.4557892439
77.76 58.1980932974
78.93 71.6760061131
80.09 62.3972054436
81.25 47.9368313805
82.42 63.6343788662
83.59 76.2098828324
84.79 58.4819154356
85.96 61.9896659632
87.13 73.9320282367
88.33 62.0697183611
89.49 46.6851029765
90.65 64.0928607816
91.81 67.70977367
92.97 52.7763627101
94.13 61.6840113529
95.29 74.1430754676
96.49 61.4511316498
97.66 46.0082963394
98.82 64.4858452805
99.99 65.3518666764
101.15 51.2335346772
102.31 62.7319700167
103.47 75.0309293356
104.67 60.4395604396
105.82 47.32552216
106.99 65.5046939815
108.15 77.8764282076
109.35 85.146641438
110.54 89.1492613347
111.75 92.2421948912
112.96 93.7923004148
114.17 94.9275889673
115.37 95.8591077796
116.58 96.3248671858
117.79 96.5577468889
119.0 97.0380612765
120.21 97.6420930063
121.41 97.2127210538
122.61 97.729422895
123.81 97.6275380249
125.02 97.9331926352
126.22 98.093297431
127.42 98.1660723383
128.62 98.5736118186
129.82 99.1339786042
131.03 99.4178007423
132.23 99.1994760207
133.43 99.0830361691
134.64 99.0320937341
135.83 99.3668583073
137.03 99.1703660578
138.23 99.4323557237
139.43 99.5706280474
140.64 100.0
