0.0 0.0218086653097
1.11 0.0
2.23 0.356208200058
3.34 0.167199767374
4.46 0.0726955510323
5.58 0.0218086653097
6.7 0.363477755161
7.81 0.174469322477
10.1 38.9211980227
11.27 29.9869148008
12.43 43.6972957255
13.59 58.1855190462
14.75 48.3498109916
15.93 36.5222448386
17.09 55.6847920907
18.25 58.0037801687
19.42 44.9840069788
20.59 57.0078511195
21.76 68.4792090724
22.93 55.3067752254
24.09 41.8217505089
25.26 61.2460017447
26.43 59.3268391974
27.59 46.0090142483
28.76 59.7048560628
29.93 72.3684210526
31.09 56.5280604827
32.26 51.1485897063
33.43 65.5495783658
34.58 61.1151497528
35.74 45.8127362605
36.92 60.6935155568
38.09 72.1357952893
39.25 55.6847920907
40.42 41.2838034312
41.59 60.9770282059
42.76 62.4600174469
43.93 47.5792381506
45.09 59.0360569933
46.26 72.7609770282
47.47 58.9052050015
48.63 46.5251526607
49.79 64.3210235534
50.96 60.8679848793
52.13 47.5065425996
53.29 60.8170979936
54.45 73.2843849956
55.65 58.0764757197
56.81 53.380343123
57.98 68.1157313172
59.15 60.9479499855
60.32 48.2698458854
61.49 61.5658621692
62.65 74.3893573713
63.85 57.9020063972
65.02 59.4722302995
66.18 72.252108171
67.35 61.9220703693
68.52 46.5760395464
69.68 62.8961907531
70.84 73.9677231753
72.05 56.6007560337
73.21 49.0040709509
74.38 67.0180284967
75.55 62.2128525734
76.72 48.1826112242
77.89 61.8784530387
79.05 74.9127653388
80.25 57.8002326258
81.42 57.603954638
82.59 70.5873800523
83.76 62.9107298633
84.93 47.4338470486
86.09 62.2346612387
87.25 75.4507124164
88.45 57.3422506543
89.62 61.3768537366
90.8 73.2044198895
92.0 61.6676359407
93.17 47.1794126199
94.33 65.0189008433
95.49 68.1157313172
96.66 52.9514393719
97.82 61.3550450712
98.99 73.9241058447
100.2 60.21372492
101.37 46.4524571096
102.53 63.9211980227
103.69 64.6626926432
104.85 50.1308519919
106.02 61.7694097121
107.17 74.1276533876
108.37 83.2145972666
109.57 87.394591451
110.78 91.2983425414
111.99 93.6173306194
113.2 95.5074149462
114.41 95.354754289
115.61 94.9185809828
116.81 95.4274498401
118.01 95.3184065135
119.21 95.630997383
120.41 96.5106135505
121.61 96.9467868566
122.81 97.8990985752
124.01 98.0081419017
125.21 98.0590287874
126.41 98.0881070079
127.61 98.1026461181
128.81 98.1099156732
130.01 98.4806629834
131.21 98.662401861
132.41 99.1131142774
133.61 98.9822622855
134.82 100.0
136.02 99.4257051468
137.23 99.1349229427
138.42 98.9895318407
139.62 98.1898807793
140.82 98.1535330038
