0.0 0.0
1.07 0.726210975518
2.15 0.34438871004
3.23 0.157220932844
4.31 0.0598936887026
5.4 0.00748671108782
6.48 0.359362132215
7.57 0.913378752714
9.78 35.3896833121
10.91 29.6548626189
12.04 42.5095455566
13.17 56.7941903122
14.29 44.4785505727
15.42 33.4506251404
16.54 51.5160589953
17.67 60.5525192783
18.8 45.609043947
19.93 49.7342217564
21.05 63.4049562027
22.18 54.5182301415
23.31 41.094557161
24.44 56.0904394699
25.56 68.8253350303
26.69 51.9877217938
27.81 46.9416785206
28.93 60.5075990118
30.06 58.6883282174
31.19 45.7962117242
32.31 56.1952534252
33.45 68.8777420079
34.57 56.1353597365
35.7 43.0186419106
36.82 61.1739162986
37.95 65.0071123755
39.08 48.2069326945
40.21 43.5501983978
41.33 61.4359511866
42.46 61.3910309201
43.58 47.8999775399
44.71 57.9920640862
45.84 69.7836340496
46.97 56.2102268473
48.09 42.6817399117
49.21 59.504379726
50.33 65.299094108
51.46 50.5951935315
52.59 54.4807965861
53.71 68.3985924983
54.84 58.8829827057
55.96 44.3961967508
57.09 59.2423448379
58.22 73.0253799506
59.33 54.0840008984
60.46 53.2305158344
61.59 68.8927154301
62.71 63.255221981
63.84 47.7053230516
64.97 60.5150857228
66.09 74.4104215018
67.21 58.8979561279
68.33 42.1576701355
69.46 61.8626937186
70.59 67.5975144119
71.71 52.4968181478
72.84 47.570562252
73.97 64.5653964214
75.09 61.8402335854
76.21 46.6197499438
77.33 58.478700307
78.46 71.8948865763
79.58 59.5118664371
80.71 43.9619675077
81.84 62.7685857603
82.97 66.923710414
84.09 50.2882383769
85.21 58.8156023059
86.33 73.1900875945
87.46 62.401736917
88.58 48.0272516284
89.7 62.1771355843
90.82 74.8671108782
91.98 59.1300441716
93.11 54.2487085423
94.24 68.286291832
95.36 63.3226023808
96.49 48.4839410047
97.61 62.0348880737
98.74 73.6692371041
99.87 58.5311072846
101.0 45.3395223478
102.13 65.3290409523
103.25 64.8349180205
104.38 52.2422699708
105.51 62.0348880737
106.64 74.7997304784
107.77 81.5527438796
108.93 87.549599461
110.1 92.415961668
111.27 94.4822939283
112.43 94.7593022385
113.6 96.0245564124
114.77 95.1635846373
115.93 95.8523620573
117.09 95.4480796586
118.25 94.8716029048
119.41 97.5743056075
120.58 96.6833869881
121.75 98.1133488059
122.92 98.8245863592
124.08 99.1764617803
125.25 99.3561428464
126.41 99.4459833795
127.57 99.490903646
128.73 98.3903571161
129.91 98.2181627611
131.08 100.0
132.25 98.6449052931
133.41 99.0866212473
134.57 99.3112225799
135.73 99.0491876918
