0.0 0.0217754228061
1.07 0.0145169485374
2.15 0.00725847426871
3.22 0.0
4.29 0.725847426871
5.35 0.362923713435
6.43 0.181461856718
7.51 1.54605501923
9.72 38.1287653335
10.84 31.4074181607
11.97 43.2822820643
13.1 58.3000653263
14.23 49.1108369021
15.35 37.2577484213
16.48 53.8288451767
17.61 65.0214124991
18.74 48.8422733541
19.86 50.918196995
20.99 63.9253828845
22.11 57.0080569064
23.23 43.3839007041
24.36 56.8919213181
25.49 69.0934165638
26.61 53.4223706177
27.74 46.3090658344
28.85 63.0761413951
29.97 60.5719677724
31.1 46.2509980402
32.23 57.6032517965
33.35 71.2637003702
34.48 58.4960441315
35.61 44.8573709806
36.74 60.535675401
37.86 66.9231327575
38.98 51.970675764
40.1 39.7764389925
41.22 59.8098279742
42.34 61.479277056
43.46 49.2487479132
44.59 59.0984974958
45.71 72.3742469333
46.83 59.0549466502
47.96 44.0444218625
49.09 60.129200842
50.21 71.4379037526
51.34 54.590984975
52.47 57.0516077521
53.59 70.2620309211
54.71 62.7132176816
55.83 46.9623285185
56.96 60.1364593163
58.09 73.9856282209
59.25 57.3129128257
60.38 52.2464977862
61.5 67.1336285113
62.63 63.3301879945
63.76 48.7188792916
64.88 61.0147347028
66.0 72.2435943965
67.13 59.3525440952
68.26 44.1895913479
69.39 61.290556725
70.51 66.5747259926
71.64 52.8852435218
72.76 48.5809682805
73.88 64.9415692821
75.01 64.0415184728
76.14 50.5334978588
77.27 60.4703491326
78.39 72.6936198011
79.55 58.4887856573
80.68 44.1242650795
81.81 62.3430354939
82.95 65.289976047
84.07 51.8763155985
85.2 59.6936923859
86.33 71.583073238
87.46 61.5591202729
88.59 46.7445742905
89.71 63.6568193366
90.83 75.0163315671
91.99 57.8355229731
93.12 59.4033534151
94.25 72.1637511795
95.38 62.938230384
96.51 47.7970530594
97.63 62.372069391
98.76 75.4590984975
99.92 60.2308194817
101.05 54.7942222545
102.18 68.4111199826
103.31 64.3245989693
104.43 50.6714088699
105.56 61.6317050156
106.69 73.637221456
107.84 82.9135515715
109.01 88.2703055818
110.18 90.5930173478
111.35 91.7471147565
112.51 93.7794875517
113.67 95.1585976628
114.83 95.8481527183
115.99 96.1965594832
117.16 95.6376569645
118.33 96.4506060826
119.49 95.7683095013
120.65 97.6047034913
121.82 98.5265297235
122.99 98.9838136024
124.15 99.5717500181
125.32 98.4176526094
126.49 98.2071568556
127.65 98.8241271685
128.82 98.7660593743
129.98 99.1072076649
131.15 100.0
132.31 98.6281483632
133.48 98.6716992088
134.64 99.4193220585
135.8 99.433839007
