0.0 0.94201840222
1.13 0.321308602308
2.24 0.0146049364685
3.36 0.591499926975
4.49 0.15335183292
5.62 0.292098729371
6.72 0.0
7.83 2.40981451731
10.12 34.7086315175
11.29 28.8885643347
12.45 44.2383525632
13.62 61.0413319702
14.78 47.9041916168
15.94 42.7924638528
17.09 58.8578939682
18.25 55.206659851
19.4 42.0622170294
20.55 55.5717832627
21.71 69.6290346137
22.88 54.7466043523
24.05 51.3290492186
25.21 66.0435227107
26.37 58.7994742223
27.53 44.9539944501
28.69 58.1130422083
29.85 70.8996640865
31.01 54.2938513217
32.18 53.2861107054
33.35 65.9339856872
34.52 57.6456842413
35.68 44.0119760479
36.85 60.566671535
38.01 72.8567255732
39.21 55.9953264203
40.37 40.9960566672
41.53 60.5155542573
42.69 60.4206221703
43.86 47.225062071
45.02 60.7054184314
46.19 72.5646268439
47.35 56.5795238791
48.52 48.5906236308
49.68 65.0430845626
50.85 60.8587702643
52.01 47.444136118
53.18 60.0847086315
54.34 72.2506207098
55.51 56.4261720462
56.67 52.899079889
57.84 67.5624361034
59.01 60.6543011538
60.17 46.2465313276
61.34 61.3115232949
62.51 73.2291514532
63.71 56.5503140061
64.88 58.7994742223
66.05 71.6080035052
67.21 61.5817146195
68.38 46.3487658829
69.55 62.4580108077
70.72 69.7896889149
71.89 54.0966846794
73.05 48.0794508544
74.22 65.8828684095
75.38 62.0052577771
76.55 49.4815247554
77.72 62.5675478312
78.88 74.9525339565
80.08 58.8724989046
81.24 56.6744559661
82.4 69.8115963196
83.55 62.5091280853
84.71 48.2693150285
85.87 63.4219366146
87.04 75.3833795823
88.25 59.0842704834
89.41 60.4352271068
90.58 72.7910033591
91.79 61.4429677231
92.96 47.005988024
94.13 63.8819921133
95.29 69.7677815102
96.45 54.8196290346
97.61 61.9541404995
98.78 74.2807068789
99.99 61.4575726596
101.16 45.917920257
102.33 64.8021031109
103.49 65.8463560684
104.65 51.3947714327
105.81 61.3334306996
106.97 74.3391266248
108.17 81.9336935884
109.37 88.2868409522
110.57 90.368044399
111.79 93.5957353586
113.0 93.391266248
114.21 94.0119760479
115.41 95.0562290054
116.62 95.5820067183
117.83 95.8375931065
119.03 96.3341609464
120.23 96.2173214547
121.43 97.2542719439
122.63 97.4076237768
123.83 97.8530743391
125.03 96.976778151
126.22 97.6340002921
127.42 96.8672411275
128.63 97.5755805462
129.82 97.9334014897
131.03 98.1159631956
132.23 98.5687162261
133.43 98.7950927413
134.63 100.0
135.83 99.5107346283
137.03 99.2697531766
138.23 99.1456112166
139.43 99.4450124142
140.63 99.2332408354
