0.0 1.09898215076
1.08 0.545803215814
2.16 0.272901607907
3.24 0.132762944387
4.32 0.0590057530609
5.39 0.0295028765305
6.46 0.00737571913262
7.53 0.0
9.73 42.5874022717
10.86 35.6763534445
11.99 31.1107833014
13.12 50.5826818115
14.25 51.4751438265
15.37 40.1165363623
16.5 51.7701725918
17.62 64.9727098392
18.74 53.1346806314
19.87 39.098687122
21.0 56.7930373211
22.12 64.906328367
23.24 50.1475143827
24.35 53.835373949
25.46 67.4804543443
26.58 59.9203422334
27.7 44.7116093819
28.83 59.2270246349
29.96 72.02389733
31.08 56.2914884201
32.21 48.4215961056
33.34 64.0359935094
34.46 61.8896592418
35.58 48.274081723
36.7 58.7992329252
37.83 71.0650538427
38.96 59.1311402862
40.08 45.4196784186
41.21 58.8508629591
42.33 72.2009145892
43.45 57.4863549196
44.58 43.4872400059
45.7 61.5725033191
46.82 63.2320401239
47.95 50.4204159906
49.08 61.3512317451
50.21 74.5537689925
51.37 60.1416138073
52.5 45.1836554064
53.62 62.789496976
54.74 68.2696562915
55.87 54.4106800413
57.01 58.9172444313
58.13 70.7626493583
59.26 60.4513940109
60.38 47.1898510105
61.5 61.9412892757
62.62 74.4873875203
63.78 57.8920194719
64.9 55.1261247972
66.03 70.3348576486
67.16 65.0390913114
68.29 51.3202537247
69.41 63.6450803953
70.53 74.9668092639
71.7 59.6031863107
72.82 44.549343561
73.95 61.73476914
75.08 75.4831096032
76.25 58.3935683729
77.38 58.6959728574
78.51 71.7509957221
79.63 64.6408024782
80.75 49.6459654816
81.88 62.8042484142
83.01 75.6527511432
84.18 59.9498451099
85.3 50.6269361263
86.43 67.3476913999
87.56 65.016964154
88.68 51.3128780056
89.81 62.9001327629
90.94 74.5980233073
92.1 60.8939371589
93.23 45.1984068447
94.36 64.2646408025
95.48 69.0072282047
96.61 53.6804838472
97.74 61.8675320844
98.86 73.7129370114
99.98 61.9265378374
101.11 47.1898510105
102.24 64.5227909721
103.36 76.5157102818
104.52 59.6400649063
105.65 58.954123027
106.77 71.5149727098
107.9 81.1107833014
109.06 87.7563062399
110.22 92.1891134386
111.38 94.0330432217
112.54 96.4301519398
113.7 95.4123026995
114.87 96.0171116684
116.04 96.6809263903
117.2 97.3889954271
118.36 97.3668682697
119.51 98.4658504204
120.68 99.0190293554
121.86 99.2919309633
123.02 98.3183360378
124.19 98.945272164
125.36 99.2550523676
126.52 99.4099424694
127.69 98.7461277475
128.86 99.1591680189
130.02 99.3583124355
131.19 99.8303584599
132.36 99.6975955156
133.52 100.0
134.69 98.6797462753
135.87 98.7535034666
