7225.86 0.02
7226.94 0.01
7228.01 0.00
7229.07 0.00
7230.12 0.00
7231.19 0.50
7232.26 0.25
7233.35 2.13
7235.53 3.28
7237.70 6.32
7238.78 8.16
7239.88 6.58
7240.96 6.79
7242.06 11.40
7243.17 11.20
7244.30 9.10
7245.38 11.05
7246.50 13.02
7247.62 11.01
7248.75 8.51
7249.84 11.75
7250.97 13.38
7252.10 11.69
7253.22 12.34
7254.35 15.17
7255.48 13.59
7256.61 10.29
7257.74 13.15
7258.86 14.07
7259.98 12.04
7261.10 11.02
7262.22 15.51
7263.35 15.75
7264.48 12.38
7265.61 14.19
7266.74 15.59
7267.86 15.80
7268.99 11.40
7270.10 13.70
7271.22 16.85
7272.35 13.42
7273.48 12.71
7274.60 15.86
7275.72 16.43
7276.85 13.21
7277.98 14.11
7279.10 17.05
7280.23 15.03
7281.35 11.51
7282.48 13.26
7283.61 14.63
7284.74 12.31
7285.86 13.66
7286.99 16.33
7288.12 13.66
7289.25 11.83
7290.38 15.42
7291.50 17.71
7292.62 14.35
7293.75 14.68
7294.88 16.84
7296.01 15.42
7297.13 11.71
7298.26 13.85
7299.38 15.93
7300.51 15.96
7301.64 12.98
7302.77 15.49
7303.90 18.25
7305.02 15.12
7306.15 13.56
7307.27 15.28
7308.39 15.64
7309.52 12.82
7310.65 14.41
7311.78 16.71
7312.91 13.85
7314.05 12.93
7315.16 14.96
7316.29 16.48
7317.42 13.74
7318.54 14.87
7319.67 17.44
7320.80 15.72
7321.92 12.36
7323.06 13.68
7324.18 15.34
7325.31 13.67
7326.43 14.33
7327.56 17.17
7328.69 16.58
7329.82 13.29
7330.94 15.15
7332.07 18.07
7333.19 21.04
7334.31 22.52
7335.44 23.76
7336.57 24.88
7337.70 25.44
7338.82 24.72
7339.94 25.86
7341.08 25.93
7342.19 24.46
7343.32 24.73
7344.45 23.87
7345.58 25.43
7346.70 25.72
7347.82 26.36
7348.95 26.68
7350.08 25.34
7351.20 24.67
7352.33 24.83
7353.45 26.42
7354.58 27.21
7355.71 27.10
7356.83 26.05
7357.95 26.53
7359.08 27.26
7360.20 27.63
7361.32 27.32
