8232.55 0.00
8233.62 0.00
8234.69 0.00
8235.75 0.00
8236.82 0.50
8237.90 3.25
8238.98 3.13
8240.07 1.56
8242.24 8.39
8243.33 7.70
8244.42 8.35
8245.50 11.67
8246.62 11.34
8247.76 9.17
8248.85 11.08
8249.97 14.54
8251.10 11.27
8252.23 8.64
8253.32 12.32
8254.46 14.66
8255.58 11.83
8256.70 11.91
8257.82 14.46
8258.96 13.23
8260.08 10.11
8261.20 13.06
8262.32 15.53
8263.45 12.76
8264.58 12.38
8265.70 15.69
8266.83 15.35
8267.95 12.17
8269.08 12.59
8270.20 15.79
8271.32 12.90
8272.45 10.95
8273.58 13.97
8274.70 16.49
8275.82 13.74
8276.96 12.37
8278.08 15.19
8279.20 15.09
8280.32 13.05
8281.45 16.02
8282.57 17.51
8283.70 14.76
8284.83 11.88
8285.95 14.94
8287.08 15.47
8288.20 13.73
8289.32 12.87
8290.45 15.43
8291.58 15.22
8292.70 12.11
8293.83 14.55
8294.96 18.28
8296.09 14.14
8297.21 13.07
8298.34 16.03
8299.46 16.52
8300.59 14.26
8301.72 14.63
8302.85 17.81
8303.98 15.41
8305.11 13.20
8306.23 15.60
8307.35 17.80
8308.48 14.90
8309.60 12.95
8310.71 14.48
8311.84 14.74
8312.97 12.37
8314.10 15.18
8315.22 18.09
8316.35 16.05
8317.47 12.52
8318.60 15.26
8319.72 16.63
8320.85 14.82
8321.98 14.91
8323.10 17.45
8324.22 15.23
8325.35 13.11
8326.48 16.06
8327.60 18.03
8328.72 15.01
8329.84 13.01
8330.96 17.00
8332.08 16.00
8333.18 13.50
8334.30 15.25
8335.42 19.13
8336.55 21.06
8337.67 22.53
8338.80 23.27
8339.92 24.13
8341.05 24.57
8342.17 25.28
8343.30 24.64
8344.42 25.82
8345.54 25.41
8346.67 26.21
8347.80 25.60
8348.92 26.30
8350.04 25.65
8351.16 24.83
8352.29 26.41
8353.42 25.71
8354.54 25.35
8355.67 25.68
8356.80 25.84
8357.92 26.92
8359.05 26.46
8360.17 25.23
8361.30 26.11
8362.42 26.56
8363.55 27.78
8364.68 27.39
8365.81 26.69
8366.94 26.85
