6227.92 0.76
6229.01 0.38
6230.09 1.19
6231.17 2.59
6232.26 1.80
6233.34 0.90
6234.43 1.95
6235.52 2.47
6237.69 5.37
6238.78 8.68
6239.87 6.84
6240.96 6.42
6242.04 7.21
6243.13 9.11
6244.23 7.05
6245.32 4.53
6246.41 8.76
6247.50 9.88
6248.58 5.94
6249.67 8.97
6250.75 9.99
6251.84 11.49
6252.97 6.75
6254.06 8.87
6255.14 11.94
6256.27 11.97
6257.40 8.48
6258.48 12.24
6259.61 13.12
6260.74 10.06
6261.86 6.53
6262.94 11.77
6264.07 10.88
6265.19 9.94
6266.28 12.97
6267.41 13.49
6268.54 12.74
6269.66 10.37
6270.79 13.69
6271.92 15.34
6273.05 11.67
6274.17 10.84
6275.30 15.42
6276.42 14.21
6277.56 10.10
6278.68 13.55
6279.81 13.78
6280.94 12.89
6282.06 10.44
6283.18 12.22
6284.32 11.11
6285.45 8.56
6286.54 11.28
6287.67 13.14
6288.80 14.57
6289.92 10.78
6291.05 10.39
6292.17 15.70
6293.30 13.85
6294.43 11.92
6295.56 14.96
6296.68 13.98
6297.81 10.49
6298.94 13.25
6300.06 15.62
6301.19 12.81
6302.32 9.91
6303.41 14.95
6304.54 17.48
6305.67 14.74
6306.79 13.37
6307.92 14.18
6309.05 14.09
6310.16 12.05
6311.29 14.02
6312.41 17.51
6313.54 12.76
6314.67 9.38
6315.75 14.69
6316.88 15.84
6318.00 13.92
6319.12 15.46
6320.25 17.73
6321.38 15.37
6322.51 11.68
6323.63 13.34
6324.76 14.17
6325.89 11.59
6327.02 13.79
6328.14 15.90
6329.26 20.95
6330.38 22.97
6331.51 22.99
6332.64 21.99
6333.77 21.50
6334.90 21.25
6336.02 21.12
6337.14 23.06
6338.26 22.03
6339.38 24.02
6340.50 23.51
6341.63 22.25
6342.75 22.13
6343.88 24.06
6345.00 25.03
6346.11 24.52
6347.24 25.26
6348.37 24.63
6349.50 23.81
6350.62 23.41
6351.75 24.70
6352.87 24.85
6354.00 23.43
6355.12 25.71
6356.25 24.86
6357.38 25.43
6358.50 25.71
6359.62 23.86
6360.75 24.93
6361.88 26.96
