10231.73 0.50
10232.84 0.25
10233.96 0.63
10235.09 0.31
10236.20 0.16
10237.32 1.08
10238.44 0.54
10239.56 0.27
10241.81 6.07
10242.93 5.03
10244.05 7.02
10245.16 8.01
10246.28 7.00
10247.40 7.00
10248.50 11.00
10249.65 11.00
10250.80 9.50
10251.91 12.75
10253.09 13.88
10254.25 10.94
10255.41 9.47
10256.54 12.73
10257.70 12.87
10258.87 9.93
10259.99 12.97
10261.15 16.48
10262.32 14.24
10263.49 12.62
10264.66 15.31
10265.82 15.16
10266.99 12.08
10268.15 16.04
10269.31 18.02
10270.47 13.51
10271.64 9.25
10272.78 13.63
10273.94 14.81
10275.12 10.91
10276.28 13.45
10277.44 17.73
10278.61 14.36
10279.78 12.18
10280.96 15.59
10282.12 15.80
10283.28 11.90
10284.44 14.95
10285.60 15.97
10286.76 13.99
10287.92 12.99
10289.10 16.50
10290.26 15.75
10291.42 12.87
10292.58 13.94
10293.74 17.97
10294.90 16.98
10296.06 15.49
10297.22 17.75
10298.39 16.87
10299.56 12.94
10300.72 16.47
10301.89 17.23
10303.05 14.62
10304.21 10.81
10305.38 13.90
10306.54 15.95
10307.70 12.98
10308.86 13.99
10310.02 17.49
10311.18 15.25
10312.36 11.12
10313.52 16.56
10314.69 16.28
10315.85 13.14
10317.02 16.07
10318.17 17.54
10319.34 13.77
10320.50 11.88
10321.66 16.44
10322.82 15.72
10323.99 13.86
10325.15 15.93
10326.32 17.97
10327.49 15.98
10328.65 15.99
10329.81 18.00
10330.97 16.50
10332.13 13.25
10333.30 16.62
10334.46 19.31
10335.63 15.16
10336.80 14.58
10337.96 17.29
10339.13 18.14
10340.30 20.07
10341.46 22.54
10342.62 23.77
10343.79 24.88
10344.96 26.44
10346.12 26.22
10347.29 25.11
10348.46 26.56
10349.62 27.78
10350.79 27.89
10351.96 26.44
10353.13 27.22
10354.30 25.11
10355.46 26.06
10356.62 27.53
10357.79 27.26
10358.96 28.63
10360.13 27.82
10361.30 26.91
10362.46 27.95
10363.62 26.98
10364.79 27.49
10365.97 27.24
10367.14 26.12
10368.30 27.06
10369.46 27.53
10370.62 27.27
