9230.43 0.00
9231.50 0.00
9232.56 0.00
9233.62 0.00
9234.69 0.00
9235.75 0.00
9236.82 0.00
9237.88 1.50
9240.06 5.13
9241.16 4.06
9242.24 6.53
9243.33 8.77
9244.43 5.88
9245.51 6.94
9246.60 9.47
9247.68 10.74
9248.81 9.37
9249.90 10.68
9251.02 12.84
9252.14 12.42
9253.26 10.21
9254.39 13.61
9255.52 14.30
9256.64 12.15
9257.77 11.58
9258.90 13.29
9260.02 13.14
9261.14 12.07
9262.26 14.04
9263.38 16.52
9264.51 14.26
9265.64 13.13
9266.77 16.56
9267.90 17.28
9269.02 13.64
9270.14 12.82
9271.26 16.41
9272.39 16.21
9273.52 11.60
9274.64 13.30
9275.76 15.65
9276.89 13.83
9278.02 13.41
9279.14 16.71
9280.27 16.35
9281.40 11.68
9282.52 13.34
9283.65 17.67
9284.78 15.33
9285.91 11.67
9287.03 13.33
9288.15 15.67
9289.28 12.33
9290.41 13.67
9291.54 18.33
9292.67 16.67
9293.79 12.83
9294.92 13.92
9296.05 16.96
9297.17 14.48
9298.30 13.24
9299.42 16.62
9300.54 15.31
9301.67 12.65
9302.80 14.33
9303.92 16.66
9305.05 15.83
9306.17 12.42
9307.30 16.21
9308.42 19.60
9309.55 14.30
9310.66 14.65
9311.79 16.83
9312.92 14.91
9314.05 13.46
9315.17 14.73
9316.30 18.86
9317.42 15.43
9318.54 12.22
9319.67 17.11
9320.80 17.55
9321.92 14.28
9323.05 14.64
9324.17 17.32
9325.30 15.66
9326.43 12.83
9327.55 16.41
9328.68 18.21
9329.81 14.60
9330.93 13.30
9332.05 18.15
9333.17 16.08
9334.30 13.04
9335.42 14.52
9336.54 17.26
9337.67 21.63
9338.80 22.81
9339.92 24.41
9341.05 24.20
9342.17 25.10
9343.30 25.55
9344.42 24.78
9345.54 25.89
9346.66 24.94
9347.79 25.97
9348.91 26.49
9350.04 27.24
9351.17 25.62
9352.29 25.81
9353.42 25.41
9354.55 25.70
9355.67 26.35
9356.80 25.18
9357.92 25.59
9359.05 26.29
9360.17 26.15
9361.30 26.57
9362.42 27.29
9363.54 27.64
9364.67 25.82
