0.0 1.42964635064
1.09 0.0
2.17 3.04740406321
3.25 8.31452219714
4.34 5.34236267871
5.42 1.95635816403
6.51 5.90669676448
7.6 7.86305492852
9.77 18.7735139202
10.86 31.2264860798
11.95 24.3039879609
13.04 22.7238525207
14.12 25.6960120391
15.21 32.8442437923
16.31 25.094055681
17.4 15.6132430399
18.49 31.5274642588
19.58 35.741158766
20.66 20.9179834462
21.75 32.3175319789
22.83 36.1550037622
23.92 41.79834462
25.05 23.9653875094
26.14 31.9413092551
27.22 43.4913468774
28.35 43.6042136945
29.48 30.4740406321
30.56 44.6200150489
31.69 47.9307750188
32.82 36.4183596689
33.94 23.1376975169
35.02 42.8517682468
36.15 39.5033860045
37.27 35.9668924003
38.36 47.366440933
39.49 49.3227990971
40.62 46.5011286682
41.74 37.5846501129
42.87 50.0752445448
44.0 56.2829194883
45.13 42.4755455229
46.25 39.352896915
47.38 56.5838976674
48.5 52.0316027088
49.64 36.5688487585
50.76 49.5485327314
51.89 50.4138449962
53.02 47.065462754
54.14 37.8480060196
55.26 44.5447705041
56.4 40.3686982694
57.53 30.7750188111
58.62 41.0082768999
59.75 48.0060195636
60.88 53.3860045147
62.0 39.1271632807
63.13 37.6598946576
64.25 57.6373212942
65.38 50.6772009029
66.51 43.4161023326
67.64 54.8532731377
68.76 51.1662904439
69.89 38.0361173815
71.02 48.4198645598
72.14 57.3363431151
73.27 46.7644845749
74.4 35.8540255831
75.49 54.8156508653
76.62 64.3340857788
77.75 54.0255831452
78.87 48.8713318284
80.0 51.9187358916
81.13 51.5801354402
82.24 43.9051918736
83.37 51.3167795335
84.49 64.4469525959
85.62 46.5763732129
86.75 33.8600451467
87.83 53.8374717833
88.96 58.1640331076
90.08 50.9405568096
91.2 56.734386757
92.33 65.2746425884
93.46 56.3957863055
94.59 42.5131677953
95.71 48.7584650113
96.84 51.8811136193
97.97 42.1745673439
99.1 50.4514672686
100.22 58.3897667419
101.34 77.3890142965
102.46 84.9887133183
103.59 85.0639578631
104.72 81.3017306245
105.85 79.4582392777
106.98 78.517682468
108.1 78.028592927
109.22 85.3273137698
110.34 81.4522197141
111.46 88.9390519187
112.58 87.0203160271
113.71 82.2799097065
114.83 81.8284424379
115.96 89.0895410083
117.08 92.7389014296
118.19 90.820165538
119.32 93.6042136945
120.45 91.2340105342
121.58 88.1489841986
122.7 86.6440933032
123.83 91.4973664409
124.95 92.0617005267
126.08 86.719337848
127.2 95.2972159518
128.33 92.0993227991
129.46 94.2437923251
130.58 95.2972159518
131.7 88.3370955606
132.83 92.3626787058
133.96 100.0
