0.0 1.1942395504
1.11 0.31612223393
2.23 1.65086055497
3.36 0.526870389884
4.47 0.0
5.59 3.23147172462
6.71 1.33473832104
7.83 0.386371619248
10.08 20.7586933614
11.2 17.1057253249
12.32 24.095539164
13.43 27.5728837373
14.55 24.0252897787
15.67 24.0252897787
16.77 38.0751668423
17.92 38.0751668423
19.07 32.8064629434
20.18 44.2219880576
21.36 48.1910783281
22.52 37.8644186863
23.68 32.7010888655
24.81 44.1517386723
25.97 44.6434843695
27.14 34.3168247278
28.26 44.9947312961
29.42 57.3234984194
30.59 49.4555672638
31.76 43.765367053
32.93 53.2139093783
34.09 52.6870389884
35.26 41.8686336495
36.42 55.7780119424
37.58 62.7327010889
38.74 46.8914646997
39.91 31.928345627
41.05 47.3129610116
42.21 51.4576747453
43.39 37.7590446084
44.55 46.6807165437
45.71 61.7140850018
46.88 49.8770635757
48.05 42.219880576
49.23 54.1974007727
50.39 54.9350193186
51.55 41.2363891816
52.71 51.9494204426
53.87 55.5321390938
55.03 48.5774499473
56.19 45.0649806814
57.37 57.3937478047
58.53 54.7593958553
59.69 44.6434843695
60.85 48.401826484
62.01 62.5570776256
63.17 59.0797330523
64.33 53.8461538462
65.49 61.7843343871
66.66 58.6933614331
67.83 44.8893572181
68.99 57.2883737267
70.16 59.9578503688
71.32 50.7903055848
72.48 37.4077976818
73.65 48.2613277134
74.81 55.4618897085
75.97 45.0298559888
77.13 48.5774499473
78.29 60.8710923779
79.45 53.0031612223
80.63 38.4966631542
81.79 57.6044959607
82.96 56.6210045662
84.12 45.5918510713
85.29 55.8833860204
86.44 61.0467158412
87.61 47.8047067088
88.77 41.1661397963
89.93 57.1829996488
91.09 54.6540217773
92.26 48.1208289427
93.42 55.3916403231
94.59 62.5570776256
95.76 55.5672637864
96.92 55.6023884791
98.08 62.6624517035
99.24 57.3937478047
100.4 45.9782226906
101.57 57.8152441166
102.73 67.2637864419
103.9 52.6870389884
105.07 50.6498068142
106.23 60.1685985248
107.4 63.1541974008
108.57 69.9332630839
109.73 78.6090621707
110.89 82.9293993678
112.06 86.8282402529
113.23 92.3076923077
114.39 91.5349490692
115.56 87.6361081841
116.73 92.7291886196
117.89 97.014401124
119.06 97.4007727432
120.23 92.3076923077
121.4 95.0474183351
122.57 87.6361081841
123.73 90.9729539867
124.89 96.1362838075
126.06 95.1879171057
127.23 100.0
128.4 97.1548998946
129.57 93.9585528627
130.73 97.6115208992
131.89 94.2044257113
133.06 95.9957850369
134.24 95.1176677204
135.41 91.1837021426
136.57 94.4854232525
137.73 96.1362838075
138.89 95.2230417984
