6257.81 0.05
6258.88 1.02
6259.96 0.51
6261.04 0.26
6262.12 0.13
6263.21 0.06
6264.29 0.53
6265.38 1.27
6267.59 47.32
6268.72 39.66
6269.85 56.83
6270.98 75.91
6272.10 59.46
6273.23 44.73
6274.35 68.86
6275.48 80.93
6276.61 60.97
6277.74 66.48
6278.86 84.74
6279.99 72.87
6281.12 54.94
6282.25 74.97
6283.37 91.98
6284.50 69.49
6285.62 62.75
6286.74 80.87
6287.87 78.44
6289.00 61.22
6290.12 75.11
6291.26 92.05
6292.38 75.03
6293.51 57.51
6294.63 81.76
6295.76 86.88
6296.89 64.44
6298.02 58.22
6299.14 82.11
6300.27 82.05
6301.39 64.03
6302.52 77.51
6303.65 93.26
6304.78 75.13
6305.90 57.06
6307.02 79.53
6308.14 87.27
6309.27 67.63
6310.40 72.82
6311.52 91.41
6312.65 78.70
6313.77 59.35
6314.90 79.18
6316.03 97.59
6317.14 72.29
6318.27 71.15
6319.40 92.07
6320.52 84.54
6321.65 63.77
6322.78 80.88
6323.90 99.44
6325.02 78.72
6326.14 56.36
6327.27 82.68
6328.40 90.34
6329.52 70.17
6330.65 63.59
6331.78 86.29
6332.90 82.65
6334.02 62.32
6335.14 78.16
6336.27 96.08
6337.39 79.54
6338.52 58.77
6339.65 83.89
6340.78 89.44
6341.90 67.22
6343.02 78.61
6344.14 97.81
6345.27 83.40
6346.39 64.20
6347.51 83.10
6348.63 100.05
6349.79 79.03
6350.92 72.51
6352.05 91.26
6353.17 84.63
6354.30 64.81
6355.42 82.91
6356.55 98.45
6357.68 78.23
6358.81 60.61
6359.94 87.31
6361.06 86.65
6362.19 69.83
6363.32 82.91
6364.45 99.96
6365.58 108.98
6366.74 116.99
6367.91 123.49
6369.08 126.25
6370.24 126.62
6371.41 128.31
6372.58 127.16
6373.74 128.08
6374.90 127.54
6376.06 126.77
6377.22 130.38
6378.39 129.19
6379.56 131.10
6380.73 132.05
6381.89 132.52
6383.06 132.76
6384.22 132.88
6385.38 132.94
6386.54 131.47
6387.72 131.24
6388.89 133.62
6390.06 131.81
6391.22 132.40
6392.38 132.70
6393.54 132.35
6394.71 132.68
6395.88 134.34
6397.06 132.17
6398.22 132.58
6399.39 132.79
6400.56 132.90
6401.72 132.45
6402.89 132.72
6404.05 131.36
6405.21 132.18
6406.38 131.09
6407.54 130.55
6408.70 134.27
6409.86 133.64
6411.03 133.32
6412.19 133.66
6413.36 133.33
6414.53 132.66
6415.70 132.33
6416.86 134.17
6418.02 133.58
6419.18 133.29
6420.35 134.15
6421.52 132.07
6422.68 132.54
6423.85 132.77
6425.02 132.88
6426.18 132.94
6427.34 132.97
6428.50 132.99
6429.66 131.49
6430.82 134.25
6431.99 135.62
6433.16 136.81
6434.33 133.91
6435.50 135.95
6436.66 136.48
6437.83 135.74
6439.00 136.37
6440.15 135.68
6441.33 135.34
6442.50 134.67
6443.66 135.84
6444.82 136.92
6445.99 133.46
6447.15 135.73
6448.33 133.36
6449.50 134.18
6450.66 132.59
6451.82 133.30
6452.98 135.65
6454.14 135.32
6455.32 135.16
6456.49 135.08
6457.65 135.04
6458.81 136.52
6459.98 135.76
6461.14 135.38
6462.32 135.19
6463.50 135.60
6464.66 134.80
6465.82 136.40
6466.98 137.20
6468.14 136.10
6469.31 136.55
6470.48 135.77
6471.65 135.39
6472.82 133.19
6473.99 132.10
6475.15 133.55
6476.33 135.77
6477.50 137.39
6478.66 136.19
6479.82 135.60
6480.98 133.30
6482.14 136.15
6483.32 137.57
6484.49 136.29
6485.66 137.64
6486.82 135.82
6487.99 135.41
6489.16 135.21
6490.33 135.10
6491.50 137.05
6492.66 136.03
6493.82 137.51
6494.98 136.76
6496.15 135.88
6497.33 135.44
6498.50 135.22
6499.66 135.11
6500.83 135.05
6501.99 136.53
6503.16 137.26
6504.33 137.63
6505.50 136.32
6506.66 135.66
6507.83 137.33
6509.00 138.16
6510.15 138.58
6511.33 138.29
6512.50 138.65
6513.67 138.32
6514.84 136.66
6516.01 135.83
6517.17 135.42
6518.34 135.21
6519.50 135.10
6520.66 137.55
6521.82 138.28
6523.00 136.64
6524.15 137.32
6525.33 136.66
6526.50 135.83
6527.66 135.91
6528.82 135.46
6529.99 135.23
6531.16 137.11
6532.33 138.06
6533.49 136.53
6534.66 136.76
6535.82 137.88
6536.98 138.44
6538.14 137.72
6539.32 138.36
6540.49 136.68
6541.65 136.34
6542.82 135.67
6543.98 136.34
6545.15 135.67
6546.33 137.83
6547.50 136.42
6548.66 138.21
6549.83 136.10
6550.99 137.55
6552.15 137.28
6553.33 138.64
6554.50 138.32
6555.66 136.66
6556.83 137.83
6558.00 136.91
6559.15 136.46
6560.33 136.23
6561.50 138.11
6562.66 139.06
6563.83 139.53
6564.99 137.26
6566.16 138.13
6567.33 137.07
6568.50 136.03
6569.66 136.52
6570.82 135.76
6571.99 137.88
6573.15 137.94
6574.33 137.97
6575.50 138.48
6576.66 139.24
6577.82 138.62
6578.99 137.31
6580.16 136.66
6581.33 136.33
6582.50 138.16
6583.66 137.58
6584.82 138.79
6585.98 137.90
6587.14 136.45
6588.32 138.22
6589.49 138.11
6590.66 137.06
6591.82 139.53
6592.98 139.26
6594.15 139.13
6595.33 137.57
6596.50 139.78
6597.66 140.89
6598.82 139.45
6599.99 138.72
6601.16 137.86
6602.33 138.93
6603.50 139.97
6604.66 138.98
6605.83 137.99
6606.99 139.00
6608.14 137.50
6609.31 139.75
6610.48 138.37
6611.65 139.19
6612.82 138.09
6613.98 137.05
6615.14 139.02
6616.30 140.01
6617.46 139.51
6618.63 138.75
6619.80 139.38
6620.96 139.19
6622.13 139.09
6623.29 140.05
6624.46 141.02
6625.62 140.51
6626.78 139.76
6627.95 137.88
6629.11 138.94
6630.28 138.97
6631.46 139.98
6632.62 140.49
6633.79 140.75
6634.96 140.87
6636.12 140.44
6637.29 141.22
6638.46 141.11
6639.63 141.05
6640.79 140.53
6641.96 140.26
6643.13 140.63
6644.30 139.32
6645.47 139.66
6646.64 139.83
6647.81 140.91
6648.98 140.96
6650.14 138.48
6651.32 139.74
6652.49 137.87
6653.66 138.93
6654.82 139.97
6656.00 140.98
6657.15 140.49
6658.32 140.75
6659.50 138.87
6660.66 137.44
6661.82 136.72
6662.99 138.36
6664.16 139.68
6665.33 139.84
6666.50 138.92
6667.66 138.96
6668.82 138.48
6669.99 139.24
6671.16 140.12
6672.33 140.56
6673.50 140.28
6674.66 140.64
6675.82 141.32
6676.99 138.66
6678.16 137.33
6679.33 136.67
6680.50 139.33
6681.66 139.67
6682.83 139.83
6684.00 139.92
6685.15 139.96
6686.32 138.98
6687.49 139.99
6688.65 137.99
6689.81 138.00
6690.97 139.50
6692.13 140.25
6693.30 140.62
6694.46 139.31
6695.63 137.66
6696.80 139.33
6697.96 138.16
6699.14 137.08
6700.30 139.54
6701.46 138.77
6702.63 137.39
6703.80 139.19
6704.96 137.60
6706.12 137.80
6707.28 137.90
6708.45 139.45
6709.62 140.22
6710.78 140.61
6711.95 141.31
6713.12 139.65
6714.29 140.83
6715.46 140.91
6716.63 139.46
6717.80 140.23
6718.96 139.11
6720.13 137.56
6721.30 136.78
6722.46 138.89
6723.62 139.44
6724.79 140.22
6725.96 141.11
6727.13 139.56
6728.30 140.28
6729.46 140.64
6730.63 140.82
6731.80 141.41
6732.96 141.20
6734.12 139.10
6735.28 140.55
6736.46 141.28
6737.62 138.64
6738.79 139.32
6739.97 140.16
6741.14 140.58
6742.31 140.79
6743.48 138.39
6744.65 137.20
6745.81 138.10
6746.97 140.05
6748.13 141.02
6749.29 141.01
6750.46 141.01
6751.62 141.50
6752.78 141.75
6753.94 141.38
6755.11 141.19
6756.28 139.59
6757.46 139.30
6758.62 140.65
6759.78 141.32
6760.95 139.66
6762.12 137.83
6763.29 139.42
6764.46 138.71
6765.63 124.85
6766.80 94.93
6767.92 70.46
6769.05 56.23
6770.17 41.62
6771.31 35.31
6772.44 32.15
6773.57 28.58
6774.70 24.79
6775.82 22.89
