12275.37 0.00
12276.47 0.00
12277.58 0.00
12278.68 0.00
12279.78 0.00
12280.89 0.00
12281.99 0.00
12283.10 0.00
12285.36 53.75
12286.53 48.38
12287.70 37.69
12288.86 67.84
12290.02 69.92
12291.19 54.46
12292.36 73.23
12293.53 91.12
12294.70 72.06
12295.86 62.53
12297.02 85.26
12298.18 79.13
12299.35 60.07
12300.51 79.53
12301.68 96.77
12302.85 74.38
12304.02 72.69
12305.18 91.35
12306.34 81.17
12307.51 61.59
12308.68 82.29
12309.84 99.65
12311.01 75.82
12312.17 78.41
12313.34 96.21
12314.50 82.10
12315.66 62.55
12316.82 79.78
12317.99 97.39
12319.15 78.69
12320.32 63.35
12321.49 87.67
12322.66 84.34
12323.83 65.17
12325.00 83.58
12326.15 101.29
12327.35 79.65
12328.52 74.82
12329.69 94.41
12330.86 85.21
12332.03 65.10
12333.18 85.05
12334.34 102.03
12335.54 79.01
12336.70 81.01
12337.86 98.50
12339.02 85.75
12340.18 64.88
12341.34 86.44
12342.51 103.22
12343.72 79.11
12344.89 84.55
12346.05 100.28
12347.26 84.14
12348.42 63.57
12349.59 83.78
12350.75 101.89
12351.95 78.95
12353.13 79.97
12354.30 98.49
12355.46 85.74
12356.62 65.87
12357.79 87.44
12358.96 104.72
12360.16 80.36
12361.33 85.18
12362.50 101.59
12363.70 85.29
12364.86 64.15
12366.02 88.07
12367.18 93.04
12368.34 72.52
12369.50 84.76
12370.66 101.88
12371.86 84.44
12373.03 63.22
12374.19 88.61
12375.36 89.80
12376.52 70.40
12377.68 86.20
12378.84 103.10
12380.04 83.05
12381.19 65.03
12382.36 90.01
12383.52 107.01
12384.72 117.00
12385.91 122.50
12387.12 126.75
12388.33 128.88
12389.54 130.44
12390.74 131.72
12391.95 132.36
12393.16 132.68
12394.37 133.34
12395.58 134.17
12396.78 133.58
12397.98 134.29
12399.18 134.15
12400.39 134.57
12401.59 134.79
12402.79 134.89
12403.99 135.45
12405.19 136.22
12406.40 136.61
12407.60 136.31
12408.80 136.15
12410.01 136.08
12411.20 136.54
12412.40 136.27
12413.60 136.63
12414.80 136.82
12416.01 137.41
12417.21 137.70
12418.41 136.85
12419.62 136.93
12420.82 136.96
12422.02 136.98
12423.22 136.99
12424.42 137.00
12425.62 138.00
12426.81 138.00
12428.00 138.00
12429.18 138.00
12430.38 137.50
12431.58 137.75
12432.78 137.87
12433.98 137.94
12435.18 138.47
12436.39 138.73
12437.59 138.37
12438.80 138.18
12440.00 138.09
12441.18 138.55
12442.39 138.27
12443.59 138.14
12444.80 138.07
12445.99 137.53
12447.19 137.27
12448.40 137.63
12449.60 137.82
12450.81 137.91
12452.01 137.95
12453.21 137.98
12454.42 137.99
12455.62 137.49
12456.83 138.25
12458.04 138.12
12459.25 138.56
12460.46 138.78
12461.66 138.39
12462.87 138.20
12464.07 138.60
12465.28 137.80
12466.48 138.40
12467.68 138.20
12468.88 138.60
12470.08 138.80
12471.28 138.90
12472.49 138.45
12473.70 138.22
12474.90 138.11
12476.10 138.06
12477.30 138.03
12478.50 138.01
12479.70 138.51
12480.90 138.75
12482.10 138.88
12483.30 138.94
12484.50 138.97
12485.70 139.48
12486.90 139.74
12488.12 139.37
12489.32 139.19
12490.53 138.59
12491.74 138.80
12492.94 138.90
12494.14 138.95
12495.34 138.47
12496.54 138.24
12497.75 138.62
12498.95 138.81
12500.16 138.90
12501.36 138.95
12502.56 138.98
12503.76 138.99
12504.96 138.99
12506.16 138.50
12507.36 138.25
12508.57 138.62
12509.78 138.81
12510.98 138.91
12512.19 138.95
12513.40 138.98
12514.60 138.99
12515.80 139.49
12517.00 138.75
12518.19 139.37
12519.40 139.19
12520.61 139.09
12521.81 139.05
12523.01 139.02
12524.20 138.51
12525.40 138.26
12526.60 139.13
12527.80 139.06
12528.99 139.03
12530.19 138.52
12531.40 138.76
12532.60 138.88
12533.80 138.94
12535.00 138.97
12536.19 137.98
12537.39 138.49
12538.59 138.75
12539.80 138.87
12541.00 138.94
12542.19 139.47
12543.40 139.23
12544.60 139.12
12545.80 139.06
12546.99 139.53
12548.19 139.26
12549.40 139.63
12550.60 139.32
12551.80 139.16
12553.00 139.58
12554.19 139.29
12555.40 139.64
12556.60 139.32
12557.80 139.16
12559.00 139.08
12560.18 139.04
12561.38 139.02
12562.59 139.01
12563.79 139.01
12564.99 139.00
12566.18 138.50
12567.38 138.25
12568.59 138.63
12569.80 138.81
12571.00 138.91
12572.19 138.95
12573.39 138.98
12574.59 139.49
12575.79 139.74
12576.99 139.37
12578.19 139.19
12579.40 139.09
12580.59 139.55
12581.79 139.27
12582.99 139.14
12584.20 139.57
12585.40 138.78
12586.60 138.89
12587.80 139.45
12589.00 139.22
12590.20 139.61
12591.40 139.31
12592.60 139.65
12593.80 139.83
12595.00 139.91
12596.19 138.96
12597.40 138.98
12598.60 138.99
12599.80 138.99
12601.00 139.00
12602.18 139.00
12603.38 139.50
12604.58 139.25
12605.79 138.62
12607.00 138.81
12608.19 138.91
12609.40 138.95
12610.60 138.98
12611.80 139.49
12613.00 139.24
12614.19 139.62
12615.40 139.31
12616.60 138.66
12617.80 138.83
12619.00 138.91
12620.19 138.96
12621.40 139.48
12622.60 139.74
12623.80 139.87
12625.00 139.93
12626.19 140.47
12627.40 140.73
12628.60 139.87
12629.80 139.43
12631.00 139.22
12632.20 139.61
12633.40 139.30
12634.59 139.15
12635.80 140.08
12636.99 140.04
12638.20 139.52
12639.40 139.26
12640.60 139.63
12641.80 139.31
12643.00 139.16
12644.20 139.08
12645.39 138.54
12646.60 138.27
12647.80 139.13
12649.00 139.07
12650.19 139.03
12651.39 139.52
12652.60 139.76
12653.80 139.38
12655.00 139.69
12656.19 140.34
12657.40 140.17
12658.60 139.59
12659.80 139.79
12661.00 139.40
12662.19 139.20
12663.39 139.60
12664.59 139.80
12665.79 139.90
12666.99 138.95
12668.19 139.47
12669.39 139.74
12670.60 139.87
12671.80 139.93
12673.00 139.97
12674.20 140.48
12675.40 140.24
12676.60 139.12
12677.80 139.56
12679.00 139.78
12680.20 140.39
12681.40 139.70
12682.60 139.35
12683.80 139.17
12685.00 139.59
12686.19 138.79
12687.39 138.90
12688.59 138.95
12689.79 139.47
12690.99 139.74
12692.19 140.37
12693.40 140.18
12694.60 140.09
12695.79 139.05
12696.99 138.52
12698.20 139.76
12699.40 139.88
12700.60 139.44
12701.80 139.22
12703.00 139.61
12704.19 139.81
12705.40 139.90
12706.59 139.45
12707.79 139.73
12709.00 139.86
12710.19 139.43
12711.40 139.72
12712.60 139.36
12713.80 139.18
12715.01 139.59
12716.21 138.29
12717.42 138.15
12718.62 138.57
12719.83 138.79
12721.04 139.39
12722.25 139.70
12723.45 139.35
12724.66 139.67
12725.86 138.84
12727.07 138.92
12728.28 139.46
12729.49 139.73
12730.70 139.36
12731.90 139.18
12733.10 139.59
12734.30 138.80
12735.50 139.90
12736.70 140.45
12737.90 139.22
12739.10 139.11
12740.31 138.56
12741.52 140.28
12742.73 140.14
12743.94 139.57
12745.14 138.28
12746.35 138.64
12747.56 138.32
12748.77 139.66
12749.98 138.83
12751.18 140.42
12752.39 140.21
12753.60 141.10
12754.79 139.55
12755.99 139.78
12757.20 139.39
12758.40 140.19
12759.60 140.60
12760.79 140.80
12761.99 141.90
12763.19 141.45
12764.40 141.22
12765.60 139.61
12766.80 139.81
12768.00 139.90
12769.18 140.45
12770.38 140.73
12771.59 141.36
12772.80 139.68
12774.00 140.84
12775.19 140.92
12776.40 139.46
12777.61 139.73
12778.82 140.87
12780.02 139.93
12781.23 140.97
12782.44 139.48
12783.64 139.74
12784.85 108.87
12786.05 80.44
12787.21 61.22
12788.38 48.11
12789.55 39.05
12790.71 32.53
12791.88 28.26
12793.05 25.63
12794.21 23.82
12795.38 20.91
