8260.31 0.03
8261.38 0.02
8262.46 0.01
8263.53 0.00
8264.60 1.00
8265.66 0.50
8266.74 0.25
8267.82 2.13
8270.03 52.53
8271.15 43.27
8272.28 59.63
8273.41 80.32
8274.54 67.66
8275.66 51.33
8276.79 74.16
8277.92 89.58
8279.05 67.29
8280.17 70.15
8281.30 88.07
8282.42 78.54
8283.54 59.77
8284.67 78.38
8285.80 95.19
8286.92 73.60
8288.05 63.80
8289.16 86.90
8290.28 83.45
8291.41 63.72
8292.54 79.36
8293.66 98.18
8294.79 80.59
8295.92 61.80
8297.05 83.40
8298.17 92.20
8299.29 71.60
8300.41 54.80
8301.53 82.40
8302.65 84.70
8303.77 67.85
8304.90 81.42
8306.02 99.71
8307.14 81.36
8308.27 60.68
8309.40 82.84
8310.52 98.42
8311.65 75.21
8312.78 78.60
8313.90 96.80
8315.02 86.40
8316.14 64.70
8317.27 82.85
8318.40 101.93
8319.56 78.96
8320.69 71.98
8321.81 92.49
8322.94 87.25
8324.07 67.12
8325.19 84.06
8326.31 99.53
8327.44 81.77
8328.57 60.88
8329.70 84.44
8330.82 91.72
8331.95 72.86
8333.07 66.93
8334.19 89.47
8335.32 88.23
8336.45 69.62
8337.58 83.31
8338.70 100.15
8339.86 80.58
8340.99 60.79
8342.12 85.89
8343.26 89.95
8344.38 71.47
8345.51 82.24
8346.64 98.62
8347.77 84.81
8348.90 64.40
8350.02 87.70
8351.14 103.35
8352.30 79.68
8353.43 81.84
8354.56 99.42
8355.69 86.71
8356.82 65.85
8357.94 85.93
8359.07 103.96
8360.23 82.98
8361.36 75.49
8362.49 94.25
8363.62 88.62
8364.74 69.81
8365.87 84.91
8367.00 101.45
8368.15 114.23
8369.32 121.61
8370.49 124.81
8371.66 126.40
8372.82 129.20
8373.98 131.10
8375.14 132.05
8376.30 132.53
8377.47 131.76
8378.64 132.88
8379.80 131.94
8380.96 134.47
8382.13 135.74
8383.30 136.37
8384.46 137.18
8385.63 135.59
8386.80 135.30
8387.96 136.15
8389.13 136.07
8390.29 136.54
8391.46 137.77
8392.62 135.88
8393.79 135.94
8394.95 136.97
8396.11 136.99
8397.28 135.99
8398.44 137.00
8399.59 137.50
8400.75 138.25
8401.93 137.62
8403.10 135.81
8404.26 135.91
8405.43 135.45
8406.60 136.73
8407.76 135.36
8408.93 137.18
8410.10 137.59
8411.27 135.80
8412.43 137.40
8413.59 138.70
8414.75 136.35
8415.92 136.67
8417.09 137.34
8418.26 136.67
8419.42 138.33
8420.59 137.17
8421.76 137.08
8422.92 138.54
8424.09 139.77
8425.26 139.89
8426.42 139.94
8427.58 139.47
8428.74 138.74
8429.91 136.87
8431.08 138.93
8432.25 139.47
8433.42 139.73
8434.58 138.37
8435.75 139.18
8436.92 139.59
8438.08 138.30
8439.25 138.15
8440.42 137.57
8441.58 136.79
8442.75 138.89
8443.91 138.95
8445.08 138.47
8446.25 137.24
8447.42 137.12
8448.58 136.56
8449.74 137.28
8450.91 138.64
8452.09 138.32
8453.26 137.66
8454.42 137.33
8455.59 137.66
8456.75 137.33
8457.92 136.67
8459.09 138.33
8460.26 137.67
8461.43 137.33
8462.60 138.17
8463.76 138.08
8464.92 137.54
8466.09 138.27
8467.26 137.64
8468.42 137.32
8469.59 137.66
8470.75 137.33
8471.92 138.66
8473.09 137.83
8474.26 137.92
8475.42 137.96
8476.59 137.98
8477.75 138.49
8478.91 137.74
8480.08 137.87
8481.25 138.94
8482.42 137.97
8483.58 137.48
8484.74 138.24
8485.91 137.62
8487.08 137.81
8488.25 138.91
8489.42 137.95
8490.58 139.48
8491.74 138.74
8492.91 138.37
8494.08 139.18
8495.26 139.59
8496.42 137.80
8497.58 137.90
8498.74 137.45
8499.91 138.72
8501.08 138.36
8502.25 138.68
8503.42 137.84
8504.59 137.92
8505.75 138.96
8506.91 138.98
8508.07 137.99
8509.23 139.50
8510.41 139.25
8511.58 138.12
8512.74 137.06
8513.90 136.53
8515.06 138.77
8516.22 138.38
8517.40 138.19
8518.56 138.10
8519.72 139.05
8520.88 138.52
8522.04 138.76
8523.20 139.88
8524.36 139.94
8525.52 139.47
8526.69 139.74
8527.86 138.87
8529.02 139.93
8530.18 140.97
8531.35 139.98
8532.51 139.99
8533.67 138.50
8534.83 138.75
8536.00 139.37
8537.15 140.19
8538.32 140.09
8539.48 140.05
8540.64 139.52
8541.81 140.26
8542.98 139.13
8544.14 140.07
8545.30 138.03
8546.46 139.02
8547.62 140.01
8548.78 139.50
8549.94 138.75
8551.11 139.38
8552.28 139.69
8553.45 140.34
8554.62 138.67
8555.78 139.84
8556.95 139.92
8558.12 139.46
8559.29 139.23
8560.46 140.61
8561.62 140.31
8562.79 139.65
8563.95 140.83
8565.12 140.41
8566.29 139.21
8567.46 139.10
8568.62 139.55
8569.78 139.28
8570.95 139.64
8572.12 138.82
8573.29 139.91
8574.46 138.95
8575.62 139.48
8576.79 138.24
8577.96 139.62
8579.13 140.31
8580.30 139.15
8581.46 139.58
8582.62 139.79
8583.79 138.39
8584.96 137.70
8586.12 138.85
8587.29 138.42
8588.46 138.71
8589.62 139.36
8590.79 137.68
8591.96 138.34
8593.13 139.67
8594.30 140.33
8595.46 138.67
8596.63 139.83
8597.80 138.92
8598.96 137.96
8600.13 139.48
8601.30 139.74
8602.46 138.87
8603.62 139.93
8604.80 140.47
8605.96 139.23
8607.13 139.62
8608.30 138.81
8609.46 137.90
8610.62 139.95
8611.78 140.98
8612.94 140.99
8614.10 140.99
8615.26 139.00
8616.42 139.00
8617.58 138.00
8618.74 140.00
8619.90 141.00
8621.05 141.00
8622.20 139.50
8623.36 139.75
8624.53 140.87
8625.70 138.94
8626.86 138.97
8628.02 138.98
8629.18 140.49
8630.35 139.25
8631.52 138.12
8632.69 138.06
8633.85 139.53
8635.02 140.77
8636.18 139.88
8637.35 139.94
8638.52 138.97
8639.69 140.49
8640.86 138.74
8642.02 137.37
8643.18 138.19
8644.35 139.09
8645.51 137.55
8646.68 139.27
8647.85 138.14
8649.02 137.07
8650.18 139.03
8651.34 139.02
8652.50 138.51
8653.66 137.25
8654.84 139.13
8656.01 138.56
8657.17 137.28
8658.34 138.14
8659.50 138.57
8660.66 137.79
8661.83 138.89
8662.99 137.95
8664.16 139.47
8665.33 139.24
8666.50 139.12
8667.66 139.06
8668.82 137.53
8669.99 137.26
8671.16 136.63
8672.33 137.32
8673.50 138.66
8674.66 138.83
8675.82 137.91
8676.99 136.96
8678.16 136.98
8679.33 137.99
8680.50 138.49
8681.66 138.75
8682.82 138.87
8683.98 138.94
8685.14 139.47
8686.31 139.23
8687.48 138.62
8688.65 138.81
8689.82 140.40
8690.98 138.70
8692.14 137.35
8693.30 138.18
8694.46 138.59
8695.63 138.79
8696.80 137.40
8697.95 138.20
8699.11 139.10
8700.28 139.55
8701.45 139.77
8702.62 137.89
8703.78 136.94
8704.95 138.47
8706.11 138.74
8707.28 137.87
8708.45 138.43
8709.62 138.22
8710.78 139.11
8711.95 138.05
8713.11 137.53
8714.28 136.76
8715.45 136.38
8716.62 139.19
8717.78 139.60
8718.94 137.80
8720.10 138.90
8721.26 138.95
8722.43 137.47
8723.59 137.74
8724.76 136.87
8725.93 136.93
8727.10 136.47
8728.26 137.23
8729.43 138.62
8730.60 140.31
8731.77 139.15
8732.94 139.08
8734.10 139.54
8735.26 138.27
8736.42 137.13
8737.59 138.07
8738.75 138.03
8739.91 138.02
8741.07 138.01
8742.24 138.50
8743.40 138.75
8744.56 138.88
8745.73 138.94
8746.90 137.97
8748.06 138.48
8749.22 139.24
8750.39 139.12
8751.56 139.56
8752.73 138.78
8753.90 137.89
8755.06 139.45
8756.24 139.72
8757.41 139.36
8758.58 140.18
8759.74 139.59
8760.91 137.80
8762.07 137.40
8763.22 137.70
8764.39 138.35
8765.56 137.17
8766.73 136.59
8767.90 138.79
8769.06 138.90
8770.22 138.45
8771.39 137.22
8772.56 114.61
8773.73 87.31
8774.86 66.65
8775.99 52.83
8777.12 43.91
8778.26 34.96
8779.38 28.98
8780.51 25.49
8781.64 24.24
8782.77 21.62
