9268.18 0.13
9269.26 0.06
9270.32 1.53
9271.40 0.77
9272.48 0.38
9273.56 0.19
9274.64 0.10
9275.71 19.55
9277.97 49.64
9279.10 36.82
9280.23 63.91
9281.36 81.95
9282.49 60.98
9283.62 64.49
9284.74 84.24
9285.87 76.12
9287.00 56.06
9288.11 75.03
9289.24 92.52
9290.37 72.26
9291.50 61.63
9292.62 84.81
9293.75 82.41
9294.88 63.70
9296.00 78.35
9297.12 95.18
9298.25 77.09
9299.37 59.04
9300.49 83.52
9301.62 92.76
9302.74 70.88
9303.87 78.94
9305.00 95.47
9306.12 83.24
9307.25 63.62
9308.38 76.81
9309.50 96.90
9310.62 80.95
9311.74 61.98
9312.87 84.49
9314.00 96.24
9315.11 75.12
9316.25 80.06
9317.38 98.03
9318.49 85.52
9319.62 64.76
9320.74 83.88
9321.87 101.94
9323.03 78.97
9324.15 70.48
9325.28 92.74
9326.41 87.87
9327.54 67.44
9328.66 82.22
9329.79 100.61
9330.96 83.30
9332.08 63.65
9333.20 85.83
9334.32 90.91
9335.45 71.96
9336.58 81.98
9337.70 98.99
9338.82 82.99
9339.95 65.00
9341.07 82.50
9342.19 99.25
9343.32 79.62
9344.45 61.31
9345.58 88.16
9346.70 93.58
9347.82 73.79
9348.95 81.89
9350.07 100.45
9351.24 84.22
9352.37 65.61
9353.50 86.81
9354.62 103.90
9355.78 79.95
9356.91 83.48
9358.04 99.74
9359.16 86.87
9360.29 67.43
9361.42 87.22
9362.54 104.61
9363.70 83.30
9364.82 74.65
9365.95 94.33
9367.08 90.66
9368.20 69.33
9369.32 86.17
9370.45 102.58
9371.61 84.79
9372.74 62.90
9373.86 87.45
9374.99 104.72
9376.16 116.36
9377.33 122.68
9378.50 125.84
9379.66 126.92
9380.82 127.46
9381.98 130.73
9383.15 132.87
9384.32 133.93
9385.49 132.47
9386.66 132.73
9387.82 132.37
9388.99 133.68
9390.15 132.84
9391.32 132.42
9392.49 132.21
9393.66 133.61
9394.82 134.30
9395.98 133.15
9397.15 134.08
9398.31 133.04
9399.47 134.02
9400.63 134.01
9401.79 135.00
9402.94 135.50
9404.10 137.25
9405.26 136.63
9406.43 136.81
9407.61 137.41
9408.78 137.70
9409.94 137.85
9411.10 138.43
9412.26 137.71
9413.43 136.86
9414.60 137.43
9415.76 137.21
9416.93 136.61
9418.10 136.30
9419.26 136.15
9420.42 136.08
9421.58 137.54
9422.75 138.27
9423.92 138.13
9425.09 138.07
9426.24 137.53
9427.41 136.77
9428.58 136.38
9429.74 137.69
9430.91 138.35
9432.08 138.67
9433.24 138.84
9434.41 138.92
9435.58 138.96
9436.74 137.48
9437.91 136.74
9439.08 136.37
9440.25 137.68
9441.41 138.34
9442.58 137.67
9443.74 137.34
9444.91 137.17
9446.08 136.58
9447.24 137.29
9448.41 138.15
9449.58 138.07
9450.74 138.54
9451.90 139.27
9453.06 140.13
9454.23 139.57
9455.40 138.78
9456.56 138.89
9457.72 137.45
9458.89 136.72
9460.06 136.36
9461.22 136.18
9462.39 136.09
9463.55 136.05
9464.71 136.02
9465.87 137.01
9467.03 137.01
9468.19 136.50
9469.36 136.75
9470.53 137.38
9471.70 136.69
9472.86 137.84
9474.02 136.92
9475.19 137.96
9476.37 137.98
9477.54 136.99
9478.70 137.00
9479.86 137.00
9481.01 136.50
9482.17 136.25
9483.34 137.62
9484.51 136.81
9485.68 136.41
9486.85 136.70
9488.01 137.85
9489.17 137.93
9490.34 138.46
9491.51 137.23
9492.68 138.62
9493.85 137.31
9495.02 136.65
9496.18 136.83
9497.35 137.91
9498.52 136.96
9499.69 136.98
9500.85 137.99
9502.01 136.99
9503.17 136.50
9504.34 137.75
9505.51 138.37
9506.68 137.19
9507.85 137.59
9509.01 138.80
9510.17 139.90
9511.34 139.45
9512.50 139.22
9513.66 138.61
9514.83 137.31
9516.00 136.65
9517.15 136.83
9518.32 137.91
9519.49 137.96
9520.66 136.98
9521.82 136.49
9522.99 136.74
9524.15 136.87
9525.32 137.94
9526.49 137.97
9527.66 136.98
9528.82 136.99
9529.98 137.00
9531.14 138.00
9532.30 137.50
9533.46 136.75
9534.63 138.87
9535.80 137.94
9536.96 136.97
9538.13 136.48
9539.30 137.74
9540.46 136.87
9541.63 136.44
9542.80 136.22
9543.96 136.11
9545.13 138.55
9546.30 138.28
9547.46 137.14
9548.63 138.57
9549.80 138.78
9550.97 137.39
9552.14 136.70
9553.30 137.85
9554.46 137.92
9555.63 137.46
9556.80 137.23
9557.96 139.12
9559.13 139.06
9560.30 137.53
9561.46 138.76
9562.63 139.88
9563.79 137.94
9564.96 137.47
9566.13 138.24
9567.30 138.62
9568.46 137.81
9569.63 136.90
9570.79 137.95
9571.95 137.98
9573.12 139.49
9574.29 138.24
9575.46 138.12
9576.62 139.56
9577.79 138.28
9578.96 138.14
9580.13 138.57
9581.30 139.29
9582.46 139.64
9583.63 139.82
9584.80 137.91
9585.96 139.46
9587.13 139.23
9588.30 138.61
9589.46 138.81
9590.63 139.90
9591.80 139.45
9592.96 138.73
9594.13 138.86
9595.30 140.43
9596.46 138.72
9597.63 138.36
9598.80 138.68
9599.96 137.34
9601.13 137.17
9602.30 137.08
9603.45 139.04
9604.61 137.52
9605.78 138.26
9606.94 137.13
9608.11 139.07
9609.28 138.03
9610.44 138.52
9611.61 137.76
9612.78 136.88
9613.94 138.44
9615.10 138.72
9616.26 138.86
9617.43 137.43
9618.60 139.21
9619.76 138.11
9620.93 137.05
9622.09 139.03
9623.24 138.01
9624.40 138.51
9625.56 139.25
9626.73 137.63
9627.90 139.31
9629.06 137.66
9630.22 138.83
9631.39 139.41
9632.56 139.21
9633.73 138.10
9634.89 138.05
9636.05 137.03
9637.22 137.01
9638.38 136.51
9639.55 138.75
9640.72 138.88
9641.89 138.94
9643.05 139.47
9644.22 138.23
9645.38 137.12
9646.55 137.06
9647.71 138.53
9648.88 139.76
9650.04 140.38
9651.22 138.69
9652.38 137.85
9653.55 137.42
9654.72 137.71
9655.89 136.86
9657.06 137.93
9658.22 136.96
9659.40 137.48
9660.56 138.24
9661.73 137.12
9662.90 137.56
9664.06 139.78
9665.22 137.89
9666.38 138.45
9667.55 139.22
9668.72 139.11
9669.89 137.56
9671.06 138.28
9672.22 137.64
9673.39 136.82
9674.56 138.91
9675.73 137.45
9676.90 136.73
9678.06 137.86
9679.22 138.93
9680.39 137.97
9681.56 139.48
9682.73 138.24
9683.90 139.12
9685.06 137.56
9686.22 139.78
9687.38 138.39
9688.55 137.20
9689.72 138.10
9690.88 138.55
9692.05 137.27
9693.22 137.14
9694.38 137.07
9695.54 138.53
9696.71 137.77
9697.88 138.38
9699.04 137.19
9700.21 139.10
9701.38 140.05
9702.54 138.02
9703.70 138.01
9704.86 138.51
9706.03 137.25
9707.19 136.63
9708.37 136.31
9709.54 138.66
9710.71 138.83
9711.88 137.41
9713.05 139.71
9714.22 137.85
9715.38 138.93
9716.55 137.46
9717.72 138.23
9718.89 137.62
9720.06 137.81
9721.22 139.40
9722.38 139.20
9723.54 139.60
9724.70 138.30
9725.86 139.15
9727.03 139.08
9728.19 139.54
9729.37 140.27
9730.54 138.63
9731.70 139.32
9732.86 139.16
9734.03 139.58
9735.19 139.29
9736.37 139.14
9737.54 139.07
9738.70 139.54
9739.86 137.77
9741.02 139.88
9742.18 139.44
9743.37 138.22
9744.54 137.61
9745.70 138.81
9746.86 138.40
9748.02 138.70
9749.18 139.35
9750.35 139.68
9751.52 139.34
9752.70 137.67
9753.86 139.33
9755.02 137.67
9756.18 136.83
9757.36 138.92
9758.53 137.96
9759.70 136.98
9760.86 137.99
9762.02 137.99
9763.18 139.50
9764.34 138.75
9765.51 138.87
9766.68 139.44
9767.85 137.72
9769.02 136.86
9770.18 138.93
9771.35 139.96
9772.52 140.48
9773.69 139.74
9774.86 139.87
9776.02 127.44
9777.18 97.72
9778.31 72.86
9779.44 56.43
9780.57 46.21
9781.70 38.61
9782.82 31.80
9783.94 29.40
9785.07 24.70
9786.18 20.35
