7258.44 1.50
7259.52 0.75
7260.60 0.38
7261.68 0.19
7262.76 0.09
7263.83 0.05
7264.90 0.02
7265.97 0.01
7268.17 57.75
7269.30 48.38
7270.43 42.19
7271.56 68.59
7272.69 69.80
7273.81 54.40
7274.94 70.20
7276.06 88.10
7277.18 72.05
7278.31 53.02
7279.44 77.01
7280.56 88.01
7281.68 68.00
7282.79 73.00
7283.90 91.50
7285.02 81.25
7286.14 60.63
7287.27 80.31
7288.40 97.66
7289.52 76.33
7290.65 65.66
7291.78 86.83
7292.90 83.92
7294.02 65.46
7295.14 79.73
7296.27 96.36
7297.40 80.18
7298.52 61.59
7299.65 79.80
7300.77 97.90
7301.89 77.95
7303.02 58.97
7304.14 83.49
7305.26 85.74
7306.39 68.37
7307.52 83.19
7308.65 101.09
7309.81 81.55
7310.94 61.27
7312.06 85.14
7313.18 92.57
7314.31 73.78
7315.45 79.89
7316.57 95.95
7317.70 81.97
7318.82 63.99
7319.94 83.99
7321.06 101.00
7322.22 78.50
7323.34 74.75
7324.47 95.37
7325.60 88.19
7326.73 69.59
7327.85 86.30
7328.97 101.65
7330.14 80.82
7331.26 60.41
7332.39 83.71
7333.52 102.35
7334.69 79.18
7335.82 79.59
7336.95 97.29
7338.07 87.65
7339.19 67.32
7340.32 85.16
7341.45 102.58
7342.62 81.29
7343.74 68.65
7344.87 91.32
7346.00 88.16
7347.12 69.58
7348.25 85.29
7349.38 101.15
7350.54 82.57
7351.67 61.29
7352.80 87.14
7353.92 93.57
7355.05 72.79
7356.18 83.89
7357.30 99.95
7358.42 83.97
7359.55 63.99
7360.68 87.49
7361.80 103.75
7362.96 80.87
7364.09 79.94
7365.21 96.97
7366.34 109.98
7367.50 118.99
7368.66 125.00
7369.82 127.50
7370.98 130.75
7372.14 129.37
7373.31 130.19
7374.48 131.09
7375.64 132.05
7376.80 132.02
7377.95 133.51
7379.12 134.26
7380.30 134.63
7381.46 133.31
7382.63 134.16
7383.80 134.58
7384.96 134.79
7386.13 133.89
7387.30 134.45
7388.46 134.72
7389.63 135.36
7390.80 135.18
7391.96 135.59
7393.13 133.80
7394.31 133.90
7395.47 134.45
7396.64 135.22
7397.81 134.11
7398.98 135.06
7400.14 135.53
7401.30 135.76
7402.46 136.38
7403.63 137.19
7404.80 138.10
7405.96 137.05
7407.12 136.52
7408.30 136.26
7409.46 136.63
7410.63 136.32
7411.80 137.66
7412.96 138.33
7414.13 137.16
7415.30 136.58
7416.46 137.29
7417.63 137.65
7418.80 136.82
7419.96 136.41
7421.13 137.71
7422.30 138.35
7423.46 138.68
7424.63 137.34
7425.80 136.67
7426.96 136.33
7428.13 137.17
7429.30 136.58
7430.46 136.29
7431.62 136.65
7432.79 137.82
7433.95 138.41
7435.12 138.71
7436.30 138.85
7437.46 138.93
7438.63 137.46
7439.80 136.73
7440.96 136.87
7442.13 137.93
7443.30 136.97
7444.47 136.48
7445.63 136.74
7446.80 137.87
7447.96 137.44
7449.13 138.22
7450.30 137.11
7451.46 138.05
7452.62 137.03
7453.79 136.51
7454.96 136.76
7456.13 136.38
7457.30 137.19
7458.46 137.09
7459.62 137.05
7460.78 136.52
7461.95 137.76
7463.12 138.38
7464.30 139.69
7465.46 139.35
7466.62 138.17
7467.79 137.09
7468.95 136.54
7470.12 137.77
7471.30 138.39
7472.46 137.69
7473.63 137.35
7474.80 137.17
7475.96 138.09
7477.12 138.54
7478.30 137.27
7479.46 138.14
7480.63 138.07
7481.79 138.03
7482.95 137.52
7484.12 138.76
7485.30 137.88
7486.46 138.44
7487.63 138.72
7488.80 139.36
7489.96 137.68
7491.13 136.84
7492.30 137.92
7493.46 136.96
7494.62 136.48
7495.80 136.24
7496.96 136.12
7498.13 138.06
7499.30 139.03
7500.46 137.52
7501.63 138.26
7502.80 138.63
7503.96 138.81
7505.13 138.91
7506.30 139.45
7507.46 139.23
7508.62 138.11
7509.79 138.56
7510.96 137.28
7512.13 138.64
7513.30 137.32
7514.46 137.16
7515.63 138.08
7516.79 138.04
7517.95 139.52
7519.12 138.76
7520.30 139.38
7521.46 140.69
7522.62 138.35
7523.80 139.67
7524.96 138.34
7526.13 137.17
7527.30 137.08
7528.46 138.54
7529.62 138.77
7530.79 137.89
7531.96 139.44
7533.13 139.22
7534.30 140.11
7535.46 139.06
7536.63 138.53
7537.80 137.76
7538.96 138.38
7540.13 138.19
7541.30 138.60
7542.46 137.30
7543.62 136.65
7544.78 138.32
7545.95 137.66
7547.12 137.33
7548.30 137.67
7549.46 137.83
7550.63 136.92
7551.80 136.96
7552.96 136.98
7554.12 136.99
7555.30 137.49
7556.46 136.75
7557.62 136.87
7558.79 139.94
7559.96 139.97
7561.13 137.98
7562.30 137.99
7563.46 137.50
7564.62 138.75
7565.79 138.87
7566.95 137.44
7568.12 138.22
7569.29 138.61
7570.46 137.30
7571.62 136.65
7572.79 137.33
7573.96 138.16
7575.13 139.58
7576.30 140.79
7577.46 140.90
7578.62 139.95
7579.79 139.97
7580.95 137.99
7582.12 137.49
7583.29 139.25
7584.46 139.62
7585.63 139.81
7586.81 138.41
7587.98 139.20
7589.14 139.60
7590.30 138.80
7591.46 138.90
7592.62 137.95
7593.78 138.98
7594.95 138.99
7596.12 138.99
7597.29 140.00
7598.45 138.50
7599.61 138.75
7600.78 137.87
7601.94 137.44
7603.11 138.22
7604.29 139.11
7605.46 138.05
7606.62 137.53
7607.78 137.26
7608.95 139.13
7610.12 138.57
7611.29 139.78
7612.46 137.89
7613.62 137.45
7614.79 136.72
7615.96 136.86
7617.13 137.43
7618.30 137.72
7619.46 138.36
7620.63 139.18
7621.80 139.59
7622.96 138.79
7624.13 138.90
7625.29 139.45
7626.46 139.22
7627.62 139.61
7628.80 139.31
7629.96 138.15
7631.13 138.08
7632.29 138.04
7633.46 139.52
7634.62 139.26
7635.79 138.13
7636.96 140.06
7638.12 139.03
7639.29 138.02
7640.46 140.01
7641.62 140.50
7642.78 140.75
7643.95 138.88
7645.12 138.44
7646.29 139.72
7647.46 138.86
7648.62 138.43
7649.79 138.71
7650.96 139.36
7652.13 139.18
7653.30 139.59
7654.46 140.79
7655.62 139.40
7656.78 139.70
7657.94 139.35
7659.11 139.17
7660.29 140.09
7661.45 141.04
7662.61 141.52
7663.78 141.26
7664.94 139.63
7666.11 139.32
7667.29 140.16
7668.46 140.08
7669.62 140.04
7670.79 140.02
7671.95 140.51
7673.12 139.75
7674.29 140.38
7675.46 139.69
7676.62 139.84
7677.79 139.42
7678.96 139.71
7680.14 138.36
7681.30 137.68
7682.46 137.34
7683.63 137.67
7684.80 137.83
7685.96 138.92
7687.13 139.46
7688.30 138.23
7689.46 139.11
7690.62 138.56
7691.79 138.28
7692.96 138.14
7694.13 137.57
7695.30 137.78
7696.46 138.39
7697.62 138.20
7698.78 139.10
7699.94 139.05
7701.10 139.52
7702.27 139.76
7703.44 140.38
7704.61 138.69
7705.78 139.35
7706.94 138.67
7708.11 137.84
7709.29 137.92
7710.46 137.96
7711.62 137.48
7712.79 138.74
7713.96 137.37
7715.13 138.18
7716.30 138.59
7717.46 137.80
7718.62 138.90
7719.78 137.45
7720.95 137.22
7722.12 139.11
7723.29 140.56
7724.46 139.28
7725.62 138.64
7726.79 138.82
7727.95 137.91
7729.12 137.45
7730.30 137.73
7731.46 137.36
7732.63 139.68
7733.80 139.84
7734.96 138.42
7736.13 140.21
7737.30 139.11
7738.46 138.05
7739.62 137.53
7740.79 139.76
7741.96 139.88
7743.12 138.94
7744.29 137.97
7745.46 137.99
7746.62 139.49
7747.79 139.75
7748.96 140.37
7750.13 140.19
7751.30 139.09
7752.46 139.55
7753.62 139.77
7754.79 140.89
7755.95 138.94
7757.12 137.97
7758.29 138.99
7759.46 137.99
7760.62 138.00
7761.78 138.50
7762.95 139.25
7764.12 138.62
7765.29 138.31
7766.46 138.66
7767.62 113.83
7768.79 85.41
7769.92 66.21
7771.05 51.60
7772.17 42.80
7773.29 34.90
7774.41 30.95
7775.54 27.48
7776.66 22.24
