13276.38 0.59
13277.50 0.80
13278.61 0.40
13279.73 0.20
13280.84 0.10
13281.95 0.05
13283.06 0.02
13284.17 0.01
13286.45 58.25
13287.62 48.13
13288.78 49.06
13289.94 73.03
13291.10 69.02
13292.26 52.51
13293.43 73.75
13294.60 91.38
13295.76 70.69
13296.93 70.34
13298.10 89.67
13299.26 78.84
13300.43 59.42
13301.60 80.21
13302.76 97.60
13303.93 74.80
13305.10 77.90
13306.26 94.45
13307.42 80.73
13308.59 60.86
13309.75 83.43
13310.92 95.72
13312.10 72.86
13313.26 79.93
13314.42 97.46
13315.59 80.73
13316.75 61.37
13317.92 80.68
13319.09 98.84
13320.25 76.92
13321.42 73.96
13322.58 93.48
13323.74 84.24
13324.91 64.12
13326.09 84.06
13327.24 102.03
13328.44 79.02
13329.61 81.01
13330.77 98.50
13331.93 84.25
13333.10 64.63
13334.26 86.31
13335.43 101.66
13336.64 77.33
13337.80 84.16
13338.96 100.58
13340.16 83.29
13341.33 64.15
13342.50 87.57
13343.66 91.79
13344.82 70.89
13345.98 83.45
13347.14 100.72
13348.34 82.36
13349.51 61.68
13350.68 84.34
13351.85 102.17
13353.05 78.59
13354.22 84.29
13355.39 100.65
13356.59 84.32
13357.76 63.66
13358.93 87.83
13360.10 92.42
13361.27 71.71
13362.44 84.85
13363.60 101.93
13364.80 83.46
13365.96 63.23
13367.13 88.12
13368.30 88.06
13369.46 70.03
13370.62 85.51
13371.78 102.76
13372.98 81.38
13374.15 70.19
13375.32 94.09
13376.48 88.55
13377.65 68.27
13378.82 87.64
13379.98 103.82
13381.18 81.91
13382.35 78.95
13383.52 98.48
13384.70 111.24
13385.90 119.12
13387.10 124.56
13388.30 128.78
13389.50 130.89
13390.70 130.44
13391.90 132.22
13393.10 132.61
13394.30 133.81
13395.50 132.40
13396.70 132.20
13397.90 133.60
13399.10 133.30
13400.30 132.65
13401.50 133.83
13402.70 134.41
13403.90 134.71
13405.10 134.85
13406.30 134.93
13407.50 135.46
13408.70 135.73
13409.90 135.87
13411.10 136.43
13412.30 136.72
13413.50 136.36
13414.70 136.18
13415.90 136.59
13417.10 136.79
13418.30 136.90
13419.50 136.45
13420.70 136.22
13421.90 136.61
13423.10 136.81
13424.30 136.90
13425.50 136.95
13426.70 136.98
13427.90 136.99
13429.10 137.49
13430.30 137.25
13431.50 137.12
13432.70 137.56
13433.90 137.28
13435.10 137.64
13436.30 136.82
13437.50 137.41
13438.70 137.71
13439.91 137.85
13441.12 137.93
13442.33 137.96
13443.53 137.98
13444.73 137.49
13445.93 138.25
13447.14 138.62
13448.35 138.31
13449.56 138.16
13450.77 138.58
13451.97 138.79
13453.17 138.39
13454.38 138.20
13455.58 138.60
13456.78 137.80
13457.98 137.90
13459.18 137.95
13460.38 137.97
13461.58 138.49
13462.78 138.24
13463.98 138.62
13465.18 138.31
13466.39 137.66
13467.60 137.83
13468.81 138.41
13470.02 137.21
13471.23 138.60
13472.43 138.80
13473.63 138.90
13474.83 137.45
13476.03 139.23
13477.24 139.61
13478.45 140.31
13479.66 138.65
13480.86 137.83
13482.06 136.91
13483.27 136.96
13484.47 137.48
13485.67 138.74
13486.87 137.37
13488.09 138.18
13489.30 137.09
13490.49 138.55
13491.70 138.27
13492.90 137.64
13494.10 138.32
13495.30 137.66
13496.50 137.33
13497.70 138.16
13498.90 138.58
13500.10 138.29
13501.30 138.65
13502.50 138.82
13503.70 138.91
13504.90 138.96
13506.10 138.98
13507.30 138.99
13508.50 138.99
13509.70 139.00
13510.89 139.00
13512.09 139.00
13513.28 139.00
13514.47 139.00
13515.66 140.00
13516.86 140.00
13518.05 139.50
13519.26 139.25
13520.46 139.13
13521.67 139.06
13522.87 139.03
13524.08 139.02
13525.28 139.51
13526.49 139.75
13527.69 139.38
13528.90 139.19
13530.10 139.09
13531.30 139.05
13532.50 139.02
13533.70 139.51
13534.90 139.26
13536.10 139.13
13537.30 139.06
13538.50 139.03
13539.70 139.02
13540.90 139.01
13542.09 139.00
13543.28 139.00
13544.47 139.00
13545.66 139.50
13546.86 139.75
13548.06 139.38
13549.27 139.19
13550.48 139.09
13551.68 139.55
13552.89 139.27
13554.09 139.14
13555.30 139.57
13556.50 139.28
13557.70 139.14
13558.90 139.57
13560.10 139.29
13561.30 139.64
13562.50 139.82
13563.70 139.41
13564.90 139.21
13566.11 138.60
13567.31 138.30
13568.51 138.65
13569.71 138.83
13570.92 138.91
13572.13 138.96
13573.34 138.98
13574.54 138.99
13575.74 139.49
13576.94 140.25
13578.15 139.62
13579.36 139.31
13580.57 139.16
13581.78 139.58
13582.98 139.29
13584.18 139.14
13585.40 139.07
13586.59 139.04
13587.79 139.02
13588.99 139.01
13590.20 139.50
13591.39 139.75
13592.59 139.88
13593.79 139.44
13594.99 139.22
13596.21 139.61
13597.42 138.80
13598.62 138.90
13599.82 139.45
13601.02 139.73
13602.23 139.86
13603.43 139.43
13604.64 139.72
13605.85 138.86
13607.06 139.43
13608.26 139.21
13609.47 139.61
13610.68 139.80
13611.88 139.40
13613.09 139.70
13614.28 139.85
13615.48 139.43
13616.69 139.71
13617.89 139.36
13619.09 139.68
13620.29 139.84
13621.49 139.92
13622.69 139.96
13623.89 139.98
13625.09 139.99
13626.29 139.49
13627.49 140.25
13628.70 140.12
13629.90 140.06
13631.09 140.03
13632.29 140.02
13633.49 140.01
13634.70 140.00
13635.89 139.00
13637.09 139.00
13638.28 139.00
13639.47 139.50
13640.67 139.75
13641.88 139.38
13643.09 139.19
13644.29 139.59
13645.49 138.80
13646.69 139.40
13647.89 139.20
13649.09 139.10
13650.28 139.55
13651.48 139.77
13652.68 139.39
13653.88 139.19
13655.09 139.60
13656.28 139.80
13657.48 139.40
13658.68 139.20
13659.88 139.60
13661.09 139.80
13662.28 139.40
13663.48 139.70
13664.68 139.35
13665.89 139.17
13667.10 139.59
13668.30 139.29
13669.50 139.65
13670.70 139.82
13671.90 138.91
13673.10 139.96
13674.30 140.48
13675.51 140.74
13676.71 138.37
13677.92 139.18
13679.13 139.59
13680.34 138.80
13681.54 138.40
13682.74 139.70
13683.94 139.35
13685.14 137.67
13686.35 137.84
13687.55 138.42
13688.76 139.71
13689.97 140.35
13691.18 141.18
13692.38 140.59
13693.58 138.79
13694.78 139.40
13695.99 137.70
13697.20 137.85
13698.40 138.42
13699.60 138.71
13700.80 138.86
13702.00 138.93
13703.20 138.96
13704.40 139.48
13705.60 138.74
13706.80 138.87
13708.00 138.94
13709.20 138.47
13710.40 139.23
13711.60 139.62
13712.80 139.81
13714.00 139.90
13715.20 140.45
13716.40 140.23
13717.60 139.61
13718.80 139.31
13720.00 139.65
13721.20 140.33
13722.40 140.16
13723.60 140.08
13724.80 140.04
13725.99 140.02
13727.20 138.51
13728.40 139.26
13729.60 139.13
13730.81 139.56
13732.01 139.78
13733.22 139.39
13734.42 139.70
13735.62 139.85
13736.83 139.92
13738.03 139.96
13739.24 139.48
13740.45 139.74
13741.65 139.87
13742.85 139.94
13744.06 139.97
13745.27 139.98
13746.47 139.99
13747.67 140.00
13748.86 139.50
13750.07 139.75
13751.27 139.37
13752.49 139.19
13753.70 139.59
13754.90 139.80
13756.09 139.40
13757.28 138.70
13758.48 139.35
13759.69 139.67
13760.89 139.84
13762.09 139.92
13763.29 139.96
13764.49 139.98
13765.69 138.99
13766.89 138.49
13768.09 138.75
13769.29 139.37
13770.49 139.19
13771.70 139.59
13772.90 139.80
13774.09 139.90
13775.28 138.95
13776.49 138.47
13777.69 138.74
13778.89 139.37
13780.10 139.68
13781.30 139.84
13782.50 139.92
13783.70 139.96
13784.90 139.98
13786.10 104.49
13787.30 77.75
13788.47 59.87
13789.64 46.44
13790.81 37.72
13791.98 30.86
13793.14 26.43
13794.31 24.21
13795.48 21.11
