0.0 20.0
1.12 20.0
2.24 20.0
3.36 20.0
4.49 20.0
5.6 20.0
6.72 20.0
7.85 20.0
8.98 100.0
10.18 100.0
11.4 20.0
12.6 100.0
13.8 100.0
15.0 20.0
16.2 20.0
17.42 100.0
18.61 100.0
19.81 20.0
21.02 100.0
22.23 100.0
23.44 20.0
24.64 20.0
25.86 100.0
27.07 20.0
28.28 20.0
29.48 100.0
30.68 100.0
31.88 20.0
33.08 20.0
34.29 20.0
35.5 100.0
36.7 100.0
37.9 100.0
39.11 20.0
40.32 20.0
41.53 100.0
42.73 100.0
43.94 20.0
45.15 100.0
46.37 100.0
47.57 20.0
48.76 20.0
49.98 100.0
51.18 100.0
52.4 20.0
53.6 100.0
54.8 100.0
56.0 20.0
57.22 20.0
58.42 20.0
59.62 100.0
60.83 100.0
62.05 100.0
63.26 100.0
64.46 20.0
65.66 20.0
66.87 20.0
68.08 100.0
69.29 100.0
70.48 20.0
71.69 100.0
72.89 100.0
74.1 100.0
75.3 100.0
76.5 20.0
77.7 20.0
78.89 20.0
80.1 100.0
81.3 100.0
82.51 20.0
83.71 20.0
84.92 100.0
86.13 100.0
87.34 100.0
88.55 20.0
89.75 20.0
90.96 20.0
92.18 100.0
93.38 100.0
94.58 100.0
95.78 100.0
96.98 20.0
98.18 100.0
99.39 100.0
100.59 20.0
101.78 20.0
102.99 100.0
104.19 20.0
105.4 20.0
106.6 100.0
107.81 100.0
109.02 20.0
110.23 20.0
111.44 20.0
112.65 100.0
113.86 100.0
115.06 20.0
116.27 20.0
117.48 100.0
118.69 100.0
119.9 100.0
121.1 20.0
122.29 20.0
123.5 100.0
124.7 20.0
125.9 20.0
127.1 20.0
128.3 20.0
129.5 100.0
130.7 100.0
131.9 100.0
133.09 20.0
134.3 20.0
135.5 20.0
136.69 100.0
137.9 100.0
139.1 100.0
140.3 100.0
141.51 20.0
142.71 20.0
143.92 20.0
145.12 100.0
146.34 100.0
147.54 20.0
148.74 20.0
149.95 100.0
151.16 100.0
152.38 100.0
153.58 20.0
154.78 20.0
155.98 20.0
157.18 100.0
158.39 100.0
159.59 20.0
160.79 20.0
162.0 100.0
163.2 100.0
164.42 100.0
165.62 20.0
166.83 20.0
168.04 100.0
169.24 100.0
170.45 20.0
171.66 100.0
172.87 100.0
174.08 20.0
175.28 20.0
176.49 20.0
177.69 100.0
178.9 100.0
180.09 20.0
181.3 20.0
182.5 100.0
183.7 100.0
184.9 100.0
186.11 20.0
187.32 20.0
188.52 20.0
189.72 100.0
190.94 100.0
192.14 20.0
193.35 20.0
194.56 100.0
195.76 100.0
196.97 100.0
198.17 20.0
199.39 20.0
200.6 100.0
201.81 100.0
203.02 20.0
204.23 100.0
205.44 100.0
206.64 20.0
207.85 20.0
209.05 20.0
210.25 100.0
211.46 100.0
212.65 20.0
213.85 20.0
215.06 100.0
216.27 100.0
217.48 100.0
218.68 20.0
219.89 20.0
221.1 20.0
222.3 100.0
223.5 100.0
224.69 20.0
225.9 20.0
227.1 100.0
228.3 100.0
229.5 20.0
230.7 100.0
231.9 100.0
233.1 20.0
234.3 20.0
235.5 100.0
236.7 100.0
237.9 100.0
239.11 20.0
240.32 20.0
241.52 100.0
242.72 100.0
243.92 20.0
245.13 20.0
246.36 20.0
247.57 100.0
248.77 100.0
249.98 100.0
251.18 20.0
252.4 20.0
253.6 100.0
254.81 100.0
256.01 20.0
257.23 100.0
258.44 100.0
259.64 20.0
260.85 20.0
262.06 100.0
263.26 20.0
264.47 20.0
265.68 100.0
266.9 100.0
268.09 20.0
269.3 20.0
270.5 100.0
271.69 20.0
272.9 20.0
274.1 20.0
275.29 20.0
276.5 100.0
277.69 100.0
278.9 20.0
280.1 100.0
281.3 100.0
282.5 20.0
283.7 100.0
284.9 100.0
286.1 100.0
287.31 100.0
288.52 20.0
289.72 20.0
290.92 20.0
292.12 100.0
293.33 100.0
294.54 20.0
295.74 100.0
296.95 100.0
298.16 20.0
299.37 20.0
300.58 100.0
301.78 100.0
302.99 100.0
304.21 20.0
305.41 20.0
306.62 20.0
307.83 20.0
309.04 100.0
310.24 100.0
311.44 20.0
312.65 100.0
313.86 100.0
315.06 100.0
316.27 20.0
317.48 20.0
318.68 20.0
319.89 20.0
321.11 100.0
322.32 100.0
323.52 20.0
324.73 100.0
325.94 100.0
327.14 20.0
328.36 100.0
329.57 100.0
330.77 20.0
331.98 20.0
333.19 100.0
334.41 100.0
335.62 100.0
336.83 20.0
338.04 20.0
339.24 20.0
340.45 20.0
341.66 100.0
342.87 100.0
344.08 20.0
345.29 100.0
346.5 100.0
347.7 20.0
348.9 100.0
350.1 100.0
351.3 100.0
352.5 100.0
353.69 20.0
354.9 100.0
356.11 100.0
357.32 20.0
358.53 20.0
359.73 20.0
360.94 100.0
362.14 100.0
363.36 100.0
364.57 100.0
365.76 20.0
366.96 20.0
368.18 100.0
369.39 20.0
370.59 20.0
371.79 20.0
373.0 20.0
374.21 100.0
375.42 100.0
376.62 20.0
377.83 100.0
379.03 100.0
380.24 100.0
381.44 20.0
382.64 20.0
383.84 20.0
385.04 20.0
386.25 100.0
387.45 100.0
388.65 20.0
389.86 100.0
391.06 100.0
392.27 100.0
393.48 20.0
394.68 20.0
395.9 100.0
397.1 100.0
398.29 20.0
399.5 20.0
400.7 100.0
401.89 100.0
403.09 20.0
404.3 20.0
405.5 20.0
406.7 100.0
407.9 100.0
409.09 20.0
410.3 100.0
411.5 100.0
412.7 100.0
413.91 100.0
415.12 20.0
416.35 100.0
417.55 100.0
418.75 20.0
419.95 20.0
421.15 20.0
422.36 100.0
423.57 100.0
424.77 100.0
425.98 100.0
427.18 20.0
428.4 100.0
429.61 100.0
430.82 20.0
432.03 20.0
433.24 100.0
434.45 100.0
435.66 20.0
436.86 100.0
438.06 100.0
439.27 20.0
440.48 20.0
441.68 100.0
442.88 20.0
444.08 20.0
445.29 100.0
446.5 100.0
447.69 20.0
448.9 100.0
450.1 100.0
451.3 20.0
452.49 20.0
453.7 100.0
454.89 20.0
456.1 20.0
457.31 20.0
458.52 20.0
459.72 100.0
460.92 100.0
462.12 20.0
463.34 100.0
464.54 100.0
465.74 20.0
466.95 20.0
468.15 20.0
469.37 100.0
470.58 100.0
471.78 100.0
472.98 100.0
474.21 100.0
475.42 100.0
476.63 100.0
477.84 100.0
479.05 100.0
480.26 100.0
481.46 100.0
482.67 100.0
483.88 100.0
485.09 100.0
486.3 100.0
487.5 100.0
488.7 100.0
489.9 100.0
491.11 100.0
492.32 100.0
493.53 100.0
494.72 100.0
495.92 100.0
497.12 100.0
498.34 100.0
499.54 100.0
500.75 100.0
501.96 100.0
503.17 100.0
504.38 100.0
505.59 100.0
506.79 100.0
508.0 100.0
509.22 100.0
510.43 100.0
511.64 100.0
512.85 100.0
514.06 100.0
515.27 100.0
516.48 100.0
517.69 100.0
518.9 100.0
520.1 100.0
521.3 100.0
522.5 100.0
523.7 100.0
524.92 100.0
526.13 100.0
527.35 100.0
528.55 100.0
529.75 100.0
530.96 100.0
532.17 100.0
533.38 100.0
534.59 100.0
535.79 100.0
537.0 100.0
538.22 100.0
539.43 100.0
540.64 100.0
541.85 100.0
543.06 100.0
544.27 100.0
545.48 100.0
546.69 100.0
547.9 100.0
549.1 100.0
550.3 100.0
551.51 100.0
552.71 100.0
553.93 100.0
555.14 100.0
556.36 100.0
557.57 100.0
558.77 100.0
559.98 100.0
561.18 100.0
562.4 100.0
563.6 100.0
564.82 100.0
566.02 100.0
567.23 100.0
568.44 100.0
569.65 100.0
570.86 100.0
572.07 100.0
573.28 100.0
574.49 100.0
575.7 100.0
576.9 100.0
578.11 100.0
579.33 100.0
580.54 100.0
581.75 100.0
582.95 100.0
584.16 100.0
585.38 100.0
586.58 100.0
587.78 100.0
588.99 100.0
590.2 100.0
591.4 100.0
592.6 100.0
593.81 100.0
595.02 100.0
596.23 100.0
597.44 100.0
598.66 100.0
599.87 100.0
601.08 100.0
602.29 100.0
603.5 100.0
604.7 100.0
605.9 100.0
607.11 100.0
608.34 100.0
609.54 100.0
610.75 100.0
611.97 100.0
613.18 100.0
614.39 100.0
615.6 100.0
616.81 100.0
618.02 100.0
619.22 100.0
620.43 100.0
621.64 100.0
622.85 100.0
624.06 100.0
625.27 100.0
626.48 100.0
627.69 100.0
628.9 100.0
630.1 100.0
631.3 100.0
632.5 100.0
633.7 100.0
634.9 100.0
636.11 100.0
637.34 100.0
638.55 100.0
639.76 100.0
640.97 100.0
642.18 100.0
643.4 100.0
644.61 100.0
645.82 100.0
647.03 100.0
648.24 100.0
649.45 100.0
650.66 100.0
651.87 100.0
653.08 100.0
654.29 100.0
655.5 100.0
656.7 100.0
657.9 100.0
659.11 100.0
660.34 100.0
661.54 100.0
662.74 100.0
663.95 100.0
665.17 100.0
666.38 100.0
667.59 100.0
668.8 100.0
670.01 100.0
671.22 100.0
672.43 100.0
673.65 100.0
674.86 100.0
676.06 100.0
677.27 100.0
678.49 100.0
679.7 100.0
680.9 100.0
682.11 100.0
683.34 100.0
684.54 100.0
685.74 100.0
686.95 100.0
688.16 100.0
689.38 100.0
690.58 100.0
691.78 100.0
692.99 100.0
694.21 100.0
695.42 100.0
696.62 100.0
697.84 100.0
699.05 100.0
700.26 100.0
701.47 100.0
702.68 100.0
703.89 100.0
705.1 100.0
706.3 100.0
707.5 100.0
708.7 100.0
709.9 100.0
711.12 100.0
712.34 100.0
713.54 100.0
714.74 100.0
715.95 100.0
717.16 100.0
718.38 100.0
719.58 100.0
720.78 100.0
721.99 100.0
723.21 100.0
724.42 100.0
725.63 100.0
726.84 100.0
728.05 100.0
729.26 100.0
730.46 100.0
731.66 100.0
732.87 100.0
734.08 100.0
735.28 100.0
736.49 100.0
737.7 100.0
738.91 100.0
740.12 100.0
741.34 100.0
742.54 100.0
743.75 100.0
744.96 100.0
746.17 100.0
747.38 100.0
748.59 100.0
749.79 100.0
751.0 100.0
752.21 100.0
753.42 100.0
754.63 100.0
755.85 100.0
757.06 100.0
758.26 100.0
759.47 100.0
760.68 100.0
761.89 100.0
763.1 100.0
764.3 100.0
765.5 100.0
766.7 100.0
767.9 100.0
769.11 100.0
770.33 100.0
771.54 100.0
772.74 100.0
773.95 100.0
775.15 100.0
776.37 100.0
777.58 100.0
778.78 100.0
779.99 100.0
781.21 100.0
782.42 100.0
783.63 100.0
784.84 100.0
786.06 100.0
787.26 100.0
788.46 100.0
789.66 100.0
790.87 100.0
792.08 100.0
793.29 100.0
794.5 100.0
795.7 100.0
796.9 100.0
798.11 100.0
799.34 100.0
800.54 100.0
801.75 100.0
802.96 100.0
804.17 100.0
805.39 100.0
806.6 100.0
807.81 100.0
809.02 100.0
810.23 100.0
811.45 100.0
812.66 100.0
813.86 100.0
815.07 100.0
816.28 100.0
817.49 100.0
818.7 100.0
819.9 100.0
821.1 100.0
822.3 100.0
823.49 100.0
824.69 100.0
825.9 100.0
827.1 100.0
828.31 100.0
829.52 100.0
830.72 100.0
831.93 100.0
833.14 100.0
834.36 100.0
835.57 100.0
836.77 100.0
837.98 100.0
839.19 100.0
840.4 100.0
841.6 100.0
842.81 100.0
844.02 100.0
845.23 100.0
846.44 100.0
847.65 100.0
848.86 100.0
850.06 100.0
851.27 100.0
852.48 100.0
853.69 100.0
854.89 100.0
856.09 100.0
857.3 100.0
858.5 100.0
859.7 100.0
860.91 100.0
862.12 100.0
863.34 100.0
864.54 100.0
865.75 100.0
866.96 100.0
868.17 100.0
869.39 100.0
870.59 100.0
871.79 100.0
873.0 100.0
874.21 100.0
875.42 100.0
876.63 100.0
877.85 100.0
879.06 100.0
880.27 100.0
881.48 100.0
882.69 100.0
883.9 100.0
885.1 100.0
886.3 100.0
887.5 100.0
888.7 100.0
889.9 100.0
891.1 100.0
892.32 100.0
893.54 100.0
894.74 100.0
895.96 100.0
897.16 100.0
898.38 100.0
899.58 100.0
900.79 100.0
902.0 100.0
903.2 100.0
904.41 100.0
905.62 100.0
906.83 100.0
908.05 100.0
909.26 100.0
910.46 100.0
911.67 100.0
912.88 100.0
914.09 100.0
915.3 100.0
916.5 100.0
917.7 100.0
918.9 100.0
920.11 100.0
921.34 100.0
922.55 100.0
923.75 100.0
924.96 100.0
926.17 100.0
927.39 100.0
928.6 100.0
929.81 100.0
931.02 100.0
932.22 100.0
933.43 100.0
934.64 100.0
935.85 100.0
937.06 100.0
938.27 100.0
939.48 100.0
940.69 100.0
941.9 100.0
943.11 100.0
944.33 100.0
945.54 100.0
946.74 100.0
947.95 100.0
949.16 100.0
950.38 100.0
951.58 100.0
952.79 100.0
954.0 100.0
955.21 100.0
956.42 100.0
957.63 100.0
958.84 100.0
960.05 100.0
961.26 100.0
962.46 100.0
963.67 100.0
964.88 100.0
966.09 100.0
967.3 100.0
968.5 100.0
969.7 100.0
970.91 100.0
972.13 100.0
973.34 100.0
974.55 100.0
975.76 100.0
976.97 100.0
978.18 100.0
979.39 100.0
980.6 100.0
981.81 100.0
983.02 100.0
984.22 100.0
985.43 100.0
986.64 100.0
987.85 100.0
989.06 100.0
990.27 100.0
991.48 100.0
992.69 100.0
993.9 100.0
995.11 100.0
996.34 100.0
997.54 100.0
998.74 100.0
999.96 100.0
1001.17 100.0
1002.38 100.0
1003.59 100.0
1004.8 100.0
1006.0 100.0
1007.21 100.0
1008.42 100.0
1009.62 100.0
1010.83 100.0
1012.04 100.0
1013.25 100.0
1014.46 100.0
1015.66 100.0
1016.87 100.0
1018.08 100.0
1019.29 100.0
1020.5 100.0
1021.7 100.0
1022.9 100.0
1024.1 100.0
1025.3 100.0
1026.52 100.0
1027.73 100.0
1028.94 100.0
1030.15 100.0
1031.38 100.0
1032.58 100.0
1033.78 100.0
1034.99 100.0
1036.2 100.0
1037.41 100.0
1038.62 100.0
1039.83 100.0
1041.04 100.0
1042.25 100.0
1043.46 100.0
1044.67 100.0
1045.88 100.0
1047.09 100.0
1048.3 100.0
1049.5 100.0
1050.7 100.0
1051.9 100.0
1053.11 100.0
1054.34 100.0
1055.54 100.0
1056.75 100.0
1057.96 100.0
1059.17 100.0
1060.39 100.0
1061.6 100.0
1062.81 100.0
1064.02 100.0
1065.23 100.0
1066.44 100.0
1067.66 100.0
1068.86 100.0
1070.07 100.0
1071.28 100.0
1072.49 100.0
1073.7 100.0
1074.9 100.0
1076.1 100.0
1077.32 100.0
1078.53 100.0
1079.74 100.0
1080.95 100.0
1082.16 100.0
1083.38 100.0
1084.58 100.0
1085.78 100.0
1086.99 100.0
1088.2 100.0
1089.39 100.0
1090.59 100.0
1091.79 100.0
1093.0 100.0
1094.21 100.0
1095.42 100.0
1096.63 100.0
1097.84 100.0
1099.06 100.0
1100.26 100.0
1101.47 100.0
1102.68 100.0
1103.89 100.0
1105.1 100.0
1106.3 100.0
1107.5 100.0
1108.7 100.0
1109.91 100.0
1111.12 100.0
1112.34 100.0
1113.55 100.0
1114.75 100.0
1115.96 100.0
1117.17 100.0
1118.38 100.0
1119.59 100.0
1120.79 100.0
1122.0 100.0
1123.21 100.0
1124.42 100.0
1125.63 100.0
1126.84 100.0
1128.05 100.0
1129.26 100.0
1130.46 100.0
1131.67 100.0
1132.88 100.0
1134.09 100.0
1135.3 100.0
1136.5 100.0
1137.7 100.0
1138.91 100.0
1140.13 100.0
1141.35 100.0
1142.56 100.0
1143.77 100.0
1144.98 100.0
1146.19 100.0
1147.4 100.0
1148.61 100.0
1149.82 100.0
1151.02 100.0
1152.23 100.0
1153.45 100.0
1154.66 100.0
1155.88 100.0
1157.1 100.0
1158.3 100.0
1159.5 100.0
1160.7 100.0
1161.9 100.0
1163.11 100.0
1164.34 100.0
1165.54 100.0
1166.74 100.0
1167.96 100.0
1169.18 100.0
1170.38 100.0
1171.59 100.0
1172.8 100.0
1174.01 100.0
1175.22 100.0
1176.43 100.0
1177.64 100.0
1178.86 100.0
1180.06 100.0
1181.28 100.0
1182.49 100.0
1183.7 100.0
1184.9 100.0
1186.11 100.0
1187.33 100.0
1188.54 100.0
1189.74 100.0
1190.95 100.0
1192.16 100.0
1193.38 100.0
1194.6 100.0
1195.81 100.0
1197.02 100.0
1198.22 100.0
1199.43 100.0
1200.64 100.0
1201.86 100.0
1203.06 100.0
1204.27 100.0
1205.48 100.0
1206.69 100.0
1207.9 100.0
1209.11 100.0
1210.34 100.0
1211.54 100.0
1212.74 100.0
1213.95 100.0
1215.16 100.0
1216.38 100.0
1217.58 100.0
1218.78 100.0
1219.98 100.0
1221.19 100.0
1222.4 100.0
1223.6 100.0
1224.81 100.0
1226.02 100.0
1227.23 100.0
1228.44 100.0
1229.65 100.0
1230.86 100.0
1232.06 100.0
1233.27 100.0
1234.48 100.0
1235.69 100.0
1236.9 100.0
1238.1 100.0
1239.31 100.0
1240.52 100.0
1241.74 100.0
1242.95 100.0
1244.15 100.0
1245.37 100.0
1246.58 100.0
1247.78 100.0
1248.99 100.0
1250.2 100.0
1251.4 100.0
1252.6 100.0
1253.81 100.0
1255.02 100.0
1256.23 100.0
1257.45 100.0
1258.66 100.0
1259.87 100.0
1261.08 100.0
1262.29 100.0
1263.5 100.0
1264.7 100.0
1265.9 100.0
1267.11 100.0
1268.34 100.0
1269.54 100.0
1270.75 100.0
1271.96 100.0
1273.18 100.0
1274.38 100.0
1275.59 100.0
1276.79 100.0
1278.0 100.0
1279.21 100.0
1280.42 100.0
1281.63 100.0
1282.84 100.0
1284.05 100.0
1285.26 100.0
1286.47 100.0
1287.68 100.0
1288.89 100.0
1290.1 100.0
1291.31 100.0
1292.53 100.0
1293.74 100.0
1294.95 100.0
1296.16 100.0
1297.38 100.0
1298.58 100.0
1299.79 100.0
1301.0 100.0
1302.2 100.0
1303.4 100.0
1304.61 100.0
1305.82 100.0
1307.04 100.0
1308.26 100.0
1309.46 100.0
1310.67 100.0
1311.88 100.0
1313.09 100.0
1314.3 100.0
1315.5 100.0
1316.7 100.0
1317.91 100.0
1319.12 100.0
1320.34 100.0
1321.55 100.0
1322.75 100.0
1323.96 100.0
1325.18 100.0
1326.39 100.0
1327.6 100.0
1328.81 100.0
1330.02 100.0
1331.22 100.0
1332.43 100.0
1333.64 100.0
1334.85 100.0
1336.06 100.0
1337.26 100.0
1338.47 100.0
1339.68 100.0
1340.89 100.0
1342.1 100.0
1343.32 100.0
1344.53 100.0
1345.73 100.0
1346.94 100.0
1348.15 100.0
1349.37 100.0
1350.58 100.0
1351.78 100.0
1352.99 100.0
1354.2 100.0
1355.41 100.0
1356.62 100.0
1357.82 100.0
1359.03 100.0
1360.25 100.0
1361.46 100.0
1362.66 100.0
1363.87 100.0
1365.08 100.0
1366.29 100.0
1367.49 100.0
1368.7 100.0
1369.9 100.0
1371.1 100.0
1372.32 100.0
1373.53 100.0
1374.74 100.0
1375.95 100.0
1377.16 100.0
1378.37 100.0
1379.58 100.0
1380.78 100.0
1382.0 100.0
1383.2 100.0
1384.4 100.0
1385.6 100.0
1386.81 100.0
1388.02 100.0
1389.22 100.0
1390.43 100.0
1391.64 100.0
1392.85 100.0
1394.06 100.0
1395.27 100.0
1396.48 100.0
1397.69 100.0
1398.9 100.0
1400.1 100.0
1401.31 100.0
1402.52 100.0
1403.73 100.0
1404.94 100.0
1406.14 100.0
1407.36 100.0
1408.57 100.0
1409.78 100.0
1410.99 100.0
1412.19 100.0
1413.4 100.0
1414.61 100.0
1415.82 100.0
1417.04 100.0
1418.25 100.0
1419.46 100.0
1420.66 100.0
1421.87 100.0
1423.08 100.0
1424.29 100.0
1425.5 100.0
1426.7 100.0
1427.9 100.0
1429.11 100.0
1430.34 100.0
1431.54 100.0
1432.74 100.0
1433.95 100.0
1435.17 100.0
1436.38 100.0
1437.59 100.0
1438.8 100.0
1440.01 100.0
1441.22 100.0
1442.43 100.0
1443.64 100.0
1444.86 100.0
1446.06 100.0
1447.27 100.0
1448.48 100.0
1449.69 100.0
1450.9 100.0
1452.1 100.0
1453.32 100.0
1454.53 100.0
1455.74 100.0
1456.95 100.0
1458.17 100.0
1459.38 100.0
1460.58 100.0
1461.78 100.0
1462.99 100.0
1464.2 100.0
1465.4 100.0
1466.6 100.0
1467.81 100.0
1469.02 100.0
1470.23 100.0
1471.44 100.0
1472.65 100.0
1473.86 100.0
1475.07 100.0
1476.28 100.0
1477.5 100.0
1478.7 100.0
1479.9 100.0
1481.11 100.0
1482.34 100.0
1483.54 100.0
1484.74 100.0
1485.95 100.0
1487.17 100.0
1488.38 100.0
1489.58 100.0
1490.78 100.0
1491.98 100.0
1493.18 100.0
1494.39 100.0
1495.6 100.0
1496.81 100.0
1498.02 100.0
1499.23 100.0
1500.44 100.0
1501.65 100.0
1502.86 100.0
1504.07 100.0
1505.28 100.0
1506.49 100.0
1507.7 100.0
1508.9 100.0
1510.1 100.0
1511.31 100.0
1512.52 100.0
1513.73 100.0
1514.94 100.0
1516.15 100.0
1517.37 100.0
1518.58 100.0
1519.78 100.0
1520.98 100.0
1522.19 100.0
1523.4 100.0
1524.6 100.0
1525.81 100.0
1527.02 100.0
1528.23 100.0
1529.45 100.0
1530.66 100.0
1531.87 100.0
1533.09 100.0
1534.3 100.0
1535.5 100.0
1536.7 100.0
1537.9 100.0
1539.1 100.0
1540.32 100.0
1541.53 100.0
1542.74 100.0
1543.94 100.0
1545.15 100.0
1546.37 100.0
1547.58 100.0
1548.78 100.0
1549.98 100.0
1551.18 100.0
1552.39 100.0
1553.6 100.0
1554.81 100.0
1556.02 100.0
1557.22 100.0
1558.43 100.0
1559.64 100.0
1560.85 100.0
1562.06 100.0
1563.27 100.0
1564.48 100.0
1565.69 100.0
1566.9 100.0
1568.1 100.0
1569.32 100.0
1570.53 100.0
1571.73 100.0
1572.94 100.0
1574.14 100.0
1575.36 100.0
1576.58 100.0
1577.78 100.0
1578.98 100.0
1580.19 100.0
1581.4 100.0
1582.6 100.0
1583.8 100.0
1585.01 100.0
1586.22 100.0
1587.42 100.0
1588.63 100.0
1589.85 100.0
1591.06 100.0
1592.27 100.0
1593.48 100.0
1594.69 100.0
1595.9 100.0
1597.1 100.0
1598.32 100.0
1599.52 100.0
1600.73 100.0
1601.94 100.0
1603.15 100.0
1604.37 100.0
1605.58 100.0
1606.78 100.0
1607.98 100.0
1609.19 100.0
1610.4 100.0
1611.61 100.0
1612.82 100.0
1614.02 100.0
1615.23 100.0
1616.44 100.0
1617.65 100.0
1618.86 100.0
1620.06 100.0
1621.27 100.0
1622.48 100.0
1623.7 100.0
1624.9 100.0
1626.1 100.0
1627.32 100.0
1628.53 100.0
1629.74 100.0
1630.95 100.0
1632.17 100.0
1633.38 100.0
1634.58 100.0
1635.79 100.0
1637.0 100.0
1638.2 100.0
1639.41 100.0
1640.62 100.0
1641.83 100.0
1643.05 100.0
1644.26 100.0
1645.47 100.0
1646.67 100.0
1647.88 100.0
1649.09 100.0
1650.31 100.0
1651.52 100.0
1652.72 100.0
1653.93 100.0
1655.14 100.0
1656.36 100.0
1657.57 100.0
1658.78 100.0
1659.98 100.0
1661.19 100.0
1662.4 100.0
1663.61 100.0
1664.82 100.0
1666.02 100.0
1667.23 100.0
1668.45 100.0
1669.66 100.0
1670.86 100.0
1672.07 100.0
1673.28 100.0
1674.48 100.0
1675.68 100.0
1676.9 100.0
1678.1 100.0
1679.32 100.0
1680.53 100.0
1681.74 100.0
1682.94 100.0
1684.16 100.0
1685.37 100.0
1686.58 100.0
1687.78 100.0
1688.98 100.0
1690.2 100.0
1691.41 100.0
1692.62 100.0
1693.83 100.0
1695.04 100.0
1696.25 100.0
1697.46 100.0
1698.66 100.0
1699.87 100.0
1701.08 100.0
1702.3 100.0
1703.51 100.0
1704.72 100.0
1705.94 100.0
1707.16 100.0
1708.38 100.0
1709.58 100.0
1710.78 100.0
1711.99 100.0
1713.2 100.0
1714.41 100.0
1715.62 100.0
1716.83 100.0
1718.05 100.0
1719.25 100.0
1720.46 100.0
1721.66 100.0
1722.88 100.0
1724.09 100.0
1725.31 100.0
1726.52 100.0
1727.73 100.0
1728.94 100.0
1730.16 100.0
1731.37 100.0
1732.58 100.0
1733.78 100.0
1734.98 100.0
1736.19 100.0
1737.39 100.0
1738.6 100.0
1739.81 100.0
1741.02 100.0
1742.23 100.0
1743.45 100.0
1744.66 100.0
1745.87 100.0
1747.08 100.0
1748.3 100.0
1749.5 100.0
1750.7 100.0
1751.91 100.0
1753.12 100.0
1754.34 100.0
1755.54 100.0
1756.75 100.0
1757.96 100.0
1759.18 100.0
1760.38 100.0
1761.59 100.0
1762.79 100.0
1764.0 100.0
1765.21 100.0
1766.42 100.0
1767.62 100.0
1768.83 100.0
1770.04 100.0
1771.26 100.0
1772.46 100.0
1773.66 100.0
1774.88 100.0
1776.09 100.0
1777.31 100.0
1778.52 100.0
1779.73 100.0
1780.94 100.0
1782.16 100.0
1783.38 100.0
1784.58 100.0
1785.78 100.0
1786.99 100.0
1788.2 100.0
1789.41 100.0
1790.62 100.0
1791.82 100.0
1793.04 100.0
1794.25 100.0
1795.46 100.0
1796.66 100.0
1797.88 100.0
1799.09 100.0
1800.3 100.0
1801.51 100.0
1802.72 100.0
1803.93 100.0
1805.14 100.0
1806.35 100.0
1807.56 100.0
1808.76 100.0
1809.97 100.0
1811.18 100.0
1812.38 100.0
1813.59 100.0
1814.79 100.0
1816.0 100.0
1817.21 100.0
1818.42 100.0
1819.63 100.0
1820.84 100.0
1822.05 100.0
1823.26 100.0
1824.46 100.0
1825.67 100.0
1826.88 100.0
1828.09 100.0
1829.31 100.0
1830.53 100.0
1831.74 100.0
1832.94 100.0
1834.16 100.0
1835.37 100.0
1836.58 100.0
1837.78 100.0
1838.99 100.0
1840.2 100.0
1841.41 100.0
1842.62 100.0
1843.83 100.0
1845.04 100.0
1846.25 100.0
1847.46 100.0
1848.66 100.0
1849.87 100.0
1851.08 100.0
1852.3 100.0
1853.5 100.0
1854.7 100.0
1855.91 100.0
1857.12 100.0
1858.34 100.0
1859.54 100.0
1860.74 100.0
1861.95 100.0
1863.17 100.0
1864.38 100.0
1865.58 100.0
1866.78 100.0
1867.99 100.0
1869.21 100.0
1870.42 100.0
1871.62 100.0
1872.83 100.0
1874.04 100.0
1875.25 100.0
1876.46 100.0
1877.67 100.0
1878.88 100.0
1880.09 100.0
1881.3 100.0
1882.5 100.0
1883.7 100.0
1884.9 100.0
1886.1 100.0
1887.3 100.0
1888.5 100.0
1889.7 100.0
1890.91 100.0
1892.12 100.0
1893.34 100.0
1894.54 100.0
1895.75 100.0
1896.96 100.0
1898.18 100.0
1899.38 100.0
1900.59 100.0
1901.79 100.0
1903.0 100.0
1904.21 100.0
1905.42 100.0
1906.63 100.0
1907.84 100.0
1909.05 100.0
1910.26 100.0
1911.46 100.0
1912.67 100.0
1913.88 100.0
1915.09 100.0
1916.3 100.0
1917.51 100.0
1918.72 100.0
1919.93 100.0
1921.14 100.0
1922.35 100.0
1923.56 100.0
1924.77 100.0
1925.98 100.0
1927.18 100.0
1928.39 100.0
1929.6 100.0
1930.81 100.0
1932.02 100.0
1933.23 100.0
1934.44 100.0
1935.65 100.0
1936.86 100.0
1938.08 100.0
1939.3 100.0
1940.5 100.0
1941.7 100.0
1942.91 100.0
1944.12 100.0
1945.34 100.0
1946.54 100.0
1947.74 100.0
1948.95 100.0
1950.17 100.0
1951.38 100.0
1952.59 100.0
1953.8 100.0
1955.01 100.0
1956.22 100.0
1957.44 100.0
1958.65 100.0
1959.86 100.0
1961.06 100.0
1962.28 100.0
1963.49 100.0
1964.69 100.0
1965.89 100.0
1967.1 100.0
1968.31 100.0
1969.52 100.0
1970.72 100.0
1971.92 100.0
1973.13 100.0
1974.34 100.0
1975.55 100.0
1976.75 100.0
1977.97 100.0
1979.18 100.0
1980.38 100.0
1981.59 100.0
1982.79 100.0
1984.0 100.0
1985.2 100.0
1986.4 100.0
1987.6 100.0
1988.8 100.0
1990.0 100.0
1991.21 100.0
1992.42 100.0
1993.62 100.0
1994.83 100.0
1996.04 100.0
1997.25 100.0
1998.46 100.0
1999.67 100.0
2000.88 100.0
2002.09 100.0
2003.3 100.0
2004.5 100.0
2005.7 100.0
2006.91 100.0
2008.12 100.0
2009.34 100.0
2010.54 100.0
2011.75 100.0
2012.96 100.0
2014.17 100.0
2015.38 100.0
2016.58 100.0
2017.78 100.0
2018.98 100.0
2020.19 100.0
2021.4 100.0
2022.6 100.0
2023.81 100.0
2025.02 100.0
2026.22 100.0
2027.42 100.0
2028.63 100.0
2029.84 100.0
2031.05 100.0
2032.26 100.0
2033.47 100.0
2034.68 100.0
2035.89 100.0
2037.1 100.0
2038.3 100.0
2039.5 100.0
2040.7 100.0
2041.9 100.0
2043.1 100.0
2044.3 100.0
2045.5 100.0
2046.7 100.0
2047.9 100.0
2049.1 100.0
2050.32 100.0
2051.53 100.0
2052.74 100.0
2053.94 100.0
2055.16 100.0
2056.37 100.0
2057.58 100.0
2058.78 100.0
2059.98 100.0
2061.19 100.0
2062.4 100.0
2063.6 100.0
2064.8 100.0
2066.0 100.0
2067.2 100.0
2068.4 100.0
2069.6 100.0
2070.81 100.0
2072.02 100.0
2073.23 100.0
2074.45 100.0
2075.66 100.0
2076.86 100.0
2078.07 100.0
2079.29 100.0
2080.5 100.0
2081.7 100.0
2082.9 100.0
2084.11 100.0
2085.34 100.0
2086.55 100.0
2087.75 100.0
2088.96 100.0
2090.17 100.0
2091.38 100.0
2092.58 100.0
2093.78 100.0
2094.98 100.0
2096.19 100.0
2097.4 100.0
2098.6 100.0
2099.82 100.0
2101.02 100.0
2102.22 100.0
2103.42 100.0
2104.63 100.0
2105.84 100.0
2107.05 100.0
2108.26 100.0
2109.46 100.0
2110.67 100.0
2111.88 100.0
2113.09 100.0
2114.3 100.0
2115.5 100.0
2116.7 100.0
2117.9 100.0
2119.1 100.0
2120.33 100.0
2121.54 100.0
2122.74 100.0
2123.95 100.0
2125.16 100.0
2126.38 100.0
2127.58 100.0
2128.78 100.0
2129.99 100.0
2131.2 100.0
2132.41 100.0
2133.62 100.0
2134.83 100.0
2136.04 100.0
2137.25 100.0
2138.46 100.0
2139.66 100.0
2140.87 100.0
2142.07 100.0
2143.28 100.0
2144.49 100.0
2145.7 100.0
2146.91 100.0
2148.12 100.0
2149.34 100.0
2150.54 100.0
2151.74 100.0
2152.95 100.0
2154.16 100.0
2155.38 100.0
2156.58 100.0
2157.78 100.0
2158.99 100.0
2160.21 100.0
2161.42 100.0
2162.62 100.0
2163.83 100.0
2165.04 100.0
2166.25 100.0
2167.46 100.0
2168.66 100.0
2169.87 100.0
2171.08 100.0
2172.3 100.0
2173.51 100.0
2174.71 100.0
2175.92 100.0
2177.13 100.0
2178.34 100.0
2179.55 100.0
2180.75 100.0
2181.96 100.0
2183.17 100.0
2184.38 100.0
2185.58 100.0
2186.79 100.0
2187.99 100.0
2189.19 100.0
2190.4 100.0
2191.6 100.0
2192.81 100.0
2194.02 100.0
2195.23 100.0
2196.44 100.0
2197.65 100.0
2198.86 100.0
2200.07 100.0
2201.29 100.0
2202.5 100.0
2203.7 100.0
2204.9 100.0
2206.1 100.0
2207.32 100.0
2208.53 100.0
2209.74 100.0
2210.94 100.0
2212.16 100.0
2213.37 100.0
2214.58 100.0
2215.78 100.0
2216.99 100.0
2218.2 100.0
2219.4 100.0
2220.61 100.0
2221.82 100.0
2223.02 100.0
2224.23 100.0
2225.44 100.0
2226.65 100.0
2227.86 100.0
2229.07 100.0
2230.29 100.0
2231.5 100.0
2232.7 100.0
2233.9 100.0
2235.1 100.0
2236.31 100.0
2237.52 100.0
2238.73 100.0
2239.94 100.0
2241.15 100.0
2242.35 100.0
2243.56 100.0
2244.77 100.0
2245.98 100.0
2247.18 100.0
2248.39 100.0
2249.6 100.0
2250.81 100.0
2252.02 100.0
2253.22 100.0
2254.44 100.0
2255.65 100.0
2256.86 100.0
2258.07 100.0
2259.29 100.0
2260.5 100.0
2261.7 100.0
2262.9 100.0
2264.11 100.0
2265.34 100.0
2266.54 100.0
2267.75 100.0
2268.96 100.0
2270.17 100.0
2271.38 100.0
2272.58 100.0
2273.78 100.0
2274.99 100.0
2276.2 100.0
2277.4 100.0
2278.61 100.0
2279.82 100.0
2281.04 100.0
2282.25 100.0
2283.46 100.0
2284.66 100.0
2285.87 100.0
2287.08 100.0
2288.3 100.0
2289.5 100.0
2290.7 100.0
2291.9 100.0
2293.11 100.0
2294.34 100.0
2295.54 100.0
2296.74 100.0
2297.94 100.0
2299.15 100.0
2300.36 100.0
2301.57 100.0
2302.77 100.0
2303.98 100.0
2305.19 100.0
2306.4 100.0
2307.6 100.0
2308.81 100.0
2310.02 100.0
2311.22 100.0
2312.43 100.0
2313.64 100.0
2314.86 100.0
2316.06 100.0
2317.28 100.0
2318.49 100.0
2319.7 100.0
2320.9 100.0
2322.1 100.0
2323.32 100.0
2324.53 100.0
2325.73 100.0
2326.94 100.0
2328.16 100.0
2329.37 100.0
2330.58 100.0
2331.78 100.0
2332.99 100.0
2334.2 100.0
2335.4 100.0
2336.6 100.0
2337.81 100.0
2339.02 100.0
2340.23 100.0
2341.44 100.0
2342.65 100.0
2343.86 100.0
2345.07 100.0
2346.29 100.0
2347.5 100.0
2348.7 100.0
2349.9 100.0
2351.1 100.0
2352.32 100.0
2353.53 100.0
2354.73 100.0
2355.94 100.0
2357.15 100.0
2358.36 100.0
2359.57 100.0
2360.78 100.0
2361.99 100.0
2363.2 100.0
2364.4 100.0
2365.6 100.0
2366.8 100.0
2368.0 100.0
2369.2 100.0
2370.41 100.0
2371.62 100.0
2372.83 100.0
2374.04 100.0
2375.26 100.0
2376.47 100.0
2377.68 100.0
2378.89 100.0
2380.1 100.0
2381.31 100.0
2382.52 100.0
2383.73 100.0
2384.94 100.0
2386.16 100.0
2387.37 100.0
2388.58 100.0
2389.78 100.0
2390.99 100.0
2392.2 100.0
2393.4 100.0
2394.6 100.0
2395.81 100.0
2397.02 100.0
2398.23 100.0
2399.44 100.0
2400.65 100.0
2401.86 100.0
2403.06 100.0
2404.28 100.0
2405.49 100.0
2406.7 100.0
2407.9 100.0
2409.1 100.0
2410.32 100.0
2411.53 100.0
2412.73 100.0
2413.94 100.0
2415.15 100.0
2416.36 100.0
2417.57 100.0
2418.78 100.0
2419.98 100.0
2421.2 100.0
2422.4 100.0
2423.6 100.0
2424.81 100.0
2426.02 100.0
2427.23 100.0
2428.44 100.0
2429.64 100.0
2430.85 100.0
2432.06 100.0
2433.28 100.0
2434.49 100.0
2435.7 100.0
2436.91 100.0
2438.14 100.0
2439.34 100.0
2440.54 100.0
2441.74 100.0
2442.95 100.0
2444.16 100.0
2445.37 100.0
2446.58 100.0
2447.78 100.0
2448.99 100.0
2450.2 100.0
2451.41 100.0
2452.62 100.0
2453.82 100.0
2455.03 100.0
2456.24 100.0
2457.45 100.0
2458.66 100.0
2459.87 100.0
2461.08 100.0
2462.3 100.0
2463.5 100.0
2464.7 100.0
2465.9 100.0
2467.11 100.0
2468.34 100.0
2469.54 100.0
2470.74 100.0
2471.95 100.0
2473.16 100.0
2474.36 100.0
2475.57 100.0
2476.77 100.0
2477.98 100.0
2479.19 100.0
2480.4 100.0
2481.61 100.0
2482.82 100.0
2484.03 100.0
2485.24 100.0
2486.45 100.0
2487.66 100.0
2488.86 100.0
2490.07 100.0
2491.29 100.0
2492.5 100.0
2493.7 100.0
