0.0 0.683286637315
1.12 0.340213848705
2.24 0.597518440162
3.36 0.297329750129
4.49 0.288752930413
5.6 0.142946995254
6.72 0.357367488135
7.85 0.463148264623
8.98 33.2494710961
10.18 57.650523186
11.4 43.97621362
12.6 53.1476928355
13.8 69.0291040082
15.0 56.6699067986
16.2 41.1973240322
17.42 63.1968666019
18.61 64.9036537252
19.81 48.6019783864
21.02 64.8979358454
22.23 77.0455715021
23.44 58.5339356167
24.64 60.1435187832
25.86 74.3838984505
27.07 62.2048144548
28.28 46.2547887243
29.48 66.5818514495
30.68 70.3127680256
31.88 52.7360054892
33.08 39.2332323175
34.29 29.6214763566
35.5 57.2645662988
36.7 73.9436217051
37.9 83.4295843101
39.11 69.8724912802
40.32 51.6610440849
41.53 67.8540797072
42.73 79.670078335
43.94 60.9897649951
45.15 62.9424209503
46.37 76.6396020356
47.57 64.4776716793
48.76 48.3904168334
49.98 68.222882955
51.18 70.9903367831
52.4 54.2197952999
53.6 68.8489907942
54.8 80.3076219338
56.0 62.3105952313
57.22 45.7344616616
58.42 34.4445079764
59.62 56.6727657385
60.83 73.7920978901
62.05 83.3523929327
63.26 82.2717136486
64.46 61.2899536852
65.66 45.0826233633
66.87 33.8326948368
68.08 59.7975870547
69.29 72.0681571273
70.48 54.9002229973
71.69 67.7597346904
72.89 79.7644233518
74.1 86.7688261193
75.3 90.9829035394
76.5 68.3629710103
77.7 50.0457430385
78.89 37.3148836411
80.1 58.253759506
81.3 74.5811653039
82.51 59.5888844416
83.71 49.3767511007
84.92 69.8581965807
86.13 81.957230259
87.34 88.5785350792
88.55 68.1599862771
89.75 50.3745211276
90.96 37.6236491509
92.18 57.9764423352
93.38 74.4439361885
94.58 84.1071530676
95.78 89.6534964835
96.98 65.9814740694
98.18 73.8721482074
99.39 83.2494710961
100.59 65.6384012808
101.78 49.3996226199
102.99 70.1555263308
104.19 65.6669906799
105.4 50.9863342673
106.6 66.2330607811
107.81 79.4299273829
109.02 62.8709474527
110.23 47.3011607296
111.44 35.6566984962
112.65 56.4211790268
113.86 73.3804105438
115.06 59.5602950426
116.27 44.788152553
117.48 67.4223797816
118.69 80.4534278689
119.9 87.5407398936
121.1 68.0685002001
122.29 50.6146720796
123.5 71.0503745211
124.7 66.112985305
125.9 51.0663845846
127.1 39.1131568414
128.3 30.4191205901
129.5 59.5202698839
130.7 76.0735319344
131.9 85.2078449311
133.09 68.7632225971
134.3 51.3894447939
135.5 38.4155755046
136.69 52.7989021671
137.9 71.8565955744
139.1 82.8120532906
140.3 88.7214820744
141.51 70.3756647035
142.71 52.1956658471
143.92 38.9616330265
145.12 55.7893533078
146.34 73.4919092001
147.54 61.0469437932
148.74 46.5321058951
149.95 68.434444508
151.16 81.1024072274
152.38 88.1525530333
153.58 70.3756647035
154.78 52.6273657728
155.98 39.4619475099
157.18 54.036823146
158.39 72.6170735891
159.59 61.6101549545
160.79 47.3840699868
162.0 68.434444508
163.2 81.1024072274
164.42 88.2926410887
165.62 71.7336611584
166.83 53.733775516
168.04 72.0367087884
169.24 72.468408714
170.45 55.3891017211
171.66 65.1438046772
172.87 78.7437818057
174.08 64.9579735834
175.28 49.0594087712
176.49 37.2491280233
177.69 52.7874664075
178.9 71.7079306993
180.09 60.723883584
181.3 46.657899251
182.5 67.7826062096
183.7 80.4905940877
184.9 87.7036994682
186.11 71.4391903482
187.32 53.2992166505
188.52 39.7993024187
189.72 49.2023557665
190.94 69.7724283836
192.14 61.1870318486
193.35 47.6013494196
194.56 68.2571902339
195.76 80.8708330951
196.97 87.7494425067
198.17 72.4626908342
199.39 54.3827548745
200.6 72.2196809423
201.81 75.5617816913
203.02 57.7906112414
204.23 64.489107439
205.44 78.1291097261
206.64 65.2209960547
207.85 49.1909200069
209.05 37.1747955858
210.25 49.1766253073
211.46 69.758133684
212.65 61.0355080336
213.85 47.2411229916
215.06 68.0770770198
216.27 80.7793470181
217.48 87.8466464635
218.68 72.2253988221
219.89 54.2655383384
221.1 40.9971982389
222.3 46.0861112699
223.5 68.0685002001
224.69 61.4786437189
225.9 47.89296129
227.1 68.1142432386
228.3 78.5122076734
229.5 59.125736177
230.7 70.5872262565
231.9 81.6055806507
233.1 64.6749385328
234.3 48.344673795
235.5 69.6294813883
236.7 81.9858196581
237.9 89.0216707645
239.11 74.3838984505
240.32 55.632111613
241.52 72.6999828464
242.72 83.6640173824
243.92 62.5564640631
245.13 46.0003430728
246.36 34.4359311567
247.57 60.2435816799
248.77 76.2908113671
249.98 85.4594316427
251.18 73.0344788153
252.4 54.9545428555
253.6 72.0767339471
254.81 83.2094459374
256.01 62.1876608154
257.23 71.8308651152
258.44 82.5147235405
259.64 64.9865629824
260.85 48.3589684945
262.06 69.7781462634
263.26 64.7635656698
264.47 50.391674767
265.68 69.5065469724
266.9 81.4969409343
268.09 61.0440848533
269.3 54.3941906341
270.5 72.7943278632
271.69 65.5583509635
272.9 50.6461204185
274.1 38.3298073075
275.29 29.5986048373
276.5 59.2543884728
277.69 59.2143633141
278.9 47.1896620733
280.1 67.1908056493
281.3 80.1961232775
282.5 60.3951054949
283.7 69.2206529819
284.9 80.6364000229
286.1 87.7751729659
287.31 91.7748298931
288.52 68.042769741
289.72 49.456801418
290.92 37.0204128309
292.12 60.8210875407
293.33 76.4394762422
294.54 59.3744639488
295.74 67.1364857911
296.95 79.7386928927
298.16 65.1695351364
299.37 48.8792955572
300.58 69.609468809
301.78 81.6913488478
302.99 88.5871118989
304.21 76.3136828864
305.41 57.4532563326
306.62 43.161415747
307.83 33.1579850192
309.04 61.4643490194
310.24 61.8931900051
311.44 49.0994339299
312.65 68.1456915776
313.86 80.8165132369
315.06 88.1496940934
316.27 77.8089084567
317.48 58.2022985877
318.68 43.8218308651
319.89 33.2037280576
321.11 61.055520613
322.32 62.8337812339
323.52 49.2824060838
324.73 67.9541426039
325.94 80.8622562754
327.14 61.7273714907
328.36 68.7432100177
329.57 80.542055006
330.77 66.144433644
331.98 49.9371033221
333.19 70.2813196867
334.41 82.168791812
335.62 88.9702098462
336.83 76.6481788553
338.04 57.4761278518
339.24 42.4609754703
340.45 32.9492824061
341.66 61.3585682429
342.87 61.4128881011
344.08 48.8592829779
345.29 68.1685630968
346.5 80.9708959918
347.7 61.3528503631
348.9 69.7009548859
350.1 81.0194979702
351.3 87.8237749443
352.5 92.0835954028
353.69 68.6259934816
354.9 72.4798444737
356.11 82.6948367545
357.32 67.5052890388
358.53 50.4774429641
359.73 37.9581451198
360.94 53.1419749557
362.14 72.0281319687
363.36 83.1837154783
364.57 89.0502601635
365.76 67.107896392
366.96 49.5625821945
368.18 70.2384355881
369.39 67.4223797816
370.59 52.5787637944
371.79 40.1538109669
373.0 31.3682886386
374.21 59.8547658528
375.42 62.0875979187
376.62 48.7677969009
377.83 67.410944022
379.03 80.4477099891
380.24 87.5378809537
381.44 78.7895248442
382.64 58.8341243067
383.84 44.1391731946
385.04 33.7898107382
386.25 60.9211504374
387.45 65.7670535765
388.65 51.7496712219
389.86 68.042769741
391.06 80.4791583281
392.27 87.5521756533
393.48 82.6576705358
394.68 62.0532906398
395.9 73.766367431
397.1 83.7697981588
398.29 65.0408828406
399.5 48.2417519584
400.7 69.1491794842
401.89 70.1669620905
403.09 54.6657899251
404.3 41.054377037
405.5 31.5312482132
406.7 59.3630281891
407.9 67.7054148322
409.09 53.0047458402
410.3 68.2428955343
411.5 80.2904682944
412.7 87.6036365716
413.91 86.3971639316
415.12 63.9258962777
416.35 74.2723997942
417.55 83.8784378752
418.75 65.5240436846
419.95 48.4847618503
421.15 36.2484990565
422.36 57.290296758
423.57 74.3867573904
424.77 84.3644576591
425.98 90.210989765
427.18 66.1187031849
428.4 74.5125507462
429.61 84.1414603465
430.82 66.2273429013
432.03 49.4081994396
433.24 69.5865972897
434.45 73.2460403682
435.66 56.4897935845
436.86 70.4128309223
438.06 81.8057064441
439.27 63.9173194579
440.48 59.6889473383
441.68 75.7276002058
442.88 66.3102521585
444.08 50.5918005604
445.29 69.609468809
446.5 78.2577620218
447.69 58.9970838813
448.9 70.9531705644
450.1 81.9314997999
451.3 64.8378981074
452.49 48.1416890617
453.7 69.669506547
454.89 65.2810337927
456.1 50.7919263537
457.31 38.975927726
458.52 30.0646120419
459.72 59.3430156098
460.92 59.5460003431
462.12 47.4984275831
463.34 67.2022414089
464.54 80.2018411573
465.74 60.8268054206
466.95 45.1340842815
468.15 33.8584252959
469.37 58.8112527875
470.58 75.4331293956
471.78 84.7446966665
472.98 90.1166447481
474.21 93.3729773
475.42 94.999714106
476.63 96.1004059695
477.84 96.6521813711
479.05 97.0695865973
480.26 97.4212362056
481.46 97.8815255303
482.67 97.9701526674
483.88 98.0158957059
485.09 98.1788552805
486.3 98.1188175425
487.5 98.0902281434
488.7 98.3589684945
489.9 98.3532506147
491.11 98.3475327349
492.32 98.6334267254
493.53 98.6305677855
494.72 98.6305677855
495.92 98.6305677855
497.12 98.7735147807
498.34 99.1308822689
499.54 98.8821544971
500.75 99.1852021271
501.96 99.0508319515
503.17 98.9822173938
504.38 98.9507690548
505.59 98.9336154154
506.79 98.7820916004
508.0 98.704900223
509.22 98.8106809995
510.43 99.1508948482
511.64 99.1766253073
512.85 99.0451140717
514.06 98.9822173938
515.27 99.0908571102
516.48 99.005088913
517.69 99.2452398651
518.9 99.2252272857
520.1 99.2137915261
521.3 99.3510206415
522.5 99.276688204
523.7 99.09657499
524.92 99.1480359083
526.13 99.0336783121
527.35 99.1165875693
528.55 99.3024186632
529.75 99.39676368
530.96 99.4425067185
532.17 99.4653782377
533.38 99.1909200069
534.59 99.4825318772
535.79 99.3424438218
537.0 99.5568643147
538.22 99.5225570359
539.43 99.5054033964
540.64 99.2109325862
541.85 99.065126651
543.06 98.9907942135
544.27 99.09657499
545.48 99.4339298988
546.69 99.4625192978
547.9 99.4739550575
549.1 99.4825318772
550.3 99.1994968266
551.51 99.3424438218
552.71 99.2738292641
553.93 99.2366630453
555.14 99.3624564012
556.36 99.2824060838
557.57 99.0994339299
558.77 99.0079478529
559.98 98.9622048145
561.18 99.0822802905
562.4 98.9993710332
563.6 99.1022928698
564.82 99.1508948482
566.02 99.4625192978
567.23 99.6197609926
568.44 99.2681113843
569.65 99.5196980959
570.86 99.3624564012
572.07 99.5683000743
573.28 99.5282749157
574.49 99.6512093316
575.7 99.2824060838
576.9 99.5282749157
578.11 99.6512093316
579.33 99.5711590142
580.54 99.2423809252
581.75 99.5082623363
582.95 99.6426325119
584.16 99.5654411344
585.38 99.668362971
586.58 99.7226828292
587.78 99.6054662931
588.99 99.6883755503
590.2 99.4453656584
591.4 99.4682371777
592.6 99.6197609926
593.81 99.4110583796
595.02 99.5940305335
596.23 99.39676368
597.44 99.2995597233
598.66 99.1080107496
599.87 99.156612728
601.08 99.4653782377
602.29 99.4768139974
603.5 99.4825318772
604.7 99.6283378123
605.9 99.2709703242
607.11 99.0937160501
608.34 99.005088913
609.54 99.3910458002
610.75 99.2967007833
611.97 99.3910458002
613.18 99.4396477786
614.39 99.608325233
615.6 99.4053404997
616.81 99.5883126537
618.02 99.6826576705
619.22 99.4425067185
620.43 99.3224312425
621.64 99.4053404997
622.85 99.3024186632
624.06 99.5397106753
625.27 99.3710332209
626.48 99.5711590142
627.69 99.6740808508
628.9 99.4367888387
630.1 99.4625192978
631.3 99.4768139974
632.5 99.4825318772
633.7 99.6283378123
634.9 99.5568643147
636.11 99.3796100406
637.34 99.4339298988
638.55 99.3195723026
639.76 99.4024815598
640.97 99.4453656584
642.18 99.3252901824
643.4 99.2623935045
644.61 99.0908571102
645.82 99.0022299731
647.03 99.3881868603
648.24 99.5825947739
649.45 99.3910458002
650.66 99.4396477786
651.87 99.4653782377
653.08 99.4768139974
654.29 99.4825318772
655.5 99.3424438218
656.7 99.4139173195
657.9 99.308136543
659.11 99.2566756247
660.34 99.5139802161
661.54 99.3595974613
662.74 99.4224941392
663.95 99.456801418
665.17 99.4710961176
666.38 99.336725942
667.59 99.4139173195
668.8 99.4510835382
670.01 99.6111841729
671.22 99.5511464349
672.43 99.5196980959
673.65 99.5025444565
674.86 99.4968265767
676.06 99.4911086969
677.27 99.3481617016
678.49 99.4167762594
679.7 99.5968894734
680.9 99.3996226199
682.11 99.5854537138
683.34 99.3939047401
684.54 99.4425067185
685.74 99.3224312425
686.95 99.548287495
688.16 99.6597861513
689.38 99.5740179541
690.58 99.5311338556
691.78 99.368174281
692.99 99.5711590142
694.21 99.3853279204
695.42 99.579735834
696.62 99.5339927955
697.84 99.368174281
699.05 99.2852650237
700.26 99.2452398651
701.47 99.3653153411
702.68 99.428212019
703.89 99.456801418
705.1 99.3310080622
706.3 99.4081994396
707.5 99.3052776031
708.7 99.39676368
709.9 99.2995597233
711.12 99.3939047401
712.34 99.4425067185
713.54 99.4653782377
714.74 99.3338670021
715.95 99.5540053748
717.16 99.5196980959
718.38 99.5054033964
719.58 99.4968265767
720.78 99.3481617016
721.99 99.4196351993
723.21 99.4539424781
724.42 99.4710961176
725.63 99.6226199325
726.84 99.5540053748
728.05 99.6655040311
729.26 99.4339298988
730.46 99.6026073532
731.66 99.8313225456
732.87 99.6597861513
734.08 99.8599119447
735.28 99.6740808508
736.49 99.5825947739
737.7 99.5339927955
738.91 99.5111212762
740.12 99.3567385214
741.34 99.4224941392
742.54 99.3138544228
743.75 99.2566756247
744.96 99.0879981703
746.17 99.5740179541
747.38 99.3881868603
748.59 99.4367888387
749.79 99.4625192978
751.0 99.4768139974
752.21 99.3395848819
753.42 99.2709703242
754.63 99.2366630453
755.85 99.3624564012
757.06 99.4253530791
758.26 99.1709074275
759.47 99.1852021271
760.68 99.336725942
761.89 99.4139173195
763.1 99.4510835382
764.3 99.4682371777
765.5 99.336725942
766.7 99.4110583796
767.9 99.5940305335
769.11 99.5397106753
770.33 99.6569272114
771.54 99.4310709589
772.74 99.3167133627
773.95 99.4024815598
775.15 99.3024186632
776.37 99.3939047401
777.58 99.2995597233
778.78 99.6797987306
779.99 99.7255417691
781.21 99.4653782377
782.42 99.7627079879
783.63 99.4825318772
784.84 99.7712848076
786.06 99.4853908171
787.26 99.488249757
788.46 99.6311967522
789.66 99.5597232546
790.87 99.3796100406
792.08 99.576876894
793.29 99.6769397907
794.5 99.5825947739
795.7 99.6769397907
796.9 99.2967007833
798.11 99.3939047401
799.34 99.4396477786
800.54 99.3224312425
801.75 99.4053404997
802.96 99.4453656584
804.17 99.3252901824
805.39 99.4053404997
806.6 99.3052776031
807.81 99.39676368
809.02 99.2995597233
810.23 99.2509577449
811.45 99.2252272857
812.66 99.2137915261
813.86 99.3510206415
815.07 99.276688204
816.28 99.5254159758
817.49 99.5082623363
818.7 99.4968265767
819.9 99.4939676368
821.1 99.4911086969
822.3 99.488249757
823.49 99.3453027617
824.69 99.4167762594
825.9 99.3109954829
827.1 99.5425696152
828.31 99.3710332209
829.52 99.5740179541
830.72 99.6740808508
831.93 99.4367888387
833.14 99.6054662931
834.36 99.8341814855
835.57 99.516839156
836.77 99.3595974613
837.98 99.1394590886
839.19 99.1709074275
840.4 99.3281491223
841.6 99.4081994396
842.81 99.3052776031
844.02 99.2538166848
845.23 99.5139802161
846.44 99.5025444565
847.65 99.3510206415
848.86 99.4196351993
850.06 99.3109954829
851.27 99.5425696152
852.48 99.3738921608
853.69 99.4310709589
854.89 99.4596603579
856.09 99.3310080622
857.3 99.5511464349
858.5 99.5196980959
859.7 99.6483503917
860.91 99.5683000743
862.12 99.3853279204
863.34 99.2938418434
864.54 99.3910458002
865.75 99.7255417691
866.96 99.6054662931
868.17 99.548287495
869.39 99.516839156
870.59 99.788438447
871.79 99.9256675625
873.0 99.7055291898
874.21 99.5968894734
875.42 99.6855166104
876.63 99.5883126537
877.85 99.3939047401
879.06 99.2995597233
880.27 99.3939047401
881.48 99.4396477786
882.69 99.608325233
883.9 99.548287495
885.1 99.516839156
886.3 99.5025444565
887.5 99.3538795815
888.7 99.7055291898
889.9 99.4539424781
891.1 99.3281491223
892.32 99.2652524444
893.54 99.3767511007
894.74 99.4339298988
895.96 99.6026073532
897.16 99.6883755503
898.38 99.5883126537
899.58 99.5397106753
900.79 99.6569272114
902.0 99.7141060095
903.2 99.7455543484
904.41 99.759849048
905.62 99.6226199325
906.83 99.4139173195
908.05 99.5940305335
909.26 99.6826576705
910.46 99.5854537138
911.67 99.3939047401
912.88 99.4425067185
914.09 99.4653782377
915.3 99.3338670021
916.5 99.4110583796
917.7 99.4482245983
918.9 99.3252901824
920.11 99.2652524444
921.34 99.2338041054
922.55 99.3595974613
923.75 99.2824060838
924.96 99.3853279204
926.17 99.579735834
927.39 99.5339927955
928.6 99.368174281
929.81 99.7141060095
931.02 99.456801418
932.22 99.4739550575
933.43 99.4796729373
934.64 99.6283378123
935.85 99.5568643147
937.06 99.8084510264
938.27 99.7912973869
939.48 99.7827205672
940.69 99.9228086226
941.9 99.7055291898
943.11 99.4539424781
944.33 99.6140431128
945.54 99.4081994396
946.74 99.5911715936
947.95 99.6826576705
949.16 99.728400709
950.38 99.4653782377
951.58 99.3338670021
952.79 99.5540053748
954.0 99.3767511007
955.21 99.2909829035
956.42 99.5311338556
957.63 99.6540682715
958.84 99.428212019
960.05 99.5997484133
961.26 99.6883755503
962.46 99.7312596489
963.67 99.7512722283
964.88 99.4768139974
966.09 99.3395848819
967.3 99.2709703242
968.5 99.3796100406
969.7 99.576876894
970.91 99.5339927955
972.13 99.5111212762
973.34 99.3567385214
974.55 99.2795471439
975.76 99.5254159758
976.97 99.6512093316
978.18 99.7112470696
979.39 99.7426954085
980.6 99.759849048
981.81 99.7655669278
983.02 99.7712848076
984.22 99.4853908171
985.43 99.3453027617
986.64 99.5597232546
987.85 99.5225570359
989.06 99.6483503917
990.27 99.7112470696
991.48 99.456801418
992.69 99.6169020527
993.9 99.4081994396
995.11 99.3052776031
996.34 99.2538166848
997.54 99.5139802161
998.74 99.3595974613
999.96 99.2795471439
1001.17 99.3853279204
1002.38 99.579735834
1003.59 99.5339927955
1004.8 99.6540682715
1006.0 99.7141060095
1007.21 99.456801418
1008.42 99.6169020527
1009.62 99.4081994396
1010.83 99.3052776031
1012.04 99.5397106753
1013.25 99.3710332209
1014.46 99.5740179541
1015.66 99.6740808508
1016.87 99.4367888387
1018.08 99.6054662931
1019.29 99.548287495
1020.5 99.6597861513
1021.7 99.7169649494
1022.9 99.4596603579
1024.1 99.3310080622
1025.3 99.2681113843
1026.52 99.3767511007
1027.73 99.576876894
1028.94 99.6740808508
1030.15 99.5825947739
1031.38 99.3910458002
1032.58 99.5825947739
1033.78 99.3939047401
1034.99 99.2967007833
1036.2 99.5368517354
1037.41 99.6540682715
1038.62 99.7141060095
1039.83 99.4596603579
1041.04 99.3310080622
1042.25 99.2652524444
1043.46 99.2338041054
1044.67 99.5054033964
1045.88 99.639773572
1047.09 99.7055291898
1048.3 99.7398364686
1049.5 99.7569901081
1050.7 99.4796729373
1051.9 99.3424438218
1053.11 99.5568643147
1054.34 99.6655040311
1055.54 99.576876894
1056.75 99.3910458002
1057.96 99.5825947739
1059.17 99.819886786
1060.39 99.939962262
1061.6 99.8570530047
1062.81 99.8170278461
1064.02 99.7941563268
1065.23 99.6426325119
1066.44 99.7083881297
1067.66 99.4539424781
1068.86 99.4710961176
1070.07 99.336725942
1071.28 99.2709703242
1072.49 99.5225570359
1073.7 99.5054033964
1074.9 99.3538795815
1076.1 99.276688204
1077.32 99.668362971
1078.53 99.4367888387
1079.74 99.3195723026
1080.95 99.5454285551
1082.16 99.8027331465
1083.38 99.788438447
1084.58 99.7827205672
1085.78 99.7770026874
1086.99 99.4911086969
1088.2 99.488249757
1089.39 99.6311967522
1090.59 99.7026702499
1091.79 99.5968894734
1093.0 99.5425696152
1094.21 99.5139802161
1095.42 99.3595974613
1096.63 99.2795471439
1097.84 99.5282749157
1099.06 99.3653153411
1100.26 99.4253530791
1101.47 99.3138544228
1102.68 99.5454285551
1103.89 99.3738921608
1105.1 99.2881239636
1106.3 99.5311338556
1107.5 99.3653153411
1108.7 99.2852650237
1109.91 99.5282749157
1111.12 99.3653153411
1112.34 99.5711590142
1113.55 99.3853279204
1114.75 99.579735834
1115.96 99.3910458002
1117.17 99.4396477786
1118.38 99.4653782377
1119.59 99.4768139974
1120.79 99.6254788724
1122.0 99.5568643147
1123.21 99.6655040311
1124.42 99.4339298988
1125.63 99.3167133627
1126.84 99.5454285551
1128.05 99.516839156
1129.26 99.5025444565
1130.46 99.639773572
1131.67 99.7055291898
1132.88 99.7398364686
1134.09 99.6140431128
1135.3 99.6940934302
1136.5 99.7341185888
1137.7 99.6111841729
1138.91 99.4081994396
1140.13 99.3052776031
1141.35 99.39676368
1142.56 99.2995597233
1143.77 99.3939047401
1144.98 99.4396477786
1146.19 99.608325233
1147.4 99.548287495
1148.61 99.3738921608
1149.82 99.5740179541
1151.02 99.3881868603
1152.23 99.2967007833
1153.45 99.3910458002
1154.66 99.2967007833
1155.88 99.2509577449
1157.1 99.5111212762
1158.3 99.4996855166
1159.5 99.3510206415
1160.7 99.276688204
1161.9 99.2395219852
1163.11 99.3653153411
1164.34 99.4253530791
1165.54 99.1709074275
1166.74 99.188061067
1167.96 99.4796729373
1169.18 99.4853908171
1170.38 99.3424438218
1171.59 99.2738292641
1172.8 99.3796100406
1174.01 99.576876894
1175.22 99.3910458002
1176.43 99.2967007833
1177.64 99.248098805
1178.86 99.0822802905
1180.06 99.428212019
1181.28 99.4596603579
1182.49 99.188061067
1183.7 99.1937789468
1184.9 99.0565498313
1186.11 99.4139173195
1187.33 99.5940305335
1188.54 99.6855166104
1189.74 99.5854537138
1190.95 99.3939047401
1192.16 99.2995597233
1193.38 99.1080107496
1194.6 99.0108067928
1195.81 98.9650637544
1197.02 99.2252272857
1198.22 99.3567385214
1199.43 99.2795471439
1200.64 99.5282749157
1201.86 99.2223683458
1203.06 99.2109325862
1204.27 99.3510206415
1205.48 99.276688204
1206.69 99.3824689805
1207.9 99.2909829035
1209.11 99.1051518097
1210.34 99.0108067928
1211.54 99.1051518097
1212.74 99.1537537881
1213.95 99.3224312425
1215.16 99.548287495
1216.38 99.6597861513
1217.58 99.7169649494
1218.78 99.4596603579
1219.98 99.4739550575
1221.19 99.6254788724
1222.4 99.4139173195
1223.6 99.1651895477
1224.81 99.4682371777
1226.02 99.336725942
1227.23 99.4110583796
1228.44 99.308136543
1229.65 99.39676368
1230.86 99.5854537138
1232.06 99.6797987306
1233.27 99.728400709
1234.48 99.4653782377
1235.69 99.6197609926
1236.9 99.4110583796
1238.1 99.4482245983
1239.31 99.6111841729
1240.52 99.8370404254
1241.74 99.6626450912
1242.95 99.4310709589
1244.15 99.1737663674
1245.37 99.4739550575
1246.58 99.6254788724
1247.78 99.69981131
1248.99 99.7369775287
1250.2 99.4682371777
1251.4 99.6226199325
1252.6 99.6969523701
1253.81 99.7369775287
1255.02 99.6111841729
1256.23 99.4081994396
1257.45 99.3052776031
1258.66 99.2538166848
1259.87 99.5139802161
1261.08 99.6426325119
1262.29 99.5654411344
1263.5 99.3853279204
1264.7 99.4367888387
1265.9 99.6054662931
1267.11 99.6883755503
1268.34 99.5883126537
1269.54 99.39676368
1270.75 99.5854537138
1271.96 99.3939047401
1273.18 99.5825947739
1274.38 99.6797987306
1275.59 99.4396477786
1276.79 99.3224312425
1278.0 99.2623935045
1279.21 99.2309451655
1280.42 99.216650466
1281.63 99.4968265767
1282.84 99.4911086969
1284.05 99.3481617016
1285.26 99.4167762594
1286.47 99.3109954829
1287.68 99.3996226199
1288.89 99.5854537138
1290.1 99.3939047401
1291.31 99.5854537138
1292.53 99.3939047401
1293.74 99.2967007833
1294.95 99.5368517354
1296.16 99.368174281
1297.38 99.2852650237
1298.58 99.5311338556
1299.79 99.3653153411
1301.0 99.5711590142
1302.2 99.6712219109
1303.4 99.579735834
1304.61 99.6769397907
1305.82 99.5825947739
1307.04 99.6797987306
1308.26 99.8684887644
1309.46 99.5368517354
1310.67 99.6540682715
1311.88 99.7141060095
1313.09 99.4596603579
1314.3 99.4739550575
1315.5 99.336725942
1316.7 99.5568643147
1317.91 99.6655040311
1319.12 99.7198238893
1320.34 99.6026073532
1321.55 99.4024815598
1322.75 99.3024186632
1323.96 99.5397106753
1325.18 99.3710332209
1326.39 99.5711590142
1327.6 99.5311338556
1328.81 99.6512093316
1330.02 99.7141060095
1331.22 99.456801418
1332.43 99.4739550575
1333.64 99.7655669278
1334.85 99.6283378123
1336.06 99.69981131
1337.26 99.5940305335
1338.47 99.3996226199
1339.68 99.2995597233
1340.89 99.3939047401
1342.1 99.5854537138
1343.32 99.5368517354
1344.53 99.368174281
1345.73 99.5711590142
1346.94 99.6740808508
1348.15 99.7226828292
1349.37 99.4625192978
1350.58 99.6197609926
1351.78 99.5540053748
1352.99 99.6626450912
1354.2 99.4339298988
1355.41 99.6026073532
1356.62 99.4024815598
1357.82 99.5883126537
1359.03 99.5397106753
1360.25 99.5139802161
1361.46 99.4996855166
1362.66 99.4939676368
1363.87 99.4911086969
1365.08 99.4911086969
1366.29 99.6311967522
1367.49 99.4167762594
1368.7 99.4539424781
1369.9 99.6140431128
1371.1 99.6940934302
1372.32 99.5911715936
1373.53 99.39676368
1374.74 99.2995597233
1375.95 99.2509577449
1377.16 99.5111212762
1378.37 99.3567385214
1379.58 99.4224941392
1380.78 99.5997484133
1382.0 99.6855166104
1383.2 99.7312596489
1384.4 99.7512722283
1385.6 99.7627079879
1386.81 99.7684258677
1388.02 99.4853908171
1389.22 99.6311967522
1390.43 99.5597232546
1391.64 99.3796100406
1392.85 99.7198238893
1394.06 99.7484132884
1395.27 99.6169020527
1396.48 99.5540053748
1397.69 99.6626450912
1398.9 99.7198238893
1400.1 99.7455543484
1401.31 99.759849048
1402.52 99.4825318772
1403.73 99.6283378123
1404.94 99.69981131
1406.14 99.4510835382
1407.36 99.6140431128
1408.57 99.5511464349
1409.78 99.3767511007
1410.99 99.5740179541
1412.19 99.6740808508
1413.4 99.7255417691
1414.61 99.6054662931
1415.82 99.4053404997
1417.04 99.5883126537
1418.25 99.5397106753
1419.46 99.5139802161
1420.66 99.6426325119
1421.87 99.7083881297
1423.08 99.7426954085
1424.29 99.4710961176
1425.5 99.336725942
1426.7 99.2709703242
1427.9 99.3796100406
1429.11 99.4339298988
1430.34 99.3167133627
1431.54 99.2595345646
1432.74 99.516839156
1433.95 99.6454914518
1435.17 99.5683000743
1436.38 99.6712219109
1437.59 99.2938418434
1438.8 99.248098805
1440.01 99.2252272857
1441.22 99.0708445308
1442.43 99.2795471439
1443.64 99.2395219852
1444.86 99.2223683458
1446.06 99.2109325862
1447.27 99.2080736463
1448.48 99.4911086969
1449.69 99.3453027617
1450.9 99.5597232546
1452.1 99.668362971
1453.32 99.2909829035
1454.53 99.5339927955
1455.74 99.6540682715
1456.95 99.5711590142
1458.17 99.6712219109
1459.38 99.7226828292
1460.58 99.7484132884
1461.78 99.4768139974
1462.99 99.6254788724
1464.2 99.4139173195
1465.4 99.5940305335
1466.6 99.39676368
1467.81 99.5854537138
1469.02 99.6797987306
1470.23 99.728400709
1471.44 99.7512722283
1472.65 99.6197609926
1473.86 99.8398993653
1475.07 99.9485390817
1476.28 99.8627708846
1477.5 99.6740808508
1478.7 99.4396477786
1479.9 99.3195723026
1481.11 99.2623935045
1482.34 99.516839156
1483.54 99.3595974613
1484.74 99.2824060838
1485.95 99.2423809252
1487.17 99.2223683458
1488.38 99.2109325862
1489.58 99.2080736463
1490.78 99.2052147064
1491.98 99.2023557665
1493.18 99.3453027617
1494.39 99.5597232546
1495.6 99.668362971
1496.81 99.7198238893
1498.02 99.4625192978
1499.23 99.4739550575
1500.44 99.4825318772
1501.65 99.6283378123
1502.86 99.69981131
1504.07 99.4510835382
1505.28 99.3281491223
1506.49 99.4081994396
1507.7 99.4482245983
1508.9 99.4682371777
1510.1 99.6197609926
1511.31 99.8398993653
1512.52 99.8084510264
1513.73 99.5054033964
1514.94 99.3538795815
1516.15 99.276688204
1517.37 99.2395219852
1518.58 99.5082623363
1519.78 99.4968265767
1520.98 99.4939676368
1522.19 99.4911086969
1523.4 99.6311967522
1524.6 99.4167762594
1525.81 99.3109954829
1527.02 99.3996226199
1528.23 99.5854537138
1529.45 99.6797987306
1530.66 99.8713477043
1531.87 99.8227457259
1533.09 99.7970152667
1534.3 99.7855795071
1535.5 99.4939676368
1536.7 99.4911086969
1537.9 99.3481617016
1539.1 99.2738292641
1540.32 99.5254159758
1541.53 99.6483503917
1542.74 99.4253530791
1543.94 99.3138544228
1545.15 99.2595345646
1546.37 99.3738921608
1547.58 99.1451769684
1548.78 99.4596603579
1549.98 99.3310080622
1551.18 99.5511464349
1552.39 99.6626450912
1553.6 99.4339298988
1554.81 99.4596603579
1556.02 99.3310080622
1557.22 99.5540053748
1558.43 99.2338041054
1559.64 99.3624564012
1560.85 99.1394590886
1562.06 99.1709074275
1563.27 99.4710961176
1564.48 99.336725942
1565.69 99.5568643147
1566.9 99.3796100406
1568.1 99.2909829035
1569.32 99.5311338556
1570.53 99.5111212762
1571.73 99.3567385214
1572.94 99.2795471439
1574.14 99.5254159758
1575.36 99.6512093316
1576.58 99.7112470696
1577.78 99.7426954085
1578.98 99.4739550575
1580.19 99.336725942
1581.4 99.4139173195
1582.6 99.7369775287
1583.8 99.4682371777
1585.01 99.6226199325
1586.22 99.4110583796
1587.42 99.4510835382
1588.63 99.6111841729
1589.85 99.5511464349
1591.06 99.3767511007
1592.27 99.2881239636
1593.48 99.2452398651
1594.69 99.368174281
1595.9 99.2852650237
1597.1 99.2423809252
1598.32 99.5082623363
1599.52 99.3567385214
1600.73 99.4224941392
1601.94 99.5968894734
1603.15 99.3996226199
1604.37 99.3024186632
1605.58 99.3939047401
1606.78 99.5854537138
1607.98 99.3939047401
1609.19 99.2967007833
1610.4 99.2509577449
1611.61 99.5111212762
1612.82 99.6426325119
1614.02 99.7083881297
1615.23 99.7426954085
1616.44 99.7569901081
1617.65 99.4796729373
1618.86 99.6283378123
1620.06 99.69981131
1621.27 99.308136543
1622.48 99.3996226199
1623.7 99.5854537138
1624.9 99.6797987306
1626.1 99.4425067185
1627.32 99.4653782377
1628.53 99.3338670021
1629.74 99.2681113843
1630.95 99.5196980959
1632.17 99.5054033964
1633.38 99.3538795815
1634.58 99.4196351993
1635.79 99.5968894734
1637.0 99.6855166104
1638.2 99.7312596489
1639.41 99.4653782377
1640.62 99.3338670021
1641.83 99.5540053748
1643.05 99.5225570359
1644.26 99.5054033964
1645.47 99.2109325862
1646.67 99.4911086969
1647.88 99.6340556921
1649.09 99.7026702499
1650.31 99.4539424781
1651.52 99.6140431128
1652.72 99.2652524444
1653.93 99.2338041054
1655.14 99.3595974613
1656.36 99.1394590886
1657.57 99.0279604323
1658.78 99.2566756247
1659.98 99.516839156
1661.19 99.6454914518
1662.4 99.4224941392
1663.61 99.456801418
1664.82 99.3281491223
1666.02 99.2652524444
1667.23 99.2338041054
1668.45 99.2195094059
1669.66 99.2109325862
1670.86 99.2052147064
1672.07 99.2052147064
1673.28 99.488249757
1674.48 99.6311967522
1675.68 99.7026702499
1676.9 99.7398364686
1678.1 99.6140431128
1679.32 99.4081994396
1680.53 99.5911715936
1681.74 99.6826576705
1682.94 99.4425067185
1684.16 99.608325233
1685.37 99.6912344903
1686.58 99.4453656584
1687.78 99.3252901824
1688.98 99.2623935045
1690.2 99.2338041054
1691.41 99.3595974613
1692.62 99.5683000743
1693.83 99.3853279204
1695.04 99.579735834
1696.25 99.5339927955
1697.46 99.7970152667
1698.66 99.7855795071
1699.87 99.4939676368
1701.08 99.3481617016
1702.3 99.5625821945
1703.51 99.668362971
1704.72 99.576876894
1705.94 99.6769397907
1707.16 99.5825947739
1708.38 99.3910458002
1709.58 99.5825947739
1710.78 99.6797987306
1711.99 99.5825947739
1713.2 99.3939047401
1714.41 99.4396477786
1715.62 99.608325233
1716.83 99.548287495
1718.05 99.3738921608
1719.25 99.5740179541
1720.46 99.6740808508
1721.66 99.4396477786
1722.88 99.6054662931
1724.09 99.4053404997
1725.31 99.7312596489
1726.52 99.7541311682
1727.73 99.4768139974
1728.94 99.3395848819
1730.16 99.2709703242
1731.37 99.2366630453
1732.58 99.3624564012
1733.78 99.2824060838
1734.98 99.2423809252
1736.19 99.2223683458
1737.39 99.4996855166
1738.6 99.6369146321
1739.81 99.4196351993
1741.02 99.4539424781
1742.23 99.3281491223
1743.45 99.2652524444
1744.66 99.5196980959
1745.87 99.6454914518
1747.08 99.5683000743
1748.3 99.3853279204
1749.5 99.2938418434
1750.7 99.3910458002
1751.91 99.5825947739
1753.12 99.6769397907
1754.34 99.7255417691
1755.54 99.7512722283
1756.75 99.4768139974
1757.96 99.6254788724
1759.18 99.4139173195
1760.38 99.4510835382
1761.59 99.6111841729
1762.79 99.4081994396
1764.0 99.3052776031
1765.21 99.2538166848
1766.42 99.5139802161
1767.62 99.3567385214
1768.83 99.2795471439
1770.04 99.2423809252
1771.26 99.2223683458
1772.46 99.4968265767
1773.66 99.3510206415
1774.88 99.5625821945
1776.09 99.668362971
1777.31 99.7198238893
1778.52 99.4625192978
1779.73 99.6169020527
1780.94 99.5540053748
1782.16 99.3767511007
1783.38 99.2909829035
1784.58 99.3881868603
1785.78 99.4396477786
1786.99 99.6054662931
1788.2 99.548287495
1789.41 99.3738921608
1790.62 99.2881239636
1791.82 99.2452398651
1793.04 99.5111212762
1794.25 99.4996855166
1795.46 99.4939676368
1796.66 99.3481617016
1797.88 99.5597232546
1799.09 99.3824689805
1800.3 99.2909829035
1801.51 99.5339927955
1802.72 99.368174281
1803.93 99.5711590142
1805.14 99.6712219109
1806.35 99.579735834
1807.56 99.6769397907
1808.76 99.7255417691
1809.97 99.7512722283
1811.18 99.4768139974
1812.38 99.6254788724
1813.59 99.4139173195
1814.79 99.4510835382
1816.0 99.6111841729
1817.21 99.4081994396
1818.42 99.4482245983
1819.63 99.6111841729
1820.84 99.4053404997
1822.05 99.4482245983
1823.26 99.7541311682
1824.46 99.4768139974
1825.67 99.3395848819
1826.88 99.5568643147
1828.09 99.5225570359
1829.31 99.6483503917
1830.53 99.5683000743
1831.74 99.6712219109
1832.94 99.8656298245
1834.16 99.6769397907
1835.37 99.4396477786
1836.58 99.608325233
1837.78 99.4053404997
1838.99 99.3024186632
1840.2 99.1108696895
1841.41 99.2995597233
1842.62 99.1080107496
1843.83 99.4396477786
1845.04 99.4653782377
1846.25 99.6197609926
1847.46 99.6969523701
1848.66 99.7341185888
1849.87 99.4682371777
1851.08 99.6226199325
1852.3 99.8398993653
1853.5 99.3796100406
1854.7 99.1480359083
1855.91 99.1737663674
1857.12 99.4739550575
1858.34 99.3395848819
1859.54 99.4139173195
1860.74 99.5940305335
1861.95 99.6826576705
1863.17 99.728400709
1864.38 99.4653782377
1865.58 99.6197609926
1866.78 99.5540053748
1867.99 99.3796100406
1869.21 99.4339298988
1870.42 99.3167133627
1871.62 99.4024815598
1872.83 99.4453656584
1874.04 99.6111841729
1875.25 99.4053404997
1876.46 99.5911715936
1877.67 99.8256046658
1878.88 99.9428212019
1880.09 100.0
1881.3 99.8885013437
1882.5 99.8313225456
1883.7 99.8027331465
1884.9 99.788438447
1886.1 99.7798616273
1887.3 99.4911086969
1888.5 99.6340556921
1889.7 99.4167762594
1890.91 99.3109954829
1892.12 99.2566756247
1893.34 99.2280862256
1894.54 99.3595974613
1895.75 99.2795471439
1896.96 99.5282749157
1898.18 99.7941563268
1899.38 99.9256675625
1900.59 99.9942821202
1901.79 99.5968894734
1903.0 99.3996226199
1904.21 99.5883126537
1905.42 99.5368517354
1906.63 99.5139802161
1907.84 99.4996855166
1909.05 99.3510206415
1910.26 99.276688204
1911.46 99.5254159758
1912.67 99.5082623363
1913.88 99.639773572
1915.09 99.4224941392
1916.3 99.3109954829
1917.51 99.5425696152
1918.72 99.6597861513
1919.93 99.7169649494
1921.14 99.7455543484
1922.35 99.759849048
1923.56 99.4796729373
1924.77 99.6283378123
1925.98 99.69981131
1927.18 99.7369775287
1928.39 99.4710961176
1929.6 99.6226199325
1930.81 99.6969523701
1932.02 99.4510835382
1933.23 99.4682371777
1934.44 99.336725942
1935.65 99.5540053748
1936.86 99.5225570359
1938.08 99.6483503917
1939.3 99.7112470696
1940.5 99.7426954085
1941.7 99.4710961176
1942.91 99.1937789468
1944.12 99.4853908171
1945.34 99.4853908171
1946.54 99.6311967522
1947.74 99.7026702499
1948.95 99.4510835382
1950.17 99.6140431128
1951.38 99.6940934302
1952.59 99.5911715936
1953.8 99.39676368
1955.01 99.2995597233
1956.22 99.5368517354
1957.44 99.368174281
1958.65 99.428212019
1959.86 99.3167133627
1961.06 99.2595345646
1962.28 99.3738921608
1963.49 99.4310709589
1964.69 99.4596603579
1965.89 99.3310080622
1967.1 99.4081994396
1968.31 99.3052776031
1969.52 99.5397106753
1970.72 99.5139802161
1971.92 99.788438447
1973.13 99.6369146321
1974.34 99.4196351993
1975.55 99.3109954829
1976.75 99.2566756247
1977.97 99.3738921608
1979.18 99.2881239636
1980.38 99.2452398651
1981.59 99.3653153411
1982.79 99.2852650237
1984.0 99.3853279204
1985.2 99.2938418434
1986.4 99.248098805
1987.6 99.368174281
1988.8 99.2852650237
1990.0 99.5311338556
1991.21 99.3653153411
1992.42 99.428212019
1993.62 99.7426954085
1994.83 99.759849048
1996.04 99.7655669278
1997.25 99.4853908171
1998.46 99.4853908171
1999.67 99.3453027617
2000.88 99.2738292641
2002.09 99.3796100406
2003.3 99.576876894
2004.5 99.6769397907
2005.7 99.5825947739
2006.91 99.3910458002
2008.12 99.5825947739
2009.34 99.3939047401
2010.54 99.5825947739
2011.75 99.3939047401
2012.96 99.2967007833
2014.17 99.5368517354
2015.38 99.5111212762
2016.58 99.3567385214
2017.78 99.2795471439
2018.98 99.5282749157
2020.19 99.3653153411
2021.4 99.4253530791
2022.6 99.3138544228
2023.81 99.2595345646
2025.02 99.2309451655
2026.22 99.216650466
2027.42 99.3510206415
2028.63 99.276688204
2029.84 99.3824689805
2031.05 99.2938418434
2032.26 99.3910458002
2033.47 99.4396477786
2034.68 99.6054662931
2035.89 99.548287495
2037.1 99.516839156
2038.3 99.5025444565
2039.5 99.4968265767
2040.7 99.4911086969
2041.9 99.4911086969
2043.1 99.3453027617
2044.3 99.5597232546
2045.5 99.2395219852
2046.7 99.5054033964
2047.9 99.3538795815
2049.1 99.7083881297
2050.32 99.4539424781
2051.53 99.4710961176
2052.74 99.336725942
2053.94 99.4139173195
2055.16 99.5940305335
2056.37 99.39676368
2057.58 99.5854537138
2058.78 99.6797987306
2059.98 99.4425067185
2061.19 99.3224312425
2062.4 99.548287495
2063.6 99.3738921608
2064.8 99.4310709589
2066.0 99.6026073532
2067.2 99.4024815598
2068.4 99.4453656584
2069.6 99.4682371777
2070.81 99.3338670021
2072.02 99.4110583796
2073.23 99.308136543
2074.45 99.5397106753
2075.66 99.5139802161
2076.86 99.3595974613
2078.07 99.4224941392
2079.29 99.456801418
2080.5 99.3281491223
2081.7 99.5511464349
2082.9 99.5196980959
2084.11 99.3624564012
2085.34 99.5683000743
2086.55 99.3853279204
2087.75 99.2938418434
2088.96 99.5339927955
2090.17 99.6540682715
2091.38 99.7141060095
2092.58 99.5997484133
2093.78 99.4024815598
2094.98 99.4453656584
2096.19 99.608325233
2097.4 99.8341814855
2098.6 99.6626450912
2099.82 99.4310709589
2101.02 99.6026073532
2102.22 99.4024815598
2103.42 99.4453656584
2104.63 99.4682371777
2105.84 99.3338670021
2107.05 99.4110583796
2108.26 99.4510835382
2109.46 99.4682371777
2110.67 99.4796729373
2111.88 99.3395848819
2113.09 99.4139173195
2114.3 99.308136543
2115.5 99.5425696152
2116.7 99.3710332209
2117.9 99.5740179541
2119.1 99.5311338556
2120.33 99.3653153411
2121.54 99.428212019
2122.74 99.7426954085
2123.95 99.6169020527
2125.16 99.4081994396
2126.38 99.5911715936
2127.58 99.6826576705
2128.78 99.5854537138
2129.99 99.5368517354
2131.2 99.3710332209
2132.41 99.428212019
2133.62 99.4596603579
2134.83 99.4739550575
2136.04 99.6226199325
2137.25 99.5568643147
2138.46 99.3796100406
2139.66 99.4339298988
2140.87 99.3167133627
2142.07 99.4024815598
2143.28 99.1594716679
2144.49 99.0393961919
2145.7 99.1194465092
2146.91 99.3052776031
2148.12 99.2538166848
2149.34 99.5139802161
2150.54 99.3567385214
2151.74 99.4224941392
2152.95 99.456801418
2154.16 99.3281491223
2155.38 99.4081994396
2156.58 99.4482245983
2157.78 99.3252901824
2158.99 99.4081994396
2160.21 99.4482245983
2161.42 99.4682371777
2162.62 99.3338670021
2163.83 99.5540053748
2165.04 99.5225570359
2166.25 99.5054033964
2167.46 99.3538795815
2168.66 99.5625821945
2169.87 99.668362971
2171.08 99.579735834
2172.3 99.5339927955
2173.51 99.6540682715
2174.71 99.428212019
2175.92 99.3138544228
2177.13 99.6883755503
2178.34 99.5883126537
2179.55 99.6797987306
2180.75 99.4425067185
2181.96 99.608325233
2183.17 99.4053404997
2184.38 99.3024186632
2185.58 99.2538166848
2186.79 99.5139802161
2187.99 99.4996855166
2189.19 99.3510206415
2190.4 99.276688204
2191.6 99.5254159758
2192.81 99.6512093316
2194.02 99.5683000743
2195.23 99.6712219109
2196.44 99.7226828292
2197.65 99.4625192978
2198.86 99.3338670021
2200.07 99.5540053748
2201.29 99.6626450912
2202.5 99.7198238893
2203.7 99.4596603579
2204.9 99.4739550575
2206.1 99.3395848819
2207.32 99.2709703242
2208.53 99.2366630453
2209.74 99.3624564012
2210.94 99.5683000743
2212.16 99.6712219109
2213.37 99.579735834
2214.58 99.5339927955
2215.78 99.368174281
2216.99 99.5711590142
2218.2 99.3853279204
2219.4 99.579735834
2220.61 99.6769397907
2221.82 99.7255417691
2223.02 99.4653782377
2224.23 99.6197609926
2225.44 99.4110583796
2226.65 99.5911715936
2227.86 99.6826576705
2229.07 99.728400709
2230.29 99.608325233
2231.5 99.4053404997
2232.7 99.5911715936
2233.9 99.39676368
2235.1 99.4425067185
2236.31 99.3224312425
2237.52 99.548287495
2238.73 99.6597861513
2239.94 99.7169649494
2241.15 99.4596603579
2242.35 99.3310080622
2243.56 99.4110583796
2244.77 99.5911715936
2245.98 99.6826576705
2247.18 99.5854537138
2248.39 99.3939047401
2249.6 99.2995597233
2250.81 99.5368517354
2252.02 99.5111212762
2253.22 99.3567385214
2254.44 99.2795471439
2255.65 99.2423809252
2256.86 99.3653153411
2258.07 99.4253530791
2259.29 99.456801418
2260.5 99.3310080622
2261.7 99.5511464349
2262.9 99.3767511007
2264.11 99.576876894
2265.34 99.5311338556
2266.54 99.368174281
2267.75 99.2852650237
2268.96 99.2423809252
2270.17 99.2223683458
2271.38 99.4996855166
2272.58 99.6369146321
2273.78 99.7055291898
2274.99 99.4539424781
2276.2 99.6140431128
2277.4 99.4081994396
2278.61 99.5911715936
2279.82 99.39676368
2281.04 99.2995597233
2282.25 99.5368517354
2283.46 99.6540682715
2284.66 99.428212019
2285.87 99.6026073532
2287.08 99.4024815598
2288.3 99.5883126537
2289.5 99.6797987306
2290.7 99.4425067185
2291.9 99.3224312425
2293.11 99.548287495
2294.34 99.6597861513
2295.54 99.4310709589
2296.74 99.6026073532
2297.94 99.2595345646
2299.15 99.3738921608
2300.36 99.2881239636
2301.57 99.3881868603
2302.77 99.5825947739
2303.98 99.6769397907
2305.19 99.7255417691
2306.4 99.7512722283
2307.6 99.4768139974
2308.81 99.6254788724
2310.02 99.69981131
2311.22 99.4510835382
2312.43 99.6111841729
2313.64 99.6940934302
2314.86 99.4482245983
2316.06 99.6111841729
2317.28 99.6912344903
2318.49 99.7341185888
2319.7 99.7541311682
2320.9 99.9056549831
2322.1 99.9828463606
2323.32 99.5940305335
2324.53 99.6826576705
2325.73 99.728400709
2326.94 99.7512722283
2328.16 99.7627079879
2329.37 99.4825318772
2330.58 99.6283378123
2331.78 99.7026702499
2332.99 99.5940305335
2334.2 99.6855166104
2335.4 99.4425067185
2336.6 99.608325233
2337.81 99.4053404997
2339.02 99.4482245983
2340.23 99.3252901824
2341.44 99.2623935045
2342.65 99.2338041054
2343.86 99.216650466
2345.07 99.4968265767
2346.29 99.6340556921
2347.5 99.7055291898
2348.7 99.4539424781
2349.9 99.3281491223
2351.1 99.5511464349
2352.32 99.6626450912
2353.53 99.8599119447
2354.73 99.5311338556
2355.94 99.7970152667
2357.15 99.4996855166
2358.36 99.3510206415
2359.57 99.276688204
2360.78 99.2395219852
2361.99 99.3624564012
2363.2 99.4253530791
2364.4 99.5997484133
2365.6 99.6883755503
2366.8 99.4453656584
2368.0 99.608325233
2369.2 99.548287495
2370.41 99.3767511007
2371.62 99.2881239636
2372.83 99.6740808508
2374.04 99.4396477786
2375.26 99.7484132884
2376.47 99.4768139974
2377.68 99.6254788724
2378.89 99.69981131
2380.1 99.7369775287
2381.31 99.4682371777
2382.52 99.6226199325
2383.73 99.6969523701
2384.94 99.5940305335
2386.16 99.39676368
2387.37 99.5854537138
2388.58 99.3939047401
2389.78 99.2995597233
2390.99 99.2509577449
2392.2 99.5111212762
2393.4 99.3567385214
2394.6 99.2795471439
2395.81 99.3853279204
2397.02 99.579735834
2398.23 99.6769397907
2399.44 99.7255417691
2400.65 99.4625192978
2401.86 99.3338670021
2403.06 99.5540053748
2404.28 99.3767511007
2405.49 99.2909829035
2406.7 99.5311338556
2407.9 99.5111212762
2409.1 99.3567385214
2410.32 99.4224941392
2411.53 99.4539424781
2412.73 99.6140431128
2413.94 99.6940934302
2415.15 99.7341185888
2416.36 99.7541311682
2417.57 99.4796729373
2418.78 99.4825318772
2419.98 99.4853908171
2421.2 99.3453027617
2422.4 99.5597232546
2423.6 99.6655040311
2424.81 99.4339298988
2426.02 99.3195723026
2427.23 99.5454285551
2428.44 99.6597861513
2429.64 99.5740179541
2430.85 99.6740808508
2432.06 99.5825947739
2433.28 99.6769397907
2434.49 99.4396477786
2435.7 99.3224312425
2436.91 99.2623935045
2438.14 99.516839156
2439.34 99.788438447
2440.54 99.4968265767
2441.74 99.6340556921
2442.95 99.4196351993
2444.16 99.5968894734
2445.37 99.3996226199
2446.58 99.4425067185
2447.78 99.3224312425
2448.99 99.4053404997
2450.2 99.3052776031
2451.41 99.2538166848
2452.62 99.5139802161
2453.82 99.3567385214
2455.03 99.4224941392
2456.24 99.5997484133
2457.45 99.3996226199
2458.66 99.5883126537
2459.87 99.6797987306
2461.08 99.728400709
2462.3 99.4653782377
2463.5 99.4768139974
2464.7 99.3395848819
2465.9 99.5568643147
2467.11 99.3796100406
2468.34 99.4339298988
2469.54 99.3167133627
2470.74 99.2595345646
2471.95 99.2309451655
2473.16 99.5025444565
2474.36 99.7827205672
2475.57 99.7770026874
2476.77 99.6340556921
2477.98 99.5597232546
2479.19 99.3824689805
2480.4 99.576876894
2481.61 99.3910458002
2482.82 99.5825947739
2484.03 99.3910458002
2485.24 99.2967007833
2486.45 99.5368517354
2487.66 99.368174281
2488.86 99.428212019
2490.07 99.6026073532
2491.29 99.5454285551
2492.5 99.3738921608
2493.7 99.2881239636
2494.9 99.3881868603
