5711.1 100
5712.19 100
5713.28 100
5714.36 100
5715.44 100
5716.53 100
5717.62 100
5718.7 100
5719.78 100
5720.87 100
5721.95 100
5723.04 100
5724.12 100
5725.22 100
5726.31 100
5727.4 100
5728.48 100
5729.57 100
5730.66 100
5731.75 100
5732.83 100
5733.91 100
5734.98 100
5736.06 100
5737.14 100
5738.22 100
5739.31 100
5740.41 100
5741.5 100
5742.58 100
5743.67 100
5744.76 100
5745.85 100
5746.94 100
5748.02 100
5749.11 100
5750.2 100
5751.28 100
5752.37 100
5753.47 100
5754.56 100
5755.65 100
5756.74 100
5757.83 100
5758.92 100
5760.01 100
5761.08 100
5762.16 100
5763.24 100
5764.33 100
5765.41 100
5766.49 100
5767.58 100
5768.68 100
5769.76 100
5770.84 100
5771.92 100
5772.99 100
5774.07 100
5775.16 100
5776.25 100
5777.34 100
5778.43 100
5779.51 100
5780.6 100
5781.68 100
5782.77 100
5783.86 100
5784.95 100
5786.03 100
5787.12 100
5788.21 100
5789.3 100
5790.38 100
5791.47 100
5792.56 100
5793.65 100
5794.74 100
5795.83 100
5796.92 100
5797.99 100
5799.07 100
5800.15 100
5801.24 100
5802.33 100
5803.42 100
5804.5 100
5805.58 100
5806.68 100
5807.76 100
5808.85 100
5809.94 100
5811.03 100
5812.12 100
5813.21 100
5814.29 100
5815.36 100
5816.44 100
5817.52 100
5818.61 100
5819.7 100
5820.79 100
5821.88 100
5822.96 100
5824.04 100
5825.12 100
5826.21 100
5827.3 100
5828.39 100
5829.48 100
5830.56 100
5831.65 100
5832.74 100
5833.82 100
5834.92 100
5836.0 100
5837.07 100
5838.16 100
5839.24 100
5840.32 100
5841.41 100
5842.5 100
5843.58 100
5844.66 100
5845.76 100
5846.84 100
5847.93 100
5849.02 100
5850.11 100
5851.2 100
5852.28 100
5853.36 100
5854.45 100
5855.54 100
5856.62 100
5857.71 100
5858.79 100
5859.89 100
5860.97 100
5862.06 100
5863.14 100
5864.23 100
5865.32 100
5866.41 100
5867.5 100
5868.58 100
5869.66 100
5870.74 100
5871.83 100
5872.92 100
5874.0 100
5875.08 100
5876.16 100
5877.25 100
5878.34 100
5879.43 100
5880.52 100
5881.6 100
5882.68 100
5883.77 100
5884.86 100
5885.95 100
5887.03 100
5888.11 100
5889.19 100
5890.27 100
5891.36 100
5892.44 100
5893.53 100
5894.62 100
5895.71 100
5896.8 100
5897.89 100
5898.96 100
5900.04 100
5901.13 100
5902.23 100
5903.32 100
5904.41 100
5905.49 100
5906.58 100
5907.66 100
5908.75 100
5909.84 100
5910.92 100
5912.0 100
5913.08 100
5914.16 100
5915.25 100
5916.34 100
5917.42 100
5918.52 100
5919.61 100
5920.7 100
5921.78 100
5922.86 100
5923.94 100
5925.03 100
5926.12 100
5927.2 100
5928.26 100
5929.35 100
5930.43 100
5931.5 100
5932.58 100
5933.66 100
5934.74 100
5935.83 100
5936.92 100
5937.99 100
5939.08 100
5940.16 100
5941.25 100
5942.33 100
5943.42 100
5944.5 100
5945.58 100
5946.66 100
5947.74 100
5948.83 100
5949.92 100
5951.0 100
5952.08 100
5953.16 100
5954.25 100
5955.34 100
5956.42 100
5957.52 100
5958.61 100
5959.7 100
5960.77 100
5961.86 100
5962.94 100
5964.04 100
5965.12 100
5966.21 100
5967.31 100
5968.4 100
5969.48 100
5970.57 100
5971.66 100
5972.74 100
5973.84 100
5974.92 100
5976.01 100
5977.1 100
5978.18 100
5979.26 100
5980.34 100
5981.43 100
5982.52 100
5983.61 100
5984.7 100
5985.78 100
5986.86 100
5987.96 100
5989.04 100
5990.13 100
5991.22 100
5992.31 100
5993.4 100
5994.49 100
5995.57 100
5996.66 100
5997.74 100
5998.84 100
5999.92 100
6001.0 100
6002.08 100
6003.17 100
6004.26 100
6005.36 100
6006.44 100
6007.52 100
6008.6 100
6009.67 100
6010.74 100
6011.82 100
6012.91 100
6013.98 100
6015.06 100
6016.15 100
6017.24 100
6018.32 100
6019.41 100
6020.5 100
6021.58 100
6022.66 100
6023.75 100
6024.84 100
6025.93 100
6027.01 100
6028.1 100
6029.19 100
6030.27 100
6031.37 100
6032.45 100
6033.54 100
6034.63 100
6035.71 100
6036.8 100
6037.9 100
6038.97 100
6040.06 100
6041.14 100
6042.23 100
6043.32 100
6044.41 100
6045.5 100
6046.58 100
6047.67 100
6048.76 100
6049.84 100
6050.92 100
6051.99 100
6053.08 100
6054.16 100
6055.25 100
6056.34 100
6057.43 100
6058.52 100
6059.61 100
6060.7 100
6061.78 100
6062.86 100
6063.95 100
6065.02 100
6066.11 100
6067.21 100
6068.29 100
6069.38 100
6070.46 100
6071.55 100
6072.64 100
6073.72 100
6074.81 100
6075.9 100
6076.98 100
6078.06 100
6079.15 100
6080.24 100
6081.33 100
6082.42 100
6083.5 100
6084.59 100
6085.68 100
6086.76 100
6087.84 100
6088.93 100
6090.02 100
6091.1 100
6092.18 100
6093.27 100
6094.36 100
6095.45 100
6096.54 100
6097.63 100
6098.72 100
6099.8 100
6100.89 100
6101.97 100
6103.06 100
6104.13 100
6105.22 100
6106.31 100
6107.4 100
6108.49 100
6109.57 100
6110.65 100
6111.73 100
6112.83 100
6113.92 100
6115.01 100
6116.1 100
6117.19 100
6118.28 100
6119.37 100
6120.46 100
6121.55 100
6122.64 100
6123.72 100
6124.8 100
6125.89 100
6126.97 100
6128.06 100
6129.14 100
6130.22 100
6131.32 100
6132.4 100
6133.49 100
6134.58 100
6135.66 100
6136.75 100
6137.84 100
6138.93 100
6140.01 100
6141.08 100
6142.16 100
6143.25 100
6144.34 100
6145.43 100
6146.51 100
6147.6 100
6148.69 100
6149.78 100
6150.87 100
6151.96 100
6153.04 100
6154.12 100
6155.22 100
6156.3 100
6157.39 100
6158.48 100
6159.56 100
6160.65 100
6161.73 100
6162.81 100
6163.9 100
6164.97 100
6166.06 100
6167.14 100
6168.23 100
6169.32 100
6170.4 100
6171.48 100
6172.56 100
6173.64 100
6174.73 100
6175.81 100
6176.9 100
6177.97 100
6179.05 100
6180.13 100
6181.22 100
6182.3 100
6183.38 100
6184.46 100
6185.54 100
6186.62 100
6187.71 100
6188.79 100
6189.89 100
6190.97 100
6192.06 100
6193.15 100
6194.23 100
6195.32 100
6196.41 100
6197.5 100
6198.58 100
6199.67 100
6200.76 100
6201.84 100
6202.93 100
6204.02 100
6205.1 100
6206.19 100
6207.27 100
6208.35 100
6209.44 100
6210.53 100
6211.62 100
6212.71 100
6213.8 100
6214.88 100
6215.96 100
6217.04 100
6218.12 100
6219.21 100
6220.3 100
6221.39 100
6222.47 100
6223.56 100
6224.64 100
6225.72 100
6226.81 100
6227.9 100
6228.97 100
6230.05 100
6231.12 100
6232.22 100
6233.31 100
6234.4 100
6235.48 100
6236.56 100
6237.65 100
6238.73 100
6239.82 100
6240.91 100
6241.98 100
6243.08 100
6244.16 100
6245.25 100
6246.34 100
6247.43 100
6248.52 100
6249.6 100
6250.68 100
6251.76 100
6252.85 100
6253.94 100
6255.02 100
6256.1 100
6257.18 100
6258.26 100
6259.36 100
6260.44 100
6261.52 100
6262.6 100
6263.68 100
6264.77 100
6265.87 100
6266.95 100
6268.04 100
6269.12 100
6270.21 100
6271.3 100
6272.38 100
6273.47 100
6274.55 100
6275.64 100
6276.73 100
6277.82 100
6278.92 100
6280.01 100
6281.1 100
6282.19 100
6283.27 100
6284.36 100
6285.45 100
6286.53 100
6287.62 100
6288.7 100
6289.8 100
6290.89 100
6291.96 100
6293.05 100
6294.13 100
6295.22 100
6296.31 100
6297.39 100
6298.48 100
6299.56 100
6300.65 100
6301.74 100
6302.83 100
6303.91 100
6305.0 100
6306.08 100
6307.16 100
6308.24 100
6309.33 100
6310.42 100
6311.5 100
6312.58 100
6313.68 100
6314.76 100
6315.85 100
6316.93 100
6318.02 100
6319.1 100
6320.18 100
6321.28 100
6322.37 100
6323.46 100
6324.55 100
6325.64 100
6326.73 100
6327.83 100
6328.92 100
6330.01 100
6331.1 100
6332.18 100
6333.27 100
6334.35 100
6335.44 100
6336.53 100
6337.61 100
6338.7 100
6339.78 100
6340.88 100
6341.95 100
6343.04 100
6344.12 100
6345.22 100
6346.31 100
6347.4 100
6348.48 100
6349.57 100
6350.65 100
6351.74 100
6352.83 100
6353.92 100
6355.0 100
6356.07 100
6357.15 100
6358.24 100
6359.32 100
6360.41 100
6361.5 100
6362.58 100
6363.67 100
6364.76 100
6365.84 100
6366.93 100
6368.03 100
6369.12 100
6370.21 100
6371.3 100
6372.39 100
6373.47 100
6374.56 100
6375.64 100
6376.73 100
6377.82 100
6378.9 100
6379.98 100
6381.07 100
6382.15 100
6383.24 100
6384.33 100
6385.42 100
6386.51 100
6387.6 100
6388.68 100
6389.77 100
6390.85 100
6391.94 100
6393.03 100
6394.11 100
6395.21 100
6396.3 100
6397.4 100
6398.48 100
6399.57 100
6400.66 100
6401.75 100
6402.84 100
6403.92 100
6405.01 100
6406.1 100
6407.18 100
6408.26 100
6409.34 100
6410.42 100
6411.5 100
6412.58 100
6413.66 100
6414.74 100
6415.82 100
6416.91 100
6418.0 100
6419.07 100
6420.15 100
6421.24 100
6422.32 100
6423.41 100
6424.5 100
6425.58 100
6426.67 100
6427.74 100
6428.84 100
6429.91 100
6431.0 100
6432.07 100
6433.15 100
6434.24 100
6435.32 100
6436.41 100
6437.49 100
6438.58 100
6439.67 100
6440.75 100
6441.84 100
6442.92 100
6444.0 100
6445.08 100
6446.16 100
6447.24 100
6448.33 100
6449.42 100
6450.5 100
6451.59 100
6452.67 100
6453.76 100
6454.84 100
6455.93 100
6457.02 100
6458.1 100
6459.18 100
6460.27 100
6461.36 100
6462.44 100
6463.53 100
6464.61 100
6465.7 100
6466.78 100
6467.88 100
6468.96 100
6470.04 100
6471.12 100
6472.21 100
6473.3 100
6474.38 100
6475.47 100
6476.55 100
6477.64 100
6478.73 100
6479.82 100
6480.9 100
6481.97 100
6483.05 100
6484.14 100
6485.22 100
6486.32 100
6487.41 100
6488.5 100
6489.59 100
6490.68 100
6491.76 100
6492.85 100
6493.94 100
6495.02 100
6496.1 100
6497.18 100
6498.28 100
6499.36 100
6500.45 100
6501.54 100
6502.63 100
6503.71 100
6504.8 100
6505.88 100
6506.96 100
6508.04 100
6509.12 100
6510.22 100
6511.3 100
6512.38 100
6513.48 100
6514.56 100
6515.65 100
6516.74 100
6517.82 100
6518.89 100
6519.97 100
6521.06 100
6522.15 100
6523.23 100
6524.32 100
6525.41 100
6526.5 100
6527.58 100
6528.66 100
6529.75 100
6530.83 100
6531.92 100
6533.0 100
6534.07 100
6535.15 100
6536.23 100
6537.31 100
6538.38 100
6539.47 100
6540.56 100
6541.64 100
6542.73 100
6543.81 100
6544.89 100
6545.97 100
6547.06 100
6548.14 100
6549.24 100
6550.32 100
6551.41 100
6552.5 100
6553.59 100
6554.68 100
6555.75 100
6556.84 100
6557.92 100
6559.01 100
6560.09 100
6561.17 100
6562.26 100
6563.35 100
6564.44 100
6565.52 100
6566.61 100
6567.71 100
6568.8 100
6569.88 100
6570.96 100
6572.04 100
6573.12 100
6574.21 100
6575.3 100
6576.38 100
6577.47 100
6578.56 100
6579.64 100
6580.73 100
6581.83 100
6582.91 100
6584.0 100
6585.07 100
6586.16 100
6587.24 100
6588.33 100
6589.42 100
6590.51 100
6591.6 100
6592.68 100
6593.77 100
6594.87 100
6595.94 100
6597.03 100
6598.11 100
6599.2 100
6600.28 100
6601.37 100
6602.45 100
6603.52 100
6604.6 100
6605.68 100
6606.77 100
6607.88 100
6608.95 100
6610.03 100
6611.12 100
6612.21 100
6613.3 100
6614.38 100
6615.46 100
6616.56 100
6617.64 100
6618.73 100
6619.81 100
6620.9 100
6621.97 100
6623.06 100
6624.14 100
6625.23 100
6626.32 100
6627.41 100
6628.5 100
6629.58 100
6630.67 100
6631.75 100
6632.84 100
6633.93 100
6635.02 100
6636.1 100
6637.2 100
6638.28 100
6639.36 100
6640.45 100
6641.54 100
6642.62 100
6643.72 100
6644.8 100
6645.88 100
6646.96 100
6648.05 100
6649.13 100
6650.22 100
6651.31 100
6652.4 100
6653.48 100
6654.57 100
6655.66 100
6656.74 100
6657.82 100
6658.91 100
6660.0 100
6661.08 100
6662.16 100
6663.24 100
6664.33 100
6665.42 100
6666.5 100
6667.59 100
6668.68 100
6669.76 100
6670.86 100
6671.94 100
6673.03 100
6674.12 100
6675.21 100
6676.3 100
6677.39 100
6678.48 100
6679.56 100
6680.64 100
6681.73 100
6682.82 100
6683.91 100
6685.0 100
6686.08 100
6687.16 100
6688.25 100
6689.34 100
6690.42 100
6691.5 100
6692.58 100
6693.66 100
6694.74 100
6695.83 100
6696.91 100
6698.0 100
6699.08 100
6700.16 100
6701.25 100
6702.34 100
6703.42 100
6704.52 100
6705.6 100
6706.69 100
6707.78 100
6708.88 100
6709.96 100
6711.04 100
6712.12 100
6713.21 100
6714.3 100
6715.38 100
6716.46 100
6717.54 100
6718.64 100
6719.72 100
6720.82 100
6721.9 100
6722.96 100
6724.05 100
6725.13 100
6726.22 100
6727.31 100
6728.4 100
6729.49 100
6730.58 100
6731.66 100
6732.74 100
6733.83 100
6734.91 100
6736.0 100
6737.08 100
6738.15 100
6739.24 100
6740.33 100
6741.42 100
6742.5 100
6743.58 100
6744.66 100
6745.76 100
6746.85 100
6747.94 100
6749.02 100
6750.1 100
6751.18 100
6752.27 100
6753.35 100
6754.44 100
6755.52 100
6756.61 100
6757.7 100
6758.79 100
6759.88 100
6760.96 100
6762.04 100
6763.12 100
6764.2 100
6765.28 100
6766.36 100
6767.44 100
6768.52 100
6769.6 100
6770.68 100
6771.76 100
6772.84 100
6773.94 100
6775.02 100
6776.1 100
6777.2 100
6778.28 100
6779.37 100
6780.46 100
6781.55 100
6782.64 100
6783.72 100
6784.81 100
6785.9 100
6786.97 100
6788.06 100
6789.14 100
6790.22 100
6791.32 100
6792.41 100
6793.5 100
6794.58 100
6795.67 100
6796.75 100
6797.84 100
6798.93 100
6800.02 100
6801.1 100
6802.18 100
6803.26 100
6804.35 100
6805.44 100
6806.53 100
6807.61 100
6808.69 100
6809.77 100
6810.87 100
6811.95 100
6813.03 100
6814.12 100
6815.21 100
6816.3 100
6817.39 100
6818.47 100
6819.56 100
6820.65 100
6821.74 100
6822.83 100
6823.91 100
6825.0 100
6826.07 100
6827.16 100
6828.25 100
6829.34 100
6830.42 100
6831.5 100
6832.6 100
6833.68 100
6834.76 100
6835.86 100
6836.94 100
6838.02 100
6839.1 100
6840.18 100
6841.28 100
6842.38 100
6843.46 100
6844.55 100
6845.64 100
6846.72 100
6847.81 100
6848.89 100
6849.96 100
6851.05 100
6852.13 100
6853.21 100
6854.29 100
6855.37 100
6856.47 100
6857.55 100
6858.64 100
6859.72 100
6860.81 100
6861.9 100
6862.97 100
6864.05 100
6865.12 100
6866.2 100
6867.27 100
6868.35 100
6869.43 100
6870.52 100
6871.6 100
6872.67 100
6873.74 100
6874.82 100
6875.9 100
6876.98 100
6878.06 100
6879.14 100
6880.24 100
6881.32 100
6882.41 100
6883.49 100
6884.57 100
6885.66 100
6886.75 100
6887.84 100
6888.92 100
6890.01 100
6891.1 100
6892.19 100
6893.27 100
6894.36 100
6895.45 100
6896.53 100
6897.61 100
6898.7 100
6899.77 100
6900.87 100
6901.95 100
6903.04 100
6904.12 100
6905.2 100
6906.29 100
6907.38 100
6908.46 100
6909.55 100
6910.63 100
6911.72 100
6912.81 100
6913.9 100
6914.99 100
6916.06 100
6917.14 100
6918.22 100
6919.3 100
6920.37 100
6921.46 100
6922.54 100
6923.63 100
6924.72 100
6925.8 100
6926.89 100
6927.97 100
6929.06 100
6930.14 100
6931.23 100
6932.32 100
6933.4 100
6934.48 100
6935.57 100
6936.66 100
6937.76 100
6938.85 100
6939.93 100
6941.02 100
6942.1 100
6943.19 100
6944.28 100
6945.36 100
6946.44 100
6947.53 100
6948.62 100
6949.71 100
6950.8 100
6951.88 100
6952.96 100
6954.04 100
6955.1 100
6956.19 100
6957.27 100
6958.35 100
6959.44 100
6960.52 100
6961.6 100
6962.68 100
6963.77 100
6964.87 100
6965.94 100
6967.03 100
6968.11 100
6969.2 100
6970.29 100
6971.38 100
6972.46 100
6973.54 100
6974.64 100
6975.73 100
6976.82 100
6977.9 100
6978.99 100
6980.07 100
6981.15 100
6982.24 100
6983.34 100
6984.42 100
6985.5 100
6986.58 100
6987.66 100
6988.74 100
6989.83 100
6990.91 100
6992.0 100
6993.07 100
6994.14 100
6995.22 100
6996.31 100
6997.4 100
6998.48 100
6999.56 100
7000.64 100
7001.73 100
7002.82 100
7003.9 100
7004.99 100
7006.07 100
7007.15 100
7008.24 100
7009.32 100
7010.4 100
7011.47 100
7012.56 100
7013.64 100
7014.73 100
7015.81 100
7016.89 100
7017.96 100
7019.05 100
7020.13 100
7021.22 100
7022.31 100
7023.4 100
7024.48 100
7025.55 100
7026.63 100
7027.71 100
7028.8 100
7029.86 100
7030.93 100
7032.02 100
7033.1 100
7034.18 100
7035.27 100
7036.36 100
7037.45 100
7038.53 100
7039.62 100
7040.7 100
7041.79 100
7042.87 100
7043.95 100
7045.03 100
7046.11 100
7047.2 100
7048.28 100
7049.38 100
7050.46 100
7051.55 100
7052.63 100
7053.71 100
7054.8 100
7055.87 100
7056.94 100
7058.02 100
7059.09 100
7060.17 100
7061.26 100
7062.34 100
7063.42 100
7064.5 100
7065.59 100
7066.68 100
7067.75 100
7068.83 100
7069.92 100
7071.0 100
7072.08 100
7073.16 100
7074.24 100
7075.33 100
7076.42 100
7077.51 100
7078.59 100
7079.68 100
7080.76 100
7081.85 100
7082.92 100
7084.01 100
7085.08 100
7086.14 100
7087.22 100
7088.3 100
7089.38 100
7090.46 100
7091.54 100
7092.61 100
7093.7 100
7094.79 100
7095.86 100
7096.94 100
7098.02 100
7099.11 100
7100.2 100
7101.29 100
7102.38 100
7103.46 100
7104.55 100
7105.63 100
7106.71 100
7107.8 100
7108.88 100
7109.95 100
7111.03 100
7112.12 100
7113.21 100
7114.3 100
7115.38 100
7116.47 100
7117.56 100
7118.64 100
7119.73 100
7120.81 100
7121.9 100
7122.98 100
7124.06 100
7125.14 100
7126.22 100
7127.31 100
7128.4 100
7129.48 100
7130.56 100
7131.64 100
7132.72 100
7133.82 100
7134.9 100
7135.98 100
7137.06 100
7138.14 100
7139.23 100
7140.31 100
7141.4 100
7142.48 100
7143.57 100
7144.66 100
7145.74 100
7146.83 100
7147.92 100
7149.01 100
7150.1 100
7151.18 100
7152.26 100
7153.34 100
7154.42 100
7155.5 100
7156.58 100
7157.65 100
7158.74 100
7159.82 100
7160.9 100
7161.96 100
7163.05 100
7164.13 100
7165.22 100
7166.31 100
7167.4 100
7168.48 100
7169.56 100
7170.64 100
7171.73 100
7172.82 100
7173.9 100
7174.98 100
7176.06 100
7177.14 100
7178.23 100
7179.31 100
7180.41 100
7181.5 100
7182.58 100
7183.67 100
7184.76 100
7185.86 100
7186.93 100
7188.01 100
7189.09 100
7190.18 100
7191.27 100
7192.35 100
7193.44 100
7194.53 100
7195.61 100
7196.69 100
7197.77 100
7198.86 100
7199.93 100
7201.02 100
7202.11 100
7203.19 100
7204.28 100
7205.37 100
7206.46 100
7207.54 100
7208.64 100
7209.72 100
7210.81 100
7211.9 100
7212.97 100
7214.06 100
7215.14 100
7216.22 100
7217.3 100
7218.39 100
7219.47 100
7220.56 100
7221.64 100
7222.73 100
7223.82 100
7224.9 100
7225.98 100
7227.05 100
7228.13 100
7229.22 100
7230.3 100
7231.38 100
7232.47 100
7233.55 100
7234.64 100
7235.72 100
7236.81 100
7237.9 100
7238.98 100
7240.07 100
7241.14 100
7242.24 100
7243.32 100
7244.4 100
7245.48 100
7246.56 100
7247.64 100
7248.72 100
7249.8 100
7250.88 100
7251.96 100
7253.04 100
7254.12 100
7255.22 100
7256.3 100
7257.38 100
7258.46 100
7259.55 100
7260.64 100
7261.72 100
7262.81 100
7263.9 100
7264.99 100
7266.07 100
7267.14 100
7268.22 100
7269.31 100
7270.41 100
7271.49 100
7272.57 100
7273.65 100
7274.74 100
7275.82 100
7276.91 100
7278.0 100
7279.07 100
7280.14 100
7281.23 100
7282.31 100
7283.39 100
7284.47 100
7285.55 100
7286.64 100
7287.72 100
7288.81 100
7289.9 100
7290.98 100
7292.06 100
7293.14 100
7294.23 100
7295.32 100
7296.4 100
7297.48 100
7298.56 100
7299.64 100
7300.72 100
7301.8 100
7302.88 100
7303.96 100
7305.04 100
7306.11 100
7307.19 100
7308.28 100
7309.36 100
7310.45 100
7311.54 100
7312.62 100
7313.72 100
7314.8 100
7315.87 100
7316.95 100
7318.04 100
7319.11 100
7320.19 100
7321.28 100
7322.37 100
7323.46 100
7324.54 100
7325.63 100
7326.72 100
7327.8 100
7328.89 100
7329.98 100
7331.07 100
7332.14 100
7333.24 100
7334.33 100
7335.42 100
7336.52 100
7337.6 100
7338.68 100
7339.76 100
7340.86 100
7341.94 100
7343.02 100
7344.1 100
7345.18 100
7346.25 100
7347.34 100
7348.43 100
7349.51 100
7350.59 100
7351.67 100
7352.75 100
7353.82 100
7354.91 100
7356.0 100
7357.08 100
7358.15 100
7359.24 100
7360.33 100
7361.42 100
7362.52 100
7363.6 100
7364.67 100
7365.76 100
7366.85 100
7367.92 100
7369.0 100
7370.08 100
7371.15 100
7372.24 100
7373.33 100
7374.41 100
7375.5 100
7376.58 100
7377.66 100
7378.76 100
7379.85 100
7380.93 100
7382.02 100
7383.1 100
7384.18 100
7385.27 100
7386.35 100
7387.44 100
7388.52 100
7389.61 100
7390.7 100
7391.78 100
7392.86 100
7393.94 100
7395.02 100
7396.1 100
7397.18 100
7398.27 100
7399.36 100
7400.46 100
7401.54 100
7402.63 100
7403.71 100
7404.8 100
7405.87 100
7406.95 100
7408.04 100
7409.12 100
7410.21 100
7411.3 100
7412.38 100
7413.46 100
7414.54 100
7415.63 100
7416.71 100
7417.8 100
7418.88 100
7419.96 100
7421.05 100
7422.13 100
7423.21 100
7424.3 100
7425.38 100
7426.47 100
7427.55 100
7428.64 100
7429.72 100
7430.81 100
7431.9 100
7432.99 100
7434.08 100
7435.15 100
7436.24 100
7437.32 100
7438.41 100
7439.49 100
7440.57 100
7441.65 100
7442.73 100
7443.82 100
7444.9 100
7445.98 100
7447.06 100
7448.14 100
7449.22 100
7450.31 100
7451.39 100
7452.48 100
7453.56 100
7454.65 100
7455.74 100
7456.82 100
7457.89 100
7458.98 100
7460.06 100
7461.14 100
7462.23 100
7463.32 100
7464.41 100
7465.49 100
7466.58 100
7467.66 100
7468.74 100
7469.84 100
7470.92 100
7472.01 100
7473.09 100
7474.18 100
7475.27 100
7476.36 100
7477.44 100
7478.53 100
7479.62 100
7480.72 100
7481.81 100
7482.89 100
7483.98 100
7485.07 100
7486.16 100
7487.25 100
7488.34 100
7489.44 100
7490.52 100
7491.61 100
7492.7 100
7493.78 100
7494.86 100
7495.94 100
7497.03 100
7498.11 100
7499.2 100
7500.28 100
7501.36 100
7502.44 100
7503.52 100
7504.61 100
7505.7 100
7506.78 100
7507.87 100
7508.94 100
7510.03 100
7511.11 100
7512.2 100
7513.28 100
7514.37 100
7515.45 100
7516.53 100
7517.63 100
7518.72 100
7519.8 100
7520.88 100
7521.97 100
7523.05 100
7524.13 100
7525.22 100
7526.3 100
7527.38 100
7528.47 100
7529.56 100
7530.65 100
7531.74 100
7532.84 100
7533.92 100
7535.01 100
7536.09 100
7537.17 100
7538.25 100
7539.34 100
7540.42 100
7541.5 100
7542.58 100
7543.66 100
7544.75 100
7545.86 100
7546.93 100
7548.02 100
7549.1 100
7550.18 100
7551.27 100
7552.36 100
7553.45 100
7554.54 100
7555.62 100
7556.7 100
7557.78 100
7558.86 100
7559.94 100
7561.03 100
7562.11 100
7563.2 100
7564.29 100
7565.38 100
7566.46 100
7567.56 100
7568.65 100
7569.74 100
7570.82 100
7571.9 100
7572.99 100
7574.07 100
7575.15 100
7576.24 100
7577.33 100
7578.42 100
7579.5 100
7580.58 100
7581.67 100
7582.76 100
7583.84 100
7584.92 100
7586.01 100
7587.1 100
7588.18 100
7589.27 100
7590.36 100
7591.45 100
7592.54 100
7593.62 100
7594.7 100
7595.78 100
7596.86 100
7597.94 100
7599.02 100
7600.1 100
7601.18 100
7602.25 100
7603.33 100
7604.42 100
7605.5 100
7606.59 100
7607.67 100
7608.75 100
7609.84 100
7610.91 100
7612.0 100
7613.08 100
7614.15 100
7615.24 100
7616.33 100
7617.42 100
7618.5 100
7619.59 100
7620.66 100
7621.74 100
7622.84 100
7623.91 100
7625.0 100
7626.08 100
7627.16 100
7628.26 100
7629.34 100
7630.42 100
7631.52 100
7632.6 100
7633.68 100
7634.77 100
7635.86 100
7636.94 100
7638.02 100
7639.1 100
7640.18 100
7641.27 100
7642.36 100
7643.44 100
7644.53 100
7645.62 100
7646.71 100
7647.8 100
7648.88 100
7649.96 100
7651.04 100
7652.12 100
7653.2 100
7654.28 100
7655.37 100
7656.46 100
7657.54 100
7658.62 100
7659.7 100
7660.78 100
7661.86 100
7662.94 100
7664.03 100
7665.11 100
7666.2 100
7667.28 100
7668.37 100
7669.46 100
7670.56 100
7671.65 100
7672.74 100
7673.85 100
7674.92 100
7676.0 100
7677.08 100
7678.16 100
7679.25 100
7680.35 100
7681.44 100
7682.52 100
7683.61 100
7684.7 100
7685.78 100
7686.87 100
7687.95 100
7689.04 100
7690.12 100
7691.21 100
7692.3 100
7693.37 100
7694.46 100
7695.55 100
7696.64 100
7697.72 100
7698.8 100
7699.88 100
7700.97 100
7702.06 100
7703.15 100
7704.24 100
7705.33 100
7706.42 100
7707.51 100
7708.59 100
7709.68 100
7710.76 100
7711.84 100
7712.92 100
7714.0 100
7715.08 100
7716.16 100
7717.25 100
7718.33 100
7719.42 100
7720.5 100
7721.57 100
7722.64 100
7723.73 100
7724.83 100
7725.91 100
7727.0 100
7728.08 100
7729.16 100
7730.24 100
7731.32 100
7732.42 100
7733.5 100
7734.58 100
7735.66 100
7736.75 100
7737.84 100
7738.92 100
7740.01 100
7741.09 100
7742.17 100
7743.26 100
7744.35 100
7745.44 100
7746.53 100
7747.62 100
7748.7 100
7749.78 100
7750.87 100
7751.94 100
7753.02 100
7754.11 100
7755.2 100
7756.29 100
7757.37 100
7758.45 100
7759.53 100
7760.61 100
7761.69 100
7762.77 100
7763.86 100
7764.94 100
7766.03 100
7767.1 100
7768.19 100
7769.28 100
7770.36 100
7771.45 100
7772.54 100
7773.63 100
7774.72 100
7775.81 100
7776.89 100
7777.97 100
7779.06 100
7780.14 100
7781.23 100
7782.32 100
7783.4 100
7784.48 100
7785.56 100
7786.65 100
7787.74 100
7788.84 100
7789.91 100
7791.0 100
7792.07 100
7793.14 100
7794.22 100
7795.31 100
7796.4 100
7797.48 100
7798.55 100
7799.62 100
7800.7 100
7801.77 100
7802.87 100
7803.96 100
7805.04 100
7806.12 100
7807.21 100
7808.3 100
7809.38 100
7810.47 100
7811.56 100
7812.65 100
7813.73 100
7814.83 100
7815.91 100
7817.0 100
7818.08 100
7819.17 100
7820.25 100
7821.33 100
7822.42 100
7823.51 100
7824.6 100
7825.68 100
7826.76 100
7827.85 100
7828.93 100
7830.01 100
7831.09 100
7832.18 100
7833.26 100
7834.35 100
7835.44 100
7836.52 100
7837.6 100
7838.68 100
7839.76 100
7840.84 100
7841.92 100
7843.01 100
7844.1 100
7845.18 100
7846.27 100
7847.35 100
7848.44 100
7849.52 100
7850.6 100
7851.68 100
7852.76 100
7853.85 100
7854.93 100
7856.02 100
7857.1 100
7858.18 100
7859.26 100
7860.34 100
7861.43 100
7862.51 100
7863.6 100
7864.68 100
7865.76 100
7866.84 100
7867.92 100
7869.0 100
7870.08 100
7871.16 100
7872.24 100
7873.33 100
7874.42 100
7875.5 100
7876.58 100
7877.66 100
7878.73 100
7879.81 100
7880.89 100
7881.97 100
7883.06 100
7884.15 100
7885.24 100
7886.33 100
7887.42 100
7888.5 100
7889.59 100
7890.68 100
7891.76 100
7892.85 100
7893.92 100
7895.0 100
7896.07 100
7897.15 100
7898.24 100
7899.32 100
7900.41 100
7901.5 100
7902.58 100
7903.66 100
7904.74 100
7905.84 100
7906.92 100
7908.01 100
7909.09 100
7910.17 100
7911.25 100
7912.34 100
7913.42 100
7914.5 100
7915.57 100
7916.66 100
7917.75 100
7918.84 100
7919.9 100
7920.98 100
7922.07 100
7923.14 100
7924.22 100
7925.31 100
7926.4 100
7927.48 100
7928.57 100
7929.66 100
7930.75 100
7931.84 100
7932.92 100
7934.0 100
7935.07 100
7936.14 100
7937.22 100
7938.3 100
7939.38 100
7940.47 100
7941.56 100
7942.65 100
7943.74 100
7944.84 100
7945.92 100
7947.0 100
7948.08 100
7949.17 100
7950.26 100
7951.35 100
7952.43 100
7953.51 100
7954.59 100
7955.67 100
7956.75 100
7957.84 100
7958.91 100
7960.0 100
7961.08 100
7962.16 100
7963.26 100
7964.35 100
7965.44 100
7966.53 100
7967.62 100
7968.7 100
7969.78 100
7970.86 100
7971.93 100
7973.02 100
7974.11 100
7975.19 100
7976.27 100
7977.36 100
7978.44 100
7979.53 100
7980.62 100
7981.7 100
7982.78 100
7983.87 100
7984.95 100
7986.04 100
7987.12 100
7988.2 100
7989.28 100
7990.35 100
7991.44 100
7992.53 100
7993.62 100
7994.71 100
7995.8 100
7996.88 100
7997.96 100
7999.04 100
8000.12 100
8001.2 100
8002.28 100
8003.36 100
8004.45 100
8005.54 100
8006.63 100
8007.71 100
8008.79 100
8009.88 100
8010.96 100
8012.05 100
8013.14 100
8014.22 100
8015.31 100
8016.39 100
8017.48 100
8018.56 100
8019.63 100
8020.72 100
8021.82 100
8022.9 100
8023.99 100
8025.08 100
8026.14 100
8027.22 100
8028.3 100
8029.37 100
8030.44 100
8031.53 100
8032.62 100
8033.71 100
8034.8 100
8035.88 100
8036.97 100
8038.05 100
8039.13 100
8040.22 100
8041.31 100
8042.39 100
8043.48 100
8044.56 100
8045.64 100
8046.72 100
8047.82 100
8048.9 100
8049.98 100
8051.06 100
8052.14 100
8053.23 100
8054.32 100
8055.42 100
8056.51 100
8057.6 100
8058.68 100
8059.76 100
8060.85 100
8061.92 100
8063.01 100
8064.08 100
8065.16 100
8066.24 100
8067.32 100
8068.41 100
8069.5 100
8070.58 100
8071.67 100
8072.76 100
8073.84 100
8074.92 100
8076.01 100
8077.09 100
8078.17 100
8079.25 100
8080.33 100
8081.41 100
8082.49 100
8083.57 100
8084.65 100
8085.74 100
8086.83 100
8087.91 100
8089.0 100
8090.08 100
8091.16 100
8092.24 100
8093.33 100
8094.42 100
8095.5 100
8096.58 100
8097.66 100
8098.74 100
8099.84 100
8100.9 100
8101.96 100
8103.04 100
8104.12 100
8105.2 100
8106.28 100
8107.36 100
8108.45 100
8109.54 100
8110.62 100
8111.7 100
8112.78 100
8113.86 100
8114.94 100
8116.03 100
8117.11 100
8118.2 100
8119.29 100
8120.38 100
8121.45 100
8122.54 100
8123.64 100
8124.72 100
8125.82 100
8126.9 100
8127.98 100
8129.06 100
8130.14 100
8131.22 100
8132.3 100
8133.39 100
8134.48 100
8135.56 100
8136.64 100
8137.74 100
8138.82 100
8139.9 100
8140.99 100
8142.07 100
8143.14 100
8144.23 100
8145.32 100
8146.4 100
8147.49 100
8148.58 100
8149.66 100
8150.74 100
8151.83 100
8152.9 100
8153.98 100
8155.06 100
8156.15 100
8157.22 100
8158.3 100
8159.39 100
8160.48 100
8161.56 100
8162.64 100
8163.72 100
8164.82 100
8165.9 100
8166.99 100
8168.08 100
8169.16 100
8170.24 100
8171.33 100
8172.42 100
8173.51 100
8174.6 100
8175.68 100
8176.76 100
8177.85 100
8178.92 100
8180.0 100
8181.08 100
8182.17 100
8183.27 100
8184.36 100
8185.45 100
8186.54 100
8187.63 100
8188.71 100
8189.8 100
8190.88 100
8191.97 100
8193.06 100
8194.14 100
8195.22 100
8196.3 100
8197.39 100
8198.48 100
8199.56 100
8200.64 100
8201.72 100
8202.82 100
8203.9 100
8204.98 100
8206.06 100
8207.15 100
8208.24 100
8209.32 100
8210.41 100
8211.5 100
8212.57 100
8213.66 100
8214.74 100
8215.82 100
8216.9 100
8217.97 100
8219.04 100
8220.11 100
8221.2 100
8222.29 100
8223.38 100
8224.46 100
8225.56 100
8226.64 100
8227.73 100
8228.83 100
8229.9 100
8230.98 100
8232.07 100
8233.16 100
8234.24 100
8235.32 100
8236.4 100
8237.49 100
8238.58 100
8239.67 100
8240.75 100
8241.84 100
8242.92 100
8244.0 100
8245.08 100
8246.15 100
8247.24 100
8248.33 100
8249.41 100
8250.5 100
8251.58 100
8252.68 100
8253.76 100
8254.85 100
8255.92 100
8257.01 100
8258.1 100
8259.19 100
8260.27 100
8261.36 100
8262.44 100
8263.53 100
8264.61 100
8265.7 100
8266.78 100
8267.86 100
8268.94 100
8270.03 100
8271.1 100
8272.19 100
8273.27 100
8274.36 100
8275.44 100
8276.53 100
8277.62 100
8278.71 100
8279.79 100
8280.88 100
8281.96 100
8283.04 100
8284.12 100
8285.21 100
8286.3 100
8287.39 100
8288.48 100
8289.56 100
8290.65 100
8291.75 100
8292.84 100
8293.91 100
8295.0 100
8296.08 100
8297.16 100
8298.25 100
8299.34 100
8300.42 100
8301.51 100
8302.6 100
8303.68 100
8304.76 100
8305.85 100
8306.94 100
8308.04 100
8309.12 100
8310.2 100
8311.29 100
8312.38 100
8313.46 100
8314.54 100
8315.63 100
8316.71 100
8317.79 100
8318.87 100
8319.95 100
8321.03 100
8322.11 100
8323.2 100
8324.27 100
8325.35 100
8326.44 100
8327.53 100
8328.62 100
8329.7 100
8330.77 100
8331.85 100
8332.94 100
8334.03 100
8335.1 100
8336.18 100
8337.26 100
8338.34 100
8339.43 100
8340.51 100
8341.59 100
8342.68 100
8343.76 100
8344.85 100
8345.94 100
8347.02 100
8348.11 100
8349.2 100
8350.28 100
8351.36 100
8352.44 100
8353.53 100
8354.62 100
8355.71 100
8356.79 100
8357.88 100
8358.95 100
8360.03 100
8361.12 100
8362.21 100
8363.3 100
8364.39 100
8365.48 100
8366.56 100
8367.64 100
8368.72 100
8369.82 100
8370.9 100
8371.98 100
8373.06 100
8374.15 100
8375.23 100
8376.32 100
8377.4 100
8378.48 100
8379.56 100
8380.64 100
8381.72 100
8382.81 100
8383.89 100
8384.97 100
8386.06 100
8387.14 100
8388.23 100
8389.32 100
8390.4 100
8391.49 100
8392.58 100
8393.66 100
8394.76 100
8395.84 100
8396.92 100
8398.01 100
8399.09 100
8400.17 100
8401.26 100
8402.35 100
8403.44 100
8404.52 100
8405.61 100
8406.7 100
8407.78 100
8408.86 100
8409.95 100
8411.03 100
8412.1 100
8413.19 100
8414.27 100
8415.36 100
8416.44 100
8417.53 100
8418.61 100
8419.7 100
8420.78 100
8421.87 100
8422.96 100
8424.04 100
8425.12 100
8426.21 100
8427.29 100
8428.38 100
8429.46 100
8430.55 100
8431.64 100
8432.72 100
8433.82 100
8434.89 100
8435.98 100
8437.06 100
8438.14 100
8439.22 100
8440.3 100
8441.38 100
8442.46 100
8443.54 100
8444.63 100
8445.72 100
8446.81 100
8447.89 100
8448.98 100
8450.06 100
8451.14 100
8452.22 100
8453.3 100
8454.39 100
8455.47 100
8456.56 100
8457.64 100
8458.72 100
8459.81 100
8460.88 100
8461.97 100
8463.06 100
8464.14 100
8465.23 100
8466.31 100
8467.4 100
8468.49 100
8469.57 100
8470.66 100
8471.75 100
8472.84 100
8473.91 100
8475.0 100
8476.08 100
8477.16 100
8478.24 100
8479.32 100
8480.4 100
8481.48 100
8482.56 100
8483.65 100
8484.73 100
8485.82 100
8486.9 100
8487.99 100
8489.07 100
8490.15 100
8491.24 100
8492.33 100
8493.42 100
8494.5 100
8495.58 100
8496.67 100
8497.75 100
8498.84 100
8499.93 100
8501.01 100
8502.09 100
8503.17 100
8504.25 100
8505.33 100
8506.42 100
8507.5 100
8508.57 100
8509.65 100
8510.73 100
8511.82 100
8512.91 100
8513.99 100
8515.08 100
8516.16 100
8517.25 100
8518.34 100
8519.42 100
8520.5 100
8521.57 100
8522.66 100
8523.75 100
8524.83 100
8525.9 100
8526.98 100
8528.07 100
8529.15 100
8530.24 100
8531.32 100
8532.4 100
8533.48 100
8534.57 100
8535.66 100
8536.75 100
8537.84 100
8538.92 100
8540.0 100
8541.08 100
8542.16 100
8543.25 100
8544.33 100
8545.42 100
8546.51 100
8547.6 100
8548.69 100
8549.77 100
8550.85 100
8551.94 100
8553.02 100
8554.1 100
8555.18 100
8556.26 100
8557.34 100
8558.42 100
8559.5 100
8560.58 100
8561.67 100
8562.74 100
8563.82 100
8564.89 100
8565.97 100
8567.05 100
8568.13 100
8569.22 100
8570.3 100
8571.38 100
8572.47 100
8573.56 100
8574.64 100
8575.73 100
8576.81 100
8577.88 100
8578.97 100
8580.05 100
8581.13 100
8582.21 100
8583.3 100
8584.38 100
8585.46 100
8586.54 100
8587.63 100
8588.72 100
8589.82 100
8590.89 100
8591.98 100
8593.07 100
8594.14 100
8595.22 100
8596.31 100
8597.39 100
8598.47 100
8599.56 100
8600.64 100
8601.72 100
8602.81 100
8603.89 100
8604.98 100
8606.07 100
8607.15 100
8608.23 100
8609.32 100
8610.41 100
8611.5 100
8612.58 100
8613.67 100
8614.75 100
8615.84 100
8616.93 100
8618.02 100
8619.1 100
8620.19 100
8621.27 100
8622.36 100
8623.44 100
8624.52 100
8625.61 100
8626.7 100
8627.8 100
8628.87 100
8629.96 100
8631.04 100
8632.12 100
8633.22 100
8634.3 100
8635.38 100
8636.46 100
8637.54 100
8638.61 100
8639.7 100
8640.78 100
8641.86 100
8642.94 100
8644.03 100
8645.11 100
8646.2 100
8647.28 100
8648.37 100
8649.46 100
8650.55 100
8651.64 100
8652.72 100
8653.82 100
8654.88 100
8655.96 100
8657.03 100
8658.11 100
8659.2 100
8660.29 100
8661.38 100
8662.46 100
8663.55 100
8664.64 100
8665.72 100
8666.81 100
8667.89 100
8668.97 100
8670.05 100
8671.12 100
8672.22 100
8673.32 100
8674.4 100
8675.48 100
8676.55 100
8677.63 100
8678.71 100
8679.8 100
8680.88 100
8681.97 100
8683.06 100
8684.15 100
8685.24 100
8686.32 100
8687.41 100
8688.49 100
8689.58 100
8690.67 100
8691.75 100
8692.82 100
8693.9 100
8694.98 100
8696.07 100
8697.14 100
8698.22 100
8699.3 100
8700.38 100
8701.46 100
8702.54 100
8703.62 100
8704.71 100
8705.81 100
8706.88 100
8707.97 100
8709.06 100
8710.15 100
8711.23 100
8712.32 100
8713.41 100
8714.5 100
8715.58 100
8716.68 100
8717.75 100
8718.84 100
8719.93 100
8721.01 100
8722.1 100
8723.19 100
8724.27 100
8725.36 100
8726.44 100
8727.52 100
8728.6 100
8729.68 100
8730.77 100
8731.86 100
8732.94 100
8734.03 100
8735.11 100
8736.2 100
8737.28 100
8738.37 100
8739.46 100
8740.54 100
8741.62 100
8742.7 100
8743.78 100
8744.86 100
8745.94 100
8747.03 100
8748.12 100
8749.21 100
8750.3 100
8751.39 100
8752.47 100
8753.55 100
8754.64 100
8755.73 100
8756.82 100
8757.9 100
8758.98 100
8760.07 100
8761.15 100
8762.24 100
8763.32 100
8764.41 100
8765.49 100
8766.57 100
8767.66 100
8768.75 100
8769.84 100
8770.92 100
8772.01 100
8773.1 100
8774.18 100
8775.26 100
8776.36 100
8777.44 100
8778.53 100
8779.61 100
8780.7 100
8781.79 100
8782.87 100
8783.95 100
8785.03 100
8786.11 100
8787.2 100
8788.28 100
8789.36 100
8790.44 100
8791.53 100
8792.61 100
8793.7 100
8794.79 100
8795.87 100
8796.95 100
8798.03 100
8799.12 100
8800.21 100
8801.3 100
8802.38 100
8803.47 100
8804.56 100
8805.64 100
8806.73 100
8807.82 100
8808.9 100
8809.98 100
8811.07 100
8812.15 100
8813.24 100
8814.33 100
8815.41 100
8816.49 100
8817.57 100
8818.65 100
8819.74 100
8820.81 100
8821.89 100
8822.98 100
8824.06 100
8825.14 100
8826.23 100
8827.32 100
8828.4 100
8829.48 100
8830.57 100
8831.65 100
8832.74 100
8833.82 100
8834.89 100
8835.98 100
8837.06 100
8838.15 100
8839.24 100
8840.33 100
8841.42 100
8842.5 100
8843.58 100
8844.66 100
8845.75 100
8846.83 100
8847.92 100
8849.0 100
8850.08 100
8851.16 100
8852.25 100
8853.34 100
8854.42 100
8855.5 100
8856.58 100
8857.66 100
8858.75 100
8859.82 100
8860.9 100
8861.97 100
8863.06 100
8864.13 100
8865.22 100
8866.31 100
8867.4 100
8868.47 100
8869.56 100
8870.65 100
8871.74 100
8872.83 100
8873.92 100
8875.01 100
8876.09 100
8877.16 100
8878.25 100
8879.34 100
8880.43 100
8881.51 100
8882.59 100
8883.67 100
8884.76 100
8885.85 100
8886.93 100
8888.02 100
8889.1 100
8890.18 100
8891.27 100
8892.36 100
8893.45 100
8894.53 100
8895.62 100
8896.71 100
8897.8 100
8898.88 100
8899.96 100
8901.04 100
8902.12 100
8903.22 100
8904.3 100
8905.4 100
8906.47 100
8907.56 100
8908.65 100
8909.74 100
8910.82 100
8911.89 100
8912.96 100
8914.04 100
8915.12 100
8916.2 100
8917.28 100
8918.37 100
8919.46 100
8920.55 100
8921.64 100
8922.73 100
8923.82 100
8924.89 100
8925.98 100
8927.06 100
8928.15 100
8929.24 100
8930.32 100
8931.4 100
8932.48 100
8933.57 100
8934.66 100
8935.75 100
8936.83 100
8937.92 100
8939.01 100
8940.09 100
8941.17 100
8942.26 100
8943.34 100
8944.43 100
8945.51 100
8946.6 100
8947.68 100
8948.77 100
8949.85 100
8950.94 100
8952.02 100
8953.11 100
8954.2 100
8955.29 100
8956.38 100
8957.47 100
8958.56 100
8959.65 100
8960.73 100
8961.82 100
8962.89 100
8963.97 100
8965.05 100
8966.13 100
8967.21 100
8968.29 100
8969.38 100
8970.46 100
8971.56 100
8972.64 100
8973.73 100
8974.82 100
8975.9 100
8976.99 100
8978.07 100
8979.16 100
8980.25 100
8981.34 100
8982.42 100
8983.5 100
8984.58 100
8985.66 100
8986.73 100
8987.82 100
8988.9 100
8989.97 100
8991.06 100
8992.14 100
8993.24 100
8994.32 100
8995.41 100
8996.49 100
8997.57 100
8998.65 100
8999.74 100
9000.83 100
9001.91 100
9003.01 100
9004.08 100
9005.15 100
9006.24 100
9007.32 100
9008.4 100
9009.48 100
9010.56 100
9011.64 100
9012.72 100
9013.8 100
9014.88 100
9015.97 100
9017.06 100
9018.14 100
9019.22 100
9020.3 100
9021.39 100
9022.47 100
9023.55 100
9024.63 100
9025.71 100
9026.79 100
9027.86 100
9028.95 100
9030.03 100
9031.1 100
9032.18 100
9033.26 100
9034.35 100
9035.43 100
9036.51 100
9037.6 100
9038.68 100
9039.76 100
9040.85 100
9041.93 100
9043.0 100
9044.07 100
9045.15 100
9046.24 100
9047.33 100
9048.42 100
9049.5 100
9050.58 100
9051.66 100
9052.74 100
9053.83 100
9054.92 100
9056.0 100
9057.07 100
9058.15 100
9059.24 100
9060.32 100
9061.41 100
9062.5 100
9063.58 100
9064.67 100
9065.76 100
9066.85 100
9067.94 100
9069.03 100
9070.11 100
9071.2 100
9072.28 100
9073.36 100
9074.45 100
9075.53 100
9076.62 100
9077.71 100
9078.8 100
9079.87 100
9080.96 100
9082.04 100
9083.11 100
9084.2 100
9085.28 100
9086.36 100
9087.44 100
9088.53 100
9089.62 100
9090.7 100
9091.8 100
9092.87 100
9093.96 100
9095.04 100
9096.13 100
9097.22 100
9098.3 100
9099.39 100
9100.48 100
9101.57 100
9102.65 100
9103.73 100
9104.81 100
9105.89 100
9106.97 100
9108.06 100
9109.14 100
9110.23 100
9111.32 100
9112.4 100
9113.48 100
9114.56 100
9115.66 100
9116.75 100
9117.83 100
9118.92 100
9120.0 100
9121.08 100
9122.16 100
9123.24 100
9124.32 100
9125.41 100
9126.5 100
9127.58 100
9128.67 100
9129.75 100
9130.84 100
9131.92 100
9133.01 100
9134.1 100
9135.17 100
9136.26 100
9137.35 100
9138.43 100
9139.51 100
9140.6 100
9141.68 100
9142.78 100
9143.86 100
9144.94 100
9146.02 100
9147.1 100
9148.19 100
9149.27 100
9150.36 100
9151.44 100
9152.53 100
9153.62 100
9154.71 100
9155.8 100
9156.88 100
9157.96 100
9159.04 100
9160.12 100
9161.21 100
9162.3 100
9163.38 100
9164.46 100
9165.55 100
9166.64 100
9167.73 100
9168.81 100
9169.88 100
9170.96 100
9172.03 100
9173.1 100
9174.18 100
9175.26 100
9176.35 100
9177.44 100
9178.52 100
9179.6 100
9180.68 100
9181.78 100
9182.86 100
9183.94 100
9185.02 100
9186.1 100
9187.18 100
9188.27 100
9189.35 100
9190.44 100
9191.52 100
9192.6 100
9193.68 100
9194.78 100
9195.85 100
9196.93 100
9198.01 100
9199.09 100
9200.17 100
9201.26 100
9202.35 100
9203.43 100
9204.52 100
9205.6 100
9206.68 100
9207.78 100
9208.86 100
9209.93 100
9211.01 100
9212.1 100
9213.18 100
9214.27 100
9215.35 100
9216.43 100
9217.51 100
9218.6 100
9219.68 100
9220.77 100
9221.85 100
9222.93 100
9224.01 100
9225.09 100
9226.17 100
9227.26 100
9228.34 100
9229.42 100
9230.5 100
9231.58 100
9232.66 100
9233.74 100
9234.82 100
9235.9 100
9236.98 100
9238.07 100
9239.15 100
9240.23 100
9241.32 100
9242.4 100
9243.47 100
9244.55 100
9245.64 100
9246.72 100
9247.8 100
9248.86 100
9249.94 100
9251.03 100
9252.12 100
9253.2 100
9254.28 100
9255.37 100
9256.45 100
9257.54 100
9258.63 100
9259.71 100
9260.8 100
9261.86 100
9262.95 100
9264.04 100
9265.12 100
9266.21 100
9267.3 100
9268.38 100
9269.46 100
9270.54 100
9271.64 100
9272.72 100
9273.81 100
9274.88 100
9275.97 100
9277.06 100
9278.14 100
9279.23 100
9280.32 100
9281.4 100
9282.48 100
9283.57 100
9284.66 100
9285.73 100
9286.82 100
9287.91 100
9289.0 100
9290.08 100
9291.16 100
9292.24 100
9293.31 100
9294.4 100
9295.48 100
9296.57 100
9297.66 100
9298.74 100
9299.82 100
9300.91 100
9301.99 100
9303.08 100
9304.15 100
9305.23 100
9306.31 100
9307.4 100
9308.47 100
9309.56 100
9310.65 100
9311.74 100
9312.83 100
9313.92 100
9315.0 100
9316.08 100
9317.16 100
9318.25 100
9319.33 100
9320.41 100
9321.5 100
9322.57 100
9323.65 100
9324.74 100
9325.83 100
9326.91 100
9328.0 100
9329.06 100
9330.14 100
9331.22 100
9332.3 100
9333.39 100
9334.48 100
9335.56 100
9336.65 100
9337.74 100
9338.82 100
9339.91 100
9340.99 100
9342.08 100
9343.16 100
9344.25 100
9345.34 100
9346.42 100
9347.51 100
9348.6 100
9349.68 100
9350.77 100
9351.85 100
9352.94 100
9354.02 100
9355.11 100
9356.2 100
9357.28 100
9358.36 100
9359.44 100
9360.52 100
9361.61 100
9362.7 100
9363.79 100
9364.86 100
9365.95 100
9367.04 100
9368.12 100
9369.21 100
9370.3 100
9371.39 100
9372.48 100
9373.57 100
9374.66 100
9375.75 100
9376.84 100
9377.92 100
9379.01 100
9380.1 100
9381.18 100
9382.26 100
9383.34 100
9384.42 100
9385.52 100
9386.6 100
9387.68 100
9388.77 100
9389.85 100
9390.93 100
9392.01 100
9393.09 100
9394.17 100
9395.25 100
9396.33 100
9397.41 100
9398.5 100
9399.58 100
9400.67 100
9401.77 100
9402.84 100
9403.92 100
9405.01 100
9406.1 100
9407.19 100
9408.27 100
9409.36 100
9410.45 100
9411.54 100
9412.62 100
9413.7 100
9414.79 100
9415.87 100
9416.95 100
9418.04 100
9419.12 100
9420.21 100
9421.3 100
9422.38 100
9423.46 100
9424.54 100
9425.63 100
9426.72 100
9427.81 100
9428.9 100
9429.98 100
9431.06 100
9432.13 100
9433.21 100
9434.29 100
9435.37 100
9436.45 100
9437.53 100
9438.61 100
9439.69 100
9440.77 100
9441.83 100
9442.9 100
9443.97 100
9445.05 100
9446.13 100
9447.22 100
9448.3 100
9449.38 100
9450.47 100
9451.56 100
9452.63 100
9453.72 100
9454.81 100
9455.89 100
9456.97 100
9458.05 100
9459.13 100
9460.21 100
9461.29 100
9462.36 100
9463.44 100
9464.53 100
9465.61 100
9466.7 100
9467.79 100
9468.86 100
9469.96 100
9471.04 100
9472.11 100
9473.2 100
9474.28 100
9475.37 100
9476.46 100
9477.54 100
9478.64 100
9479.72 100
9480.8 100
9481.87 100
9482.95 100
9484.04 100
9485.12 100
9486.21 100
9487.3 100
9488.39 100
9489.46 100
9490.54 100
9491.63 100
9492.71 100
9493.81 100
9494.9 100
9495.97 100
9497.06 100
9498.14 100
9499.24 100
9500.32 100
9501.42 100
9502.51 100
9503.6 100
9504.68 100
9505.79 100
9506.86 100
9507.94 100
9509.03 100
9510.12 100
9511.21 100
9512.3 100
9513.38 100
9514.46 100
9515.54 100
9516.63 100
9517.72 100
9518.81 100
9519.89 100
9520.97 100
9522.05 100
9523.13 100
9524.22 100
9525.3 100
9526.38 100
9527.46 100
9528.55 100
9529.64 100
9530.72 100
9531.8 100
9532.86 100
9533.94 100
9535.03 100
9536.12 100
9537.21 100
9538.31 100
9539.4 100
9540.47 100
9541.56 100
9542.65 100
9543.73 100
9544.81 100
9545.89 100
9546.98 100
9548.06 100
9549.14 100
9550.24 100
9551.32 100
9552.42 100
9553.51 100
9554.59 100
9555.68 100
9556.77 100
9557.85 100
9558.94 100
9560.03 100
9561.12 100
9562.2 100
9563.29 100
9564.38 100
9565.46 100
9566.56 100
9567.64 100
9568.72 100
9569.81 100
9570.89 100
9571.97 100
9573.05 100
9574.13 100
9575.22 100
9576.31 100
9577.39 100
9578.48 100
9579.56 100
9580.65 100
9581.74 100
9582.82 100
9583.9 100
9584.98 100
9586.08 100
9587.16 100
9588.25 100
9589.34 100
9590.43 100
9591.51 100
9592.6 100
9593.68 100
9594.78 100
9595.85 100
9596.94 100
9598.01 100
9599.1 100
9600.18 100
9601.27 100
9602.34 100
9603.43 100
9604.52 100
9605.6 100
9606.68 100
9607.77 100
9608.84 100
9609.92 100
9611.0 100
9612.06 100
9613.13 100
9614.2 100
9615.28 100
9616.38 100
9617.46 100
9618.54 100
9619.62 100
9620.72 100
9621.8 100
9622.87 100
9623.96 100
9625.05 100
9626.13 100
9627.21 100
9628.3 100
9629.37 100
9630.45 100
9631.53 100
9632.62 100
9633.71 100
9634.79 100
9635.87 100
9636.95 100
9638.04 100
9639.12 100
9640.21 100
9641.3 100
9642.38 100
9643.46 100
9644.55 100
9645.64 100
9646.73 100
9647.81 100
9648.9 100
9649.98 100
9651.06 100
9652.14 100
9653.22 100
9654.31 100
9655.4 100
9656.48 100
9657.57 100
9658.65 100
9659.74 100
9660.83 100
9661.91 100
9663.0 100
9664.08 100
9665.16 100
9666.25 100
9667.34 100
9668.43 100
9669.51 100
9670.6 100
9671.69 100
9672.77 100
9673.84 100
9674.92 100
9676.01 100
9677.1 100
9678.18 100
9679.26 100
9680.34 100
9681.44 100
9682.53 100
9683.62 100
9684.71 100
9685.8 100
9686.87 100
9687.96 100
9689.04 100
9690.12 100
9691.21 100
9692.31 100
9693.39 100
9694.48 100
9695.57 100
9696.65 100
9697.74 100
9698.82 100
9699.9 100
9700.98 100
9702.06 100
9703.13 100
9704.21 100
9705.3 100
9706.38 100
9707.47 100
9708.56 100
9709.64 100
9710.72 100
9711.81 100
9712.89 100
9713.98 100
9715.06 100
9716.13 100
9717.22 100
9718.3 100
9719.38 100
9720.46 100
9721.55 100
9722.64 100
9723.73 100
9724.82 100
9725.9 100
9726.99 100
9728.08 100
9729.15 100
9730.24 100
9731.32 100
9732.41 100
9733.49 100
9734.57 100
9735.66 100
9736.76 100
9737.83 100
9738.92 100
9740.0 100
9741.07 100
9742.15 100
9743.23 100
9744.32 100
9745.41 100
9746.49 100
9747.59 100
9748.66 100
9749.74 100
9750.83 100
9751.91 100
9753.0 100
9754.07 100
9755.16 100
9756.25 100
9757.34 100
9758.42 100
9759.51 100
9760.6 100
9761.68 100
9762.77 100
9763.85 100
9764.93 100
9766.01 100
9767.09 100
9768.17 100
9769.26 100
9770.35 100
9771.44 100
9772.52 100
9773.61 100
9774.69 100
9775.78 100
9776.86 100
9777.94 100
9779.02 100
9780.1 100
9781.18 100
9782.26 100
9783.35 100
9784.44 100
9785.53 100
9786.61 100
9787.7 100
9788.78 100
9789.86 100
9790.94 100
9792.03 100
9793.1 100
9794.19 100
9795.27 100
9796.36 100
9797.44 100
9798.53 100
9799.62 100
9800.71 100
9801.78 100
9802.85 100
9803.94 100
9805.02 100
9806.1 100
9807.18 100
9808.26 100
9809.35 100
9810.43 100
9811.52 100
9812.62 100
9813.71 100
9814.79 100
9815.87 100
9816.94 100
9818.02 100
9819.1 100
9820.18 100
9821.25 100
9822.34 100
9823.42 100
9824.51 100
9825.6 100
9826.68 100
9827.77 100
9828.85 100
9829.94 100
9831.03 100
9832.1 100
9833.19 100
9834.27 100
9835.35 100
9836.44 100
9837.53 100
9838.62 100
9839.7 100
9840.78 100
9841.86 100
9842.94 100
9844.03 100
9845.11 100
9846.19 100
9847.27 100
9848.36 100
9849.44 100
9850.52 100
9851.6 100
9852.68 100
9853.77 100
9854.84 100
9855.92 100
9857.01 100
9858.09 100
9859.16 100
9860.25 100
9861.34 100
9862.42 100
9863.51 100
9864.59 100
9865.67 100
9866.75 100
9867.82 100
9868.91 100
9870.0 100
9871.08 100
9872.16 100
9873.25 100
9874.34 100
9875.42 100
9876.5 100
9877.57 100
9878.66 100
9879.76 100
9880.84 100
9881.93 100
9883.02 100
9884.1 100
9885.18 100
9886.27 100
9887.35 100
9888.44 100
9889.53 100
9890.62 100
9891.71 100
9892.8 100
9893.86 100
9894.94 100
9896.02 100
9897.1 100
9898.17 100
9899.27 100
9900.36 100
9901.45 100
9902.54 100
9903.63 100
9904.72 100
9905.8 100
9906.88 100
9907.96 100
9909.04 100
9910.13 100
9911.23 100
9912.32 100
9913.4 100
9914.47 100
9915.55 100
9916.63 100
9917.72 100
9918.81 100
9919.9 100
9920.97 100
9922.06 100
9923.15 100
9924.24 100
9925.33 100
9926.41 100
9927.5 100
9928.58 100
9929.66 100
9930.77 100
9931.84 100
9932.93 100
9934.02 100
9935.1 100
9936.18 100
9937.27 100
9938.36 100
9939.44 100
9940.52 100
9941.61 100
9942.7 100
9943.78 100
9944.86 100
9945.95 100
9947.04 100
9948.12 100
9949.21 100
9950.29 100
9951.38 100
9952.46 100
9953.54 100
9954.63 100
9955.71 100
9956.8 100
9957.88 100
9958.97 100
9960.06 100
9961.15 100
9962.23 100
9963.32 100
9964.4 100
9965.47 100
9966.55 100
9967.64 100
9968.71 100
9969.8 100
9970.88 100
9971.96 100
9973.04 100
9974.12 100
9975.2 100
9976.27 100
9977.34 100
9978.42 100
9979.5 100
9980.57 100
9981.65 100
9982.75 100
9983.83 100
9984.92 100
9986.0 100
9987.08 100
9988.16 100
9989.25 100
9990.34 100
9991.42 100
9992.51 100
9993.6 100
9994.68 100
9995.77 100
9996.85 100
9997.93 100
9999.01 100
10000.1 100
10001.22 100
10002.34 100
10003.47 100
10004.58 100
10005.71 100
10006.83 100
10007.95 100
10009.08 100
10010.2 100
10011.32 100
10012.45 100
10013.57 100
10014.68 100
10015.8 100
10016.92 100
10018.04 100
10019.15 100
10020.28 100
10021.4 100
10022.52 100
10023.64 100
10024.77 100
10025.9 100
10027.02 100
10028.14 100
10029.27 100
10030.4 100
10031.52 100
10032.64 100
10033.77 100
10034.89 100
10036.02 100
10037.14 100
10038.26 100
10039.38 100
10040.51 100
10041.63 100
10042.76 100
10043.88 100
10045.0 100
10046.12 100
10047.23 100
10048.36 100
10049.47 100
10050.6 100
10051.7 100
10052.82 100
10053.93 100
10055.05 100
10056.18 100
10057.3 100
10058.42 100
10059.54 100
10060.67 100
10061.8 100
10062.92 100
10064.04 100
10065.16 100
10066.29 100
10067.42 100
10068.55 100
10069.68 100
10070.8 100
10071.92 100
10073.05 100
10074.17 100
10075.29 100
10076.41 100
10077.54 100
10078.66 100
10079.78 100
10080.9 100
10082.0 100
10083.1 100
10084.22 100
10085.34 100
10086.48 100
10087.6 100
10088.72 100
10089.84 100
10090.96 100
10092.09 100
10093.21 100
10094.34 100
10095.46 100
10096.59 100
10097.71 100
10098.84 100
10099.96 100
10101.09 100
10102.21 100
10103.33 100
10104.45 100
10105.57 100
10106.69 100
10107.81 100
10108.94 100
10110.06 100
10111.18 100
10112.3 100
10113.42 100
10114.54 100
10115.66 100
10116.78 100
10117.92 100
10119.04 100
10120.16 100
10121.28 100
10122.4 100
10123.52 100
10124.64 100
10125.77 100
10126.9 100
10128.01 100
10129.13 100
10130.26 100
10131.38 100
10132.5 100
10133.61 100
10134.75 100
10135.88 100
10137.0 100
10138.12 100
10139.25 100
10140.38 100
10141.51 100
10142.64 100
10143.76 100
10144.89 100
10146.02 100
10147.14 100
10148.27 100
10149.39 100
10150.52 100
10151.64 100
10152.77 100
10153.9 100
10155.02 100
10156.14 100
10157.26 100
10158.38 100
10159.51 100
10160.64 100
10161.76 100
10162.88 100
10164.0 100
10165.12 100
10166.24 100
10167.37 100
10168.49 100
10169.62 100
10170.75 100
10171.88 100
10173.0 100
10174.12 100
10175.25 100
10176.38 100
10177.5 100
10178.62 100
10179.76 100
10180.89 100
10182.02 100
10183.14 100
10184.26 100
10185.39 100
10186.52 100
10187.64 100
10188.77 100
10189.9 100
10191.02 100
10192.13 100
10193.25 100
10194.38 100
10195.5 100
10196.62 100
10197.74 100
10198.87 100
10200.0 100
10201.12 100
10202.24 100
10203.36 100
10204.49 100
10205.61 100
10206.75 100
10207.87 100
10208.98 100
10210.11 100
10211.23 100
10212.36 100
10213.48 100
10214.6 100
10215.71 100
10216.84 100
10217.96 100
10219.09 100
10220.22 100
10221.35 100
10222.48 100
10223.61 100
10224.73 100
10225.87 100
10226.99 100
10228.11 100
10229.24 100
10230.36 100
10231.48 100
10232.61 100
10233.74 100
10234.87 100
10235.99 100
10237.11 100
10238.24 100
10239.36 100
10240.49 100
10241.61 100
10242.74 100
10243.88 100
10245.0 100
10246.11 100
10247.24 100
10248.36 100
10249.49 100
10250.61 100
10251.74 100
10252.86 100
10253.99 100
10255.11 100
10256.24 100
10257.36 100
10258.48 100
10259.6 100
10260.72 100
10261.84 100
10262.96 100
10264.08 100
10265.2 100
10266.32 100
10267.45 100
10268.57 100
10269.7 100
10270.82 100
10271.94 100
10273.06 100
10274.17 100
10275.28 100
10276.4 100
10277.51 100
10278.64 100
10279.76 100
10280.88 100
10282.01 100
10283.12 100
10284.25 100
10285.38 100
10286.5 100
10287.62 100
10288.75 100
10289.88 100
10291.0 100
10292.12 100
10293.26 100
10294.38 100
10295.51 100
10296.63 100
10297.76 100
10298.88 100
10300.0 100
10301.12 100
10302.25 100
10303.38 100
10304.51 100
10305.64 100
10306.76 100
10307.88 100
10309.0 100
10310.1 100
10311.22 100
10312.34 100
10313.48 100
10314.6 100
10315.71 100
10316.83 100
10317.95 100
10319.08 100
10320.2 100
10321.32 100
10322.44 100
10323.56 100
10324.68 100
10325.8 100
10326.92 100
10328.05 100
10329.16 100
10330.28 100
10331.4 100
10332.52 100
10333.65 100
10334.77 100
10335.9 100
10337.02 100
10338.14 100
10339.26 100
10340.38 100
10341.5 100
10342.63 100
10343.75 100
10344.88 100
10346.0 100
10347.12 100
10348.25 100
10349.38 100
10350.5 100
10351.62 100
10352.75 100
10353.88 100
10355.0 100
10356.12 100
10357.24 100
10358.37 100
10359.5 100
10360.62 100
10361.75 100
10362.88 100
10364.0 100
10365.12 100
10366.24 100
10367.37 100
10368.5 100
10369.62 100
10370.75 100
10371.87 100
10372.98 100
10374.11 100
10375.24 100
10376.36 100
10377.48 100
10378.6 100
10379.72 100
10380.84 100
10381.96 100
10383.09 100
10384.2 100
10385.31 100
10386.44 100
10387.56 100
10388.68 100
10389.81 100
10390.93 100
10392.06 100
10393.17 100
10394.3 100
10395.42 100
10396.55 100
10397.67 100
10398.8 100
10399.92 100
10401.04 100
10402.16 100
10403.29 100
10404.42 100
10405.54 100
10406.66 100
10407.79 100
10408.9 100
10410.02 100
10411.13 100
10412.26 100
10413.39 100
10414.52 100
10415.64 100
10416.77 100
10417.89 100
10419.01 100
10420.13 100
10421.26 100
10422.38 100
10423.5 100
10424.63 100
10425.75 100
10426.88 100
10428.01 100
10429.12 100
10430.24 100
10431.36 100
10432.48 100
10433.6 100
10434.72 100
10435.84 100
10436.96 100
10438.09 100
10439.2 100
10440.31 100
10441.44 100
10442.55 100
10443.67 100
10444.8 100
10445.9 100
10447.02 100
10448.14 100
10449.26 100
10450.38 100
10451.49 100
10452.61 100
10453.74 100
10454.86 100
10455.99 100
10457.11 100
10458.24 100
10459.36 100
10460.49 100
10461.61 100
10462.74 100
10463.86 100
10464.98 100
10466.11 100
10467.24 100
10468.36 100
10469.48 100
10470.6 100
10471.72 100
10472.84 100
10473.97 100
10475.1 100
10476.22 100
10477.35 100
10478.47 100
10479.6 100
10480.72 100
10481.84 100
10482.97 100
10484.1 100
10485.22 100
10486.35 100
10487.47 100
10488.59 100
10489.72 100
10490.84 100
10491.95 100
10493.07 100
10494.19 100
10495.32 100
10496.45 100
10497.57 100
10498.7 100
10499.82 100
10500.95 100
10502.08 100
10503.2 100
10504.32 100
10505.45 100
10506.58 100
10507.71 100
10508.84 100
10509.97 100
10511.1 100
10512.23 100
10513.35 100
10514.48 100
10515.6 100
10516.73 100
10517.86 100
10518.98 100
10520.11 100
10521.23 100
10522.36 100
10523.49 100
10524.61 100
10525.74 100
10526.86 100
10527.98 100
10529.09 100
10530.2 100
10531.32 100
10532.44 100
10533.56 100
10534.69 100
10535.82 100
10536.94 100
10538.07 100
10539.18 100
10540.32 100
10541.44 100
10542.56 100
10543.68 100
10544.81 100
10545.94 100
10547.07 100
10548.19 100
10549.31 100
10550.43 100
10551.56 100
10552.68 100
10553.8 100
10554.92 100
10556.04 100
10557.15 100
10558.26 100
10559.38 100
10560.5 100
10561.62 100
10562.75 100
10563.87 100
10564.98 100
10566.1 100
10567.23 100
10568.36 100
10569.48 100
10570.6 100
10571.72 100
10572.84 100
10573.96 100
10575.08 100
10576.2 100
10577.32 100
10578.45 100
10579.58 100
10580.7 100
10581.82 100
10582.95 100
10584.08 100
10585.2 100
10586.32 100
10587.44 100
10588.57 100
10589.7 100
10590.81 100
10591.94 100
10593.06 100
10594.18 100
10595.31 100
10596.43 100
10597.56 100
10598.68 100
10599.8 100
10600.92 100
10602.04 100
10603.16 100
10604.29 100
10605.41 100
10606.53 100
10607.65 100
10608.77 100
10609.9 100
10611.01 100
10612.13 100
10613.26 100
10614.38 100
10615.5 100
10616.62 100
10617.74 100
10618.87 100
10620.0 100
10621.12 100
10622.25 100
10623.37 100
10624.5 100
10625.62 100
10626.74 100
10627.88 100
10629.0 100
10630.12 100
10631.25 100
10632.38 100
10633.5 100
10634.61 100
10635.74 100
10636.86 100
10637.98 100
10639.1 100
10640.21 100
10641.33 100
10642.46 100
10643.59 100
10644.71 100
10645.84 100
10646.96 100
10648.09 100
10649.21 100
10650.34 100
10651.47 100
10652.6 100
10653.72 100
10654.85 100
10655.98 100
10657.11 100
10658.23 100
10659.36 100
10660.48 100
10661.61 100
10662.74 100
10663.88 100
10665.0 100
10666.12 100
10667.24 100
10668.36 100
10669.48 100
10670.6 100
10671.73 100
10672.86 100
10673.99 100
10675.1 100
10676.23 100
10677.35 100
10678.48 100
10679.6 100
10680.72 100
10681.84 100
10682.96 100
10684.08 100
10685.2 100
10686.31 100
10687.43 100
10688.54 100
10689.66 100
10690.78 100
10691.9 100
10693.01 100
10694.13 100
10695.26 100
10696.38 100
10697.51 100
10698.64 100
10699.76 100
10700.88 100
10702.0 100
10703.12 100
10704.24 100
10705.36 100
10706.48 100
10707.61 100
10708.74 100
10709.87 100
10710.99 100
10712.1 100
10713.22 100
10714.34 100
10715.46 100
10716.58 100
10717.7 100
10718.82 100
10719.94 100
10721.06 100
10722.17 100
10723.28 100
10724.4 100
10725.52 100
10726.65 100
10727.77 100
10728.9 100
10730.02 100
10731.14 100
10732.27 100
10733.4 100
10734.52 100
10735.64 100
10736.76 100
10737.89 100
10739.02 100
10740.14 100
10741.26 100
10742.38 100
10743.51 100
10744.64 100
10745.76 100
10746.89 100
10748.01 100
10749.13 100
10750.26 100
10751.38 100
10752.52 100
10753.64 100
10754.76 100
10755.89 100
10757.01 100
10758.14 100
10759.26 100
10760.38 100
10761.5 100
10762.62 100
10763.74 100
10764.87 100
10765.99 100
10767.12 100
10768.25 100
10769.38 100
10770.5 100
10771.62 100
10772.74 100
10773.86 100
10774.98 100
10776.1 100
10777.22 100
10778.34 100
10779.46 100
10780.58 100
10781.7 100
10782.8 100
10783.9 100
10785.01 100
10786.11 100
10787.23 100
10788.34 100
10789.46 100
10790.58 100
10791.7 100
10792.82 100
10793.94 100
10795.07 100
10796.18 100
10797.31 100
10798.43 100
10799.56 100
10800.68 100
10801.81 100
10802.94 100
10804.06 100
10805.18 100
10806.3 100
10807.42 100
10808.56 100
10809.68 100
10810.81 100
10811.94 100
10813.06 100
10814.18 100
10815.3 100
10816.42 100
10817.54 100
10818.65 100
10819.78 100
10820.9 100
10822.03 100
10823.14 100
10824.26 100
10825.39 100
10826.52 100
10827.64 100
10828.77 100
10829.89 100
10831.01 100
10832.12 100
10833.24 100
10834.37 100
10835.5 100
10836.62 100
10837.74 100
10838.86 100
10839.99 100
10841.1 100
10842.22 100
10843.35 100
10844.48 350
10845.68 350
10846.9 100
10848.1 350
10849.3 350
10850.5 100
10851.7 100
10852.92 350
10854.11 350
10855.31 100
10856.52 350
10857.73 350
10858.94 100
10860.14 100
10861.36 350
10862.57 100
10863.78 100
10864.98 350
10866.18 350
10867.38 100
10868.58 100
10869.79 100
10871.0 350
10872.2 350
10873.4 350
10874.61 100
10875.82 100
10877.03 350
10878.23 350
10879.44 100
10880.65 350
10881.87 350
10883.07 100
10884.26 100
10885.48 350
10886.68 350
10887.9 100
10889.1 350
10890.3 350
10891.5 100
10892.72 100
10893.92 100
10895.12 350
10896.33 350
10897.55 350
10898.76 350
10899.96 100
10901.16 100
10902.37 100
10903.58 350
10904.79 350
10905.98 100
10907.19 350
10908.39 350
10909.6 350
10910.8 350
10912.0 100
10913.2 100
10914.39 100
10915.6 350
10916.8 350
10918.01 100
10919.21 100
10920.42 350
10921.63 350
10922.84 350
10924.05 100
10925.25 100
10926.46 100
10927.68 350
10928.88 350
10930.08 350
10931.28 350
10932.48 100
10933.68 350
10934.89 350
10936.09 100
10937.28 100
10938.49 350
10939.69 100
10940.9 100
10942.1 350
10943.31 350
10944.52 100
10945.73 100
10946.94 100
10948.15 350
10949.36 350
10950.56 100
10951.77 100
10952.98 350
10954.19 350
10955.4 350
10956.6 100
10957.79 100
10959.0 350
10960.2 100
10961.4 100
10962.6 100
10963.8 100
10965.0 350
10966.2 350
10967.4 350
10968.59 100
10969.8 100
10971.0 100
10972.19 350
10973.4 350
10974.6 350
10975.8 350
10977.01 100
10978.21 100
10979.42 100
10980.62 350
10981.84 350
10983.04 100
10984.24 100
10985.45 350
10986.66 350
10987.88 350
10989.08 100
10990.28 100
10991.48 100
10992.68 350
10993.89 350
10995.09 100
10996.29 100
10997.5 350
10998.7 350
10999.92 350
11001.12 100
11002.33 100
11003.54 350
11004.74 350
11005.95 100
11007.16 350
11008.37 350
11009.58 100
11010.78 100
11011.99 100
11013.19 350
11014.4 350
11015.59 100
11016.8 100
11018.0 350
11019.2 350
11020.4 350
11021.61 100
11022.82 100
11024.02 100
11025.22 350
11026.44 350
11027.64 100
11028.85 100
11030.06 350
11031.26 350
11032.47 350
11033.67 100
11034.89 100
11036.1 350
11037.31 350
11038.52 100
11039.73 350
11040.94 350
11042.14 100
11043.35 100
11044.55 100
11045.75 350
11046.96 350
11048.15 100
11049.35 100
11050.56 350
11051.77 350
11052.98 350
11054.18 100
11055.39 100
11056.6 100
11057.8 350
11059.0 350
11060.19 100
11061.4 100
11062.6 350
11063.8 350
11065.0 100
11066.2 350
11067.4 350
11068.6 100
11069.8 100
11071.0 350
11072.2 350
11073.4 350
11074.61 100
11075.82 100
11077.02 350
11078.22 350
11079.42 100
11080.63 100
11081.86 100
11083.07 350
11084.27 350
11085.48 350
11086.68 100
11087.9 100
11089.1 350
11090.31 350
11091.51 100
11092.73 350
11093.94 350
11095.14 100
11096.35 100
11097.56 350
11098.76 100
11099.97 100
11101.18 350
11102.4 350
11103.59 100
11104.8 100
11106.0 350
11107.19 100
11108.4 100
11109.6 100
11110.79 100
11112.0 350
11113.19 350
11114.4 100
11115.6 350
11116.8 350
11118.0 100
11119.2 350
11120.4 350
11121.6 350
11122.81 350
11124.02 100
11125.22 100
11126.42 100
11127.62 350
11128.83 350
11130.04 100
11131.24 350
11132.45 350
11133.66 100
11134.87 100
11136.08 350
11137.28 350
11138.49 350
11139.71 100
11140.91 100
11142.12 100
11143.33 100
11144.54 350
11145.74 350
11146.94 100
11148.15 350
11149.36 350
11150.56 350
11151.77 100
11152.98 100
11154.18 100
11155.39 100
11156.61 350
11157.82 350
11159.02 100
11160.23 350
11161.44 350
11162.64 100
11163.86 350
11165.07 350
11166.27 100
11167.48 100
11168.69 350
11169.91 350
11171.12 350
11172.33 100
11173.54 100
11174.74 100
11175.95 100
11177.16 350
11178.37 350
11179.58 100
11180.79 350
11182.0 350
11183.2 100
11184.4 350
11185.6 350
11186.8 350
11188.0 350
11189.19 100
11190.4 350
11191.61 350
11192.82 100
11194.03 100
11195.23 100
11196.44 350
11197.64 350
11198.86 350
11200.07 350
11201.26 100
11202.46 100
11203.68 350
11204.89 100
11206.09 100
11207.29 100
11208.5 100
11209.71 350
11210.92 350
11212.12 100
11213.33 350
11214.53 350
11215.74 350
11216.94 100
11218.14 100
11219.34 100
11220.54 100
11221.75 350
11222.95 350
11224.15 100
11225.36 350
11226.56 350
11227.77 350
11228.98 100
11230.18 100
11231.4 350
11232.6 350
11233.79 100
11235.0 100
11236.2 350
11237.39 350
11238.59 100
11239.8 100
11241.0 100
11242.2 350
11243.4 350
11244.59 100
11245.8 350
11247.0 350
11248.2 350
11249.41 350
11250.62 100
11251.85 350
11253.05 350
11254.25 100
11255.45 100
11256.65 100
11257.86 350
11259.07 350
11260.27 350
11261.48 350
11262.68 100
11263.9 350
11265.11 350
11266.32 100
11267.53 100
11268.74 350
11269.95 350
11271.16 100
11272.36 350
11273.56 350
11274.77 100
11275.98 100
11277.18 350
11278.38 100
11279.58 100
11280.79 350
11282.0 350
11283.19 100
11284.4 350
11285.6 350
11286.8 100
11287.99 100
11289.2 350
11290.39 100
11291.6 100
11292.81 100
11294.02 100
11295.22 350
11296.42 350
11297.62 100
11298.84 350
11300.04 350
11301.24 100
11302.45 100
11303.65 100
11304.87 350
11306.08 350
11307.28 350
11308.48 350
11309.71 350
11310.92 350
11312.13 350
11313.34 350
11314.55 350
11315.76 350
11316.96 350
11318.17 350
11319.38 350
11320.59 350
11321.8 350
11323.0 350
11324.2 350
11325.4 350
11326.61 350
11327.82 350
11329.03 350
11330.22 350
11331.42 350
11332.62 350
11333.84 350
11335.04 350
11336.25 350
11337.46 350
11338.67 350
11339.88 350
11341.09 350
11342.29 350
11343.5 350
11344.72 350
11345.93 350
11347.14 350
11348.35 350
11349.56 350
11350.77 350
11351.98 350
11353.19 350
11354.4 350
11355.6 350
11356.8 350
11358.0 350
11359.2 350
11360.42 350
11361.63 350
11362.85 350
11364.05 350
11365.25 350
11366.46 350
11367.67 350
11368.88 350
11370.09 350
11371.29 350
11372.5 350
11373.72 350
11374.93 350
11376.14 350
11377.35 350
11378.56 350
11379.77 350
11380.98 350
11382.19 350
11383.4 350
11384.6 350
11385.8 350
11387.01 350
11388.21 350
11389.43 350
11390.64 350
11391.86 350
11393.07 350
11394.27 350
11395.48 350
11396.68 350
11397.9 350
11399.1 350
11400.32 350
11401.52 350
11402.73 350
11403.94 350
11405.15 350
11406.36 350
11407.57 350
11408.78 350
11409.99 350
11411.2 350
11412.4 350
11413.61 350
11414.83 350
11416.04 350
11417.25 350
11418.45 350
11419.66 350
11420.88 350
11422.08 350
11423.28 350
11424.49 350
11425.7 350
11426.9 350
11428.1 350
11429.31 350
11430.52 350
11431.73 350
11432.94 350
11434.16 350
11435.37 350
11436.58 350
11437.79 350
11439.0 350
11440.2 350
11441.4 350
11442.61 350
11443.84 350
11445.04 350
11446.25 350
11447.47 350
11448.68 350
11449.89 350
11451.1 350
11452.31 350
11453.52 350
11454.72 350
11455.93 350
11457.14 350
11458.35 350
11459.56 350
11460.77 350
11461.98 350
11463.19 350
11464.4 350
11465.6 350
11466.8 350
11468.0 350
11469.2 350
11470.4 350
11471.61 350
11472.84 350
11474.05 350
11475.26 350
11476.47 350
11477.68 350
11478.9 350
11480.11 350
11481.32 350
11482.53 350
11483.74 350
11484.95 350
11486.16 350
11487.37 350
11488.58 350
11489.79 350
11491.0 350
11492.2 350
11493.4 350
11494.61 350
11495.84 350
11497.04 350
11498.24 350
11499.45 350
11500.67 350
11501.88 350
11503.09 350
11504.3 350
11505.51 350
11506.72 350
11507.93 350
11509.15 350
11510.36 350
11511.56 350
11512.77 350
11513.99 350
11515.2 350
11516.4 350
11517.61 350
11518.84 350
11520.04 350
11521.24 350
11522.45 350
11523.66 350
11524.88 350
11526.08 350
11527.28 350
11528.49 350
11529.71 350
11530.92 350
11532.12 350
11533.34 350
11534.55 350
11535.76 350
11536.97 350
11538.18 350
11539.39 350
11540.6 350
11541.8 350
11543.0 350
11544.2 350
11545.4 350
11546.62 350
11547.84 350
11549.04 350
11550.24 350
11551.45 350
11552.66 350
11553.88 350
11555.08 350
11556.28 350
11557.49 350
11558.71 350
11559.92 350
11561.13 350
11562.34 350
11563.55 350
11564.76 350
11565.96 350
11567.16 350
11568.37 350
11569.58 350
11570.78 350
11571.99 350
11573.2 350
11574.41 350
11575.62 350
11576.84 350
11578.04 350
11579.25 350
11580.46 350
11581.67 350
11582.88 350
11584.09 350
11585.29 350
11586.5 350
11587.71 350
11588.92 350
11590.13 350
11591.35 350
11592.56 350
11593.76 350
11594.97 350
11596.18 350
11597.39 350
11598.6 350
11599.8 350
11601.0 350
11602.2 350
11603.4 350
11604.61 350
11605.83 350
11607.04 350
11608.24 350
11609.45 350
11610.65 350
11611.87 350
11613.08 350
11614.28 350
11615.49 350
11616.71 350
11617.92 350
11619.13 350
11620.34 350
11621.56 350
11622.76 350
11623.96 350
11625.16 350
11626.37 350
11627.58 350
11628.79 350
11630.0 350
11631.2 350
11632.4 350
11633.61 350
11634.84 350
11636.04 350
11637.25 350
11638.46 350
11639.67 350
11640.89 350
11642.1 350
11643.31 350
11644.52 350
11645.73 350
11646.95 350
11648.16 350
11649.36 350
11650.57 350
11651.78 350
11652.99 350
11654.2 350
11655.4 350
11656.6 350
11657.8 350
11658.99 350
11660.19 350
11661.4 350
11662.6 350
11663.81 350
11665.02 350
11666.22 350
11667.43 350
11668.64 350
11669.86 350
11671.07 350
11672.27 350
11673.48 350
11674.69 350
11675.9 350
11677.1 350
11678.31 350
11679.52 350
11680.73 350
11681.94 350
11683.15 350
11684.36 350
11685.56 350
11686.77 350
11687.98 350
11689.19 350
11690.39 350
11691.59 350
11692.8 350
11694.0 350
11695.2 350
11696.41 350
11697.62 350
11698.84 350
11700.04 350
11701.25 350
11702.46 350
11703.67 350
11704.89 350
11706.09 350
11707.29 350
11708.5 350
11709.71 350
11710.92 350
11712.13 350
11713.35 350
11714.56 350
11715.77 350
11716.98 350
11718.19 350
11719.4 350
11720.6 350
11721.8 350
11723.0 350
11724.2 350
11725.4 350
11726.6 350
11727.82 350
11729.04 350
11730.24 350
11731.46 350
11732.66 350
11733.88 350
11735.08 350
11736.29 350
11737.5 350
11738.7 350
11739.91 350
11741.12 350
11742.33 350
11743.55 350
11744.76 350
11745.96 350
11747.17 350
11748.38 350
11749.59 350
11750.8 350
11752.0 350
11753.2 350
11754.4 350
11755.61 350
11756.84 350
11758.05 350
11759.25 350
11760.46 350
11761.67 350
11762.89 350
11764.1 350
11765.31 350
11766.52 350
11767.72 350
11768.93 350
11770.14 350
11771.35 350
11772.56 350
11773.77 350
11774.98 350
11776.19 350
11777.4 350
11778.61 350
11779.83 350
11781.04 350
11782.24 350
11783.45 350
11784.66 350
11785.88 350
11787.08 350
11788.29 350
11789.5 350
11790.71 350
11791.92 350
11793.13 350
11794.34 350
11795.55 350
11796.76 350
11797.96 350
11799.17 350
11800.38 350
11801.59 350
11802.8 350
11804.0 350
11805.2 350
11806.41 350
11807.63 350
11808.84 350
11810.05 350
11811.26 350
11812.47 350
11813.68 350
11814.89 350
11816.1 350
11817.31 350
11818.52 350
11819.72 350
11820.93 350
11822.14 350
11823.35 350
11824.56 350
11825.77 350
11826.98 350
11828.19 350
11829.4 350
11830.61 350
11831.84 350
11833.04 350
11834.24 350
11835.46 350
11836.67 350
11837.88 350
11839.09 350
11840.3 350
11841.5 350
11842.71 350
11843.92 350
11845.12 350
11846.33 350
11847.54 350
11848.75 350
11849.96 350
11851.16 350
11852.37 350
11853.58 350
11854.79 350
11856.0 350
11857.2 350
11858.4 350
11859.6 350
11860.8 350
11862.02 350
11863.23 350
11864.44 350
11865.65 350
11866.88 350
11868.08 350
11869.28 350
11870.49 350
11871.7 350
11872.91 350
11874.12 350
11875.33 350
11876.54 350
11877.75 350
11878.96 350
11880.17 350
11881.38 350
11882.59 350
11883.8 350
11885.0 350
11886.2 350
11887.4 350
11888.61 350
11889.84 350
11891.04 350
11892.25 350
11893.46 350
11894.67 350
11895.89 350
11897.1 350
11898.31 350
11899.52 350
11900.73 350
11901.94 350
11903.16 350
11904.36 350
11905.57 350
11906.78 350
11907.99 350
11909.2 350
11910.4 350
11911.6 350
11912.82 350
11914.03 350
11915.24 350
11916.45 350
11917.66 350
11918.88 350
11920.08 350
11921.28 350
11922.49 350
11923.7 350
11924.89 350
11926.09 350
11927.29 350
11928.5 350
11929.71 350
11930.92 350
11932.13 350
11933.34 350
11934.56 350
11935.76 350
11936.97 350
11938.18 350
11939.39 350
11940.6 350
11941.8 350
11943.0 350
11944.2 350
11945.41 350
11946.62 350
11947.84 350
11949.05 350
11950.25 350
11951.46 350
11952.67 350
11953.88 350
11955.09 350
11956.29 350
11957.5 350
11958.71 350
11959.92 350
11961.13 350
11962.34 350
11963.55 350
11964.76 350
11965.96 350
11967.17 350
11968.38 350
11969.59 350
11970.8 350
11972.0 350
11973.2 350
11974.41 350
11975.63 350
11976.85 350
11978.06 350
11979.27 350
11980.48 350
11981.69 350
11982.9 350
11984.11 350
11985.32 350
11986.52 350
11987.73 350
11988.95 350
11990.16 350
11991.38 350
11992.6 350
11993.8 350
11995.0 350
11996.2 350
11997.4 350
11998.61 350
11999.84 350
12001.04 350
12002.24 350
12003.46 350
12004.68 350
12005.88 350
12007.09 350
12008.3 350
12009.51 350
12010.72 350
12011.93 350
12013.14 350
12014.36 350
12015.56 350
12016.78 350
12017.99 350
12019.2 350
12020.4 350
12021.61 350
12022.83 350
12024.04 350
12025.24 350
12026.45 350
12027.66 350
12028.88 350
12030.1 350
12031.31 350
12032.52 350
12033.72 350
12034.93 350
12036.14 350
12037.36 350
12038.56 350
12039.77 350
12040.98 350
12042.19 350
12043.4 350
12044.61 350
12045.84 350
12047.04 350
12048.24 350
12049.45 350
12050.66 350
12051.88 350
12053.08 350
12054.28 350
12055.48 350
12056.69 350
12057.9 350
12059.1 350
12060.31 350
12061.52 350
12062.73 350
12063.94 350
12065.15 350
12066.36 350
12067.56 350
12068.77 350
12069.98 350
12071.19 350
12072.4 350
12073.6 350
12074.81 350
12076.02 350
12077.24 350
12078.45 350
12079.65 350
12080.87 350
12082.08 350
12083.28 350
12084.49 350
12085.7 350
12086.9 350
12088.1 350
12089.31 350
12090.52 350
12091.73 350
12092.95 350
12094.16 350
12095.37 350
12096.58 350
12097.79 350
12099.0 350
12100.2 350
12101.4 350
12102.61 350
12103.84 350
12105.04 350
12106.25 350
12107.46 350
12108.68 350
12109.88 350
12111.09 350
12112.29 350
12113.5 350
12114.71 350
12115.92 350
12117.13 350
12118.34 350
12119.55 350
12120.76 350
12121.97 350
12123.18 350
12124.39 350
12125.6 350
12126.81 350
12128.03 350
12129.24 350
12130.45 350
12131.66 350
12132.88 350
12134.08 350
12135.29 350
12136.5 350
12137.7 350
12138.9 350
12140.11 350
12141.32 350
12142.54 350
12143.76 350
12144.96 350
12146.17 350
12147.38 350
12148.59 350
12149.8 350
12151.0 350
12152.2 350
12153.41 350
12154.62 350
12155.84 350
12157.05 350
12158.25 350
12159.46 350
12160.68 350
12161.89 350
12163.1 350
12164.31 350
12165.52 350
12166.72 350
12167.93 350
12169.14 350
12170.35 350
12171.56 350
12172.76 350
12173.97 350
12175.18 350
12176.39 350
12177.6 350
12178.82 350
12180.03 350
12181.23 350
12182.44 350
12183.65 350
12184.87 350
12186.08 350
12187.28 350
12188.49 350
12189.7 350
12190.91 350
12192.12 350
12193.32 350
12194.53 350
12195.75 350
12196.96 350
12198.16 350
12199.37 350
12200.58 350
12201.79 350
12202.99 350
12204.2 350
12205.4 350
12206.6 350
12207.82 350
12209.03 350
12210.24 350
12211.45 350
12212.66 350
12213.87 350
12215.08 350
12216.28 350
12217.5 350
12218.7 350
12219.9 350
12221.1 350
12222.31 350
12223.52 350
12224.72 350
12225.93 350
12227.14 350
12228.35 350
12229.56 350
12230.77 350
12231.98 350
12233.19 350
12234.4 350
12235.6 350
12236.81 350
12238.02 350
12239.23 350
12240.44 350
12241.64 350
12242.86 350
12244.07 350
12245.28 350
12246.49 350
12247.69 350
12248.9 350
12250.11 350
12251.32 350
12252.54 350
12253.75 350
12254.96 350
12256.16 350
12257.37 350
12258.58 350
12259.79 350
12261.0 350
12262.2 350
12263.4 350
12264.61 350
12265.84 350
12267.04 350
12268.24 350
12269.45 350
12270.67 350
12271.88 350
12273.09 350
12274.3 350
12275.51 350
12276.72 350
12277.93 350
12279.14 350
12280.36 350
12281.56 350
12282.77 350
12283.98 350
12285.19 350
12286.4 350
12287.6 350
12288.82 350
12290.03 350
12291.24 350
12292.45 350
12293.67 350
12294.88 350
12296.08 350
12297.28 350
12298.49 350
12299.7 350
12300.9 350
12302.1 350
12303.31 350
12304.52 350
12305.73 350
12306.94 350
12308.15 350
12309.36 350
12310.57 350
12311.78 350
12313.0 350
12314.2 350
12315.4 350
12316.61 350
12317.84 350
12319.04 350
12320.24 350
12321.45 350
12322.67 350
12323.88 350
12325.08 350
12326.28 350
12327.48 350
12328.68 350
12329.89 350
12331.1 350
12332.31 350
12333.52 350
12334.73 350
12335.94 350
12337.15 350
12338.36 350
12339.57 350
12340.78 350
12341.99 350
12343.2 350
12344.4 350
12345.6 350
12346.81 350
12348.02 350
12349.23 350
12350.44 350
12351.65 350
12352.87 350
12354.08 350
12355.28 350
12356.48 350
12357.69 350
12358.9 350
12360.1 350
12361.31 350
12362.52 350
12363.73 350
12364.95 350
12366.16 350
12367.37 350
12368.59 350
12369.8 350
12371.0 350
12372.2 350
12373.4 350
12374.6 350
12375.82 350
12377.03 350
12378.24 350
12379.44 350
12380.65 350
12381.87 350
12383.08 350
12384.28 350
12385.48 350
12386.68 350
12387.89 350
12389.1 350
12390.31 350
12391.52 350
12392.72 350
12393.93 350
12395.14 350
12396.35 350
12397.56 350
12398.77 350
12399.98 350
12401.19 350
12402.4 350
12403.6 350
12404.82 350
12406.03 350
12407.23 350
12408.44 350
12409.64 350
12410.86 350
12412.08 350
12413.28 350
12414.48 350
12415.69 350
12416.9 350
12418.1 350
12419.3 350
12420.51 350
12421.72 350
12422.92 350
12424.13 350
12425.35 350
12426.56 350
12427.77 350
12428.98 350
12430.19 350
12431.4 350
12432.6 350
12433.82 350
12435.02 350
12436.23 350
12437.44 350
12438.65 350
12439.87 350
12441.08 350
12442.28 350
12443.48 350
12444.69 350
12445.9 350
12447.11 350
12448.32 350
12449.52 350
12450.73 350
12451.94 350
12453.15 350
12454.36 350
12455.56 350
12456.77 350
12457.98 350
12459.2 350
12460.4 350
12461.6 350
12462.82 350
12464.03 350
12465.24 350
12466.45 350
12467.67 350
12468.88 350
12470.08 350
12471.29 350
12472.5 350
12473.7 350
12474.91 350
12476.12 350
12477.33 350
12478.55 350
12479.76 350
12480.97 350
12482.17 350
12483.38 350
12484.59 350
12485.81 350
12487.02 350
12488.22 350
12489.43 350
12490.64 350
12491.86 350
12493.07 350
12494.28 350
12495.48 350
12496.69 350
12497.9 350
12499.11 350
12500.32 350
12501.52 350
12502.73 350
12503.95 350
12505.16 350
12506.36 350
12507.57 350
12508.78 350
12509.98 350
12511.18 350
12512.4 350
12513.6 350
12514.82 350
12516.03 350
12517.24 350
12518.44 350
12519.66 350
12520.87 350
12522.08 350
12523.28 350
12524.48 350
12525.7 350
12526.91 350
12528.12 350
12529.33 350
12530.54 350
12531.75 350
12532.96 350
12534.16 350
12535.37 350
12536.58 350
12537.8 350
12539.01 350
12540.22 350
12541.44 350
12542.66 350
12543.88 350
12545.08 350
12546.28 350
12547.49 350
12548.7 350
12549.91 350
12551.12 350
12552.33 350
12553.55 350
12554.75 350
12555.96 350
12557.16 350
12558.38 350
12559.59 350
12560.81 350
12562.02 350
12563.23 350
12564.44 350
12565.66 350
12566.87 350
12568.08 350
12569.28 350
12570.48 350
12571.69 350
12572.89 350
12574.1 350
12575.31 350
12576.52 350
12577.73 350
12578.95 350
12580.16 350
12581.37 350
12582.58 350
12583.8 350
12585.0 350
12586.2 350
12587.41 350
12588.62 350
12589.84 350
12591.04 350
12592.25 350
12593.46 350
12594.68 350
12595.88 350
12597.09 350
12598.29 350
12599.5 350
12600.71 350
12601.92 350
12603.12 350
12604.33 350
12605.54 350
12606.76 350
12607.96 350
12609.16 350
12610.38 350
12611.59 350
12612.81 350
12614.02 350
12615.23 350
12616.44 350
12617.66 350
12618.88 350
12620.08 350
12621.28 350
12622.49 350
12623.7 350
12624.91 350
12626.12 350
12627.32 350
12628.54 350
12629.75 350
12630.96 350
12632.16 350
12633.38 350
12634.59 350
12635.8 350
12637.01 350
12638.22 350
12639.43 350
12640.64 350
12641.85 350
12643.06 350
12644.26 350
12645.47 350
12646.68 350
12647.88 350
12649.09 350
12650.29 350
12651.5 350
12652.71 350
12653.92 350
12655.13 350
12656.34 350
12657.55 350
12658.76 350
12659.96 350
12661.17 350
12662.38 350
12663.59 350
12664.81 350
12666.03 350
12667.24 350
12668.44 350
12669.66 350
12670.87 350
12672.08 350
12673.28 350
12674.49 350
12675.7 350
12676.91 350
12678.12 350
12679.33 350
12680.54 350
12681.75 350
12682.96 350
12684.16 350
12685.37 350
12686.58 350
12687.8 350
12689.0 350
12690.2 350
12691.41 350
12692.62 350
12693.84 350
12695.04 350
12696.24 350
12697.45 350
12698.67 350
12699.88 350
12701.08 350
12702.28 350
12703.49 350
12704.71 350
12705.92 350
12707.12 350
12708.33 350
12709.54 350
12710.75 350
12711.96 350
12713.17 350
12714.38 350
12715.59 350
12716.8 350
12718.0 350
12719.2 350
12720.4 350
12721.6 350
12722.8 350
12724.0 350
12725.2 350
12726.41 350
12727.62 350
12728.84 350
12730.04 350
12731.25 350
12732.46 350
12733.68 350
12734.88 350
12736.09 350
12737.29 350
12738.5 350
12739.71 350
12740.92 350
12742.13 350
12743.34 350
12744.55 350
12745.76 350
12746.96 350
12748.17 350
12749.38 350
12750.59 350
12751.8 350
12753.01 350
12754.22 350
12755.43 350
12756.64 350
12757.85 350
12759.06 350
12760.27 350
12761.48 350
12762.68 350
12763.89 350
12765.1 350
12766.31 350
12767.52 350
12768.73 350
12769.94 350
12771.15 350
12772.36 350
12773.58 350
12774.8 350
12776.0 350
12777.2 350
12778.41 350
12779.62 350
12780.84 350
12782.04 350
12783.24 350
12784.45 350
12785.67 350
12786.88 350
12788.09 350
12789.3 350
12790.51 350
12791.72 350
12792.94 350
12794.15 350
12795.36 350
12796.56 350
12797.78 350
12798.99 350
12800.19 350
12801.39 350
12802.6 350
12803.81 350
12805.02 350
12806.22 350
12807.42 350
12808.63 350
12809.84 350
12811.05 350
12812.25 350
12813.47 350
12814.68 350
12815.88 350
12817.09 350
12818.29 350
12819.5 350
12820.7 350
12821.9 350
12823.1 350
12824.3 350
12825.5 350
12826.71 350
12827.92 350
12829.12 350
12830.33 350
12831.54 350
12832.75 350
12833.96 350
12835.17 350
12836.38 350
12837.59 350
12838.8 350
12840.0 350
12841.2 350
12842.41 350
12843.62 350
12844.84 350
12846.04 350
12847.25 350
12848.46 350
12849.67 350
12850.88 350
12852.08 350
12853.28 350
12854.48 350
12855.69 350
12856.9 350
12858.1 350
12859.31 350
12860.52 350
12861.72 350
12862.92 350
12864.13 350
12865.34 350
12866.55 350
12867.76 350
12868.97 350
12870.18 350
12871.39 350
12872.6 350
12873.8 350
12875.0 350
12876.2 350
12877.4 350
12878.6 350
12879.8 350
12881.0 350
12882.2 350
12883.4 350
12884.6 350
12885.82 350
12887.03 350
12888.24 350
12889.44 350
12890.66 350
12891.87 350
12893.08 350
12894.28 350
12895.48 350
12896.69 350
12897.9 350
12899.1 350
12900.3 350
12901.5 350
12902.7 350
12903.9 350
12905.1 350
12906.31 350
12907.52 350
12908.73 350
12909.95 350
12911.16 350
12912.36 350
12913.57 350
12914.79 350
12916.0 350
12917.2 350
12918.4 350
12919.61 350
12920.84 350
12922.05 350
12923.25 350
12924.46 350
12925.67 350
12926.88 350
12928.08 350
12929.28 350
12930.48 350
12931.69 350
12932.9 350
12934.1 350
12935.32 350
12936.52 350
12937.72 350
12938.92 350
12940.13 350
12941.34 350
12942.55 350
12943.76 350
12944.96 350
12946.17 350
12947.38 350
12948.59 350
12949.8 350
12951.0 350
12952.2 350
12953.4 350
12954.6 350
12955.83 350
12957.04 350
12958.24 350
12959.45 350
12960.66 350
12961.88 350
12963.08 350
12964.28 350
12965.49 350
12966.7 350
12967.91 350
12969.12 350
12970.33 350
12971.54 350
12972.75 350
12973.96 350
12975.16 350
12976.37 350
12977.57 350
12978.78 350
12979.99 350
12981.2 350
12982.41 350
12983.62 350
12984.84 350
12986.04 350
12987.24 350
12988.45 350
12989.66 350
12990.88 350
12992.08 350
12993.28 350
12994.49 350
12995.71 350
12996.92 350
12998.12 350
12999.33 350
13000.54 350
13001.75 350
13002.96 350
13004.16 350
13005.37 350
13006.58 350
13007.8 350
13009.01 350
13010.21 350
13011.42 350
13012.63 350
13013.84 350
13015.05 350
13016.25 350
13017.46 350
13018.67 350
13019.88 350
13021.08 350
13022.29 350
13023.49 350
13024.69 350
13025.9 350
13027.1 350
13028.31 350
13029.52 350
13030.73 350
13031.94 350
13033.15 350
13034.36 350
13035.57 350
13036.79 350
13038.0 350
13039.2 350
13040.4 350
13041.6 350
13042.82 350
13044.03 350
13045.24 350
13046.44 350
13047.66 350
13048.87 350
13050.08 350
13051.28 350
13052.49 350
13053.7 350
13054.9 350
13056.11 350
13057.32 350
13058.52 350
13059.73 350
13060.94 350
13062.15 350
13063.36 350
13064.57 350
13065.79 350
13067.0 350
13068.2 350
13069.4 350
13070.6 350
13071.81 350
13073.02 350
13074.23 350
13075.44 350
13076.65 350
13077.85 350
13079.06 350
13080.27 350
13081.48 350
13082.68 350
13083.89 350
13085.1 350
13086.31 350
13087.52 350
13088.72 350
13089.94 350
13091.15 350
13092.36 350
13093.57 350
13094.79 350
13096.0 350
13097.2 350
13098.4 350
13099.61 350
13100.84 350
13102.04 350
13103.25 350
13104.46 350
13105.67 350
13106.88 350
13108.08 350
13109.28 350
13110.49 350
13111.7 350
13112.9 350
13114.11 350
13115.32 350
13116.54 350
13117.75 350
13118.96 350
13120.16 350
13121.37 350
13122.58 350
13123.8 350
13125.0 350
13126.2 350
13127.4 350
13128.61 350
13129.84 350
13131.04 350
13132.24 350
13133.44 350
13134.65 350
13135.86 350
13137.07 350
13138.27 350
13139.48 350
13140.69 350
13141.9 350
13143.1 350
13144.31 350
13145.52 350
13146.72 350
13147.93 350
13149.14 350
13150.36 350
13151.56 350
13152.78 350
13153.99 350
13155.2 350
13156.4 350
13157.6 350
13158.82 350
13160.03 350
13161.23 350
13162.44 350
13163.66 350
13164.87 350
13166.08 350
13167.28 350
13168.49 350
13169.7 350
13170.9 350
13172.1 350
13173.31 350
13174.52 350
13175.73 350
13176.94 350
13178.15 350
13179.36 350
13180.57 350
13181.79 350
13183.0 350
13184.2 350
13185.4 350
13186.6 350
13187.82 350
13189.03 350
13190.23 350
13191.44 350
13192.65 350
13193.86 350
13195.07 350
13196.28 350
13197.49 350
13198.7 350
13199.9 350
13201.1 350
13202.3 350
13203.5 350
13204.7 350
13205.91 350
13207.12 350
13208.33 350
13209.54 350
13210.76 350
13211.97 350
13213.18 350
13214.39 350
13215.6 350
13216.81 350
13218.02 350
13219.23 350
13220.44 350
13221.66 350
13222.87 350
13224.08 350
13225.28 350
13226.49 350
13227.7 350
13228.9 350
13230.1 350
13231.31 350
13232.52 350
13233.73 350
13234.94 350
13236.15 350
13237.36 350
13238.56 350
13239.78 350
13240.99 350
13242.2 350
13243.4 350
13244.6 350
13245.82 350
13247.03 350
13248.23 350
13249.44 350
13250.65 350
13251.86 350
13253.07 350
13254.28 350
13255.48 350
13256.7 350
13257.9 350
13259.1 350
13260.31 350
13261.52 350
13262.73 350
13263.94 350
13265.14 350
13266.35 350
13267.56 350
13268.78 350
13269.99 350
13271.2 350
13272.41 350
13273.64 350
13274.84 350
13276.04 350
13277.24 350
13278.45 350
13279.66 350
13280.87 350
13282.08 350
13283.28 350
13284.49 350
13285.7 350
13286.91 350
13288.12 350
13289.32 350
13290.53 350
13291.74 350
13292.95 350
13294.16 350
13295.37 350
13296.58 350
13297.8 350
13299.0 350
13300.2 350
13301.4 350
13302.61 350
13303.84 350
13305.04 350
13306.24 350
13307.45 350
13308.66 350
13309.86 350
13311.07 350
13312.27 350
13313.48 350
13314.69 350
13315.9 350
13317.11 350
13318.32 350
13319.53 350
13320.74 350
13321.95 350
13323.16 350
13324.36 350
13325.57 350
13326.79 350
13328.0 350
13329.2 350
